4193189, 4193189, 80464, 3583, 16
12754922, 16948111, 53818, 12866, 20
19674485, 36622596, 17557, 5290, 11
18625530, 55248126, 23950, 5481, 11
19606400, 74854526, 17906, 5285, 11
19559722, 94414248, 18819, 5309, 11
19491203, 113905451, 18016, 5214, 11
18256380, 132161831, 24277, 6914, 2
19487969, 151649800, 18627, 5283, 11
19458916, 171108716, 18585, 5230, 11
19386062, 190494778, 20698, 5498, 11
19575540, 210070318, 19354, 5308, 11
19515543, 229585861, 19293, 5359, 11
19476058, 249061919, 19772, 5284, 11
18811133, 267873052, 24126, 5053, 11
18812446, 286685498, 19683, 5056, 11
19318073, 306003571, 19567, 5109, 11
19331526, 325335097, 19506, 5302, 11
19715097, 345050194, 19277, 5336, 11
19462804, 364512998, 19697, 5273, 11
19721317, 384234315, 18557, 5300, 11
19550519, 403784834, 19015, 5262, 11
19663851, 423448685, 19013, 5170, 11
19577368, 443026053, 19894, 5291, 11
19564240, 462590293, 19090, 5178, 11
19625604, 482215897, 19037, 5283, 11
11394403, 493610300, 29330, 674, 19
2687705, 496298005, 6856, 481, 5
5658, 496303663, 18, 0, 1
6139, 496309802, 25, 0, 1
5633, 496315435, 18, 0, 1
13181, 496328616, 140, 31, 1
5658, 496334274, 15, 0, 1
6127, 496340401, 31, 0, 1
5645, 496346046, 23, 0, 1
11818, 496357864, 31, 0, 1
5655, 496363519, 19, 0, 1
6138, 496369657, 17, 0, 1
5650, 496375307, 19, 0, 1
11799, 496387106, 35, 0, 1
5658, 496392764, 12, 0, 1
6151, 496398915, 23, 0, 1
5658, 496404573, 13, 0, 1
11818, 496416391, 24, 0, 1
5657, 496422048, 23, 4, 1
6138, 496428186, 17, 0, 1
5652, 496433838, 18, 0, 1
11824, 496445662, 25, 0, 1
5652, 496451314, 18, 0, 1
6138, 496457452, 16, 0, 1
11316, 496468768, 20, 0, 1
6142, 496474910, 19, 0, 1
5657, 496480567, 19, 0, 1
6138, 496486705, 17, 0, 1
11287, 496497992, 36, 1, 1
6167, 496504159, 23, 0, 1
5658, 496509817, 17, 0, 1
6125, 496515942, 21, 0, 1
11304, 496527246, 41, 1, 1
6154, 496533400, 22, 0, 1
5657, 496539057, 22, 0, 1
6151, 496545208, 18, 0, 1
11310, 496556518, 22, 0, 1
6160, 496562678, 18, 0, 1
5658, 496568336, 16, 0, 1
6132, 496574468, 23, 0, 1
11303, 496585771, 31, 0, 1
6173, 496591944, 19, 0, 1
5658, 496597602, 14, 0, 1
6143, 496603745, 24, 0, 1
11314, 496615059, 25, 0, 1
6136, 496621195, 24, 0, 1
5662, 496626857, 24, 0, 1
6150, 496633007, 26, 0, 1
11759, 496644766, 38, 0, 1
6137, 496650903, 25, 0, 1
5658, 496656561, 11, 0, 1
6119, 496662680, 24, 0, 1
11743, 496674423, 32, 0, 1
6132, 496680555, 24, 0, 1
5658, 496686213, 15, 0, 1
6133, 496692346, 20, 0, 1
12682, 496705028, 52, 1, 1
6157, 496711185, 24, 0, 1
5665, 496716850, 27, 0, 1
6138, 496722988, 17, 0, 1
11316, 496734304, 30, 0, 1
15240, 496749544, 323, 32, 1
5652, 496755196, 37, 0, 1
6119, 496761315, 26, 0, 1
11308, 496772623, 33, 0, 1
6153, 496778776, 21, 0, 1
5658, 496784434, 13, 1, 1
6139, 496790573, 23, 0, 1
11316, 496801889, 30, 1, 1
6158, 496808047, 28, 0, 1
5652, 496813699, 15, 0, 1
6138, 496819837, 17, 0, 1
11309, 496831146, 26, 0, 1
6173, 496837319, 22, 0, 1
5651, 496842970, 16, 0, 1
6658, 496849628, 68, 0, 1
12975, 496862603, 43, 0, 1
6612, 496869215, 23, 0, 1
6577, 496875792, 29, 0, 1
6148, 496881940, 29, 0, 1
11773, 496893713, 29, 0, 1
6138, 496899851, 16, 0, 1
6116, 496905967, 17, 0, 1
6116, 496912083, 16, 0, 1
12218, 496924301, 44, 0, 1
7004, 496931305, 83, 29, 1
6115, 496937420, 29, 0, 1
6098, 496943518, 20, 0, 1
12218, 496955736, 42, 0, 1
6116, 496961852, 19, 0, 1
6116, 496967968, 23, 0, 1
6110, 496974078, 25, 0, 1
12245, 496986323, 29, 0, 1
6116, 496992439, 18, 0, 1
6116, 496998555, 18, 0, 1
6116, 497004671, 16, 0, 1
11792, 497016463, 39, 0, 1
6110, 497022573, 20, 0, 1
6129, 497028702, 16, 0, 1
6116, 497034818, 16, 0, 1
11774, 497046592, 21, 0, 1
6138, 497052730, 16, 0, 1
6116, 497058846, 17, 0, 1
6116, 497064962, 14, 0, 1
11294, 497076256, 31, 0, 1
6173, 497082429, 17, 0, 1
5658, 497088087, 10, 0, 1
6145, 497094232, 15, 0, 1
12683, 497106915, 58, 3, 1
6152, 497113067, 22, 0, 1
5652, 497118719, 16, 0, 1
6145, 497124864, 16, 0, 1
11309, 497136173, 28, 0, 1
6146, 497142319, 22, 0, 1
5657, 497147976, 12, 0, 1
6138, 497154114, 17, 0, 1
11286, 497165400, 44, 0, 1
6166, 497171566, 22, 0, 1
5658, 497177224, 22, 0, 1
6138, 497183362, 19, 0, 1
11303, 497194665, 28, 0, 1
6154, 497200819, 18, 0, 1
5657, 497206476, 16, 0, 1
6138, 497212614, 16, 0, 1
11316, 497223930, 17, 0, 1
6173, 497230103, 21, 0, 1
5658, 497235761, 10, 0, 1
6119, 497241880, 21, 0, 1
11302, 497253182, 20, 0, 1
6160, 497259342, 16, 0, 1
5658, 497265000, 10, 0, 1
6177, 497271177, 13, 0, 1
11288, 497282465, 28, 0, 1
6148, 497288613, 20, 0, 1
5657, 497294270, 19, 0, 1
6138, 497300408, 16, 0, 1
11298, 497311706, 19, 0, 1
6172, 497317878, 19, 0, 1
5658, 497323536, 10, 0, 1
6138, 497329674, 21, 0, 1
11303, 497340977, 22, 0, 1
6154, 497347131, 16, 0, 1
5658, 497352789, 11, 0, 1
6151, 497358940, 14, 0, 1
11316, 497370256, 29, 0, 1
6160, 497376416, 24, 0, 1
5658, 497382074, 12, 0, 1
6138, 497388212, 15, 0, 1
11316, 497399528, 15, 0, 1
6155, 497405683, 22, 0, 1
5658, 497411341, 12, 0, 1
6138, 497417479, 19, 0, 1
11316, 497428795, 17, 0, 1
6160, 497434955, 19, 0, 1
5646, 497440601, 16, 0, 1
6132, 497446733, 16, 0, 1
11315, 497458048, 37, 0, 1
6153, 497464201, 25, 0, 1
5658, 497469859, 11, 0, 1
7514, 497477373, 31, 0, 1
11306, 497488679, 43, 0, 1
6159, 497494838, 19, 0, 1
5650, 497500488, 15, 1, 1
14363, 497514851, 280, 74, 1
11316, 497526167, 35, 0, 1
6153, 497532320, 26, 0, 1
5652, 497537972, 14, 0, 1
6132, 497544104, 17, 0, 1
11304, 497555408, 18, 0, 1
6176, 497561584, 32, 0, 1
5646, 497567230, 12, 0, 1
6138, 497573368, 16, 0, 1
11301, 497584669, 28, 0, 1
6159, 497590828, 18, 0, 1
5658, 497596486, 12, 0, 1
6131, 497602617, 26, 0, 1
11309, 497613926, 23, 0, 1
6160, 497620086, 15, 0, 1
5658, 497625744, 16, 0, 1
6138, 497631882, 16, 0, 1
11316, 497643198, 15, 0, 1
6186, 497649384, 18, 0, 1
5651, 497655035, 13, 0, 1
6132, 497661167, 18, 0, 1
11301, 497672468, 26, 0, 1
6154, 497678622, 16, 0, 1
5644, 497684266, 13, 0, 1
6138, 497690404, 17, 0, 1
11285, 497701689, 22, 0, 1
6160, 497707849, 22, 0, 1
5651, 497713500, 12, 0, 1
6128, 497719628, 25, 0, 1
11309, 497730937, 29, 0, 1
6148, 497737085, 21, 0, 1
5652, 497742737, 12, 0, 1
6151, 497748888, 14, 0, 1
11296, 497760184, 29, 0, 1
6156, 497766340, 24, 0, 1
5658, 497771998, 9, 0, 1
6138, 497778136, 22, 0, 1
11304, 497789440, 39, 0, 1
6179, 497795619, 21, 0, 1
5658, 497801277, 10, 0, 1
6138, 497807415, 14, 0, 1
11767, 497819182, 33, 0, 1
6124, 497825306, 26, 0, 1
5658, 497830964, 12, 0, 1
6158, 497837122, 17, 0, 1
11316, 497848438, 13, 0, 1
6154, 497854592, 18, 0, 1
7034, 497861626, 32, 0, 1
6138, 497867764, 17, 0, 1
11309, 497879073, 28, 0, 1
6130, 497885203, 22, 0, 1
5652, 497890855, 12, 0, 1
6132, 497896987, 21, 0, 1
11303, 497908290, 24, 0, 1
6159, 497914449, 20, 0, 1
5658, 497920107, 13, 0, 1
6138, 497926245, 17, 0, 1
11309, 497937554, 22, 0, 1
6165, 497943719, 21, 0, 1
5657, 497949376, 16, 0, 1
6138, 497955514, 14, 0, 1
11304, 497966818, 30, 0, 1
6154, 497972972, 25, 0, 1
5646, 497978618, 19, 0, 1
6151, 497984769, 15, 0, 1
11309, 497996078, 34, 0, 1
6155, 498002233, 27, 0, 1
5658, 498007891, 13, 0, 1
6138, 498014029, 18, 0, 1
11316, 498025345, 20, 0, 1
6173, 498031518, 27, 0, 1
5658, 498037176, 11, 0, 1
6132, 498043308, 21, 0, 1
11309, 498054617, 21, 0, 1
6159, 498060776, 23, 0, 1
5657, 498066433, 20, 0, 1
6151, 498072584, 14, 0, 1
11292, 498083876, 20, 0, 1
6154, 498090030, 15, 0, 1
5658, 498095688, 14, 0, 1
6126, 498101814, 21, 0, 1
11299, 498113113, 32, 0, 1
6172, 498119285, 19, 0, 1
5658, 498124943, 20, 0, 1
6138, 498131081, 15, 0, 1
11303, 498142384, 28, 0, 1
6135, 498148519, 22, 0, 1
5651, 498154170, 14, 0, 1
6138, 498160308, 16, 0, 1
11316, 498171624, 23, 0, 1
6173, 498177797, 15, 0, 1
5658, 498183455, 11, 0, 1
6138, 498189593, 15, 0, 1
11309, 498200902, 25, 0, 1
6140, 498207042, 22, 0, 1
5652, 498212694, 12, 0, 1
6145, 498218839, 19, 0, 1
11304, 498230143, 38, 0, 1
7533, 498237676, 40, 0, 1
5651, 498243327, 13, 0, 1
6132, 498249459, 16, 0, 1
11316, 498260775, 17, 0, 1
6161, 498266936, 19, 0, 1
5658, 498272594, 10, 0, 1
6137, 498278731, 15, 0, 1
11298, 498290029, 20, 0, 1
6154, 498296183, 17, 0, 1
5657, 498301840, 19, 0, 1
6151, 498307991, 14, 0, 1
11297, 498319288, 21, 0, 1
6160, 498325448, 18, 0, 1
5658, 498331106, 14, 0, 1
6138, 498337244, 15, 0, 1
11315, 498348559, 27, 0, 1
6167, 498354726, 15, 0, 1
5646, 498360372, 15, 0, 1
6138, 498366510, 15, 0, 1
11316, 498377826, 10, 0, 1
6165, 498383991, 21, 0, 1
5658, 498389649, 13, 0, 1
6138, 498395787, 17, 0, 1
11316, 498407103, 14, 0, 1
6180, 498413283, 21, 0, 1
5652, 498418935, 12, 0, 1
6138, 498425073, 19, 0, 1
11316, 498436389, 24, 0, 1
6135, 498442524, 20, 0, 1
5658, 498448182, 16, 0, 1
11803, 498459985, 32, 0, 1
5658, 498465643, 12, 0, 1
6147, 498471790, 21, 0, 1
5657, 498477447, 13, 0, 1
11768, 498489215, 36, 0, 1
5658, 498494873, 16, 0, 1
6173, 498501046, 14, 0, 1
5652, 498506698, 12, 0, 1
11796, 498518494, 32, 0, 1
5652, 498524146, 14, 0, 1
6160, 498530306, 20, 0, 1
5658, 498535964, 7, 0, 1
11791, 498547755, 26, 0, 1
5658, 498553413, 9, 0, 1
6160, 498559573, 18, 0, 1
5658, 498565231, 7, 0, 1
11793, 498577024, 36, 0, 1
5657, 498582681, 21, 0, 1
6167, 498588848, 15, 0, 1
5658, 498594506, 10, 0, 1
11789, 498606295, 26, 0, 1
7035, 498613330, 28, 0, 1
6160, 498619490, 18, 0, 1
5658, 498625148, 9, 0, 1
905495, 499530643, 15638, 3632, 9
6720, 499537363, 302, 8, 1
6694, 499544057, 59, 0, 1
10339, 499554396, 334, 47, 1
15008, 499569404, 89, 6, 1
6686, 499576090, 27, 0, 1
8164, 499584254, 147, 12, 1
6393, 499590647, 17, 0, 1
13983, 499604630, 70, 6, 1
3547890, 3547890, 70969, 2941, 14
10749304, 14297194, 60143, 12617, 20
19212111, 33509305, 18887, 5158, 11
18901725, 52411030, 23946, 5595, 11
19517841, 71928871, 17782, 5284, 11
19562016, 91490887, 17899, 5290, 11
19428881, 110919768, 17476, 5191, 11
18348400, 129268168, 24385, 7010, 2
19080765, 148348933, 18211, 5200, 11
19722246, 168071179, 18762, 5288, 11
19499674, 187570853, 20644, 5460, 11
19399835, 206970688, 19263, 5325, 11
19517683, 226488371, 18793, 5308, 11
19492895, 245981266, 18375, 5298, 11
18183894, 264165160, 24994, 4933, 11
19240852, 283406012, 19597, 5228, 11
19113081, 302519093, 18838, 5061, 11
19552145, 322071238, 18671, 5297, 11
19603862, 341675100, 18629, 5383, 11
19568696, 361243796, 19065, 5287, 11
19557372, 380801168, 18667, 5247, 11
19575506, 400376674, 18549, 5270, 11
19615326, 419992000, 18438, 5266, 11
19552467, 439544467, 18966, 5233, 11
19595826, 459140293, 18626, 5209, 11
19568339, 478708632, 18914, 5283, 11
13392706, 492101338, 29166, 1670, 19
4267059, 496368397, 9730, 538, 6
5658, 496374055, 38, 5, 1
5658, 496379713, 18, 0, 1
6152, 496385865, 25, 0, 1
11802, 496397667, 34, 0, 1
5640, 496403307, 16, 0, 1
5658, 496408965, 8, 0, 1
6160, 496415125, 17, 0, 1
11788, 496426913, 35, 0, 1
5658, 496432571, 9, 0, 1
5650, 496438221, 23, 0, 1
6163, 496444384, 28, 0, 1
11796, 496456180, 22, 0, 1
5666, 496461846, 27, 0, 1
5644, 496467490, 20, 0, 1
6129, 496473619, 24, 0, 1
11798, 496485417, 34, 0, 1
5658, 496491075, 9, 0, 1
5661, 496496736, 25, 0, 1
6136, 496502872, 22, 0, 1
11794, 496514666, 40, 0, 1
5640, 496520306, 18, 0, 1
5658, 496525964, 8, 0, 1
6141, 496532105, 24, 0, 1
11703, 496543808, 44, 0, 1
5651, 496549459, 20, 0, 1
5640, 496555099, 16, 0, 1
6160, 496561259, 14, 0, 1
11793, 496573052, 38, 0, 1
5652, 496578704, 12, 0, 1
5658, 496584362, 9, 0, 1
6173, 496590535, 16, 0, 1
11769, 496602304, 29, 0, 1
5658, 496607962, 12, 0, 1
5652, 496613614, 14, 0, 1
6146, 496619760, 23, 0, 1
11798, 496631558, 31, 0, 1
5652, 496637210, 15, 0, 1
5658, 496642868, 10, 0, 1
6154, 496649022, 24, 0, 1
11768, 496660790, 39, 0, 1
5645, 496666435, 21, 0, 1
5651, 496672086, 14, 0, 1
6148, 496678234, 26, 0, 1
11788, 496690022, 38, 0, 1
6119, 496696141, 34, 0, 1
5657, 496701798, 19, 0, 1
6138, 496707936, 17, 0, 1
13185, 496721121, 123, 3, 1
6103, 496727224, 30, 0, 1
5658, 496732882, 12, 0, 1
6137, 496739019, 20, 0, 1
11800, 496750819, 42, 0, 1
5658, 496756477, 15, 1, 1
5658, 496762135, 10, 0, 1
15242, 496777377, 309, 44, 1
11777, 496789154, 59, 0, 1
5657, 496794811, 16, 0, 1
5658, 496800469, 9, 0, 1
6130, 496806599, 25, 0, 1
11795, 496818394, 28, 0, 1
5646, 496824040, 15, 0, 1
5658, 496829698, 8, 0, 1
6173, 496835871, 16, 1, 1
11783, 496847654, 37, 0, 1
5658, 496853312, 12, 1, 1
5658, 496858970, 11, 0, 1
6160, 496865130, 18, 0, 1
11802, 496876932, 28, 0, 1
5658, 496882590, 11, 0, 1
5658, 496888248, 8, 0, 1
6160, 496894408, 14, 0, 1
11796, 496906204, 22, 0, 1
6104, 496912308, 19, 0, 1
6382, 496918690, 78, 0, 1
6814, 496925504, 49, 0, 1
13021, 496938525, 41, 0, 1
6567, 496945092, 27, 0, 1
5662, 496950754, 28, 0, 1
11795, 496962549, 41, 0, 1
6155, 496968704, 28, 0, 1
6097, 496974801, 25, 0, 1
6111, 496980912, 33, 0, 1
12227, 496993139, 46, 0, 1
6116, 496999255, 16, 0, 1
6104, 497005359, 25, 0, 1
6097, 497011456, 26, 0, 1
12252, 497023708, 35, 0, 1
6116, 497029824, 15, 0, 1
6103, 497035927, 22, 0, 1
6090, 497042017, 30, 0, 1
11768, 497053785, 30, 0, 1
6132, 497059917, 19, 0, 1
6117, 497066034, 21, 0, 1
6103, 497072137, 25, 0, 1
12209, 497084346, 43, 0, 1
6116, 497090462, 17, 0, 1
6079, 497096541, 27, 0, 1
6115, 497102656, 28, 0, 1
13156, 497115812, 60, 1, 1
6151, 497121963, 30, 0, 1
6107, 497128070, 32, 0, 1
5646, 497133716, 24, 0, 1
11775, 497145491, 34, 0, 1
6138, 497151629, 14, 0, 1
5639, 497157268, 18, 0, 1
5658, 497162926, 11, 0, 1
11829, 497174755, 38, 0, 1
6114, 497180869, 27, 0, 1
5658, 497186527, 15, 0, 1
5652, 497192179, 15, 0, 1
11810, 497203989, 43, 0, 1
6151, 497210140, 20, 0, 1
5658, 497215798, 15, 0, 1
5646, 497221444, 21, 0, 1
11814, 497233258, 41, 0, 1
6138, 497239396, 17, 0, 1
5633, 497245029, 19, 0, 1
5658, 497250687, 13, 0, 1
11818, 497262505, 39, 0, 1
6138, 497268643, 16, 0, 1
5645, 497274288, 20, 0, 1
5649, 497279937, 29, 0, 1
11795, 497291732, 53, 0, 1
6138, 497297870, 16, 0, 1
5658, 497303528, 10, 0, 1
5658, 497309186, 9, 0, 1
11830, 497321016, 29, 0, 1
6119, 497327135, 24, 0, 1
5651, 497332786, 19, 0, 1
5652, 497338438, 13, 0, 1
11804, 497350242, 35, 0, 1
6151, 497356393, 18, 0, 1
5646, 497362039, 15, 0, 1
5652, 497367691, 15, 0, 1
11798, 497379489, 46, 0, 1
6138, 497385627, 21, 0, 1
5658, 497391285, 16, 0, 1
5645, 497396930, 18, 0, 1
11822, 497408752, 40, 0, 1
6138, 497414890, 19, 0, 1
5652, 497420542, 18, 0, 1
5650, 497426192, 23, 0, 1
11805, 497437997, 26, 0, 1
6151, 497444148, 18, 0, 1
5621, 497449769, 21, 0, 1
5662, 497455431, 22, 0, 1
11805, 497467236, 37, 0, 1
6126, 497473362, 20, 0, 1
5656, 497479018, 23, 0, 1
5652, 497484670, 15, 0, 1
13207, 497497877, 41, 0, 1
6138, 497504015, 26, 0, 1
5640, 497509655, 20, 0, 1
5658, 497515313, 12, 0, 1
11806, 497527119, 46, 0, 1
6138, 497533257, 16, 0, 1
5658, 497538915, 13, 0, 1
5652, 497544567, 15, 0, 1
11830, 497556397, 32, 0, 1
6135, 497562532, 30, 0, 1
5657, 497568189, 18, 0, 1
5658, 497573847, 13, 0, 1
11775, 497585622, 37, 0, 1
6151, 497591773, 18, 0, 1
5655, 497597428, 25, 0, 1
5658, 497603086, 12, 0, 1
11817, 497614903, 34, 0, 1
6120, 497621023, 20, 0, 1
5658, 497626681, 12, 0, 1
5652, 497632333, 12, 0, 1
11821, 497644154, 46, 0, 1
6138, 497650292, 14, 0, 1
5658, 497655950, 21, 0, 1
5658, 497661608, 11, 0, 1
11818, 497673426, 53, 0, 1
6143, 497679569, 30, 0, 1
5650, 497685219, 18, 0, 1
5658, 497690877, 12, 0, 1
11792, 497702669, 44, 0, 1
6143, 497708812, 23, 0, 1
5643, 497714455, 27, 0, 1
5658, 497720113, 10, 0, 1
11809, 497731922, 35, 0, 1
6137, 497738059, 28, 0, 1
5658, 497743717, 12, 0, 1
5658, 497749375, 10, 0, 1
11818, 497761193, 36, 0, 1
6138, 497767331, 19, 0, 1
5646, 497772977, 13, 0, 1
5658, 497778635, 10, 0, 1
11836, 497790471, 47, 0, 1
6138, 497796609, 17, 0, 1
5640, 497802249, 18, 0, 1
5658, 497807907, 18, 0, 1
11823, 497819730, 43, 1, 1
6130, 497825860, 31, 0, 1
5658, 497831518, 12, 0, 1
5658, 497837176, 10, 0, 1
11797, 497848973, 49, 0, 1
6127, 497855100, 25, 0, 1
5625, 497860725, 20, 0, 1
7015, 497867740, 39, 0, 1
11821, 497879561, 32, 0, 1
6138, 497885699, 20, 0, 1
5673, 497891372, 32, 0, 1
5645, 497897017, 27, 0, 1
11806, 497908823, 31, 0, 1
6121, 497914944, 25, 0, 1
5658, 497920602, 12, 0, 1
5652, 497926254, 17, 0, 1
11804, 497938058, 46, 0, 1
6138, 497944196, 17, 0, 1
5661, 497949857, 28, 0, 1
5658, 497955515, 12, 0, 1
11797, 497967312, 50, 0, 1
6131, 497973443, 28, 0, 1
5658, 497979101, 14, 0, 1
5667, 497984768, 27, 0, 1
11798, 497996566, 39, 0, 1
6138, 498002704, 17, 0, 1
5648, 498008352, 22, 0, 1
5658, 498014010, 11, 0, 1
11825, 498025835, 42, 0, 1
6138, 498031973, 15, 0, 1
5640, 498037613, 18, 0, 1
5652, 498043265, 13, 0, 1
11757, 498055022, 34, 0, 1
6145, 498061167, 16, 0, 1
5658, 498066825, 13, 0, 1
5658, 498072483, 11, 0, 1
11811, 498084294, 48, 0, 1
6138, 498090432, 15, 0, 1
5638, 498096070, 19, 0, 1
5658, 498101728, 13, 0, 1
11813, 498113541, 32, 0, 1
6138, 498119679, 15, 0, 1
5652, 498125331, 9, 0, 1
5662, 498130993, 22, 0, 1
11816, 498142809, 38, 0, 1
6164, 498148973, 17, 0, 1
5616, 498154589, 17, 0, 1
5656, 498160245, 18, 0, 1
11759, 498172004, 42, 0, 1
6129, 498178133, 32, 0, 1
5658, 498183791, 12, 0, 1
5658, 498189449, 13, 0, 1
11804, 498201253, 44, 0, 1
6138, 498207391, 16, 0, 1
5652, 498213043, 22, 0, 1
5652, 498218695, 13, 0, 1
11815, 498230510, 46, 0, 1
6138, 498236648, 17, 0, 1
7010, 498243658, 39, 0, 1
5658, 498249316, 14, 0, 1
11821, 498261137, 35, 1, 1
6138, 498267275, 15, 0, 1
5658, 498272933, 12, 0, 1
5658, 498278591, 10, 0, 1
11791, 498290382, 36, 0, 1
6142, 498296524, 29, 0, 1
5658, 498302182, 11, 0, 1
5673, 498307855, 24, 0, 1
11817, 498319672, 33, 0, 1
6138, 498325810, 18, 0, 1
5652, 498331462, 13, 0, 1
5658, 498337120, 12, 0, 1
11817, 498348937, 42, 0, 1
6126, 498355063, 20, 0, 1
5658, 498360721, 14, 0, 1
5651, 498366372, 23, 0, 1
11786, 498378158, 34, 0, 1
6125, 498384283, 29, 0, 1
5620, 498389903, 21, 0, 1
5652, 498395555, 14, 0, 1
11797, 498407352, 43, 0, 1
6134, 498413486, 33, 0, 1
5651, 498419137, 19, 0, 1
5658, 498424795, 12, 0, 1
11798, 498436593, 43, 0, 1
6138, 498442731, 17, 0, 1
5658, 498448389, 14, 0, 1
5658, 498454047, 12, 0, 1
11787, 498465834, 48, 0, 1
6125, 498471959, 27, 0, 1
5640, 498477599, 17, 0, 1
5658, 498483257, 18, 0, 1
11825, 498495082, 29, 0, 1
6138, 498501220, 18, 0, 1
5640, 498506860, 20, 0, 1
5658, 498512518, 12, 0, 1
11817, 498524335, 39, 0, 1
6164, 498530499, 24, 0, 1
6116, 498536615, 19, 0, 1
5652, 498542267, 17, 0, 1
11781, 498554048, 49, 0, 1
6138, 498560186, 17, 0, 1
5646, 498565832, 17, 0, 1
5644, 498571476, 25, 0, 1
11805, 498583281, 43, 0, 1
6127, 498589408, 25, 0, 1
5640, 498595048, 15, 0, 1
5658, 498600706, 10, 0, 1
11788, 498612494, 32, 0, 1
7517, 498620011, 42, 0, 1
5658, 498625669, 12, 0, 1
5658, 498631327, 10, 0, 1
11781, 498643108, 30, 0, 1
6138, 498649246, 15, 0, 1
5626, 498654872, 24, 0, 1
5658, 498660530, 12, 0, 1
11811, 498672341, 45, 0, 1
6138, 498678479, 16, 0, 1
8991, 498687470, 199, 10, 1
905646, 499593116, 14524, 3490, 9
15170, 499608286, 770, 9, 1
6662, 499614948, 39, 1, 1
12209, 499627157, 362, 61, 1
6678, 499633835, 50, 0, 1
505096, 500138931, 111, 3, 1
8122, 500147053, 171, 27, 1
6624, 500153677, 22, 0, 1
158697, 158697, 5544, 356, 1
4953123, 5111820, 91515, 5296, 15
15313622, 20425442, 41363, 11968, 20
19184938, 39610380, 16939, 5181, 11
18977062, 58587442, 24306, 5629, 11
19511561, 78099003, 18807, 5290, 11
19450968, 97549971, 19695, 5306, 11
18671355, 116221326, 24699, 7002, 2
19018786, 135240112, 19914, 5169, 11
18961263, 154201375, 19282, 5159, 11
19518080, 173719455, 22011, 5380, 11
19514947, 193234402, 19653, 5324, 11
19500160, 212734562, 19705, 5317, 11
19469618, 232204180, 20106, 5256, 11
19407837, 251612017, 21478, 5325, 11
18138300, 269750317, 24058, 4928, 11
19390498, 289140815, 18443, 5200, 11
19109687, 308250502, 19227, 5066, 11
19561025, 327811527, 19366, 5295, 11
19670703, 347482230, 18980, 5350, 11
19536844, 367019074, 18493, 5228, 11
19665541, 386684615, 18624, 5286, 11
19575543, 406260158, 19259, 5331, 11
19638488, 425898646, 17943, 5158, 11
19563773, 445462419, 19048, 5296, 11
19570768, 465033187, 18688, 5178, 11
18774202, 483807389, 25556, 5157, 11
10678739, 494486128, 21180, 210, 12
1891382, 496377510, 5199, 526, 5
6114, 496383624, 31, 0, 1
11784, 496395408, 35, 0, 1
5657, 496401065, 17, 0, 1
5651, 496406716, 17, 0, 1
6166, 496412882, 20, 0, 1
11789, 496424671, 40, 0, 1
5652, 496430323, 15, 0, 1
5658, 496435981, 12, 0, 1
6154, 496442135, 18, 0, 1
11797, 496453932, 25, 0, 1
5658, 496459590, 13, 0, 1
5658, 496465248, 10, 0, 1
6153, 496471401, 24, 0, 1
11795, 496483196, 36, 0, 1
5661, 496488857, 22, 0, 1
5658, 496494515, 13, 0, 1
6167, 496500682, 21, 0, 1
11789, 496512471, 31, 0, 1
5651, 496518122, 19, 0, 1
5649, 496523771, 18, 0, 1
6148, 496529919, 16, 0, 1
11796, 496541715, 38, 0, 1
5625, 496547340, 21, 0, 1
5652, 496552992, 15, 0, 1
6141, 496559133, 24, 0, 1
11790, 496570923, 33, 0, 1
5658, 496576581, 13, 0, 1
5651, 496582232, 17, 0, 1
6167, 496588399, 17, 0, 1
11789, 496600188, 40, 0, 1
5652, 496605840, 16, 0, 1
5651, 496611491, 13, 0, 1
6148, 496617639, 23, 0, 1
11793, 496629432, 48, 0, 1
5658, 496635090, 16, 0, 1
5656, 496640746, 20, 0, 1
6173, 496646919, 20, 0, 1
11796, 496658715, 28, 2, 1
5658, 496664373, 16, 1, 1
5658, 496670031, 13, 0, 1
6160, 496676191, 19, 0, 1
11807, 496687998, 45, 0, 1
5656, 496693654, 21, 0, 1
7029, 496700683, 90, 11, 1
6159, 496706842, 19, 0, 1
11773, 496718615, 36, 0, 1
5658, 496724273, 14, 0, 1
5658, 496729931, 12, 0, 1
6186, 496736117, 21, 0, 1
11796, 496747913, 28, 0, 1
5639, 496753552, 20, 0, 1
5651, 496759203, 15, 0, 1
6142, 496765345, 20, 0, 1
20890, 496786235, 342, 46, 1
5658, 496791893, 30, 0, 1
5658, 496797551, 12, 0, 1
6160, 496803711, 19, 0, 1
11796, 496815507, 24, 0, 1
5658, 496821165, 11, 0, 1
5658, 496826823, 13, 0, 1
6155, 496832978, 19, 1, 1
11790, 496844768, 29, 0, 1
5626, 496850394, 21, 0, 1
5646, 496856040, 18, 0, 1
6118, 496862158, 24, 0, 1
11777, 496873935, 29, 0, 1
5658, 496879593, 14, 0, 1
5645, 496885238, 18, 0, 1
6173, 496891411, 18, 0, 1
11772, 496903183, 32, 0, 1
5658, 496908841, 21, 0, 1
6115, 496914956, 23, 0, 1
6665, 496921621, 73, 3, 1
12985, 496934606, 50, 1, 1
6584, 496941190, 25, 0, 1
5649, 496946839, 13, 0, 1
6601, 496953440, 18, 0, 1
11784, 496965224, 39, 0, 1
6109, 496971333, 23, 0, 1
6123, 496977456, 22, 0, 1
6116, 496983572, 17, 0, 1
12226, 496995798, 58, 0, 1
6109, 497001907, 22, 0, 1
6110, 497008017, 19, 0, 1
6116, 497014133, 17, 0, 1
12250, 497026383, 35, 0, 1
6116, 497032499, 21, 0, 1
6115, 497038614, 20, 0, 1
6116, 497044730, 18, 0, 1
12193, 497056923, 45, 0, 1
6116, 497063039, 16, 0, 1
6116, 497069155, 18, 0, 1
5639, 497074794, 26, 0, 1
12255, 497087049, 31, 0, 1
7493, 497094542, 38, 1, 1
6116, 497100658, 19, 0, 1
6091, 497106749, 27, 0, 1
11791, 497118540, 42, 0, 1
6136, 497124676, 18, 0, 1
5664, 497130340, 20, 0, 1
6138, 497136478, 16, 0, 1
11783, 497148261, 37, 0, 1
5640, 497153901, 16, 0, 1
5655, 497159556, 20, 0, 1
6154, 497165710, 18, 0, 1
11791, 497177501, 34, 0, 1
5650, 497183151, 17, 0, 1
5658, 497188809, 11, 0, 1
6122, 497194931, 27, 0, 1
11784, 497206715, 30, 0, 1
5658, 497212373, 9, 0, 1
5658, 497218031, 12, 0, 1
6173, 497224204, 20, 0, 1
11796, 497236000, 25, 0, 1
5658, 497241658, 13, 0, 1
5658, 497247316, 13, 0, 1
6160, 497253476, 16, 0, 1
11775, 497265251, 35, 0, 1
5658, 497270909, 14, 0, 1
5658, 497276567, 12, 0, 1
6160, 497282727, 18, 0, 1
11778, 497294505, 41, 0, 1
5646, 497300151, 16, 0, 1
5652, 497305803, 15, 0, 1
6154, 497311957, 23, 0, 1
11782, 497323739, 34, 0, 1
5622, 497329361, 20, 0, 1
5652, 497335013, 17, 0, 1
6141, 497341154, 23, 0, 1
11795, 497352949, 28, 0, 1
5657, 497358606, 15, 0, 1
5658, 497364264, 13, 0, 1
6173, 497370437, 18, 0, 1
11796, 497382233, 27, 0, 1
5652, 497387885, 16, 0, 1
5658, 497393543, 14, 0, 1
6167, 497399710, 17, 0, 1
11796, 497411506, 39, 0, 1
5658, 497417164, 14, 0, 1
5651, 497422815, 19, 0, 1
6154, 497428969, 17, 0, 1
11794, 497440763, 84, 14, 1
5650, 497446413, 18, 0, 1
5658, 497452071, 20, 0, 1
6173, 497458244, 17, 0, 1
13160, 497471404, 51, 0, 1
5639, 497477043, 20, 0, 1
5652, 497482695, 16, 0, 1
6158, 497488853, 26, 0, 1
11829, 497500682, 27, 0, 1
6098, 497506780, 27, 0, 1
5657, 497512437, 18, 0, 1
6138, 497518575, 16, 0, 1
11789, 497530364, 41, 0, 1
5640, 497536004, 15, 0, 1
5658, 497541662, 13, 0, 1
6155, 497547817, 19, 0, 1
11795, 497559612, 21, 0, 1
5658, 497565270, 10, 0, 1
5658, 497570928, 13, 0, 1
11818, 497582746, 28, 0, 1
6138, 497588884, 17, 0, 1
5658, 497594542, 12, 0, 1
5658, 497600200, 12, 0, 1
11824, 497612024, 29, 0, 1
6126, 497618150, 16, 0, 1
5658, 497623808, 13, 0, 1
5658, 497629466, 17, 0, 1
11794, 497641260, 30, 0, 1
6151, 497647411, 20, 0, 1
5651, 497653062, 19, 0, 1
5657, 497658719, 17, 0, 1
11803, 497670522, 41, 0, 1
6138, 497676660, 17, 0, 1
5640, 497682300, 17, 0, 1
5658, 497687958, 16, 0, 1
11806, 497699764, 29, 0, 1
6138, 497705902, 17, 0, 1
5646, 497711548, 14, 0, 1
5651, 497717199, 17, 0, 1
11787, 497728986, 33, 0, 1
6138, 497735124, 26, 0, 1
5658, 497740782, 16, 0, 1
5657, 497746439, 19, 0, 1
11803, 497758242, 44, 0, 1
6125, 497764367, 23, 0, 1
5640, 497770007, 21, 0, 1
5657, 497775664, 20, 0, 1
12538, 497788202, 51, 0, 1
6624, 497794826, 22, 0, 1
6355, 497801181, 26, 0, 1
6327, 497807508, 18, 0, 1
12281, 497819789, 32, 0, 1
6138, 497825927, 17, 0, 1
5658, 497831585, 15, 0, 1
5658, 497837243, 12, 0, 1
13208, 497850451, 43, 0, 1
6145, 497856596, 24, 0, 1
5634, 497862230, 12, 0, 1
5650, 497867880, 23, 0, 1
11818, 497879698, 25, 0, 1
6164, 497885862, 17, 0, 1
6115, 497891977, 16, 0, 1
5658, 497897635, 14, 0, 1
11795, 497909430, 24, 0, 1
6138, 497915568, 17, 0, 1
5658, 497921226, 15, 0, 1
5658, 497926884, 11, 0, 1
11807, 497938691, 36, 0, 1
6132, 497944823, 19, 0, 1
5640, 497950463, 18, 0, 1
5658, 497956121, 14, 0, 1
11812, 497967933, 40, 0, 1
6151, 497974084, 25, 0, 1
5652, 497979736, 14, 0, 1
5662, 497985398, 20, 0, 1
11827, 497997225, 33, 0, 1
6138, 498003363, 17, 0, 1
5651, 498009014, 21, 0, 1
5658, 498014672, 14, 0, 1
11830, 498026502, 31, 0, 1
6132, 498032634, 19, 0, 1
5652, 498038286, 16, 0, 1
5658, 498043944, 11, 0, 1
11816, 498055760, 26, 0, 1
6138, 498061898, 16, 0, 1
5652, 498067550, 15, 0, 1
5658, 498073208, 11, 0, 1
11831, 498085039, 21, 0, 1
6138, 498091177, 18, 0, 1
5646, 498096823, 14, 0, 1
5657, 498102480, 18, 0, 1
11809, 498114289, 26, 0, 1
6151, 498120440, 15, 0, 1
5658, 498126098, 9, 0, 1
5658, 498131756, 11, 0, 1
11816, 498143572, 25, 0, 1
6138, 498149710, 20, 0, 1
5658, 498155368, 16, 0, 1
5658, 498161026, 13, 0, 1
11824, 498172850, 33, 0, 1
6138, 498178988, 17, 0, 1
5649, 498184637, 24, 0, 1
5658, 498190295, 12, 0, 1
11803, 498202098, 29, 0, 1
6151, 498208249, 20, 0, 1
5658, 498213907, 11, 0, 1
5658, 498219565, 10, 0, 1
13195, 498232760, 38, 0, 1
6138, 498238898, 20, 0, 1
5658, 498244556, 11, 0, 1
5652, 498250208, 24, 0, 1
11843, 498262051, 32, 0, 1
6120, 498268171, 22, 0, 1
5628, 498273799, 16, 0, 1
5651, 498279450, 14, 0, 1
11792, 498291242, 31, 0, 1
6126, 498297368, 23, 0, 1
5645, 498303013, 18, 0, 1
5658, 498308671, 11, 0, 1
11830, 498320501, 30, 0, 1
6126, 498326627, 19, 0, 1
5658, 498332285, 10, 0, 1
5658, 498337943, 8, 0, 1
11818, 498349761, 23, 0, 1
6151, 498355912, 13, 0, 1
5658, 498361570, 16, 0, 1
5658, 498367228, 14, 0, 1
11810, 498379038, 38, 0, 1
6138, 498385176, 17, 0, 1
5626, 498390802, 21, 0, 1
5651, 498396453, 13, 0, 1
11795, 498408248, 38, 0, 1
6138, 498414386, 18, 0, 1
5652, 498420038, 22, 0, 1
5658, 498425696, 13, 0, 1
11805, 498437501, 37, 0, 1
6150, 498443651, 25, 0, 1
5651, 498449302, 15, 0, 1
5651, 498454953, 19, 0, 1
11805, 498466758, 30, 0, 1
6138, 498472896, 17, 0, 1
5616, 498478512, 20, 0, 1
5658, 498484170, 13, 0, 1
11825, 498495995, 34, 0, 1
6131, 498502126, 23, 0, 1
5652, 498507778, 13, 0, 1
5651, 498513429, 17, 0, 1
11818, 498525247, 22, 0, 1
6124, 498531371, 23, 0, 1
5652, 498537023, 17, 0, 1
5658, 498542681, 13, 0, 1
11806, 498554487, 43, 0, 1
6130, 498560617, 22, 0, 1
5652, 498566269, 14, 0, 1
5656, 498571925, 22, 0, 1
11787, 498583712, 30, 0, 1
6158, 498589870, 25, 0, 1
5657, 498595527, 16, 0, 1
7035, 498602562, 24, 0, 1
11818, 498614380, 31, 0, 1
6138, 498620518, 17, 0, 1
5638, 498626156, 23, 0, 1
5658, 498631814, 24, 0, 1
11820, 498643634, 35, 0, 1
6132, 498649766, 20, 0, 1
5658, 498655424, 13, 0, 1
5658, 498661082, 11, 0, 1
11817, 498672899, 40, 0, 1
6145, 498679044, 22, 0, 1
5651, 498684695, 17, 0, 1
5656, 498690351, 19, 0, 1
904511, 499594862, 15470, 3642, 9
6711, 499601573, 62, 0, 1
6734, 499608307, 50, 0, 1
6397, 499614704, 22, 0, 1
18849, 499633553, 403, 70, 1
6742, 499640295, 25, 0, 1
6663, 499646958, 29, 0, 1
8258, 499655216, 147, 19, 1
2043112, 2043112, 46290, 2039, 4
6707269, 8750381, 79721, 11963, 13
19314064, 28064445, 19443, 5277, 11
18893696, 46958141, 20126, 5069, 11
19197061, 66155202, 21906, 5760, 11
19467466, 85622668, 18330, 5291, 11
19457946, 105080614, 18449, 5232, 11
18308242, 123388856, 24505, 7016, 2
18995251, 142384107, 19957, 5172, 11
19422242, 161806349, 18567, 5246, 11
19402598, 181208947, 20759, 5368, 11
19420342, 200629289, 18721, 5313, 11
19569377, 220198666, 19325, 5301, 11
19367330, 239565996, 19057, 5257, 11
18590039, 258156035, 24403, 5026, 11
19239978, 277396013, 19084, 5194, 11
19015639, 296411652, 19489, 5113, 11
19516312, 315927964, 19133, 5149, 11
19574952, 335502916, 19832, 5289, 11
19599264, 355102180, 19203, 5261, 11
19518010, 374620190, 19586, 5234, 11
19684206, 394304396, 19034, 5332, 11
19590621, 413895017, 18852, 5278, 11
19594296, 433489313, 19034, 5179, 11
19517926, 453007239, 20103, 5159, 11
19578958, 472586197, 19312, 5231, 11
17254184, 489840381, 31796, 3369, 7
6488790, 496329171, 12348, 562, 6
12225, 496341396, 416, 11, 1
5658, 496347054, 12, 0, 1
6138, 496353192, 15, 0, 1
5657, 496358849, 21, 0, 1
11817, 496370666, 41, 0, 1
5642, 496376308, 24, 0, 1
6138, 496382446, 18, 0, 1
5659, 496388105, 26, 0, 1
11800, 496399905, 28, 0, 1
5658, 496405563, 15, 0, 1
6138, 496411701, 17, 0, 1
5658, 496417359, 11, 0, 1
11831, 496429190, 34, 0, 1
5670, 496434860, 30, 0, 1
6120, 496440980, 23, 0, 1
5658, 496446638, 10, 0, 1
11812, 496458450, 30, 0, 1
5640, 496464090, 26, 0, 1
6139, 496470229, 22, 0, 1
5658, 496475887, 14, 1, 1
11807, 496487694, 47, 0, 1
5657, 496493351, 31, 0, 1
6137, 496499488, 22, 0, 1
5658, 496505146, 15, 0, 1
11803, 496516949, 39, 0, 1
5645, 496522594, 29, 0, 1
6138, 496528732, 17, 0, 1
5646, 496534378, 14, 0, 1
11816, 496546194, 35, 0, 1
5651, 496551845, 27, 0, 1
6148, 496557993, 31, 0, 1
5658, 496563651, 10, 0, 1
11798, 496575449, 37, 0, 1
5643, 496581092, 30, 1, 1
6138, 496587230, 19, 1, 1
5637, 496592867, 22, 1, 1
11831, 496604698, 26, 2, 1
5661, 496610359, 24, 0, 1
6138, 496616497, 18, 0, 1
5616, 496622113, 20, 0, 1
11805, 496633918, 35, 0, 1
5658, 496639576, 9, 0, 1
7519, 496647095, 111, 11, 1
5656, 496652751, 21, 0, 1
11829, 496664580, 43, 0, 1
5651, 496670231, 19, 0, 1
6125, 496676356, 24, 0, 1
5646, 496682002, 16, 0, 1
11780, 496693782, 40, 0, 1
5657, 496699439, 17, 0, 1
6145, 496705584, 21, 0, 1
5656, 496711240, 27, 0, 1
11789, 496723029, 54, 0, 1
5640, 496728669, 15, 0, 1
6125, 496734794, 23, 0, 1
5634, 496740428, 18, 0, 1
20864, 496761292, 364, 53, 1
5658, 496766950, 27, 1, 1
6118, 496773068, 26, 0, 1
5657, 496778725, 16, 1, 1
11812, 496790537, 41, 0, 1
5658, 496796195, 15, 0, 1
6148, 496802343, 28, 0, 1
5658, 496808001, 13, 0, 1
11812, 496819813, 32, 0, 1
5657, 496825470, 27, 0, 1
6131, 496831601, 25, 0, 1
5658, 496837259, 14, 0, 1
11793, 496849052, 40, 0, 1
5645, 496854697, 25, 0, 1
6138, 496860835, 18, 0, 1
6109, 496866944, 29, 0, 1
12310, 496879254, 90, 0, 1
6326, 496885580, 35, 0, 1
6484, 496892064, 37, 0, 1
6655, 496898719, 24, 0, 1
13037, 496911756, 49, 1, 1
6309, 496918065, 12, 0, 1
6600, 496924665, 18, 0, 1
6560, 496931225, 19, 0, 1
13156, 496944381, 36, 0, 1
6589, 496950970, 28, 0, 1
6559, 496957529, 30, 0, 1
6578, 496964107, 18, 0, 1
13131, 496977238, 42, 0, 1
6592, 496983830, 36, 0, 1
6587, 496990417, 35, 0, 1
6581, 496996998, 40, 0, 1
13169, 497010167, 36, 0, 1
6578, 497016745, 18, 0, 1
6551, 497023296, 33, 0, 1
6571, 497029867, 20, 0, 1
12881, 497042748, 33, 0, 1
7977, 497050725, 42, 3, 1
6579, 497057304, 20, 0, 1
6572, 497063876, 25, 0, 1
13160, 497077036, 45, 0, 1
6315, 497083351, 38, 0, 1
6601, 497089952, 23, 0, 1
6578, 497096530, 19, 0, 1
12918, 497109448, 40, 0, 1
6299, 497115747, 32, 0, 1
6600, 497122347, 19, 0, 1
6267, 497128614, 22, 0, 1
12918, 497141532, 28, 0, 1
6310, 497147842, 26, 0, 1
6587, 497154429, 26, 0, 1
6303, 497160732, 16, 0, 1
12936, 497173668, 41, 0, 1
6309, 497179977, 14, 0, 1
6597, 497186574, 33, 0, 1
6314, 497192888, 39, 0, 1
12918, 497205806, 32, 0, 1
6307, 497212113, 27, 0, 1
6600, 497218713, 27, 0, 1
6302, 497225015, 18, 0, 1
12929, 497237944, 38, 0, 1
6296, 497244240, 27, 0, 1
6600, 497250840, 20, 0, 1
6296, 497257136, 26, 0, 1
12944, 497270080, 31, 0, 1
6303, 497276383, 18, 0, 1
6600, 497282983, 20, 0, 1
6284, 497289267, 24, 0, 1
12930, 497302197, 33, 0, 1
6309, 497308506, 15, 0, 1
6613, 497315119, 26, 0, 1
6309, 497321428, 16, 0, 1
12911, 497334339, 41, 0, 1
6302, 497340641, 17, 0, 1
6598, 497347239, 30, 0, 1
6295, 497353534, 19, 0, 1
12917, 497366451, 45, 1, 1
6308, 497372759, 21, 0, 1
6600, 497379359, 19, 0, 1
6303, 497385662, 19, 0, 1
12925, 497398587, 40, 0, 1
6309, 497404896, 14, 0, 1
6600, 497411496, 17, 0, 1
6309, 497417805, 13, 0, 1
12932, 497430737, 34, 0, 1
6308, 497437045, 18, 0, 1
6737, 497443782, 40, 0, 1
6302, 497450084, 16, 0, 1
14307, 497464391, 58, 0, 1
6309, 497470700, 15, 0, 1
6607, 497477307, 25, 0, 1
6297, 497483604, 16, 0, 1
12922, 497496526, 37, 0, 1
6308, 497502834, 20, 0, 1
6600, 497509434, 19, 0, 1
6291, 497515725, 17, 0, 1
12926, 497528651, 36, 0, 1
6308, 497534959, 27, 0, 1
6594, 497541553, 23, 0, 1
6303, 497547856, 22, 0, 1
12918, 497560774, 32, 0, 1
6309, 497567083, 14, 0, 1
6618, 497573701, 26, 0, 1
6309, 497580010, 15, 0, 1
12937, 497592947, 34, 0, 1
6309, 497599256, 14, 0, 1
6600, 497605856, 18, 0, 1
6297, 497612153, 19, 0, 1
12957, 497625110, 33, 0, 1
6303, 497631413, 17, 0, 1
6576, 497637989, 24, 0, 1
6303, 497644292, 15, 0, 1
12919, 497657211, 28, 0, 1
6297, 497663508, 18, 0, 1
6576, 497670084, 27, 0, 1
6309, 497676393, 22, 3, 1
12936, 497689329, 34, 0, 1
6303, 497695632, 18, 0, 1
6600, 497702232, 16, 0, 1
6290, 497708522, 23, 0, 1
12931, 497721453, 36, 0, 1
6309, 497727762, 15, 0, 1
6601, 497734363, 22, 0, 1
6309, 497740672, 16, 0, 1
12930, 497753602, 40, 0, 1
6309, 497759911, 16, 0, 1
6594, 497766505, 24, 0, 1
6309, 497772814, 13, 0, 1
12954, 497785768, 34, 0, 1
6309, 497792077, 15, 0, 1
6599, 497798676, 27, 0, 1
6285, 497804961, 20, 0, 1
12925, 497817886, 31, 0, 1
6295, 497824181, 21, 0, 1
6606, 497830787, 26, 0, 1
6309, 497837096, 15, 0, 1
12907, 497850003, 39, 0, 1
6309, 497856312, 16, 0, 1
6600, 497862912, 18, 0, 1
13970, 497876882, 49, 0, 1
6628, 497883510, 31, 0, 1
6309, 497889819, 11, 0, 1
6607, 497896426, 19, 0, 1
12605, 497909031, 36, 0, 1
6622, 497915653, 19, 0, 1
6309, 497921962, 19, 0, 1
6594, 497928556, 23, 0, 1
12893, 497941449, 49, 0, 1
6594, 497948043, 19, 0, 1
6297, 497954340, 18, 0, 1
6600, 497960940, 19, 0, 1
12599, 497973539, 35, 0, 1
6608, 497980147, 24, 0, 1
6309, 497986456, 21, 0, 1
6613, 497993069, 19, 0, 1
12610, 498005679, 35, 0, 1
6616, 498012295, 21, 0, 1
6309, 498018604, 15, 0, 1
6600, 498025204, 19, 0, 1
12575, 498037779, 29, 0, 1
6648, 498044427, 23, 0, 1
6308, 498050735, 21, 0, 1
6588, 498057323, 21, 0, 1
12605, 498069928, 40, 0, 1
6620, 498076548, 26, 0, 1
6309, 498082857, 13, 0, 1
6613, 498089470, 18, 0, 1
12618, 498102088, 22, 0, 1
6610, 498108698, 23, 0, 1
6309, 498115007, 15, 0, 1
6600, 498121607, 19, 0, 1
12603, 498134210, 49, 0, 1
6629, 498140839, 19, 0, 1
6309, 498147148, 14, 0, 1
6582, 498153730, 21, 0, 1
12611, 498166341, 33, 0, 1
6613, 498172954, 30, 0, 1
6308, 498179262, 17, 0, 1
6604, 498185866, 27, 0, 1
12617, 498198483, 42, 0, 1
6635, 498205118, 19, 0, 1
6308, 498211426, 22, 0, 1
6600, 498218026, 19, 0, 1
12617, 498230643, 22, 0, 1
6616, 498237259, 24, 0, 1
6309, 498243568, 20, 0, 1
6595, 498250163, 26, 0, 1
12760, 498262923, 45, 0, 1
6609, 498269532, 24, 0, 1
6309, 498275841, 15, 0, 1
6600, 498282441, 20, 0, 1
13995, 498296436, 34, 0, 1
6635, 498303071, 22, 0, 1
6297, 498309368, 20, 0, 1
6594, 498315962, 19, 0, 1
12605, 498328567, 30, 0, 1
6609, 498335176, 27, 0, 1
6309, 498341485, 13, 0, 1
6613, 498348098, 19, 0, 1
12618, 498360716, 24, 0, 1
6609, 498367325, 19, 0, 1
6308, 498373633, 18, 0, 1
6599, 498380232, 24, 0, 1
12618, 498392850, 23, 0, 1
6622, 498399472, 27, 0, 1
6309, 498405781, 13, 0, 1
6599, 498412380, 29, 0, 1
12621, 498425001, 45, 0, 1
6616, 498431617, 24, 0, 1
6309, 498437926, 17, 0, 1
6600, 498444526, 18, 0, 1
12618, 498457144, 22, 0, 1
6641, 498463785, 29, 0, 1
6303, 498470088, 16, 0, 1
6594, 498476682, 19, 0, 1
12618, 498489300, 25, 0, 1
6622, 498495922, 22, 0, 1
6309, 498502231, 16, 0, 1
7494, 498509725, 105, 34, 1
12611, 498522336, 32, 0, 1
6622, 498528958, 19, 0, 1
6309, 498535267, 13, 0, 1
6594, 498541861, 30, 0, 1
12611, 498554472, 32, 0, 1
6604, 498561076, 25, 0, 1
6309, 498567385, 14, 0, 1
6743, 498574128, 30, 0, 1
12617, 498586745, 40, 0, 1
6610, 498593355, 23, 0, 1
6303, 498599658, 20, 0, 1
6613, 498606271, 21, 0, 1
12609, 498618880, 38, 0, 1
6604, 498625484, 20, 0, 1
6308, 498631792, 19, 0, 1
6604, 498638396, 26, 0, 1
12606, 498651002, 52, 0, 1
6629, 498657631, 21, 0, 1
6309, 498663940, 15, 0, 1
6600, 498670540, 20, 0, 1
12593, 498683133, 37, 0, 1
6579, 498689712, 26, 0, 1
6292, 498696004, 17, 0, 1
7977, 498703981, 37, 0, 1
12617, 498716598, 39, 0, 1
6634, 498723232, 23, 0, 1
6309, 498729541, 15, 0, 1
6600, 498736141, 20, 0, 1
12618, 498748759, 25, 0, 1
6622, 498755381, 24, 0, 1
6309, 498761690, 15, 0, 1
6613, 498768303, 17, 0, 1
12591, 498780894, 39, 0, 1
6622, 498787516, 17, 0, 1
6309, 498793825, 13, 0, 1
6600, 498800425, 21, 0, 1
12618, 498813043, 22, 0, 1
6623, 498819666, 23, 0, 1
9642, 498829308, 201, 11, 1
870990, 499700298, 14525, 3550, 9
15343, 499715641, 796, 7, 1
6443, 499722084, 32, 2, 1
6680, 499728764, 38, 0, 1
11909, 499740673, 345, 78, 1
13767, 499754440, 82, 2, 1
6994, 499761434, 24, 0, 1
8378, 499769812, 136, 22, 1
6608, 499776420, 32, 0, 1
932644, 932644, 21894, 808, 5
6026901, 6959545, 85456, 10412, 15
17080967, 24040512, 34076, 7071, 10
19098619, 43139131, 20005, 5091, 11
18879575, 62018706, 20693, 5585, 11
19632773, 81651479, 17969, 5343, 11
19521355, 101172834, 18501, 5280, 11
18664918, 119837752, 24147, 7046, 2
18830361, 138668113, 18706, 5097, 11
19562739, 158230852, 18575, 5252, 11
19559531, 177790383, 20796, 5411, 11
19506071, 197296454, 18655, 5331, 11
19486221, 216782675, 18241, 5338, 11
19490919, 236273594, 18609, 5252, 11
18412691, 254686285, 25537, 5000, 11
19286426, 273972711, 19016, 5226, 11
19043691, 293016402, 19060, 5124, 11
19469574, 312485976, 19357, 5172, 11
19566016, 332051992, 20387, 5371, 11
19616313, 351668305, 18789, 5275, 11
19539266, 371207571, 18536, 5224, 11
19711133, 390918704, 18653, 5339, 11
19625957, 410544661, 19304, 5284, 11
19592759, 430137420, 18650, 5204, 11
19595969, 449733389, 18972, 5173, 11
19634669, 469368058, 19253, 5289, 11
17381043, 486749101, 28403, 4061, 11
9613007, 496362108, 18949, 617, 12
12001, 496374109, 703, 61, 1
5652, 496379761, 22, 0, 1
11800, 496391561, 34, 0, 1
5658, 496397219, 15, 1, 1
6151, 496403370, 18, 1, 1
5651, 496409021, 15, 0, 1
11794, 496420815, 38, 0, 1
5652, 496426467, 20, 0, 1
6131, 496432598, 23, 0, 1
5658, 496438256, 10, 0, 1
11805, 496450061, 34, 0, 1
5652, 496455713, 17, 0, 1
6132, 496461845, 20, 0, 1
5658, 496467503, 10, 0, 1
11817, 496479320, 28, 0, 1
5658, 496484978, 15, 0, 1
6132, 496491110, 21, 0, 1
5652, 496496762, 13, 0, 1
11818, 496508580, 33, 0, 1
5658, 496514238, 12, 0, 1
6138, 496520376, 18, 0, 1
5658, 496526034, 13, 0, 1
11817, 496537851, 38, 0, 1
5657, 496543508, 19, 0, 1
6164, 496549672, 17, 0, 1
5658, 496555330, 15, 0, 1
11818, 496567148, 27, 0, 1
5658, 496572806, 12, 0, 1
6138, 496578944, 13, 0, 1
5658, 496584602, 11, 0, 1
11806, 496596408, 38, 0, 1
5652, 496602060, 22, 0, 1
6126, 496608186, 23, 0, 1
5652, 496613838, 14, 0, 1
11811, 496625649, 32, 0, 1
5658, 496631307, 11, 0, 1
6151, 496637458, 16, 0, 1
5652, 496643110, 13, 1, 1
13195, 496656305, 110, 8, 1
5658, 496661963, 13, 0, 1
6132, 496668095, 24, 0, 1
5658, 496673753, 11, 0, 1
11824, 496685577, 37, 0, 1
5651, 496691228, 19, 0, 1
6137, 496697365, 23, 0, 1
6116, 496703481, 25, 0, 1
11795, 496715276, 32, 1, 1
5658, 496720934, 10, 0, 1
6132, 496727066, 19, 0, 1
5658, 496732724, 11, 0, 1
20910, 496753634, 352, 38, 1
5651, 496759285, 30, 0, 1
6138, 496765423, 20, 0, 1
5657, 496771080, 25, 0, 1
11817, 496782897, 34, 0, 1
5658, 496788555, 11, 0, 1
6151, 496794706, 21, 0, 1
5645, 496800351, 20, 0, 1
11799, 496812150, 42, 0, 1
5632, 496817782, 25, 0, 1
6138, 496823920, 17, 0, 1
5651, 496829571, 21, 0, 1
11831, 496841402, 26, 0, 1
5658, 496847060, 11, 0, 1
6132, 496853192, 22, 0, 1
5658, 496858850, 12, 1, 1
11812, 496870662, 38, 0, 1
5652, 496876314, 18, 0, 1
6151, 496882465, 16, 0, 1
5658, 496888123, 14, 1, 1
11811, 496899934, 33, 0, 1
5658, 496905592, 13, 0, 1
6138, 496911730, 18, 0, 1
5658, 496917388, 10, 0, 1
12369, 496929757, 78, 0, 1
6315, 496936072, 41, 0, 1
6652, 496942724, 26, 0, 1
6602, 496949326, 17, 0, 1
12448, 496961774, 32, 0, 1
6104, 496967878, 20, 0, 1
6109, 496973987, 25, 0, 1
6129, 496980116, 16, 0, 1
12220, 496992336, 38, 0, 1
6116, 496998452, 18, 0, 1
6116, 497004568, 18, 0, 1
6112, 497010680, 30, 0, 1
12232, 497022912, 36, 0, 1
6129, 497029041, 15, 0, 1
6116, 497035157, 19, 0, 1
6116, 497041273, 18, 0, 1
13608, 497054881, 54, 1, 1
6116, 497060997, 22, 0, 1
6110, 497067107, 21, 0, 1
6116, 497073223, 18, 0, 1
12227, 497085450, 41, 0, 1
6121, 497091571, 19, 0, 1
6118, 497097689, 27, 0, 1
6116, 497103805, 20, 0, 1
11796, 497115601, 25, 0, 1
6116, 497121717, 19, 0, 1
6123, 497127840, 25, 0, 1
6097, 497133937, 25, 0, 1
11794, 497145731, 27, 0, 1
5658, 497151389, 13, 0, 1
6138, 497157527, 15, 0, 1
5650, 497163177, 19, 0, 1
11825, 497175002, 34, 0, 1
5658, 497180660, 13, 0, 1
6132, 497186792, 20, 0, 1
5655, 497192447, 20, 0, 1
11805, 497204252, 30, 0, 1
5658, 497209910, 15, 0, 1
6138, 497216048, 18, 0, 1
11316, 497227364, 16, 0, 1
6172, 497233536, 20, 0, 1
5656, 497239192, 17, 0, 1
6137, 497245329, 25, 0, 1
11315, 497256644, 43, 0, 1
6136, 497262780, 23, 0, 1
5657, 497268437, 19, 0, 1
6151, 497274588, 16, 0, 1
11316, 497285904, 17, 0, 1
6159, 497292063, 28, 0, 1
5652, 497297715, 15, 0, 1
6132, 497303847, 18, 0, 1
11315, 497315162, 34, 0, 1
6180, 497321342, 18, 0, 1
5657, 497326999, 13, 0, 1
6138, 497333137, 20, 0, 1
11309, 497344446, 34, 0, 1
6148, 497350594, 24, 0, 1
5658, 497356252, 12, 0, 1
6151, 497362403, 18, 0, 1
11315, 497373718, 27, 0, 1
6160, 497379878, 16, 0, 1
5657, 497385535, 16, 0, 1
6138, 497391673, 18, 0, 1
11301, 497402974, 37, 0, 1
6167, 497409141, 18, 0, 1
5645, 497414786, 17, 0, 1
6138, 497420924, 19, 0, 1
12693, 497433617, 33, 0, 1
6160, 497439777, 16, 0, 1
5657, 497445434, 14, 0, 1
6132, 497451566, 22, 0, 1
11293, 497462859, 38, 0, 1
6154, 497469013, 24, 0, 1
5663, 497474676, 16, 0, 1
6126, 497480802, 21, 0, 1
11291, 497492093, 39, 0, 1
6160, 497498253, 15, 0, 1
5656, 497503909, 18, 1, 1
14349, 497518258, 271, 73, 1
11310, 497529568, 46, 0, 1
6148, 497535716, 21, 0, 1
5658, 497541374, 13, 0, 1
6138, 497547512, 18, 0, 1
11312, 497558824, 43, 0, 1
6161, 497564985, 20, 0, 1
5658, 497570643, 11, 0, 1
6138, 497576781, 19, 0, 1
11317, 497588098, 41, 0, 1
6122, 497594220, 24, 0, 1
5652, 497599872, 16, 0, 1
6127, 497605999, 22, 0, 1
11316, 497617315, 14, 0, 1
6151, 497623466, 25, 0, 1
5649, 497629115, 23, 0, 1
6138, 497635253, 18, 0, 1
11314, 497646567, 35, 0, 1
7061, 497653628, 97, 32, 1
5650, 497659278, 22, 0, 1
6129, 497665407, 25, 0, 1
11314, 497676721, 40, 0, 1
6147, 497682868, 21, 0, 1
5644, 497688512, 22, 0, 1
6138, 497694650, 16, 0, 1
11306, 497705956, 35, 0, 1
6188, 497712144, 25, 0, 1
5658, 497717802, 17, 0, 1
6138, 497723940, 22, 0, 1
11304, 497735244, 26, 0, 1
6154, 497741398, 19, 0, 1
5652, 497747050, 16, 0, 1
6145, 497753195, 21, 0, 1
11310, 497764505, 36, 0, 1
6134, 497770639, 25, 0, 1
5662, 497776301, 24, 0, 1
6138, 497782439, 25, 0, 1
11288, 497793727, 36, 0, 1
6155, 497799882, 25, 0, 1
5652, 497805534, 14, 0, 1
7515, 497813049, 31, 0, 1
11290, 497824339, 38, 0, 1
6151, 497830490, 26, 0, 1
5658, 497836148, 11, 0, 1
6152, 497842300, 18, 0, 1
11299, 497853599, 33, 0, 1
6157, 497859756, 24, 0, 1
5658, 497865414, 11, 0, 1
6135, 497871549, 24, 0, 1
11289, 497882838, 34, 0, 1
6165, 497889003, 24, 0, 1
5658, 497894661, 12, 0, 1
6135, 497900796, 27, 0, 1
11315, 497912111, 20, 0, 1
6160, 497918271, 16, 0, 1
5658, 497923929, 11, 0, 1
6138, 497930067, 16, 0, 1
11282, 497941349, 34, 0, 1
6173, 497947522, 17, 0, 1
5658, 497953180, 12, 0, 1
6138, 497959318, 18, 0, 1
11276, 497970594, 36, 0, 1
6160, 497976754, 19, 0, 1
5649, 497982403, 25, 0, 1
6151, 497988554, 19, 0, 1
11310, 497999864, 22, 0, 1
6154, 498006018, 19, 0, 1
5658, 498011676, 18, 0, 1
6114, 498017790, 25, 0, 1
11303, 498029093, 44, 0, 1
6166, 498035259, 16, 0, 1
5645, 498040904, 19, 0, 1
6132, 498047036, 20, 0, 1
11309, 498058345, 37, 0, 1
6130, 498064475, 25, 0, 1
5658, 498070133, 21, 0, 1
6158, 498076291, 22, 0, 1
11298, 498087589, 26, 0, 1
6159, 498093748, 22, 0, 1
5651, 498099399, 19, 0, 1
6126, 498105525, 21, 0, 1
11285, 498116810, 30, 0, 1
6154, 498122964, 25, 0, 1
5658, 498128622, 14, 0, 1
6137, 498134759, 24, 0, 1
11303, 498146062, 40, 0, 1
6159, 498152221, 18, 0, 1
5640, 498157861, 17, 0, 1
6138, 498163999, 17, 0, 1
11316, 498175315, 18, 0, 1
6173, 498181488, 18, 0, 1
7027, 498188515, 36, 0, 1
6125, 498194640, 22, 0, 1
11284, 498205924, 24, 0, 1
6154, 498212078, 18, 0, 1
5642, 498217720, 24, 0, 1
6151, 498223871, 16, 0, 1
11316, 498235187, 39, 0, 1
6142, 498241329, 20, 0, 1
5658, 498246987, 10, 0, 1
6138, 498253125, 16, 0, 1
11310, 498264435, 18, 0, 1
6172, 498270607, 18, 0, 1
5658, 498276265, 10, 0, 1
6114, 498282379, 21, 0, 1
11285, 498293664, 30, 0, 1
6147, 498299811, 20, 0, 1
5658, 498305469, 8, 0, 1
6151, 498311620, 16, 0, 1
11292, 498322912, 44, 0, 1
6159, 498329071, 26, 0, 1
5658, 498334729, 21, 0, 1
6138, 498340867, 18, 0, 1
11317, 498352184, 43, 0, 1
6149, 498358333, 24, 0, 1
5658, 498363991, 18, 0, 1
6113, 498370104, 24, 0, 1
11309, 498381413, 43, 0, 1
6159, 498387572, 15, 0, 1
5658, 498393230, 13, 0, 1
6138, 498399368, 17, 0, 1
11316, 498410684, 17, 0, 1
6173, 498416857, 16, 0, 1
5657, 498422514, 20, 0, 1
6132, 498428646, 21, 0, 1
11289, 498439935, 38, 0, 1
6154, 498446089, 20, 0, 1
5646, 498451735, 20, 0, 1
6164, 498457899, 20, 0, 1
11307, 498469206, 35, 0, 1
6134, 498475340, 23, 0, 1
5658, 498480998, 14, 0, 1
6138, 498487136, 16, 0, 1
11300, 498498436, 43, 0, 1
6160, 498504596, 21, 0, 1
5658, 498510254, 17, 0, 1
6132, 498516386, 17, 0, 1
11316, 498527702, 30, 0, 1
6152, 498533854, 21, 0, 1
5654, 498539508, 22, 0, 1
6127, 498545635, 20, 0, 1
11310, 498556945, 33, 0, 1
7530, 498564475, 33, 0, 1
5658, 498570133, 18, 0, 1
6145, 498576278, 17, 0, 1
11301, 498587579, 39, 0, 1
6172, 498593751, 18, 0, 1
5658, 498599409, 13, 0, 1
6138, 498605547, 16, 0, 1
11293, 498616840, 46, 0, 1
6153, 498622993, 21, 0, 1
5646, 498628639, 17, 0, 1
6138, 498634777, 17, 0, 1
11309, 498646086, 31, 0, 1
6166, 498652252, 22, 0, 1
5658, 498657910, 11, 0, 1
6119, 498664029, 21, 0, 1
11290, 498675319, 27, 0, 1
6154, 498681473, 17, 0, 1
5657, 498687130, 16, 0, 1
6151, 498693281, 18, 0, 1
11316, 498704597, 15, 0, 1
6160, 498710757, 15, 0, 1
8997, 498719754, 173, 13, 1
915567, 499635321, 14867, 3754, 9
15119, 499650440, 807, 18, 1
6434, 499656874, 28, 0, 1
6684, 499663558, 38, 0, 1
11801, 499675359, 364, 72, 1
14005, 499689364, 63, 0, 1
6661, 499696025, 23, 0, 1
8255, 499704280, 130, 22, 1
6833, 499711113, 29, 0, 1
