23, 1, 2283746, 456749.000
20, 2283747, 9049478, 1353146.200
17, 9049479, 25800784, 1675130.500
26, 25800785, 33428495, 1525542.000
5, 33428496, 38922355, 1098771.800
10, 38922356, 51673282, 2550185.200
3, 51673283, 877996659, 2504010.230
9, 877996660, 889867890, 2374246.000
3, 889867891, 901757935, 2378008.800
9, 901757936, 913549778, 2358368.400
3, 913549779, 925344580, 2358960.200
9, 925344581, 937157468, 2362577.400
3, 937157469, 949032174, 2374941.000
9, 949032175, 960886276, 2370820.200
3, 960886277, 972618051, 2346354.800
9, 972618052, 1286321016, 2323725.659
21, 1286321017, 1294088757, 1553548.000
8, 1294088758, 1569438930, 1529723.178
5, 1569438931, 1572995250, 711263.800
7, 1572995251, 1600728875, 616302.756
5, 1600728876, 1642081417, 1181501.171
2, 1642081418, 1643435745, 270865.400
25, 1643435746, 1655502075, 2413265.800
6, 1655502076, 1655703434, 5753.086
