2497732, 2497732, 53216, 881, 4
10163365, 12661097, 75104, 6974, 17
19170765, 31831862, 19264, 4410, 11
19183615, 51015477, 23825, 4616, 11
19102407, 70117884, 17619, 3278, 7
19623881, 89741765, 18422, 3540, 7
19505680, 109247445, 18091, 4162, 7
18362219, 127609664, 25187, 5530, 2
19204145, 146813809, 18449, 3993, 7
19765323, 166579132, 18832, 3979, 7
19673303, 186252435, 20510, 3149, 7
19447524, 205699959, 19435, 4008, 7
19628509, 225328468, 18770, 4320, 11
19607575, 244936043, 18435, 2665, 7
18227285, 263163328, 25161, 4399, 11
19269718, 282433046, 20037, 3210, 7
19251408, 301684454, 19089, 3957, 7
19600927, 321285381, 18845, 4364, 11
19712170, 340997551, 19077, 4174, 7
19640451, 360638002, 19580, 4387, 11
19612633, 380250635, 19411, 3598, 7
19639286, 399889921, 19113, 3885, 7
19703436, 419593357, 18917, 3445, 7
19634306, 439227663, 19393, 3933, 7
19656098, 458883761, 19064, 4521, 11
19594143, 478477904, 19523, 5029, 11
13613505, 492091409, 29617, 1280, 19
4248292, 496339701, 9289, 80, 6
5665, 496345366, 41, 0, 1
5652, 496351018, 21, 0, 1
6160, 496357178, 20, 0, 1
11772, 496368950, 44, 0, 1
5634, 496374584, 15, 0, 1
5658, 496380242, 17, 0, 1
6118, 496386360, 26, 0, 1
11757, 496398117, 38, 0, 1
5628, 496403745, 14, 0, 1
5651, 496409396, 20, 0, 1
6172, 496415568, 17, 0, 1
11783, 496427351, 33, 0, 1
5658, 496433009, 10, 0, 1
5660, 496438669, 27, 0, 1
6129, 496444798, 23, 0, 1
20887, 496465685, 325, 3, 1
5658, 496471343, 25, 0, 1
5658, 496477001, 7, 0, 1
7511, 496484512, 107, 0, 1
11796, 496496308, 25, 0, 1
5621, 496501929, 20, 0, 1
5658, 496507587, 9, 0, 1
6136, 496513723, 24, 0, 1
11796, 496525519, 25, 0, 1
5620, 496531139, 17, 0, 1
5651, 496536790, 19, 0, 1
11784, 496548574, 44, 0, 1
6138, 496554712, 20, 0, 1
5620, 496560332, 22, 0, 1
5638, 496565970, 23, 0, 1
11789, 496577759, 42, 0, 1
6138, 496583897, 18, 0, 1
5648, 496589545, 21, 0, 1
5651, 496595196, 23, 0, 1
11797, 496606993, 39, 0, 1
6997, 496613990, 107, 7, 1
5658, 496619648, 14, 0, 1
5643, 496625291, 22, 0, 1
11800, 496637091, 32, 0, 1
6100, 496643191, 29, 0, 1
5643, 496648834, 24, 0, 1
5647, 496654481, 21, 0, 1
11790, 496666271, 48, 0, 1
6132, 496672403, 20, 0, 1
5627, 496678030, 20, 0, 1
5652, 496683682, 11, 0, 1
11775, 496695457, 42, 0, 1
6151, 496701608, 20, 0, 1
5657, 496707265, 28, 0, 1
5652, 496712917, 13, 0, 1
11775, 496724692, 48, 0, 1
6138, 496730830, 15, 0, 1
5636, 496736466, 23, 0, 1
5661, 496742127, 28, 0, 1
11808, 496753935, 38, 0, 1
6138, 496760073, 19, 0, 1
5658, 496765731, 16, 0, 1
5658, 496771389, 10, 0, 1
11787, 496783176, 59, 0, 1
6145, 496789321, 19, 0, 1
5658, 496794979, 8, 0, 1
5652, 496800631, 16, 0, 1
11824, 496812455, 41, 1, 1
6102, 496818557, 28, 0, 1
5658, 496824215, 12, 0, 1
5651, 496829866, 19, 0, 1
11818, 496841684, 34, 0, 1
6164, 496847848, 19, 0, 1
5658, 496853506, 20, 1, 1
7034, 496860540, 33, 0, 1
12521, 496873061, 91, 0, 1
8597, 496881658, 194, 1, 1
6373, 496888031, 29, 0, 1
6321, 496894352, 26, 0, 1
12233, 496906585, 46, 0, 1
6132, 496912717, 20, 0, 1
6085, 496918802, 25, 0, 1
6112, 496924914, 35, 0, 1
12207, 496937121, 45, 0, 1
6129, 496943250, 19, 0, 1
6116, 496949366, 18, 0, 1
6116, 496955482, 16, 0, 1
12196, 496967678, 50, 0, 1
6110, 496973788, 18, 0, 1
6116, 496979904, 17, 0, 1
6089, 496985993, 27, 0, 1
12218, 496998211, 42, 0, 1
6091, 497004302, 23, 0, 1
6098, 497010400, 22, 0, 1
6116, 497016516, 17, 0, 1
12198, 497028714, 50, 0, 1
6110, 497034824, 19, 0, 1
6099, 497040923, 20, 0, 1
6084, 497047007, 27, 0, 1
11755, 497058762, 28, 0, 1
6138, 497064900, 15, 0, 1
6116, 497071016, 17, 0, 1
5640, 497076656, 17, 0, 1
11752, 497088408, 42, 0, 1
6151, 497094559, 15, 0, 1
5645, 497100204, 20, 0, 1
5658, 497105862, 8, 0, 1
11798, 497117660, 33, 0, 1
6121, 497123781, 33, 0, 1
5658, 497129439, 12, 0, 1
5657, 497135096, 20, 0, 1
11794, 497146890, 38, 0, 1
6138, 497153028, 18, 0, 1
5615, 497158643, 18, 0, 1
5654, 497164297, 23, 0, 1
11792, 497176089, 39, 0, 1
6151, 497182240, 18, 0, 1
5658, 497187898, 10, 0, 1
5657, 497193555, 20, 0, 1
11799, 497205354, 32, 0, 1
6103, 497211457, 21, 0, 1
5639, 497217096, 18, 0, 1
5658, 497222754, 10, 0, 1
11817, 497234571, 36, 0, 1
6123, 497240694, 27, 0, 1
7040, 497247734, 38, 0, 1
5622, 497253356, 15, 0, 1
11772, 497265128, 40, 0, 1
6138, 497271266, 15, 0, 1
5628, 497276894, 15, 0, 1
5652, 497282546, 11, 0, 1
11783, 497294329, 31, 0, 1
6101, 497300430, 23, 0, 1
5640, 497306070, 26, 0, 1
5633, 497311703, 16, 0, 1
11817, 497323520, 34, 0, 1
6151, 497329671, 16, 0, 1
5646, 497335317, 18, 0, 1
5652, 497340969, 15, 0, 1
11781, 497352750, 29, 0, 1
6106, 497358856, 24, 0, 1
5658, 497364514, 11, 0, 1
5652, 497370166, 14, 0, 1
11830, 497381996, 33, 0, 1
6119, 497388115, 22, 0, 1
5658, 497393773, 10, 0, 1
5652, 497399425, 12, 0, 1
11796, 497411221, 36, 0, 1
6151, 497417372, 16, 0, 1
5658, 497423030, 12, 0, 1
5658, 497428688, 9, 0, 1
11758, 497440446, 33, 0, 1
6138, 497446584, 18, 0, 1
5658, 497452242, 10, 0, 1
5660, 497457902, 31, 0, 1
11817, 497469719, 40, 0, 1
6132, 497475851, 23, 0, 1
5651, 497481502, 25, 0, 1
5651, 497487153, 22, 0, 1
11806, 497498959, 23, 0, 1
6131, 497505090, 20, 0, 1
5646, 497510736, 15, 0, 1
5642, 497516378, 25, 0, 1
11778, 497528156, 39, 0, 1
6145, 497534301, 16, 0, 1
5658, 497539959, 14, 0, 1
5658, 497545617, 12, 0, 1
11792, 497557409, 27, 0, 1
6151, 497563560, 13, 0, 1
5640, 497569200, 15, 0, 1
5651, 497574851, 20, 0, 1
11816, 497586667, 34, 0, 1
6132, 497592799, 16, 0, 1
5658, 497598457, 13, 0, 1
5648, 497604105, 24, 0, 1
11865, 497615970, 42, 0, 1
7515, 497623485, 29, 0, 1
5650, 497629135, 25, 0, 1
5661, 497634796, 28, 0, 1
11809, 497646605, 37, 0, 1
6151, 497652756, 17, 0, 1
5658, 497658414, 11, 0, 1
5643, 497664057, 23, 0, 1
11798, 497675855, 38, 0, 1
6118, 497681973, 27, 0, 1
5640, 497687613, 18, 0, 1
5658, 497693271, 9, 0, 1
11801, 497705072, 46, 0, 1
6118, 497711190, 22, 0, 1
5640, 497716830, 18, 0, 1
5658, 497722488, 10, 0, 1
11770, 497734258, 28, 0, 1
6117, 497740375, 27, 0, 1
5639, 497746014, 20, 0, 1
5656, 497751670, 26, 0, 1
11825, 497763495, 29, 0, 1
6125, 497769620, 21, 0, 1
5640, 497775260, 14, 0, 1
5658, 497780918, 11, 0, 1
11818, 497792736, 31, 0, 1
6120, 497798856, 25, 0, 1
6097, 497804953, 27, 0, 1
5622, 497810575, 17, 0, 1
11746, 497822321, 35, 0, 1
6138, 497828459, 17, 0, 1
5627, 497834086, 22, 0, 1
5658, 497839744, 9, 0, 1
11783, 497851527, 30, 0, 1
6131, 497857658, 33, 0, 1
5645, 497863303, 22, 0, 1
5658, 497868961, 10, 0, 1
11775, 497880736, 45, 0, 1
6133, 497886869, 25, 0, 1
5658, 497892527, 11, 0, 1
5622, 497898149, 18, 0, 1
11804, 497909953, 39, 0, 1
6138, 497916091, 16, 0, 1
5652, 497921743, 15, 0, 1
5658, 497927401, 13, 0, 1
11823, 497939224, 33, 0, 1
6102, 497945326, 25, 0, 1
5658, 497950984, 12, 0, 1
5652, 497956636, 26, 0, 1
11794, 497968430, 37, 0, 1
6126, 497974556, 19, 0, 1
5658, 497980214, 14, 0, 1
5657, 497985871, 16, 0, 1
13208, 497999079, 50, 0, 1
6138, 498005217, 19, 0, 1
5628, 498010845, 14, 0, 1
5658, 498016503, 11, 0, 1
11805, 498028308, 38, 0, 1
6109, 498034417, 17, 0, 1
5652, 498040069, 15, 0, 1
5657, 498045726, 15, 0, 1
11793, 498057519, 38, 0, 1
6138, 498063657, 17, 0, 1
5646, 498069303, 15, 0, 1
5658, 498074961, 17, 0, 1
11801, 498086762, 23, 0, 1
6138, 498092900, 16, 0, 1
5634, 498098534, 16, 0, 1
5657, 498104191, 21, 0, 1
11799, 498115990, 33, 0, 1
6151, 498122141, 16, 0, 1
5652, 498127793, 14, 0, 1
5658, 498133451, 13, 0, 1
11813, 498145264, 42, 0, 1
6113, 498151377, 21, 0, 1
5656, 498157033, 16, 0, 1
5658, 498162691, 13, 0, 1
11799, 498174490, 34, 0, 1
6132, 498180622, 20, 0, 1
5645, 498186267, 19, 0, 1
5658, 498191925, 11, 0, 1
11780, 498203705, 37, 0, 1
6132, 498209837, 23, 0, 1
5652, 498215489, 13, 0, 1
5657, 498221146, 20, 0, 1
11818, 498232964, 32, 0, 1
6138, 498239102, 16, 0, 1
5652, 498244754, 13, 0, 1
5658, 498250412, 13, 0, 1
11817, 498262229, 32, 0, 1
6146, 498268375, 26, 0, 1
5646, 498274021, 13, 0, 1
5651, 498279672, 14, 0, 1
11809, 498291481, 32, 0, 1
6132, 498297613, 21, 0, 1
5658, 498303271, 10, 0, 1
5657, 498308928, 15, 0, 1
11831, 498320759, 20, 0, 1
6138, 498326897, 17, 0, 1
5658, 498332555, 13, 0, 1
5658, 498338213, 11, 0, 1
11804, 498350017, 32, 0, 1
6164, 498356181, 14, 0, 1
5645, 498361826, 18, 0, 1
5658, 498367484, 12, 0, 1
13146, 498380630, 56, 0, 1
6137, 498386767, 24, 0, 1
5652, 498392419, 13, 0, 1
5657, 498398076, 18, 0, 1
11807, 498409883, 27, 0, 1
6132, 498416015, 21, 0, 1
5633, 498421648, 17, 0, 1
5658, 498427306, 10, 0, 1
11806, 498439112, 24, 0, 1
6107, 498445219, 20, 0, 1
5645, 498450864, 15, 0, 1
5662, 498456526, 18, 0, 1
11825, 498468351, 29, 0, 1
6132, 498474483, 20, 0, 1
5646, 498480129, 14, 0, 1
5658, 498485787, 11, 0, 1
11818, 498497605, 19, 0, 1
6151, 498503756, 15, 0, 1
5658, 498509414, 11, 0, 1
5658, 498515072, 11, 0, 1
11809, 498526881, 25, 0, 1
6132, 498533013, 18, 0, 1
5640, 498538653, 15, 0, 1
11812, 498550465, 29, 0, 1
5658, 498556123, 13, 0, 1
6138, 498562261, 17, 0, 1
5652, 498567913, 14, 0, 1
11804, 498579717, 38, 0, 1
5652, 498585369, 17, 0, 1
6145, 498591514, 26, 0, 1
5645, 498597159, 16, 0, 1
11802, 498608961, 34, 0, 1
8970, 498617931, 202, 5, 1
883181, 499501112, 14650, 932, 5
8377, 499509489, 774, 2, 1
13762, 499523251, 67, 0, 1
6732, 499529983, 39, 0, 1
12492, 499542475, 394, 19, 1
7005, 499549480, 46, 0, 1
13127, 499562607, 41, 0, 1
2305345, 2305345, 49122, 712, 4
9506571, 11811916, 78346, 6051, 17
19123847, 30935763, 18165, 4054, 7
13452389, 44388152, 16561, 2853, 19
19213051, 63601203, 17302, 3148, 7
19573757, 83174960, 18143, 1997, 3
18872276, 102047236, 23362, 5236, 11
18950479, 120997715, 18376, 3723, 7
19147155, 140144870, 17940, 3885, 7
19624298, 159769168, 20803, 2958, 7
19718238, 179487406, 18335, 3385, 7
19621825, 199109231, 18184, 2237, 3
19557341, 218666572, 18551, 4493, 11
19396931, 238063503, 19400, 2199, 3
18278684, 256342187, 23602, 3011, 7
19459575, 275801762, 18393, 3736, 7
19221175, 295022937, 18546, 3116, 7
19610674, 314633611, 18970, 4261, 7
19556513, 334190124, 19117, 3267, 7
19662455, 353852579, 18589, 4416, 11
19582377, 373434956, 18649, 4145, 7
19716521, 393151477, 19040, 2929, 7
19667833, 412819310, 18555, 4160, 7
19553409, 432372719, 18915, 2907, 7
19662067, 452034786, 18465, 4445, 11
19609755, 471644541, 19068, 5004, 11
17433988, 489078529, 25818, 3197, 7
8207344, 497285873, 19135, 116, 12
6095, 497291968, 356, 1, 1
11792, 497303760, 55, 0, 1
5622, 497309382, 20, 0, 1
5650, 497315032, 29, 0, 1
6152, 497321184, 30, 0, 1
11793, 497332977, 36, 0, 1
5658, 497338635, 12, 0, 1
5652, 497344287, 12, 0, 1
6154, 497350441, 25, 0, 1
11782, 497362223, 38, 0, 1
5652, 497367875, 18, 0, 1
5651, 497373526, 21, 0, 1
6150, 497379676, 30, 0, 1
11765, 497391441, 47, 0, 1
5627, 497397068, 21, 0, 1
5655, 497402723, 29, 0, 1
6160, 497408883, 19, 0, 1
11754, 497420637, 37, 0, 1
5658, 497426295, 12, 0, 1
5658, 497431953, 11, 0, 1
6152, 497438105, 31, 0, 1
11790, 497449895, 32, 0, 1
5658, 497455553, 14, 0, 1
5646, 497461199, 17, 0, 1
6151, 497467350, 25, 0, 1
11782, 497479132, 38, 0, 1
5658, 497484790, 12, 0, 1
5658, 497490448, 13, 0, 1
6173, 497496621, 15, 0, 1
11796, 497508417, 21, 0, 1
5639, 497514056, 18, 0, 1
5640, 497519696, 19, 0, 1
6160, 497525856, 16, 0, 1
11808, 497537664, 35, 0, 1
5635, 497543299, 21, 0, 1
5658, 497548957, 10, 0, 1
6130, 497555087, 24, 0, 1
11790, 497566877, 26, 0, 1
5645, 497572522, 20, 0, 1
5652, 497578174, 16, 0, 1
16625, 497594799, 379, 6, 1
11782, 497606581, 60, 0, 1
5655, 497612236, 25, 0, 1
5639, 497617875, 21, 0, 1
6160, 497624035, 16, 0, 1
11782, 497635817, 35, 0, 1
5639, 497641456, 17, 0, 1
5652, 497647108, 13, 0, 1
6130, 497653238, 22, 0, 1
11795, 497665033, 32, 0, 1
5658, 497670691, 10, 0, 1
5658, 497676349, 13, 0, 1
6167, 497682516, 27, 0, 1
11788, 497694304, 42, 0, 1
5646, 497699950, 15, 0, 1
5658, 497705608, 10, 0, 1
6136, 497711744, 22, 0, 1
11798, 497723542, 42, 0, 1
5658, 497729200, 13, 0, 1
5658, 497734858, 11, 0, 1
6141, 497740999, 27, 0, 1
11795, 497752794, 35, 0, 1
5658, 497758452, 12, 0, 1
5652, 497764104, 14, 0, 1
6148, 497770252, 21, 0, 1
11771, 497782023, 31, 0, 1
5627, 497787650, 20, 0, 1
5658, 497793308, 10, 0, 1
6148, 497799456, 17, 0, 1
11796, 497811252, 23, 0, 1
5658, 497816910, 17, 0, 1
5658, 497822568, 9, 0, 1
6673, 497829241, 66, 0, 1
15026, 497844267, 191, 2, 1
6319, 497850586, 29, 0, 1
5637, 497856223, 22, 0, 1
6623, 497862846, 21, 0, 1
11783, 497874629, 28, 0, 1
6104, 497880733, 21, 0, 1
6110, 497886843, 22, 0, 1
12202, 497899045, 34, 0, 1
6080, 497905125, 25, 0, 1
6098, 497911223, 23, 0, 1
6101, 497917324, 33, 0, 1
12194, 497929518, 45, 0, 1
6116, 497935634, 16, 0, 1
6111, 497941745, 31, 0, 1
6116, 497947861, 19, 0, 1
12166, 497960027, 44, 0, 1
6107, 497966134, 34, 0, 1
6117, 497972251, 27, 0, 1
7493, 497979744, 38, 0, 1
12181, 497991925, 41, 0, 1
6090, 497998015, 27, 0, 1
5640, 498003655, 15, 0, 1
5640, 498009295, 17, 0, 1
12288, 498021583, 28, 0, 1
6073, 498027656, 23, 0, 1
5653, 498033309, 30, 0, 1
5658, 498038967, 13, 0, 1
11806, 498050773, 30, 0, 1
6138, 498056911, 17, 0, 1
5627, 498062538, 21, 0, 1
5658, 498068196, 14, 0, 1
11793, 498079989, 45, 0, 1
6138, 498086127, 16, 0, 1
5627, 498091754, 19, 0, 1
5658, 498097412, 12, 0, 1
11818, 498109230, 22, 0, 1
6114, 498115344, 23, 0, 1
5658, 498121002, 20, 0, 1
5621, 498126623, 22, 0, 1
11821, 498138444, 33, 0, 1
6138, 498144582, 17, 0, 1
5632, 498150214, 24, 0, 1
5637, 498155851, 27, 0, 1
11815, 498167666, 40, 0, 1
6138, 498173804, 14, 0, 1
5657, 498179461, 20, 0, 1
5652, 498185113, 17, 0, 1
11814, 498196927, 48, 0, 1
6138, 498203065, 14, 0, 1
5658, 498208723, 12, 0, 1
5645, 498214368, 14, 0, 1
11818, 498226186, 25, 0, 1
6138, 498232324, 14, 0, 1
5634, 498237958, 18, 0, 1
5658, 498243616, 11, 0, 1
11814, 498255430, 42, 0, 1
6138, 498261568, 26, 0, 1
5658, 498267226, 11, 0, 1
5652, 498272878, 21, 0, 1
11801, 498284679, 24, 0, 1
6138, 498290817, 17, 0, 1
5658, 498296475, 12, 0, 1
5657, 498302132, 19, 0, 1
11793, 498313925, 38, 0, 1
6138, 498320063, 15, 0, 1
5637, 498325700, 22, 0, 1
5643, 498331343, 21, 0, 1
11806, 498343149, 28, 0, 1
6151, 498349300, 15, 0, 1
7017, 498356317, 34, 0, 1
5658, 498361975, 11, 0, 1
11800, 498373775, 31, 0, 1
6138, 498379913, 15, 0, 1
5656, 498385569, 20, 0, 1
5651, 498391220, 19, 0, 1
11821, 498403041, 28, 0, 1
6119, 498409160, 24, 0, 1
5658, 498414818, 12, 0, 1
5639, 498420457, 15, 0, 1
11770, 498432227, 32, 0, 1
6126, 498438353, 23, 0, 1
5658, 498444011, 13, 0, 1
5652, 498449663, 15, 0, 1
11786, 498461449, 43, 0, 1
6132, 498467581, 19, 0, 1
5626, 498473207, 22, 0, 1
5652, 498478859, 17, 0, 1
11792, 498490651, 48, 0, 1
6138, 498496789, 25, 0, 1
5658, 498502447, 13, 0, 1
5641, 498508088, 15, 0, 1
11810, 498519898, 34, 0, 1
6126, 498526024, 23, 0, 1
5639, 498531663, 19, 0, 1
5658, 498537321, 13, 0, 1
11814, 498549135, 42, 0, 1
6138, 498555273, 16, 0, 1
5658, 498560931, 10, 0, 1
5648, 498566579, 25, 0, 1
11784, 498578363, 35, 0, 1
6137, 498584500, 25, 0, 1
5638, 498590138, 25, 0, 1
5638, 498595776, 22, 0, 1
11818, 498607594, 21, 0, 1
6138, 498613732, 16, 0, 1
5620, 498619352, 19, 0, 1
5644, 498624996, 14, 0, 1
11824, 498636820, 41, 0, 1
6109, 498642929, 27, 0, 1
5644, 498648573, 22, 0, 1
5658, 498654231, 12, 0, 1
11817, 498666048, 23, 0, 1
6138, 498672186, 16, 0, 1
5621, 498677807, 19, 0, 1
5658, 498683465, 9, 0, 1
11822, 498695287, 41, 0, 1
6119, 498701406, 23, 0, 1
5658, 498707064, 12, 0, 1
5649, 498712713, 18, 0, 1
11768, 498724481, 40, 0, 1
7507, 498731988, 45, 0, 1
5640, 498737628, 15, 0, 1
5644, 498743272, 22, 0, 1
11806, 498755078, 28, 0, 1
6119, 498761197, 26, 0, 1
5658, 498766855, 10, 0, 1
5658, 498772513, 12, 0, 1
11785, 498784298, 41, 0, 1
6138, 498790436, 16, 0, 1
5658, 498796094, 13, 0, 1
5651, 498801745, 19, 0, 1
11794, 498813539, 50, 0, 1
6149, 498819688, 27, 0, 1
5651, 498825339, 22, 0, 1
5657, 498830996, 22, 0, 1
11812, 498842808, 33, 0, 1
6132, 498848940, 19, 0, 1
5626, 498854566, 16, 0, 1
5651, 498860217, 20, 0, 1
11808, 498872025, 45, 0, 1
6138, 498878163, 15, 0, 1
5632, 498883795, 20, 0, 1
5665, 498889460, 27, 0, 1
11812, 498901272, 27, 0, 1
6138, 498907410, 13, 0, 1
5658, 498913068, 11, 0, 1
5657, 498918725, 20, 0, 1
11812, 498930537, 39, 0, 1
6138, 498936675, 15, 0, 1
5646, 498942321, 18, 0, 1
5660, 498947981, 26, 0, 1
11785, 498959766, 41, 0, 1
6151, 498965917, 16, 0, 1
5622, 498971539, 16, 0, 1
5634, 498977173, 16, 0, 1
11763, 498988936, 31, 0, 1
6124, 498995060, 21, 0, 1
5658, 499000718, 10, 0, 1
5658, 499006376, 11, 0, 1
11806, 499018182, 38, 0, 1
6138, 499024320, 14, 0, 1
5636, 499029956, 18, 0, 1
5648, 499035604, 27, 0, 1
11796, 499047400, 49, 0, 1
6151, 499053551, 14, 0, 1
5645, 499059196, 17, 0, 1
5664, 499064860, 21, 0, 1
11799, 499076659, 42, 0, 1
6138, 499082797, 19, 0, 1
5638, 499088435, 23, 0, 1
5651, 499094086, 15, 0, 1
13190, 499107276, 60, 0, 1
6138, 499113414, 18, 0, 1
5641, 499119055, 25, 0, 1
5664, 499124719, 29, 0, 1
11816, 499136535, 38, 0, 1
6138, 499142673, 18, 0, 1
5630, 499148303, 21, 0, 1
5631, 499153934, 22, 0, 1
11796, 499165730, 45, 0, 1
6138, 499171868, 15, 0, 1
5658, 499177526, 12, 0, 1
5666, 499183192, 26, 0, 1
11821, 499195013, 33, 0, 1
13958, 499208971, 229, 29, 1
6104, 499215075, 31, 0, 1
5627, 499220702, 23, 0, 1
11772, 499232474, 27, 0, 1
6114, 499238588, 23, 0, 1
5626, 499244214, 22, 0, 1
5658, 499249872, 10, 0, 1
11817, 499261689, 35, 0, 1
6138, 499267827, 19, 0, 1
5632, 499273459, 18, 0, 1
5658, 499279117, 12, 0, 1
11803, 499290920, 38, 0, 1
6151, 499297071, 16, 0, 1
5639, 499302710, 18, 0, 1
5658, 499308368, 13, 0, 1
11771, 499320139, 43, 0, 1
6138, 499326277, 19, 0, 1
5658, 499331935, 9, 0, 1
5658, 499337593, 21, 0, 1
11803, 499349396, 43, 0, 1
6138, 499355534, 17, 0, 1
5658, 499361192, 13, 0, 1
5642, 499366834, 26, 0, 1
11805, 499378639, 36, 0, 1
6127, 499384766, 17, 0, 1
5649, 499390415, 19, 0, 1
5633, 499396048, 23, 0, 1
11833, 499407881, 47, 0, 1
6138, 499414019, 15, 0, 1
5658, 499419677, 12, 0, 1
5655, 499425332, 25, 0, 1
11817, 499437149, 31, 0, 1
6151, 499443300, 11, 0, 1
5645, 499448945, 19, 0, 1
5658, 499454603, 21, 0, 1
11768, 499466371, 34, 0, 1
6138, 499472509, 14, 0, 1
5620, 499478129, 19, 0, 1
7020, 499485149, 42, 0, 1
11823, 499496972, 49, 0, 1
6125, 499503097, 22, 0, 1
5640, 499508737, 19, 0, 1
5645, 499514382, 21, 0, 1
11810, 499526192, 43, 0, 1
6144, 499532336, 20, 0, 1
5651, 499537987, 21, 0, 1
5658, 499543645, 12, 0, 1
11782, 499555427, 34, 0, 1
6130, 499561557, 23, 0, 1
5658, 499567215, 15, 0, 1
5651, 499572866, 21, 0, 1
11831, 499584697, 27, 0, 1
6136, 499590833, 34, 0, 1
5645, 499596478, 19, 0, 1
8991, 499605469, 175, 1, 1
899365, 500504834, 14948, 1092, 5
6419, 500511253, 45, 1, 1
6738, 500517991, 32, 0, 1
6654, 500524645, 53, 0, 1
18602, 500543247, 398, 19, 1
6474, 500549721, 40, 0, 1
6724, 500556445, 24, 0, 1
8006, 500564451, 128, 3, 1
3286541, 3286541, 62277, 1327, 14
10306080, 13592621, 66449, 6560, 17
19420427, 33013048, 18558, 3957, 7
19299382, 52312430, 20176, 4155, 7
19441925, 71754355, 20860, 2124, 3
19769584, 91523939, 19303, 2824, 7
19639444, 111163383, 17475, 4026, 7
18855775, 130019158, 24852, 5074, 11
19135242, 149154400, 18438, 3216, 7
19981952, 169136352, 19454, 3677, 7
19341157, 188477509, 20501, 2502, 7
19786070, 208263579, 18821, 3552, 7
19698310, 227961889, 19079, 3986, 7
19711784, 247673673, 20347, 2637, 7
18873340, 266547013, 23597, 3912, 7
19525947, 286072960, 18659, 3323, 7
19022013, 305094973, 18639, 3544, 7
19605071, 324700044, 19557, 3811, 7
19847531, 344547575, 18971, 4322, 11
19701148, 364248723, 18664, 3991, 7
19878773, 384127496, 18271, 3251, 7
19705214, 403832710, 19108, 4325, 11
19895900, 423728610, 18609, 3011, 7
19780699, 443509309, 19179, 4024, 7
19777137, 463286446, 18823, 4886, 11
19725924, 483012370, 19424, 5087, 11
11029280, 494041650, 28327, 137, 12
2275928, 496317578, 5957, 98, 5
6116, 496323694, 26, 0, 1
11796, 496335490, 31, 0, 1
5658, 496341148, 14, 0, 1
5646, 496346794, 16, 0, 1
7519, 496354313, 101, 0, 1
11791, 496366104, 33, 0, 1
5658, 496371762, 12, 0, 1
5657, 496377419, 16, 0, 1
6160, 496383579, 17, 0, 1
11789, 496395368, 34, 0, 1
5645, 496401013, 17, 0, 1
5658, 496406671, 9, 0, 1
6167, 496412838, 17, 0, 1
11796, 496424634, 19, 0, 1
5658, 496430292, 9, 0, 1
5657, 496435949, 16, 0, 1
6154, 496442103, 18, 0, 1
11781, 496453884, 30, 0, 1
5646, 496459530, 15, 0, 1
5658, 496465188, 13, 0, 1
6144, 496471332, 22, 0, 1
11787, 496483119, 33, 0, 1
5638, 496488757, 21, 0, 1
5658, 496494415, 16, 0, 1
6148, 496500563, 15, 0, 1
11800, 496512363, 32, 0, 1
5657, 496518020, 17, 0, 1
5651, 496523671, 19, 0, 1
6154, 496529825, 18, 0, 1
11771, 496541596, 31, 0, 1
5627, 496547223, 20, 0, 1
5657, 496552880, 14, 0, 1
6180, 496559060, 21, 0, 1
11789, 496570849, 25, 0, 1
5646, 496576495, 19, 0, 1
5658, 496582153, 11, 0, 1
6154, 496588307, 18, 0, 1
11809, 496600116, 22, 0, 1
5658, 496605774, 11, 0, 1
5658, 496611432, 14, 0, 1
6160, 496617592, 15, 0, 1
11796, 496629388, 19, 0, 1
5658, 496635046, 15, 0, 1
5658, 496640704, 14, 0, 1
6173, 496646877, 18, 0, 1
11796, 496658673, 24, 0, 1
5657, 496664330, 21, 0, 1
5651, 496669981, 15, 0, 1
6154, 496676135, 16, 0, 1
11796, 496687931, 21, 0, 1
5658, 496693589, 14, 0, 1
5658, 496699247, 12, 0, 1
15223, 496714470, 324, 4, 1
11790, 496726260, 43, 0, 1
5658, 496731918, 12, 0, 1
7034, 496738952, 37, 0, 1
6136, 496745088, 26, 0, 1
11785, 496756873, 31, 0, 1
5658, 496762531, 16, 0, 1
5658, 496768189, 8, 0, 1
6118, 496774307, 21, 0, 1
11790, 496786097, 25, 0, 1
5658, 496791755, 11, 0, 1
5657, 496797412, 17, 0, 1
6161, 496803573, 22, 0, 1
11796, 496815369, 25, 0, 1
5658, 496821027, 12, 0, 1
5639, 496826666, 17, 0, 1
6160, 496832826, 16, 0, 1
12336, 496845162, 69, 0, 1
6333, 496851495, 24, 0, 1
5648, 496857143, 22, 0, 1
6680, 496863823, 24, 0, 1
12904, 496876727, 40, 0, 1
6116, 496882843, 18, 0, 1
5646, 496888489, 19, 0, 1
6145, 496894634, 20, 0, 1
12189, 496906823, 48, 0, 1
6073, 496912896, 23, 0, 1
6110, 496919006, 20, 0, 1
6116, 496925122, 16, 0, 1
12207, 496937329, 38, 0, 1
6136, 496943465, 18, 0, 1
6116, 496949581, 16, 0, 1
6116, 496955697, 17, 0, 1
12232, 496967929, 25, 0, 1
6116, 496974045, 18, 0, 1
6116, 496980161, 19, 0, 1
6116, 496986277, 17, 0, 1
12238, 496998515, 31, 0, 1
6116, 497004631, 14, 0, 1
6116, 497010747, 15, 0, 1
6116, 497016863, 14, 0, 1
11796, 497028659, 23, 0, 1
6074, 497034733, 22, 0, 1
5652, 497040385, 15, 0, 1
6151, 497046536, 18, 0, 1
11803, 497058339, 19, 0, 1
5658, 497063997, 12, 0, 1
5658, 497069655, 8, 0, 1
6112, 497075767, 24, 0, 1
11809, 497087576, 12, 0, 1
5658, 497093234, 10, 0, 1
5658, 497098892, 14, 0, 1
11817, 497110709, 28, 0, 1
6112, 497116821, 24, 0, 1
7035, 497123856, 24, 0, 1
5658, 497129514, 15, 0, 1
11818, 497141332, 31, 0, 1
6138, 497147470, 16, 0, 1
5652, 497153122, 13, 0, 1
5651, 497158773, 21, 0, 1
11806, 497170579, 29, 0, 1
6120, 497176699, 22, 0, 1
5652, 497182351, 11, 0, 1
5658, 497188009, 12, 0, 1
11831, 497199840, 20, 0, 1
6153, 497205993, 30, 0, 1
5658, 497211651, 9, 0, 1
5658, 497217309, 11, 0, 1
11818, 497229127, 21, 0, 1
6151, 497235278, 17, 0, 1
5658, 497240936, 11, 0, 1
5658, 497246594, 17, 0, 1
11795, 497258389, 29, 0, 1
6120, 497264509, 20, 0, 1
5658, 497270167, 11, 0, 1
5658, 497275825, 9, 0, 1
11813, 497287638, 31, 0, 1
6138, 497293776, 15, 0, 1
5658, 497299434, 14, 0, 1
5658, 497305092, 10, 0, 1
11809, 497316901, 34, 0, 1
6164, 497323065, 17, 0, 1
5651, 497328716, 22, 0, 1
5662, 497334378, 20, 0, 1
11805, 497346183, 35, 0, 1
6138, 497352321, 18, 0, 1
5634, 497357955, 16, 0, 1
5658, 497363613, 8, 0, 1
11830, 497375443, 25, 0, 1
6132, 497381575, 20, 0, 1
5646, 497387221, 20, 0, 1
5658, 497392879, 12, 0, 1
11776, 497404655, 31, 0, 1
6132, 497410787, 18, 0, 1
5658, 497416445, 11, 0, 1
5658, 497422103, 11, 0, 1
11777, 497433880, 30, 0, 1
6138, 497440018, 15, 0, 1
5658, 497445676, 13, 0, 1
5658, 497451334, 11, 0, 1
11798, 497463132, 35, 1, 1
14355, 497477487, 269, 73, 1
5658, 497483145, 25, 0, 1
5658, 497488803, 10, 0, 1
11818, 497500621, 21, 1, 1
7515, 497508136, 32, 0, 1
5616, 497513752, 21, 0, 1
5657, 497519409, 20, 0, 1
11812, 497531221, 36, 0, 1
6138, 497537359, 19, 0, 1
5622, 497542981, 16, 0, 1
5652, 497548633, 15, 0, 1
11824, 497560457, 24, 0, 1
6151, 497566608, 20, 0, 1
5640, 497572248, 16, 0, 1
5634, 497577882, 14, 0, 1
11775, 497589657, 41, 0, 1
6138, 497595795, 17, 0, 1
5658, 497601453, 17, 0, 1
5658, 497607111, 10, 0, 1
11822, 497618933, 27, 0, 1
6138, 497625071, 17, 0, 1
5658, 497630729, 15, 0, 1
5658, 497636387, 9, 0, 1
11817, 497648204, 32, 0, 1
6138, 497654342, 16, 0, 1
5616, 497659958, 17, 0, 1
5651, 497665609, 15, 0, 1
11830, 497677439, 31, 0, 1
6120, 497683559, 19, 0, 1
5646, 497689205, 13, 0, 1
5652, 497694857, 14, 0, 1
11806, 497706663, 28, 0, 1
6158, 497712821, 18, 0, 1
5658, 497718479, 12, 0, 1
5658, 497724137, 15, 0, 1
12501, 497736638, 62, 0, 1
6618, 497743256, 21, 0, 1
6361, 497749617, 24, 0, 1
6333, 497755950, 16, 0, 1
12294, 497768244, 30, 0, 1
6138, 497774382, 17, 0, 1
5658, 497780040, 10, 0, 1
5658, 497785698, 9, 0, 1
11795, 497797493, 43, 0, 1
6158, 497803651, 16, 0, 1
5658, 497809309, 13, 0, 1
5658, 497814967, 10, 0, 1
11818, 497826785, 20, 0, 1
6138, 497832923, 17, 0, 1
5658, 497838581, 9, 0, 1
5658, 497844239, 11, 0, 1
11794, 497856033, 38, 0, 1
6132, 497862165, 16, 0, 1
5646, 497867811, 18, 0, 1
5658, 497873469, 11, 0, 1
13164, 497886633, 43, 0, 1
6131, 497892764, 24, 0, 1
5646, 497898410, 15, 0, 1
5658, 497904068, 11, 0, 1
11825, 497915893, 23, 0, 1
6138, 497922031, 17, 0, 1
5628, 497927659, 16, 0, 1
5658, 497933317, 11, 0, 1
11805, 497945122, 34, 0, 1
6145, 497951267, 22, 0, 1
5616, 497956883, 20, 0, 1
5652, 497962535, 12, 0, 1
11817, 497974352, 32, 0, 1
6126, 497980478, 20, 0, 1
5652, 497986130, 15, 0, 1
5650, 497991780, 18, 0, 1
11831, 498003611, 20, 0, 1
6138, 498009749, 18, 0, 1
5616, 498015365, 15, 0, 1
5651, 498021016, 12, 0, 1
11817, 498032833, 34, 0, 1
6150, 498038983, 17, 0, 1
5658, 498044641, 11, 0, 1
5651, 498050292, 16, 0, 1
11818, 498062110, 20, 0, 1
6138, 498068248, 19, 0, 1
5657, 498073905, 16, 0, 1
5652, 498079557, 12, 0, 1
11851, 498091408, 21, 0, 1
6138, 498097546, 19, 0, 1
5658, 498103204, 13, 0, 1
5658, 498108862, 12, 0, 1
11818, 498120680, 26, 0, 1
6096, 498126776, 23, 0, 1
5658, 498132434, 13, 0, 1
5658, 498138092, 12, 0, 1
11831, 498149923, 22, 0, 1
6120, 498156043, 19, 0, 1
5658, 498161701, 12, 0, 1
5658, 498167359, 13, 0, 1
11798, 498179157, 31, 0, 1
6151, 498185308, 18, 0, 1
5658, 498190966, 10, 0, 1
5658, 498196624, 10, 0, 1
11824, 498208448, 26, 0, 1
6138, 498214586, 16, 0, 1
5652, 498220238, 15, 0, 1
5657, 498225895, 14, 0, 1
11823, 498237718, 38, 0, 1
6138, 498243856, 14, 0, 1
5621, 498249477, 17, 0, 1
5658, 498255135, 12, 0, 1
13182, 498268317, 47, 0, 1
6151, 498274468, 17, 0, 1
5646, 498280114, 16, 0, 1
5658, 498285772, 15, 0, 1
11811, 498297583, 23, 0, 1
6138, 498303721, 18, 0, 1
5658, 498309379, 13, 0, 1
5658, 498315037, 9, 0, 1
11830, 498326867, 29, 0, 1
6126, 498332993, 16, 0, 1
5658, 498338651, 12, 0, 1
5658, 498344309, 11, 0, 1
11818, 498356127, 23, 0, 1
6138, 498362265, 18, 0, 1
5658, 498367923, 11, 0, 1
5658, 498373581, 7, 0, 1
11831, 498385412, 21, 0, 1
6138, 498391550, 15, 0, 1
5658, 498397208, 13, 0, 1
5658, 498402866, 9, 0, 1
11818, 498414684, 24, 0, 1
6151, 498420835, 17, 0, 1
5658, 498426493, 12, 0, 1
5658, 498432151, 11, 0, 1
11818, 498443969, 23, 0, 1
6138, 498450107, 18, 0, 1
5652, 498455759, 14, 0, 1
5658, 498461417, 11, 0, 1
11820, 498473237, 31, 0, 1
6138, 498479375, 13, 0, 1
5658, 498485033, 13, 0, 1
5658, 498490691, 10, 0, 1
11812, 498502503, 22, 0, 1
6151, 498508654, 15, 0, 1
5658, 498514312, 13, 0, 1
5658, 498519970, 10, 0, 1
11805, 498531775, 34, 0, 1
6139, 498537914, 20, 0, 1
5633, 498543547, 21, 0, 1
5658, 498549205, 16, 0, 1
11792, 498560997, 36, 0, 1
6132, 498567129, 20, 0, 1
5658, 498572787, 12, 0, 1
5657, 498578444, 20, 0, 1
11791, 498590235, 38, 0, 1
6132, 498596367, 21, 0, 1
902447, 499498814, 15127, 1113, 5
6438, 499505252, 54, 0, 1
13372, 499518624, 81, 0, 1
13292, 499531916, 409, 23, 1
6668, 499538584, 40, 0, 1
6740, 499545324, 32, 0, 1
14636, 499559960, 170, 3, 1
6315, 499566275, 28, 0, 1
2995270, 2995270, 57720, 896, 4
10476412, 13471682, 71397, 6563, 17
17779215, 31250897, 19737, 3803, 7
8262488, 39513385, 6822, 1376, 6
18826416, 58339801, 20652, 3420, 7
19616651, 77956452, 17424, 1970, 3
18458375, 96414827, 24474, 4463, 11
19199951, 115614778, 17684, 3977, 7
19282007, 134896785, 17605, 3758, 7
19642396, 154539181, 18117, 3094, 7
19634179, 174173360, 21120, 3840, 7
19656742, 193830102, 18063, 2722, 7
19609685, 213439787, 18010, 3766, 7
19293213, 232733000, 17897, 3630, 7
19025229, 251758229, 19888, 2409, 7
18507509, 270265738, 23667, 3613, 7
19389211, 289654949, 18527, 3544, 7
19594123, 309249072, 18527, 3716, 7
19592936, 328842008, 18919, 3616, 7
19686685, 348528693, 18785, 4316, 11
19461065, 367989758, 18653, 4451, 11
19687203, 387676961, 18485, 2823, 7
19533478, 407210439, 18914, 4530, 11
19684289, 426894728, 18086, 2903, 7
19647555, 446542283, 18456, 3988, 7
19537849, 466080132, 18401, 4926, 11
19338612, 485418744, 20677, 5008, 11
10797252, 496215996, 26496, 66, 12
2132539, 498348535, 5648, 114, 5
5646, 498354181, 24, 0, 1
11746, 498365927, 39, 0, 1
6151, 498372078, 15, 0, 1
5620, 498377698, 16, 0, 1
5652, 498383350, 12, 0, 1
11805, 498395155, 31, 0, 1
6138, 498401293, 14, 0, 1
5634, 498406927, 22, 0, 1
5652, 498412579, 19, 0, 1
11797, 498424376, 46, 0, 1
6137, 498430513, 25, 0, 1
5658, 498436171, 13, 0, 1
5628, 498441799, 15, 0, 1
11797, 498453596, 38, 0, 1
6117, 498459713, 26, 0, 1
5658, 498465371, 11, 0, 1
5637, 498471008, 22, 0, 1
11785, 498482793, 51, 0, 1
6121, 498488914, 21, 0, 1
5646, 498494560, 18, 0, 1
5656, 498500216, 20, 0, 1
11798, 498512014, 33, 0, 1
7486, 498519500, 87, 0, 1
5616, 498525116, 16, 0, 1
5652, 498530768, 22, 0, 1
11821, 498542589, 41, 0, 1
6138, 498548727, 15, 0, 1
5649, 498554376, 26, 0, 1
5658, 498560034, 9, 0, 1
11813, 498571847, 40, 0, 1
6138, 498577985, 16, 0, 1
5640, 498583625, 16, 0, 1
5652, 498589277, 15, 0, 1
11797, 498601074, 36, 0, 1
6109, 498607183, 26, 0, 1
5643, 498612826, 20, 0, 1
5659, 498618485, 31, 0, 1
11749, 498630234, 42, 0, 1
6120, 498636354, 27, 0, 1
5628, 498641982, 17, 0, 1
5658, 498647640, 15, 0, 1
11789, 498659429, 34, 0, 1
6138, 498665567, 17, 0, 1
5628, 498671195, 26, 0, 1
5656, 498676851, 25, 0, 1
11773, 498688624, 42, 0, 1
6138, 498694762, 14, 0, 1
5628, 498700390, 15, 0, 1
5642, 498706032, 24, 0, 1
11826, 498717858, 45, 0, 1
6138, 498723996, 19, 0, 1
5658, 498729654, 12, 0, 1
5644, 498735298, 25, 0, 1
11793, 498747091, 28, 0, 1
6151, 498753242, 15, 0, 1
5616, 498758858, 20, 0, 1
5658, 498764516, 19, 0, 1
11818, 498776334, 28, 0, 1
6125, 498782459, 21, 0, 1
5655, 498788114, 30, 0, 1
5658, 498793772, 11, 0, 1
11812, 498805584, 35, 0, 1
6138, 498811722, 18, 0, 1
5645, 498817367, 18, 0, 1
5658, 498823025, 11, 0, 1
11818, 498834843, 22, 0, 1
6155, 498840998, 29, 0, 1
5658, 498846656, 11, 0, 1
5652, 498852308, 14, 0, 1
11774, 498864082, 44, 0, 1
6665, 498870747, 54, 0, 1
6315, 498877062, 36, 0, 1
5642, 498882704, 23, 0, 1
23458, 498906162, 406, 6, 1
6589, 498912751, 34, 0, 1
6131, 498918882, 36, 0, 1
5645, 498924527, 21, 0, 1
12230, 498936757, 39, 1, 1
6116, 498942873, 17, 0, 1
6109, 498948982, 27, 0, 1
6094, 498955076, 27, 0, 1
12207, 498967283, 34, 0, 1
6098, 498973381, 18, 0, 1
6097, 498979478, 21, 0, 1
6113, 498985591, 26, 0, 1
12196, 498997787, 40, 0, 1
6117, 499003904, 33, 0, 1
6092, 499009996, 21, 0, 1
6116, 499016112, 16, 0, 1
12217, 499028329, 39, 0, 1
6116, 499034445, 15, 0, 1
6107, 499040552, 36, 0, 1
6104, 499046656, 29, 0, 1
11762, 499058418, 43, 0, 1
6138, 499064556, 16, 0, 1
6080, 499070636, 26, 0, 1
5658, 499076294, 13, 0, 1
11784, 499088078, 29, 0, 1
6115, 499094193, 26, 0, 1
5652, 499099845, 17, 0, 1
5663, 499105508, 32, 0, 1
11805, 499117313, 30, 0, 1
6123, 499123436, 30, 0, 1
5652, 499129088, 15, 0, 1
5652, 499134740, 15, 0, 1
11788, 499146528, 41, 0, 1
6138, 499152666, 16, 0, 1
5626, 499158292, 18, 0, 1
5632, 499163924, 21, 0, 1
11817, 499175741, 32, 0, 1
6138, 499181879, 18, 0, 1
5658, 499187537, 9, 0, 1
5652, 499193189, 13, 0, 1
11798, 499204987, 29, 0, 1
6136, 499211123, 34, 0, 1
5645, 499216768, 17, 0, 1
5648, 499222416, 30, 0, 1
11806, 499234222, 24, 0, 1
6128, 499240350, 26, 0, 1
5627, 499245977, 21, 0, 1
5660, 499251637, 21, 0, 1
11818, 499263455, 23, 0, 1
6117, 499269572, 22, 0, 1
5628, 499275200, 16, 0, 1
5652, 499280852, 10, 0, 1
13202, 499294054, 42, 0, 1
6096, 499300150, 23, 0, 1
5658, 499305808, 10, 0, 1
5652, 499311460, 13, 0, 1
11806, 499323266, 24, 0, 1
6151, 499329417, 16, 0, 1
5634, 499335051, 16, 0, 1
11794, 499346845, 23, 0, 1
5652, 499352497, 15, 0, 1
6138, 499358635, 16, 0, 1
5626, 499364261, 21, 0, 1
11825, 499376086, 23, 0, 1
5645, 499381731, 19, 0, 1
6129, 499387860, 35, 0, 1
5646, 499393506, 16, 0, 1
11808, 499405314, 37, 0, 1
5638, 499410952, 23, 0, 1
6119, 499417071, 24, 0, 1
5621, 499422692, 19, 0, 1
11807, 499434499, 27, 0, 1
5658, 499440157, 9, 0, 1
6138, 499446295, 15, 0, 1
5616, 499451911, 19, 0, 1
11774, 499463685, 31, 0, 1
5658, 499469343, 9, 0, 1
6150, 499475493, 29, 0, 1
5632, 499481125, 20, 0, 1
11811, 499492936, 28, 0, 1
5644, 499498580, 18, 0, 1
6113, 499504693, 30, 0, 1
5658, 499510351, 11, 0, 1
11800, 499522151, 30, 0, 1
5634, 499527785, 35, 8, 1
6120, 499533905, 20, 0, 1
5616, 499539521, 19, 0, 1
11799, 499551320, 29, 0, 1
5640, 499556960, 16, 0, 1
6109, 499563069, 21, 0, 1
5633, 499568702, 21, 0, 1
11787, 499580489, 37, 0, 1
5658, 499586147, 15, 0, 1
6117, 499592264, 29, 0, 1
5658, 499597922, 12, 0, 1
11818, 499609740, 30, 0, 1
5652, 499615392, 15, 0, 1
6101, 499621493, 26, 0, 1
5646, 499627139, 17, 0, 1
11817, 499638956, 28, 0, 1
5658, 499644614, 10, 0, 1
6152, 499650766, 31, 0, 1
5616, 499656382, 21, 0, 1
13185, 499669567, 54, 0, 1
5652, 499675219, 14, 0, 1
6108, 499681327, 22, 0, 1
5633, 499686960, 18, 0, 1
11799, 499698759, 31, 0, 1
5638, 499704397, 19, 0, 1
6103, 499710500, 23, 0, 1
5646, 499716146, 10, 0, 1
11784, 499727930, 32, 0, 1
5658, 499733588, 10, 0, 1
6646, 499740234, 30, 0, 1
6333, 499746567, 12, 0, 1
12300, 499758867, 39, 0, 1
6327, 499765194, 22, 0, 1
6652, 499771846, 28, 0, 1
6325, 499778171, 27, 0, 1
12259, 499790430, 38, 0, 1
5658, 499796088, 11, 0, 1
6133, 499802221, 19, 0, 1
5652, 499807873, 15, 0, 1
11818, 499819691, 30, 0, 1
5634, 499825325, 16, 0, 1
6119, 499831444, 26, 0, 1
5616, 499837060, 21, 0, 1
11824, 499848884, 42, 0, 1
5627, 499854511, 19, 0, 1
6136, 499860647, 35, 0, 1
5658, 499866305, 10, 0, 1
11785, 499878090, 34, 0, 1
5652, 499883742, 14, 0, 1
6111, 499889853, 28, 0, 1
5640, 499895493, 14, 0, 1
11814, 499907307, 38, 0, 1
5652, 499912959, 18, 0, 1
6116, 499919075, 28, 0, 1
5658, 499924733, 14, 0, 1
11824, 499936557, 31, 0, 1
5658, 499942215, 14, 0, 1
6151, 499948366, 19, 0, 1
5652, 499954018, 14, 0, 1
11798, 499965816, 39, 0, 1
5651, 499971467, 18, 0, 1
6145, 499977612, 16, 0, 1
5658, 499983270, 9, 0, 1
11812, 499995082, 32, 0, 1
5658, 500000740, 12, 0, 1
6144, 500006884, 21, 0, 1
5640, 500012524, 15, 0, 1
11787, 500024311, 37, 0, 1
5646, 500029957, 14, 0, 1
6151, 500036108, 17, 0, 1
7035, 500043143, 23, 0, 1
11793, 500054936, 37, 0, 1
5652, 500060588, 12, 0, 1
6132, 500066720, 18, 0, 1
5616, 500072336, 17, 0, 1
11788, 500084124, 38, 0, 1
5658, 500089782, 12, 0, 1
6126, 500095908, 18, 0, 1
5658, 500101566, 10, 0, 1
11824, 500113390, 28, 0, 1
5657, 500119047, 14, 0, 1
6120, 500125167, 17, 0, 1
5658, 500130825, 12, 0, 1
11812, 500142637, 31, 0, 1
5658, 500148295, 11, 0, 1
6138, 500154433, 14, 0, 1
5658, 500160091, 11, 0, 1
11818, 500171909, 27, 0, 1
5657, 500177566, 20, 0, 1
6151, 500183717, 16, 0, 1
5652, 500189369, 14, 0, 1
11793, 500201162, 27, 0, 1
5658, 500206820, 12, 0, 1
6138, 500212958, 17, 0, 1
5649, 500218607, 23, 0, 1
11828, 500230435, 29, 0, 1
5657, 500236092, 15, 0, 1
6095, 500242187, 22, 0, 1
5657, 500247844, 16, 0, 1
11804, 500259648, 37, 0, 1
5634, 500265282, 15, 0, 1
6133, 500271415, 20, 0, 1
5652, 500277067, 12, 0, 1
11805, 500288872, 29, 0, 1
5657, 500294529, 15, 0, 1
6132, 500300661, 17, 0, 1
5646, 500306307, 19, 0, 1
11811, 500318118, 38, 0, 1
5657, 500323775, 18, 0, 1
6132, 500329907, 19, 0, 1
5658, 500335565, 11, 0, 1
11781, 500347346, 30, 0, 1
5657, 500353003, 18, 0, 1
6132, 500359135, 17, 0, 1
5651, 500364786, 17, 0, 1
11832, 500376618, 31, 0, 1
5657, 500382275, 17, 0, 1
6132, 500388407, 19, 0, 1
5658, 500394065, 12, 0, 1
11818, 500405883, 30, 0, 1
5645, 500411528, 20, 0, 1
7516, 500419044, 33, 0, 1
5640, 500424684, 15, 0, 1
11787, 500436471, 39, 0, 1
5656, 500442127, 19, 0, 1
6138, 500448265, 15, 0, 1
5652, 500453917, 12, 0, 1
11829, 500465746, 29, 0, 1
5657, 500471403, 13, 0, 1
6138, 500477541, 17, 0, 1
5658, 500483199, 11, 0, 1
11799, 500494998, 25, 0, 1
5645, 500500643, 18, 0, 1
6151, 500506794, 17, 0, 1
5635, 500512429, 17, 0, 1
11824, 500524253, 22, 0, 1
5658, 500529911, 15, 0, 1
6132, 500536043, 20, 0, 1
5658, 500541701, 11, 0, 1
12700, 500554401, 119, 6, 1
5645, 500560046, 22, 0, 1
6132, 500566178, 18, 0, 1
5634, 500571812, 16, 0, 1
11818, 500583630, 20, 0, 1
5646, 500589276, 14, 0, 1
6132, 500595408, 31, 0, 1
5652, 500601060, 15, 0, 1
11805, 500612865, 37, 0, 1
5658, 500618523, 14, 0, 1
6143, 500624666, 22, 0, 1
5658, 500630324, 9, 0, 1
370665, 501000989, 6076, 547, 1
527756, 501528745, 9400, 426, 5
6447, 501535192, 51, 0, 1
6707, 501541899, 28, 0, 1
26161, 501568060, 704, 50, 1
6690, 501574750, 45, 0, 1
6706, 501581456, 28, 0, 1
6393, 501587849, 13, 0, 1
15147, 501602996, 165, 4, 1
1039778, 1039778, 22720, 232, 5
6219312, 7259090, 90131, 5139, 15
17864603, 25123693, 28573, 4505, 11
19160766, 44284459, 24857, 4023, 7
19066326, 63350785, 18566, 2936, 7
19649842, 83000627, 18991, 1732, 3
19461076, 102461703, 18361, 4228, 7
18289653, 120751356, 26106, 5254, 2
19038041, 139789397, 19263, 4258, 11
19718488, 159507885, 19043, 2971, 7
19614037, 179121922, 20993, 3469, 7
19444876, 198566798, 19918, 2660, 7
19558249, 218125047, 19730, 4499, 11
19537634, 237662681, 19442, 2655, 7
18304390, 255967071, 24822, 3409, 7
19312964, 275280035, 19172, 3870, 7
19177400, 294457435, 18811, 3118, 7
19596463, 314053898, 18884, 4357, 11
19582853, 333636751, 19194, 3720, 7
19626823, 353263574, 19381, 4474, 11
19566317, 372829891, 18809, 4022, 7
19752785, 392582676, 18530, 3238, 7
19617532, 412200208, 18676, 3985, 7
19537290, 431737498, 19612, 3023, 7
19611028, 451348526, 18720, 4736, 11
19612650, 470961176, 18949, 5069, 11
17655362, 488616538, 26255, 3227, 7
7741710, 496358248, 18967, 92, 12
6104, 496364352, 123, 0, 1
5657, 496370009, 20, 0, 1
6126, 496376135, 22, 0, 1
11774, 496387909, 31, 0, 1
5658, 496393567, 11, 0, 1
5658, 496399225, 12, 0, 1
6123, 496405348, 23, 0, 1
11779, 496417127, 42, 0, 1
5658, 496422785, 11, 0, 1
5652, 496428437, 14, 0, 1
6160, 496434597, 18, 0, 1
11790, 496446387, 22, 0, 1
5617, 496452004, 19, 0, 1
5646, 496457650, 15, 0, 1
6161, 496463811, 20, 0, 1
11782, 496475593, 38, 0, 1
5621, 496481214, 23, 0, 1
5658, 496486872, 14, 0, 1
6160, 496493032, 16, 0, 1
11784, 496504816, 42, 0, 1
5658, 496510474, 9, 0, 1
5642, 496516116, 25, 0, 1
6141, 496522257, 19, 0, 1
11776, 496534033, 43, 0, 1
5638, 496539671, 21, 0, 1
5658, 496545329, 9, 0, 1
6148, 496551477, 21, 0, 1
11803, 496563280, 28, 0, 1
5610, 496568890, 18, 0, 1
5658, 496574548, 12, 0, 1
6160, 496580708, 19, 0, 1
13145, 496593853, 110, 0, 1
5658, 496599511, 11, 0, 1
5649, 496605160, 25, 0, 1
6173, 496611333, 17, 0, 1
11783, 496623116, 28, 0, 1
5610, 496628726, 17, 0, 1
5637, 496634363, 22, 0, 1
6160, 496640523, 19, 0, 1
11815, 496652338, 33, 0, 1
5658, 496657996, 10, 0, 1
5652, 496663648, 27, 0, 1
6160, 496669808, 19, 0, 1
11770, 496681578, 37, 0, 1
5655, 496687233, 22, 0, 1
5658, 496692891, 12, 0, 1
6140, 496699031, 25, 0, 1
11783, 496710814, 38, 0, 1
5627, 496716441, 18, 0, 1
5637, 496722078, 22, 0, 1
6160, 496728238, 17, 0, 1
11805, 496740043, 30, 0, 1
5610, 496745653, 17, 0, 1
5660, 496751313, 30, 0, 1
6160, 496757473, 15, 0, 1
11796, 496769269, 23, 0, 1
5645, 496774914, 14, 0, 1
5633, 496780547, 20, 0, 1
6167, 496786714, 19, 0, 1
11765, 496798479, 32, 0, 1
5639, 496804118, 14, 0, 1
5633, 496809751, 26, 0, 1
6122, 496815873, 23, 0, 1
11760, 496827633, 34, 0, 1
5640, 496833273, 18, 0, 1
5650, 496838923, 29, 0, 1
6173, 496845096, 18, 0, 1
11796, 496856892, 30, 0, 1
5658, 496862550, 13, 0, 1
5651, 496868201, 21, 0, 1
6160, 496874361, 17, 0, 1
12281, 496886642, 74, 0, 1
6312, 496892954, 31, 0, 1
5637, 496898591, 21, 0, 1
6655, 496905246, 28, 0, 1
12903, 496918149, 46, 0, 1
6107, 496924256, 28, 0, 1
5640, 496929896, 18, 0, 1
6155, 496936051, 23, 0, 1
12190, 496948241, 38, 0, 1
6101, 496954342, 28, 0, 1
6104, 496960446, 20, 0, 1
7493, 496967939, 30, 0, 1
21263, 496989202, 371, 7, 1
6101, 496995303, 54, 0, 1
6104, 497001407, 24, 0, 1
6080, 497007487, 22, 0, 1
12166, 497019653, 39, 0, 1
6078, 497025731, 23, 0, 1
6098, 497031829, 22, 0, 1
6111, 497037940, 26, 0, 1
12206, 497050146, 37, 0, 1
6085, 497056231, 28, 0, 1
6068, 497062299, 23, 0, 1
6110, 497068409, 22, 0, 1
12232, 497080641, 27, 0, 1
6086, 497086727, 25, 0, 1
5658, 497092385, 10, 0, 1
6090, 497098475, 21, 0, 1
11779, 497110254, 41, 0, 1
5640, 497115894, 12, 0, 1
5652, 497121546, 13, 0, 1
6142, 497127688, 21, 0, 1
11766, 497139454, 39, 0, 1
5658, 497145112, 14, 0, 1
5658, 497150770, 8, 0, 1
6146, 497156916, 27, 0, 1
11795, 497168711, 54, 0, 1
5658, 497174369, 13, 0, 1
5646, 497180015, 25, 0, 1
6173, 497186188, 16, 0, 1
11784, 497197972, 21, 0, 1
5626, 497203598, 22, 0, 1
5620, 497209218, 18, 0, 1
6160, 497215378, 14, 0, 1
11773, 497227151, 28, 0, 1
5620, 497232771, 20, 0, 1
5658, 497238429, 10, 0, 1
6160, 497244589, 16, 0, 1
11794, 497256383, 40, 0, 1
5658, 497262041, 12, 0, 1
5638, 497267679, 22, 0, 1
6173, 497273852, 15, 0, 1
11784, 497285636, 28, 0, 1
5636, 497291272, 22, 0, 1
5658, 497296930, 9, 0, 1
6160, 497303090, 17, 0, 1
11765, 497314855, 29, 0, 1
5616, 497320471, 15, 0, 1
5652, 497326123, 19, 0, 1
6173, 497332296, 15, 0, 1
11790, 497344086, 23, 0, 1
5631, 497349717, 22, 0, 1
7029, 497356746, 39, 0, 1
6160, 497362906, 17, 0, 1
11773, 497374679, 39, 0, 1
5658, 497380337, 9, 0, 1
5656, 497385993, 28, 0, 1
6160, 497392153, 16, 0, 1
11760, 497403913, 48, 0, 1
5658, 497409571, 10, 0, 1
5645, 497415216, 28, 0, 1
6174, 497421390, 21, 0, 1
11771, 497433161, 36, 0, 1
5634, 497438795, 18, 0, 1
5662, 497444457, 20, 0, 1
6141, 497450598, 28, 0, 1
11777, 497462375, 35, 0, 1
5634, 497468009, 14, 0, 1
5658, 497473667, 14, 0, 1
6142, 497479809, 18, 0, 1
11777, 497491586, 37, 0, 1
5640, 497497226, 14, 0, 1
5648, 497502874, 24, 0, 1
6173, 497509047, 17, 0, 1
11788, 497520835, 32, 0, 1
5625, 497526460, 19, 0, 1
5658, 497532118, 10, 0, 1
11807, 497543925, 47, 0, 1
6132, 497550057, 19, 0, 1
5658, 497555715, 17, 0, 1
5658, 497561373, 10, 0, 1
11813, 497573186, 27, 0, 1
6138, 497579324, 16, 0, 1
5631, 497584955, 20, 0, 1
5633, 497590588, 17, 0, 1
11818, 497602406, 30, 0, 1
6151, 497608557, 15, 0, 1
5652, 497614209, 14, 0, 1
5658, 497619867, 9, 0, 1
11814, 497631681, 45, 0, 1
6138, 497637819, 16, 0, 1
5632, 497643451, 21, 0, 1
5622, 497649073, 19, 0, 1
11831, 497660904, 22, 0, 1
6138, 497667042, 13, 0, 1
5631, 497672673, 18, 0, 1
5626, 497678299, 20, 0, 1
11762, 497690061, 43, 0, 1
6139, 497696200, 29, 0, 1
5640, 497701840, 19, 0, 1
5658, 497707498, 24, 0, 1
11806, 497719304, 22, 0, 1
6138, 497725442, 14, 0, 1
7034, 497732476, 32, 0, 1
5633, 497738109, 21, 0, 1
11770, 497749879, 38, 0, 1
6117, 497755996, 29, 0, 1
5658, 497761654, 14, 0, 1
5648, 497767302, 22, 0, 1
11817, 497779119, 26, 0, 1
6138, 497785257, 14, 0, 1
5638, 497790895, 16, 0, 1
5658, 497796553, 8, 0, 1
11829, 497808382, 40, 0, 1
6126, 497814508, 17, 0, 1
6116, 497820624, 19, 0, 1
5621, 497826245, 20, 0, 1
11774, 497838019, 41, 0, 1
6151, 497844170, 16, 0, 1
5647, 497849817, 25, 0, 1
5628, 497855445, 17, 0, 1
11813, 497867258, 33, 0, 1
6120, 497873378, 25, 0, 1
5646, 497879024, 18, 0, 1
5658, 497884682, 11, 0, 1
12671, 497897353, 126, 5, 1
6138, 497903491, 15, 0, 1
5631, 497909122, 21, 0, 1
5652, 497914774, 15, 0, 1
11775, 497926549, 34, 0, 1
6151, 497932700, 17, 0, 1
5658, 497938358, 10, 0, 1
5656, 497944014, 17, 0, 1
11798, 497955812, 29, 0, 1
6101, 497961913, 24, 0, 1
5627, 497967540, 20, 0, 1
5657, 497973197, 23, 0, 1
11798, 497984995, 29, 0, 1
6120, 497991115, 19, 0, 1
5626, 497996741, 21, 0, 1
5653, 498002394, 25, 0, 1
11834, 498014228, 44, 0, 1
6138, 498020366, 15, 0, 1
5652, 498026018, 14, 0, 1
5652, 498031670, 15, 0, 1
11806, 498043476, 50, 0, 1
6138, 498049614, 27, 0, 1
5640, 498055254, 18, 0, 1
5658, 498060912, 10, 0, 1
11782, 498072694, 32, 0, 1
6115, 498078809, 21, 0, 1
5658, 498084467, 12, 0, 1
5652, 498090119, 13, 0, 1
11797, 498101916, 38, 0, 1
7515, 498109431, 29, 0, 1
5658, 498115089, 10, 0, 1
5651, 498120740, 18, 0, 1
11813, 498132553, 27, 0, 1
6138, 498138691, 14, 0, 1
5610, 498144301, 17, 0, 1
5633, 498149934, 22, 0, 1
11768, 498161702, 37, 0, 1
6158, 498167860, 12, 0, 1
5626, 498173486, 18, 0, 1
5637, 498179123, 22, 0, 1
11742, 498190865, 34, 0, 1
6138, 498197003, 14, 0, 1
5658, 498202661, 11, 0, 1
5645, 498208306, 24, 0, 1
11819, 498220125, 26, 0, 1
6138, 498226263, 13, 0, 1
5642, 498231905, 23, 0, 1
5621, 498237526, 22, 0, 1
11791, 498249317, 28, 0, 1
6120, 498255437, 21, 0, 1
5628, 498261065, 16, 0, 1
5652, 498266717, 13, 0, 1
11820, 498278537, 28, 0, 1
6138, 498284675, 14, 0, 1
5615, 498290290, 21, 0, 1
5622, 498295912, 19, 0, 1
11808, 498307720, 36, 0, 1
6151, 498313871, 18, 0, 1
5647, 498319518, 23, 0, 1
5648, 498325166, 25, 0, 1
11824, 498336990, 38, 0, 1
6138, 498343128, 15, 0, 1
5652, 498348780, 13, 0, 1
5659, 498354439, 25, 0, 1
11831, 498366270, 18, 0, 1
6132, 498372402, 14, 0, 1
5622, 498378024, 13, 0, 1
5645, 498383669, 22, 0, 1
11787, 498395456, 33, 0, 1
6151, 498401607, 14, 0, 1
5662, 498407269, 26, 0, 1
5649, 498412918, 29, 0, 1
11769, 498424687, 43, 0, 1
6107, 498430794, 25, 0, 1
5627, 498436421, 24, 0, 1
5646, 498442067, 19, 0, 1
11811, 498453878, 38, 0, 1
6138, 498460016, 16, 0, 1
5658, 498465674, 12, 0, 1
5652, 498471326, 13, 0, 1
13146, 498484472, 51, 0, 1
6108, 498490580, 22, 0, 1
5658, 498496238, 11, 0, 1
5654, 498501892, 23, 0, 1
11834, 498513726, 42, 0, 1
6138, 498519864, 17, 0, 1
5639, 498525503, 17, 0, 1
5658, 498531161, 7, 0, 1
11812, 498542973, 21, 0, 1
6158, 498549131, 24, 0, 1
5658, 498554789, 23, 0, 1
5658, 498560447, 7, 0, 1
11799, 498572246, 39, 0, 1
6126, 498578372, 25, 0, 1
5633, 498584005, 13, 0, 1
5656, 498589661, 18, 0, 1
11800, 498601461, 38, 0, 1
6138, 498607599, 13, 0, 1
5645, 498613244, 18, 0, 1
5658, 498618902, 9, 0, 1
11796, 498630698, 53, 0, 1
119733, 498750431, 4330, 420, 1
783902, 499534333, 11522, 508, 5
6485, 499540818, 66, 0, 1
509333, 500050151, 415, 23, 1
6659, 500056810, 57, 1, 1
6720, 500063530, 24, 0, 1
6662, 500070192, 25, 0, 1
14610, 500084802, 181, 2, 1
6663, 500091465, 36, 0, 1
