0,1,184510870.47,2967176654.3650727
11,184510871.47,222097050.32,3671114250.0599723
0,222097051.32,284899744.09,2967176654.3650727
5,284899745.09,2490391604.8500004,2889592776.231653
13,2490391605.8500004,3828876726.170001,2697371521.4486256
6,3828876727.170001,3877269075.740001,2131834795.7711167
3,3877269076.740001,3909712767.9400015,1443023607.5620902
6,3909712768.9400015,3923742128.3200016,2131834795.7711167
8,3923742129.3200016,3936241815.5400014,498751948.10867727
10,3936241816.5400014,3996667394.412415,797661017.4990699
