0,1,153431254.08,2967176654.3650727
5,153431255.08,186151024.32000002,2889592776.231653
11,186151025.32000002,224360156.49,3671114250.0599723
0,224360157.49,287132826.48,2967176654.3650727
5,287132827.48,3821911412.099999,2889592776.231653
6,3821911413.099999,3875849417.839999,2131834795.7711167
3,3875849418.839999,3898574391.309999,1443023607.5620902
14,3898574392.309999,3947515062.889999,2446824213.8627768
6,3947515063.889999,3969245723.9920397,2131834795.7711167
10,3969245724.9920397,3975723634.3199086,797661017.4990699
6,3975723635.3199086,4005720126.619909,2131834795.7711167
10,4005720127.619909,4007911540.119909,797661017.4990699
