1903804 1903804 42927 933
7161541 9065345 81329 10789
19292284 28357629 19869 5054
18965593 47323222 24644 5284
19147477 66470699 17945 4785
19520060 85990759 18653 5120
19345515 105336274 18487 5032
18185488 123521762 25157 6436
19074240 142596002 19115 5085
19693940 162289942 18863 5078
19453464 181743406 20739 4967
19391522 201134928 19534 4849
19610218 220745146 18901 5241
19396705 240141851 19138 4958
18277318 258419169 24789 4650
19250133 277669302 20232 4626
19127032 296796334 19591 4991
19617332 316413666 19741 4958
19647678 336061344 20035 5171
19528552 355589896 20822 5240
19552739 375142635 19936 5088
19642556 394785191 19714 5093
19620011 414405202 19624 5243
19519669 433924871 20183 4567
19493004 453417875 20042 5252
19526696 472944571 19866 5273
17036902 489981473 32038 2966
6330608 496312081 11932 352
6113 496318194 298 5
5658 496323852 26 0
6114 496329966 24 0
11770 496341736 44 0
5644 496347380 20 0
5652 496353032 14 0
6136 496359168 25 0
11796 496370964 19 0
5657 496376621 25 0
5656 496382277 26 0
6160 496388437 16 0
11777 496400214 25 0
5639 496405853 18 0
5658 496411511 10 0
6141 496417652 26 0
11813 496429465 41 0
5658 496435123 7 0
5658 496440781 8 0
11791 496452572 35 0
6151 496458723 14 0
5658 496464381 11 0
7035 496471416 93 10
11778 496483194 43 0
6138 496489332 17 0
5628 496494960 18 0
5651 496500611 29 0
11810 496512421 50 0
6116 496518537 30 0
5626 496524163 21 0
5655 496529818 19 0
11761 496541579 39 0
6151 496547730 13 0
5627 496553357 20 0
5646 496559003 18 0
11790 496570793 36 0
6138 496576931 15 0
5645 496582576 19 0
5652 496588228 13 0
11815 496600043 40 0
6138 496606181 18 0
5632 496611813 22 0
5658 496617471 10 0
11818 496629289 39 0
6096 496635385 20 0
5652 496641037 15 0
5652 496646689 12 0
20868 496667557 380 12
6138 496673695 18 0
5658 496679353 11 0
5654 496685007 24 0
11812 496696819 35 0
6151 496702970 16 0
5626 496708596 21 0
5652 496714248 14 0
11784 496726032 50 0
6128 496732160 29 0
5645 496737805 13 0
5658 496743463 10 0
11799 496755262 44 0
6138 496761400 18 0
5646 496767046 27 0
5658 496772704 17 0
11794 496784498 26 0
6145 496790643 20 0
5652 496796295 15 0
5658 496801953 11 0
11815 496813768 34 0
6138 496819906 15 0
5658 496825564 12 0
5658 496831222 10 0
11829 496843051 31 0
6138 496849189 20 0
7017 496856206 43 1
5658 496861864 11 0
13020 496874884 87 0
6658 496881542 30 0
6434 496887976 36 3
5649 496893625 15 0
12735 496906360 38 0
6104 496912464 20 0
6098 496918562 19 0
6086 496924648 23 0
12244 496936892 30 0
6116 496943008 17 0
6110 496949118 21 0
6091 496955209 22 0
12202 496967411 30 0
6116 496973527 15 0
6116 496979643 17 0
6129 496985772 16 0
12195 496997967 39 0
6123 497004090 18 0
6116 497010206 16 0
6116 497016322 16 0
11761 497028083 26 0
6151 497034234 13 0
6110 497040344 18 0
5658 497046002 14 0
11787 497057789 35 0
6132 497063921 21 0
5658 497069579 14 0
5658 497075237 13 0
11831 497087068 20 0
6143 497093211 16 0
5652 497098863 11 0
5645 497104508 17 0
11816 497116324 34 0
6138 497122462 15 0
5646 497128108 14 0
5658 497133766 9 0
11810 497145576 33 0
6131 497151707 25 0
5658 497157365 16 0
5658 497163023 10 0
11812 497174835 29 0
6145 497180980 16 0
5658 497186638 11 0
5646 497192284 14 0
11798 497204082 39 0
6126 497210208 27 0
5663 497215871 13 0
5657 497221528 14 0
11831 497233359 20 0
7515 497240874 38 0
5658 497246532 14 0
5658 497252190 12 0
11818 497264008 19 0
6169 497270177 18 0
5658 497275835 12 0
5646 497281481 19 0
11817 497293298 26 0
6120 497299418 21 0
5658 497305076 14 0
5651 497310727 13 0
11825 497322552 23 0
6138 497328690 18 0
5646 497334336 14 0
5658 497339994 12 0
11817 497351811 35 0
6138 497357949 17 0
5658 497363607 16 0
5658 497369265 13 0
11831 497381096 24 0
6138 497387234 16 0
5658 497392892 13 0
5652 497398544 14 0
11818 497410362 45 1
14338 497424700 260 70
5658 497430358 28 0
5651 497436009 16 0
11806 497447815 25 0
6138 497453953 17 0
5658 497459611 11 0
5658 497465269 10 0
11831 497477100 20 0
6138 497483238 18 0
5658 497488896 11 0
5658 497494554 12 0
11769 497506323 41 0
6151 497512474 16 0
5658 497518132 13 0
5658 497523790 9 0
11797 497535587 37 0
6131 497541718 16 0
5628 497547346 18 0
5657 497553003 21 0
11812 497564815 28 0
6138 497570953 17 0
5652 497576605 14 0
5646 497582251 15 0
11791 497594042 39 0
6126 497600168 15 0
5658 497605826 13 0
5658 497611484 13 0
13208 497624692 41 0
6138 497630830 18 0
5658 497636488 10 0
5646 497642134 17 0
11811 497653945 30 0
6164 497660109 16 0
5652 497665761 10 0
5657 497671418 17 0
11818 497683236 21 0
6138 497689374 17 0
5639 497695013 24 0
5658 497700671 17 0
11831 497712502 20 0
6138 497718640 15 0
5658 497724298 11 0
5658 497729956 10 0
11779 497741735 35 0
6127 497747862 26 0
5652 497753514 13 0
5657 497759171 15 0
11796 497770967 40 0
6138 497777105 16 0
5658 497782763 10 0
5651 497788414 20 0
11825 497800239 36 0
6138 497806377 18 0
6116 497812493 19 0
5658 497818151 11 0
11778 497829929 25 0
6138 497836067 15 0
5652 497841719 12 0
5651 497847370 15 0
11831 497859201 21 0
6138 497865339 14 0
5640 497870979 18 0
5658 497876637 10 0
11818 497888455 22 0
6151 497894606 17 0
5658 497900264 14 0
5658 497905922 12 0
11812 497917734 21 0
6138 497923872 16 0
5646 497929518 15 0
5658 497935176 14 0
11831 497947007 19 0
6138 497953145 16 0
5658 497958803 13 0
5658 497964461 12 0
11812 497976273 25 0
6151 497982424 16 0
5658 497988082 10 0
5658 497993740 11 0
13176 498006916 56 0
6138 498013054 15 0
5658 498018712 11 0
5658 498024370 11 0
11844 498036214 20 0
6138 498042352 16 0
5658 498048010 11 0
5658 498053668 11 0
11806 498065474 38 0
6138 498071612 19 0
5651 498077263 17 0
5658 498082921 11 0
11825 498094746 23 0
6138 498100884 18 0
5658 498106542 11 0
5652 498112194 12 0
11788 498123982 24 0
6151 498130133 17 0
5658 498135791 15 0
5658 498141449 11 0
11805 498153254 38 0
6138 498159392 16 0
5652 498165044 13 0
5646 498170690 15 0
11800 498182490 38 0
6138 498188628 15 0
5646 498194274 13 0
5651 498199925 18 0
11793 498211718 29 0
6127 498217845 20 0
5658 498223503 10 0
5658 498229161 11 0
11805 498240966 30 0
6138 498247104 16 0
5658 498252762 12 0
5658 498258420 11 0
11818 498270238 31 0
6137 498276375 20 0
5652 498282027 11 0
5658 498287685 11 0
11817 498299502 31 0
6132 498305634 23 0
5658 498311292 11 0
5658 498316950 13 0
12718 498329668 106 7
6138 498335806 19 0
5658 498341464 14 0
5658 498347122 10 0
11818 498358940 21 0
6133 498365073 20 0
5658 498370731 11 0
7035 498377766 30 0
11818 498389584 26 0
6138 498395722 17 0
5658 498401380 12 0
5657 498407037 13 0
11832 498418869 21 0
6132 498425001 21 0
5634 498430635 15 0
5658 498436293 12 0
11812 498448105 23 0
6145 498454250 19 0
5658 498459908 13 0
5652 498465560 15 0
11818 498477378 17 0
6145 498483523 21 0
5658 498489181 9 0
5657 498494838 13 0
11799 498506637 36 0
6126 498512763 22 0
5658 498518421 12 0
11798 498530219 39 0
5658 498535877 11 0
6138 498542015 24 0
5646 498547661 19 0
11816 498559477 30 0
5652 498565129 15 0
6137 498571266 21 0
5658 498576924 12 0
11805 498588729 32 0
5663 498594392 19 0
6156 498600548 20 0
5652 498606200 14 0
11800 498618000 34 0
5663 498623663 18 0
9477 498633140 160 7
901616 499534756 15203 2302
13174 499547930 102 0
11593 499559523 361 24
6671 499566194 36 0
6748 499572942 26 0
14699 499587641 146 8
6597 499594238 28 0
6647 499600885 31 0
1282225 1282225 28750 583
6110822 7393047 86561 9510
18297570 25690617 25623 5756
19069729 44760346 23494 5109
18987626 63747972 17730 4724
19547361 83295333 17995 5032
19418349 102713682 17941 5047
18157327 120871009 24802 6599
19099283 139970292 18117 4963
19686022 159656314 18197 4942
19407498 179063812 20806 5042
19344352 198408164 19195 4577
19470438 217878602 18782 5230
19475345 237353947 18166 5122
18193629 255547576 24751 4461
19276545 274824121 19843 4661
19084082 293908203 19447 4829
19608807 313517010 18980 4975
19626185 333143195 18940 5206
19595518 352738713 19552 5234
19538071 372276784 18730 5143
19644036 391920820 19129 5115
19573459 411494279 19040 5289
19535690 431029969 19384 4743
19618878 450648847 19057 5243
19602158 470251005 19202 5302
17260472 487511477 26914 3644
8831183 496342660 19897 361
6138 496348798 327 6
5634 496354432 32 1
6107 496360539 26 0
11779 496372318 48 0
5610 496377928 16 0
5658 496383586 10 0
6160 496389746 16 0
11753 496401499 41 0
5658 496407157 10 0
5658 496412815 11 0
6155 496418970 21 0
11788 496430758 36 0
5658 496436416 11 0
5662 496442078 17 0
6160 496448238 16 0
11805 496460043 37 0
5658 496465701 10 0
5638 496471339 22 0
6160 496477499 18 0
11788 496489287 26 0
5668 496494955 20 0
5658 496500613 28 0
6155 496506768 25 0
11796 496518564 21 0
5658 496524222 11 0
5658 496529880 10 0
6127 496536007 26 0
13167 496549174 109 5
5658 496554832 17 0
5658 496560490 13 0
11809 496572299 29 0
6138 496578437 15 0
5644 496584081 20 0
5660 496589741 28 0
11794 496601535 24 0
6133 496607668 16 0
5627 496613295 20 0
5658 496618953 10 0
11769 496630722 38 0
6138 496636860 15 0
5628 496642488 18 0
5658 496648146 11 0
11790 496659936 44 0
6138 496666074 16 0
6109 496672183 24 0
5658 496677841 11 0
11775 496689616 31 0
6164 496695780 19 0
5658 496701438 13 0
5658 496707096 13 0
11806 496718902 31 0
6138 496725040 16 0
5639 496730679 15 0
5651 496736330 14 0
20905 496757235 319 18
6130 496763365 28 0
5658 496769023 21 0
5658 496774681 11 0
11806 496786487 30 0
6138 496792625 15 0
5626 496798251 25 0
5651 496803902 21 0
11813 496815715 29 0
6124 496821839 25 0
5658 496827497 12 0
5648 496833145 31 0
11812 496844957 39 0
6151 496851108 16 0
5658 496856766 11 0
5658 496862424 13 0
11819 496874243 34 0
6138 496880381 17 0
5652 496886033 17 0
5658 496891691 13 0
13002 496904693 100 0
6628 496911321 30 0
6602 496917923 29 0
6310 496924233 19 0
13615 496937848 57 0
6118 496943966 26 0
6074 496950040 25 0
6084 496956124 26 0
12223 496968347 47 0
6098 496974445 26 0
6104 496980549 26 0
6116 496986665 18 0
12218 496998883 54 0
6078 497004961 23 0
6116 497011077 18 0
6109 497017186 24 0
12189 497029375 38 0
6080 497035455 28 0
6106 497041561 30 0
6093 497047654 30 0
11764 497059418 52 0
6125 497065543 29 0
6085 497071628 26 0
5658 497077286 12 0
11777 497089063 36 0
6171 497095234 16 0
5649 497100883 28 0
5628 497106511 16 0
11804 497118315 36 0
6113 497124428 18 0
5634 497130062 17 0
5658 497135720 11 0
11819 497147539 40 0
6138 497153677 17 0
5649 497159326 26 0
5652 497164978 22 0
11805 497176783 39 0
6151 497182934 19 0
5638 497188572 21 0
5678 497194250 35 0
11819 497206069 41 0
6138 497212207 19 0
5655 497217862 23 0
5658 497223520 10 0
11817 497235337 33 0
6138 497241475 16 0
5658 497247133 11 0
5645 497252778 22 0
11799 497264577 41 0
6132 497270709 24 0
5649 497276358 26 0
5658 497282016 8 0
11800 497293816 47 0
6138 497299954 16 0
5658 497305612 12 0
7028 497312640 40 0
11778 497324418 44 0
6151 497330569 19 0
5646 497336215 17 0
5658 497341873 10 0
11800 497353673 36 0
6132 497359805 20 0
5658 497365463 13 0
5651 497371114 22 0
11833 497382947 43 0
6138 497389085 19 0
5658 497394743 13 0
5632 497400375 23 0
11796 497412171 55 0
6151 497418322 17 0
5675 497423997 33 0
5664 497429661 22 0
11790 497441451 57 0
6138 497447589 16 0
5657 497453246 19 0
5656 497458902 27 0
11825 497470727 36 0
6114 497476841 20 0
5658 497482499 12 0
5652 497488151 19 0
11817 497499968 45 0
6114 497506082 23 0
5658 497511740 14 0
5655 497517395 29 0
11824 497529219 44 0
6138 497535357 13 0
5658 497541015 9 0
5652 497546667 25 0
11803 497558470 32 0
6151 497564621 16 0
5658 497570279 12 0
5662 497575941 26 0
11809 497587750 40 0
6138 497593888 18 0
5658 497599546 12 0
5652 497605198 14 0
11820 497617018 40 0
6138 497623156 19 0
5658 497628814 12 0
5652 497634466 13 0
11787 497646253 38 0
7033 497653286 103 23
5651 497658937 26 0
5658 497664595 13 0
11760 497676355 41 0
6138 497682493 16 0
7031 497689524 46 0
5658 497695182 12 0
11811 497706993 42 0
6132 497713125 34 0
5633 497718758 21 0
5657 497724415 29 0
11785 497736200 42 0
6138 497742338 17 0
5658 497747996 13 0
5654 497753650 28 0
11850 497765500 53 0
6137 497771637 23 0
5652 497777289 21 0
5649 497782938 24 0
11811 497794749 29 0
6151 497800900 18 0
5654 497806554 27 0
5646 497812200 14 0
11812 497824012 29 0
6120 497830132 26 0
5658 497835790 13 0
5658 497841448 13 0
11838 497853286 45 0
6114 497859400 21 0
5643 497865043 25 0
5651 497870694 22 0
11801 497882495 42 0
6151 497888646 18 0
5658 497894304 12 0
5651 497899955 18 0
11793 497911748 38 0
6138 497917886 17 0
5651 497923537 16 0
5658 497929195 11 0
11824 497941019 38 0
6138 497947157 15 0
5658 497952815 14 0
5658 497958473 30 0
11817 497970290 52 0
6138 497976428 17 0
5651 497982079 26 0
5632 497987711 24 0
11801 497999512 37 0
6124 498005636 31 0
5632 498011268 23 0
5658 498016926 13 0
11807 498028733 50 0
6154 498034887 32 0
5658 498040545 12 0
5652 498046197 14 0
11786 498057983 43 0
7515 498065498 32 0
5658 498071156 16 0
5646 498076802 16 0
11831 498088633 19 0
6138 498094771 18 0
5634 498100405 15 0
5646 498106051 21 0
11817 498117868 37 0
6138 498124006 26 0
5658 498129664 14 0
5658 498135322 14 0
11818 498147140 35 0
6138 498153278 17 0
5672 498158950 30 0
5649 498164599 23 0
11825 498176424 40 0
6138 498182562 18 0
5650 498188212 26 0
5658 498193870 9 0
11778 498205648 42 0
6090 498211738 23 0
5658 498217396 15 0
5657 498223053 14 0
11807 498234860 40 0
6113 498240973 21 0
5647 498246620 24 0
5667 498252287 33 0
11817 498264104 38 0
6133 498270237 20 0
5651 498275888 19 0
5644 498281532 30 0
11805 498293337 35 0
6114 498299451 24 0
5640 498305091 22 0
5658 498310749 10 0
11809 498322558 45 0
6138 498328696 20 0
5632 498334328 21 0
5649 498339977 30 0
11808 498351785 53 0
6151 498357936 19 0
5658 498363594 12 0
5652 498369246 29 0
11817 498381063 35 0
6101 498387164 27 0
5658 498392822 13 0
5638 498398460 21 0
11788 498410248 44 0
6138 498416386 15 0
5651 498422037 20 0
5658 498427695 8 0
13175 498440870 45 0
6090 498446960 26 0
5658 498452618 15 0
5658 498458276 11 0
11827 498470103 34 0
6138 498476241 20 0
5652 498481893 17 0
5643 498487536 21 0
11815 498499351 38 0
6121 498505472 23 0
5657 498511129 24 0
5674 498516803 32 0
11826 498528629 35 0
6120 498534749 20 0
5622 498540371 20 0
5658 498546029 9 0
11843 498557872 35 0
6145 498564017 18 0
5640 498569657 18 0
11817 498581474 25 0
5651 498587125 21 0
6162 498593287 33 0
5658 498598945 9 0
11816 498610761 45 0
5662 498616423 31 0
6114 498622537 22 0
891056 499513593 15065 2102
12501 499526094 591 0
5649 499531743 26 0
6727 499538470 45 0
6662 499545132 20 0
18699 499563831 424 32
6706 499570537 32 0
6649 499577186 44 0
1148169 1148169 25806 548
2181479 3329648 39955 1537
9301148 12630796 64962 10637
19508897 32139693 19319 4953
12858549 44998242 15444 3368
6043729 51041971 5009 1026
19441620 70483591 18220 4885
18900698 89384289 23875 6620
18949182 108333471 18476 4903
19472082 127805553 18212 5016
19132540 146938093 17991 4959
19575351 166513444 21383 5124
19589570 186103014 18597 4666
19587193 205690207 18880 4987
19422862 225113069 18605 5247
19395799 244508868 20086 4991
18229448 262738316 24278 4716
19304692 282043008 18782 4715
19258340 301301348 19386 4968
19678864 320980212 20007 4931
19668435 340648647 19658 5268
19632846 360281493 19509 5268
19581081 379862574 19772 5111
19634140 399496714 20125 5109
19663581 419160295 19186 5222
19600349 438760644 19376 4779
19611626 458372270 19224 5278
19524074 477896344 20642 5277
15999453 493895797 31857 2482
5679848 499575645 11229 279
6141 499581786 351 6
11809 499593595 46 0
5652 499599247 17 0
5650 499604897 26 0
6112 499611009 25 0
11779 499622788 52 0
5640 499628428 22 0
5652 499634080 22 0
6173 499640253 16 0
11794 499652047 41 0
5627 499657674 20 0
5658 499663332 17 0
6134 499669466 29 0
11758 499681224 35 0
5646 499686870 17 0
5658 499692528 16 0
6173 499698701 16 0
11763 499710464 49 0
5650 499716114 26 0
5658 499721772 11 0
6153 499727925 25 0
11815 499739740 40 0
5645 499745385 19 0
5652 499751037 26 0
6160 499757197 18 0
11770 499768967 37 0
5658 499774625 13 0
5652 499780277 16 0
6154 499786431 23 0
11796 499798227 27 0
5656 499803883 25 0
5658 499809541 10 0
6144 499815685 29 0
11809 499827494 26 0
6993 499834487 99 3
5658 499840145 14 0
6135 499846280 28 0
11782 499858062 36 0
5658 499863720 13 0
5647 499869367 29 0
11788 499881155 42 0
6138 499887293 18 0
5634 499892927 16 0
5658 499898585 19 0
11791 499910376 47 0
6126 499916502 21 0
5633 499922135 23 0
5657 499927792 22 0
11792 499939584 50 0
6138 499945722 17 0
5652 499951374 14 0
5645 499957019 30 0
11817 499968836 28 0
6127 499974963 24 0
5632 499980595 23 0
5662 499986257 32 0
11786 499998043 52 0
6138 500004181 23 0
5658 500009839 18 0
5658 500015497 15 0
11831 500027328 27 0
6101 500033429 29 1
5658 500039087 15 0
5658 500044745 10 0
11787 500056532 32 0
15208 500071740 321 17
5658 500077398 32 0
5658 500083056 29 0
11800 500094856 39 0
6138 500100994 20 0
5658 500106652 14 0
5658 500112310 15 0
12512 500124822 75 0
7046 500131868 93 4
6373 500138241 17 0
6333 500144574 17 0
12263 500156837 36 0
6138 500162975 16 0
6117 500169092 20 0
6092 500175184 29 0
12224 500187408 40 0
6116 500193524 17 0
6098 500199622 25 0
6084 500205706 28 0
13091 500218797 131 11
7479 500226276 58 0
6114 500232390 26 0
6096 500238486 28 0
12205 500250691 36 0
6109 500256800 27 0
6068 500262868 22 0
6102 500268970 24 0
12242 500281212 52 0
6097 500287309 22 0
5658 500292967 12 0
5652 500298619 21 0
12270 500310889 31 0
6122 500317011 23 0
5641 500322652 23 0
5658 500328310 10 0
11776 500340086 35 0
6138 500346224 18 0
5658 500351882 10 0
5646 500357528 16 0
11828 500369356 34 0
6102 500375458 22 0
5640 500381098 18 0
5649 500386747 22 0
11789 500398536 42 0
6131 500404667 28 0
5658 500410325 12 0
5658 500415983 11 0
11811 500427794 36 0
6119 500433913 22 0
5645 500439558 18 0
5652 500445210 16 0
11802 500457012 35 0
6151 500463163 15 0
5652 500468815 13 0
5658 500474473 10 0
11776 500486249 32 0
6138 500492387 17 0
5645 500498032 19 0
5642 500503674 25 0
11826 500515500 38 0
6148 500521648 35 0
5658 500527306 12 0
5657 500532963 20 0
11778 500544741 39 0
6133 500550874 23 0
5658 500556532 9 0
5649 500562181 26 0
11811 500573992 34 0
6138 500580130 19 0
5658 500585788 11 0
5651 500591439 23 0
13192 500604631 58 0
6138 500610769 18 0
5658 500616427 10 0
5658 500622085 11 0
11768 500633853 39 0
6120 500639973 18 0
5637 500645610 20 0
5651 500651261 16 0
11809 500663070 33 0
6138 500669208 20 0
5634 500674842 18 0
5649 500680491 28 0
11789 500692280 35 0
6145 500698425 19 0
5646 500704071 19 0
5646 500709717 13 0
11800 500721517 23 0
6138 500727655 16 0
5628 500733283 23 0
5645 500738928 22 0
11836 500750764 32 0
6138 500756902 14 0
5655 500762557 20 0
5658 500768215 21 0
11803 500780018 43 0
6151 500786169 15 0
5639 500791808 21 0
5652 500797460 15 0
11774 500809234 42 0
6128 500815362 35 0
5643 500821005 20 0
5655 500826660 29 0
11807 500838467 38 0
6138 500844605 17 0
5627 500850232 25 0
5658 500855890 12 0
11794 500867684 43 0
6138 500873822 17 0
5658 500879480 11 0
5674 500885154 26 0
11858 500897012 55 0
6138 500903150 16 0
5654 500908804 19 0
5668 500914472 30 0
11811 500926283 35 0
6151 500932434 24 0
5657 500938091 20 0
5658 500943749 10 0
11818 500955567 23 0
6138 500961705 14 0
5657 500967362 18 0
5653 500973015 22 0
13183 500986198 51 0
6138 500992336 19 0
5645 500997981 18 0
5633 501003614 27 0
11812 501015426 23 0
6127 501021553 23 0
5662 501027215 22 0
5652 501032867 14 0
11816 501044683 40 0
6126 501050809 24 0
6104 501056913 22 0
5640 501062553 26 0
11784 501074337 42 0
6138 501080475 20 0
5658 501086133 12 0
5640 501091773 13 0
11805 501103578 22 0
6138 501109716 16 0
5646 501115362 13 0
5651 501121013 25 0
11783 501132796 34 0
6145 501138941 16 0
5658 501144599 15 0
5654 501150253 26 0
11797 501162050 52 0
6150 501168200 27 0
5658 501173858 13 0
5647 501179505 25 0
11808 501191313 46 0
6138 501197451 16 0
5652 501203103 19 0
5638 501208741 23 0
11783 501220524 34 0
6148 501226672 28 0
5658 501232330 13 0
5658 501237988 10 0
11780 501249768 37 0
6150 501255918 26 0
5640 501261558 20 0
5654 501267212 27 0
11817 501279029 32 0
6148 501285177 31 0
5640 501290817 20 0
5658 501296475 12 0
11798 501308273 40 0
6138 501314411 17 0
5658 501320069 12 0
5658 501325727 18 0
11806 501337533 45 0
6138 501343671 17 0
5658 501349329 19 0
7028 501356357 41 0
11788 501368145 32 0
6138 501374283 16 0
5615 501379898 20 0
5659 501385557 26 0
11831 501397388 54 0
6127 501403515 26 0
5655 501409170 25 0
5664 501414834 30 0
11818 501426652 28 0
6120 501432772 21 0
5658 501438430 12 0
5652 501444082 16 0
11816 501455898 45 0
6138 501462036 16 0
5621 501467657 22 0
5645 501473302 17 0
11815 501485117 41 0
6138 501491255 24 0
5616 501496871 19 0
5657 501502528 20 0
11799 501514327 32 0
6138 501520465 13 0
5651 501526116 22 0
5657 501531773 21 0
11801 501543574 25 0
6138 501549712 13 0
5645 501555357 26 0
5658 501561015 10 0
11779 501572794 46 0
6128 501578922 33 0
5657 501584579 26 0
5637 501590216 26 0
11817 501602033 38 0
6138 501608171 18 0
5650 501613821 31 0
5658 501619479 13 0
11818 501631297 32 0
6146 501637443 20 0
6092 501643535 21 0
5640 501649175 19 0
11787 501660962 37 0
6138 501667100 17 0
5658 501672758 12 0
5634 501678392 24 0
11825 501690217 29 0
6126 501696343 21 0
5645 501701988 20 0
5657 501707645 20 0
11798 501719443 42 0
6151 501725594 18 0
7035 501732629 24 0
5652 501738281 16 0
11812 501750093 32 0
6138 501756231 15 0
5621 501761852 20 0
5651 501767503 20 0
11781 501779284 42 0
6138 501785422 17 0
5652 501791074 17 0
5652 501796726 13 0
11805 501808531 28 0
6138 501814669 15 0
5658 501820327 11 0
5652 501825979 15 0
11806 501837785 29 0
6138 501843923 16 0
5658 501849581 12 0
5644 501855225 26 0
11817 501867042 31 0
6136 501873178 30 0
5651 501878829 24 0
626542 502505371 11964 1768
287466 502792837 4222 458
6655 502799492 80 0
10405 502809897 340 22
14683 502824580 118 5
6640 502831220 42 0
7788 502839008 164 6
6659 502845667 33 0
13701 502859368 65 4
1206528 1206528 28542 654
6131812 7338340 85830 9501
18120461 25458801 26250 5849
19142834 44601635 23247 5171
19051767 63653402 17651 4778
19591972 83245374 18034 5052
19449553 102694927 17843 5099
18238726 120933653 24590 6720
19121446 140055099 18304 4997
19671369 159726468 18422 4995
19558695 179285163 20391 5153
19413322 198698485 19225 4623
19557621 218256106 18439 5274
19510685 237766791 18344 5122
18295879 256062670 24003 4671
19264031 275326701 20052 4681
19183964 294510665 19225 5171
19668227 314178892 19385 5029
19648348 333827240 19215 5212
19633712 353460952 19951 5247
19547101 373008053 19820 5190
19763878 392771931 19201 5076
19651897 412423828 19226 5190
19619221 432043049 19774 4805
19643325 451686374 19052 5213
19578262 471264636 19658 5323
18015001 489279637 26152 3362
7074468 496354105 19409 405
6113 496360218 354 3
5658 496365876 22 0
6125 496372001 27 0
11803 496383804 31 0
5639 496389443 17 0
5658 496395101 11 0
6119 496401220 26 0
11790 496413010 23 0
5658 496418668 11 0
5658 496424326 11 0
6146 496430472 28 0
11793 496442265 47 0
5650 496447915 25 0
5651 496453566 20 0
6159 496459725 22 0
11798 496471523 36 0
5633 496477156 15 0
5666 496482822 28 0
6160 496488982 16 0
11779 496500761 41 0
5667 496506428 28 0
5645 496512073 17 0
6146 496518219 26 0
11778 496529997 32 0
5658 496535655 11 0
5658 496541313 9 0
6148 496547461 25 0
11806 496559267 42 0
5644 496564911 18 0
5651 496570562 26 0
6172 496576734 21 0
11796 496588530 27 0
5647 496594177 23 0
5658 496599835 12 0
6153 496605988 28 0
11794 496617782 40 0
5645 496623427 20 0
5646 496629073 19 0
6160 496635233 19 0
11778 496647011 33 0
6998 496654009 103 5
5657 496659666 16 0
6161 496665827 27 0
11791 496677618 48 0
5658 496683276 14 0
5638 496688914 25 0
6160 496695074 20 0
11802 496706876 42 0
5646 496712522 16 0
5643 496718165 29 0
6136 496724301 28 0
11783 496736084 39 0
5658 496741742 15 0
5658 496747400 13 0
6153 496753553 30 0
11778 496765331 29 0
5652 496770983 17 0
5658 496776641 11 0
6143 496782784 26 0
11763 496794547 34 0
5658 496800205 14 1
5658 496805863 12 0
11804 496817667 41 0
6130 496823797 25 0
5652 496829449 16 0
5658 496835107 11 0
11785 496846892 43 0
6132 496853024 23 0
5658 496858682 12 0
5658 496864340 12 0
11788 496876128 26 0
6138 496882266 17 0
5646 496887912 22 0
5658 496893570 8 0
22095 496915665 475 16
6646 496922311 29 0
6596 496928907 24 0
6298 496935205 23 0
12220 496947425 51 0
6139 496953564 42 0
6116 496959680 15 0
6097 496965777 22 0
12216 496977993 49 0
6116 496984109 15 0
6104 496990213 18 0
6092 496996305 21 0
12182 497008487 44 0
6116 497014603 20 0
6104 497020707 21 0
6116 497026823 15 0
12207 497039030 34 0
7493 497046523 37 0
6104 497052627 23 0
6079 497058706 24 0
11768 497070474 34 0
6132 497076606 18 0
6098 497082704 21 0
5658 497088362 11 0
11751 497100113 39 0
6151 497106264 16 0
5642 497111906 22 0
5652 497117558 16 0
11832 497129390 41 0
6138 497135528 16 0
5639 497141167 15 0
5658 497146825 12 0
11807 497158632 31 0
6138 497164770 15 0
5544 497170314 17 0
5651 497175965 26 0
11770 497187735 37 0
6151 497193886 15 0
5637 497199523 23 0
5658 497205181 11 0
11793 497216974 37 0
6145 497223119 18 0
5652 497228771 10 0
5651 497234422 12 0
11813 497246235 27 0
6102 497252337 24 0
5640 497257977 18 0
5658 497263635 25 0
11799 497275434 35 0
6138 497281572 15 0
5628 497287200 18 0
5658 497292858 11 0
11823 497304681 40 0
6125 497310806 24 0
5660 497316466 20 0
5659 497322125 25 0
11765 497333890 47 0
6151 497340041 15 0
5668 497345709 33 0
5647 497351356 22 0
11794 497363150 28 0
6138 497369288 19 0
5658 497374946 13 0
5658 497380604 11 0
11795 497392399 34 0
6138 497398537 17 0
5637 497404174 23 0
5640 497409814 24 0
13163 497422977 47 0
6151 497429128 32 0
5658 497434786 13 0
5652 497440438 13 0
11744 497452182 32 0
6138 497458320 16 0
5627 497463947 14 0
5643 497469590 21 0
11813 497481403 45 0
6138 497487541 16 0
5634 497493175 16 0
5657 497498832 16 0
11812 497510644 29 0
6138 497516782 16 0
5626 497522408 24 0
5658 497528066 13 0
11829 497539895 39 0
6102 497545997 23 0
5622 497551619 20 0
5658 497557277 12 0
11794 497569071 49 0
6151 497575222 14 0
5622 497580844 22 0
5658 497586502 12 0
11778 497598280 51 0
6138 497604418 17 0
5641 497610059 15 0
5658 497615717 13 0
11794 497627511 41 0
6138 497633649 17 0
5646 497639295 13 0
5639 497644934 26 0
11807 497656741 37 0
6151 497662892 14 0
5658 497668550 12 0
5650 497674200 16 0
11811 497686011 33 0
6130 497692141 24 0
5646 497697787 20 0
5658 497703445 12 0
11793 497715238 40 0
6138 497721376 18 0
5634 497727010 15 0
5658 497732668 11 0
11789 497744457 46 0
6138 497750595 17 0
5649 497756244 20 0
5652 497761896 19 0
11798 497773694 41 0
6138 497779832 16 0
5653 497785485 24 0
5656 497791141 31 0
13189 497804330 46 0
6164 497810494 15 0
5634 497816128 16 0
5651 497821779 17 0
11821 497833600 40 0
6126 497839726 20 0
5658 497845384 11 0
5658 497851042 15 0
11819 497862861 37 0
6138 497868999 17 0
5634 497874633 18 0
5658 497880291 14 0
11818 497892109 27 0
6151 497898260 16 0
5628 497903888 15 0
5646 497909534 15 0
11799 497921333 34 0
6138 497927471 18 0
5628 497933099 19 0
5658 497938757 17 0
11817 497950574 44 0
6132 497956706 21 0
5658 497962364 12 0
5652 497968016 17 0
11799 497979815 32 0
6132 497985947 20 0
5636 497991583 23 0
5658 497997241 13 0
11819 498009060 31 0
6114 498015174 23 0
5652 498020826 16 0
5658 498026484 17 0
11817 498038301 37 0
6145 498044446 20 0
5645 498050091 14 0
5652 498055743 14 0
11796 498067539 39 0
6126 498073665 22 0
5646 498079311 21 0
5657 498084968 15 0
11812 498096780 35 0
6138 498102918 23 0
5658 498108576 14 0
5658 498114234 15 0
11803 498126037 33 0
6145 498132182 20 0
5658 498137840 14 0
5657 498143497 19 0
11785 498155282 33 0
6138 498161420 22 0
5658 498167078 14 0
7035 498174113 30 0
11854 498185967 37 0
6138 498192105 16 0
5652 498197757 15 0
5658 498203415 14 0
11787 498215202 37 0
6138 498221340 17 0
5645 498226985 18 0
5658 498232643 13 0
11805 498244448 38 0
6134 498250582 28 0
5646 498256228 13 0
5652 498261880 14 0
11792 498273672 41 0
6127 498279799 30 0
5651 498285450 24 0
5658 498291108 11 0
11812 498302920 17 0
6138 498309058 16 0
5616 498314674 21 0
5645 498320319 20 0
11831 498332150 21 0
6126 498338276 17 0
5652 498343928 13 0
5658 498349586 11 0
11779 498361365 37 0
6151 498367516 23 0
5633 498373149 19 0
5658 498378807 16 0
11768 498390575 38 0
6138 498396713 15 0
5658 498402371 13 0
5658 498408029 12 0
11798 498419827 36 0
6138 498425965 19 0
5646 498431611 16 0
5658 498437269 12 0
11818 498449087 26 0
6132 498455219 18 0
5640 498460859 17 0
5651 498466510 22 0
11794 498478304 34 0
6132 498484436 24 0
5652 498490088 15 0
5652 498495740 17 0
11798 498507538 35 0
6145 498513683 20 0
5658 498519341 12 0
5658 498524999 11 0
11803 498536802 36 0
6137 498542939 21 0
7026 498549965 38 0
5658 498555623 11 0
11837 498567460 28 0
6132 498573592 20 0
5640 498579232 20 0
5658 498584890 14 0
11798 498596688 39 0
6120 498602808 22 0
5658 498608466 16 0
5652 498614118 14 0
11786 498625904 39 0
6138 498632042 18 0
915483 499547525 15395 2239
6353 499553878 584 1
12802 499566680 75 0
6654 499573334 21 0
11933 499585267 360 26
6656 499591923 42 0
13364 499605287 53 0
8706 499613993 165 7
1526897 1526897 34946 686
6535431 8062328 87871 10508
19158365 27220693 20385 5057
18977526 46198219 24240 5174
19189983 65388202 18671 4894
19551815 84940017 18473 5057
19409904 104349921 18276 5038
18288635 122638556 25386 6559
19073403 141711959 18868 4971
19698603 161410562 18904 5075
19553667 180964229 21069 5009
19403646 200367875 19831 4764
19533040 219900915 19733 5237
19451212 239352127 19123 5045
18231225 257583352 25303 4573
19305820 276889172 21387 4620
18988328 295877500 20753 5072
19587833 315465333 20760 4971
19492275 334957608 21485 5143
19583597 354541205 21682 5131
19505049 374046254 20892 5167
19660650 393706904 20617 5036
19557352 413264256 20567 5189
19492613 432756869 21584 4754
19557439 452314308 20812 5226
19534919 471849227 20978 5265
17654724 489503951 31855 3198
6723643 496227594 13927 376
6129 496233723 309 4
5651 496239374 28 0
6115 496245489 28 0
13169 496258658 125 8
5658 496264316 12 0
5644 496269960 29 0
6142 496276102 24 0
11795 496287897 37 0
5658 496293555 8 0
5658 496299213 9 0
6160 496305373 16 0
11776 496317149 34 0
5658 496322807 11 0
5652 496328459 19 0
6131 496334590 22 0
11796 496346386 21 0
5627 496352013 20 0
5658 496357671 9 0
6160 496363831 16 0
11772 496375603 42 0
5658 496381261 12 0
5646 496386907 12 0
6183 496393090 23 0
11782 496404872 53 0
5630 496410502 21 0
5658 496416160 8 0
6142 496422302 18 0
11754 496434056 33 0
5658 496439714 8 0
5658 496445372 10 0
6130 496451502 27 0
11803 496463305 27 0
5640 496468945 12 0
5651 496474596 11 0
6167 496480763 19 0
11790 496492553 29 0
5657 496498210 25 0
5634 496503844 23 0
6160 496510004 19 0
11803 496521807 39 0
5658 496527465 11 0
5658 496533123 11 0
6118 496539241 23 0
11790 496551031 24 0
5640 496556671 15 0
5658 496562329 12 0
6173 496568502 16 0
11755 496580257 40 0
5652 496585909 12 0
5652 496591561 14 0
6160 496597721 18 0
11777 496609498 42 0
5628 496615126 19 0
5658 496620784 8 0
6173 496626957 15 0
13152 496640109 57 0
5639 496645748 23 0
5658 496651406 9 0
6160 496657566 17 1
11803 496669369 50 0
5658 496675027 12 0
5658 496680685 10 0
6148 496686833 20 0
11796 496698629 19 0
5652 496704281 14 0
5640 496709921 14 0
6173 496716094 18 0
11778 496727872 33 0
5658 496733530 13 0
5637 496739167 24 0
6136 496745303 23 0
11803 496757106 32 0
5658 496762764 20 0
5658 496768422 14 0
13012 496781434 96 0
6659 496788093 26 0
6326 496794419 25 0
5649 496800068 12 0
12751 496812819 46 0
6110 496818929 19 0
6079 496825008 27 0
6116 496831124 17 0
12184 496843308 44 0
6078 496849386 27 0
15161 496864547 353 11
6116 496870663 32 0
12183 496882846 38 0
6092 496888938 28 0
6116 496895054 17 0
6098 496901152 23 0
12214 496913366 38 0
6113 496919479 21 0
6119 496925598 32 0
6096 496931694 26 0
11765 496943459 46 0
6138 496949597 15 0
6115 496955712 25 0
5658 496961370 12 0
11791 496973161 43 0
6138 496979299 17 0
5651 496984950 11 0
5658 496990608 8 0
11791 497002399 29 0
6143 497008542 32 0
5658 497014200 12 0
5649 497019849 22 0
13174 497033023 62 0
6138 497039161 16 0
5652 497044813 14 0
5652 497050465 13 0
11800 497062265 37 0
6138 497068403 14 0
5658 497074061 12 0
5659 497079720 24 0
11810 497091530 41 0
6126 497097656 23 0
5658 497103314 11 0
5657 497108971 19 0
11801 497120772 29 0
6131 497126903 23 0
5636 497132539 21 0
5658 497138197 6 0
11796 497149993 41 0
6158 497156151 21 0
5658 497161809 11 0
5639 497167448 18 0
11791 497179239 38 0
6138 497185377 15 0
5660 497191037 29 0
5652 497196689 23 0
11831 497208520 33 0
6145 497214665 16 0
5640 497220305 17 0
5632 497225937 21 0
11803 497237740 35 0
6138 497243878 21 0
5652 497249530 15 0
5645 497255175 14 0
11801 497266976 49 0
6138 497273114 16 0
5658 497278772 11 0
5658 497284430 10 0
11827 497296257 34 0
6138 497302395 15 0
5646 497308041 22 0
5658 497313699 10 0
11807 497325506 47 0
6138 497331644 16 0
5621 497337265 19 0
5638 497342903 22 0
11807 497354710 46 0
6138 497360848 21 0
5649 497366497 20 0
5628 497372125 14 0
11774 497383899 38 0
6139 497390038 19 0
5658 497395696 14 0
7035 497402731 28 0
11793 497414524 33 0
6123 497420647 25 0
5649 497426296 18 0
5658 497431954 9 0
11799 497443753 30 0
6138 497449891 18 0
5644 497455535 17 0
5658 497461193 13 0
11794 497472987 36 0
6151 497479138 15 0
5658 497484796 12 0
5657 497490453 15 0
12254 497502707 35 0
6138 497508845 15 0
5645 497514490 19 0
5657 497520147 32 0
11818 497531965 46 0
6138 497538103 17 0
5662 497543765 23 0
5642 497549407 25 0
11800 497561207 29 0
6138 497567345 16 0
5637 497572982 24 0
5652 497578634 21 0
11840 497590474 39 0
6120 497596594 20 0
5658 497602252 12 0
5658 497607910 10 0
11810 497619720 28 1
14344 497634064 259 78
5652 497639716 17 0
5662 497645378 26 0
11800 497657178 51 0
6116 497663294 27 0
5658 497668952 9 0
5658 497674610 8 0
11824 497686434 32 0
6108 497692542 23 0
5632 497698174 24 0
5658 497703832 9 0
11792 497715624 32 0
6151 497721775 15 0
5651 497727426 22 0
5658 497733084 8 0
11793 497744877 35 0
6138 497751015 17 0
5631 497756646 22 0
5653 497762299 15 0
11784 497774083 48 0
6133 497780216 30 0
7022 497787238 32 0
5658 497792896 13 0
11818 497804714 19 0
6114 497810828 22 0
5615 497816443 22 0
5644 497822087 23 0
11819 497833906 31 0
6122 497840028 31 0
5615 497845643 20 0
5658 497851301 44 10
11764 497863065 50 0
6151 497869216 19 0
5663 497874879 26 0
5662 497880541 23 0
12527 497893068 60 0
6618 497899686 19 0
6365 497906051 31 0
6320 497912371 23 0
12300 497924671 41 0
6138 497930809 15 0
5654 497936463 23 0
5632 497942095 21 0
11791 497953886 30 0
6158 497960044 19 0
5650 497965694 19 0
5644 497971338 26 0
11776 497983114 39 0
6124 497989238 30 0
5633 497994871 15 0
5638 498000509 27 0
11825 498012334 28 0
6124 498018458 32 0
5645 498024103 17 0
5658 498029761 12 0
11809 498041570 31 0
6138 498047708 14 0
5646 498053354 15 0
5652 498059006 22 0
11794 498070800 36 0
6138 498076938 15 0
5632 498082570 20 0
5662 498088232 24 0
11770 498100002 34 0
6151 498106153 17 0
5633 498111786 17 0
5658 498117444 10 0
11796 498129240 41 0
6138 498135378 17 0
5632 498141010 21 0
5632 498146642 24 0
11781 498158423 30 0
7515 498165938 28 0
5649 498171587 25 0
5653 498177240 27 0
11793 498189033 46 0
6151 498195184 19 0
5652 498200836 14 0
5650 498206486 25 0
11788 498218274 30 0
6132 498224406 18 0
5637 498230043 17 0
5651 498235694 17 0
11822 498247516 34 0
6139 498253655 29 0
5628 498259283 16 0
5638 498264921 19 0
11775 498276696 29 0
6132 498282828 20 0
5637 498288465 19 0
5647 498294112 23 0
11838 498305950 36 0
6138 498312088 17 0
5651 498317739 20 0
5667 498323406 28 0
11799 498335205 31 0
6121 498341326 21 0
5646 498346972 20 0
5651 498352623 16 0
11784 498364407 44 0
6125 498370532 27 0
5658 498376190 9 0
5657 498381847 19 0
11831 498393678 18 0
6138 498399816 14 0
5645 498405461 20 0
5652 498411113 14 0
11812 498422925 31 0
6151 498429076 16 0
5657 498434733 15 0
5658 498440391 15 0
11795 498452186 38 0
6138 498458324 14 0
5658 498463982 12 0
5660 498469642 28 0
11830 498481472 28 0
6145 498487617 15 0
5658 498493275 10 0
5654 498498929 23 0
11805 498510734 24 0
9441 498520175 171 8
876755 499396930 15012 2409
8070 499405000 136 1
18580 499423580 389 30
6683 499430263 41 0
6449 499436712 22 0
6688 499443400 24 0
14851 499458251 225 10
6373 499464624 14 0
