3678047 3678047 72287 1453
11581212 15259259 60891 7866
19440882 34700141 17730 4407
6250426 40950567 7684 1191
19200350 60150917 20862 4314
19718420 79869337 17681 3125
18505632 98374969 23808 5552
19300041 117675010 19015 4565
19180771 136855781 17980 4421
19583039 156438820 18037 4256
19628800 176067620 19989 4604
19658234 195725854 19086 3565
19559973 215285827 18404 4361
19508297 234794124 19001 4072
18903816 253697940 19624 3275
18753729 272451669 24388 3802
19325574 291777243 19241 4586
19558202 311335445 18981 4256
19691117 331026562 18739 4449
19690436 350716998 20042 5047
19520150 370237148 18755 4829
19731857 389969005 18825 3770
19617939 409586944 18802 4909
19628634 429215578 19742 3643
19665382 448880960 18304 4202
19585032 468465992 19027 5211
18189496 486655488 30376 4457
10573768 497229256 17349 49
1184076 498413332 3936 107
5658 498418990 38 0
6138 498425128 26 0
11784 498436912 39 0
5651 498442563 19 0
5658 498448221 13 0
6142 498454363 25 0
11773 498466136 42 0
5663 498471799 15 0
5651 498477450 19 0
6148 498483598 17 0
11766 498495364 35 0
5657 498501021 20 0
5658 498506679 12 0
6130 498512809 20 0
11766 498524575 38 0
5627 498530202 19 0
5658 498535860 19 0
6149 498542009 22 0
11778 498553787 31 0
5651 498559438 13 0
5658 498565096 12 0
6154 498571250 16 0
11806 498583056 41 0
5634 498588690 18 0
5651 498594341 20 0
6136 498600477 20 0
11718 498612195 31 0
5652 498617847 13 0
5658 498623505 11 0
6155 498629660 18 0
11796 498641456 22 0
5658 498647114 15 0
5658 498652772 11 0
6142 498658914 19 0
11796 498670710 25 0
5657 498676367 17 0
5658 498682025 14 0
6167 498688192 24 0
13149 498701341 108 0
5640 498706981 19 0
5658 498712639 9 0
11781 498724420 37 0
6145 498730565 17 0
5658 498736223 13 0
5658 498741881 14 0
11763 498753644 33 0
6138 498759782 23 0
5640 498765422 23 0
5658 498771080 12 0
11838 498782918 34 0
6131 498789049 24 0
5633 498794682 17 0
5658 498800340 15 0
11780 498812120 37 0
6145 498818265 16 0
5652 498823917 15 0
5658 498829575 11 0
11793 498841368 30 0
6126 498847494 21 0
5651 498853145 16 0
5658 498858803 18 0
11807 498870610 35 0
6138 498876748 17 0
5658 498882406 14 0
5658 498888064 14 0
11800 498899864 36 0
6138 498906002 16 0
5658 498911660 11 0
5658 498917318 12 0
11819 498929137 38 0
6623 498935760 59 0
6333 498942093 27 0
5649 498947742 15 0
12963 498960705 40 0
6576 498967281 28 0
6116 498973397 17 0
5658 498979055 15 0
12228 498991283 38 0
6116 498997399 17 0
6116 499003515 19 0
6129 499009644 18 0
12196 499021840 38 0
6116 499027956 20 0
6098 499034054 21 0
6073 499040127 26 0
12184 499052311 47 0
6123 499058434 15 0
6102 499064536 22 0
6104 499070640 25 0
13564 499084204 66 0
6107 499090311 33 0
5651 499095962 22 0
5644 499101606 18 0
12283 499113889 37 0
6117 499120006 24 0
5658 499125664 15 0
5658 499131322 13 0
11818 499143140 25 0
6138 499149278 18 0
5658 499154936 12 0
5658 499160594 17 0
11811 499172405 36 0
6132 499178537 18 0
5658 499184195 13 0
5652 499189847 15 0
11769 499201616 41 0
6109 499207725 22 0
5652 499213377 14 0
5645 499219022 20 0
11793 499230815 35 0
6096 499236911 25 0
5646 499242557 17 0
5658 499248215 12 0
11831 499260046 24 0
6138 499266184 19 0
5658 499271842 12 0
5658 499277500 11 0
11818 499289318 26 0
6151 499295469 19 0
5658 499301127 15 0
5658 499306785 13 0
11812 499318597 24 0
6138 499324735 14 0
5658 499330393 14 0
5658 499336051 8 0
11781 499347832 37 0
6132 499353964 24 0
5658 499359622 15 0
5658 499365280 12 0
11812 499377092 25 0
6126 499383218 21 0
5658 499388876 14 0
5651 499394527 19 0
11821 499406348 40 0
6138 499412486 16 0
5658 499418144 12 0
5657 499423801 22 0
11781 499435582 31 0
6151 499441733 17 0
5658 499447391 14 0
5658 499453049 12 0
13195 499466244 39 0
6132 499472376 19 0
5628 499478004 20 0
5658 499483662 10 0
11831 499495493 23 0
6138 499501631 12 0
5658 499507289 14 0
5658 499512947 10 0
11818 499524765 25 0
6164 499530929 14 0
5658 499536587 12 0
5658 499542245 12 0
11818 499554063 27 0
6138 499560201 19 0
5658 499565859 11 0
5658 499571517 15 0
23219 499594736 428 3
6138 499600874 20 0
5658 499606532 13 0
5658 499612190 19 0
11769 499623959 38 0
6120 499630079 22 0
5658 499635737 14 0
5658 499641395 15 0
11831 499653226 23 0
6138 499659364 16 0
5658 499665022 12 0
5658 499670680 16 0
11818 499682498 24 0
7038 499689536 82 10
5658 499695194 15 0
5658 499700852 14 0
11818 499712670 23 0
6138 499718808 19 0
5658 499724466 11 0
5658 499730124 11 0
11824 499741948 33 0
6131 499748079 23 0
5646 499753725 17 0
5646 499759371 13 0
11800 499771171 27 0
6144 499777315 18 0
5646 499782961 16 0
5652 499788613 15 0
11792 499800405 37 0
6132 499806537 20 0
5652 499812189 11 0
5658 499817847 13 0
11787 499829634 38 0
6138 499835772 19 0
7017 499842789 38 0
5652 499848441 16 0
11818 499860259 24 0
6145 499866404 15 0
6110 499872514 25 0
5658 499878172 15 0
11747 499889919 38 0
6132 499896051 19 0
5652 499901703 16 0
5658 499907361 16 0
11792 499919153 39 0
6152 499925305 20 0
6084 499931389 23 0
5658 499937047 14 0
11790 499948837 22 0
6131 499954968 17 0
5658 499960626 12 0
5658 499966284 12 0
11783 499978067 41 0
6137 499984204 19 0
5658 499989862 14 0
5658 499995520 14 0
11769 500007289 39 0
6151 500013440 20 0
5634 500019074 19 0
5658 500024732 10 0
11764 500036496 31 0
6138 500042634 15 0
5658 500048292 11 0
5658 500053950 17 0
11769 500065719 37 0
6132 500071851 17 0
5658 500077509 14 0
5658 500083167 14 0
11786 500094953 40 0
6137 500101090 19 0
5658 500106748 12 0
5658 500112406 14 0
11825 500124231 23 0
6138 500130369 16 0
5658 500136027 15 0
5658 500141685 11 0
11794 500153479 36 0
6150 500159629 16 0
5658 500165287 13 0
5658 500170945 14 0
11818 500182763 30 0
6124 500188887 23 0
5651 500194538 15 0
5657 500200195 15 0
11776 500211971 36 0
7503 500219474 31 0
5651 500225125 15 0
5656 500230781 21 0
11812 500242593 29 0
6145 500248738 19 0
5634 500254372 16 0
5658 500260030 15 0
11818 500271848 21 0
6138 500277986 21 0
5646 500283632 16 0
5657 500289289 16 0
11844 500301133 28 0
6132 500307265 17 0
5645 500312910 19 0
5658 500318568 11 0
11794 500330362 29 0
6138 500336500 15 0
5658 500342158 13 0
5658 500347816 17 0
11831 500359647 21 0
6132 500365779 19 0
5658 500371437 15 0
5658 500377095 12 0
11818 500388913 31 0
6151 500395064 17 0
5646 500400710 15 0
5651 500406361 16 0
11799 500418160 29 0
6138 500424298 19 0
5658 500429956 12 0
5658 500435614 12 0
11831 500447445 24 0
6138 500453583 13 0
5658 500459241 14 0
5658 500464899 12 0
11818 500476717 25 0
6151 500482868 14 0
5658 500488526 14 0
5658 500494184 13 0
11818 500506002 26 0
6138 500512140 17 0
5658 500517798 14 0
5658 500523456 13 0
11831 500535287 27 0
6138 500541425 15 0
5658 500547083 14 0
5658 500552741 14 0
11805 500564546 31 0
6107 500570653 22 0
5640 500576293 21 0
5652 500581945 14 0
13195 500595140 46 0
6133 500601273 19 0
5633 500606906 18 0
5658 500612564 13 0
11788 500624352 28 0
6145 500630497 23 0
5658 500636155 12 0
5652 500641807 17 0
11806 500653613 29 0
6132 500659745 23 0
5633 500665378 22 0
5658 500671036 18 0
888988 501560024 15434 1339
6429 501566453 47 0
6724 501573177 32 0
18839 501592016 383 16
6656 501598672 39 0
6591 501605263 35 0
6668 501611931 19 0
14869 501626800 153 4
3580828 3580828 71528 1416
11065673 14646501 59851 7576
19315913 33962414 18594 4517
6598219 40560633 8265 1316
19118712 59679345 20945 4255
19629452 79308797 17945 3213
18418953 97727750 23981 5349
19152625 116880375 19472 4502
19202838 136083213 18516 4379
19675945 155759158 18071 4208
19575214 175334372 20429 4642
19527869 194862241 19292 3643
19539854 214402095 18585 4158
19566094 233968189 19077 4307
18845077 252813266 19781 2982
18788653 271601919 24441 3796
19091443 290693362 18718 4619
19638420 310331782 18333 4290
19645516 329977298 18765 4362
19721990 349699288 19330 4958
19600846 369300134 18542 4725
19712120 389012254 18388 3823
19652674 408664928 18498 4803
19691345 428356273 18757 3640
19592269 447948542 18600 4257
19581189 467529731 18570 5201
18533881 486063612 27576 4713
10773771 496837383 19615 66
1608097 498445480 4683 104
5658 498451138 23 0
6151 498457289 17 0
11803 498469092 24 0
5652 498474744 14 0
5645 498480389 25 0
6117 498486506 23 0
11809 498498315 23 0
5644 498503959 22 0
5652 498509611 14 0
6160 498515771 16 0
11758 498527529 47 0
5639 498533168 17 0
5644 498538812 19 0
6161 498544973 22 0
11729 498556702 38 0
5658 498562360 9 0
5658 498568018 10 0
6129 498574147 21 0
11798 498585945 47 0
5615 498591560 20 0
5639 498597199 20 0
6186 498603385 15 0
11745 498615130 45 0
5649 498620779 28 0
5658 498626437 13 0
6117 498632554 26 0
11785 498644339 30 0
5621 498649960 19 0
5659 498655619 26 0
6150 498661769 29 0
11790 498673559 35 0
5658 498679217 43 11
5658 498684875 11 0
6159 498691034 26 0
11790 498702824 24 0
5628 498708452 17 0
5658 498714110 10 0
6142 498720252 26 0
11779 498732031 31 0
5627 498737658 20 0
5645 498743303 16 0
6160 498749463 16 0
11765 498761228 34 0
5622 498766850 17 0
7022 498773872 89 0
6148 498780020 26 0
11775 498791795 32 0
5639 498797434 20 0
5652 498803086 16 0
6160 498809246 18 0
11789 498821035 37 0
5657 498826692 22 0
5634 498832326 17 0
6143 498838469 20 0
11752 498850221 42 0
5658 498855879 11 0
5644 498861523 20 0
6154 498867677 18 0
20014 498887691 295 65
5650 498893341 32 0
5658 498898999 11 0
6119 498905118 24 0
11796 498916914 22 0
5652 498922566 17 0
5643 498928209 28 0
6173 498934382 17 0
11796 498946178 26 0
5658 498951836 13 0
5652 498957488 14 0
6154 498963642 20 0
12977 498976619 107 0
6353 498982972 26 0
6325 498989297 29 0
12269 499001566 35 0
6132 499007698 16 0
6109 499013807 30 0
5658 499019465 14 0
13155 499032620 106 15
6116 499038736 17 0
6116 499044852 16 0
6110 499050962 17 0
12232 499063194 28 0
6116 499069310 16 0
6129 499075439 21 0
6116 499081555 16 0
12223 499093778 39 0
6110 499099888 19 0
6116 499106004 16 0
6092 499112096 23 0
12220 499124316 34 0
6104 499130420 16 0
6085 499136505 25 0
5658 499142163 12 0
11784 499153947 25 0
6132 499160079 21 0
7035 499167114 40 1
5658 499172772 8 0
11830 499184602 32 0
6132 499190734 16 0
5652 499196386 14 0
5657 499202043 15 0
11817 499213860 26 0
6158 499220018 16 0
5658 499225676 9 0
5658 499231334 10 0
11819 499243153 23 0
6126 499249279 18 0
5658 499254937 12 0
5657 499260594 21 0
11821 499272415 31 0
6138 499278553 17 0
5657 499284210 18 0
5658 499289868 9 0
11811 499301679 31 0
6138 499307817 21 0
5651 499313468 16 0
5658 499319126 16 0
11815 499330941 40 0
6138 499337079 16 0
5658 499342737 12 0
5658 499348395 11 0
11818 499360213 18 0
6164 499366377 18 0
5658 499372035 11 0
5658 499377693 9 0
11770 499389463 39 0
6138 499395601 18 0
5651 499401252 17 0
5658 499406910 8 0
11819 499418729 33 0
6132 499424861 16 0
5658 499430519 12 0
5658 499436177 11 0
11818 499447995 22 0
6151 499454146 15 0
5658 499459804 11 0
5657 499465461 17 0
11797 499477258 38 0
6132 499483390 16 0
5628 499489018 15 0
5658 499494676 12 0
11805 499506481 39 0
6132 499512613 19 0
5652 499518265 16 0
5658 499523923 10 0
11818 499535741 22 0
7515 499543256 28 0
5652 499548908 12 0
5652 499554560 15 0
11830 499566390 32 0
6120 499572510 18 0
5658 499578168 12 0
5658 499583826 10 0
11793 499595619 32 0
6145 499601764 19 0
5628 499607392 16 0
5658 499613050 11 0
11763 499624813 35 0
6133 499630946 17 0
5658 499636604 11 0
5658 499642262 16 0
11807 499654069 25 0
6132 499660201 17 0
5658 499665859 9 0
5651 499671510 12 0
11816 499683326 33 0
17565 499700891 356 8
5658 499706549 25 0
5658 499712207 16 0
11818 499724025 22 0
6138 499730163 11 0
5658 499735821 14 0
5658 499741479 13 0
11838 499753317 29 0
6138 499759455 15 0
5658 499765113 14 0
5652 499770765 14 0
11794 499782559 36 0
6138 499788697 15 0
5658 499794355 9 0
5657 499800012 12 0
11807 499811819 26 0
6138 499817957 15 0
5658 499823615 13 0
5652 499829267 13 0
11806 499841073 23 0
6151 499847224 22 0
5646 499852870 16 0
5658 499858528 10 0
11806 499870334 24 0
6138 499876472 16 0
5657 499882129 16 0
5652 499887781 16 0
11783 499899564 38 0
6138 499905702 18 0
5628 499911330 18 0
5658 499916988 14 0
13171 499930159 48 0
6151 499936310 18 0
5658 499941968 13 0
5646 499947614 11 0
11794 499959408 36 0
6139 499965547 18 0
5658 499971205 12 0
5658 499976863 11 0
11800 499988663 33 0
6132 499994795 22 0
5658 500000453 13 0
5658 500006111 15 0
11800 500017911 30 0
6119 500024030 27 0
5653 500029683 11 0
5657 500035340 15 0
11831 500047171 24 0
6138 500053309 18 0
5651 500058960 21 0
5658 500064618 12 0
11811 500076429 34 0
6151 500082580 20 0
5652 500088232 12 0
5658 500093890 14 0
11818 500105708 21 0
6132 500111840 20 0
5651 500117491 18 0
5658 500123149 13 0
11832 500134981 30 0
6138 500141119 16 0
5658 500146777 12 0
5658 500152435 10 0
11818 500164253 19 0
6151 500170404 15 0
5658 500176062 9 0
5652 500181714 15 0
11818 500193532 18 0
6114 500199646 18 0
5651 500205297 13 0
5658 500210955 8 0
11824 500222779 29 0
6138 500228917 17 0
5658 500234575 12 0
5658 500240233 15 0
11781 500252014 40 0
6114 500258128 24 0
5652 500263780 15 0
5658 500269438 13 0
11787 500281225 40 0
6138 500287363 19 0
5640 500293003 13 0
7034 500300037 30 0
11812 500311849 30 0
6151 500318000 13 0
5658 500323658 11 0
5652 500329310 15 0
11788 500341098 28 0
6132 500347230 22 0
5651 500352881 13 0
5658 500358539 10 0
11818 500370357 30 0
6138 500376495 17 0
5658 500382153 10 0
5652 500387805 13 0
11767 500399572 32 0
6151 500405723 16 0
5658 500411381 11 0
5658 500417039 14 0
11805 500428844 33 0
6138 500434982 17 0
5646 500440628 15 0
5652 500446280 17 0
11809 500458089 38 0
6120 500464209 21 0
5651 500469860 18 0
5658 500475518 10 0
11787 500487305 27 0
6132 500493437 17 0
5658 500499095 9 0
5658 500504753 13 0
11838 500516591 26 0
6138 500522729 19 0
5658 500528387 12 0
5658 500534045 12 0
11782 500545827 26 0
6151 500551978 18 0
5658 500557636 11 0
5646 500563282 18 0
11763 500575045 32 0
6114 500581159 20 0
5658 500586817 12 0
5656 500592473 19 0
11801 500604274 34 0
6138 500610412 18 0
5658 500616070 10 0
5658 500621728 9 0
11792 500633520 37 0
6145 500639665 16 0
5646 500645311 15 0
5658 500650969 11 0
11794 500662763 32 0
6120 500668883 19 0
7035 500675918 24 0
5658 500681576 14 0
11818 500693394 28 0
6139 500699533 21 0
5658 500705191 15 0
581751 501286942 10421 892
352904 501639846 5494 409
6095 501645941 56 0
6449 501652390 26 0
6697 501659087 33 0
18858 501677945 373 19
6718 501684663 34 0
6662 501691325 30 0
8443 501699768 94 3
4748886 4748886 90824 2036
15023612 19772498 45539 8165
19217273 38989771 17238 4499
19090872 58080643 21153 4338
19389686 77470329 21291 3369
19580771 97051100 18438 4300
19448184 116499284 18247 4473
18948243 135447527 25624 5921
19050521 154498048 19310 3940
19611803 174109851 18215 4449
19121806 193231657 18631 3514
19377754 212609411 21988 4193
19543507 232152918 18849 4281
19605019 251757937 18978 3113
18950256 270708193 25520 3837
19449367 290157560 19847 4735
18894599 309052159 19572 4010
19382113 328434272 18950 4349
19410608 347844880 19866 4904
19508906 367353786 20128 4698
19697864 387051650 19205 3739
19547553 406599203 19296 4874
19643945 426243148 18874 3579
19584544 445827692 20073 4297
19572944 465400636 19250 5126
18558257 483958893 27819 4813
10693732 494652625 19351 54
1731683 496384308 5556 118
5662 496389970 24 0
5662 496395632 21 0
6154 496401786 20 0
12723 496414509 113 5
5658 496420167 15 0
5658 496425825 12 0
6135 496431960 29 0
11796 496443756 29 0
5646 496449402 14 0
5657 496455059 19 0
6167 496461226 17 0
11778 496473004 31 0
7035 496480039 102 1
5652 496485691 20 0
6118 496491809 24 0
11786 496503595 36 0
5652 496509247 15 0
5658 496514905 13 0
6173 496521078 17 0
11796 496532874 21 0
5658 496538532 9 0
5658 496544190 15 0
6136 496550326 20 0
11792 496562118 27 0
5657 496567775 12 0
5658 496573433 12 0
6154 496579587 17 0
11796 496591383 27 0
5658 496597041 11 0
5652 496602693 16 0
11831 496614524 26 0
6132 496620656 19 0
5658 496626314 13 0
5658 496631972 22 0
11798 496643770 33 0
6151 496649921 17 0
5658 496655579 11 0
5657 496661236 18 0
11810 496673046 31 0
6137 496679183 24 0
5658 496684841 11 0
5651 496690492 19 0
11818 496702310 33 0
6132 496708442 21 0
5640 496714082 16 0
5658 496719740 14 0
11818 496731558 24 0
6138 496737696 18 0
5633 496743329 20 0
5658 496748987 14 0
11819 496760806 26 0
6138 496766944 14 0
5658 496772602 10 0
5658 496778260 9 0
11811 496790071 30 0
6164 496796235 15 0
5633 496801868 21 0
5658 496807526 11 0
11818 496819344 23 0
6132 496825476 21 0
5652 496831128 12 0
5640 496836768 18 0
11782 496848550 37 0
7515 496856065 29 0
5658 496861723 14 0
5658 496867381 11 0
11818 496879199 33 0
6151 496885350 19 0
5640 496890990 19 0
5652 496896642 15 0
12528 496909170 60 0
6618 496915788 30 0
6365 496922153 23 0
6333 496928486 19 0
12287 496940773 33 0
6132 496946905 18 0
6115 496953020 19 0
5658 496958678 14 0
12241 496970919 36 0
6110 496977029 18 0
6129 496983158 16 0
6097 496989255 26 0
12219 497001474 44 0
6116 497007590 17 0
6116 497013706 17 0
6116 497019822 18 0
12245 497032067 28 0
6116 497038183 16 0
6116 497044299 18 0
6098 497050397 25 0
11767 497062164 32 0
6138 497068302 17 0
6116 497074418 22 0
5658 497080076 14 0
11809 497091885 25 0
6138 497098023 17 0
5658 497103681 13 0
5658 497109339 13 0
11800 497121139 33 0
6151 497127290 17 0
5658 497132948 12 0
5646 497138594 20 0
11788 497150382 27 0
6138 497156520 17 0
5652 497162172 16 0
5658 497167830 9 0
11808 497179638 32 0
6138 497185776 17 0
5658 497191434 12 0
5657 497197091 12 0
11787 497208878 32 0
6132 497215010 15 0
5658 497220668 12 0
5658 497226326 9 0
13202 497239528 42 1
6138 497245666 17 0
5658 497251324 11 0
5658 497256982 11 0
11793 497268775 33 0
6151 497274926 15 0
5628 497280554 20 0
5652 497286206 14 0
11812 497298018 22 0
6139 497304157 15 0
5651 497309808 20 0
5658 497315466 11 0
11825 497327291 22 0
6138 497333429 19 0
5646 497339075 15 0
5658 497344733 17 0
11800 497356533 32 0
6151 497362684 16 0
5658 497368342 12 0
5658 497374000 10 0
11818 497385818 22 0
6137 497391955 19 0
5658 497397613 13 0
5658 497403271 11 0
11831 497415102 21 0
6138 497421240 16 0
5658 497426898 11 0
5658 497432556 12 0
11816 497444372 25 0
6138 497450510 18 0
5658 497456168 12 0
5658 497461826 9 0
11830 497473656 25 0
6138 497479794 16 0
5658 497485452 12 0
5658 497491110 10 0
11818 497502928 21 0
6151 497509079 13 0
5658 497514737 12 0
5658 497520395 13 0
11812 497532207 28 0
6138 497538345 15 0
5646 497543991 18 0
5651 497549642 17 0
11843 497561485 40 0
6137 497567622 23 0
5658 497573280 10 0
5658 497578938 11 0
11818 497590756 24 0
6151 497596907 15 0
5658 497602565 13 0
5658 497608223 11 0
13194 497621417 48 0
6138 497627555 18 0
5658 497633213 15 0
5658 497638871 12 0
11805 497650676 34 0
6138 497656814 17 0
5658 497662472 10 0
5652 497668124 14 0
11757 497679881 40 0
6138 497686019 17 0
5616 497691635 20 0
5657 497697292 15 0
20816 497718108 363 3
6126 497724234 27 0
5652 497729886 14 0
5656 497735542 20 0
11752 497747294 32 0
6151 497753445 19 0
5658 497759103 13 0
5658 497764761 14 0
11758 497776519 35 0
6132 497782651 21 0
5658 497788309 13 0
5658 497793967 12 0
11813 497805780 31 0
6138 497811918 19 0
5658 497817576 11 0
5658 497823234 11 0
11818 497835052 26 0
6151 497841203 14 0
5658 497846861 14 0
5658 497852519 11 0
11806 497864325 26 0
6114 497870439 21 0
5658 497876097 15 0
5658 497881755 12 0
11831 497893586 20 0
6138 497899724 16 0
5658 497905382 13 0
5658 497911040 15 0
11806 497922846 28 0
6138 497928984 17 0
5658 497934642 13 0
5658 497940300 12 0
11803 497952103 38 0
6137 497958240 18 0
5621 497963861 20 0
5651 497969512 17 0
11758 497981270 30 0
6151 497987421 20 0
5631 497993052 23 0
7035 498000087 34 0
11804 498011891 29 0
6137 498018028 19 0
5658 498023686 11 0
5658 498029344 13 0
11825 498041169 22 0
6139 498047308 15 0
5651 498052959 15 0
5658 498058617 14 0
11762 498070379 35 0
6133 498076512 20 0
5658 498082170 14 0
5651 498087821 22 0
11792 498099613 38 0
6132 498105745 18 0
5652 498111397 14 0
5658 498117055 10 0
11789 498128844 30 0
6138 498134982 24 0
5639 498140621 19 0
5658 498146279 10 0
11817 498158096 31 0
6138 498164234 13 0
5658 498169892 13 0
5652 498175544 15 0
11819 498187363 27 0
6143 498193506 22 0
5658 498199164 14 0
5658 498204822 14 0
11810 498216632 35 0
6151 498222783 22 0
5658 498228441 14 0
5657 498234098 15 0
11794 498245892 28 0
6138 498252030 21 0
5658 498257688 13 0
5658 498263346 16 0
11794 498275140 32 0
6120 498281260 21 0
5658 498286918 11 0
5646 498292564 15 0
11787 498304351 32 0
6164 498310515 21 0
5640 498316155 16 0
5657 498321812 17 0
11817 498333629 25 0
6132 498339761 18 0
5640 498345401 15 0
5658 498351059 13 0
11804 498362863 44 0
6138 498369001 18 0
7035 498376036 29 0
5658 498381694 13 0
11818 498393512 20 0
6138 498399650 12 0
5652 498405302 14 0
5658 498410960 11 0
11818 498422778 35 0
6132 498428910 19 0
5640 498434550 15 0
5658 498440208 15 0
11804 498452012 25 0
14350 498466362 249 49
5658 498472020 27 0
5658 498477678 12 0
11817 498489495 30 0
6132 498495627 16 0
5652 498501279 14 0
5658 498506937 12 0
11831 498518768 23 0
6132 498524900 19 0
5658 498530558 13 0
5658 498536216 8 0
11818 498548034 14 0
6151 498554185 14 0
5658 498559843 12 0
11823 498571666 20 0
5658 498577324 8 0
6138 498583462 14 0
5658 498589120 12 0
11837 498600957 26 0
5658 498606615 9 0
6138 498612753 13 0
5658 498618411 14 0
11811 498630222 34 0
5652 498635874 15 0
9471 498645345 191 4
898997 499544342 15225 1302
13081 499557423 91 0
11841 499569264 418 22
6655 499575919 41 0
6449 499582368 18 0
14946 499597314 159 9
6818 499604132 33 0
1914039 1914039 44317 622
661085 2575124 13745 401
9066593 11641717 74337 7368
19442392 31084109 22179 4679
18952033 50036142 20961 4521
19570619 69606761 18175 3758
19538806 89145567 19067 3556
18981446 108127013 24646 5784
18917014 127044027 19476 4539
19524520 146568547 19735 4491
19226749 165795296 19122 4280
19554866 185350162 22002 3622
19565967 204916129 19423 3885
19685990 224602119 19596 4767
19567131 244169250 20289 2736
18982518 263151768 25215 4795
18830249 281982017 18882 3780
19536663 301518680 18542 4146
19263471 320782151 18183 4718
19692580 340474731 19569 4584
19589774 360064505 18921 5080
19682955 379747460 18668 4072
19686000 399433460 18321 4409
19647597 419081057 19128 3777
19658560 438739617 18404 4312
19546752 458286369 19037 4978
19668849 477955218 18767 5162
13967424 491922642 30123 1472
4427459 496350101 8980 132
5658 496355759 22 0
6151 496361910 18 0
11772 496373682 37 0
5658 496379340 15 0
5658 496384998 11 0
6154 496391152 19 0
20862 496412014 345 2
5646 496417660 29 0
5658 496423318 14 0
6165 496429483 24 0
11796 496441279 20 0
5658 496446937 13 0
5658 496452595 8 0
6173 496458768 19 0
11795 496470563 36 0
5658 496476221 13 0
5658 496481879 13 0
6160 496488039 17 0
11796 496499835 29 0
5658 496505493 16 0
5646 496511139 18 0
6167 496517306 19 0
11796 496529102 24 0
5658 496534760 15 0
5658 496540418 11 0
6160 496546578 17 0
11809 496558387 22 0
5658 496564045 12 0
5658 496569703 10 0
6148 496575851 20 0
11796 496587647 28 0
5658 496593305 12 0
5658 496598963 14 0
6143 496605106 24 1
11796 496616902 23 0
5658 496622560 10 0
5658 496628218 10 0
7536 496635754 100 0
11802 496647556 41 0
5658 496653214 14 0
5658 496658872 13 0
6136 496665008 21 0
11782 496676790 35 0
5651 496682441 22 0
5652 496688093 15 0
6161 496694254 21 0
11784 496706038 30 0
5658 496711696 15 0
5658 496717354 12 0
6160 496723514 16 0
11803 496735317 24 0
5658 496740975 15 0
5658 496746633 12 0
6173 496752806 15 0
11796 496764602 25 0
5628 496770230 20 0
5658 496775888 14 0
6154 496782042 22 0
11809 496793851 27 0
5658 496799509 12 0
5658 496805167 12 0
6124 496811291 28 0
11788 496823079 40 0
5639 496828718 21 0
5652 496834370 19 0
6167 496840537 21 0
11772 496852309 33 0
5658 496857967 12 0
5622 496863589 23 0
6160 496869749 17 0
12307 496882056 82 0
6327 496888383 23 0
5648 496894031 21 0
6680 496900711 23 0
12933 496913644 33 0
6102 496919746 26 0
5646 496925392 15 0
6151 496931543 16 0
12232 496943775 28 0
6116 496949891 17 0
6103 496955994 22 0
6104 496962098 18 0
12212 496974310 37 0
6129 496980439 16 0
6098 496986537 21 0
6103 496992640 25 0
12218 497004858 40 0
6110 497010968 16 0
7487 497018455 31 0
6116 497024571 17 0
12220 497036791 33 0
6110 497042901 20 0
5658 497048559 10 0
6126 497054685 19 0
11736 497066421 39 0
5643 497072064 16 0
5658 497077722 14 0
6179 497083901 25 0
11784 497095685 31 0
5658 497101343 11 0
5658 497107001 10 0
6160 497113161 16 0
11802 497124963 25 0
5658 497130621 9 0
5658 497136279 15 0
6148 497142427 17 0
11796 497154223 24 0
5658 497159881 12 0
5658 497165539 12 0
6164 497171703 28 0
11796 497183499 24 0
5658 497189157 9 0
5658 497194815 9 0
6160 497200975 16 0
11778 497212753 33 0
5621 497218374 15 0
5658 497224032 10 0
6146 497230178 24 0
11784 497241962 31 0
5652 497247614 14 0
5630 497253244 22 0
6154 497259398 16 0
11809 497271207 22 0
5658 497276865 13 0
5658 497282523 11 0
6160 497288683 19 0
11796 497300479 20 0
5658 497306137 13 0
5652 497311789 15 0
6148 497317937 22 0
11796 497329733 23 0
5646 497335379 15 0
5658 497341037 10 0
11818 497352855 24 0
6151 497359006 25 0
5658 497364664 10 0
5658 497370322 11 0
11799 497382121 29 0
6096 497388217 23 0
7035 497395252 29 0
5651 497400903 17 0
11789 497412692 29 0
6132 497418824 15 0
5652 497424476 14 0
5658 497430134 15 0
11812 497441946 22 0
6138 497448084 16 0
5658 497453742 12 0
5658 497459400 10 0
11784 497471184 34 0
6145 497477329 16 0
5628 497482957 17 0
5657 497488614 22 0
11782 497500396 28 0
6121 497506517 21 0
5652 497512169 13 0
5658 497517827 12 0
11799 497529626 32 0
6138 497535764 16 0
5658 497541422 11 0
5651 497547073 13 0
11805 497558878 42 0
6132 497565010 19 0
5616 497570626 18 0
5658 497576284 13 0
11769 497588053 32 0
6151 497594204 15 0
5658 497599862 13 0
5640 497605502 17 0
11806 497617308 19 0
6120 497623428 18 0
5658 497629086 11 0
5658 497634744 10 0
11819 497646563 29 0
6132 497652695 16 0
5658 497658353 12 0
5658 497664011 8 0
11804 497675815 34 0
6138 497681953 18 0
5658 497687611 14 0
5646 497693257 13 0
11807 497705064 36 0
6138 497711202 19 0
5640 497716842 15 0
5651 497722493 11 0
11775 497734268 32 0
6145 497740413 18 0
5652 497746065 9 0
5658 497751723 10 0
11804 497763527 27 0
7515 497771042 31 0
5658 497776700 13 0
5658 497782358 10 0
11830 497794188 21 0
6136 497800324 21 0
5658 497805982 11 0
5658 497811640 16 0
11762 497823402 37 0
6164 497829566 18 0
5652 497835218 15 0
5658 497840876 10 0
11818 497852694 28 0
6138 497858832 16 0
5658 497864490 11 0
5651 497870141 19 0
11817 497881958 33 0
6131 497888089 24 0
5646 497893735 14 0
5658 497899393 10 0
11816 497911209 28 0
6138 497917347 15 0
5658 497923005 12 0
5658 497928663 10 0
11795 497940458 31 0
6138 497946596 20 0
5658 497952254 10 0
5658 497957912 10 0
11787 497969699 33 0
6145 497975844 16 0
5616 497981460 17 0
5657 497987117 15 0
11800 497998917 25 0
6138 498005055 16 0
5652 498010707 12 0
5658 498016365 17 0
11831 498028196 22 0
6138 498034334 20 0
5658 498039992 13 0
5658 498045650 11 0
11812 498057462 24 0
6127 498063589 20 0
5658 498069247 13 0
5658 498074905 9 0
11782 498086687 37 0
6138 498092825 17 0
5640 498098465 13 0
5658 498104123 10 0
11771 498115894 39 0
6132 498122026 22 0
5658 498127684 13 0
5652 498133336 30 0
13165 498146501 40 0
6138 498152639 18 0
5645 498158284 17 0
5658 498163942 12 0
11805 498175747 35 0
6132 498181879 18 0
5615 498187494 17 0
5658 498193152 12 0
11799 498204951 28 0
6178 498211129 20 0
5658 498216787 11 0
5645 498222432 20 0
11788 498234220 29 0
6138 498240358 15 0
5652 498246010 14 0
5658 498251668 10 0
11795 498263463 39 0
6120 498269583 19 0
5658 498275241 12 0
5651 498280892 18 0
11818 498292710 20 0
6151 498298861 15 0
5652 498304513 10 0
5658 498310171 9 0
11806 498321977 31 0
6132 498328109 16 0
5652 498333761 14 0
5657 498339418 20 0
11819 498351237 28 0
6138 498357375 17 0
5652 498363027 10 0
5657 498368684 19 0
11818 498380502 20 0
6131 498386633 18 0
5652 498392285 11 0
5658 498397943 12 0
11813 498409756 32 0
6132 498415888 19 0
5652 498421540 14 0
5658 498427198 15 0
11818 498439016 20 0
6151 498445167 16 0
5658 498450825 13 0
5657 498456482 16 0
11801 498468283 41 0
6126 498474409 19 0
5622 498480031 15 0
5652 498485683 16 0
11816 498497499 33 0
6138 498503637 17 0
5658 498509295 11 0
5658 498514953 12 0
13194 498528147 40 0
6145 498534292 16 0
5658 498539950 12 0
5652 498545602 14 0
11810 498557412 34 0
6125 498563537 23 0
5638 498569175 19 0
5658 498574833 11 0
15177 498590010 209 1
891284 499481294 15230 1141
6635 499487929 585 1
6101 499494030 36 0
13600 499507630 49 0
12265 499519895 380 16
6679 499526574 52 0
6443 499533017 22 0
15131 499548148 174 6
4541499 4541499 87178 1760
14473101 19014600 49087 8073
19363949 38378549 19103 4427
18919089 57297638 23559 4603
19598895 76896533 17846 3174
19514568 96411101 18929 4126
18945185 115356286 23805 5815
18900643 134256929 18918 4350
19208119 153465048 17935 4126
19667881 173132929 18662 4531
19466923 192599852 20986 3703
19455124 212054976 18741 4096
19622981 231677957 18655 4379
19482960 251160917 18615 3090
18391850 269552767 25945 3710
19180309 288733076 18725 4572
19354716 308087792 18795 4220
19635643 327723435 18705 4417
19690836 347414271 19627 4970
19487036 366901307 19096 4872
19703248 386604555 18715 3713
19591107 406195662 18770 4860
19636731 425832393 18876 3637
19634278 445466671 18650 4251
19560531 465027202 18921 5213
18799023 483826225 25745 4834
10751186 494577411 22560 64
1813259 496390670 5039 112
5658 496396328 18 0
5658 496401986 10 0
11819 496413805 31 0
6138 496419943 14 0
5627 496425570 22 0
5652 496431222 12 0
11745 496442967 39 0
6151 496449118 13 0
5649 496454767 16 0
5671 496460438 29 0
13176 496473614 119 1
6138 496479752 18 0
5616 496485368 15 0
5644 496491012 20 0
11812 496502824 53 0
6096 496508920 21 0
5634 496514554 15 0
5658 496520212 7 0
11796 496532008 38 0
6138 496538146 13 0
5628 496543774 11 0
5651 496549425 13 0
11828 496561253 40 0
6138 496567391 16 0
5640 496573031 16 0
5643 496578674 26 0
11772 496590446 43 0
6151 496596597 14 0
5610 496602207 17 0
5658 496607865 9 0
11818 496619683 23 0
6111 496625794 27 0
5632 496631426 18 0
5642 496637068 24 0
20912 496657980 326 3
6138 496664118 16 0
5644 496669762 16 0
5658 496675420 6 0
11798 496687218 35 0
6151 496693369 13 0
5626 496698995 20 0
5644 496704639 21 0
11761 496716400 46 0
6138 496722538 17 0
5646 496728184 14 0
5658 496733842 9 0
11788 496745630 26 0
6138 496751768 16 0
5647 496757415 24 0
5652 496763067 11 0
11781 496774848 36 0
6138 496780986 18 0
5652 496786638 15 0
5658 496792296 15 0
11786 496804082 39 0
6138 496810220 15 0
5661 496815881 24 1
5631 496821512 25 0
11805 496833317 36 0
6121 496839438 19 0
5658 496845096 12 0
5658 496850754 9 0
13171 496863925 58 0
6138 496870063 16 0
5646 496875709 14 0
5658 496881367 11 0
11831 496893198 23 0
6130 496899328 25 0
5658 496904986 10 0
5658 496910644 11 0
13002 496923646 90 0
6671 496930317 28 0
6326 496936643 23 0
5649 496942292 17 0
12233 496954525 39 0
6145 496960670 17 0
6109 496966779 24 0
5644 496972423 27 0
12253 496984676 38 0
6101 496990777 28 0
6087 496996864 27 0
6116 497002980 19 0
12226 497015206 27 0
6074 497021280 24 0
6136 497027416 25 0
6116 497033532 20 0
12207 497045739 33 0
6091 497051830 27 0
6097 497057927 26 0
6090 497064017 28 0
11742 497075759 40 0
6151 497081910 15 0
6102 497088012 27 0
5651 497093663 22 0
11772 497105435 39 0
6138 497111573 15 0
5658 497117231 10 0
5640 497122871 16 0
11824 497134695 28 0
6138 497140833 15 0
5659 497146492 15 0
5640 497152132 22 0
11776 497163908 32 0
6139 497170047 20 0
5622 497175669 16 0
5652 497181321 13 0
11806 497193127 25 0
6114 497199241 17 0
5631 497204872 21 0
5657 497210529 22 0
11776 497222305 37 0
6138 497228443 17 0
5652 497234095 9 0
7028 497241123 43 1
11809 497252932 40 1
6138 497259070 17 0
5626 497264696 22 0
5658 497270354 10 0
11793 497282147 32 0
6138 497288285 14 0
5625 497293910 21 0
5657 497299567 18 0
11793 497311360 46 0
6151 497317511 18 0
5658 497323169 14 0
5658 497328827 12 0
11818 497340645 22 0
6138 497346783 17 0
5658 497352441 8 0
5658 497358099 9 0
11831 497369930 21 0
6138 497376068 13 0
5622 497381690 18 0
5652 497387342 14 0
11776 497399118 34 0
6151 497405269 32 0
5640 497410909 14 0
11808 497422717 50 0
5658 497428375 10 0
6138 497434513 16 0
5610 497440123 22 0
11822 497451945 42 0
5640 497457585 14 0
6108 497463693 19 0
5650 497469343 24 0
11800 497481143 24 0
5658 497486801 10 0
6138 497492939 15 0
5642 497498581 20 0
11831 497510412 24 0
5645 497516057 26 0
6105 497522162 26 0
5648 497527810 19 0
11812 497539622 17 0
5640 497545262 15 0
6161 497551423 30 0
5666 497557089 31 0
11793 497568882 37 0
5649 497574531 18 0
6096 497580627 26 0
5632 497586259 22 0
11797 497598056 40 0
5628 497603684 18 0
6132 497609816 16 0
7004 497616820 33 0
11806 497628626 35 0
5639 497634265 16 0
6151 497640416 16 0
5658 497646074 8 0
11811 497657885 27 0
5644 497663529 16 0
6113 497669642 25 0
5643 497675285 14 0
11792 497687077 41 0
5646 497692723 11 0
6139 497698862 21 0
5637 497704499 24 0
11818 497716317 29 0
5658 497721975 13 0
6122 497728097 30 0
5646 497733743 16 0
11811 497745554 30 0
5650 497751204 17 0
6108 497757312 19 0
5658 497762970 9 0
11811 497774781 26 0
5640 497780421 18 0
6164 497786585 16 0
5652 497792237 15 0
11797 497804034 34 0
5665 497809699 24 0
6096 497815795 21 0
5650 497821445 24 0
11801 497833246 37 0
5658 497838904 13 0
6132 497845036 15 0
5615 497850651 19 0
11803 497862454 42 0
5658 497868112 9 0
6151 497874263 16 0
5658 497879921 9 0
11782 497891703 33 0
5661 497897364 26 0
6126 497903490 21 0
5639 497909129 20 0
11824 497920953 30 0
5638 497926591 22 0
6112 497932703 31 0
5658 497938361 13 0
11764 497950125 44 0
5668 497955793 27 0
6138 497961931 16 0
5646 497967577 10 0
11812 497979389 44 0
5646 497985035 14 0
7503 497992538 35 0
5657 497998195 20 0
11805 498010000 23 0
5649 498015649 22 0
6143 498021792 29 0
5658 498027450 9 0
11792 498039242 33 0
5658 498044900 11 0
6132 498051032 19 0
5658 498056690 11 0
11831 498068521 22 0
5658 498074179 12 0
6138 498080317 17 0
5640 498085957 14 0
11788 498097745 30 0
5658 498103403 10 0
6145 498109548 22 0
5658 498115206 10 0
11817 498127023 24 0
5658 498132681 9 0
6138 498138819 17 0
5658 498144477 11 0
11820 498156297 24 0
5658 498161955 12 0
6132 498168087 21 0
5658 498173745 11 0
11793 498185538 39 0
5658 498191196 14 0
6102 498197298 21 0
5657 498202955 17 0
11806 498214761 35 0
5658 498220419 11 0
6138 498226557 17 0
5657 498232214 19 0
11812 498244026 25 0
5658 498249684 16 0
6121 498255805 21 0
5658 498261463 15 0
11811 498273274 26 0
5658 498278932 11 0
6138 498285070 16 0
5658 498290728 8 0
11831 498302559 24 0
5658 498308217 15 0
6132 498314349 17 0
5658 498320007 10 0
11817 498331824 25 0
5658 498337482 13 0
6151 498343633 17 0
5658 498349291 10 0
11818 498361109 23 0
7035 498368144 21 0
6138 498374282 22 0
5658 498379940 12 0
11837 498391777 25 0
5658 498397435 10 0
6132 498403567 19 0
5652 498409219 11 0
11818 498421037 26 0
5652 498426689 12 0
6145 498432834 16 0
5658 498438492 12 0
11830 498450322 24 0
5658 498455980 13 0
6138 498462118 15 0
5658 498467776 11 0
11818 498479594 23 0
5658 498485252 10 0
6151 498491403 19 0
5652 498497055 13 0
11817 498508872 28 0
5658 498514530 12 0
6138 498520668 17 0
5658 498526326 12 0
11850 498538176 30 0
5658 498543834 18 0
6120 498549954 20 0
5653 498555607 27 0
11805 498567412 29 0
5658 498573070 12 0
6121 498579191 26 0
5646 498584837 13 0
11793 498596630 27 0
5658 498602288 11 0
6114 498608402 17 0
5652 498614054 17 0
11798 498625852 39 0
5658 498631510 10 0
6132 498637642 17 0
903619 499541261 15617 1252
13107 499554368 570 1
5649 499560017 20 0
10528 499570545 340 15
6675 499577220 30 0
14681 499591901 64 1
7810 499599711 133 2
6693 499606404 27 0
