2, 1, 371956, 74391.000
18, 371957, 5672464, 1060101.400
28, 5672465, 13846373, 1634781.600
17, 13846374, 30653875, 1680750.100
26, 30653876, 36535968, 1176418.400
10, 36535969, 59470682, 2293471.300
3, 59470683, 551129944, 2521329.544
1, 551129945, 680876597, 2359030.036
9, 680876598, 692476158, 2319912.000
1, 692476159, 715616559, 2314040.000
9, 715616560, 727104838, 2297655.600
1, 727104839, 738636970, 2306426.200
9, 738636971, 1282547621, 2220043.469
24, 1282547622, 1291652587, 1820993.000
8, 1291652588, 1569831474, 1390894.430
5, 1569831475, 1572657182, 565141.400
7, 1572657183, 1603309183, 510866.667
5, 1603309184, 1642805363, 877692.867
25, 1642805364, 1655621632, 1281626.800
6, 1655621633, 1655799416, 7111.320
2, 1655799417, 1656559651, 152046.800
