1272511, 1272511, 28783, 658, 5
6071568, 7344079, 88677, 10106, 15
18396294, 25740373, 25820, 5799, 2
19198853, 44939226, 21093, 5087, 11
18964617, 63903843, 22870, 5172, 11
19491076, 83394919, 21192, 5160, 11
19390951, 102785870, 20456, 5188, 11
19428536, 122214406, 21117, 5017, 11
18496893, 140711299, 26900, 6709, 2
19395188, 160106487, 22163, 4902, 11
19169016, 179275503, 21336, 5023, 11
19409794, 198685297, 21704, 5073, 11
19448031, 218133328, 23866, 5242, 11
19453660, 237586988, 22314, 5245, 11
18982488, 256569476, 25718, 4971, 11
19541700, 276111176, 18914, 5164, 11
18768390, 294879566, 20042, 4916, 11
19494543, 314374109, 19698, 5003, 11
19200213, 333574322, 19782, 5172, 11
19650404, 353224726, 19347, 5104, 11
19589934, 372814660, 19234, 4971, 11
19745440, 392560100, 19632, 5123, 11
19678639, 412238739, 19103, 5240, 11
19588279, 431827018, 19457, 4993, 11
19630454, 451457472, 19089, 5031, 11
19638044, 471095516, 19706, 5205, 11
17448001, 488543517, 26200, 3449, 7
7754990, 496298507, 19169, 424, 12
6132, 496304639, 404, 7, 1
11778, 496316417, 55, 0, 1
5640, 496322057, 21, 0, 1
5658, 496327715, 14, 0, 1
6134, 496333849, 30, 0, 1
11797, 496345646, 48, 0, 1
5658, 496351304, 9, 0, 1
5657, 496356961, 20, 0, 1
6129, 496363090, 27, 0, 1
11790, 496374880, 28, 0, 1
5623, 496380503, 19, 0, 1
5658, 496386161, 9, 0, 1
7525, 496393686, 107, 8, 1
11788, 496405474, 50, 0, 1
5644, 496411118, 22, 0, 1
5651, 496416769, 18, 0, 1
6160, 496422929, 18, 0, 1
11768, 496434697, 45, 0, 1
5653, 496440350, 24, 0, 1
5652, 496446002, 18, 0, 1
6160, 496452162, 18, 0, 1
11780, 496463942, 48, 0, 1
5640, 496469582, 19, 0, 1
5657, 496475239, 21, 0, 1
6167, 496481406, 21, 0, 1
11796, 496493202, 19, 0, 1
5652, 496498854, 17, 0, 1
5632, 496504486, 28, 0, 1
6153, 496510639, 27, 0, 1
11790, 496522429, 22, 0, 1
5645, 496528074, 16, 0, 1
5658, 496533732, 14, 0, 1
6173, 496539905, 15, 0, 1
11741, 496551646, 37, 0, 1
5658, 496557304, 12, 0, 1
5658, 496562962, 12, 0, 1
6160, 496569122, 15, 0, 1
11803, 496580925, 28, 0, 1
5654, 496586579, 25, 0, 1
5658, 496592237, 14, 0, 1
6160, 496598397, 15, 0, 1
11805, 496610202, 47, 0, 1
5658, 496615860, 15, 1, 1
5658, 496621518, 11, 0, 1
15253, 496636771, 343, 17, 1
11796, 496648567, 63, 0, 1
5640, 496654207, 28, 0, 1
5642, 496659849, 28, 0, 1
6136, 496665985, 24, 0, 1
11771, 496677756, 45, 0, 1
5656, 496683412, 23, 0, 1
5652, 496689064, 15, 0, 1
6150, 496695214, 29, 0, 1
11772, 496706986, 30, 0, 1
5651, 496712637, 21, 1, 1
5656, 496718293, 20, 0, 1
6149, 496724442, 20, 0, 1
11791, 496736233, 25, 0, 1
5645, 496741878, 18, 0, 1
5652, 496747530, 21, 0, 1
11795, 496759325, 56, 0, 1
6138, 496765463, 17, 0, 1
5653, 496771116, 30, 0, 1
7035, 496778151, 30, 0, 1
11844, 496789995, 20, 0, 1
6138, 496796133, 15, 0, 1
5657, 496801790, 15, 0, 1
5655, 496807445, 30, 0, 1
11823, 496819268, 50, 0, 1
6139, 496825407, 29, 0, 1
5644, 496831051, 22, 0, 1
5658, 496836709, 9, 0, 1
12533, 496849242, 68, 0, 1
6624, 496855866, 37, 0, 1
6642, 496862508, 21, 0, 1
8364, 496870872, 164, 1, 1
12252, 496883124, 52, 0, 1
6138, 496889262, 18, 0, 1
6116, 496895378, 16, 0, 1
6090, 496901468, 26, 0, 1
12206, 496913674, 42, 0, 1
6110, 496919784, 22, 0, 1
6098, 496925882, 21, 0, 1
6116, 496931998, 17, 0, 1
12200, 496944198, 41, 0, 1
6123, 496950321, 18, 0, 1
6116, 496956437, 18, 0, 1
6116, 496962553, 17, 0, 1
12209, 496974762, 33, 0, 1
6116, 496980878, 17, 0, 1
6112, 496986990, 30, 0, 1
6089, 496993079, 26, 0, 1
12197, 497005276, 48, 0, 1
6116, 497011392, 17, 0, 1
6116, 497017508, 26, 0, 1
5654, 497023162, 21, 0, 1
12222, 497035384, 38, 0, 1
6116, 497041500, 18, 0, 1
6092, 497047592, 22, 0, 1
5658, 497053250, 13, 0, 1
11796, 497065046, 19, 0, 1
6151, 497071197, 16, 0, 1
5657, 497076854, 16, 0, 1
5652, 497082506, 12, 0, 1
11795, 497094301, 41, 0, 1
6120, 497100421, 22, 0, 1
5644, 497106065, 16, 0, 1
5656, 497111721, 21, 0, 1
11825, 497123546, 26, 0, 1
6119, 497129665, 20, 0, 1
5658, 497135323, 9, 0, 1
5669, 497140992, 19, 0, 1
11821, 497152813, 33, 0, 1
6164, 497158977, 14, 0, 1
7018, 497165995, 35, 0, 1
5652, 497171647, 26, 0, 1
11816, 497183463, 37, 0, 1
6138, 497189601, 15, 0, 1
5667, 497195268, 28, 0, 1
5658, 497200926, 9, 0, 1
11825, 497212751, 31, 0, 1
6126, 497218877, 22, 0, 1
5658, 497224535, 11, 0, 1
5658, 497230193, 11, 0, 1
11778, 497241971, 36, 0, 1
6120, 497248091, 20, 0, 1
5637, 497253728, 26, 0, 1
5647, 497259375, 27, 0, 1
11831, 497271206, 18, 0, 1
6131, 497277337, 24, 0, 1
5658, 497282995, 13, 0, 1
5652, 497288647, 19, 0, 1
11818, 497300465, 26, 0, 1
6124, 497306589, 30, 0, 1
5652, 497312241, 15, 0, 1
5667, 497317908, 30, 0, 1
11822, 497329730, 31, 0, 1
6138, 497335868, 15, 0, 1
5648, 497341516, 25, 0, 1
5633, 497347149, 26, 0, 1
11799, 497358948, 40, 0, 1
6112, 497365060, 26, 0, 1
5621, 497370681, 22, 0, 1
5651, 497376332, 26, 0, 1
11807, 497388139, 42, 0, 1
6151, 497394290, 13, 0, 1
5651, 497399941, 18, 0, 1
5652, 497405593, 16, 0, 1
11806, 497417399, 24, 0, 1
6132, 497423531, 18, 0, 1
5632, 497429163, 24, 0, 1
5657, 497434820, 19, 0, 1
11835, 497446655, 38, 0, 1
6138, 497452793, 16, 0, 1
5651, 497458444, 20, 0, 1
5658, 497464102, 11, 0, 1
11788, 497475890, 27, 0, 1
6114, 497482004, 22, 0, 1
5649, 497487653, 28, 0, 1
5652, 497493305, 20, 0, 1
11834, 497505139, 41, 0, 1
6138, 497511277, 18, 0, 1
5658, 497516935, 13, 0, 1
5652, 497522587, 15, 0, 1
11808, 497534395, 48, 0, 1
7554, 497541949, 28, 0, 1
5633, 497547582, 20, 0, 1
5658, 497553240, 9, 0, 1
11792, 497565032, 29, 0, 1
6119, 497571151, 24, 0, 1
5646, 497576797, 16, 0, 1
5658, 497582455, 11, 0, 1
11831, 497594286, 29, 0, 1
6132, 497600418, 21, 0, 1
5658, 497606076, 18, 0, 1
5642, 497611718, 26, 0, 1
11805, 497623523, 37, 0, 1
6151, 497629674, 17, 0, 1
5626, 497635300, 23, 0, 1
5658, 497640958, 12, 0, 1
11788, 497652746, 29, 0, 1
6106, 497658852, 27, 0, 1
5658, 497664510, 12, 0, 1
5655, 497670165, 26, 0, 1
11818, 497681983, 28, 0, 1
6145, 497688128, 17, 0, 1
5652, 497693780, 11, 0, 1
5645, 497699425, 20, 0, 1
11805, 497711230, 41, 0, 1
6138, 497717368, 16, 0, 1
5627, 497722995, 22, 0, 1
5658, 497728653, 19, 0, 1
11831, 497740484, 20, 0, 1
6127, 497746611, 26, 0, 1
5622, 497752233, 22, 0, 1
5646, 497757879, 18, 0, 1
11818, 497769697, 25, 0, 1
6151, 497775848, 17, 0, 1
5621, 497781469, 20, 0, 1
5652, 497787121, 14, 0, 1
11816, 497798937, 38, 0, 1
6138, 497805075, 14, 0, 1
5615, 497810690, 22, 0, 1
5658, 497816348, 13, 0, 1
11825, 497828173, 28, 0, 1
6138, 497834311, 14, 0, 1
5627, 497839938, 19, 0, 1
5658, 497845596, 10, 0, 1
11811, 497857407, 28, 0, 1
6151, 497863558, 17, 0, 1
5628, 497869186, 19, 0, 1
5658, 497874844, 11, 0, 1
11806, 497886650, 27, 0, 1
6132, 497892782, 18, 0, 1
5652, 497898434, 19, 0, 1
5661, 497904095, 26, 0, 1
13212, 497917307, 53, 0, 1
6138, 497923445, 16, 0, 1
5616, 497929061, 16, 0, 1
5655, 497934716, 27, 0, 1
11810, 497946526, 34, 0, 1
6138, 497952664, 14, 0, 1
5652, 497958316, 19, 0, 1
5652, 497963968, 12, 0, 1
11782, 497975750, 32, 0, 1
6132, 497981882, 17, 0, 1
5658, 497987540, 9, 0, 1
5651, 497993191, 19, 0, 1
11794, 498004985, 24, 0, 1
6151, 498011136, 15, 0, 1
5639, 498016775, 24, 0, 1
5656, 498022431, 28, 0, 1
11815, 498034246, 46, 0, 1
6118, 498040364, 24, 0, 1
5658, 498046022, 13, 0, 1
5655, 498051677, 23, 0, 1
11831, 498063508, 31, 0, 1
6107, 498069615, 25, 0, 1
5652, 498075267, 16, 0, 1
5658, 498080925, 16, 0, 1
11813, 498092738, 49, 0, 1
6151, 498098889, 19, 0, 1
5658, 498104547, 12, 0, 1
5658, 498110205, 11, 0, 1
11785, 498121990, 40, 0, 1
6126, 498128116, 23, 0, 1
5658, 498133774, 13, 0, 1
5652, 498139426, 13, 0, 1
11809, 498151235, 39, 0, 1
6138, 498157373, 17, 0, 1
5637, 498163010, 24, 0, 1
5658, 498168668, 12, 0, 1
11798, 498180466, 30, 0, 1
6125, 498186591, 20, 0, 1
5627, 498192218, 22, 0, 1
5657, 498197875, 24, 0, 1
11784, 498209659, 49, 0, 1
6111, 498215770, 27, 0, 1
5652, 498221422, 21, 0, 1
5654, 498227076, 29, 0, 1
11812, 498238888, 24, 0, 1
6151, 498245039, 15, 0, 1
5653, 498250692, 24, 0, 1
5643, 498256335, 24, 0, 1
11810, 498268145, 45, 0, 1
6138, 498274283, 15, 0, 1
5645, 498279928, 19, 0, 1
5658, 498285586, 14, 0, 1
13215, 498298801, 35, 0, 1
6119, 498304920, 26, 0, 1
5646, 498310566, 16, 0, 1
5642, 498316208, 25, 0, 1
11804, 498328012, 38, 0, 1
6151, 498334163, 14, 0, 1
5658, 498339821, 12, 0, 1
5658, 498345479, 14, 0, 1
11798, 498357277, 30, 0, 1
6138, 498363415, 15, 0, 1
5645, 498369060, 22, 0, 1
5656, 498374716, 25, 0, 1
11821, 498386537, 33, 0, 1
6138, 498392675, 16, 0, 1
5638, 498398313, 19, 0, 1
5657, 498403970, 19, 0, 1
11818, 498415788, 32, 0, 1
6145, 498421933, 16, 0, 1
5638, 498427571, 19, 0, 1
5655, 498433226, 23, 0, 1
11829, 498445055, 36, 0, 1
6138, 498451193, 14, 0, 1
5658, 498456851, 12, 0, 1
5652, 498462503, 14, 0, 1
11811, 498474314, 44, 0, 1
6151, 498480465, 16, 0, 1
5658, 498486123, 13, 0, 1
5638, 498491761, 25, 0, 1
11784, 498503545, 41, 0, 1
6138, 498509683, 18, 0, 1
5656, 498515339, 24, 0, 1
5658, 498520997, 11, 0, 1
11815, 498532812, 47, 0, 1
6126, 498538938, 22, 0, 1
5646, 498544584, 14, 0, 1
5658, 498550242, 11, 0, 1
11805, 498562047, 37, 0, 1
6151, 498568198, 15, 0, 1
5651, 498573849, 20, 0, 1
5658, 498579507, 11, 0, 1
11787, 498591294, 37, 0, 1
6138, 498597432, 17, 0, 1
906217, 499503649, 15558, 2450, 9
6701, 499510350, 599, 2, 1
14377, 499524727, 325, 21, 1
6680, 499531407, 43, 0, 1
10950, 499542357, 136, 9, 1
6654, 499549011, 40, 0, 1
13368, 499562379, 48, 0, 1
9373, 499571752, 183, 9, 1
1054171, 1054171, 19295, 561, 5
5528427, 6582598, 85003, 8009, 15
16514430, 23097028, 38001, 7467, 10
18879126, 41976154, 20835, 4979, 11
19281886, 61258040, 21349, 5225, 11
19560570, 80818610, 18351, 5216, 11
19515215, 100333825, 19211, 5141, 11
18713941, 119047766, 24035, 6588, 2
19127398, 138175164, 18968, 5060, 11
19251702, 157426866, 18596, 5049, 11
19595111, 177021977, 21024, 5074, 11
19518898, 196540875, 19018, 5134, 11
19512981, 216053856, 18523, 5234, 11
19436484, 235490340, 18700, 5164, 11
18891711, 254382051, 24594, 4951, 11
18846863, 273228914, 18631, 4959, 11
19295910, 292524824, 19469, 5126, 11
19237726, 311762550, 19094, 4691, 11
19632644, 331395194, 20050, 5273, 11
19588441, 350983635, 19321, 5247, 11
19560622, 370544257, 19314, 5058, 11
19679484, 390223741, 19650, 5154, 11
19647353, 409871094, 19771, 5252, 11
19688873, 429559967, 19266, 5050, 11
19735542, 449295509, 19183, 5059, 11
19708543, 469004052, 19268, 5289, 11
17436768, 486440820, 28489, 4013, 11
9858577, 496299397, 17389, 139, 12
251612, 496551009, 2557, 308, 1
6116, 496557125, 37, 0, 1
11792, 496568917, 34, 0, 1
5658, 496574575, 14, 0, 1
5658, 496580233, 12, 0, 1
6173, 496586406, 16, 0, 1
11789, 496598195, 29, 0, 1
5628, 496603823, 17, 0, 1
5653, 496609476, 28, 0, 1
6160, 496615636, 12, 0, 1
11790, 496627426, 26, 0, 1
5658, 496633084, 12, 0, 1
5644, 496638728, 22, 0, 1
6154, 496644882, 21, 0, 1
13155, 496658037, 105, 15, 1
5640, 496663677, 12, 0, 1
5658, 496669335, 9, 0, 1
11801, 496681136, 34, 0, 1
6109, 496687245, 24, 0, 1
5639, 496692884, 17, 0, 1
5657, 496698541, 18, 0, 1
11794, 496710335, 30, 0, 1
6112, 496716447, 22, 0, 1
5656, 496722103, 23, 0, 1
5658, 496727761, 11, 0, 1
11818, 496739579, 30, 0, 1
6125, 496745704, 30, 0, 1
5660, 496751364, 22, 0, 1
5652, 496757016, 14, 0, 1
11817, 496768833, 30, 0, 1
6168, 496775001, 32, 0, 1
5658, 496780659, 10, 0, 1
5658, 496786317, 15, 0, 1
11810, 496798127, 45, 0, 1
6138, 496804265, 17, 0, 1
5652, 496809917, 14, 0, 1
5658, 496815575, 11, 0, 1
11830, 496827405, 35, 0, 1
6138, 496833543, 15, 0, 1
5651, 496839194, 16, 0, 1
5658, 496844852, 10, 0, 1
11817, 496856669, 29, 0, 1
6131, 496862800, 21, 0, 1
15191, 496877991, 324, 12, 1
5627, 496883618, 39, 0, 1
11782, 496895400, 40, 0, 1
6124, 496901524, 35, 0, 1
5658, 496907182, 13, 0, 1
5658, 496912840, 12, 0, 1
11768, 496924608, 43, 0, 1
6133, 496930741, 17, 0, 1
5627, 496936368, 21, 0, 1
5649, 496942017, 26, 0, 1
11811, 496953828, 37, 0, 1
6138, 496959966, 16, 0, 1
5639, 496965605, 18, 0, 1
5647, 496971252, 23, 0, 1
11831, 496983083, 21, 0, 1
6124, 496989207, 22, 0, 1
5658, 496994865, 13, 0, 1
5655, 497000520, 26, 0, 1
11812, 497012332, 32, 0, 1
6151, 497018483, 16, 0, 1
5658, 497024141, 17, 0, 1
5646, 497029787, 17, 0, 1
13176, 497042963, 59, 1, 1
6138, 497049101, 24, 0, 1
5646, 497054747, 20, 0, 1
5658, 497060405, 14, 0, 1
11831, 497072236, 37, 0, 1
6138, 497078374, 15, 0, 1
5657, 497084031, 16, 0, 1
5658, 497089689, 17, 0, 1
13019, 497102708, 84, 0, 1
6667, 497109375, 32, 0, 1
6333, 497115708, 14, 0, 1
5643, 497121351, 18, 0, 1
12742, 497134093, 56, 0, 1
6104, 497140197, 23, 0, 1
6116, 497146313, 16, 0, 1
6116, 497152429, 18, 0, 1
12264, 497164693, 42, 0, 1
6074, 497170767, 24, 0, 1
6102, 497176869, 23, 0, 1
6116, 497182985, 18, 0, 1
12148, 497195133, 27, 0, 1
6074, 497201207, 25, 0, 1
6116, 497207323, 18, 0, 1
6087, 497213410, 21, 0, 1
12205, 497225615, 41, 0, 1
6113, 497231728, 27, 0, 1
6110, 497237838, 25, 0, 1
6115, 497243953, 25, 0, 1
12210, 497256163, 46, 0, 1
6091, 497262254, 25, 0, 1
6115, 497268369, 21, 0, 1
5658, 497274027, 12, 0, 1
11784, 497285811, 25, 0, 1
6132, 497291943, 24, 0, 1
5632, 497297575, 20, 0, 1
5658, 497303233, 13, 0, 1
11828, 497315061, 44, 0, 1
6108, 497321169, 19, 0, 1
5626, 497326795, 19, 0, 1
5651, 497332446, 18, 0, 1
11818, 497344264, 22, 0, 1
6138, 497350402, 17, 0, 1
5658, 497356060, 11, 0, 1
5658, 497361718, 18, 0, 1
11804, 497373522, 38, 0, 1
6118, 497379640, 22, 0, 1
5658, 497385298, 16, 0, 1
5662, 497390960, 25, 0, 1
11827, 497402787, 40, 0, 1
6151, 497408938, 19, 0, 1
5646, 497414584, 22, 0, 1
5658, 497420242, 11, 0, 1
13199, 497433441, 63, 0, 1
6138, 497439579, 12, 0, 1
5620, 497445199, 20, 0, 1
5647, 497450846, 27, 0, 1
11831, 497462677, 25, 0, 1
6132, 497468809, 20, 0, 1
5652, 497474461, 16, 0, 1
5658, 497480119, 13, 0, 1
11812, 497491931, 24, 0, 1
6139, 497498070, 29, 0, 1
5658, 497503728, 12, 0, 1
5658, 497509386, 12, 0, 1
11791, 497521177, 37, 0, 1
6120, 497527297, 19, 0, 1
5640, 497532937, 15, 0, 1
5652, 497538589, 14, 0, 1
11795, 497550384, 33, 0, 1
6138, 497556522, 16, 0, 1
5658, 497562180, 11, 0, 1
5658, 497567838, 17, 0, 1
11833, 497579671, 42, 0, 1
6138, 497585809, 16, 0, 1
5631, 497591440, 25, 0, 1
5658, 497597098, 12, 0, 1
11825, 497608923, 42, 0, 1
6120, 497615043, 22, 0, 1
5658, 497620701, 12, 0, 1
5652, 497626353, 13, 0, 1
11798, 497638151, 34, 1, 1
14339, 497652490, 257, 96, 1
5658, 497658148, 22, 0, 1
5651, 497663799, 26, 0, 1
11806, 497675605, 30, 0, 1
6138, 497681743, 18, 0, 1
5662, 497687405, 33, 0, 1
5658, 497693063, 8, 0, 1
11787, 497704850, 42, 0, 1
6138, 497710988, 17, 0, 1
5658, 497716646, 11, 0, 1
5658, 497722304, 15, 0, 1
11786, 497734090, 37, 0, 1
6150, 497740240, 26, 0, 1
5616, 497745856, 20, 0, 1
5658, 497751514, 9, 0, 1
11817, 497763331, 37, 0, 1
6138, 497769469, 15, 0, 1
5658, 497775127, 13, 0, 1
5657, 497780784, 19, 0, 1
11795, 497792579, 29, 0, 1
6138, 497798717, 15, 0, 1
5658, 497804375, 13, 0, 1
7029, 497811404, 32, 0, 1
11816, 497823220, 43, 0, 1
6138, 497829358, 16, 0, 1
5658, 497835016, 13, 0, 1
5656, 497840672, 33, 0, 1
11830, 497852502, 27, 0, 1
6125, 497858627, 31, 0, 1
5658, 497864285, 14, 0, 1
5658, 497869943, 12, 0, 1
11809, 497881752, 31, 0, 1
6139, 497887891, 26, 0, 1
5658, 497893549, 8, 0, 1
5652, 497899201, 20, 0, 1
11812, 497911013, 28, 0, 1
6138, 497917151, 16, 0, 1
5658, 497922809, 8, 0, 1
5652, 497928461, 12, 0, 1
11844, 497940305, 15, 0, 1
6138, 497946443, 13, 0, 1
5628, 497952071, 20, 0, 1
5645, 497957716, 26, 0, 1
11812, 497969528, 26, 0, 1
6158, 497975686, 19, 0, 1
5658, 497981344, 28, 0, 1
5657, 497987001, 20, 0, 1
11803, 497998804, 43, 0, 1
6138, 498004942, 21, 0, 1
5640, 498010582, 17, 0, 1
5657, 498016239, 20, 0, 1
11818, 498028057, 30, 0, 1
6138, 498034195, 15, 0, 1
6080, 498040275, 23, 0, 1
5658, 498045933, 13, 0, 1
11801, 498057734, 40, 0, 1
6138, 498063872, 20, 0, 1
5651, 498069523, 17, 0, 1
5658, 498075181, 8, 0, 1
11822, 498087003, 34, 0, 1
6132, 498093135, 20, 0, 1
5657, 498098792, 22, 0, 1
5663, 498104455, 28, 0, 1
11805, 498116260, 43, 0, 1
6151, 498122411, 14, 0, 1
5620, 498128031, 16, 0, 1
5657, 498133688, 19, 0, 1
11836, 498145524, 46, 0, 1
6138, 498151662, 14, 0, 1
5661, 498157323, 30, 0, 1
5658, 498162981, 19, 0, 1
11794, 498174775, 47, 0, 1
6126, 498180901, 21, 0, 1
7035, 498187936, 26, 0, 1
5646, 498193582, 14, 0, 1
11822, 498205404, 45, 0, 1
6144, 498211548, 22, 0, 1
5644, 498217192, 29, 0, 1
5657, 498222849, 25, 0, 1
11818, 498234667, 26, 0, 1
6132, 498240799, 16, 0, 1
5658, 498246457, 19, 0, 1
5658, 498252115, 10, 0, 1
11801, 498263916, 29, 0, 1
6144, 498270060, 20, 0, 1
5658, 498275718, 13, 0, 1
5656, 498281374, 31, 0, 1
11818, 498293192, 19, 0, 1
6138, 498299330, 16, 0, 1
5649, 498304979, 26, 0, 1
5658, 498310637, 11, 0, 1
11793, 498322430, 47, 0, 1
6138, 498328568, 16, 0, 1
5658, 498334226, 11, 0, 1
5658, 498339884, 12, 0, 1
11800, 498351684, 38, 0, 1
6120, 498357804, 25, 0, 1
5670, 498363474, 34, 0, 1
5658, 498369132, 12, 0, 1
11818, 498380950, 21, 0, 1
6126, 498387076, 19, 0, 1
5638, 498392714, 22, 0, 1
5651, 498398365, 19, 0, 1
11829, 498410194, 46, 0, 1
6138, 498416332, 18, 0, 1
5646, 498421978, 13, 0, 1
5643, 498427621, 22, 0, 1
11814, 498439435, 39, 0, 1
6150, 498445585, 20, 0, 1
5634, 498451219, 19, 0, 1
5651, 498456870, 21, 0, 1
11818, 498468688, 21, 0, 1
6120, 498474808, 20, 0, 1
5615, 498480423, 20, 0, 1
5657, 498486080, 22, 0, 1
11816, 498497896, 35, 0, 1
6146, 498504042, 30, 0, 1
5644, 498509686, 21, 0, 1
5658, 498515344, 12, 0, 1
11821, 498527165, 40, 0, 1
6138, 498533303, 35, 0, 1
5658, 498538961, 14, 0, 1
5658, 498544619, 12, 0, 1
12686, 498557305, 120, 17, 1
7507, 498564812, 45, 0, 1
5640, 498570452, 20, 0, 1
5655, 498576107, 22, 0, 1
11769, 498587876, 43, 0, 1
6151, 498594027, 18, 0, 1
5658, 498599685, 13, 0, 1
5658, 498605343, 13, 0, 1
11804, 498617147, 30, 0, 1
6120, 498623267, 21, 0, 1
5658, 498628925, 12, 0, 1
5658, 498634583, 18, 0, 1
11831, 498646414, 18, 0, 1
6124, 498652538, 27, 0, 1
5658, 498658196, 11, 0, 1
5641, 498663837, 25, 0, 1
11816, 498675653, 28, 0, 1
6156, 498681809, 35, 0, 1
6122, 498687931, 24, 0, 1
11796, 498699727, 29, 0, 1
5658, 498705385, 13, 0, 1
6144, 498711529, 22, 0, 1
5652, 498717181, 13, 0, 1
11821, 498729002, 30, 0, 1
5658, 498734660, 12, 0, 1
6106, 498740766, 29, 0, 1
5626, 498746392, 22, 0, 1
11814, 498758206, 44, 0, 1
5644, 498763850, 19, 0, 1
6138, 498769988, 17, 0, 1
5658, 498775646, 11, 0, 1
11812, 498787458, 39, 0, 1
5652, 498793110, 13, 0, 1
6114, 498799224, 22, 0, 1
5634, 498804858, 16, 0, 1
11804, 498816662, 30, 0, 1
5656, 498822318, 20, 0, 1
6143, 498828461, 33, 0, 1
5658, 498834119, 11, 0, 1
11800, 498845919, 30, 0, 1
920010, 499765929, 15955, 2638, 9
6679, 499772608, 92, 0, 1
6681, 499779289, 35, 0, 1
18543, 499797832, 427, 37, 1
6721, 499804553, 32, 0, 1
6661, 499811214, 38, 0, 1
8260, 499819474, 148, 8, 1
13236, 499832710, 67, 0, 1
3231556, 3231556, 61625, 2204, 14
9564138, 12795694, 66598, 10686, 17
19411300, 32206994, 19585, 5136, 11
18824056, 51031050, 23061, 5287, 11
19418739, 70449789, 18294, 5030, 11
19445696, 89895485, 17908, 5152, 11
19045206, 108940691, 21435, 6014, 2
18654358, 127595049, 21666, 5350, 11
19368118, 146963167, 18747, 5144, 11
19494804, 166457971, 18662, 5109, 11
19280590, 185738561, 22206, 5050, 11
19551391, 205289952, 19099, 5279, 11
19605482, 224895434, 18925, 5171, 11
19429473, 244324907, 20057, 5253, 11
18874483, 263199390, 24334, 5016, 11
18725496, 281924886, 19013, 4878, 11
19483052, 301407938, 18789, 4801, 11
19291505, 320699443, 18320, 5065, 11
19614360, 340313803, 19300, 5302, 11
19661173, 359974976, 18446, 5203, 11
19618494, 379593470, 18563, 5018, 11
19599499, 399192969, 18897, 5249, 11
19611374, 418804343, 18949, 5212, 11
19652448, 438456791, 18662, 5124, 11
19609551, 458066342, 18684, 5122, 11
19657831, 477724173, 18793, 5279, 11
14127344, 491851517, 30260, 1714, 19
4468337, 496319854, 9150, 336, 6
6307, 496326161, 67, 0, 1
6138, 496332299, 27, 0, 1
11316, 496343615, 27, 0, 1
6173, 496349788, 18, 0, 1
5658, 496355446, 13, 0, 1
6145, 496361591, 18, 0, 1
11308, 496372899, 27, 0, 1
6160, 496379059, 31, 0, 1
5658, 496384717, 14, 0, 1
6139, 496390856, 25, 0, 1
11293, 496402149, 37, 0, 1
6154, 496408303, 17, 0, 1
5657, 496413960, 20, 0, 1
6138, 496420098, 18, 0, 1
11309, 496431407, 34, 0, 1
6149, 496437556, 23, 0, 1
5658, 496443214, 16, 0, 1
6114, 496449328, 23, 0, 1
11310, 496460638, 45, 0, 1
6154, 496466792, 19, 0, 1
5646, 496472438, 17, 0, 1
6158, 496478596, 16, 0, 1
11286, 496489882, 31, 0, 1
6151, 496496033, 25, 0, 1
5658, 496501691, 15, 0, 1
6124, 496507815, 30, 0, 1
12681, 496520496, 117, 3, 1
6166, 496526662, 25, 0, 1
5646, 496532308, 19, 0, 1
6132, 496538440, 16, 0, 1
11295, 496549735, 37, 0, 1
6158, 496555893, 23, 0, 1
5652, 496561545, 12, 0, 1
6131, 496567676, 22, 0, 1
11303, 496578979, 32, 0, 1
6167, 496585146, 22, 1, 1
5640, 496590786, 16, 0, 1
6138, 496596924, 17, 0, 1
11310, 496608234, 18, 0, 1
6160, 496614394, 19, 0, 1
5658, 496620052, 9, 0, 1
6151, 496626203, 17, 0, 1
11316, 496637519, 19, 0, 1
6160, 496643679, 19, 0, 1
5658, 496649337, 12, 0, 1
6138, 496655475, 18, 0, 1
11316, 496666791, 17, 0, 1
6173, 496672964, 22, 1, 1
5658, 496678622, 13, 0, 1
6126, 496684748, 22, 0, 1
11308, 496696056, 23, 0, 1
6160, 496702216, 17, 0, 1
5658, 496707874, 14, 0, 1
6145, 496714019, 27, 0, 1
11290, 496725309, 30, 0, 1
6129, 496731438, 25, 0, 1
5650, 496737088, 22, 0, 1
6114, 496743202, 26, 0, 1
11304, 496754506, 41, 0, 1
15227, 496769733, 375, 12, 1
5651, 496775384, 39, 0, 1
6138, 496781522, 19, 0, 1
11316, 496792838, 23, 0, 1
6160, 496798998, 21, 0, 1
5658, 496804656, 13, 0, 1
6138, 496810794, 17, 0, 1
11316, 496822110, 18, 0, 1
6172, 496828282, 20, 0, 1
5652, 496833934, 13, 0, 1
6132, 496840066, 21, 0, 1
11306, 496851372, 38, 0, 1
6159, 496857531, 18, 0, 1
6374, 496863905, 25, 0, 1
6774, 496870679, 42, 0, 1
12848, 496883527, 33, 0, 1
6731, 496890258, 28, 0, 1
6309, 496896567, 13, 0, 1
6600, 496903167, 16, 0, 1
14527, 496917694, 66, 0, 1
6578, 496924272, 19, 0, 1
6555, 496930827, 23, 0, 1
6575, 496937402, 31, 0, 1
13148, 496950550, 38, 0, 1
6554, 496957104, 31, 1, 1
6578, 496963682, 19, 0, 1
6565, 496970247, 25, 0, 1
13139, 496983386, 55, 0, 1
6571, 496989957, 26, 0, 1
6578, 496996535, 17, 0, 1
6578, 497003113, 17, 0, 1
13156, 497016269, 29, 0, 1
6578, 497022847, 22, 0, 1
6576, 497029423, 25, 0, 1
6578, 497036001, 16, 0, 1
13150, 497049151, 35, 0, 1
6572, 497055723, 17, 0, 1
6309, 497062032, 14, 0, 1
6600, 497068632, 15, 0, 1
12906, 497081538, 30, 0, 1
6586, 497088124, 24, 0, 1
6271, 497094395, 20, 0, 1
6594, 497100989, 20, 0, 1
12610, 497113599, 34, 0, 1
6619, 497120218, 26, 0, 1
6309, 497126527, 15, 0, 1
6616, 497133143, 31, 0, 1
12599, 497145742, 27, 0, 1
6609, 497152351, 23, 0, 1
6304, 497158655, 20, 0, 1
6600, 497165255, 19, 0, 1
12593, 497177848, 35, 0, 1
6623, 497184471, 22, 0, 1
6309, 497190780, 14, 0, 1
6593, 497197373, 28, 0, 1
12594, 497209967, 28, 0, 1
6615, 497216582, 18, 0, 1
6303, 497222885, 15, 0, 1
6607, 497229492, 20, 0, 1
12605, 497242097, 24, 0, 1
6622, 497248719, 17, 0, 1
6309, 497255028, 13, 0, 1
6576, 497261604, 21, 0, 1
12600, 497274204, 30, 0, 1
6629, 497280833, 19, 0, 1
6298, 497287131, 19, 0, 1
6594, 497293725, 21, 0, 1
12609, 497306334, 42, 0, 1
6598, 497312932, 22, 0, 1
6297, 497319229, 16, 0, 1
7947, 497327176, 44, 0, 1
12618, 497339794, 22, 0, 1
6611, 497346405, 24, 0, 1
6305, 497352710, 28, 0, 1
6594, 497359304, 20, 0, 1
12616, 497371920, 35, 0, 1
6610, 497378530, 21, 0, 1
6303, 497384833, 19, 0, 1
6606, 497391439, 24, 0, 1
12614, 497404053, 38, 0, 1
6604, 497410657, 18, 0, 1
6286, 497416943, 26, 0, 1
6588, 497423531, 25, 0, 1
12596, 497436127, 35, 0, 1
6631, 497442758, 30, 0, 1
6303, 497449061, 18, 0, 1
6606, 497455667, 35, 0, 1
12594, 497468261, 26, 0, 1
6610, 497474871, 23, 0, 1
6279, 497481150, 24, 0, 1
6606, 497487756, 24, 0, 1
12581, 497500337, 32, 0, 1
6618, 497506955, 27, 0, 1
6309, 497513264, 12, 0, 1
6598, 497519862, 26, 0, 1
12618, 497532480, 22, 0, 1
6635, 497539115, 18, 0, 1
6309, 497545424, 16, 0, 1
6594, 497552018, 20, 0, 1
12608, 497564626, 35, 0, 1
6622, 497571248, 26, 0, 1
6309, 497577557, 14, 0, 1
6575, 497584132, 23, 0, 1
12582, 497596714, 29, 0, 1
6642, 497603356, 24, 0, 1
6309, 497609665, 18, 0, 1
6600, 497616265, 17, 0, 1
12618, 497628883, 21, 0, 1
6622, 497635505, 16, 0, 1
6303, 497641808, 18, 0, 1
6588, 497648396, 24, 0, 1
12618, 497661014, 22, 0, 1
6617, 497667631, 20, 0, 1
6309, 497673940, 13, 0, 1
6593, 497680533, 26, 0, 1
12618, 497693151, 20, 0, 1
6635, 497699786, 17, 0, 1
6308, 497706094, 20, 0, 1
6575, 497712669, 23, 0, 1
12611, 497725280, 25, 0, 1
6616, 497731896, 17, 0, 1
7674, 497739570, 33, 0, 1
7495, 497747065, 102, 19, 1
12618, 497759683, 19, 0, 1
6622, 497766305, 16, 0, 1
6309, 497772614, 14, 0, 1
6564, 497779178, 26, 0, 1
12605, 497791783, 21, 0, 1
6634, 497798417, 31, 1, 1
6303, 497804720, 15, 0, 1
12879, 497817599, 35, 0, 1
6309, 497823908, 20, 0, 1
6622, 497830530, 17, 0, 1
6303, 497836833, 16, 0, 1
12893, 497849726, 41, 0, 1
6303, 497856029, 15, 0, 1
6635, 497862664, 18, 0, 1
6309, 497868973, 14, 0, 1
12878, 497881851, 31, 0, 1
6314, 497888165, 16, 0, 1
6622, 497894787, 22, 0, 1
6309, 497901096, 14, 0, 1
13179, 497914275, 39, 0, 1
6309, 497920584, 15, 0, 1
6576, 497927160, 26, 0, 1
6308, 497933468, 16, 0, 1
12910, 497946378, 31, 0, 1
6309, 497952687, 18, 0, 1
6635, 497959322, 21, 0, 1
6309, 497965631, 13, 0, 1
12867, 497978498, 37, 0, 1
6308, 497984806, 17, 0, 1
6620, 497991426, 19, 0, 1
6314, 497997740, 19, 0, 1
12961, 498010701, 26, 0, 1
6302, 498017003, 16, 0, 1
6621, 498023624, 28, 0, 1
6309, 498029933, 13, 0, 1
12913, 498042846, 32, 0, 1
6303, 498049149, 14, 0, 1
6634, 498055783, 22, 0, 1
6309, 498062092, 12, 0, 1
12897, 498074989, 36, 0, 1
6309, 498081298, 18, 0, 1
6628, 498087926, 19, 0, 1
6302, 498094228, 21, 0, 1
12897, 498107125, 34, 0, 1
6302, 498113427, 20, 0, 1
6639, 498120066, 26, 0, 1
6303, 498126369, 16, 0, 1
12903, 498139272, 22, 0, 1
6309, 498145581, 16, 0, 1
7998, 498153579, 32, 0, 1
6309, 498159888, 17, 0, 1
12890, 498172778, 37, 0, 1
6312, 498179090, 20, 0, 1
6620, 498185710, 27, 0, 1
6291, 498192001, 14, 0, 1
12909, 498204910, 32, 0, 1
6309, 498211219, 13, 0, 1
6626, 498217845, 26, 0, 1
6309, 498224154, 13, 0, 1
12895, 498237049, 39, 0, 1
6283, 498243332, 21, 0, 1
6614, 498249946, 20, 0, 1
6285, 498256231, 18, 0, 1
12916, 498269147, 32, 0, 1
6308, 498275455, 18, 0, 1
6620, 498282075, 30, 0, 1
6309, 498288384, 13, 0, 1
12903, 498301287, 46, 0, 1
6312, 498307599, 21, 0, 1
6629, 498314228, 19, 0, 1
6303, 498320531, 20, 0, 1
12909, 498333440, 28, 0, 1
6314, 498339754, 18, 0, 1
6609, 498346363, 27, 0, 1
6309, 498352672, 16, 0, 1
12883, 498365555, 43, 0, 1
6301, 498371856, 17, 0, 1
6628, 498378484, 20, 0, 1
6300, 498384784, 19, 0, 1
12901, 498397685, 32, 0, 1
6303, 498403988, 18, 0, 1
6619, 498410607, 27, 0, 1
6307, 498416914, 22, 0, 1
12911, 498429825, 29, 0, 1
6308, 498436133, 20, 0, 1
6621, 498442754, 27, 0, 1
6302, 498449056, 22, 0, 1
12879, 498461935, 28, 0, 1
6309, 498468244, 16, 0, 1
6615, 498474859, 23, 0, 1
6303, 498481162, 15, 0, 1
12902, 498494064, 44, 0, 1
6309, 498500373, 26, 0, 1
6604, 498506977, 23, 0, 1
6303, 498513280, 15, 0, 1
12908, 498526188, 38, 0, 1
6315, 498532503, 15, 0, 1
6622, 498539125, 18, 0, 1
6314, 498545439, 16, 0, 1
12859, 498558298, 35, 0, 1
7685, 498565983, 34, 1, 1
6617, 498572600, 21, 0, 1
6292, 498578892, 20, 0, 1
12903, 498591795, 34, 0, 1
6309, 498598104, 14, 0, 1
6622, 498604726, 17, 0, 1
6303, 498611029, 16, 0, 1
12894, 498623923, 40, 0, 1
6312, 498630235, 22, 0, 1
6622, 498636857, 26, 0, 1
6309, 498643166, 13, 0, 1
12909, 498656075, 23, 0, 1
6297, 498662372, 21, 0, 1
6590, 498668962, 25, 0, 1
6314, 498675276, 19, 0, 1
12911, 498688187, 47, 0, 1
6308, 498694495, 20, 0, 1
6615, 498701110, 18, 0, 1
6303, 498707413, 17, 0, 1
12867, 498720280, 39, 0, 1
6303, 498726583, 16, 0, 1
6634, 498733217, 30, 0, 1
6307, 498739524, 25, 0, 1
12903, 498752427, 41, 0, 1
6308, 498758735, 20, 0, 1
6616, 498765351, 20, 0, 1
6309, 498771660, 18, 0, 1
12892, 498784552, 31, 0, 1
6309, 498790861, 17, 0, 1
6613, 498797474, 27, 0, 1
6309, 498803783, 16, 0, 1
914050, 499717833, 15468, 2643, 9
6706, 499724539, 66, 3, 1
6686, 499731225, 29, 0, 1
11372, 499742597, 342, 35, 1
13136, 499755733, 64, 0, 1
6675, 499762408, 28, 0, 1
8279, 499770687, 176, 4, 1
6601, 499777288, 31, 0, 1
13263, 499790551, 51, 5, 1
4545310, 4545310, 87940, 3617, 16
13752446, 18297756, 49245, 11241, 20
19518801, 37816557, 17562, 5143, 11
18769843, 56586400, 21704, 4739, 11
19484043, 76070443, 18326, 5212, 11
19399391, 95469834, 19397, 5117, 11
19408057, 114877891, 18891, 5074, 11
19463602, 134341493, 19419, 5085, 11
19598960, 153940453, 18755, 5197, 11
19626335, 173566788, 18221, 5066, 11
19570891, 193137679, 18834, 5056, 11
19466022, 212603701, 20020, 5201, 11
19408659, 232012360, 19409, 5159, 11
19502312, 251514672, 19062, 5093, 11
18930881, 270445553, 23682, 4863, 11
19511546, 289957099, 19308, 5162, 11
19489026, 309446125, 18578, 4817, 11
19529707, 328975832, 19066, 5138, 11
19597824, 348573656, 19432, 5211, 11
19466535, 368040191, 19749, 4929, 11
19655493, 387695684, 19016, 5211, 11
19602654, 407298338, 18882, 5181, 11
19725351, 427023689, 20066, 5084, 11
19591630, 446615319, 18959, 5070, 11
19554698, 466170017, 18427, 5180, 11
17912768, 484082785, 29727, 4576, 11
10496231, 494579016, 17064, 144, 12
974660, 495553676, 3687, 389, 1
5658, 495559334, 21, 0, 1
6133, 495565467, 27, 0, 1
11316, 495576783, 23, 0, 1
6160, 495582943, 18, 0, 1
5634, 495588577, 22, 0, 1
6120, 495594697, 23, 0, 1
11316, 495606013, 18, 0, 1
6180, 495612193, 22, 0, 1
5646, 495617839, 18, 0, 1
6138, 495623977, 16, 0, 1
11308, 495635285, 29, 0, 1
7537, 495642822, 96, 1, 1
5663, 495648485, 35, 0, 1
6151, 495654636, 17, 0, 1
11297, 495665933, 30, 0, 1
6160, 495672093, 17, 0, 1
5646, 495677739, 21, 0, 1
6126, 495683865, 26, 0, 1
11291, 495695156, 34, 0, 1
6173, 495701329, 16, 0, 1
5660, 495706989, 25, 0, 1
6120, 495713109, 26, 0, 1
11298, 495724407, 21, 0, 1
6123, 495730530, 24, 0, 1
5649, 495736179, 21, 0, 1
6138, 495742317, 17, 0, 1
11292, 495753609, 31, 0, 1
6173, 495759782, 17, 0, 1
5658, 495765440, 12, 0, 1
6102, 495771542, 31, 0, 1
11316, 495782858, 26, 0, 1
6160, 495789018, 18, 0, 1
5658, 495794676, 12, 0, 1
6151, 495800827, 19, 0, 1
11301, 495812128, 44, 0, 1
6160, 495818288, 19, 0, 1
5646, 495823934, 17, 0, 1
6134, 495830068, 32, 0, 1
11316, 495841384, 18, 0, 1
6131, 495847515, 26, 0, 1
5674, 495853189, 31, 0, 1
6122, 495859311, 30, 0, 1
11302, 495870613, 32, 0, 1
6129, 495876742, 26, 0, 1
5643, 495882385, 24, 0, 1
15222, 495897607, 342, 34, 1
11293, 495908900, 59, 0, 1
6138, 495915038, 37, 0, 1
5658, 495920696, 24, 0, 1
6132, 495926828, 21, 0, 1
11293, 495938121, 24, 0, 1
6159, 495944280, 24, 0, 1
5639, 495949919, 27, 0, 1
6136, 495956055, 29, 0, 1
11316, 495967371, 31, 0, 1
6140, 495973511, 29, 0, 1
5652, 495979163, 18, 0, 1
6111, 495985274, 28, 0, 1
11316, 495996590, 27, 0, 1
6186, 496002776, 22, 0, 1
5655, 496008431, 29, 1, 1
6126, 496014557, 24, 0, 1
12663, 496027220, 54, 12, 1
6164, 496033384, 25, 1, 1
5633, 496039017, 21, 0, 1
7039, 496046056, 91, 20, 1
11316, 496057372, 23, 0, 1
6160, 496063532, 17, 0, 1
5658, 496069190, 14, 0, 1
6126, 496075316, 24, 0, 1
12484, 496087800, 96, 0, 1
6617, 496094417, 45, 0, 1
6354, 496100771, 30, 0, 1
6624, 496107395, 19, 0, 1
12237, 496119632, 35, 0, 1
6137, 496125769, 21, 0, 1
6116, 496131885, 20, 0, 1
6121, 496138006, 38, 0, 1
12232, 496150238, 32, 0, 1
6098, 496156336, 18, 0, 1
6116, 496162452, 18, 0, 1
6112, 496168564, 28, 0, 1
12231, 496180795, 34, 0, 1
6099, 496186894, 22, 0, 1
6115, 496193009, 21, 0, 1
6097, 496199106, 23, 0, 1
12219, 496211325, 35, 0, 1
6106, 496217431, 33, 0, 1
6116, 496223547, 20, 0, 1
6123, 496229670, 22, 3, 1
12199, 496241869, 46, 0, 1
6098, 496247967, 22, 0, 1
6083, 496254050, 26, 0, 1
6110, 496260160, 19, 0, 1
11774, 496271934, 24, 0, 1
6108, 496278042, 25, 0, 1
6117, 496284159, 25, 0, 1
6108, 496290267, 21, 0, 1
11735, 496302002, 40, 0, 1
6095, 496308097, 26, 0, 1
5658, 496313755, 19, 0, 1
6138, 496319893, 19, 0, 1
11314, 496331207, 33, 0, 1
6162, 496337369, 25, 0, 1
5658, 496343027, 12, 0, 1
6138, 496349165, 14, 0, 1
11304, 496360469, 34, 0, 1
6160, 496366629, 19, 0, 1
5646, 496372275, 24, 0, 1
6151, 496378426, 23, 0, 1
11318, 496389744, 36, 0, 1
6160, 496395904, 16, 0, 1
5652, 496401556, 22, 0, 1
6114, 496407670, 22, 0, 1
12654, 496420324, 64, 0, 1
6173, 496426497, 15, 0, 1
5651, 496432148, 15, 0, 1
6132, 496438280, 21, 0, 1
11304, 496449584, 39, 0, 1
6160, 496455744, 17, 0, 1
5674, 496461418, 22, 0, 1
6123, 496467541, 31, 0, 1
11301, 496478842, 30, 0, 1
6173, 496485015, 18, 0, 1
5645, 496490660, 19, 0, 1
6138, 496496798, 16, 0, 1
11310, 496508108, 30, 0, 1
6160, 496514268, 16, 0, 1
5655, 496519923, 24, 0, 1
6139, 496526062, 21, 0, 1
11275, 496537337, 34, 0, 1
6160, 496543497, 16, 0, 1
5658, 496549155, 14, 0, 1
6117, 496555272, 32, 0, 1
11316, 496566588, 20, 0, 1
6173, 496572761, 18, 0, 1
5652, 496578413, 17, 0, 1
6126, 496584539, 25, 0, 1
11304, 496595843, 35, 0, 1
6154, 496601997, 23, 0, 1
5646, 496607643, 15, 0, 1
6139, 496613782, 23, 0, 1
11316, 496625098, 18, 0, 1
6136, 496631234, 25, 0, 1
5657, 496636891, 24, 0, 1
6136, 496643027, 38, 0, 1
11291, 496654318, 42, 0, 1
6173, 496660491, 21, 0, 1
5658, 496666149, 13, 0, 1
6138, 496672287, 19, 0, 1
11310, 496683597, 32, 0, 1
6159, 496689756, 18, 0, 1
5655, 496695411, 27, 0, 1
6138, 496701549, 18, 0, 1
11316, 496712865, 18, 0, 1
6173, 496719038, 20, 0, 1
5658, 496724696, 13, 0, 1
6138, 496730834, 19, 0, 1
11318, 496742152, 32, 0, 1
6160, 496748312, 19, 0, 1
5638, 496753950, 24, 0, 1
6164, 496760114, 30, 0, 1
11292, 496771406, 35, 0, 1
6160, 496777566, 18, 0, 1
5658, 496783224, 13, 0, 1
7491, 496790715, 45, 0, 1
11316, 496802031, 19, 0, 1
6137, 496808168, 27, 0, 1
5657, 496813825, 27, 0, 1
6138, 496819963, 16, 0, 1
11303, 496831266, 63, 10, 1
6164, 496837430, 27, 0, 1
5652, 496843082, 14, 0, 1
6145, 496849227, 20, 0, 1
11307, 496860534, 46, 0, 1
6160, 496866694, 16, 0, 1
5643, 496872337, 28, 0, 1
6138, 496878475, 21, 0, 1
11303, 496889778, 40, 0, 1
6173, 496895951, 20, 0, 1
5658, 496901609, 12, 0, 1
6134, 496907743, 29, 0, 1
11310, 496919053, 29, 0, 1
6141, 496925194, 21, 0, 1
5652, 496930846, 13, 0, 1
6131, 496936977, 23, 0, 1
11316, 496948293, 27, 0, 1
6154, 496954447, 24, 0, 1
5658, 496960105, 28, 0, 1
6131, 496966236, 28, 0, 1
11316, 496977552, 23, 0, 1
6139, 496983691, 32, 0, 1
5657, 496989348, 27, 0, 1
6139, 496995487, 24, 0, 1
11321, 497006808, 33, 0, 1
6142, 497012950, 23, 0, 1
5657, 497018607, 23, 0, 1
6137, 497024744, 20, 0, 1
11313, 497036057, 26, 0, 1
6173, 497042230, 14, 0, 1
5658, 497047888, 12, 0, 1
6107, 497053995, 25, 0, 1
11298, 497065293, 31, 0, 1
6148, 497071441, 26, 0, 1
5652, 497077093, 20, 0, 1
6150, 497083243, 26, 0, 1
11316, 497094559, 28, 0, 1
6160, 497100719, 17, 0, 1
5652, 497106371, 16, 0, 1
6131, 497112502, 22, 0, 1
11285, 497123787, 30, 0, 1
6186, 497129973, 16, 0, 1
5650, 497135623, 18, 0, 1
6117, 497141740, 28, 0, 1
11316, 497153056, 27, 0, 1
6154, 497159210, 17, 0, 1
7029, 497166239, 30, 0, 1
6138, 497172377, 19, 0, 1
11265, 497183642, 34, 0, 1
6160, 497189802, 21, 0, 1
5658, 497195460, 12, 0, 1
6138, 497201598, 13, 0, 1
11301, 497212899, 45, 0, 1
6160, 497219059, 17, 0, 1
5635, 497224694, 20, 0, 1
6145, 497230839, 31, 0, 1
11300, 497242139, 44, 0, 1
6160, 497248299, 19, 0, 1
5658, 497253957, 12, 0, 1
6138, 497260095, 16, 0, 1
11301, 497271396, 34, 0, 1
6173, 497277569, 16, 0, 1
5648, 497283217, 23, 0, 1
6138, 497289355, 18, 0, 1
11309, 497300664, 24, 0, 1
6160, 497306824, 17, 0, 1
5652, 497312476, 16, 0, 1
6130, 497318606, 29, 0, 1
11286, 497329892, 24, 0, 1
6122, 497336014, 25, 0, 1
5650, 497341664, 28, 0, 1
6138, 497347802, 18, 0, 1
11315, 497359117, 35, 0, 1
6173, 497365290, 19, 0, 1
5632, 497370922, 22, 0, 1
6138, 497377060, 15, 0, 1
11311, 497388371, 25, 0, 1
6140, 497394511, 22, 0, 1
5658, 497400169, 11, 0, 1
6138, 497406307, 17, 0, 1
11315, 497417622, 21, 0, 1
6173, 497423795, 18, 0, 1
5639, 497429434, 32, 0, 1
11797, 497441231, 37, 0, 1
5658, 497446889, 11, 0, 1
6147, 497453036, 23, 0, 1
5639, 497458675, 21, 0, 1
11809, 497470484, 25, 0, 1
5658, 497476142, 14, 0, 1
6160, 497482302, 20, 0, 1
5658, 497487960, 12, 0, 1
11790, 497499750, 26, 0, 1
5620, 497505370, 21, 0, 1
6186, 497511556, 19, 0, 1
5658, 497517214, 10, 0, 1
11778, 497528992, 33, 0, 1
5642, 497534634, 27, 0, 1
7507, 497542141, 38, 0, 1
5658, 497547799, 14, 0, 1
11809, 497559608, 21, 0, 1
5658, 497565266, 13, 0, 1
6160, 497571426, 19, 0, 1
5657, 497577083, 23, 0, 1
11783, 497588866, 25, 0, 1
5658, 497594524, 13, 0, 1
6161, 497600685, 22, 0, 1
5652, 497606337, 17, 0, 1
11783, 497618120, 31, 0, 1
5658, 497623778, 10, 0, 1
6128, 497629906, 27, 0, 1
5658, 497635564, 12, 0, 1
11770, 497647334, 37, 0, 1
5658, 497652992, 11, 0, 1
6171, 497659163, 26, 0, 1
5643, 497664806, 27, 0, 1
11758, 497676564, 39, 0, 1
5658, 497682222, 14, 0, 1
6132, 497688354, 27, 0, 1
5646, 497694000, 23, 0, 1
11783, 497705783, 40, 0, 1
5658, 497711441, 13, 0, 1
6122, 497717563, 24, 0, 1
5658, 497723221, 18, 0, 1
11794, 497735015, 36, 0, 1
5658, 497740673, 11, 0, 1
6173, 497746846, 32, 0, 1
5652, 497752498, 26, 0, 1
11779, 497764277, 56, 0, 1
5655, 497769932, 21, 0, 1
6160, 497776092, 16, 0, 1
5658, 497781750, 12, 0, 1
11808, 497793558, 34, 0, 1
5657, 497799215, 24, 0, 1
6160, 497805375, 17, 0, 1
5642, 497811017, 25, 0, 1
11792, 497822809, 37, 0, 1
5658, 497828467, 10, 0, 1
6155, 497834622, 28, 0, 1
5652, 497840274, 28, 0, 1
216231, 498056505, 6097, 1452, 1
711328, 498767833, 10295, 1262, 5
6683, 498774516, 64, 0, 1
6101, 498780617, 36, 0, 1
17168, 498797785, 317, 31, 1
11075, 498808860, 173, 17, 1
6393, 498815253, 25, 0, 1
8295, 498823548, 103, 11, 1
14650, 498838198, 147, 11, 1
104655, 104655, 5039, 329, 1
4917819, 5022474, 89802, 3814, 16
15159873, 20182347, 43014, 11233, 10
19129077, 39311424, 17092, 4982, 11
13302466, 52613890, 17647, 3699, 19
19521197, 72135087, 17489, 4991, 11
19534882, 91669969, 17921, 5216, 11
18571054, 110241023, 23533, 6861, 2
19043375, 129284398, 18317, 4954, 11
19048170, 148332568, 18136, 4956, 11
19439663, 167772231, 21418, 5171, 11
19547828, 187320059, 18472, 4929, 11
19498354, 206818413, 18443, 5284, 11
19505382, 226323795, 18668, 5160, 11
19451052, 245774847, 20061, 5030, 11
18208164, 263983011, 24002, 4763, 11
19319741, 283302752, 18822, 5021, 11
19189586, 302492338, 18797, 4795, 11
19569669, 322062007, 18858, 5011, 11
19604762, 341666769, 19084, 5219, 11
19543058, 361209827, 18768, 5122, 11
19533680, 380743507, 19072, 4961, 11
19616919, 400360426, 19300, 5098, 11
19602881, 419963307, 18876, 5169, 11
19645104, 439608411, 18568, 4954, 11
19552036, 459160447, 18590, 5085, 11
19514711, 478675158, 19929, 5245, 11
14141193, 492816351, 29909, 1743, 19
4503622, 497319973, 9280, 353, 6
6102, 497326075, 333, 3, 1
11796, 497337871, 58, 1, 1
5646, 497343517, 16, 0, 1
5640, 497349157, 21, 0, 1
6161, 497355318, 23, 0, 1
11793, 497367111, 43, 0, 1
5657, 497372768, 23, 0, 1
5652, 497378420, 16, 0, 1
6136, 497384556, 24, 0, 1
11804, 497396360, 35, 0, 1
5646, 497402006, 18, 0, 1
5656, 497407662, 22, 0, 1
6154, 497413816, 19, 0, 1
11772, 497425588, 42, 0, 1
5640, 497431228, 16, 0, 1
5652, 497436880, 17, 0, 1
6160, 497443040, 25, 0, 1
11778, 497454818, 32, 0, 1
5616, 497460434, 18, 0, 1
5646, 497466080, 17, 0, 1
6142, 497472222, 21, 0, 1
11771, 497483993, 36, 0, 1
5652, 497489645, 19, 0, 1
5658, 497495303, 13, 0, 1
6149, 497501452, 26, 0, 1
11772, 497513224, 33, 0, 1
5634, 497518858, 19, 0, 1
5656, 497524514, 25, 0, 1
6146, 497530660, 20, 0, 1
11796, 497542456, 49, 0, 1
5646, 497548102, 17, 0, 1
5658, 497553760, 15, 0, 1
6160, 497559920, 18, 0, 1
11772, 497571692, 36, 0, 1
5658, 497577350, 14, 0, 1
5658, 497583008, 14, 0, 1
15218, 497598226, 347, 10, 1
11790, 497610016, 48, 0, 1
5658, 497615674, 16, 0, 1
5658, 497621332, 12, 0, 1
6160, 497627492, 19, 0, 1
11809, 497639301, 26, 0, 1
5658, 497644959, 13, 0, 1
5657, 497650616, 21, 0, 1
6159, 497656775, 21, 0, 1
11771, 497668546, 35, 0, 1
5652, 497674198, 15, 0, 1
5658, 497679856, 16, 0, 1
7538, 497687394, 104, 12, 1
11796, 497699190, 24, 0, 1
5657, 497704847, 15, 0, 1
5658, 497710505, 14, 0, 1
6131, 497716636, 23, 0, 1
11771, 497728407, 41, 0, 1
5651, 497734058, 25, 0, 1
5658, 497739716, 13, 0, 1
6173, 497745889, 19, 0, 1
11778, 497757667, 32, 0, 1
5658, 497763325, 13, 0, 1
5658, 497768983, 16, 0, 1
6160, 497775143, 19, 0, 1
11814, 497786957, 37, 0, 1
5658, 497792615, 13, 0, 1
5658, 497798273, 16, 0, 1
6160, 497804433, 21, 0, 1
11790, 497816223, 38, 0, 1
5658, 497821881, 14, 0, 1
5657, 497827538, 15, 0, 1
6172, 497833710, 18, 0, 1
11783, 497845493, 28, 0, 1
5658, 497851151, 9, 0, 1
5651, 497856802, 15, 0, 1
6511, 497863313, 52, 0, 1
13033, 497876346, 62, 0, 1
6381, 497882727, 14, 0, 1
8372, 497891099, 155, 7, 1
12722, 497903821, 61, 0, 1
6111, 497909932, 28, 0, 1
6103, 497916035, 29, 0, 1
6104, 497922139, 25, 0, 1
12220, 497934359, 43, 0, 1
6109, 497940468, 21, 0, 1
6116, 497946584, 18, 0, 1
6116, 497952700, 18, 0, 1
12220, 497964920, 40, 0, 1
6116, 497971036, 19, 0, 1
6129, 497977165, 19, 0, 1
6104, 497983269, 24, 0, 1
12208, 497995477, 37, 0, 1
6116, 498001593, 17, 0, 1
6116, 498007709, 17, 0, 1
6116, 498013825, 18, 0, 1
12245, 498026070, 36, 0, 1
6116, 498032186, 17, 0, 1
6116, 498038302, 20, 0, 1
5652, 498043954, 16, 0, 1
12248, 498056202, 38, 0, 1
6110, 498062312, 20, 0, 1
6115, 498068427, 17, 0, 1
7035, 498075462, 28, 0, 1
11776, 498087238, 36, 0, 1
6132, 498093370, 29, 0, 1
5621, 498098991, 20, 0, 1
5657, 498104648, 19, 0, 1
11797, 498116445, 45, 0, 1
6127, 498122572, 21, 0, 1
5652, 498128224, 14, 0, 1
5657, 498133881, 19, 0, 1
11811, 498145692, 39, 0, 1
6132, 498151824, 19, 0, 1
5645, 498157469, 17, 0, 1
5652, 498163121, 15, 0, 1
11831, 498174952, 36, 0, 1
6114, 498181066, 22, 0, 1
5634, 498186700, 16, 0, 1
5652, 498192352, 14, 0, 1
11809, 498204161, 34, 0, 1
6138, 498210299, 17, 0, 1
5645, 498215944, 18, 0, 1
5658, 498221602, 12, 0, 1
11831, 498233433, 25, 0, 1
6138, 498239571, 19, 0, 1
5640, 498245211, 19, 0, 1
5652, 498250863, 17, 0, 1
11805, 498262668, 42, 0, 1
6151, 498268819, 22, 0, 1
5658, 498274477, 14, 0, 1
5658, 498280135, 13, 0, 1
11805, 498291940, 30, 0, 1
6131, 498298071, 25, 0, 1
5652, 498303723, 13, 0, 1
5662, 498309385, 21, 0, 1
11831, 498321216, 25, 0, 1
6138, 498327354, 17, 0, 1
5658, 498333012, 15, 0, 1
5658, 498338670, 12, 0, 1
11803, 498350473, 40, 0, 1
6151, 498356624, 16, 0, 1
5646, 498362270, 16, 0, 1
5658, 498367928, 12, 0, 1
11794, 498379722, 34, 0, 1
6138, 498385860, 19, 0, 1
5658, 498391518, 15, 0, 1
5658, 498397176, 14, 0, 1
11794, 498408970, 39, 0, 1
6138, 498415108, 16, 0, 1
5634, 498420742, 16, 0, 1
5651, 498426393, 16, 0, 1
11798, 498438191, 41, 0, 1
6138, 498444329, 25, 0, 1
7035, 498451364, 30, 0, 1
5651, 498457015, 14, 0, 1
11805, 498468820, 35, 0, 1
6107, 498474927, 25, 0, 1
5646, 498480573, 20, 0, 1
5652, 498486225, 19, 0, 1
11811, 498498036, 33, 0, 1
6151, 498504187, 19, 0, 1
5658, 498509845, 12, 0, 1
5658, 498515503, 11, 0, 1
11818, 498527321, 24, 0, 1
6138, 498533459, 18, 0, 1
5640, 498539099, 19, 0, 1
5658, 498544757, 20, 0, 1
11826, 498556583, 33, 0, 1
6120, 498562703, 22, 0, 1
5655, 498568358, 21, 0, 1
5652, 498574010, 15, 0, 1
11800, 498585810, 33, 0, 1
6130, 498591940, 31, 0, 1
5646, 498597586, 17, 0, 1
5658, 498603244, 12, 0, 1
11776, 498615020, 38, 0, 1
6138, 498621158, 17, 0, 1
5651, 498626809, 19, 0, 1
5652, 498632461, 19, 0, 1
11823, 498644284, 41, 0, 1
6121, 498650405, 22, 0, 1
5640, 498656045, 20, 0, 1
5658, 498661703, 12, 0, 1
11798, 498673501, 37, 0, 1
6120, 498679621, 20, 0, 1
5640, 498685261, 20, 0, 1
5658, 498690919, 13, 0, 1
11788, 498702707, 37, 0, 1
6102, 498708809, 27, 0, 1
5627, 498714436, 20, 0, 1
5655, 498720091, 30, 0, 1
11804, 498731895, 38, 0, 1
6144, 498738039, 27, 0, 1
5649, 498743688, 24, 0, 1
5658, 498749346, 16, 0, 1
11763, 498761109, 40, 0, 1
6130, 498767239, 29, 0, 1
5658, 498772897, 15, 0, 1
5658, 498778555, 13, 0, 1
11831, 498790386, 23, 0, 1
6138, 498796524, 17, 0, 1
5658, 498802182, 14, 0, 1
5658, 498807840, 12, 0, 1
11811, 498819651, 41, 0, 1
7491, 498827142, 38, 0, 1
5658, 498832800, 13, 0, 1
5658, 498838458, 13, 0, 1
11793, 498850251, 54, 0, 1
6138, 498856389, 17, 0, 1
5634, 498862023, 18, 0, 1
5658, 498867681, 11, 0, 1
11831, 498879512, 27, 0, 1
6138, 498885650, 20, 0, 1
5658, 498891308, 15, 0, 1
5652, 498896960, 18, 0, 1
11821, 498908781, 41, 0, 1
6126, 498914907, 20, 0, 1
5658, 498920565, 13, 0, 1
5657, 498926222, 17, 0, 1
11838, 498938060, 37, 0, 1
6136, 498944196, 23, 0, 1
5658, 498949854, 22, 0, 1
5652, 498955506, 16, 0, 1
11763, 498967269, 32, 0, 1
6150, 498973419, 21, 0, 1
5649, 498979068, 26, 0, 1
5658, 498984726, 13, 0, 1
11805, 498996531, 29, 0, 1
6132, 499002663, 22, 0, 1
5651, 499008314, 17, 0, 1
5655, 499013969, 19, 0, 1
11819, 499025788, 24, 0, 1
6138, 499031926, 17, 0, 1
5658, 499037584, 14, 0, 1
5658, 499043242, 14, 0, 1
11817, 499055059, 27, 0, 1
6151, 499061210, 17, 0, 1
5634, 499066844, 17, 0, 1
5655, 499072499, 19, 0, 1
11804, 499084303, 30, 0, 1
6138, 499090441, 22, 0, 1
5658, 499096099, 14, 0, 1
5658, 499101757, 14, 0, 1
11807, 499113564, 31, 0, 1
6142, 499119706, 27, 0, 1
5658, 499125364, 18, 0, 1
5658, 499131022, 10, 0, 1
11786, 499142808, 41, 0, 1
6131, 499148939, 22, 0, 1
5627, 499154566, 21, 0, 1
5658, 499160224, 11, 0, 1
11812, 499172036, 30, 0, 1
6119, 499178155, 25, 0, 1
5658, 499183813, 15, 0, 1
5664, 499189477, 22, 0, 1
13170, 499202647, 45, 0, 1
6151, 499208798, 20, 0, 1
5658, 499214456, 11, 0, 1
5658, 499220114, 11, 0, 1
11802, 499231916, 40, 0, 1
6125, 499238041, 23, 0, 1
5652, 499243693, 17, 0, 1
5658, 499249351, 20, 0, 1
11804, 499261155, 42, 0, 1
6132, 499267287, 20, 0, 1
5644, 499272931, 22, 0, 1
5652, 499278583, 17, 0, 1
11776, 499290359, 40, 0, 1
6140, 499296499, 25, 0, 1
5658, 499302157, 12, 0, 1
5658, 499307815, 12, 0, 1
11818, 499319633, 27, 0, 1
6113, 499325746, 25, 0, 1
5658, 499331404, 14, 0, 1
5652, 499337056, 22, 0, 1
11809, 499348865, 36, 0, 1
6131, 499354996, 34, 0, 1
5652, 499360648, 15, 0, 1
5628, 499366276, 22, 0, 1
11805, 499378081, 29, 0, 1
6145, 499384226, 18, 0, 1
5652, 499389878, 19, 0, 1
5657, 499395535, 18, 0, 1
11830, 499407365, 35, 0, 1
6137, 499413502, 25, 0, 1
5658, 499419160, 14, 0, 1
5650, 499424810, 17, 0, 1
11792, 499436602, 40, 0, 1
6145, 499442747, 21, 0, 1
5650, 499448397, 24, 0, 1
5658, 499454055, 11, 0, 1
11817, 499465872, 26, 0, 1
6114, 499471986, 26, 0, 1
5652, 499477638, 17, 0, 1
5658, 499483296, 11, 0, 1
11818, 499495114, 43, 0, 1
6138, 499501252, 17, 0, 1
5650, 499506902, 24, 0, 1
5658, 499512560, 12, 0, 1
11818, 499524378, 18, 0, 1
6145, 499530523, 19, 0, 1
5658, 499536181, 13, 0, 1
5658, 499541839, 11, 0, 1
11795, 499553634, 43, 0, 1
6138, 499559772, 17, 0, 1
5652, 499565424, 20, 0, 1
5658, 499571082, 14, 0, 1
13194, 499584276, 57, 0, 1
6126, 499590402, 23, 0, 1
5652, 499596054, 16, 0, 1
5658, 499601712, 16, 0, 1
11804, 499613516, 30, 0, 1
6137, 499619653, 21, 0, 1
5658, 499625311, 13, 0, 1
5658, 499630969, 11, 0, 1
15146, 499646115, 217, 2, 1
881902, 500528017, 14480, 2523, 9
6741, 500534758, 618, 3, 1
6701, 500541459, 38, 0, 1
13162, 500554621, 67, 0, 1
12328, 500566949, 407, 40, 1
6399, 500573348, 30, 0, 1
6740, 500580088, 24, 0, 1
14919, 500595007, 160, 16, 1
6611, 500601618, 29, 0, 1
