2497110, 2497110, 52124, 1152, 4
2604388, 5101498, 45151, 1434, 4
15361262, 20462760, 42704, 8576, 10
19568396, 40031156, 17147, 4515, 11
18716493, 58747649, 23710, 4108, 11
19619202, 78366851, 19403, 3248, 7
19503164, 97870015, 18101, 4435, 11
18674707, 116544722, 24159, 5623, 2
19000403, 135545125, 19116, 4400, 11
19680446, 155225571, 19306, 4161, 7
19318877, 174544448, 20348, 4456, 11
19705781, 194250229, 19018, 3211, 7
19621128, 213871357, 18929, 4498, 11
19573026, 233444383, 20534, 4092, 7
19284453, 252728836, 19366, 3260, 7
18660053, 271388889, 23883, 3753, 7
18924341, 290313230, 18853, 4516, 11
19397697, 309710927, 19570, 4117, 7
19626093, 329337020, 18950, 4625, 11
19590734, 348927754, 20332, 4713, 11
19560014, 368487768, 18950, 4596, 11
19667153, 388154921, 19542, 4082, 7
19584572, 407739493, 18836, 4786, 11
19662961, 427402454, 18796, 3974, 7
19649905, 447052359, 18386, 4240, 7
19499304, 466551663, 19855, 5007, 11
18213192, 484764855, 30207, 4331, 11
10666483, 495431338, 16125, 70, 12
1125961, 496557299, 4071, 170, 1
11765, 496569064, 49, 0, 1
5658, 496574722, 10, 0, 1
5652, 496580374, 15, 0, 1
6112, 496586486, 21, 0, 1
11791, 496598277, 38, 0, 1
5652, 496603929, 17, 0, 1
5644, 496609573, 25, 0, 1
6122, 496615695, 25, 0, 1
11796, 496627491, 21, 0, 1
5631, 496633122, 20, 0, 1
5651, 496638773, 20, 0, 1
6158, 496644931, 29, 0, 1
11771, 496656702, 32, 0, 1
5627, 496662329, 18, 0, 1
5652, 496667981, 16, 0, 1
6118, 496674099, 21, 0, 1
11816, 496685915, 25, 0, 1
5625, 496691540, 22, 0, 1
5650, 496697190, 26, 0, 1
6160, 496703350, 17, 0, 1
11705, 496715055, 34, 0, 1
5656, 496720711, 22, 0, 1
5640, 496726351, 17, 0, 1
11788, 496738139, 34, 0, 1
6138, 496744277, 16, 0, 1
5625, 496749902, 20, 0, 1
5650, 496755552, 23, 0, 1
11764, 496767316, 42, 0, 1
6138, 496773454, 16, 0, 1
5658, 496779112, 10, 0, 1
5652, 496784764, 14, 0, 1
11822, 496796586, 33, 0, 1
6113, 496802699, 21, 0, 1
5628, 496808327, 13, 0, 1
5645, 496813972, 17, 0, 1
11762, 496825734, 47, 0, 1
6134, 496831868, 19, 0, 1
5649, 496837517, 22, 0, 1
5651, 496843168, 21, 0, 1
11832, 496855000, 48, 0, 1
6138, 496861138, 17, 0, 1
7023, 496868161, 91, 0, 1
5655, 496873816, 20, 0, 1
11789, 496885605, 29, 0, 1
6107, 496891712, 29, 0, 1
5622, 496897334, 19, 0, 1
5658, 496902992, 9, 0, 1
11775, 496914767, 34, 0, 1
6151, 496920918, 17, 0, 1
5625, 496926543, 18, 0, 1
5644, 496932187, 19, 0, 1
11807, 496943994, 39, 0, 1
6138, 496950132, 15, 0, 1
5658, 496955790, 10, 0, 1
5674, 496961464, 29, 0, 1
11800, 496973264, 38, 0, 1
6114, 496979378, 21, 0, 1
5622, 496985000, 13, 0, 1
5658, 496990658, 12, 0, 1
11805, 497002463, 26, 0, 1
6108, 497008571, 24, 0, 1
5658, 497014229, 8, 0, 1
5656, 497019885, 21, 0, 1
11837, 497031722, 41, 0, 1
6131, 497037853, 25, 0, 1
5651, 497043504, 19, 0, 1
5658, 497049162, 9, 0, 1
11812, 497060974, 31, 0, 1
6151, 497067125, 20, 0, 1
5658, 497072783, 13, 0, 1
5658, 497078441, 13, 0, 1
12966, 497091407, 74, 0, 1
6483, 497097890, 33, 0, 1
6372, 497104262, 26, 0, 1
8368, 497112630, 158, 7, 1
21321, 497133951, 376, 5, 1
6113, 497140064, 33, 0, 1
6116, 497146180, 16, 0, 1
6098, 497152278, 25, 0, 1
12202, 497164480, 35, 0, 1
6116, 497170596, 24, 0, 1
6098, 497176694, 22, 0, 1
6098, 497182792, 26, 0, 1
12230, 497195022, 43, 0, 1
6116, 497201138, 13, 0, 1
6119, 497207257, 36, 0, 1
6097, 497213354, 24, 0, 1
12244, 497225598, 39, 0, 1
6090, 497231688, 26, 0, 1
6097, 497237785, 22, 0, 1
6116, 497243901, 16, 0, 1
12171, 497256072, 36, 0, 1
7474, 497263546, 51, 0, 1
6108, 497269654, 25, 0, 1
5643, 497275297, 25, 0, 1
12230, 497287527, 39, 0, 1
6086, 497293613, 18, 0, 1
6098, 497299711, 21, 0, 1
5646, 497305357, 13, 0, 1
11778, 497317135, 31, 0, 1
6151, 497323286, 16, 0, 1
5658, 497328944, 11, 0, 1
5652, 497334596, 12, 0, 1
11776, 497346372, 32, 0, 1
6121, 497352493, 17, 0, 1
5640, 497358133, 17, 0, 1
5646, 497363779, 20, 0, 1
11804, 497375583, 38, 0, 1
6106, 497381689, 23, 0, 1
5640, 497387329, 20, 0, 1
5658, 497392987, 12, 0, 1
11800, 497404787, 34, 0, 1
6151, 497410938, 18, 0, 1
5634, 497416572, 17, 0, 1
5658, 497422230, 11, 0, 1
11809, 497434039, 30, 0, 1
6137, 497440176, 33, 0, 1
5658, 497445834, 11, 0, 1
5655, 497451489, 23, 0, 1
11831, 497463320, 23, 0, 1
6138, 497469458, 19, 0, 1
5658, 497475116, 12, 0, 1
5657, 497480773, 15, 0, 1
11767, 497492540, 46, 0, 1
6119, 497498659, 28, 0, 1
5658, 497504317, 13, 0, 1
5655, 497509972, 27, 0, 1
11824, 497521796, 25, 0, 1
6120, 497527916, 19, 0, 1
5626, 497533542, 18, 0, 1
5639, 497539181, 16, 0, 1
11817, 497550998, 30, 0, 1
6144, 497557142, 20, 0, 1
5658, 497562800, 14, 0, 1
5652, 497568452, 13, 0, 1
11811, 497580263, 40, 0, 1
6138, 497586401, 16, 0, 1
5657, 497592058, 18, 0, 1
5658, 497597716, 12, 0, 1
11793, 497609509, 38, 0, 1
6120, 497615629, 17, 0, 1
5652, 497621281, 13, 0, 1
5658, 497626939, 10, 0, 1
13170, 497640109, 42, 0, 1
6151, 497646260, 16, 0, 1
5628, 497651888, 16, 0, 1
5647, 497657535, 20, 0, 1
11787, 497669322, 45, 0, 1
6132, 497675454, 18, 0, 1
5657, 497681111, 22, 0, 1
5658, 497686769, 15, 0, 1
11828, 497698597, 25, 0, 1
6138, 497704735, 17, 0, 1
5645, 497710380, 20, 0, 1
5658, 497716038, 12, 0, 1
11818, 497727856, 36, 0, 1
6141, 497733997, 26, 0, 1
5652, 497739649, 15, 0, 1
5658, 497745307, 11, 0, 1
11810, 497757117, 38, 0, 1
6138, 497763255, 17, 0, 1
5658, 497768913, 12, 0, 1
5658, 497774571, 16, 0, 1
11805, 497786376, 23, 0, 1
6151, 497792527, 16, 0, 1
5658, 497798185, 12, 0, 1
5658, 497803843, 12, 0, 1
11818, 497815661, 26, 0, 1
6132, 497821793, 19, 0, 1
5658, 497827451, 12, 0, 1
5658, 497833109, 10, 0, 1
11807, 497844916, 23, 0, 1
6132, 497851048, 21, 0, 1
5646, 497856694, 20, 0, 1
5658, 497862352, 10, 0, 1
11794, 497874146, 20, 0, 1
6145, 497880291, 22, 0, 1
5658, 497885949, 9, 0, 1
5658, 497891607, 10, 0, 1
11812, 497903419, 24, 0, 1
6138, 497909557, 13, 0, 1
5628, 497915185, 19, 0, 1
5651, 497920836, 14, 0, 1
11789, 497932625, 32, 0, 1
6138, 497938763, 17, 0, 1
5628, 497944391, 23, 0, 1
5658, 497950049, 12, 0, 1
11794, 497961843, 31, 0, 1
6138, 497967981, 18, 0, 1
5640, 497973621, 16, 0, 1
5658, 497979279, 13, 0, 1
11817, 497991096, 38, 0, 1
6138, 497997234, 17, 0, 1
5640, 498002874, 15, 0, 1
5663, 498008537, 18, 0, 1
13195, 498021732, 41, 0, 1
6151, 498027883, 13, 0, 1
6115, 498033998, 22, 0, 1
5658, 498039656, 12, 0, 1
11766, 498051422, 32, 0, 1
6138, 498057560, 18, 0, 1
5640, 498063200, 18, 0, 1
5652, 498068852, 10, 0, 1
11783, 498080635, 40, 0, 1
6132, 498086767, 22, 0, 1
5616, 498092383, 18, 0, 1
5651, 498098034, 14, 0, 1
11792, 498109826, 37, 0, 1
6151, 498115977, 20, 0, 1
5658, 498121635, 12, 0, 1
5658, 498127293, 13, 0, 1
11811, 498139104, 28, 0, 1
6132, 498145236, 16, 0, 1
5658, 498150894, 11, 0, 1
5657, 498156551, 21, 0, 1
11813, 498168364, 34, 0, 1
6115, 498174479, 18, 0, 1
5652, 498180131, 12, 0, 1
5651, 498185782, 14, 0, 1
11818, 498197600, 23, 0, 1
6138, 498203738, 14, 0, 1
5622, 498209360, 18, 0, 1
5652, 498215012, 15, 0, 1
11792, 498226804, 34, 0, 1
6138, 498232942, 16, 0, 1
5658, 498238600, 9, 0, 1
5658, 498244258, 8, 0, 1
11818, 498256076, 20, 0, 1
6151, 498262227, 17, 0, 1
5658, 498267885, 10, 0, 1
5658, 498273543, 11, 0, 1
11818, 498285361, 20, 0, 1
6138, 498291499, 18, 0, 1
5658, 498297157, 12, 0, 1
5658, 498302815, 10, 0, 1
11831, 498314646, 17, 0, 1
6138, 498320784, 14, 0, 1
5634, 498326418, 17, 0, 1
5657, 498332075, 16, 0, 1
11818, 498343893, 20, 0, 1
6177, 498350070, 12, 0, 1
5658, 498355728, 11, 0, 1
5658, 498361386, 11, 0, 1
11818, 498373204, 22, 0, 1
6138, 498379342, 14, 0, 1
5652, 498384994, 11, 0, 1
7029, 498392023, 29, 0, 1
11807, 498403830, 30, 0, 1
6132, 498409962, 20, 0, 1
5645, 498415607, 21, 0, 1
5646, 498421253, 21, 0, 1
11818, 498433071, 21, 0, 1
6132, 498439203, 15, 0, 1
5651, 498444854, 12, 0, 1
5658, 498450512, 13, 0, 1
11811, 498462323, 36, 0, 1
6138, 498468461, 17, 0, 1
5658, 498474119, 11, 0, 1
5658, 498479777, 8, 0, 1
11818, 498491595, 25, 0, 1
6151, 498497746, 16, 0, 1
5658, 498503404, 15, 0, 1
5658, 498509062, 14, 0, 1
11787, 498520849, 32, 0, 1
6132, 498526981, 19, 0, 1
5658, 498532639, 14, 0, 1
5658, 498538297, 13, 0, 1
11825, 498550122, 22, 0, 1
6138, 498556260, 14, 0, 1
5658, 498561918, 11, 0, 1
5657, 498567575, 13, 0, 1
11812, 498579387, 30, 0, 1
6157, 498585544, 25, 0, 1
5658, 498591202, 9, 0, 1
5658, 498596860, 14, 0, 1
11812, 498608672, 33, 0, 1
6132, 498614804, 15, 0, 1
5652, 498620456, 12, 0, 1
5658, 498626114, 14, 0, 1
11824, 498637938, 27, 0, 1
6132, 498644070, 18, 0, 1
5639, 498649709, 17, 0, 1
5658, 498655367, 14, 0, 1
11817, 498667184, 22, 0, 1
6114, 498673298, 19, 0, 1
5658, 498678956, 10, 0, 1
5651, 498684607, 20, 0, 1
11831, 498696438, 18, 0, 1
6101, 498702539, 23, 0, 1
5652, 498708191, 16, 0, 1
11794, 498719985, 32, 0, 1
5658, 498725643, 12, 0, 1
7027, 498732670, 107, 4, 1
5652, 498738322, 14, 0, 1
11818, 498750140, 30, 0, 1
5658, 498755798, 12, 0, 1
6138, 498761936, 14, 0, 1
7035, 498768971, 25, 0, 1
11825, 498780796, 22, 0, 1
5658, 498786454, 9, 0, 1
6138, 498792592, 16, 0, 1
5658, 498798250, 12, 0, 1
11799, 498810049, 33, 0, 1
5658, 498815707, 11, 0, 1
6151, 498821858, 16, 0, 1
5652, 498827510, 16, 0, 1
11818, 498839328, 28, 0, 1
5657, 498844985, 16, 0, 1
9477, 498854462, 171, 1, 1
887775, 499742237, 15164, 1211, 5
13431, 499755668, 92, 1, 1
6717, 499762385, 40, 0, 1
11842, 499774227, 372, 23, 1
6662, 499780889, 38, 0, 1
13895, 499794784, 49, 0, 1
8537, 499803321, 130, 4, 1
6585, 499809906, 37, 0, 1
2251957, 2251957, 48970, 1034, 4
8736215, 10988172, 78885, 7432, 17
19269930, 30258102, 18589, 4440, 11
19248517, 49506619, 20043, 4801, 11
19099876, 68606495, 21646, 3483, 7
19578406, 88184901, 20868, 3569, 7
19385972, 107570873, 19878, 4505, 11
19585387, 127156260, 20009, 4623, 11
18524152, 145680412, 25489, 5604, 2
19374665, 165055077, 21518, 4311, 11
19189528, 184244605, 20158, 3600, 7
19539550, 203784155, 20170, 3662, 7
19506728, 223290883, 22202, 4845, 11
19521952, 242812835, 20814, 2649, 7
18931471, 261744306, 24691, 4662, 11
19448174, 281192480, 18567, 3868, 7
18866278, 300058758, 19503, 4278, 11
19393178, 319451936, 19316, 4393, 11
19423674, 338875610, 19094, 4414, 11
19661579, 358537189, 18570, 5145, 11
19584071, 378121260, 18947, 4049, 7
19592947, 397714207, 19262, 4400, 11
19700970, 417415177, 18549, 3916, 7
19678700, 437093877, 18607, 4344, 11
19640628, 456734505, 18636, 5031, 11
19589940, 476324445, 20112, 4880, 11
14938591, 491263036, 30756, 1865, 19
5094572, 496357608, 10032, 182, 6
6113, 496363721, 340, 3, 1
11809, 496375530, 35, 1, 1
5652, 496381182, 15, 0, 1
5655, 496386837, 20, 0, 1
6154, 496392991, 16, 0, 1
11795, 496404786, 32, 0, 1
5646, 496410432, 17, 0, 1
5658, 496416090, 11, 0, 1
6142, 496422232, 21, 0, 1
13155, 496435387, 119, 0, 1
5633, 496441020, 25, 0, 1
5651, 496446671, 20, 0, 1
6136, 496452807, 20, 0, 1
11803, 496464610, 24, 0, 1
5652, 496470262, 16, 0, 1
5658, 496475920, 14, 0, 1
6112, 496482032, 23, 0, 1
11778, 496493810, 27, 0, 1
5658, 496499468, 12, 0, 1
5656, 496505124, 22, 0, 1
6167, 496511291, 23, 0, 1
11784, 496523075, 35, 0, 1
5658, 496528733, 13, 0, 1
5658, 496534391, 12, 0, 1
6166, 496540557, 19, 0, 1
11795, 496552352, 41, 0, 1
5658, 496558010, 14, 0, 1
5658, 496563668, 14, 0, 1
6173, 496569841, 18, 0, 1
11794, 496581635, 40, 0, 1
5658, 496587293, 11, 0, 1
5658, 496592951, 12, 0, 1
6123, 496599074, 25, 0, 1
11803, 496610877, 23, 0, 1
5658, 496616535, 15, 0, 1
5658, 496622193, 11, 0, 1
6160, 496628353, 21, 0, 1
11803, 496640156, 23, 0, 1
5658, 496645814, 12, 0, 1
5658, 496651472, 13, 0, 1
11800, 496663272, 39, 0, 1
6132, 496669404, 19, 0, 1
5646, 496675050, 15, 0, 1
5651, 496680701, 19, 0, 1
11776, 496692477, 37, 0, 1
6145, 496698622, 23, 0, 1
5634, 496704256, 16, 0, 1
5652, 496709908, 17, 0, 1
11797, 496721705, 41, 0, 1
6138, 496727843, 18, 0, 1
5657, 496733500, 24, 0, 1
5658, 496739158, 12, 0, 1
11782, 496750940, 35, 0, 1
6096, 496757036, 22, 0, 1
5658, 496762694, 13, 0, 1
5658, 496768352, 10, 0, 1
11781, 496780133, 42, 0, 1
6138, 496786271, 18, 0, 1
5651, 496791922, 23, 0, 1
5646, 496797568, 14, 0, 1
13208, 496810776, 39, 0, 1
6132, 496816908, 17, 0, 1
5634, 496822542, 19, 0, 1
5658, 496828200, 12, 0, 1
11817, 496840017, 27, 0, 1
6151, 496846168, 17, 0, 1
5658, 496851826, 17, 0, 1
5657, 496857483, 18, 0, 1
11818, 496869301, 27, 0, 1
6137, 496875438, 19, 0, 1
5640, 496881078, 16, 0, 1
5657, 496886735, 18, 0, 1
13059, 496899794, 70, 0, 1
6658, 496906452, 25, 0, 1
6333, 496912785, 15, 0, 1
5643, 496918428, 23, 0, 1
12721, 496931149, 47, 0, 1
6111, 496937260, 19, 0, 1
6084, 496943344, 24, 0, 1
6116, 496949460, 15, 0, 1
12208, 496961668, 31, 0, 1
6092, 496967760, 21, 0, 1
6098, 496973858, 18, 0, 1
6110, 496979968, 16, 0, 1
12214, 496992182, 33, 0, 1
6068, 496998250, 24, 0, 1
6091, 497004341, 20, 0, 1
6115, 497010456, 20, 0, 1
12208, 497022664, 38, 0, 1
6110, 497028774, 21, 0, 1
15185, 497043959, 370, 3, 1
6098, 497050057, 42, 0, 1
12219, 497062276, 46, 0, 1
6109, 497068385, 19, 0, 1
6115, 497074500, 22, 0, 1
5658, 497080158, 13, 0, 1
11796, 497091954, 20, 0, 1
6115, 497098069, 25, 0, 1
5634, 497103703, 16, 0, 1
5658, 497109361, 12, 0, 1
11812, 497121173, 26, 0, 1
6138, 497127311, 16, 0, 1
5658, 497132969, 11, 0, 1
5658, 497138627, 11, 0, 1
11819, 497150446, 17, 0, 1
6138, 497156584, 14, 0, 1
5659, 497162243, 12, 0, 1
5658, 497167901, 22, 0, 1
11817, 497179718, 33, 0, 1
6145, 497185863, 22, 0, 1
5646, 497191509, 16, 0, 1
7011, 497198520, 40, 0, 1
11789, 497210309, 34, 0, 1
6132, 497216441, 17, 0, 1
5658, 497222099, 13, 0, 1
5658, 497227757, 8, 0, 1
11819, 497239576, 33, 0, 1
6125, 497245701, 24, 0, 1
5658, 497251359, 13, 0, 1
5651, 497257010, 19, 0, 1
11805, 497268815, 34, 0, 1
6138, 497274953, 17, 0, 1
5640, 497280593, 13, 0, 1
5657, 497286250, 14, 0, 1
11806, 497298056, 34, 0, 1
6126, 497304182, 18, 0, 1
5658, 497309840, 10, 0, 1
5646, 497315486, 14, 0, 1
11805, 497327291, 33, 0, 1
6151, 497333442, 19, 0, 1
5650, 497339092, 19, 0, 1
5658, 497344750, 12, 0, 1
11817, 497356567, 31, 0, 1
6096, 497362663, 20, 0, 1
5652, 497368315, 15, 0, 1
5658, 497373973, 13, 0, 1
11825, 497385798, 26, 0, 1
6145, 497391943, 15, 0, 1
5627, 497397570, 20, 0, 1
5658, 497403228, 11, 0, 1
11812, 497415040, 25, 0, 1
6151, 497421191, 14, 0, 1
5652, 497426843, 15, 0, 1
5657, 497432500, 14, 0, 1
11821, 497444321, 41, 0, 1
6138, 497450459, 12, 0, 1
5658, 497456117, 11, 0, 1
5658, 497461775, 8, 0, 1
11807, 497473582, 28, 0, 1
6137, 497479719, 22, 0, 1
5628, 497485347, 21, 0, 1
5652, 497490999, 17, 0, 1
11817, 497502816, 37, 0, 1
6132, 497508948, 20, 0, 1
5658, 497514606, 11, 0, 1
5652, 497520258, 19, 0, 1
11819, 497532077, 34, 0, 1
6253, 497538330, 35, 0, 1
5658, 497543988, 14, 0, 1
5658, 497549646, 13, 0, 1
11786, 497561432, 58, 0, 1
6145, 497567577, 21, 0, 1
7035, 497574612, 30, 0, 1
5658, 497580270, 13, 0, 1
11818, 497592088, 23, 0, 1
6137, 497598225, 16, 0, 1
5634, 497603859, 18, 0, 1
5652, 497609511, 16, 0, 1
11784, 497621295, 35, 0, 1
6132, 497627427, 22, 0, 1
5658, 497633085, 13, 0, 1
5657, 497638742, 14, 0, 1
11769, 497650511, 35, 0, 1
6146, 497656657, 19, 0, 1
5658, 497662315, 10, 0, 1
5652, 497667967, 12, 0, 1
11818, 497679785, 16, 0, 1
6138, 497685923, 17, 0, 1
5652, 497691575, 16, 0, 1
5658, 497697233, 16, 0, 1
11824, 497709057, 32, 0, 1
6132, 497715189, 19, 0, 1
5657, 497720846, 20, 0, 1
5658, 497726504, 10, 0, 1
11788, 497738292, 29, 0, 1
6108, 497744400, 21, 0, 1
5658, 497750058, 10, 0, 1
5658, 497755716, 12, 0, 1
11831, 497767547, 30, 0, 1
6138, 497773685, 16, 0, 1
5658, 497779343, 12, 0, 1
5658, 497785001, 12, 0, 1
11816, 497796817, 27, 1, 1
14351, 497811168, 245, 63, 1
5658, 497816826, 24, 0, 1
5658, 497822484, 12, 0, 1
11775, 497834259, 37, 0, 1
6113, 497840372, 20, 0, 1
6110, 497846482, 27, 0, 1
5658, 497852140, 13, 0, 1
11791, 497863931, 26, 0, 1
6138, 497870069, 15, 0, 1
5658, 497875727, 14, 0, 1
5646, 497881373, 14, 0, 1
11801, 497893174, 37, 0, 1
6145, 497899319, 18, 0, 1
5646, 497904965, 15, 0, 1
5652, 497910617, 16, 0, 1
11802, 497922419, 40, 0, 1
6125, 497928544, 25, 0, 1
5652, 497934196, 13, 0, 1
5657, 497939853, 16, 0, 1
12676, 497952529, 113, 6, 1
7515, 497960044, 36, 1, 1
5639, 497965683, 21, 0, 1
5658, 497971341, 13, 0, 1
11803, 497983144, 43, 0, 1
6142, 497989286, 25, 0, 1
5652, 497994938, 14, 0, 1
5646, 498000584, 17, 0, 1
11831, 498012415, 28, 0, 1
6138, 498018553, 15, 0, 1
5658, 498024211, 10, 0, 1
5658, 498029869, 9, 0, 1
11818, 498041687, 31, 0, 1
6164, 498047851, 18, 0, 1
5658, 498053509, 12, 0, 1
5658, 498059167, 11, 0, 1
11818, 498070985, 25, 0, 1
6138, 498077123, 15, 0, 1
5658, 498082781, 12, 0, 1
5658, 498088439, 12, 0, 1
11831, 498100270, 23, 0, 1
6138, 498106408, 15, 0, 1
5651, 498112059, 15, 0, 1
5658, 498117717, 17, 0, 1
11800, 498129517, 31, 0, 1
6146, 498135663, 19, 0, 1
5638, 498141301, 22, 0, 1
5658, 498146959, 12, 0, 1
11792, 498158751, 40, 0, 1
6136, 498164887, 23, 0, 1
5628, 498170515, 14, 0, 1
5651, 498176166, 12, 0, 1
11806, 498187972, 37, 0, 1
6132, 498194104, 13, 0, 1
5658, 498199762, 11, 0, 1
5658, 498205420, 9, 0, 1
11768, 498217188, 38, 0, 1
6138, 498223326, 15, 0, 1
5658, 498228984, 11, 0, 1
5658, 498234642, 8, 0, 1
11798, 498246440, 31, 0, 1
6138, 498252578, 16, 0, 1
5652, 498258230, 15, 0, 1
5658, 498263888, 11, 0, 1
11806, 498275694, 23, 0, 1
6145, 498281839, 18, 0, 1
5634, 498287473, 17, 0, 1
5658, 498293131, 12, 0, 1
11804, 498304935, 29, 0, 1
6132, 498311067, 23, 0, 1
5658, 498316725, 7, 0, 1
5658, 498322383, 11, 0, 1
13202, 498335585, 39, 0, 1
6138, 498341723, 18, 0, 1
5658, 498347381, 11, 0, 1
5646, 498353027, 15, 0, 1
11794, 498364821, 28, 0, 1
6151, 498370972, 16, 0, 1
5658, 498376630, 11, 0, 1
5658, 498382288, 9, 0, 1
11813, 498394101, 21, 0, 1
6138, 498400239, 18, 0, 1
5658, 498405897, 12, 0, 1
5658, 498411555, 9, 0, 1
11844, 498423399, 23, 0, 1
6138, 498429537, 16, 0, 1
5658, 498435195, 11, 0, 1
5658, 498440853, 10, 0, 1
11818, 498452671, 21, 0, 1
6138, 498458809, 15, 0, 1
5658, 498464467, 10, 0, 1
5658, 498470125, 10, 0, 1
11825, 498481950, 20, 0, 1
6132, 498488082, 19, 0, 1
5658, 498493740, 12, 0, 1
5658, 498499398, 8, 0, 1
11770, 498511168, 33, 0, 1
6151, 498517319, 14, 0, 1
5658, 498522977, 11, 0, 1
5658, 498528635, 12, 0, 1
11816, 498540451, 34, 0, 1
6126, 498546577, 18, 0, 1
5658, 498552235, 13, 0, 1
5658, 498557893, 12, 0, 1
11825, 498569718, 22, 0, 1
6138, 498575856, 15, 0, 1
5658, 498581514, 12, 0, 1
5658, 498587172, 9, 0, 1
11799, 498598971, 31, 0, 1
6151, 498605122, 19, 0, 1
5658, 498610780, 12, 0, 1
5658, 498616438, 10, 0, 1
11800, 498628238, 18, 0, 1
6137, 498634375, 24, 0, 1
5656, 498640031, 22, 0, 1
5652, 498645683, 13, 0, 1
15169, 498660852, 198, 2, 1
912517, 499573369, 14731, 1525, 5
8373, 499581742, 740, 0, 1
6729, 499588471, 39, 0, 1
13258, 499601729, 66, 0, 1
12293, 499614022, 376, 23, 1
8054, 499622076, 109, 1, 1
13379, 499635455, 65, 0, 1
7988, 499643443, 115, 3, 1
4631530, 4631530, 89345, 2247, 16
14557514, 19189044, 48472, 8551, 10
12512183, 31701227, 12743, 2729, 12
6579755, 38280982, 5135, 1160, 6
19026893, 57307875, 21231, 4456, 11
19316769, 76624644, 17578, 3502, 7
19186873, 95811517, 17795, 3611, 7
18310725, 114122242, 23103, 5701, 2
18682315, 132804557, 19572, 4445, 11
19224811, 152029368, 18975, 4557, 11
19020439, 171049807, 20550, 4024, 7
19331087, 190380894, 18833, 3465, 7
19308002, 209688896, 19358, 4046, 7
19236894, 228925790, 20447, 4460, 11
19002848, 247928638, 18937, 2802, 7
18391340, 266319978, 23225, 4332, 11
18502062, 284822040, 19090, 3592, 7
19166408, 303988448, 18364, 4249, 11
19341421, 323329869, 17736, 4569, 11
19258157, 342588026, 19128, 4340, 11
19291911, 361879937, 19122, 4899, 11
19292210, 381172147, 18805, 4095, 7
19317295, 400489442, 18435, 4211, 7
19406478, 419895920, 18407, 3834, 7
19279437, 439175357, 19533, 4023, 7
19336437, 458511794, 18757, 5022, 11
19350803, 477862597, 18975, 4754, 11
15908255, 493770852, 30545, 2327, 19
5734355, 499505207, 11339, 186, 6
6104, 499511311, 28, 0, 1
5658, 499516969, 17, 0, 1
5658, 499522627, 11, 0, 1
11818, 499534445, 35, 0, 1
6133, 499540578, 23, 0, 1
5651, 499546229, 16, 0, 1
5652, 499551881, 15, 0, 1
11791, 499563672, 44, 0, 1
6126, 499569798, 20, 0, 1
5658, 499575456, 11, 0, 1
5652, 499581108, 19, 0, 1
11817, 499592925, 36, 0, 1
6138, 499599063, 16, 0, 1
5658, 499604721, 10, 0, 1
5615, 499610336, 20, 0, 1
11788, 499622124, 31, 0, 1
6102, 499628226, 19, 0, 1
5658, 499633884, 12, 0, 1
5652, 499639536, 16, 0, 1
11807, 499651343, 32, 0, 1
6132, 499657475, 16, 0, 1
5658, 499663133, 11, 0, 1
7029, 499670162, 89, 1, 1
12248, 499682410, 44, 0, 1
6151, 499688561, 19, 0, 1
5658, 499694219, 9, 0, 1
5658, 499699877, 11, 0, 1
11818, 499711695, 21, 0, 1
6138, 499717833, 17, 0, 1
5658, 499723491, 11, 0, 1
5658, 499729149, 12, 0, 1
11824, 499740973, 30, 0, 1
6130, 499747103, 26, 0, 1
5651, 499752754, 21, 0, 1
5657, 499758411, 21, 0, 1
11799, 499770210, 32, 0, 1
6151, 499776361, 18, 0, 1
5663, 499782024, 22, 0, 1
5658, 499787682, 10, 0, 1
11817, 499799499, 30, 0, 1
6137, 499805636, 28, 0, 1
5658, 499811294, 13, 0, 1
5652, 499816946, 18, 0, 1
11829, 499828775, 33, 0, 1
6138, 499834913, 19, 0, 1
5658, 499840571, 19, 0, 1
5658, 499846229, 12, 0, 1
11790, 499858019, 49, 0, 1
6114, 499864133, 20, 0, 1
5658, 499869791, 10, 0, 1
5663, 499875454, 19, 0, 1
11812, 499887266, 36, 0, 1
6149, 499893415, 28, 0, 1
5657, 499899072, 22, 0, 1
5658, 499904730, 12, 0, 1
11794, 499916524, 33, 0, 1
6144, 499922668, 20, 0, 1
5651, 499928319, 14, 0, 1
5651, 499933970, 21, 0, 1
11818, 499945788, 31, 0, 1
6126, 499951914, 21, 0, 1
5658, 499957572, 11, 0, 1
5651, 499963223, 20, 0, 1
11710, 499974933, 28, 0, 1
6132, 499981065, 20, 0, 1
5658, 499986723, 10, 0, 1
5658, 499992381, 14, 0, 1
11793, 500004174, 43, 0, 1
6151, 500010325, 14, 0, 1
5658, 500015983, 10, 0, 1
5658, 500021641, 12, 0, 1
13007, 500034648, 96, 0, 1
6663, 500041311, 27, 0, 1
7710, 500049021, 35, 0, 1
5649, 500054670, 12, 0, 1
12275, 500066945, 50, 0, 1
6126, 500073071, 18, 0, 1
6098, 500079169, 26, 0, 1
6102, 500085271, 26, 0, 1
12211, 500097482, 43, 0, 1
6103, 500103585, 31, 0, 1
6123, 500109708, 17, 0, 1
6092, 500115800, 21, 0, 1
12201, 500128001, 41, 0, 1
6104, 500134105, 21, 0, 1
6112, 500140217, 35, 0, 1
6110, 500146327, 21, 0, 1
12226, 500158553, 35, 0, 1
6106, 500164659, 24, 0, 1
6104, 500170763, 22, 0, 1
6086, 500176849, 24, 0, 1
12217, 500189066, 41, 0, 1
6110, 500195176, 20, 0, 1
6096, 500201272, 28, 0, 1
5658, 500206930, 13, 0, 1
12237, 500219167, 33, 0, 1
6096, 500225263, 26, 0, 1
6096, 500231359, 26, 0, 1
5640, 500236999, 17, 0, 1
11777, 500248776, 37, 0, 1
6164, 500254940, 18, 0, 1
5646, 500260586, 17, 0, 1
5658, 500266244, 15, 0, 1
11770, 500278014, 34, 0, 1
6136, 500284150, 27, 0, 1
5652, 500289802, 15, 0, 1
5658, 500295460, 15, 0, 1
20843, 500316303, 382, 3, 1
6138, 500322441, 21, 0, 1
5621, 500328062, 19, 0, 1
5658, 500333720, 11, 0, 1
11807, 500345527, 44, 0, 1
6126, 500351653, 21, 0, 1
5652, 500357305, 14, 0, 1
5640, 500362945, 15, 0, 1
11830, 500374775, 21, 0, 1
6138, 500380913, 17, 0, 1
5640, 500386553, 19, 0, 1
5652, 500392205, 14, 0, 1
11784, 500403989, 36, 0, 1
6151, 500410140, 16, 0, 1
5622, 500415762, 16, 0, 1
5652, 500421414, 10, 0, 1
11812, 500433226, 24, 0, 1
7509, 500440735, 35, 0, 1
5656, 500446391, 22, 0, 1
5658, 500452049, 16, 0, 1
11830, 500463879, 31, 0, 1
6125, 500470004, 23, 0, 1
5658, 500475662, 13, 0, 1
5652, 500481314, 16, 0, 1
11810, 500493124, 44, 0, 1
7020, 500500144, 93, 6, 1
5651, 500505795, 23, 0, 1
5658, 500511453, 12, 0, 1
11806, 500523259, 31, 0, 1
6132, 500529391, 25, 0, 1
5652, 500535043, 9, 0, 1
5658, 500540701, 10, 0, 1
11831, 500552532, 20, 0, 1
6138, 500558670, 14, 0, 1
5633, 500564303, 21, 0, 1
5658, 500569961, 11, 0, 1
11794, 500581755, 30, 0, 1
6132, 500587887, 18, 0, 1
5639, 500593526, 18, 0, 1
5658, 500599184, 11, 0, 1
11830, 500611014, 33, 0, 1
6136, 500617150, 26, 0, 1
5651, 500622801, 15, 0, 1
5650, 500628451, 17, 0, 1
11787, 500640238, 32, 0, 1
6177, 500646415, 21, 0, 1
5628, 500652043, 17, 0, 1
5651, 500657694, 11, 0, 1
11818, 500669512, 18, 0, 1
6143, 500675655, 19, 0, 1
5628, 500681283, 22, 0, 1
5645, 500686928, 18, 0, 1
11799, 500698727, 42, 0, 1
6138, 500704865, 22, 0, 1
5647, 500710512, 24, 0, 1
5658, 500716170, 11, 0, 1
11820, 500727990, 43, 0, 1
6126, 500734116, 20, 0, 1
5658, 500739774, 15, 0, 1
5658, 500745432, 11, 0, 1
11793, 500757225, 31, 0, 1
6144, 500763369, 20, 0, 1
6122, 500769491, 20, 0, 1
5658, 500775149, 12, 0, 1
11803, 500786952, 23, 0, 1
6138, 500793090, 18, 0, 1
5658, 500798748, 13, 0, 1
5658, 500804406, 7, 0, 1
13189, 500817595, 46, 0, 1
6138, 500823733, 20, 0, 1
5616, 500829349, 17, 0, 1
5651, 500835000, 19, 0, 1
11807, 500846807, 23, 0, 1
6138, 500852945, 18, 0, 1
5639, 500858584, 17, 0, 1
5658, 500864242, 17, 0, 1
11805, 500876047, 28, 0, 1
6151, 500882198, 17, 0, 1
5646, 500887844, 16, 0, 1
5652, 500893496, 15, 0, 1
11785, 500905281, 37, 0, 1
6132, 500911413, 17, 0, 1
5658, 500917071, 13, 0, 1
5652, 500922723, 16, 0, 1
11795, 500934518, 26, 0, 1
6120, 500940638, 22, 0, 1
5640, 500946278, 19, 0, 1
5658, 500951936, 10, 0, 1
11808, 500963744, 41, 0, 1
6121, 500969865, 17, 0, 1
5658, 500975523, 13, 0, 1
5658, 500981181, 9, 0, 1
11817, 500992998, 25, 0, 1
6132, 500999130, 19, 0, 1
5634, 501004764, 17, 0, 1
5658, 501010422, 17, 0, 1
11814, 501022236, 37, 0, 1
6130, 501028366, 25, 0, 1
5652, 501034018, 12, 0, 1
5646, 501039664, 18, 0, 1
11814, 501051478, 37, 0, 1
6143, 501057621, 18, 0, 1
5658, 501063279, 15, 0, 1
5658, 501068937, 14, 0, 1
11831, 501080768, 24, 0, 1
6138, 501086906, 18, 0, 1
5658, 501092564, 12, 0, 1
5658, 501098222, 8, 0, 1
11797, 501110019, 44, 0, 1
6151, 501116170, 16, 0, 1
5663, 501121833, 26, 0, 1
5658, 501127491, 12, 0, 1
11780, 501139271, 37, 0, 1
6125, 501145396, 26, 0, 1
5652, 501151048, 15, 0, 1
5657, 501156705, 19, 0, 1
11797, 501168502, 39, 0, 1
6120, 501174622, 18, 0, 1
5652, 501180274, 18, 0, 1
5651, 501185925, 14, 0, 1
13195, 501199120, 32, 0, 1
6151, 501205271, 17, 0, 1
5646, 501210917, 16, 0, 1
5651, 501216568, 15, 0, 1
11800, 501228368, 26, 0, 1
6138, 501234506, 19, 0, 1
5646, 501240152, 17, 0, 1
5658, 501245810, 10, 0, 1
11831, 501257641, 21, 0, 1
6132, 501263773, 21, 0, 1
5646, 501269419, 14, 0, 1
11803, 501281222, 36, 0, 1
5658, 501286880, 14, 0, 1
6137, 501293017, 21, 0, 1
5626, 501298643, 19, 0, 1
11830, 501310473, 28, 0, 1
5652, 501316125, 15, 0, 1
6120, 501322245, 20, 0, 1
5658, 501327903, 13, 0, 1
11788, 501339691, 29, 0, 1
5652, 501345343, 23, 0, 1
6146, 501351489, 18, 0, 1
5622, 501357111, 16, 0, 1
11804, 501368915, 38, 0, 1
5658, 501374573, 10, 0, 1
6139, 501380712, 26, 0, 1
5658, 501386370, 11, 0, 1
11828, 501398198, 37, 0, 1
5652, 501403850, 14, 0, 1
6138, 501409988, 16, 0, 1
5646, 501415634, 24, 0, 1
11793, 501427427, 35, 0, 1
5657, 501433084, 16, 0, 1
6151, 501439235, 19, 0, 1
5652, 501444887, 14, 0, 1
11804, 501456691, 41, 0, 1
5658, 501462349, 14, 0, 1
6138, 501468487, 17, 0, 1
5658, 501474145, 14, 0, 1
11812, 501485957, 37, 0, 1
5658, 501491615, 12, 0, 1
6119, 501497734, 25, 0, 1
5628, 501503362, 17, 0, 1
11787, 501515149, 36, 0, 1
5647, 501520796, 28, 0, 1
6138, 501526934, 19, 0, 1
5652, 501532586, 13, 0, 1
11831, 501544417, 26, 0, 1
5658, 501550075, 10, 0, 1
6138, 501556213, 23, 0, 1
5658, 501561871, 12, 0, 1
13189, 501575060, 39, 0, 1
5658, 501580718, 13, 0, 1
6121, 501586839, 21, 0, 1
5658, 501592497, 14, 0, 1
11817, 501604314, 27, 0, 1
5657, 501609971, 20, 0, 1
6119, 501616090, 24, 0, 1
5658, 501621748, 12, 0, 1
11801, 501633549, 30, 0, 1
5663, 501639212, 17, 0, 1
6138, 501645350, 15, 0, 1
5658, 501651008, 13, 0, 1
11794, 501662802, 30, 0, 1
5657, 501668459, 23, 0, 1
6151, 501674610, 19, 0, 1
5646, 501680256, 13, 0, 1
11805, 501692061, 27, 0, 1
5650, 501697711, 18, 0, 1
6132, 501703843, 19, 0, 1
5658, 501709501, 14, 0, 1
11818, 501721319, 34, 0, 1
5657, 501726976, 15, 0, 1
6132, 501733108, 17, 0, 1
5658, 501738766, 15, 0, 1
11792, 501750558, 37, 0, 1
5658, 501756216, 11, 0, 1
6126, 501762342, 22, 0, 1
5658, 501768000, 11, 0, 1
11839, 501779839, 33, 0, 1
5658, 501785497, 9, 0, 1
6138, 501791635, 20, 0, 1
5645, 501797280, 15, 0, 1
15135, 501812415, 218, 9, 1
903982, 502716397, 15356, 1308, 5
6733, 502723130, 56, 0, 1
6882, 502730012, 34, 0, 1
18143, 502748155, 365, 21, 1
6783, 502754938, 39, 0, 1
6718, 502761656, 26, 0, 1
6664, 502768320, 18, 0, 1
25969, 502794289, 612, 5, 1
2382614, 2382614, 49817, 1082, 4
8902538, 11285152, 77747, 7666, 17
19298454, 30583606, 18103, 4532, 11
19135917, 49719523, 20301, 4780, 11
19052341, 68771864, 21067, 3552, 7
19574793, 88346657, 19793, 3531, 7
19412863, 107759520, 18978, 4483, 11
18644207, 126403727, 25112, 5790, 2
19012108, 145415835, 19394, 4589, 11
19632331, 165048166, 20787, 4302, 11
19154895, 184203061, 21458, 3543, 7
19543089, 203746150, 19963, 3697, 7
19550509, 223296659, 19560, 4912, 11
19444648, 242741307, 21192, 2675, 7
18699501, 261440808, 24563, 4435, 11
19213737, 280654545, 18950, 3884, 7
18941915, 299596460, 18349, 4550, 11
19420368, 319016828, 19814, 4297, 11
19594083, 338610911, 19587, 4480, 11
19551002, 358161913, 19225, 5083, 11
19749895, 377911808, 19455, 4176, 7
19602998, 397514806, 18646, 4355, 11
19650443, 417165249, 18753, 4004, 7
19642697, 436807946, 18678, 4327, 11
19539763, 456347709, 19512, 4977, 11
19623034, 475970743, 19469, 4862, 11
15222428, 491193171, 31297, 2022, 19
5156382, 496349553, 10192, 155, 6
11754, 496361307, 357, 1, 1
6138, 496367445, 21, 0, 1
5646, 496373091, 12, 0, 1
5638, 496378729, 22, 0, 1
11800, 496390529, 37, 0, 1
6138, 496396667, 14, 0, 1
5649, 496402316, 23, 0, 1
5654, 496407970, 31, 0, 1
11819, 496419789, 35, 0, 1
6151, 496425940, 16, 0, 1
5658, 496431598, 11, 0, 1
5643, 496437241, 19, 0, 1
11781, 496449022, 42, 0, 1
6113, 496455135, 21, 0, 1
5616, 496460751, 18, 0, 1
5644, 496466395, 16, 0, 1
11823, 496478218, 34, 0, 1
6132, 496484350, 17, 0, 1
5658, 496490008, 9, 0, 1
5658, 496495666, 10, 0, 1
11769, 496507435, 38, 0, 1
6164, 496513599, 17, 0, 1
5638, 496519237, 24, 0, 1
5658, 496524895, 10, 0, 1
11817, 496536712, 29, 0, 1
6126, 496542838, 22, 0, 1
5654, 496548492, 29, 0, 1
5658, 496554150, 12, 0, 1
11825, 496565975, 41, 0, 1
7510, 496573485, 108, 0, 1
5646, 496579131, 15, 0, 1
5649, 496584780, 25, 0, 1
11778, 496596558, 38, 0, 1
6138, 496602696, 13, 0, 1
5658, 496608354, 11, 0, 1
5657, 496614011, 25, 0, 1
11831, 496625842, 24, 0, 1
6131, 496631973, 28, 0, 1
5643, 496637616, 23, 0, 1
5649, 496643265, 26, 0, 1
11817, 496655082, 35, 1, 1
7039, 496662121, 100, 7, 1
5634, 496667755, 19, 0, 1
5658, 496673413, 11, 0, 1
11788, 496685201, 36, 0, 1
6138, 496691339, 16, 0, 1
5616, 496696955, 18, 0, 1
5658, 496702613, 31, 0, 1
11822, 496714435, 44, 0, 1
6138, 496720573, 17, 0, 1
5658, 496726231, 12, 0, 1
5651, 496731882, 20, 0, 1
11786, 496743668, 39, 0, 1
6151, 496749819, 16, 0, 1
5632, 496755451, 20, 0, 1
5658, 496761109, 12, 0, 1
11794, 496772903, 48, 0, 1
6131, 496779034, 30, 0, 1
5639, 496784673, 21, 0, 1
5652, 496790325, 15, 0, 1
11801, 496802126, 31, 0, 1
6133, 496808259, 19, 0, 1
5658, 496813917, 13, 0, 1
5658, 496819575, 14, 0, 1
11797, 496831372, 47, 0, 1
6126, 496837498, 21, 0, 1
5658, 496843156, 10, 0, 1
5640, 496848796, 11, 0, 1
11813, 496860609, 34, 0, 1
6126, 496866735, 19, 0, 1
5651, 496872386, 19, 0, 1
5658, 496878044, 7, 0, 1
13023, 496891067, 76, 0, 1
6676, 496897743, 31, 0, 1
6321, 496904064, 22, 0, 1
5643, 496909707, 16, 0, 1
12738, 496922445, 39, 0, 1
6116, 496928561, 18, 0, 1
6089, 496934650, 25, 0, 1
6129, 496940779, 18, 0, 1
13590, 496954369, 50, 0, 1
6092, 496960461, 23, 0, 1
6115, 496966576, 18, 0, 1
6097, 496972673, 26, 0, 1
12226, 496984899, 35, 0, 1
6129, 496991028, 12, 0, 1
6098, 496997126, 21, 0, 1
6079, 497003205, 22, 0, 1
12201, 497015406, 37, 0, 1
6116, 497021522, 18, 0, 1
6102, 497027624, 26, 0, 1
6116, 497033740, 19, 0, 1
12217, 497045957, 52, 0, 1
6116, 497052073, 13, 0, 1
5640, 497057713, 25, 0, 1
5658, 497063371, 10, 0, 1
12239, 497075610, 44, 0, 1
6116, 497081726, 17, 0, 1
5652, 497087378, 17, 0, 1
5658, 497093036, 8, 0, 1
11804, 497104840, 30, 0, 1
6108, 497110948, 21, 0, 1
5627, 497116575, 19, 0, 1
5646, 497122221, 21, 0, 1
11809, 497134030, 37, 0, 1
6139, 497140169, 23, 0, 1
5646, 497145815, 15, 0, 1
5652, 497151467, 21, 0, 1
11772, 497163239, 43, 0, 1
6137, 497169376, 24, 0, 1
5658, 497175034, 17, 0, 1
5666, 497180700, 25, 0, 1
11808, 497192508, 41, 0, 1
6138, 497198646, 17, 0, 1
5636, 497204282, 23, 0, 1
5652, 497209934, 15, 0, 1
11812, 497221746, 38, 0, 1
6151, 497227897, 15, 0, 1
5658, 497233555, 11, 0, 1
5652, 497239207, 12, 0, 1
11811, 497251018, 24, 0, 1
6125, 497257143, 19, 0, 1
5631, 497262774, 18, 0, 1
5652, 497268426, 13, 0, 1
23366, 497291792, 395, 5, 1
6138, 497297930, 27, 0, 1
5622, 497303552, 17, 0, 1
5651, 497309203, 19, 0, 1
11776, 497320979, 42, 0, 1
6113, 497327092, 28, 0, 1
5638, 497332730, 15, 0, 1
7029, 497339759, 30, 0, 1
11787, 497351546, 39, 0, 1
6112, 497357658, 22, 0, 1
5658, 497363316, 11, 0, 1
5652, 497368968, 14, 0, 1
11797, 497380765, 29, 0, 1
6151, 497386916, 16, 0, 1
5640, 497392556, 18, 0, 1
5658, 497398214, 10, 0, 1
11824, 497410038, 37, 0, 1
6138, 497416176, 14, 0, 1
5645, 497421821, 18, 0, 1
5662, 497427483, 25, 0, 1
11789, 497439272, 42, 0, 1
6138, 497445410, 16, 0, 1
5643, 497451053, 27, 0, 1
5652, 497456705, 20, 0, 1
11819, 497468524, 36, 0, 1
6151, 497474675, 17, 0, 1
5656, 497480331, 22, 0, 1
5651, 497485982, 19, 0, 1
11770, 497497752, 39, 0, 1
6138, 497503890, 17, 0, 1
5651, 497509541, 19, 0, 1
5659, 497515200, 23, 0, 1
11784, 497526984, 44, 0, 1
6116, 497533100, 30, 0, 1
5627, 497538727, 20, 0, 1
5658, 497544385, 13, 0, 1
11768, 497556153, 35, 0, 1
6127, 497562280, 20, 0, 1
5637, 497567917, 21, 0, 1
5656, 497573573, 23, 0, 1
11810, 497585383, 43, 0, 1
6125, 497591508, 21, 0, 1
5660, 497597168, 29, 0, 1
5652, 497602820, 21, 0, 1
11800, 497614620, 32, 0, 1
6139, 497620759, 21, 0, 1
5627, 497626386, 21, 0, 1
5661, 497632047, 30, 0, 1
11818, 497643865, 18, 0, 1
6138, 497650003, 18, 0, 1
5626, 497655629, 20, 0, 1
5654, 497661283, 26, 0, 1
11843, 497673126, 28, 0, 1
6138, 497679264, 15, 0, 1
5658, 497684922, 9, 0, 1
5657, 497690579, 16, 0, 1
11770, 497702349, 25, 0, 1
6133, 497708482, 22, 0, 1
7035, 497715517, 23, 0, 1
5655, 497721172, 25, 0, 1
11780, 497732952, 42, 0, 1
6138, 497739090, 17, 0, 1
5626, 497744716, 22, 0, 1
5645, 497750361, 22, 0, 1
11804, 497762165, 49, 0, 1
6123, 497768288, 26, 0, 1
5646, 497773934, 18, 0, 1
5658, 497779592, 9, 0, 1
11804, 497791396, 38, 0, 1
6125, 497797521, 30, 0, 1
5644, 497803165, 26, 0, 1
5658, 497808823, 9, 0, 1
11828, 497820651, 31, 0, 1
6132, 497826783, 16, 0, 1
6116, 497832899, 17, 0, 1
5652, 497838551, 17, 0, 1
11751, 497850302, 44, 0, 1
6151, 497856453, 19, 0, 1
5627, 497862080, 19, 0, 1
5652, 497867732, 17, 0, 1
11772, 497879504, 45, 0, 1
6132, 497885636, 21, 0, 1
5658, 497891294, 10, 0, 1
5652, 497896946, 26, 0, 1
11806, 497908752, 33, 0, 1
6138, 497914890, 18, 0, 1
5652, 497920542, 12, 0, 1
5651, 497926193, 20, 0, 1
11774, 497937967, 31, 0, 1
6151, 497944118, 16, 0, 1
5658, 497949776, 14, 0, 1
5658, 497955434, 8, 0, 1
11817, 497967251, 32, 0, 1
6138, 497973389, 15, 0, 1
5649, 497979038, 24, 0, 1
5654, 497984692, 32, 0, 1
11806, 497996498, 40, 0, 1
6138, 498002636, 17, 0, 1
5658, 498008294, 11, 0, 1
5658, 498013952, 8, 0, 1
11799, 498025751, 32, 0, 1
6113, 498031864, 25, 0, 1
5658, 498037522, 9, 0, 1
5658, 498043180, 8, 0, 1
11819, 498054999, 32, 0, 1
6138, 498061137, 18, 0, 1
5645, 498066782, 20, 0, 1
5638, 498072420, 26, 0, 1
11763, 498084183, 46, 0, 1
7485, 498091668, 38, 0, 1
5627, 498097295, 21, 0, 1
5652, 498102947, 15, 0, 1
11747, 498114694, 42, 0, 1
6119, 498120813, 25, 0, 1
5640, 498126453, 19, 0, 1
5658, 498132111, 12, 0, 1
11812, 498143923, 39, 0, 1
6096, 498150019, 24, 0, 1
5628, 498155647, 17, 0, 1
5650, 498161297, 18, 0, 1
11810, 498173107, 49, 0, 1
6145, 498179252, 20, 0, 1
5622, 498184874, 17, 0, 1
5649, 498190523, 27, 0, 1
11779, 498202302, 43, 0, 1
6125, 498208427, 22, 0, 1
5658, 498214085, 12, 0, 1
5662, 498219747, 28, 0, 1
11825, 498231572, 26, 0, 1
6120, 498237692, 21, 0, 1
5628, 498243320, 21, 0, 1
5652, 498248972, 15, 0, 1
11811, 498260783, 31, 0, 1
6138, 498266921, 17, 0, 1
5638, 498272559, 23, 0, 1
5636, 498278195, 25, 0, 1
11831, 498290026, 29, 0, 1
6145, 498296171, 17, 0, 1
5615, 498301786, 20, 0, 1
11799, 498313585, 46, 0, 1
5658, 498319243, 10, 0, 1
6151, 498325394, 14, 0, 1
5637, 498331031, 22, 0, 1
11811, 498342842, 35, 0, 1
5644, 498348486, 17, 0, 1
6138, 498354624, 16, 0, 1
5628, 498360252, 19, 0, 1
11813, 498372065, 35, 0, 1
5656, 498377721, 24, 0, 1
6123, 498383844, 29, 0, 1
5658, 498389502, 12, 0, 1
11775, 498401277, 35, 0, 1
5646, 498406923, 25, 0, 1
6145, 498413068, 23, 0, 1
5638, 498418706, 21, 0, 1
11812, 498430518, 25, 0, 1
5653, 498436171, 24, 0, 1
6130, 498442301, 28, 0, 1
5626, 498447927, 24, 0, 1
11797, 498459724, 41, 0, 1
7016, 498466740, 38, 0, 1
6138, 498472878, 16, 0, 1
5649, 498478527, 28, 0, 1
11801, 498490328, 43, 0, 1
5658, 498495986, 12, 0, 1
6138, 498502124, 17, 0, 1
5658, 498507782, 9, 0, 1
11795, 498519577, 33, 0, 1
5658, 498525235, 10, 0, 1
6138, 498531373, 17, 0, 1
5626, 498536999, 24, 0, 1
11781, 498548780, 44, 0, 1
5658, 498554438, 10, 0, 1
6138, 498560576, 24, 0, 1
5658, 498566234, 11, 0, 1
11764, 498577998, 38, 0, 1
5645, 498583643, 19, 0, 1
6138, 498589781, 16, 0, 1
5645, 498595426, 17, 0, 1
11824, 498607250, 34, 0, 1
5652, 498612902, 23, 0, 1
6138, 498619040, 15, 0, 1
5657, 498624697, 17, 0, 1
916445, 499541142, 15709, 1267, 5
6400, 499547542, 69, 0, 1
6694, 499554236, 32, 0, 1
12886, 499567122, 412, 31, 1
13121, 499580243, 59, 0, 1
6685, 499586928, 32, 0, 1
8264, 499595192, 136, 4, 1
6602, 499601794, 35, 0, 1
21214, 499623008, 451, 2, 1
1729666, 1729666, 40875, 636, 4
7672961, 9402627, 83931, 7542, 15
19009645, 28412272, 19282, 4489, 11
19249995, 47662267, 20976, 4711, 11
18763733, 66426000, 21184, 3433, 7
19561104, 85987104, 18767, 3571, 7
19342338, 105329442, 20002, 4548, 11
19005386, 124334828, 25164, 5717, 2
18840177, 143175005, 19931, 4470, 11
19587862, 162762867, 19607, 4374, 11
19026953, 181789820, 19838, 3990, 7
19398402, 201188222, 22566, 3374, 7
19572892, 220761114, 19493, 4858, 11
19497133, 240258247, 19344, 3198, 7
18843925, 259102172, 25141, 4029, 7
19518130, 278620302, 18887, 3952, 7
18670625, 297290927, 19093, 4536, 11
19451310, 316742237, 18663, 4319, 11
19193075, 335935312, 19171, 4282, 11
19551055, 355486367, 19524, 4940, 11
19579298, 375065665, 18963, 4219, 7
19577214, 394642879, 19201, 4352, 11
19652233, 414295112, 18688, 4426, 11
19535194, 433830306, 19356, 3835, 7
19566370, 453396676, 18711, 5128, 11
19634593, 473031269, 18685, 5002, 11
16973534, 490004803, 31450, 2768, 7
6307422, 496312225, 12207, 182, 6
5652, 496317877, 43, 0, 1
5658, 496323535, 22, 0, 1
6160, 496329695, 19, 0, 1
11791, 496341486, 27, 0, 1
5615, 496347101, 20, 0, 1
5656, 496352757, 19, 0, 1
6154, 496358911, 16, 0, 1
11792, 496370703, 38, 0, 1
5658, 496376361, 11, 0, 1
5658, 496382019, 12, 0, 1
6167, 496388186, 20, 0, 1
11796, 496399982, 25, 0, 1
5658, 496405640, 12, 0, 1
5658, 496411298, 13, 0, 1
6160, 496417458, 16, 0, 1
11796, 496429254, 25, 0, 1
5658, 496434912, 11, 0, 1
5640, 496440552, 15, 0, 1
6154, 496446706, 25, 0, 1
11782, 496458488, 37, 0, 1
5658, 496464146, 13, 0, 1
5657, 496469803, 20, 0, 1
6160, 496475963, 17, 0, 1
20003, 496495966, 291, 61, 1
5658, 496501624, 28, 0, 1
5658, 496507282, 12, 0, 1
6160, 496513442, 17, 0, 1
11783, 496525225, 30, 0, 1
5640, 496530865, 19, 0, 1
5658, 496536523, 14, 0, 1
6155, 496542678, 21, 0, 1
11795, 496554473, 33, 0, 1
7035, 496561508, 90, 0, 1
5657, 496567165, 17, 0, 1
6159, 496573324, 17, 0, 1
11798, 496585122, 39, 0, 1
5658, 496590780, 10, 0, 1
5658, 496596438, 11, 0, 1
6160, 496602598, 17, 0, 1
11795, 496614393, 29, 0, 1
5658, 496620051, 13, 0, 1
5658, 496625709, 8, 0, 1
6186, 496631895, 21, 0, 1
11796, 496643691, 31, 0, 1
5622, 496649313, 19, 0, 1
5658, 496654971, 12, 0, 1
6136, 496661107, 22, 0, 1
11760, 496672867, 29, 0, 1
5658, 496678525, 10, 0, 1
5658, 496684183, 13, 0, 1
6173, 496690356, 20, 0, 1
11773, 496702129, 38, 0, 1
5658, 496707787, 12, 0, 1
5658, 496713445, 13, 0, 1
6160, 496719605, 19, 0, 1
11803, 496731408, 38, 0, 1
5658, 496737066, 13, 0, 1
5658, 496742724, 12, 0, 1
6160, 496748884, 17, 0, 1
11772, 496760656, 41, 0, 1
5658, 496766314, 10, 1, 1
5658, 496771972, 13, 0, 1
6173, 496778145, 18, 0, 1
11789, 496789934, 28, 0, 1
5658, 496795592, 11, 0, 1
5658, 496801250, 13, 0, 1
6159, 496807409, 20, 0, 1
11816, 496819225, 25, 0, 1
5658, 496824883, 14, 0, 1
5658, 496830541, 12, 0, 1
6160, 496836701, 19, 0, 1
12303, 496849004, 81, 0, 1
6333, 496855337, 21, 0, 1
5649, 496860986, 13, 0, 1
6699, 496867685, 19, 0, 1
12926, 496880611, 45, 0, 1
6116, 496886727, 16, 0, 1
5658, 496892385, 13, 0, 1
6138, 496898523, 17, 0, 1
12200, 496910723, 35, 0, 1
6129, 496916852, 25, 0, 1
6116, 496922968, 14, 0, 1
6104, 496929072, 29, 0, 1
13602, 496942674, 48, 0, 1
6116, 496948790, 14, 0, 1
6116, 496954906, 16, 0, 1
6074, 496960980, 23, 0, 1
12214, 496973194, 37, 0, 1
6110, 496979304, 22, 0, 1
6116, 496985420, 19, 0, 1
6116, 496991536, 20, 0, 1
12214, 497003750, 31, 0, 1
6104, 497009854, 18, 0, 1
6130, 497015984, 23, 0, 1
6092, 497022076, 20, 0, 1
11796, 497033872, 25, 0, 1
6116, 497039988, 16, 0, 1
5652, 497045640, 21, 0, 1
6126, 497051766, 18, 0, 1
11766, 497063532, 34, 0, 1
5640, 497069172, 13, 0, 1
5641, 497074813, 24, 0, 1
6154, 497080967, 18, 0, 1
11796, 497092763, 24, 0, 1
5658, 497098421, 8, 0, 1
5658, 497104079, 13, 0, 1
6173, 497110252, 17, 0, 1
11784, 497122036, 33, 0, 1
5658, 497127694, 13, 0, 1
5657, 497133351, 14, 0, 1
6160, 497139511, 18, 0, 1
11783, 497151294, 28, 0, 1
5658, 497156952, 9, 0, 1
5658, 497162610, 13, 0, 1
6173, 497168783, 17, 0, 1
11796, 497180579, 23, 0, 1
5658, 497186237, 11, 0, 1
5657, 497191894, 16, 0, 1
6154, 497198048, 21, 0, 1
11796, 497209844, 30, 0, 1
5658, 497215502, 10, 0, 1
5658, 497221160, 10, 0, 1
6160, 497227320, 16, 0, 1
11796, 497239116, 23, 0, 1
5658, 497244774, 11, 0, 1
5658, 497250432, 13, 0, 1
6172, 497256604, 19, 0, 1
11796, 497268400, 24, 0, 1
5658, 497274058, 10, 0, 1
5658, 497279716, 10, 0, 1
6160, 497285876, 16, 0, 1
23197, 497309073, 397, 6, 1
5658, 497314731, 23, 0, 1
5658, 497320389, 12, 0, 1
7531, 497327920, 38, 0, 1
11796, 497339716, 24, 0, 1
5658, 497345374, 14, 0, 1
5657, 497351031, 20, 0, 1
6167, 497357198, 17, 0, 1
11796, 497368994, 21, 0, 1
5652, 497374646, 13, 0, 1
5651, 497380297, 15, 0, 1
6130, 497386427, 21, 0, 1
11796, 497398223, 24, 0, 1
5658, 497403881, 13, 0, 1
5658, 497409539, 11, 0, 1
11844, 497421383, 25, 0, 1
6138, 497427521, 18, 0, 1
5658, 497433179, 12, 0, 1
5658, 497438837, 14, 0, 1
11818, 497450655, 34, 0, 1
6138, 497456793, 23, 0, 1
5658, 497462451, 10, 0, 1
5658, 497468109, 13, 0, 1
11812, 497479921, 28, 0, 1
6132, 497486053, 20, 0, 1
5658, 497491711, 9, 0, 1
5658, 497497369, 9, 0, 1
11830, 497509199, 24, 0, 1
6138, 497515337, 18, 0, 1
5658, 497520995, 9, 0, 1
5658, 497526653, 14, 0, 1
11812, 497538465, 29, 0, 1
6145, 497544610, 19, 0, 1
5652, 497550262, 18, 0, 1
5658, 497555920, 13, 0, 1
11787, 497567707, 31, 0, 1
6144, 497573851, 18, 0, 1
5658, 497579509, 13, 0, 1
5658, 497585167, 11, 0, 1
11801, 497596968, 40, 0, 1
6119, 497603087, 20, 0, 1
5658, 497608745, 10, 0, 1
5658, 497614403, 12, 0, 1
11818, 497626221, 17, 0, 1
6138, 497632359, 18, 0, 1
5640, 497637999, 18, 0, 1
5658, 497643657, 10, 0, 1
11831, 497655488, 19, 0, 1
6138, 497661626, 14, 0, 1
5639, 497667265, 18, 0, 1
5658, 497672923, 13, 0, 1
11798, 497684721, 37, 0, 1
6145, 497690866, 17, 0, 1
5652, 497696518, 13, 0, 1
7035, 497703553, 27, 0, 1
11805, 497715358, 39, 0, 1
6131, 497721489, 21, 0, 1
5658, 497727147, 12, 0, 1
5658, 497732805, 11, 0, 1
11788, 497744593, 38, 0, 1
6132, 497750725, 17, 0, 1
5639, 497756364, 20, 0, 1
5658, 497762022, 11, 0, 1
11776, 497773798, 38, 0, 1
6164, 497779962, 19, 0, 1
5634, 497785596, 16, 0, 1
5658, 497791254, 14, 0, 1
11818, 497803072, 23, 0, 1
6138, 497809210, 16, 0, 1
5645, 497814855, 21, 0, 1
5658, 497820513, 11, 0, 1
11807, 497832320, 25, 0, 1
6120, 497838440, 21, 0, 1
5658, 497844098, 13, 0, 1
5657, 497849755, 18, 0, 1
11812, 497861567, 29, 0, 1
6132, 497867699, 20, 0, 1
5658, 497873357, 11, 0, 1
5652, 497879009, 15, 0, 1
11808, 497890817, 35, 0, 1
6138, 497896955, 17, 0, 1
5658, 497902613, 12, 0, 1
5658, 497908271, 11, 0, 1
11775, 497920046, 30, 0, 1
6145, 497926191, 21, 0, 1
5658, 497931849, 11, 0, 1
5658, 497937507, 12, 0, 1
11818, 497949325, 26, 0, 1
6109, 497955434, 22, 0, 1
5652, 497961086, 14, 0, 1
5658, 497966744, 13, 0, 1
11818, 497978562, 36, 0, 1
6125, 497984687, 20, 0, 1
5658, 497990345, 11, 0, 1
5658, 497996003, 13, 0, 1
11784, 498007787, 35, 0, 1
6151, 498013938, 15, 0, 1
5646, 498019584, 12, 0, 1
5657, 498025241, 16, 0, 1
11818, 498037059, 24, 0, 1
6132, 498043191, 17, 0, 1
5658, 498048849, 13, 0, 1
5658, 498054507, 11, 0, 1
11831, 498066338, 20, 0, 1
6138, 498072476, 15, 0, 1
7035, 498079511, 28, 0, 1
5658, 498085169, 21, 0, 1
11806, 498096975, 32, 0, 1
6132, 498103107, 18, 0, 1
5658, 498108765, 11, 0, 1
5646, 498114411, 23, 0, 1
11807, 498126218, 36, 0, 1
6132, 498132350, 20, 0, 1
5658, 498138008, 12, 0, 1
5658, 498143666, 14, 0, 1
11806, 498155472, 29, 0, 1
6152, 498161624, 23, 0, 1
5658, 498167282, 12, 0, 1
5658, 498172940, 13, 0, 1
11823, 498184763, 33, 0, 1
6138, 498190901, 14, 0, 1
5658, 498196559, 9, 0, 1
5658, 498202217, 14, 0, 1
11830, 498214047, 23, 0, 1
6138, 498220185, 16, 0, 1
5634, 498225819, 17, 0, 1
5658, 498231477, 10, 0, 1
11818, 498243295, 22, 0, 1
6151, 498249446, 17, 0, 1
5658, 498255104, 8, 0, 1
5658, 498260762, 13, 0, 1
11817, 498272579, 23, 0, 1
6138, 498278717, 17, 0, 1
5658, 498284375, 10, 0, 1
5658, 498290033, 16, 0, 1
11836, 498301869, 39, 0, 1
6139, 498308008, 17, 0, 1
5658, 498313666, 13, 0, 1
5652, 498319318, 12, 0, 1
11805, 498331123, 30, 0, 1
6138, 498337261, 12, 0, 1
5658, 498342919, 16, 0, 1
5657, 498348576, 14, 0, 1
11795, 498360371, 29, 0, 1
6138, 498366509, 16, 0, 1
5658, 498372167, 11, 0, 1
5646, 498377813, 15, 0, 1
11812, 498389625, 20, 0, 1
6145, 498395770, 18, 0, 1
5658, 498401428, 14, 0, 1
5658, 498407086, 8, 0, 1
11818, 498418904, 22, 0, 1
6138, 498425042, 18, 0, 1
5658, 498430700, 14, 0, 1
5658, 498436358, 13, 0, 1
11830, 498448188, 24, 0, 1
7515, 498455703, 34, 0, 1
5645, 498461348, 17, 0, 1
5634, 498466982, 15, 0, 1
11818, 498478800, 21, 0, 1
6151, 498484951, 17, 0, 1
5658, 498490609, 13, 0, 1
5658, 498496267, 11, 0, 1
11781, 498508048, 34, 0, 1
6138, 498514186, 15, 0, 1
5657, 498519843, 22, 0, 1
5658, 498525501, 10, 0, 1
11814, 498537315, 32, 0, 1
6138, 498543453, 15, 0, 1
5658, 498549111, 13, 0, 1
5637, 498554748, 19, 0, 1
11818, 498566566, 21, 0, 1
6132, 498572698, 16, 0, 1
5652, 498578350, 12, 0, 1
5658, 498584008, 11, 0, 1
11831, 498595839, 25, 0, 1
6138, 498601977, 16, 0, 1
918496, 499520473, 15730, 1252, 5
6361, 499526834, 353, 1, 1
12825, 499539659, 67, 0, 1
6683, 499546342, 28, 0, 1
12438, 499558780, 370, 13, 1
6395, 499565175, 38, 0, 1
13455, 499578630, 51, 0, 1
9042, 499587672, 160, 4, 1
6600, 499594272, 27, 0, 1
