938526 938526 22521 670
6129329 7067855 85928 8904
17048526 24116381 32057 6231
13606351 37722732 14154 3597
18699982 56422714 21974 4907
19514880 75937594 17720 5196
18795874 94733468 23336 6884
18980292 113713760 18145 4901
19180155 132893915 18312 5166
19508857 152402772 20510 5187
19784581 172187353 18526 5046
19480601 191667954 18119 5079
19609904 211277858 19081 5275
19419134 230696992 19453 5199
18971053 249668045 18984 4985
18692431 268360476 23400 4858
19100215 287460691 19423 5044
19670067 307130758 18733 5186
19603870 326734628 18491 5169
19645331 346379959 19210 5312
19518017 365897976 19456 5043
19754035 385652011 18602 5239
19596895 405248906 18284 5198
19681795 424930701 18707 5199
19657324 444588025 19240 5096
19569073 464157098 19092 5204
19629965 483787063 18992 5313
11102291 494889354 28123 402
2496855 497386209 6798 344
6123 497392332 27 0
5638 497397970 28 0
5658 497403628 10 0
11811 497415439 27 0
6138 497421577 13 0
5621 497427198 19 0
5658 497432856 9 0
11820 497444676 28 0
6126 497450802 20 0
5661 497456463 22 0
5652 497462115 17 0
13186 497475301 127 4
6125 497481426 25 0
5633 497487059 18 0
5658 497492717 10 0
11831 497504548 19 0
6138 497510686 15 0
5621 497516307 17 0
5656 497521963 19 0
11837 497533800 37 0
6158 497539958 15 0
5639 497545597 24 0
5657 497551254 19 0
11816 497563070 27 0
6138 497569208 18 0
5652 497574860 14 0
5658 497580518 11 0
11831 497592349 18 0
6138 497598487 17 0
5626 497604113 20 0
5658 497609771 8 0
11774 497621545 37 0
6151 497627696 17 0
5652 497633348 13 0
5658 497639006 7 0
11785 497650791 41 0
6138 497656929 17 0
5645 497662574 17 0
5652 497668226 13 0
11829 497680055 39 0
6138 497686193 15 0
5622 497691815 17 0
5657 497697472 18 0
11805 497709277 32 1
6128 497715405 28 0
5621 497721026 21 0
5658 497726684 11 0
11801 497738485 48 0
6137 497744622 24 0
5652 497750274 17 0
5658 497755932 8 0
11817 497767749 41 0
6151 497773900 15 0
5640 497779540 23 0
5658 497785198 12 0
11783 497796981 43 0
6138 497803119 26 0
5658 497808777 12 0
5658 497814435 14 0
11844 497826279 27 0
6138 497832417 16 0
5652 497838069 10 0
7040 497845109 40 1
11818 497856927 31 0
6142 497863069 30 0
5658 497868727 12 0
5652 497874379 10 0
11818 497886197 24 1
6138 497892335 15 0
5658 497897993 8 0
5657 497903650 17 0
13020 497916670 100 0
6450 497923120 27 0
6373 497929493 13 0
6321 497935814 17 0
12697 497948511 47 0
6110 497954621 28 0
6129 497960750 23 0
6116 497966866 18 0
12234 497979100 51 0
6116 497985216 19 0
6116 497991332 18 0
6096 497997428 29 0
12227 498009655 37 0
6113 498015768 24 0
6115 498021883 26 0
6116 498027999 17 0
12183 498040182 49 0
6108 498046290 35 0
6116 498052406 19 0
6108 498058514 29 0
12226 498070740 34 0
6116 498076856 13 0
6109 498082965 24 0
5658 498088623 10 0
12208 498100831 43 0
6129 498106960 15 0
6098 498113058 21 0
5658 498118716 10 0
11782 498130498 38 0
6138 498136636 15 0
5658 498142294 10 0
5658 498147952 10 0
11822 498159774 32 0
6138 498165912 15 0
5640 498171552 16 0
5663 498177215 22 0
11821 498189036 37 0
6132 498195168 20 0
5652 498200820 14 0
5658 498206478 16 0
11825 498218303 52 0
6138 498224441 17 0
7037 498231478 32 0
5651 498237129 19 0
11811 498248940 38 0
6151 498255091 16 0
5644 498260735 21 0
5658 498266393 24 0
11812 498278205 35 0
6145 498284350 19 0
5658 498290008 12 0
5658 498295666 12 0
11830 498307496 32 0
6138 498313634 16 0
5636 498319270 21 0
5658 498324928 9 0
11811 498336739 30 0
6125 498342864 25 0
5658 498348522 11 0
5658 498354180 11 0
11776 498365956 39 0
6123 498372079 23 0
5645 498377724 18 0
5658 498383382 8 0
11798 498395180 34 0
6138 498401318 16 0
5658 498406976 27 0
5646 498412622 16 0
11808 498424430 52 0
6132 498430562 19 0
5633 498436195 20 0
5658 498441853 11 0
11817 498453670 32 0
6138 498459808 17 0
5652 498465460 10 0
5640 498471100 13 0
11805 498482905 41 0
6151 498489056 15 0
5640 498494696 15 0
5658 498500354 10 0
11815 498512169 38 0
6138 498518307 15 0
5637 498523944 23 0
5622 498529566 21 0
11803 498541369 38 0
6137 498547506 21 0
5633 498553139 18 0
5658 498558797 10 0
11792 498570589 40 0
6157 498576746 25 0
5658 498582404 12 0
5658 498588062 12 0
11788 498599850 38 0
7515 498607365 27 0
5640 498613005 16 0
5626 498618631 20 0
11825 498630456 29 0
6138 498636594 16 0
5658 498642252 13 0
5658 498647910 7 0
11794 498659704 22 0
6113 498665817 19 0
5625 498671442 21 0
5658 498677100 11 0
20868 498697968 350 11
6118 498704086 38 0
5658 498709744 9 0
5658 498715402 9 0
11806 498727208 27 0
6151 498733359 14 0
5646 498739005 14 0
5657 498744662 17 0
11803 498756465 35 0
6132 498762597 20 0
5660 498768257 23 0
5673 498773930 30 0
11816 498785746 36 0
6138 498791884 15 0
5627 498797511 18 0
5660 498803171 24 0
11818 498814989 22 0
6144 498821133 25 0
5657 498826790 19 0
5650 498832440 27 0
11805 498844245 43 0
6138 498850383 16 0
6102 498856485 25 0
5640 498862125 18 0
11788 498873913 43 0
6138 498880051 18 0
5651 498885702 21 0
5658 498891360 14 0
11799 498903159 36 0
6138 498909297 15 0
5652 498914949 15 0
5657 498920606 15 0
11838 498932444 51 0
6138 498938582 18 0
5658 498944240 12 0
5658 498949898 15 0
11804 498961702 41 0
6158 498967860 22 0
5626 498973486 24 0
5652 498979138 13 0
13187 498992325 61 0
6138 498998463 18 0
5657 499004120 20 0
5644 499009764 20 0
11800 499021564 35 0
6135 499027699 28 0
5651 499033350 22 0
5658 499039008 12 0
11811 499050819 26 0
6139 499056958 22 0
5658 499062616 13 0
5657 499068273 20 0
11818 499080091 20 0
6138 499086229 18 0
5673 499091902 28 0
11813 499103715 31 0
5657 499109372 21 0
6138 499115510 18 0
5658 499121168 24 0
11805 499132973 33 0
5650 499138623 15 0
6096 499144719 25 0
5642 499150361 22 0
11826 499162187 40 0
5666 499167853 25 0
6147 499174000 34 0
5648 499179648 23 0
11821 499191469 47 0
5632 499197101 22 0
6144 499203245 27 0
5646 499208891 12 0
11812 499220703 34 0
5656 499226359 23 0
6130 499232489 26 0
5658 499238147 10 0
11782 499249929 39 0
5650 499255579 27 0
6112 499261691 29 0
5630 499267321 22 0
11805 499279126 32 0
5661 499284787 30 0
6142 499290929 27 0
5651 499296580 19 0
11810 499308390 27 0
5658 499314048 15 0
6138 499320186 18 0
5658 499325844 12 0
11844 499337688 27 0
5652 499343340 14 0
6138 499349478 19 0
5639 499355117 16 0
13174 499368291 48 0
5652 499373943 15 0
6114 499380057 20 0
5658 499385715 11 0
11802 499397517 38 0
5658 499403175 17 0
6138 499409313 13 0
5648 499414961 22 0
11817 499426778 33 0
5656 499432434 12 1
14344 499446778 249 53
5637 499452415 32 0
11818 499464233 32 0
5661 499469894 32 0
6128 499476022 28 0
5651 499481673 17 0
11804 499493477 38 0
5658 499499135 10 0
6138 499505273 17 0
5651 499510924 18 0
11800 499522724 31 0
5667 499528391 21 0
6125 499534516 25 0
5658 499540174 11 0
11805 499551979 44 0
5644 499557623 18 0
6138 499563761 18 0
5658 499569419 11 0
12705 499582124 95 16
5658 499587782 11 0
6138 499593920 15 0
5650 499599570 23 0
11799 499611369 33 0
5651 499617020 23 0
6108 499623128 23 0
5649 499628777 25 0
11833 499640610 35 0
5658 499646268 11 0
6125 499652393 24 0
5657 499658050 12 0
11817 499669867 30 0
5649 499675516 21 0
122443 499797959 4394 1259
785569 500583528 11303 1396
13347 500596875 103 0
11879 500608754 386 41
6668 500615422 32 0
6716 500622138 32 0
14688 500636826 188 9
6596 500643422 30 0
7495 500650917 98 12
854038 854038 19002 548
5703873 6557911 85019 8300
16438553 22996464 35462 7169
19316337 42312801 20322 5126
18850430 61163231 20969 5104
19636262 80799493 17742 5246
19384349 100183842 18990 5041
18769567 118953409 24649 6635
18966519 137919928 19146 5050
19586932 157506860 18601 5049
19147752 176654612 18604 5090
19495560 196150172 19238 5024
19620294 215770466 18511 5228
19511107 235281573 19225 5222
18820139 254101712 26151 5011
19528433 273630145 19550 5093
18870766 292500911 19119 5020
19359802 311860713 18837 4827
19148723 331009436 20588 5124
19620346 350629782 20016 5114
19541248 370171030 19447 5113
19680925 389851955 18810 5276
19649820 409501775 18778 5269
19572963 429074738 19419 5148
19617075 448691813 18912 5116
19661747 468353560 18162 5235
17492283 485845843 28505 4267
10139410 495985253 18264 126
440402 496425655 2944 305
5657 496431312 40 0
6138 496437450 21 0
11766 496449216 37 0
5645 496454861 16 0
5658 496460519 8 0
6173 496466692 15 0
11796 496478488 22 0
5656 496484144 21 0
5658 496489802 9 0
6160 496495962 19 0
11786 496507748 38 0
5661 496513409 20 0
5658 496519067 10 0
6160 496525227 17 0
11757 496536984 44 0
5632 496542616 20 0
5658 496548274 17 0
6140 496554414 24 0
11759 496566173 35 0
5658 496571831 11 0
5652 496577483 16 0
6142 496583625 22 0
11801 496595426 28 0
5636 496601062 20 0
5658 496606720 13 0
7537 496614257 91 0
11766 496626023 32 0
5658 496631681 9 0
5644 496637325 17 0
6173 496643498 15 0
11796 496655294 22 0
5640 496660934 19 0
5657 496666591 20 0
11818 496678409 27 0
6133 496684542 23 0
5631 496690173 18 0
5657 496695830 21 0
11840 496707670 44 0
6138 496713808 14 0
5638 496719446 17 0
5646 496725092 16 0
11811 496736903 31 1
6151 496743054 21 0
5658 496748712 13 0
5663 496754375 13 0
11818 496766193 35 0
6138 496772331 14 0
5652 496777983 15 0
5658 496783641 10 0
11831 496795472 25 0
6138 496801610 17 0
5657 496807267 14 0
5658 496812925 11 0
11815 496824740 37 0
6151 496830891 17 0
5658 496836549 9 0
5651 496842200 22 0
11823 496854023 30 0
6138 496860161 17 0
5646 496865807 16 0
5658 496871465 9 0
11823 496883288 37 0
6132 496889420 21 0
5658 496895078 12 0
5658 496900736 11 0
11804 496912540 41 0
6126 496918666 20 0
5652 496924318 19 0
5658 496929976 10 0
11813 496941789 49 0
6665 496948454 61 0
6333 496954787 25 0
5624 496960411 22 0
13013 496973424 40 0
6578 496980002 30 0
6103 496986105 29 0
7027 496993132 36 0
12230 497005362 32 0
6112 497011474 30 0
6113 497017587 32 0
6116 497023703 23 0
12229 497035932 42 0
6116 497042048 22 0
6094 497048142 25 0
6092 497054234 25 0
11778 497066012 28 0
5658 497071670 14 0
6152 497077822 25 0
5650 497083472 26 0
12236 497095708 32 0
6104 497101812 33 0
6098 497107910 19 0
6115 497114025 26 0
11778 497125803 41 0
6138 497131941 18 0
6116 497138057 15 0
5646 497143703 14 0
11784 497155487 25 0
6138 497161625 14 0
5634 497167259 15 0
5645 497172904 17 0
11824 497184728 28 0
6132 497190860 18 0
5629 497196489 16 0
5652 497202141 14 0
11817 497213958 34 0
6151 497220109 18 0
5637 497225746 23 0
5658 497231404 8 0
11782 497243186 38 0
6120 497249306 19 0
5616 497254922 21 0
5621 497260543 17 0
11803 497272346 33 0
6126 497278472 27 0
5652 497284124 16 0
5658 497289782 12 0
11806 497301588 26 0
6151 497307739 19 0
5646 497313385 13 0
5655 497319040 27 0
11814 497330854 38 0
6138 497336992 18 0
5663 497342655 25 0
5644 497348299 27 0
11831 497360130 25 0
6111 497366241 25 0
7035 497373276 25 0
5658 497378934 10 0
11800 497390734 23 0
6138 497396872 16 0
5645 497402517 16 0
5658 497408175 10 0
11831 497420006 42 0
6133 497426139 18 0
5652 497431791 22 0
5626 497437417 23 0
11805 497449222 37 0
6164 497455386 10 0
5643 497461029 24 0
5658 497466687 10 0
11780 497478467 35 0
6138 497484605 15 0
5658 497490263 10 0
5658 497495921 9 0
11780 497507701 35 0
6120 497513821 21 0
5632 497519453 21 0
5658 497525111 6 0
11778 497536889 40 0
6151 497543040 14 0
5616 497548656 17 0
5658 497554314 13 0
11800 497566114 27 0
6138 497572252 13 0
5647 497577899 24 0
5651 497583550 17 0
11831 497595381 24 0
6138 497601519 16 0
5646 497607165 14 0
5673 497612838 28 0
11812 497624650 23 0
6101 497630751 27 0
5657 497636408 17 0
5661 497642069 25 0
11818 497653887 39 0
6138 497660025 15 0
5634 497665659 21 0
5658 497671317 9 0
11817 497683134 34 0
6151 497689285 15 0
5658 497694943 10 0
5658 497700601 10 0
11818 497712419 18 0
6126 497718545 16 0
5661 497724206 18 0
5658 497729864 14 0
11817 497741681 46 0
7515 497749196 27 0
5658 497754854 9 0
5645 497760499 14 0
11811 497772310 34 0
6123 497778433 28 0
5634 497784067 20 0
5652 497789719 14 0
11818 497801537 22 0
6090 497807627 22 0
5645 497813272 20 0
5651 497818923 30 0
20945 497839868 369 4
6138 497846006 24 0
5656 497851662 21 0
5660 497857322 30 0
11793 497869115 39 0
6138 497875253 17 0
6115 497881368 31 0
5643 497887011 53 7
11795 497898806 28 0
6138 497904944 20 0
5658 497910602 11 0
5658 497916260 14 0
11805 497928065 32 0
6144 497934209 17 0
5658 497939867 11 0
5658 497945525 13 0
11811 497957336 24 0
6138 497963474 14 0
5658 497969132 12 0
5658 497974790 9 0
11831 497986621 23 0
6114 497992735 20 0
5658 497998393 13 0
5658 498004051 12 0
11812 498015863 24 0
7039 498022902 78 23
5658 498028560 12 0
5658 498034218 12 0
11786 498046004 32 0
6132 498052136 17 0
5652 498057788 17 0
5658 498063446 12 0
11819 498075265 26 0
6138 498081403 14 0
5658 498087061 12 0
5658 498092719 9 0
11793 498104512 35 0
6138 498110650 15 0
5640 498116290 15 0
5658 498121948 12 0
13171 498135119 59 0
6132 498141251 22 0
5658 498146909 10 0
5658 498152567 9 0
11790 498164357 34 0
6140 498170497 25 0
5652 498176149 15 0
5658 498181807 12 0
11800 498193607 39 0
6113 498199720 23 0
5657 498205377 14 0
13465 498218842 204 32
11831 498230673 47 0
6132 498236805 16 0
5640 498242445 16 0
5658 498248103 9 0
11812 498259915 24 0
6132 498266047 22 0
5647 498271694 15 0
5657 498277351 14 0
11797 498289148 37 0
6131 498295279 20 0
5658 498300937 14 0
5652 498306589 17 0
11789 498318378 37 0
6138 498324516 21 0
5658 498330174 11 0
5658 498335832 13 0
11818 498347650 22 0
6138 498353788 19 0
5652 498359440 13 0
5658 498365098 13 0
11831 498376929 20 0
6138 498383067 17 0
5658 498388725 11 0
5658 498394383 12 0
11817 498406200 32 0
6133 498412333 19 0
5658 498417991 13 0
5651 498423642 14 0
11818 498435460 24 0
6138 498441598 18 0
5658 498447256 17 0
5651 498452907 17 0
11819 498464726 29 0
6132 498470858 16 0
5652 498476510 12 0
5658 498482168 11 0
11782 498493950 30 0
6139 498500089 21 0
5658 498505747 14 0
7022 498512769 35 0
11805 498524574 34 0
6132 498530706 19 0
5652 498536358 16 0
5658 498542016 11 0
11806 498553822 38 0
6132 498559954 22 0
5658 498565612 13 0
5651 498571263 15 0
11817 498583080 20 0
6132 498589212 19 0
5640 498594852 10 0
5658 498600510 14 0
11838 498612348 22 0
6138 498618486 16 0
5658 498624144 12 0
5639 498629783 14 0
11800 498641583 26 0
6151 498647734 16 0
5646 498653380 14 0
5658 498659038 12 0
11818 498670856 18 0
6138 498676994 19 0
5658 498682652 12 0
5651 498688303 17 0
15158 498703461 208 1
917645 499621106 14731 2627
8104 499629210 748 2
13410 499642620 66 2
6662 499649282 27 0
12282 499661564 363 45
6392 499667956 41 0
13389 499681345 53 0
8257 499689602 132 4
2074272 2074272 45387 1497
7285557 9359829 79036 10541
19214081 28573910 20471 5060
18932584 47506494 22608 5262
19308785 66815279 17995 4853
19568191 86383470 18255 5226
18742113 105125583 24691 6668
18782433 123908016 19210 4877
19229942 143137958 18823 5097
19749467 162887425 18626 5030
19472467 182359892 21493 5092
19449766 201809658 18550 5152
19546778 221356436 18737 5173
19307213 240663649 18873 5169
18480315 259143964 25916 4838
19097017 278240981 18463 4952
19280903 297521884 19533 5075
19704412 317226296 19412 4968
19658923 336885219 20249 5316
19545633 356430852 19722 5106
19625893 376056745 19274 5134
19675054 395731799 19043 5180
19692881 415424680 19694 5287
19634359 435059039 18965 4975
19599176 454658215 19735 5098
19658583 474316798 19450 5262
16212204 490529002 31852 2745
5852253 496381255 11457 366
6132 496387387 335 1
5652 496393039 27 0
20845 496413884 343 11
6132 496420016 30 0
5658 496425674 11 0
5645 496431319 16 0
11818 496443137 24 0
6177 496449314 15 0
5645 496454959 19 0
5634 496460593 11 0
11818 496472411 28 0
6138 496478549 13 0
5621 496484170 19 0
5658 496489828 9 0
11831 496501659 28 0
6138 496507797 15 0
5621 496513418 17 0
5653 496519071 33 0
11805 496530876 41 0
6120 496536996 17 0
5659 496542655 29 0
5658 496548313 11 0
11827 496560140 48 0
6124 496566264 27 0
5658 496571922 11 0
5658 496577580 11 0
11808 496589388 40 0
6151 496595539 14 0
5658 496601197 11 0
5657 496606854 20 0
11817 496618671 25 0
6138 496624809 16 0
7048 496631857 110 5
5657 496637514 21 0
11818 496649332 23 0
6138 496655470 17 0
5658 496661128 9 0
5645 496666773 18 0
11806 496678579 27 0
6132 496684711 24 0
5657 496690368 20 0
11812 496702180 26 0
5646 496707826 15 0
6139 496713965 21 0
6110 496720075 20 0
11801 496731876 40 0
5656 496737532 23 0
6132 496743664 25 0
5646 496749310 18 0
11812 496761122 27 0
5639 496766761 23 0
6138 496772899 24 1
5658 496778557 11 1
11831 496790388 24 0
5658 496796046 13 0
6113 496802159 22 0
5658 496807817 13 0
11818 496819635 33 0
5646 496825281 20 0
6164 496831445 17 0
5652 496837097 16 0
11818 496848915 29 0
5627 496854542 23 0
6138 496860680 18 0
5658 496866338 15 0
11830 496878168 33 0
5658 496883826 19 0
6138 496889964 19 0
5658 496895622 14 0
11804 496907426 42 0
5646 496913072 23 0
6151 496919223 16 0
5652 496924875 16 0
12333 496937208 66 0
6321 496943529 26 0
6664 496950193 25 0
6602 496956795 21 0
12454 496969249 44 0
6110 496975359 24 0
6116 496981475 18 0
6116 496987591 17 0
12209 496999800 43 0
6110 497005910 20 0
7486 497013396 36 1
6129 497019525 19 0
12224 497031749 31 0
6102 497037851 29 0
6079 497043930 28 0
6116 497050046 21 0
12231 497062277 42 0
6091 497068368 29 0
5628 497073996 19 0
6116 497080112 16 0
12254 497092366 43 0
6108 497098474 25 0
6102 497104576 32 0
6116 497110692 22 0
11771 497122463 43 0
5658 497128121 12 0
6138 497134259 17 0
5652 497139911 16 0
11818 497151729 22 0
5645 497157374 26 0
6151 497163525 19 0
5650 497169175 25 0
11818 497180993 18 0
5652 497186645 15 0
6126 497192771 19 0
5645 497198416 23 0
11831 497210247 40 0
5658 497215905 11 0
6138 497222043 20 0
5646 497227689 12 0
11799 497239488 38 0
5658 497245146 13 0
6132 497251278 27 0
5646 497256924 17 0
11811 497268735 38 0
5658 497274393 9 0
6131 497280524 20 0
5646 497286170 19 0
11811 497297981 27 0
5658 497303639 9 0
7008 497310647 94 19
5640 497316287 32 0
11804 497328091 36 0
5674 497333765 23 0
6128 497339893 29 0
5658 497345551 13 0
11826 497357377 38 0
5651 497363028 13 0
6138 497369166 16 0
5649 497374815 21 0
11818 497386633 19 0
7023 497393656 34 0
6145 497399801 21 0
5652 497405453 17 0
11794 497417247 34 0
5658 497422905 13 0
6138 497429043 15 0
5658 497434701 12 0
11828 497446529 41 0
5658 497452187 14 0
6145 497458332 13 0
5643 497463975 22 0
11808 497475783 35 0
5658 497481441 10 0
6138 497487579 18 0
5679 497493258 32 0
11818 497505076 34 0
5652 497510728 10 0
6138 497516866 18 0
5656 497522522 21 0
11812 497534334 28 0
5656 497539990 28 0
6131 497546121 27 0
5610 497551731 19 0
11780 497563511 31 0
5652 497569163 10 0
6138 497575301 16 0
5658 497580959 12 0
11814 497592773 31 0
5657 497598430 18 0
6118 497604548 24 0
5658 497610206 9 0
11800 497622006 24 0
5658 497627664 9 0
6131 497633795 27 0
5651 497639446 18 0
11806 497651252 30 0
5652 497656904 13 0
6106 497663010 28 0
5658 497668668 13 0
11805 497680473 32 0
5658 497686131 10 0
6138 497692269 15 0
5651 497697920 14 0
11812 497709732 34 0
5658 497715390 10 0
6138 497721528 16 0
5661 497727189 22 0
11823 497739012 31 0
5658 497744670 14 0
6138 497750808 20 0
5646 497756454 23 0
13163 497769617 52 0
5628 497775245 20 0
6109 497781354 25 0
5644 497786998 22 0
11818 497798816 25 0
5658 497804474 13 0
6138 497810612 20 0
5645 497816257 16 0
11806 497828063 33 0
5658 497833721 11 0
6102 497839823 23 0
5632 497845455 24 0
11796 497857251 51 0
5651 497862902 23 0
6151 497869053 17 0
5652 497874705 15 0
11818 497886523 23 0
5651 497892174 22 0
6095 497898269 26 0
5640 497903909 17 0
11824 497915733 33 0
5645 497921378 20 0
6138 497927516 18 0
5631 497933147 26 0
11695 497944842 38 0
5658 497950500 18 0
6137 497956637 26 0
5644 497962281 24 0
11833 497974114 40 0
5655 497979769 31 0
6096 497985865 28 0
5658 497991523 12 0
11781 498003304 36 0
5661 498008965 27 0
6131 498015096 30 0
5646 498020742 16 0
11818 498032560 23 0
5632 498038192 26 0
6138 498044330 20 0
5621 498049951 23 0
11806 498061757 40 0
5645 498067402 20 0
6138 498073540 17 0
5641 498079181 23 0
11818 498090999 28 0
5658 498096657 14 0
6145 498102802 19 0
5658 498108460 12 0
11817 498120277 33 0
5661 498125938 29 0
6123 498132061 26 0
5658 498137719 16 0
13202 498150921 42 0
5658 498156579 12 0
6125 498162704 29 0
5658 498168362 12 0
11787 498180149 33 0
5658 498185807 21 0
6145 498191952 19 0
5658 498197610 11 0
11831 498209441 32 0
5644 498215085 27 0
6114 498221199 23 0
5658 498226857 16 0
11827 498238684 40 0
5663 498244347 19 0
6127 498250474 21 0
5640 498256114 16 0
11780 498267894 38 0
5658 498273552 12 0
6138 498279690 16 0
5654 498285344 24 0
11813 498297157 28 0
5658 498302815 12 0
6129 498308944 28 0
6116 498315060 17 0
12997 498328057 39 0
6373 498334430 19 0
6650 498341080 19 0
6367 498347447 19 0
12896 498360343 44 0
5668 498366011 22 0
6138 498372149 18 0
5658 498377807 14 0
11812 498389619 29 0
5652 498395271 12 0
6114 498401385 22 0
5658 498407043 13 0
11794 498418837 30 0
5652 498424489 17 0
6096 498430585 20 0
5652 498436237 17 0
11803 498448040 43 0
5652 498453692 13 0
6138 498459830 18 0
5658 498465488 11 0
11799 498477287 27 0
5658 498482945 11 0
6142 498489087 30 0
5658 498494745 14 0
11793 498506538 31 0
5658 498512196 11 0
6125 498518321 22 0
7035 498525356 23 0
11819 498537175 24 0
5644 498542819 24 0
6107 498548926 24 0
5626 498554552 21 0
11799 498566351 31 0
5658 498572009 14 0
6151 498578160 15 0
5658 498583818 9 0
11794 498595612 31 0
5658 498601270 16 0
6138 498607408 17 0
5658 498613066 10 0
11799 498624865 35 0
5658 498630523 9 0
6132 498636655 23 0
5658 498642313 12 0
11818 498654131 20 0
5658 498659789 9 0
6138 498665927 15 0
5648 498671575 22 0
121883 498793458 4432 1238
804075 499597533 11405 1379
6876 499604409 61 0
6705 499611114 40 0
18266 499629380 424 34
6157 499635537 42 0
6689 499642226 33 0
6694 499648920 23 0
14607 499663527 162 4
3413878 3413878 67481 2149
10809012 14222890 62058 10962
19461064 33683954 18928 5164
13044783 46728737 17676 3437
19233085 65961822 18097 5012
19621173 85582995 17930 5301
18391037 103974032 24023 6747
19019255 122993287 19065 4931
19442395 142435682 18558 5103
19585570 162021252 21263 5162
19671447 181692699 18895 5092
19386488 201079187 19411 5227
19648306 220727493 18587 5195
18996143 239723636 19791 5102
18773034 258496670 23969 4900
18897236 277393906 19386 5036
19513549 296907455 18876 5175
19625307 316532762 18468 5115
19637082 336169844 18620 5278
19632254 355802098 19279 5191
19499995 375302093 19063 5041
19744211 395046304 18444 5195
19669180 414715484 18647 5298
19599317 434314801 19705 5191
19659836 453974637 18526 5095
19563350 473537987 19246 5324
17312553 490850540 32851 3149
6416717 497267257 11562 376
6148 497273405 321 5
6110 497279515 36 0
11310 497290825 23 0
6160 497296985 18 0
5658 497302643 13 0
6151 497308794 17 0
11316 497320110 14 0
6160 497326270 19 0
5658 497331928 13 0
6138 497338066 18 0
11316 497349382 17 0
6173 497355555 20 0
5658 497361213 11 0
6138 497367351 16 0
11316 497378667 16 0
6160 497384827 20 0
5658 497390485 13 0
6151 497396636 16 0
11316 497407952 17 0
6154 497414106 16 0
5658 497419764 9 0
6138 497425902 16 0
11316 497437218 15 0
7072 497444290 95 15
5658 497449948 15 0
6138 497456086 16 0
11316 497467402 16 0
6159 497473561 20 0
5658 497479219 12 0
6138 497485357 17 0
11316 497496673 17 0
6172 497502845 22 0
7035 497509880 87 1
6138 497516018 17 0
11316 497527334 17 1
6160 497533494 24 0
5658 497539152 12 0
6151 497545303 16 0
11316 497556619 18 0
6159 497562778 18 0
5658 497568436 11 0
6138 497574574 17 0
11316 497585890 22 0
6173 497592063 19 0
5658 497597721 13 0
6145 497603866 18 0
11316 497615182 19 0
6159 497621341 20 0
5658 497626999 13 0
6151 497633150 17 0
11316 497644466 19 0
6160 497650626 21 0
5658 497656284 12 0
6138 497662422 17 0
11316 497673738 20 0
6173 497679911 20 0
5658 497685569 14 0
6138 497691707 18 0
11316 497703023 17 0
6154 497709177 19 0
5658 497714835 12 0
6138 497720973 17 0
11316 497732289 19 0
6179 497738468 21 0
5658 497744126 11 0
6142 497750268 28 0
11316 497761584 18 0
6160 497767744 21 0
5658 497773402 13 0
6151 497779553 17 0
11316 497790869 20 0
6687 497797556 64 0
6333 497803889 31 0
6664 497810553 24 0
12911 497823464 38 0
6163 497829627 24 0
6115 497835742 20 0
6116 497841858 20 0
12230 497854088 40 0
6116 497860204 20 0
6115 497866319 22 0
6122 497872441 18 0
12226 497884667 38 0
7493 497892160 35 1
6116 497898276 20 0
6116 497904392 21 0
12381 497916773 46 0
5658 497922431 12 0
6151 497928582 20 0
6114 497934696 20 0
12231 497946927 38 0
6104 497953031 24 0
6116 497959147 22 0
6116 497965263 20 0
11786 497977049 26 0
6136 497983185 23 0
6116 497989301 19 0
6110 497995411 19 0
11768 498007179 29 0
6137 498013316 25 0
5656 498018972 15 1
14774 498033746 327 119
11316 498045062 31 0
6160 498051222 22 0
5658 498056880 12 0
6138 498063018 17 0
11316 498074334 18 0
6173 498080507 16 0
5658 498086165 12 0
6138 498092303 20 0
11316 498103619 21 0
6159 498109778 20 0
5658 498115436 14 0
6151 498121587 18 0
11316 498132903 18 0
6159 498139062 20 0
5658 498144720 12 0
6138 498150858 18 0
11316 498162174 21 0
6173 498168347 19 0
5658 498174005 12 0
6138 498180143 17 0
11316 498191459 18 0
6159 498197618 18 0
5658 498203276 13 0
6138 498209414 17 0
11316 498220730 23 0
6185 498226915 21 0
5658 498232573 14 0
6138 498238711 18 0
11316 498250027 18 0
6160 498256187 17 0
5658 498261845 13 0
6151 498267996 19 0
12693 498280689 34 0
6160 498286849 19 0
5658 498292507 12 0
6138 498298645 17 0
11316 498309961 19 0
6173 498316134 21 0
5658 498321792 11 0
6137 498327929 19 0
11316 498339245 20 0
6154 498345399 17 0
5658 498351057 13 0
6158 498357215 17 0
11316 498368531 17 0
6160 498374691 23 0
5658 498380349 12 0
6126 498386475 19 0
11316 498397791 20 0
6166 498403957 19 0
5658 498409615 11 0
6138 498415753 15 0
11316 498427069 20 0
6160 498433229 17 0
5658 498438887 11 0
6138 498445025 18 0
11316 498456341 17 0
6167 498462508 18 0
5658 498468166 12 0
6137 498474303 19 0
11316 498485619 21 0
6161 498491780 21 0
5658 498497438 12 0
6151 498503589 22 0
11316 498514905 22 0
6159 498521064 20 0
5658 498526722 13 0
6132 498532854 19 0
11316 498544170 20 0
6173 498550343 16 0
5658 498556001 14 0
6138 498562139 18 0
11316 498573455 19 0
6160 498579615 18 0
5658 498585273 13 0
6164 498591437 15 0
11316 498602753 22 0
6160 498608913 21 0
5658 498614571 13 0
6138 498620709 17 0
11316 498632025 19 0
6172 498638197 23 0
5658 498643855 13 0
6137 498649992 19 0
12693 498662685 35 0
6159 498668844 18 0
5658 498674502 14 0
6132 498680634 20 0
11316 498691950 20 0
6179 498698129 26 0
5658 498703787 13 0
6138 498709925 19 0
11316 498721241 22 0
6160 498727401 21 0
5658 498733059 14 0
6152 498739211 21 0
12174 498751385 26 0
6137 498757522 21 0
5658 498763180 11 0
6138 498769318 15 0
11316 498780634 17 0
15233 498795867 255 4
5658 498801525 25 0
6137 498807662 23 0
11316 498818978 21 0
6159 498825137 19 0
5658 498830795 13 0
6151 498836946 17 0
11316 498848262 20 0
6160 498854422 22 0
5658 498860080 12 0
6138 498866218 16 0
11316 498877534 18 0
6172 498883706 21 0
5658 498889364 13 0
6138 498895502 18 0
11316 498906818 20 0
6153 498912971 18 0
5658 498918629 12 0
6137 498924766 22 0
11316 498936082 17 0
6173 498942255 19 0
5658 498947913 12 0
6137 498954050 19 0
11316 498965366 21 0
6160 498971526 21 0
5658 498977184 14 0
6171 498983355 22 0
11773 498995128 31 0
6143 499001271 23 0
5658 499006929 13 0
6132 499013061 21 0
11309 499024370 27 0
6172 499030542 21 0
5658 499036200 13 0
7509 499043709 36 0
11316 499055025 20 0
6159 499061184 21 0
5658 499066842 13 0
6151 499072993 19 0
11316 499084309 20 0
6160 499090469 17 0
5658 499096127 12 0
6145 499102272 15 0
11316 499113588 16 0
6167 499119755 18 0
5658 499125413 11 0
6132 499131545 19 0
11316 499142861 23 0
6160 499149021 21 0
5658 499154679 13 0
6138 499160817 17 0
11316 499172133 18 0
6172 499178305 15 0
5658 499183963 12 0
6138 499190101 17 0
11316 499201417 18 0
6160 499207577 21 0
5658 499213235 13 0
6151 499219386 15 0
11316 499230702 14 0
6154 499236856 20 0
5658 499242514 11 0
11790 499254304 30 0
5658 499259962 11 0
6173 499266135 20 0
5658 499271793 11 0
11802 499283595 28 0
5658 499289253 14 0
6160 499295413 19 0
5658 499301071 12 0
11809 499312880 23 0
5658 499318538 11 0
6148 499324686 18 0
5658 499330344 13 0
11796 499342140 23 0
5658 499347798 14 0
6186 499353984 21 0
5658 499359642 12 0
11796 499371438 26 0
5658 499377096 11 0
6159 499383255 19 0
5658 499388913 12 0
11796 499400709 24 0
5658 499406367 13 0
6173 499412540 22 0
7035 499419575 37 0
11795 499431370 27 0
5658 499437028 13 0
6148 499443176 18 0
5658 499448834 12 0
11809 499460643 24 0
5658 499466301 14 0
6160 499472461 28 0
5658 499478119 12 0
11801 499489920 27 0
5658 499495578 11 0
6172 499501750 16 0
5658 499507408 11 0
11796 499519204 23 0
5658 499524862 11 0
6160 499531022 19 0
5658 499536680 13 0
11809 499548489 29 0
5658 499554147 12 0
120316 499674463 4279 1302
798516 500472979 11476 1343
13141 500486120 63 3
6684 500492804 27 0
12121 500504925 392 33
6681 500511606 37 0
13248 500524854 42 0
8257 500533111 152 17
6624 500539735 31 0
411604 411604 8675 338
4871185 5282789 89770 5308
15781853 21064642 40379 10048
19080409 40145051 18009 5044
19079707 59224758 22313 5281
19583672 78808430 17290 5241
19476187 98284617 18178 5188
18667828 116952445 23695 6684
19179747 136132192 18566 5114
19053155 155185347 18012 5003
19629866 174815213 20332 5160
19487914 194303127 18208 5091
19551816 213854943 18847 5224
19385192 233240135 18531 5170
19501032 252741167 19952 5156
18252466 270993633 23452 4790
19406409 290400042 18823 5156
19060867 309460909 18865 5051
19649715 329110624 19244 5155
19679382 348790006 18949 5263
19568827 368358833 18413 5097
19751389 388110222 18641 5222
19549639 407659861 19380 5216
19681988 427341849 18769 5225
19649064 446990913 18287 5087
19550565 466541478 18902 5204
18097141 484638619 30866 4678
10541697 495180316 15874 123
1220508 496400824 4279 323
6084 496406908 38 0
11789 496418697 40 0
5652 496424349 16 0
5658 496430007 8 0
6160 496436167 15 0
11778 496447945 28 0
5649 496453594 23 0
5657 496459251 20 0
15235 496474486 285 8
11748 496486234 48 0
5658 496491892 15 0
5656 496497548 14 0
6160 496503708 17 0
11769 496515477 39 0
5651 496521128 17 0
5632 496526760 21 0
6173 496532933 14 0
11787 496544720 43 0
5636 496550356 21 0
5658 496556014 10 0
6142 496562156 19 0
11782 496573938 37 0
5658 496579596 14 0
5646 496585242 22 0
6136 496591378 24 0
11778 496603156 37 0
5634 496608790 18 0
5640 496614430 15 0
6125 496620555 22 0
11784 496632339 32 0
5658 496637997 13 0
5652 496643649 14 0
6155 496649804 29 0
11794 496661598 40 0
5645 496667243 19 0
5658 496672901 9 0
6160 496679061 19 0
11770 496690831 49 0
5658 496696489 15 0
5658 496702147 14 0
6155 496708302 18 0
13131 496721433 116 2
5628 496727061 20 0
5662 496732723 31 0
6122 496738845 28 0
11792 496750637 43 0
5644 496756281 24 0
5658 496761939 13 0
6193 496768132 23 0
11781 496779913 33 0
5658 496785571 12 0
5658 496791229 11 0
6153 496797382 27 0
11802 496809184 29 0
5627 496814811 21 0
5658 496820469 12 0
6156 496826625 28 0
11796 496838421 26 0
5658 496844079 12 0
5657 496849736 26 0
6173 496855909 16 0
11787 496867696 41 0
5616 496873312 20 0
5658 496878970 11 0
6160 496885130 18 0
11790 496896920 36 0
5658 496902578 15 0
5651 496908229 14 0
6160 496914389 16 0
12305 496926694 87 0
6333 496933027 36 0
5649 496938676 17 0
6699 496945375 22 0
12921 496958296 42 0
6116 496964412 16 0
5658 496970070 10 0
6130 496976200 22 0
12224 496988424 38 0
6122 496994546 23 0
6090 497000636 26 0
6116 497006752 19 0
12205 497018957 34 0
6116 497025073 33 0
6111 497031184 32 0
6116 497037300 18 0
12245 497049545 27 0
6116 497055661 17 0
6114 497061775 28 0
6092 497067867 23 0
12232 497080099 30 0
6116 497086215 18 0
6114 497092329 29 0
7493 497099822 33 0
12194 497112016 35 0
6080 497118096 24 0
5653 497123749 16 0
6114 497129863 20 0
11792 497141655 41 0
5658 497147313 11 0
5658 497152971 9 0
6151 497159122 30 0
11759 497170881 32 0
5646 497176527 16 0
5658 497182185 8 0
6159 497188344 24 0
11783 497200127 37 0
5627 497205754 22 0
5658 497211412 7 0
6160 497217572 15 0
11790 497229362 42 0
5646 497235008 24 0
5634 497240642 17 0
6172 497246814 26 0
11778 497258592 34 0
5652 497264244 15 0
5658 497269902 9 0
6134 497276036 26 0
11789 497287825 36 0
5651 497293476 13 0
5652 497299128 12 0
6141 497305269 24 0
11778 497317047 30 0
5658 497322705 11 0
5658 497328363 8 0
6171 497334534 23 0
11780 497346314 38 0
5626 497351940 20 0
5658 497357598 8 0
6160 497363758 13 0
11783 497375541 29 0
5658 497381199 9 0
5658 497386857 8 0
6153 497393010 28 0
11796 497404806 19 0
5639 497410445 15 0
5651 497416096 14 0
11831 497427927 24 0
6138 497434065 17 0
5658 497439723 10 0
5658 497445381 9 0
11782 497457163 30 0
6138 497463301 20 0
5634 497468935 17 0
7028 497475963 45 0
11813 497487776 28 0
6138 497493914 16 0
5658 497499572 12 0
5657 497505229 17 0
11817 497517046 40 0
6164 497523210 14 0
5652 497528862 13 0
5658 497534520 8 0
11820 497546340 36 0
6133 497552473 23 0
5658 497558131 10 0
5645 497563776 18 0
11845 497575621 36 0
6138 497581759 15 0
5658 497587417 9 0
5658 497593075 10 0
11815 497604890 39 0
6145 497611035 19 0
5652 497616687 14 0
5633 497622320 21 0
11775 497634095 37 0
6138 497640233 16 0
5651 497645884 22 0
5658 497651542 10 0
11806 497663348 31 0
6134 497669482 34 0
5658 497675140 13 0
5658 497680798 16 0
11820 497692618 43 0
6138 497698756 17 0
5626 497704382 21 0
5658 497710040 12 0
11783 497721823 33 0
6138 497727961 17 0
5658 497733619 14 0
5658 497739277 11 0
11815 497751092 47 0
6151 497757243 17 0
5626 497762869 25 0
5657 497768526 20 0
11799 497780325 31 0
6112 497786437 29 0
5658 497792095 13 0
5651 497797746 21 0
11831 497809577 31 0
6142 497815719 31 0
5632 497821351 21 0
5658 497827009 13 0
11817 497838826 35 0
6151 497844977 17 0
7017 497851994 32 0
5658 497857652 11 0
11819 497869471 47 0
6138 497875609 17 0
5658 497881267 14 0
5658 497886925 8 0
11820 497898745 37 0
6132 497904877 14 0
5632 497910509 20 0
5658 497916167 10 0
11811 497927978 42 0
6138 497934116 14 0
5639 497939755 19 0
5658 497945413 11 0
11828 497957241 39 0
6138 497963379 17 0
5646 497969025 13 0
5646 497974671 12 0
11811 497986482 24 0
6145 497992627 16 0
5644 497998271 21 0
5646 498003917 12 0
11774 498015691 35 0
6142 498021833 35 0
5652 498027485 14 0
5658 498033143 14 0
11805 498044948 26 0
6138 498051086 15 0
5644 498056730 22 0
5658 498062388 8 0
11822 498074210 44 0
6151 498080361 20 0
5646 498086007 18 0
5634 498091641 12 0
11818 498103459 16 0
6138 498109597 14 0
5658 498115255 9 0
5655 498120910 18 0
11824 498132734 30 0
6125 498138859 18 0
5658 498144517 11 0
5658 498150175 10 0
11798 498161973 39 0
6138 498168111 19 0
5658 498173769 12 0
5640 498179409 14 0
11811 498191220 43 0
6128 498197348 29 0
5658 498203006 10 0
5658 498208664 9 0
11817 498220481 38 0
7528 498228009 30 0
5652 498233661 9 0
5657 498239318 16 0
11817 498251135 36 0
6138 498257273 16 0
5638 498262911 18 0
5652 498268563 19 0
11830 498280393 28 0
6145 498286538 13 0
5658 498292196 18 0
5652 498297848 13 0
11805 498309653 33 0
6151 498315804 15 0
5639 498321443 23 0
5646 498327089 16 0
11812 498338901 25 0
6132 498345033 14 0
5658 498350691 15 0
5658 498356349 11 0
11822 498368171 38 0
6138 498374309 16 0
5658 498379967 11 0
5658 498385625 14 0
11791 498397416 42 0
6138 498403554 16 0
5658 498409212 12 0
5652 498414864 13 0
11824 498426688 34 0
6053 498432741 25 0
5658 498438399 13 0
5658 498444057 11 0
11802 498455859 49 0
6151 498462010 15 0
5652 498467662 14 0
5628 498473290 17 0
11782 498485072 25 0
6130 498491202 20 0
5651 498496853 17 0
5652 498502505 12 0
11819 498514324 43 0
6138 498520462 20 0
5640 498526102 12 0
5667 498531769 19 0
11806 498543575 34 0
6151 498549726 17 0
5649 498555375 26 0
5652 498561027 17 0
11806 498572833 28 0
6138 498578971 18 0
5633 498584604 20 0
5658 498590262 8 0
13202 498603464 42 0
6132 498609596 18 0
5631 498615227 20 0
5651 498620878 21 0
11810 498632688 42 0
6132 498638820 16 0
5634 498644454 18 0
5658 498650112 10 0
11807 498661919 36 0
6126 498668045 19 0
8998 498677043 224 2
893671 499570714 14947 2548
13475 499584189 662 3
14631 499598820 321 120
6643 499605463 40 0
11856 499617319 377 33
13386 499630705 70 0
6662 499637367 25 0
8251 499645618 147 5
6324 499651942 34 0
