1026101 1026101 22467 737
6078080 7104181 85733 10037
17231983 24336164 31715 6640
19119636 43455800 23412 5789
18999210 62455010 18261 4977
19556304 82011314 18357 5336
19204177 101215491 20752 5652
18322386 119537877 22716 6541
19221382 138759259 18567 5202
19533783 158293042 18627 5087
19504182 177797224 21794 5429
19337745 197134969 18970 5148
19575862 216710831 18549 5282
19419752 236130583 19100 5246
18199681 254330264 25697 4888
19184409 273514673 20078 5189
19085072 292599745 19947 5117
19560364 312160109 19755 5195
19552209 331712318 20430 5251
19535417 351247735 19851 5261
19408125 370655860 20064 5168
19630798 390286658 19723 5297
19555917 409842575 20137 5218
19547861 429390436 19558 5231
19559477 448949913 19522 5157
19551859 468501772 19687 5233
17354208 485855980 29275 4193
10065397 495921377 17616 173
402591 496323968 2935 444
5658 496329626 23 0
11776 496341402 49 0
6145 496347547 15 0
5658 496353205 10 0
5658 496358863 7 0
11819 496370682 35 0
6114 496376796 21 0
5662 496382458 30 0
7035 496389493 87 7
11768 496401261 48 0
6151 496407412 12 0
5631 496413043 22 0
5656 496418699 20 0
11827 496430526 51 0
6120 496436646 23 0
5658 496442304 9 0
5658 496447962 15 0
11831 496459793 46 0
6138 496465931 16 0
5658 496471589 12 0
5658 496477247 7 0
11811 496489058 42 0
6137 496495195 21 0
5622 496500817 18 1
5658 496506475 10 0
11844 496518319 21 0
6138 496524457 19 0
5646 496530103 15 0
5656 496535759 26 0
11806 496547565 28 0
6138 496553703 21 0
5639 496559342 19 0
5657 496564999 17 0
11785 496576784 32 0
6114 496582898 22 0
5647 496588545 18 0
5656 496594201 15 0
11782 496605983 37 0
6096 496612079 21 0
5621 496617700 20 0
5657 496623357 13 0
11817 496635174 32 0
6151 496641325 16 0
6104 496647429 19 0
5658 496653087 10 0
11780 496664867 35 0
6138 496671005 18 0
5657 496676662 26 0
5658 496682320 20 0
11818 496694138 30 0
6132 496700270 21 0
5634 496705904 16 0
5646 496711550 19 0
11781 496723331 41 0
6126 496729457 23 0
5645 496735102 20 0
5650 496740752 21 0
20902 496761654 325 20
6138 496767792 23 0
7035 496774827 46 15
5658 496780485 13 0
11786 496792271 30 0
6151 496798422 16 0
5658 496804080 21 2
5662 496809742 23 0
11818 496821560 31 0
6138 496827698 16 0
5652 496833350 15 0
5658 496839008 13 0
11831 496850839 24 0
6131 496856970 24 0
6116 496863086 19 0
6374 496869460 63 0
12985 496882445 49 0
7310 496889755 80 1
6555 496896310 32 0
5658 496901968 15 0
12216 496914184 35 0
6109 496920293 37 0
6116 496926409 16 0
6116 496932525 20 0
12226 496944751 39 0
6110 496950861 22 0
6116 496956977 17 0
6106 496963083 30 0
12208 496975291 31 0
6108 496981399 28 0
6129 496987528 16 0
6096 496993624 25 0
12220 497005844 29 0
6116 497011960 18 0
6102 497018062 28 0
6116 497024178 19 0
12245 497036423 29 0
6098 497042521 33 0
6110 497048631 20 0
5632 497054263 22 0
12247 497066510 34 0
6104 497072614 24 0
6116 497078730 18 0
5652 497084382 17 0
11800 497096182 33 0
6139 497102321 18 0
5639 497107960 15 0
5654 497113614 26 0
11805 497125419 28 0
6143 497131562 25 0
5640 497137202 17 0
5651 497142853 13 0
11781 497154634 34 0
7515 497162149 32 0
5652 497167801 16 0
5663 497173464 17 0
11807 497185271 38 0
6137 497191408 19 0
5631 497197039 21 0
5657 497202696 18 0
11805 497214501 39 0
6138 497220639 17 0
5658 497226297 12 0
5655 497231952 19 0
11821 497243773 52 0
6138 497249911 18 0
5634 497255545 18 0
5658 497261203 9 0
11805 497273008 27 0
6164 497279172 25 0
5658 497284830 12 0
5658 497290488 12 0
11817 497302305 40 0
6124 497308429 31 0
5640 497314069 13 0
5658 497319727 9 0
11829 497331556 27 0
6155 497337711 25 0
5658 497343369 12 0
5658 497349027 11 0
11786 497360813 42 0
6141 497366954 30 0
5658 497372612 12 0
5658 497378270 13 0
11806 497390076 35 0
6132 497396208 22 0
5656 497401864 23 0
5658 497407522 11 0
11835 497419357 37 0
6138 497425495 19 0
5628 497431123 18 0
5652 497436775 14 0
11804 497448579 34 0
6137 497454716 37 0
5653 497460369 26 0
5652 497466021 24 0
11827 497477848 44 0
6138 497483986 17 0
5628 497489614 19 0
5658 497495272 11 0
11800 497507072 44 1
14339 497521411 267 91
5645 497527056 42 1
5658 497532714 11 0
13164 497545878 57 0
6102 497551980 23 0
5658 497557638 10 0
5658 497563296 9 0
11793 497575089 28 0
6132 497581221 22 0
5658 497586879 12 0
5658 497592537 21 0
11810 497604347 36 0
6151 497610498 18 0
5648 497616146 29 0
5645 497621791 14 0
11799 497633590 37 0
6138 497639728 16 0
5658 497645386 10 0
5656 497651042 25 0
11843 497662885 28 0
6138 497669023 12 0
5658 497674681 8 0
5633 497680314 20 0
11788 497692102 31 0
6138 497698240 15 0
5637 497703877 21 0
5657 497709534 13 0
11786 497721320 36 0
6138 497727458 15 0
5645 497733103 15 0
5657 497738760 14 0
11806 497750566 35 0
6145 497756711 19 0
5639 497762350 15 0
5658 497768008 9 0
12515 497780523 51 0
6617 497787140 26 0
6373 497793513 15 0
6321 497799834 21 0
12263 497812097 35 0
6118 497818215 27 0
5616 497823831 19 0
5652 497829483 13 0
11828 497841311 54 0
6158 497847469 18 0
5658 497853127 17 0
5658 497858785 11 0
11792 497870577 44 0
6126 497876703 24 0
5658 497882361 7 0
5658 497888019 11 0
11819 497899838 35 0
6114 497905952 18 0
5644 497911596 19 0
5643 497917239 25 0
13183 497930422 33 0
6138 497936560 14 0
5658 497942218 7 0
5658 497947876 10 0
11825 497959701 29 0
6112 497965813 30 0
5658 497971471 10 0
5658 497977129 11 0
11803 497988932 30 0
6151 497995083 14 0
5658 498000741 8 0
5634 498006375 14 0
11811 498018186 30 0
6100 498024286 27 0
5658 498029944 10 0
5627 498035571 17 0
11837 498047408 22 0
6138 498053546 17 0
5628 498059174 16 0
5658 498064832 10 0
11817 498076649 25 0
6145 498082794 21 0
5655 498088449 22 0
11818 498100267 20 0
5656 498105923 19 0
6138 498112061 16 0
5634 498117695 14 0
11831 498129526 18 0
5639 498135165 23 0
6138 498141303 13 0
5645 498146948 17 0
11821 498158769 37 0
5658 498164427 13 0
6130 498170557 27 0
5658 498176215 17 0
11824 498188039 26 0
5650 498193689 21 0
6117 498199806 29 0
5653 498205459 27 0
11818 498217277 18 0
5658 498222935 11 0
6151 498229086 15 0
5657 498234743 18 0
11800 498246543 46 0
5646 498252189 19 0
6125 498258314 21 0
5622 498263936 13 0
11831 498275767 30 0
5659 498281426 26 0
6131 498287557 23 0
5658 498293215 11 0
13186 498306401 45 0
5662 498312063 30 0
6139 498318202 16 0
5628 498323830 13 0
11823 498335653 32 0
5653 498341306 26 0
6126 498347432 23 0
5658 498353090 12 0
11831 498364921 18 0
5650 498370571 18 0
6138 498376709 18 0
5657 498382366 12 0
11806 498394172 27 0
5656 498399828 19 0
6122 498405950 29 0
5634 498411584 14 0
11837 498423421 37 0
5658 498429079 13 0
6125 498435204 34 0
5658 498440862 11 0
11818 498452680 32 0
5663 498458343 21 0
6140 498464483 33 0
5637 498470120 23 0
11803 498481923 39 0
5667 498487590 23 0
6138 498493728 19 0
5652 498499380 12 0
11831 498511211 19 0
5658 498516869 11 0
6132 498523001 17 0
5639 498528640 15 0
11799 498540439 30 0
5656 498546095 26 0
6145 498552240 22 0
5652 498557892 15 0
11818 498569710 20 0
5653 498575363 21 0
6124 498581487 29 0
5658 498587145 12 0
11837 498598982 32 0
5666 498604648 29 0
6121 498610769 30 0
5658 498616427 10 0
11818 498628245 25 0
5658 498633903 13 0
6138 498640041 18 0
5639 498645680 23 0
11808 498657488 42 0
5658 498663146 13 0
10854 498674000 177 5
907972 499581972 15383 3175
13358 499595330 104 0
11931 499607261 366 54
6667 499613928 37 0
6710 499620638 31 0
14930 499635568 162 9
6877 499642445 29 0
6648 499649093 31 0
6333 499655426 23 0
3759432 3759432 72497 2972
11223599 14983031 59763 11998
19423572 34406603 19212 5270
18038417 52445020 23653 5169
19388661 71833681 19856 5246
19441809 91275490 19972 5274
19299653 110575143 20294 5070
18751892 129327035 25273 6731
18916558 148243593 20829 5109
19137784 167381377 20719 5120
19393724 186775101 21682 5252
19361390 206136491 22888 5439
19468483 225604974 21022 5283
19288392 244893366 20835 5211
18784183 263677549 25828 5049
18774129 282451678 20168 5038
19503121 301954799 18810 5125
18929244 320884043 18454 5095
19528249 340412292 19590 5275
19625854 360038146 18573 5281
19593909 379632055 18711 5281
19582616 399214671 18680 5269
19596845 418811516 19065 5316
19641789 438453305 18268 5174
19543446 457996751 18604 5237
19606321 477603072 18661 5328
14154316 491757388 29956 1885
4691417 496448805 9688 455
5658 496454463 28 0
6130 496460593 35 0
11280 496471873 35 1
6170 496478043 25 0
5632 496483675 24 0
6101 496489776 27 0
11266 496501042 35 0
6160 496507202 18 0
5658 496512860 11 0
6123 496518983 29 0
11301 496530284 36 0
6173 496536457 16 0
5632 496542089 22 0
6138 496548227 17 0
11314 496559541 29 0
6160 496565701 13 0
5652 496571353 13 0
6164 496577517 17 0
11291 496588808 27 0
6160 496594968 15 0
5657 496600625 21 0
6138 496606763 16 0
11302 496618065 34 0
6173 496624238 15 0
5658 496629896 16 0
6108 496636004 28 0
11304 496647308 42 0
6154 496653462 20 0
5658 496659120 17 0
6151 496665271 15 0
11296 496676567 25 0
6160 496682727 15 0
5652 496688379 14 0
6120 496694499 17 0
11316 496705815 16 0
15274 496721089 314 16
5647 496726736 45 0
6132 496732868 23 0
12681 496745549 99 4
6160 496751709 17 0
5653 496757362 16 0
6122 496763484 31 0
11304 496774788 25 0
6173 496780961 15 0
5633 496786594 17 0
6132 496792726 22 0
11761 496804487 24 0
6113 496810600 27 0
5646 496816246 22 0
6151 496822397 15 0
11291 496833688 26 0
6154 496839842 20 0
5646 496845488 13 0
6130 496851618 23 0
11307 496862925 25 0
6172 496869097 17 0
5646 496874743 12 0
6132 496880875 17 0
11260 496892135 30 0
6152 496898287 23 0
5651 496903938 28 0
6151 496910089 15 0
11310 496921399 19 0
6142 496927541 23 0
5640 496933181 19 1
6113 496939294 21 0
11309 496950603 31 1
6186 496956789 18 0
5652 496962441 15 0
6124 496968565 30 0
11291 496979856 26 0
6154 496986010 20 0
5652 496991662 23 0
6629 496998291 54 0
12975 497011266 44 0
6624 497017890 18 0
6248 497024138 37 0
6559 497030697 26 0
11756 497042453 29 0
6120 497048573 19 0
6129 497054702 17 0
6123 497060825 20 0
12226 497073051 31 0
6104 497079155 22 0
6109 497085264 29 0
6116 497091380 18 0
12239 497103619 37 0
6116 497109735 17 0
6116 497115851 19 0
7457 497123308 38 0
12219 497135527 35 0
6116 497141643 17 0
6106 497147749 33 0
6123 497153872 19 0
12218 497166090 34 0
6092 497172182 24 0
6096 497178278 28 0
6116 497184394 15 0
11756 497196150 34 0
6134 497202284 29 0
5666 497207950 33 0
6131 497214081 23 0
11298 497225379 23 0
6160 497231539 16 0
5640 497237179 16 0
6132 497243311 21 0
11310 497254621 22 0
6167 497260788 15 0
5633 497266421 17 0
6138 497272559 17 0
11285 497283844 27 0
6160 497290004 15 0
5658 497295662 11 0
6144 497301806 20 0
11302 497313108 36 0
6123 497319231 26 0
5652 497324883 15 0
6131 497331014 18 0
11314 497342328 28 0
6154 497348482 23 0
5658 497354140 11 0
6138 497360278 18 0
11316 497371594 12 0
6123 497377717 23 0
5658 497383375 12 0
11802 497395177 27 0
5658 497400835 14 0
6142 497406977 19 0
5643 497412620 22 0
11778 497424398 27 0
5658 497430056 12 0
6167 497436223 21 0
5657 497441880 28 0
11777 497453657 30 0
5658 497459315 13 0
6144 497465459 24 0
5620 497471079 24 0
11785 497482864 47 0
5658 497488522 14 0
6141 497494663 26 0
7029 497501692 36 0
11756 497513448 40 0
5658 497519106 13 0
6151 497525257 30 0
5658 497530915 11 0
11797 497542712 33 0
5652 497548364 17 0
6142 497554506 20 0
5633 497560139 18 0
11759 497571898 38 0
5658 497577556 12 0
6166 497583722 25 0
5652 497589374 13 0
11793 497601167 32 0
5658 497606825 14 0
6142 497612967 21 0
5650 497618617 28 0
11809 497630426 28 0
5657 497636083 17 0
6142 497642225 22 0
5656 497647881 29 0
11787 497659668 43 0
5658 497665326 14 0
6146 497671472 28 0
5652 497677124 12 0
11766 497688890 32 0
5657 497694547 21 0
6160 497700707 17 0
5645 497706352 16 0
11784 497718136 26 0
5646 497723782 15 0
6186 497729968 21 0
5656 497735624 27 0
11783 497747407 30 0
5657 497753064 20 0
6154 497759218 19 0
5658 497764876 9 0
11755 497776631 35 0
5654 497782285 24 0
6136 497788421 22 0
5658 497794079 11 0
11774 497805853 44 0
5658 497811511 12 0
6173 497817684 17 0
5652 497823336 15 0
11759 497835095 39 0
5652 497840747 13 0
6153 497846900 28 0
5650 497852550 23 0
11801 497864351 45 0
5658 497870009 12 0
7530 497877539 38 0
5639 497883178 23 0
11770 497894948 26 0
5658 497900606 11 0
6135 497906741 25 0
5652 497912393 15 0
11784 497924177 29 0
5667 497929844 31 0
6160 497936004 18 0
5658 497941662 14 0
12267 497953929 36 0
5637 497959566 24 0
6138 497965704 16 0
5658 497971362 14 0
11730 497983092 35 0
5658 497988750 9 0
6160 497994910 14 0
5643 498000553 28 0
11805 498012358 37 0
5667 498018025 26 0
6154 498024179 19 0
5647 498029826 25 0
11747 498041573 34 0
5652 498047225 15 0
6173 498053398 15 0
5639 498059037 19 0
11768 498070805 35 0
5658 498076463 11 0
6160 498082623 14 0
5632 498088255 23 0
11749 498100004 38 0
5658 498105662 13 0
6153 498111815 29 0
5652 498117467 18 0
11790 498129257 32 0
5633 498134890 21 0
6181 498141071 31 0
5639 498146710 17 0
11788 498158498 29 0
5658 498164156 9 0
6142 498170298 19 0
5647 498175945 26 0
11777 498187722 40 0
5658 498193380 9 0
6166 498199546 24 0
5653 498205199 25 0
11764 498216963 40 0
5658 498222621 13 0
6124 498228745 19 0
5638 498234383 27 0
11803 498246186 36 0
7034 498253220 36 0
6160 498259380 19 0
5658 498265038 11 0
11784 498276822 33 0
5658 498282480 11 0
6147 498288627 26 0
5652 498294279 16 0
11760 498306039 33 0
5668 498311707 23 0
6159 498317866 23 0
5646 498323512 25 0
11808 498335320 27 0
5658 498340978 10 0
6160 498347138 17 0
5636 498352774 22 0
11736 498364510 37 0
5658 498370168 12 0
7055 498377223 88 19
5645 498382868 22 0
11745 498394613 37 0
5658 498400271 13 0
6132 498406403 29 0
5652 498412055 25 0
11796 498423851 26 0
5646 498429497 16 0
6152 498435649 27 0
5645 498441294 20 0
11771 498453065 33 0
5652 498458717 14 0
6153 498464870 22 0
5628 498470498 19 0
11822 498482320 30 0
5658 498487978 11 0
6160 498494138 17 0
5658 498499796 16 0
11788 498511584 33 0
5658 498517242 14 0
6141 498523383 29 0
5658 498529041 13 0
11803 498540844 20 0
5658 498546502 17 0
6148 498552650 19 0
5656 498558306 24 0
11808 498570114 33 0
5633 498575747 16 0
6148 498581895 24 0
5658 498587553 12 0
11765 498599318 33 0
5658 498604976 10 0
6173 498611149 14 0
5652 498616801 14 0
13171 498629972 51 0
5658 498635630 13 0
6135 498641765 29 0
5645 498647410 16 0
11786 498659196 32 0
5616 498664812 22 0
6166 498670978 28 0
5658 498676636 9 0
11772 498688408 40 0
5658 498694066 13 0
6123 498700189 24 0
5658 498705847 10 0
11776 498717623 31 0
5658 498723281 10 0
6124 498729405 27 0
5658 498735063 14 0
11789 498746852 38 0
5658 498752510 13 0
9512 498762022 185 14
914135 499676157 15364 3114
13343 499689500 106 0
5638 499695138 32 2
12104 499707242 406 47
6667 499713909 41 0
13124 499727033 36 0
8279 499735312 158 8
6590 499741902 24 0
6641 499748543 24 0
1697395 1697395 39534 1686
6385928 8083323 85528 12149
19165749 27249072 20169 5143
8840009 36089081 8807 2292
16948981 53038062 21213 4501
19593897 72631959 18825 5240
18748221 91380180 24113 6989
19124905 110505085 19599 5143
18944970 129450055 20254 5069
19546767 148996822 19781 5314
19612646 168609468 21762 5282
19627399 188236867 19866 5271
19422926 207659793 20872 5243
19594750 227254543 19993 5266
18649722 245904265 21043 5051
19003394 264907659 24439 5095
18898818 283806477 19699 5144
19519169 303325646 18971 5223
19597823 322923469 18252 5224
19595524 342518993 19003 5339
19576072 362095065 19007 5258
19614753 381709818 18591 5245
19638765 401348583 18395 5308
19598417 420947000 18709 5255
19619660 440566660 18918 5293
19608218 460174878 18238 5260
19642526 479817404 18484 5336
14023078 493840482 29847 1864
4580053 498420535 9831 479
5658 498426193 21 0
6151 498432344 19 0
5658 498438002 18 0
11744 498449746 52 0
5661 498455407 28 0
6141 498461548 27 0
5626 498467174 24 0
11761 498478935 40 0
5658 498484593 11 0
6160 498490753 18 0
5658 498496411 15 0
11784 498508195 32 0
5639 498513834 22 0
6173 498520007 16 0
5649 498525656 26 0
11786 498537442 54 0
5656 498543098 15 0
6141 498549239 29 0
5658 498554897 17 0
11739 498566636 49 0
5632 498572268 24 0
6174 498578442 30 0
5658 498584100 15 0
11779 498595879 34 0
5658 498601537 11 0
6164 498607701 25 0
5621 498613322 24 0
11783 498625105 43 0
5644 498630749 21 0
6153 498636902 21 0
5663 498642565 25 0
11748 498654313 35 0
5658 498659971 11 0
6186 498666157 18 0
5658 498671815 10 0
11792 498683607 57 0
5661 498689268 25 0
7527 498696795 99 14
5646 498702441 19 0
20826 498723267 358 28
5658 498728925 15 0
6160 498735085 22 0
5658 498740743 12 0
12247 498752990 40 1
5658 498758648 12 0
6151 498764799 18 0
5658 498770457 10 0
11784 498782241 31 0
5658 498787899 11 0
6148 498794047 26 0
5658 498799705 10 0
11764 498811469 33 0
5658 498817127 11 0
6167 498823294 19 0
5658 498828952 13 0
11765 498840717 48 0
5658 498846375 11 0
6160 498852535 18 0
5644 498858179 20 0
11790 498869969 31 1
5657 498875626 25 0
6129 498881755 28 0
5651 498887406 19 0
11778 498899184 40 0
5645 498904829 18 0
6167 498910996 23 0
5646 498916642 19 0
11784 498928426 46 0
5652 498934078 16 0
6160 498940238 20 0
5658 498945896 15 0
11791 498957687 39 0
5658 498963345 16 0
6687 498970032 62 0
6321 498976353 38 0
13128 498989481 48 0
6441 498995922 22 0
6613 499002535 22 0
6578 499009113 19 0
13304 499022417 65 2
6578 499028995 21 0
6573 499035568 34 0
6572 499042140 25 0
13171 499055311 40 0
6559 499061870 30 0
6548 499068418 24 0
6571 499074989 26 0
13151 499088140 36 0
7957 499096097 60 11
6570 499102667 31 0
6578 499109245 31 0
13137 499122382 41 0
6576 499128958 27 0
6578 499135536 22 0
6491 499142027 31 0
13138 499155165 41 0
6302 499161467 24 0
6613 499168080 20 0
6566 499174646 23 0
13136 499187782 47 0
6320 499194102 28 0
6599 499200701 24 0
6309 499207010 16 0
12915 499219925 34 0
6309 499226234 16 0
6620 499232854 31 0
6297 499239151 15 0
12903 499252054 29 0
6303 499258357 24 0
6627 499264984 24 0
6309 499271293 14 0
12919 499284212 38 0
6309 499290521 13 0
6603 499297124 27 0
6309 499303433 16 0
12909 499316342 35 0
6309 499322651 17 0
6635 499329286 21 0
6308 499335594 18 0
12888 499348482 35 0
6306 499354788 22 0
6622 499361410 20 0
6443 499367853 28 0
12922 499380775 31 0
6305 499387080 29 0
6586 499393666 26 0
6309 499399975 13 0
12896 499412871 32 0
6309 499419180 15 0
6635 499425815 18 0
6297 499432112 21 0
12890 499445002 40 0
6297 499451299 20 0
6622 499457921 18 0
6309 499464230 16 0
12917 499477147 34 0
6303 499483450 26 0
6610 499490060 23 0
6309 499496369 14 0
14286 499510655 43 0
6308 499516963 21 0
6635 499523598 18 0
6309 499529907 17 0
12883 499542790 40 0
6297 499549087 18 0
6611 499555698 30 0
6309 499562007 14 0
12901 499574908 30 0
6309 499581217 14 0
6635 499587852 22 0
6309 499594161 17 0
12885 499607046 46 0
6309 499613355 16 0
6611 499619966 28 0
6291 499626257 20 0
12914 499639171 34 0
6291 499645462 18 0
6616 499652078 26 0
6297 499658375 18 0
12903 499671278 30 0
6309 499677587 15 0
7523 499685110 85 20
6303 499691413 19 0
12909 499704322 24 0
6309 499710631 14 0
6622 499717253 17 0
12916 499730169 28 0
6302 499736471 23 0
6309 499742780 17 0
6615 499749395 24 0
12901 499762296 33 0
6303 499768599 16 0
6290 499774889 28 0
6616 499781505 22 0
12891 499794396 42 0
6291 499800687 28 0
6289 499806976 25 0
6622 499813598 19 0
12909 499826507 26 0
6309 499832816 14 0
6309 499839125 16 0
6628 499845753 28 0
12878 499858631 37 0
6309 499864940 15 0
6306 499871246 33 0
6610 499877856 28 0
12949 499890805 45 0
6296 499897101 24 0
6309 499903410 15 0
6622 499910032 21 0
14286 499924318 48 1
6291 499930609 21 0
6309 499936918 16 0
6635 499943553 16 0
12885 499956438 31 0
6309 499962747 14 0
6309 499969056 17 0
6622 499975678 21 0
12918 499988596 42 0
6309 499994905 17 0
6309 500001214 20 0
6616 500007830 26 0
12909 500020739 24 0
6298 500027037 25 0
6309 500033346 16 0
6609 500039955 30 0
12882 500052837 51 0
6309 500059146 30 0
6303 500065449 18 0
6613 500072062 31 0
12885 500084947 34 0
6308 500091255 27 0
6308 500097563 21 0
6622 500104185 23 0
12889 500117074 54 0
6309 500123383 14 0
6309 500129692 14 0
6622 500136314 20 0
12903 500149217 47 0
6290 500155507 19 0
6309 500161816 15 0
6598 500168414 27 0
12900 500181314 42 0
6309 500187623 16 0
6277 500193900 26 0
6635 500200535 17 0
12906 500213441 43 0
6285 500219726 20 0
6302 500226028 25 0
6621 500232649 26 0
12901 500245550 46 0
6309 500251859 14 0
6297 500258156 17 0
6622 500264778 19 0
12872 500277650 36 0
6309 500283959 16 0
6308 500290267 20 0
6624 500296891 29 0
12879 500309770 39 0
6279 500316049 20 0
6303 500322352 26 0
6604 500328956 22 0
14245 500343201 67 0
6309 500349510 14 0
6303 500355813 18 0
6622 500362435 29 0
12875 500375310 42 0
6290 500381600 22 0
6291 500387891 18 0
6595 500394486 27 0
12915 500407401 35 0
6284 500413685 26 0
6297 500419982 23 0
6580 500426562 28 0
12896 500439458 40 0
6309 500445767 13 0
6301 500452068 31 0
6635 500458703 17 0
12919 500471622 55 0
6303 500477925 14 0
6317 500484242 34 0
6622 500490864 15 0
12909 500503773 32 0
6309 500510082 14 0
6297 500516379 21 0
6615 500522994 22 0
12912 500535906 47 0
6309 500542215 14 0
6291 500548506 22 0
6623 500555129 25 0
12896 500568025 42 0
6309 500574334 15 0
6309 500580643 17 0
6613 500587256 27 0
12906 500600162 45 0
6309 500606471 14 0
6309 500612780 14 0
6597 500619377 27 0
12889 500632266 41 0
6291 500638557 18 0
6296 500644853 29 0
6622 500651475 20 0
12910 500664385 42 0
6304 500670689 28 0
6463 500677152 35 0
6604 500683756 22 0
12879 500696635 38 0
6309 500702944 16 0
6302 500709246 20 0
6648 500715894 19 0
12913 500728807 43 0
6284 500735091 22 0
6309 500741400 15 0
7999 500749399 33 0
13056 500762455 54 0
6291 500768746 18 0
6297 500775043 19 0
6622 500781665 20 0
12894 500794559 51 0
6302 500800861 23 0
6456 500807317 34 0
6635 500813952 20 0
12891 500826843 40 0
6291 500833134 17 0
6303 500839437 26 0
6597 500846034 30 0
13048 500859082 64 0
6309 500865391 14 0
6311 500871702 31 0
6607 500878309 29 0
12891 500891200 30 0
6283 500897483 23 0
6309 500903792 16 0
894981 501798773 14807 3177
15450 501814223 790 15
6443 501820666 31 0
6698 501827364 41 0
6210 501833574 23 0
18840 501852414 375 43
6695 501859109 26 0
6438 501865547 19 0
6697 501872244 23 0
4465940 4465940 87610 4260
12743998 17209938 48821 11780
19384957 36594895 17941 5301
18596376 55191271 20341 4914
19265009 74456280 18886 5214
19385418 93841698 18412 5224
19277216 113118914 18353 5164
19460611 132579525 18134 5190
19362611 151942136 18849 5167
19595889 171538025 18851 5279
19436847 190974872 18467 5250
19510573 210485445 18916 5278
19389589 229875034 19376 5159
19393501 249268535 18847 5220
18772886 268041421 23485 4999
19426665 287468086 18674 5287
19429872 306897958 19099 4993
19496469 326394427 19042 5276
19574408 345968835 19209 5365
19505400 365474235 19029 5118
19531446 385005681 19392 5308
19511557 404517238 18858 5269
19558437 424075675 18520 5260
19584269 443659944 19222 5202
19465274 463125218 19407 5273
19515416 482640634 19719 5542
10805731 493446365 27093 229
2183954 495630319 5821 651
12843 495643162 73 0
6745 495649907 25 0
6422 495656329 26 0
6692 495663021 35 0
12833 495675854 42 0
6738 495682592 19 0
6431 495689023 19 0
6735 495695758 28 0
12855 495708613 26 0
6744 495715357 25 1
6424 495721781 34 0
6722 495728503 19 0
12842 495741345 49 0
6747 495748092 29 0
6431 495754523 15 0
6722 495761245 20 0
12842 495774087 33 0
6726 495780813 19 0
6425 495787238 14 0
6722 495793960 19 0
12856 495806816 33 0
6739 495813555 25 0
6431 495819986 16 0
6859 495826845 43 0
12844 495839689 40 0
6744 495846433 21 0
6418 495852851 20 0
6735 495859586 19 0
14231 495873817 124 11
6720 495880537 26 0
6425 495886962 23 0
6847 495893809 25 0
12844 495906653 26 0
16008 495922661 334 63
6368 495929029 38 0
6722 495935751 22 0
12846 495948597 44 0
6732 495955329 29 0
6425 495961754 12 0
6724 495968478 25 0
12850 495981328 29 0
6726 495988054 23 0
6425 495994479 16 0
6722 496001201 22 0
12861 496014062 37 2
6730 496020792 30 0
6430 496027222 21 0
6710 496033932 28 0
12843 496046775 37 0
6726 496053501 23 0
6425 496059926 19 0
6692 496066618 24 0
12814 496079432 36 0
7631 496087063 103 39
6431 496093494 19 0
6710 496100204 27 0
12819 496113023 37 1
6726 496119749 21 0
6431 496126180 26 0
6729 496132909 19 0
12862 496145771 26 0
6744 496152515 19 1
6425 496158940 17 0
6715 496165655 29 0
12859 496178514 42 2
6757 496185271 17 0
6431 496191702 13 1
6722 496198424 20 0
12861 496211285 38 1
6738 496218023 21 0
6430 496224453 19 0
6716 496231169 23 0
13267 496244436 61 2
6823 496251259 31 0
6572 496257831 18 0
6830 496264661 23 0
13209 496277870 34 0
6710 496284580 25 0
6688 496291268 22 0
6700 496297968 19 0
14777 496312745 62 7
6700 496319445 18 0
6700 496326145 18 0
6694 496332839 21 0
13418 496346257 37 0
6700 496352957 18 0
6694 496359651 23 0
6687 496366338 27 0
13400 496379738 32 0
6700 496386438 19 0
6702 496393140 25 0
6694 496399834 22 0
13400 496413234 34 0
6700 496419934 19 0
6700 496426634 18 0
6700 496433334 19 0
13124 496446458 38 0
6734 496453192 21 0
6700 496459892 19 0
6694 496466586 21 0
13119 496479705 31 0
6722 496486427 16 0
6430 496492857 21 0
6734 496499591 29 0
12862 496512453 22 0
6730 496519183 27 0
6425 496525608 17 0
6686 496532294 22 0
12850 496545144 35 0
6733 496551877 27 0
6425 496558302 18 0
6701 496565003 27 0
12855 496577858 38 0
6743 496584601 21 0
6419 496591020 21 0
6722 496597742 18 0
12836 496610578 39 0
6747 496617325 27 0
6425 496623750 26 0
6709 496630459 23 0
12838 496643297 27 0
6725 496650022 24 0
6425 496656447 19 0
6717 496663164 21 0
12830 496675994 32 0
6738 496682732 24 0
6425 496689157 25 0
6715 496695872 23 0
12838 496708710 31 0
6726 496715436 26 0
6425 496721861 16 0
8069 496729930 43 0
12854 496742784 37 0
6731 496749515 26 0
6431 496755946 16 0
6735 496762681 19 0
12862 496775543 22 0
6744 496782287 18 0
6431 496788718 13 0
6722 496795440 19 0
12861 496808301 35 0
6763 496815064 28 0
6425 496821489 17 0
6711 496828200 33 0
12849 496841049 36 0
6719 496847768 23 0
6431 496854199 18 0
6685 496860884 24 0
12832 496873716 46 0
6745 496880461 24 0
6425 496886886 18 0
6722 496893608 19 0
12844 496906452 29 0
6741 496913193 23 0
6425 496919618 16 0
6729 496926347 26 0
12840 496939187 50 0
6736 496945923 29 0
6431 496952354 14 0
6721 496959075 20 0
12838 496971913 36 0
6727 496978640 27 0
6429 496985069 20 0
6716 496991785 19 0
12855 497004640 34 0
6744 497011384 19 0
6431 497017815 14 0
6735 497024550 20 0
12862 497037412 21 0
6743 497044155 18 0
6431 497050586 14 0
6704 497057290 25 0
12849 497070139 35 0
6733 497076872 25 0
6430 497083302 22 0
6723 497090025 20 0
12838 497102863 30 0
6744 497109607 19 0
6430 497116037 23 0
6716 497122753 23 0
12807 497135560 31 0
6754 497142314 29 0
7808 497150122 35 1
6709 497156831 27 0
12838 497169669 28 0
6726 497176395 25 0
6425 497182820 16 0
6722 497189542 32 0
12831 497202373 30 0
6737 497209110 32 0
6430 497215540 18 0
6692 497222232 27 0
12849 497235081 19 0
6770 497241851 24 0
6431 497248282 14 0
6722 497255004 20 0
12862 497267866 15 0
6738 497274604 19 0
6425 497281029 16 0
6714 497287743 28 0
13131 497300874 22 0
6721 497307595 20 0
6431 497314026 14 0
13135 497327161 33 0
6431 497333592 20 0
6757 497340349 18 0
6431 497346780 15 0
13151 497359931 38 0
6417 497366348 19 0
6726 497373074 20 0
6419 497379493 20 0
13147 497392640 41 0
6431 497399071 14 0
6757 497405828 22 0
6431 497412259 15 0
13128 497425387 41 0
6430 497431817 16 0
6743 497438560 21 0
6431 497444991 15 0
13159 497458150 35 0
6431 497464581 13 0
6744 497471325 17 0
6431 497477756 13 0
13133 497490889 42 0
6431 497497320 14 0
6757 497504077 22 0
6431 497510508 14 0
13140 497523648 43 0
6431 497530079 19 0
6742 497536821 23 0
6425 497543246 20 0
13166 497556412 24 0
6431 497562843 20 0
8106 497570949 51 1
6431 497577380 16 0
13115 497590495 37 0
6418 497596913 19 0
6744 497603657 25 0
6418 497610075 21 0
13134 497623209 33 0
6431 497629640 15 0
6743 497636383 22 0
6425 497642808 18 0
13128 497655936 42 0
6431 497662367 21 0
6740 497669107 28 0
6431 497675538 19 0
13135 497688673 33 0
6430 497695103 15 0
6725 497701828 29 0
6425 497708253 19 0
13136 497721389 39 0
6424 497727813 22 0
6738 497734551 21 0
6430 497740981 22 0
13129 497754110 28 0
6431 497760541 14 0
6748 497767289 29 0
6431 497773720 14 0
13139 497786859 36 0
6423 497793282 24 0
6726 497800008 20 0
6430 497806438 24 0
13153 497819591 32 0
6431 497826022 17 0
6744 497832766 18 0
6431 497839197 14 0
13153 497852350 29 0
6430 497858780 25 0
6757 497865537 18 0
6413 497871950 17 0
13128 497885078 32 0
6430 497891508 17 0
6744 497898252 20 0
6431 497904683 14 0
13140 497917823 30 0
6424 497924247 20 0
6754 497931001 26 0
6425 497937426 23 0
13134 497950560 31 0
6431 497956991 30 8
6744 497963735 21 0
6431 497970166 14 0
13166 497983332 29 0
7808 497991140 32 0
6732 497997872 29 0
6425 498004297 18 0
13141 498017438 35 0
6431 498023869 13 0
6756 498030625 19 0
6431 498037056 13 0
13153 498050209 37 0
6425 498056634 21 0
6738 498063372 22 0
6425 498069797 18 0
13158 498082955 43 0
6431 498089386 16 0
6696 498096082 25 0
6425 498102507 27 0
13123 498115630 36 0
6430 498122060 22 0
6738 498128798 24 0
6425 498135223 20 0
13139 498148362 39 0
6425 498154787 17 0
6738 498161525 18 0
6431 498167956 14 0
13153 498181109 26 0
6431 498187540 15 0
6727 498194267 25 0
6431 498200698 18 0
914924 499115622 15556 3356
6637 499122259 42 1
6887 499129146 43 5
15234 499144380 439 86
13740 499158120 71 0
6985 499165105 28 0
8674 499173779 133 13
6811 499180590 31 1
13640 499194230 48 0
4329213 4329213 85032 3592
13085582 17414795 50651 12525
19446245 36861040 19000 5315
18108956 54969996 23904 5440
19514950 74484946 18848 5261
19443898 93928844 19005 5193
18740860 112669704 24644 6964
18711701 131381405 19009 5079
19325266 150706671 19500 5202
19677940 170384611 19323 5233
19526634 189911245 21592 5242
19280649 209191894 19864 5239
19552719 228744613 19596 5289
19345735 248090348 19429 5229
18404636 266494984 25230 4925
19064614 285559598 19855 5204
19273458 304833056 20589 5178
19642053 324475109 20339 5290
19687968 344163077 21022 5377
19535156 363698233 20126 5261
19704837 383403070 19522 5324
19546410 402949480 20079 5252
19591363 422540843 21094 5259
19617941 442158784 20044 5187
19630079 461788863 20151 5227
19571542 481360405 20516 5274
12001757 493362162 29509 945
3104663 496466825 7143 495
5651 496472476 31 0
5658 496478134 23 0
11811 496489945 37 0
6158 496496103 25 0
5640 496501743 20 0
5658 496507401 12 0
11782 496519183 40 0
6132 496525315 27 0
5658 496530973 14 0
5652 496536625 18 0
11819 496548444 33 0
6126 496554570 21 0
5656 496560226 17 0
5658 496565884 10 0
11818 496577702 25 0
6151 496583853 20 0
5658 496589511 13 0
5658 496595169 12 0
11782 496606951 44 0
6138 496613089 17 0
5645 496618734 20 0
5652 496624386 14 0
11831 496636217 25 0
6138 496642355 20 0
5657 496648012 25 0
5651 496653663 16 0
13195 496666858 111 15
6125 496672983 24 0
5639 496678622 14 0
5657 496684279 15 0
20880 496705159 369 32
6137 496711296 37 0
5652 496716948 18 2
5652 496722600 23 0
11812 496734412 31 0
6127 496740539 23 0
5646 496746185 17 0
5645 496751830 19 0
11805 496763635 28 0
6114 496769749 26 0
5628 496775377 18 0
5646 496781023 21 0
11831 496792854 33 0
6132 496798986 25 0
6116 496805102 23 0
5658 496810760 16 0
11796 496822556 29 0
6144 496828700 28 0
6109 496834809 25 0
11771 496846580 50 0
5652 496852232 17 0
6120 496858352 19 0
5628 496863980 20 0
11850 496875830 33 0
5658 496881488 12 0
6138 496887626 16 0
5658 496893284 12 0
11794 496905078 29 0
5639 496910717 22 0
6131 496916848 27 0
5646 496922494 16 0
11829 496934323 35 0
5646 496939969 18 0
6138 496946107 18 0
5658 496951765 14 0
11794 496963559 31 0
5658 496969217 15 0
6144 496975361 25 0
5658 496981019 14 0
11785 496992804 50 0
5652 496998456 21 0
6138 497004594 22 0
5658 497010252 16 0
12343 497022595 92 0
6315 497028910 40 0
6499 497035409 32 0
6361 497041770 24 0
16367 497058137 215 18
6116 497064253 35 0
6111 497070364 22 0
6096 497076460 29 0
12226 497088686 42 0
6104 497094790 21 0
6109 497100899 26 0
6098 497106997 23 0
12220 497119217 42 0
6102 497125319 28 0
6097 497131416 29 0
6105 497137521 29 0
12195 497149716 43 0
6115 497155831 30 0
6114 497161945 31 0
6122 497168067 30 0
12222 497180289 47 0
6098 497186387 22 0
6255 497192642 28 5
5658 497198300 17 0
11827 497210127 52 0
6132 497216259 32 0
6092 497222351 22 0
6115 497228466 22 0
11795 497240261 28 0
5658 497245919 13 0
6138 497252057 20 0
5658 497257715 16 0
11848 497269563 42 0
5634 497275197 17 0
6119 497281316 23 0
5658 497286974 15 1
11805 497298779 29 0
5642 497304421 24 0
6151 497310572 20 0
5658 497316230 13 0
11785 497328015 35 0
5639 497333654 19 0
6132 497339786 26 0
5628 497345414 19 0
11835 497357249 38 0
5657 497362906 25 0
6138 497369044 19 0
5658 497374702 14 0
11808 497386510 43 0
5658 497392168 13 0
6130 497398298 29 0
5652 497403950 14 0
11824 497415774 29 0
5658 497421432 11 0
6132 497427564 20 0
5645 497433209 19 0
13193 497446402 46 0
5650 497452052 19 1
14344 497466396 290 60
5658 497472054 28 0
11800 497483854 31 0
5648 497489502 24 0
6131 497495633 27 0
5637 497501270 19 0
11821 497513091 38 0
5658 497518749 14 0
6138 497524887 18 0
5640 497530527 18 0
11811 497542338 41 0
5650 497547988 18 0
6145 497554133 18 0
5646 497559779 17 0
11803 497571582 39 0
5658 497577240 14 0
6138 497583378 20 0
5658 497589036 13 0
11830 497600866 48 15
5646 497606512 17 0
6125 497612637 22 0
5658 497618295 15 0
11818 497630113 23 0
5658 497635771 20 0
6138 497641909 19 0
5628 497647537 19 0
11843 497659380 38 0
5651 497665031 15 0
6132 497671163 24 0
5638 497676801 21 0
11812 497688613 30 0
5648 497694261 27 0
6139 497700400 25 0
5639 497706039 20 0
11827 497717866 39 0
5640 497723506 17 0
6132 497729638 19 0
5652 497735290 16 0
11830 497747120 25 0
5658 497752778 10 0
6138 497758916 16 0
5639 497764555 19 0
11792 497776347 40 0
5652 497781999 15 0
6140 497788139 19 0
5649 497793788 23 0
11812 497805600 24 0
5658 497811258 13 0
6138 497817396 19 0
7035 497824431 28 0
11813 497836244 29 0
5658 497841902 34 0
6138 497848040 17 0
5640 497853680 18 0
11817 497865497 25 0
5658 497871155 13 0
6138 497877293 19 0
5628 497882921 19 0
11799 497894720 41 0
5652 497900372 28 0
6126 497906498 20 0
5658 497912156 18 0
11811 497923967 34 0
5658 497929625 13 0
6151 497935776 16 0
5658 497941434 12 0
11788 497953222 30 0
5652 497958874 15 0
6132 497965006 19 0
5656 497970662 17 0
11819 497982481 47 0
5652 497988133 19 0
6138 497994271 18 0
6090 498000361 26 0
11742 498012103 34 0
5651 498017754 18 0
6152 498023906 21 0
5639 498029545 17 0
11798 498041343 31 0
5658 498047001 18 0
6118 498053119 27 0
5651 498058770 17 0
11812 498070582 30 0
5656 498076238 22 0
6132 498082370 23 0
5645 498088015 23 0
11806 498099821 33 0
5651 498105472 15 0
6138 498111610 17 0
5644 498117254 26 0
11801 498129055 30 0
5658 498134713 13 0
6138 498140851 20 0
5657 498146508 21 0
11790 498158298 39 0
5658 498163956 15 0
6120 498170076 21 0
5658 498175734 13 0
11818 498187552 30 0
5658 498193210 14 0
7515 498200725 32 0
5646 498206371 18 0
11822 498218193 38 0
5640 498223833 19 0
6138 498229971 17 0
5634 498235605 19 0
11806 498247411 33 0
5658 498253069 15 0
6151 498259220 19 0
5658 498264878 15 0
11818 498276696 24 0
5658 498282354 15 0
6132 498288486 25 0
5645 498294131 22 0
11824 498305955 33 0
5658 498311613 11 0
6138 498317751 17 0
5622 498323373 20 0
11804 498335177 41 0
5658 498340835 20 0
6132 498346967 18 0
5651 498352618 19 0
11830 498364448 29 0
5658 498370106 10 0
6138 498376244 16 0
5627 498381871 23 0
11818 498393689 38 0
5658 498399347 10 0
6166 498405513 31 0
6098 498411611 19 0
11765 498423376 36 0
5658 498429034 14 0
6126 498435160 27 0
5652 498440812 14 0
11818 498452630 36 0
5652 498458282 16 0
6124 498464406 29 0
5628 498470034 18 0
11804 498481838 39 0
5646 498487484 19 0
6145 498493629 19 0
5658 498499287 14 0
11794 498511081 34 0
5646 498516727 19 0
6145 498522872 17 0
5658 498528530 13 0
11825 498540355 26 0
5658 498546013 15 0
6119 498552132 23 0
5646 498557778 16 0
11812 498569590 36 0
7028 498576618 33 0
6138 498582756 22 0
5658 498588414 13 0
11806 498600220 32 0
5658 498605878 13 0
6138 498612016 18 0
5616 498617632 20 0
11817 498629449 38 0
5652 498635101 16 0
6145 498641246 19 0
5646 498646892 19 0
11809 498658701 34 0
5640 498664341 18 0
6125 498670466 27 0
5652 498676118 13 0
11805 498687923 43 0
5663 498693586 22 0
6132 498699718 19 0
5651 498705369 23 0
11817 498717186 25 0
5657 498722843 26 0
6147 498728990 25 0
5645 498734635 24 0
11806 498746441 25 0
5658 498752099 12 0
6096 498758195 26 0
5645 498763840 19 0
11842 498775682 24 0
5652 498781334 13 0
6102 498787436 26 0
5634 498793070 16 0
11800 498804870 32 0
5658 498810528 13 0
9477 498820005 193 15
900745 499720750 16008 3350
6356 499727106 88 1
6453 499733559 28 0
6674 499740233 30 0
18576 499758809 383 56
7262 499766071 38 1
6681 499772752 23 0
8710 499781462 145 15
