4308670, 4308670, 82697, 5309, 15
11620439, 15929109, 53484, 13778, 20
19233072, 35162181, 17220, 5331, 11
18684271, 53846452, 20471, 5104, 11
19028439, 72874891, 20838, 6067, 2
19271920, 92146811, 18441, 5472, 11
19259317, 111406128, 17699, 5353, 11
19358552, 130764680, 17997, 5346, 11
18114957, 148879637, 23742, 7465, 2
19285294, 168164931, 19498, 5599, 11
18884180, 187049111, 18614, 5530, 11
19273463, 206322574, 19023, 5669, 11
19168932, 225491506, 20833, 6040, 2
19259659, 244751165, 19994, 5625, 11
18582871, 263334036, 23422, 5708, 2
19382468, 282716504, 18727, 5367, 11
18776766, 301493270, 19653, 5822, 2
19060297, 320553567, 18503, 5787, 11
18975171, 339528738, 18980, 5541, 11
19436824, 358965562, 18611, 5545, 11
19442297, 378407859, 18636, 5463, 11
19553004, 397960863, 18934, 5367, 11
19471524, 417432387, 18786, 5322, 11
19568314, 437000701, 18441, 5336, 11
19618666, 456619367, 19091, 5406, 11
19584763, 476204130, 18670, 5340, 11
15058659, 491262789, 30703, 2908, 19
5167440, 496430229, 9939, 723, 6
12230, 496442459, 396, 45, 1
14805, 496457264, 307, 125, 1
5646, 496462910, 26, 0, 1
5658, 496468568, 20, 0, 1
11807, 496480375, 48, 0, 1
6138, 496486513, 18, 0, 1
5658, 496492171, 10, 0, 1
5662, 496497833, 28, 0, 1
11825, 496509658, 27, 0, 1
6132, 496515790, 20, 0, 1
5634, 496521424, 17, 2, 1
5658, 496527082, 10, 0, 1
11812, 496538894, 31, 1, 1
6151, 496545045, 13, 0, 1
5658, 496550703, 12, 3, 1
5658, 496556361, 7, 0, 1
11817, 496568178, 28, 0, 1
7507, 496575685, 98, 19, 1
5657, 496581342, 20, 2, 1
5658, 496587000, 10, 0, 1
12711, 496599711, 137, 60, 1
6138, 496605849, 15, 0, 1
5656, 496611505, 22, 1, 1
5658, 496617163, 8, 0, 1
11776, 496628939, 40, 0, 1
6138, 496635077, 14, 0, 1
5658, 496640735, 10, 1, 1
5652, 496646387, 12, 0, 1
11828, 496658215, 35, 0, 1
6138, 496664353, 16, 0, 1
5652, 496670005, 19, 0, 1
5658, 496675663, 10, 0, 1
11790, 496687453, 39, 0, 1
6145, 496693598, 17, 0, 1
5640, 496699238, 13, 1, 1
5658, 496704896, 12, 0, 1
11814, 496716710, 53, 2, 1
6125, 496722835, 19, 0, 1
5652, 496728487, 24, 7, 1
5658, 496734145, 11, 0, 1
11823, 496745968, 54, 2, 1
6129, 496752097, 31, 0, 1
5658, 496757755, 10, 0, 1
5658, 496763413, 27, 0, 1
11797, 496775210, 44, 2, 1
6146, 496781356, 40, 1, 1
6126, 496787482, 47, 10, 1
5658, 496793140, 10, 0, 1
11778, 496804918, 47, 3, 1
6138, 496811056, 22, 0, 1
6098, 496817154, 36, 0, 1
5658, 496822812, 16, 6, 1
11797, 496834609, 44, 1, 1
6132, 496840741, 28, 0, 1
5651, 496846392, 20, 0, 1
5658, 496852050, 8, 0, 1
11818, 496863868, 25, 0, 1
6117, 496869985, 26, 0, 1
5658, 496875643, 19, 5, 1
5657, 496881300, 19, 0, 1
11834, 496893134, 49, 0, 1
6138, 496899272, 19, 0, 1
5646, 496904918, 21, 6, 1
5658, 496910576, 9, 0, 1
11796, 496922372, 48, 0, 1
6139, 496928511, 22, 0, 1
5658, 496934169, 23, 0, 1
5658, 496939827, 13, 0, 1
13192, 496953019, 88, 37, 1
6120, 496959139, 22, 0, 1
5658, 496964797, 23, 10, 1
5661, 496970458, 30, 0, 1
11829, 496982287, 38, 2, 1
6129, 496988416, 26, 0, 1
6116, 496994532, 31, 0, 1
5658, 497000190, 15, 1, 1
12510, 497012700, 66, 23, 1
6625, 497019325, 24, 0, 1
6642, 497025967, 29, 0, 1
6326, 497032293, 22, 1, 1
12717, 497045010, 39, 2, 1
6111, 497051121, 37, 0, 1
6110, 497057231, 19, 0, 1
6078, 497063309, 28, 0, 1
12229, 497075538, 43, 0, 1
6116, 497081654, 13, 0, 1
6104, 497087758, 21, 0, 1
6116, 497093874, 17, 0, 1
12216, 497106090, 46, 0, 1
6097, 497112187, 28, 0, 1
6162, 497118349, 42, 0, 1
6115, 497124464, 24, 0, 1
12219, 497136683, 37, 0, 1
6093, 497142776, 22, 0, 1
6097, 497148873, 24, 0, 1
6103, 497154976, 25, 0, 1
12232, 497167208, 38, 0, 1
6116, 497173324, 16, 0, 1
6096, 497179420, 29, 0, 1
6097, 497185517, 27, 0, 1
12229, 497197746, 44, 0, 1
6104, 497203850, 26, 0, 1
6106, 497209956, 30, 0, 1
5658, 497215614, 16, 0, 1
12279, 497227893, 30, 0, 1
6120, 497234013, 25, 0, 1
6098, 497240111, 25, 0, 1
5648, 497245759, 27, 0, 1
11783, 497257542, 33, 0, 1
17560, 497275102, 590, 129, 1
5651, 497280753, 49, 9, 1
5673, 497286426, 31, 0, 1
11812, 497298238, 29, 0, 1
6126, 497304364, 21, 0, 1
5654, 497310018, 21, 0, 1
5658, 497315676, 12, 0, 1
11813, 497327489, 27, 0, 1
6138, 497333627, 19, 0, 1
5645, 497339272, 21, 0, 1
7035, 497346307, 43, 0, 1
11807, 497358114, 50, 0, 1
6138, 497364252, 19, 0, 1
5658, 497369910, 13, 0, 1
5658, 497375568, 10, 0, 1
11830, 497387398, 31, 0, 1
6138, 497393536, 18, 0, 1
5656, 497399192, 22, 0, 1
5654, 497404846, 24, 0, 1
11815, 497416661, 51, 0, 1
6139, 497422800, 21, 0, 1
5658, 497428458, 13, 0, 1
5651, 497434109, 17, 0, 1
11810, 497445919, 30, 0, 1
6138, 497452057, 16, 0, 1
5651, 497457708, 18, 0, 1
5658, 497463366, 12, 0, 1
11822, 497475188, 49, 0, 1
6138, 497481326, 18, 0, 1
5642, 497486968, 24, 0, 1
5658, 497492626, 11, 0, 1
11781, 497504407, 41, 0, 1
6151, 497510558, 17, 0, 1
5658, 497516216, 12, 0, 1
5658, 497521874, 13, 0, 1
11818, 497533692, 23, 0, 1
6139, 497539831, 21, 0, 1
5658, 497545489, 10, 0, 1
5658, 497551147, 20, 0, 1
11837, 497562984, 35, 0, 1
6136, 497569120, 26, 0, 1
5639, 497574759, 19, 0, 1
5652, 497580411, 17, 0, 1
11821, 497592232, 40, 0, 1
6138, 497598370, 19, 0, 1
5650, 497604020, 20, 0, 1
5658, 497609678, 12, 0, 1
11849, 497621527, 30, 0, 1
6138, 497627665, 15, 0, 1
5645, 497633310, 24, 1, 1
5658, 497638968, 9, 0, 1
12250, 497651218, 39, 2, 1
6138, 497657356, 20, 0, 1
5658, 497663014, 14, 0, 1
5646, 497668660, 15, 0, 1
11812, 497680472, 30, 0, 1
6138, 497686610, 17, 0, 1
5658, 497692268, 14, 0, 1
5658, 497697926, 13, 0, 1
11820, 497709746, 33, 0, 1
6137, 497715883, 25, 0, 1
7033, 497722916, 43, 2, 1
5658, 497728574, 11, 0, 1
11815, 497740389, 38, 0, 1
6151, 497746540, 15, 0, 1
5627, 497752167, 22, 0, 1
5652, 497757819, 15, 0, 1
11818, 497769637, 23, 0, 1
6126, 497775763, 18, 0, 1
5658, 497781421, 13, 0, 1
5658, 497787079, 11, 0, 1
11813, 497798892, 25, 0, 1
6120, 497805012, 29, 0, 1
5657, 497810669, 14, 0, 1
5658, 497816327, 16, 0, 1
11785, 497828112, 50, 0, 1
6124, 497834236, 27, 0, 1
5658, 497839894, 12, 0, 1
5685, 497845579, 33, 0, 1
11830, 497857409, 32, 0, 1
6138, 497863547, 17, 0, 1
5645, 497869192, 15, 0, 1
5658, 497874850, 9, 0, 1
11814, 497886664, 50, 0, 1
6151, 497892815, 18, 0, 1
5645, 497898460, 17, 0, 1
5658, 497904118, 12, 0, 1
11800, 497915918, 42, 0, 1
6138, 497922056, 17, 0, 1
5638, 497927694, 27, 0, 1
5658, 497933352, 10, 0, 1
11837, 497945189, 44, 0, 1
6138, 497951327, 15, 0, 1
5652, 497956979, 17, 0, 1
5648, 497962627, 21, 0, 1
11810, 497974437, 24, 0, 1
6164, 497980601, 15, 0, 1
5627, 497986228, 17, 0, 1
5658, 497991886, 10, 0, 1
11814, 498003700, 42, 0, 1
6138, 498009838, 16, 0, 1
6115, 498015953, 21, 3, 1
5652, 498021605, 21, 0, 1
11788, 498033393, 34, 0, 1
6125, 498039518, 34, 0, 1
5658, 498045176, 12, 0, 1
5643, 498050819, 22, 0, 1
11838, 498062657, 43, 0, 1
6138, 498068795, 15, 0, 1
5646, 498074441, 16, 0, 1
5646, 498080087, 16, 0, 1
11825, 498091912, 40, 0, 1
7515, 498099427, 35, 0, 1
5658, 498105085, 17, 0, 1
5658, 498110743, 21, 0, 1
11810, 498122553, 34, 0, 1
6132, 498128685, 24, 0, 1
5650, 498134335, 28, 0, 1
5652, 498139987, 15, 0, 1
11810, 498151797, 30, 0, 1
6131, 498157928, 25, 0, 1
5656, 498163584, 19, 0, 1
5658, 498169242, 14, 0, 1
11829, 498181071, 32, 0, 1
6138, 498187209, 16, 0, 1
5625, 498192834, 19, 0, 1
5658, 498198492, 13, 0, 1
11813, 498210305, 43, 0, 1
6144, 498216449, 25, 0, 1
5658, 498222107, 14, 0, 1
5658, 498227765, 15, 0, 1
11812, 498239577, 47, 0, 1
6138, 498245715, 32, 0, 1
5658, 498251373, 14, 0, 1
5658, 498257031, 10, 0, 1
11817, 498268848, 37, 0, 1
6137, 498274985, 30, 0, 1
5658, 498280643, 9, 0, 1
5658, 498286301, 11, 0, 1
11817, 498298118, 38, 0, 1
6131, 498304249, 24, 0, 1
5656, 498309905, 27, 0, 1
5658, 498315563, 9, 0, 1
11831, 498327394, 20, 0, 1
6138, 498333532, 16, 0, 1
5651, 498339183, 19, 0, 1
5646, 498344829, 13, 0, 1
11820, 498356649, 35, 0, 1
6164, 498362813, 16, 0, 1
5640, 498368453, 18, 0, 1
5656, 498374109, 20, 0, 1
11818, 498385927, 19, 0, 1
6138, 498392065, 20, 0, 1
5638, 498397703, 22, 0, 1
11813, 498409516, 32, 0, 1
5658, 498415174, 11, 0, 1
6126, 498421300, 20, 0, 1
5622, 498426922, 17, 0, 1
11809, 498438731, 44, 0, 1
5658, 498444389, 12, 0, 1
6121, 498450510, 24, 0, 1
5651, 498456161, 17, 0, 1
11818, 498467979, 27, 0, 1
7045, 498475024, 44, 1, 1
6131, 498481155, 29, 0, 1
5651, 498486806, 18, 0, 1
11805, 498498611, 47, 0, 1
5645, 498504256, 14, 0, 1
6126, 498510382, 23, 0, 1
5644, 498516026, 23, 0, 1
11818, 498527844, 28, 0, 1
5658, 498533502, 16, 0, 1
6138, 498539640, 20, 0, 1
5658, 498545298, 12, 0, 1
11825, 498557123, 32, 0, 1
5667, 498562790, 24, 0, 1
6138, 498568928, 15, 0, 1
5631, 498574559, 24, 0, 1
11818, 498586377, 31, 0, 1
5658, 498592035, 12, 0, 1
6151, 498598186, 15, 0, 1
5640, 498603826, 13, 0, 1
11818, 498615644, 20, 0, 1
5640, 498621284, 15, 0, 1
6137, 498627421, 19, 0, 1
5656, 498633077, 20, 0, 1
11837, 498644914, 24, 0, 1
5646, 498650560, 16, 0, 1
6114, 498656674, 21, 0, 1
5658, 498662332, 14, 0, 1
11800, 498674132, 25, 0, 1
5645, 498679777, 15, 0, 1
14967, 498694744, 467, 368, 1
5658, 498700402, 31, 1, 1
11757, 498712159, 39, 0, 1
5654, 498717813, 29, 0, 1
6126, 498723939, 20, 0, 1
5658, 498729597, 12, 0, 1
11854, 498741451, 31, 0, 1
5651, 498747102, 13, 0, 1
6138, 498753240, 20, 0, 1
5646, 498758886, 13, 0, 1
11817, 498770703, 34, 0, 1
5652, 498776355, 21, 0, 1
6138, 498782493, 14, 0, 1
5640, 498788133, 17, 0, 1
11817, 498799950, 32, 0, 1
5651, 498805601, 17, 0, 1
6125, 498811726, 23, 0, 1
5658, 498817384, 12, 0, 1
11799, 498829183, 30, 0, 1
5658, 498834841, 11, 0, 1
6144, 498840985, 22, 0, 1
5658, 498846643, 12, 0, 1
13181, 498859824, 68, 0, 1
920869, 499780693, 15812, 5394, 9
6438, 499787131, 54, 5, 1
6693, 499793824, 30, 2, 1
18516, 499812340, 393, 147, 1
6720, 499819060, 35, 0, 1
6664, 499825724, 22, 0, 1
7982, 499833706, 150, 45, 1
12981, 499846687, 68, 0, 1
6624, 499853311, 34, 2, 1
636671, 636671, 16262, 1034, 5
4712833, 5349504, 83548, 7051, 15
4570621, 9920125, 28917, 9224, 9
8887761, 18807886, 10723, 2751, 12
10195633, 29003519, 9632, 2490, 12
19035977, 48039496, 19961, 5214, 11
19348483, 67387979, 17643, 5313, 11
19300716, 86688695, 17650, 5386, 11
19010677, 105699372, 20582, 6348, 2
18334540, 124033912, 22223, 6562, 2
19076855, 143110767, 19000, 5259, 11
19185513, 162296280, 19062, 5380, 11
19334761, 181631041, 21517, 5827, 11
19254061, 200885102, 19169, 5413, 11
19342301, 220227403, 18445, 5426, 11
19293768, 239521171, 18826, 5430, 11
18526631, 258047802, 25373, 5434, 2
18988904, 277036706, 18668, 5241, 11
18949709, 295986415, 18947, 5188, 11
19053160, 315039575, 18762, 5208, 11
19494081, 334533656, 19260, 5440, 11
19508457, 354042113, 18554, 5430, 11
19476926, 373519039, 18370, 5270, 11
19488401, 393007440, 18833, 5342, 11
19576396, 412583836, 19147, 5364, 11
19549164, 432133000, 18519, 5338, 11
19586474, 451719474, 18279, 5291, 11
19558351, 471277825, 18281, 5384, 11
17526628, 488804453, 29474, 4754, 2
10173145, 498977598, 17177, 598, 12
842152, 499819750, 3557, 730, 1
5656, 499825406, 57, 14, 1
11818, 499837224, 32, 1, 1
5658, 499842882, 11, 0, 1
6152, 499849034, 12, 0, 1
5658, 499854692, 11, 0, 1
11831, 499866523, 26, 1, 1
5646, 499872169, 15, 0, 1
6138, 499878307, 20, 0, 1
5640, 499883947, 22, 1, 1
11817, 499895764, 49, 0, 1
5640, 499901404, 18, 0, 1
6151, 499907555, 19, 0, 1
5657, 499913212, 16, 0, 1
11791, 499925003, 37, 0, 1
5652, 499930655, 19, 0, 1
6138, 499936793, 16, 0, 1
5658, 499942451, 12, 0, 1
11831, 499954282, 35, 0, 1
5653, 499959935, 17, 0, 1
6138, 499966073, 16, 0, 1
5655, 499971728, 19, 0, 1
11811, 499983539, 31, 0, 1
5686, 499989225, 25, 0, 1
6123, 499995348, 29, 0, 1
7035, 500002383, 91, 16, 1
11837, 500014220, 34, 0, 1
5652, 500019872, 16, 0, 1
6130, 500026002, 26, 0, 1
5658, 500031660, 14, 1, 1
11799, 500043459, 38, 0, 1
5660, 500049119, 35, 0, 1
6151, 500055270, 17, 0, 1
5650, 500060920, 30, 0, 1
11818, 500072738, 25, 2, 1
5658, 500078396, 15, 0, 1
6138, 500084534, 20, 0, 1
5657, 500090191, 23, 0, 1
11818, 500102009, 33, 0, 1
5662, 500107671, 29, 0, 1
6147, 500113818, 31, 0, 1
5658, 500119476, 11, 2, 1
11796, 500131272, 31, 0, 1
5652, 500136924, 25, 0, 1
6141, 500143065, 29, 0, 1
5651, 500148716, 18, 0, 1
11812, 500160528, 33, 5, 1
5621, 500166149, 30, 1, 1
6138, 500172287, 16, 0, 1
6116, 500178403, 49, 16, 1
11790, 500190193, 39, 0, 1
6095, 500196288, 40, 2, 1
6106, 500202394, 30, 0, 1
6103, 500208497, 31, 0, 1
11771, 500220268, 33, 0, 1
5658, 500225926, 12, 0, 1
6119, 500232045, 21, 0, 1
5657, 500237702, 21, 5, 1
20931, 500258633, 556, 446, 1
5658, 500264291, 35, 8, 1
6122, 500270413, 32, 0, 1
5650, 500276063, 23, 5, 1
11818, 500287881, 34, 1, 1
5656, 500293537, 34, 2, 1
6127, 500299664, 21, 0, 1
5658, 500305322, 15, 0, 1
11809, 500317131, 38, 1, 1
5658, 500322789, 19, 2, 1
6132, 500328921, 23, 0, 1
5658, 500334579, 18, 4, 1
11831, 500346410, 38, 0, 1
5658, 500352068, 17, 1, 1
6114, 500358182, 22, 0, 1
5658, 500363840, 14, 1, 1
11817, 500375657, 45, 0, 1
5658, 500381315, 11, 0, 1
8069, 500389384, 114, 35, 1
6602, 500395986, 44, 16, 1
12988, 500408974, 55, 2, 1
6561, 500415535, 25, 0, 1
6116, 500421651, 20, 0, 1
6109, 500427760, 22, 0, 1
12221, 500439981, 38, 0, 1
6104, 500446085, 19, 0, 1
6116, 500452201, 18, 0, 1
6097, 500458298, 27, 0, 1
12231, 500470529, 41, 0, 1
6116, 500476645, 19, 0, 1
6116, 500482761, 18, 0, 1
6129, 500488890, 18, 0, 1
12232, 500501122, 32, 0, 1
6104, 500507226, 19, 0, 1
6105, 500513331, 33, 0, 1
6116, 500519447, 20, 0, 1
12242, 500531689, 46, 0, 1
6129, 500537818, 20, 0, 1
6098, 500543916, 25, 0, 1
6109, 500550025, 22, 0, 1
11777, 500561802, 34, 0, 1
6104, 500567906, 31, 0, 1
6116, 500574022, 19, 0, 1
6096, 500580118, 30, 0, 1
12227, 500592345, 35, 0, 1
6116, 500598461, 19, 0, 1
6092, 500604553, 26, 0, 1
6116, 500610669, 21, 0, 1
11783, 500622452, 41, 0, 1
5646, 500628098, 19, 0, 1
6145, 500634243, 23, 0, 1
5625, 500639868, 21, 0, 1
11815, 500651683, 38, 0, 1
5647, 500657330, 18, 0, 1
6138, 500663468, 21, 0, 1
5644, 500669112, 23, 0, 1
11825, 500680937, 28, 0, 1
5646, 500686583, 17, 0, 1
6138, 500692721, 21, 0, 1
5658, 500698379, 14, 0, 1
11818, 500710197, 20, 0, 1
5657, 500715854, 25, 0, 1
6138, 500721992, 33, 0, 1
5643, 500727635, 24, 0, 1
11804, 500739439, 44, 0, 1
5658, 500745097, 12, 0, 1
6124, 500751221, 28, 0, 1
5658, 500756879, 11, 0, 1
11792, 500768671, 41, 0, 1
7032, 500775703, 49, 3, 1
6145, 500781848, 25, 0, 1
5658, 500787506, 14, 0, 1
11794, 500799300, 36, 0, 1
5658, 500804958, 14, 0, 1
6138, 500811096, 18, 0, 1
5657, 500816753, 21, 0, 1
11828, 500828581, 35, 0, 1
5652, 500834233, 16, 0, 1
6120, 500840353, 21, 0, 1
5658, 500846011, 12, 0, 1
11791, 500857802, 41, 0, 1
5661, 500863463, 23, 0, 1
6151, 500869614, 20, 0, 1
5647, 500875261, 28, 0, 1
11808, 500887069, 41, 0, 1
5658, 500892727, 11, 0, 1
6132, 500898859, 19, 0, 1
5658, 500904517, 12, 0, 1
11821, 500916338, 36, 0, 1
5658, 500921996, 12, 0, 1
6126, 500928122, 21, 0, 1
5639, 500933761, 17, 0, 1
11793, 500945554, 32, 0, 1
5648, 500951202, 24, 0, 1
6138, 500957340, 15, 0, 1
5651, 500962991, 26, 0, 1
11818, 500974809, 36, 0, 1
5657, 500980466, 32, 0, 1
6138, 500986604, 19, 0, 1
5671, 500992275, 30, 0, 1
11809, 501004084, 44, 0, 1
5637, 501009721, 18, 1, 1
14327, 501024048, 296, 129, 1
5633, 501029681, 37, 7, 1
11806, 501041487, 32, 0, 1
5652, 501047139, 14, 0, 1
6138, 501053277, 16, 0, 1
5652, 501058929, 15, 0, 1
11824, 501070753, 31, 0, 1
5658, 501076411, 12, 0, 1
6141, 501082552, 22, 0, 1
5645, 501088197, 16, 0, 1
11818, 501100015, 26, 0, 1
5658, 501105673, 13, 0, 1
6151, 501111824, 15, 0, 1
5658, 501117482, 11, 0, 1
11817, 501129299, 29, 0, 1
5658, 501134957, 10, 0, 1
6138, 501141095, 17, 0, 1
5658, 501146753, 12, 0, 1
13213, 501159966, 57, 6, 1
5658, 501165624, 13, 0, 1
6132, 501171756, 19, 0, 1
5650, 501177406, 18, 0, 1
11810, 501189216, 31, 0, 1
5658, 501194874, 14, 0, 1
6101, 501200975, 27, 0, 1
5658, 501206633, 13, 0, 1
11824, 501218457, 38, 0, 1
5657, 501224114, 15, 0, 1
6134, 501230248, 36, 0, 1
5639, 501235887, 18, 0, 1
11811, 501247698, 37, 0, 1
5640, 501253338, 26, 0, 1
6151, 501259489, 16, 0, 1
5652, 501265141, 17, 0, 1
11816, 501276957, 42, 0, 1
6378, 501283335, 49, 0, 1
6600, 501289935, 27, 0, 1
6367, 501296302, 28, 1, 1
12963, 501309265, 29, 0, 1
5645, 501314910, 20, 0, 1
6132, 501321042, 24, 0, 1
5658, 501326700, 18, 0, 1
11804, 501338504, 46, 0, 1
5658, 501344162, 22, 0, 1
6158, 501350320, 14, 0, 1
5651, 501355971, 25, 0, 1
11815, 501367786, 37, 0, 1
5649, 501373435, 25, 0, 1
6112, 501379547, 25, 0, 1
6112, 501385659, 26, 0, 1
11803, 501397462, 29, 0, 1
5662, 501403124, 21, 0, 1
6132, 501409256, 31, 0, 1
5645, 501414901, 20, 0, 1
11812, 501426713, 25, 0, 1
5658, 501432371, 13, 0, 1
6126, 501438497, 18, 0, 1
5658, 501444155, 11, 0, 1
11830, 501455985, 24, 0, 1
5646, 501461631, 15, 0, 1
6131, 501467762, 26, 0, 1
11303, 501479065, 38, 0, 1
6160, 501485225, 18, 0, 1
5668, 501490893, 27, 0, 1
6151, 501497044, 15, 0, 1
11314, 501508358, 28, 0, 1
6133, 501514491, 29, 0, 1
5645, 501520136, 19, 0, 1
6138, 501526274, 17, 0, 1
12693, 501538967, 59, 0, 1
6173, 501545140, 22, 0, 1
5652, 501550792, 14, 0, 1
6117, 501556909, 28, 0, 1
11302, 501568211, 31, 0, 1
6124, 501574335, 26, 0, 1
5643, 501579978, 20, 0, 1
6133, 501586111, 20, 0, 1
11273, 501597384, 39, 0, 1
6153, 501603537, 25, 0, 1
5673, 501609210, 35, 0, 1
6120, 501615330, 22, 0, 1
11285, 501626615, 24, 0, 1
6173, 501632788, 17, 0, 1
5662, 501638450, 28, 0, 1
6124, 501644574, 32, 0, 1
11309, 501655883, 29, 0, 1
6154, 501662037, 23, 0, 1
5652, 501667689, 21, 0, 1
6138, 501673827, 18, 0, 1
11291, 501685118, 34, 0, 1
6165, 501691283, 22, 0, 1
5639, 501696922, 21, 0, 1
6115, 501703037, 31, 0, 1
11312, 501714349, 31, 0, 1
6160, 501720509, 15, 0, 1
5666, 501726175, 30, 0, 1
6151, 501732326, 16, 0, 1
11301, 501743627, 47, 0, 1
6160, 501749787, 17, 0, 1
5658, 501755445, 18, 0, 1
6132, 501761577, 21, 0, 1
11285, 501772862, 29, 0, 1
6172, 501779034, 27, 0, 1
5658, 501784692, 16, 0, 1
6132, 501790824, 20, 0, 1
11278, 501802102, 43, 0, 1
6160, 501808262, 20, 0, 1
5658, 501813920, 11, 0, 1
6145, 501820065, 18, 0, 1
11316, 501831381, 16, 0, 1
6148, 501837529, 21, 0, 1
5662, 501843191, 29, 0, 1
6135, 501849326, 29, 0, 1
11285, 501860611, 41, 0, 1
6173, 501866784, 16, 0, 1
5662, 501872446, 23, 0, 1
6138, 501878584, 18, 0, 1
11291, 501889875, 28, 0, 1
6160, 501896035, 14, 0, 1
5651, 501901686, 18, 0, 1
6119, 501907805, 31, 0, 1
12678, 501920483, 57, 0, 1
6186, 501926669, 21, 0, 1
5657, 501932326, 25, 0, 1
6146, 501938472, 31, 0, 1
11304, 501949776, 25, 0, 1
6147, 501955923, 26, 0, 1
5658, 501961581, 12, 0, 1
6151, 501967732, 16, 0, 1
11266, 501978998, 37, 0, 1
6160, 501985158, 18, 0, 1
5656, 501990814, 18, 0, 1
6136, 501996950, 24, 0, 1
11315, 502008265, 35, 0, 1
6173, 502014438, 14, 0, 1
5638, 502020076, 25, 0, 1
6135, 502026211, 30, 0, 1
11298, 502037509, 23, 0, 1
6154, 502043663, 30, 0, 1
5646, 502049309, 16, 0, 1
6151, 502055460, 18, 0, 1
11303, 502066763, 25, 0, 1
6155, 502072918, 31, 0, 1
5658, 502078576, 11, 0, 1
6119, 502084695, 27, 0, 1
11308, 502096003, 46, 0, 1
6149, 502102152, 22, 0, 1
5651, 502107803, 29, 0, 1
6126, 502113929, 23, 0, 1
11327, 502125256, 49, 0, 1
6145, 502131401, 29, 0, 1
5665, 502137066, 34, 0, 1
6119, 502143185, 23, 0, 1
11320, 502154505, 39, 0, 1
6157, 502160662, 25, 0, 1
5658, 502166320, 10, 0, 1
6126, 502172446, 19, 0, 1
11298, 502183744, 38, 1, 1
6148, 502189892, 25, 0, 1
5652, 502195544, 16, 0, 1
6139, 502201683, 25, 0, 1
928545, 503130228, 15843, 5239, 9
6738, 503136966, 79, 1, 1
6438, 503143404, 24, 0, 1
497702, 503641106, 72, 17, 1
18765, 503659871, 405, 142, 1
6441, 503666312, 35, 0, 1
6684, 503672996, 31, 0, 1
6096, 503679092, 34, 0, 1
3819445, 3819445, 75438, 5321, 14
11418930, 15238375, 59928, 13603, 20
19526888, 34765263, 18003, 5388, 11
18569109, 53334372, 23246, 5870, 2
19393588, 72727960, 17899, 5386, 11
19388377, 92116337, 19583, 5452, 11
18615804, 110732141, 23314, 7537, 2
18686328, 129418469, 18838, 5260, 11
19072881, 148491350, 18745, 5330, 11
19579632, 168070982, 20804, 5863, 11
19427147, 187498129, 18730, 5448, 11
19344961, 206843090, 18514, 5356, 11
19479357, 226322447, 18635, 5486, 11
19056581, 245379028, 20746, 5477, 11
18585752, 263964780, 23769, 5310, 11
18892197, 282856977, 19032, 5182, 11
19247359, 302104336, 18878, 5364, 11
19527478, 321631814, 19146, 5347, 11
19574266, 341206080, 18629, 5424, 11
19476335, 360682415, 18845, 5339, 11
19576120, 380258535, 18836, 5346, 11
19501473, 399760008, 19219, 5364, 11
19597222, 419357230, 18692, 5304, 11
19578547, 438935777, 18799, 5408, 11
19476633, 458412410, 18967, 5284, 11
19498645, 477911055, 19564, 5369, 11
13984143, 491895198, 29341, 2264, 19
4446263, 496341461, 8990, 863, 6
6124, 496347585, 335, 54, 1
11787, 496359372, 60, 1, 1
5663, 496365035, 20, 0, 1
6102, 496371137, 27, 0, 1
5658, 496376795, 15, 2, 1
11792, 496388587, 39, 0, 1
5646, 496394233, 17, 0, 1
6145, 496400378, 19, 0, 1
5658, 496406036, 12, 0, 1
11794, 496417830, 35, 0, 1
5646, 496423476, 15, 0, 1
6138, 496429614, 29, 0, 1
5643, 496435257, 24, 0, 1
20900, 496456157, 362, 184, 1
5658, 496461815, 30, 1, 1
6138, 496467953, 25, 0, 1
5658, 496473611, 20, 5, 1
11817, 496485428, 32, 0, 1
5658, 496491086, 13, 1, 1
6132, 496497218, 34, 0, 1
5658, 496502876, 14, 3, 1
11801, 496514677, 35, 0, 1
5657, 496520334, 29, 1, 1
6138, 496526472, 18, 0, 1
5627, 496532099, 18, 0, 1
11782, 496543881, 38, 0, 1
5652, 496549533, 27, 0, 1
6151, 496555684, 16, 0, 1
5649, 496561333, 20, 0, 1
11764, 496573097, 45, 1, 1
7039, 496580136, 105, 42, 1
6138, 496586274, 15, 0, 1
5658, 496591932, 9, 0, 1
11829, 496603761, 40, 0, 1
5658, 496609419, 13, 0, 1
6138, 496615557, 17, 0, 1
5658, 496621215, 8, 0, 1
11774, 496632989, 55, 1, 1
5658, 496638647, 13, 1, 1
6149, 496644796, 24, 0, 1
5646, 496650442, 17, 0, 1
11806, 496662248, 34, 0, 1
5658, 496667906, 11, 0, 1
6132, 496674038, 21, 0, 1
5656, 496679694, 26, 0, 1
11805, 496691499, 51, 1, 1
5658, 496697157, 19, 4, 1
6114, 496703271, 25, 0, 1
6138, 496709409, 28, 5, 1
11779, 496721188, 43, 3, 1
5658, 496726846, 13, 2, 1
6129, 496732975, 28, 0, 1
6129, 496739104, 23, 2, 1
11781, 496750885, 41, 1, 1
5658, 496756543, 11, 0, 1
6126, 496762669, 19, 0, 1
5658, 496768327, 12, 1, 1
11798, 496780125, 28, 0, 1
5658, 496785783, 11, 1, 1
6158, 496791941, 18, 1, 1
5646, 496797587, 21, 2, 1
11818, 496809405, 29, 0, 1
5660, 496815065, 36, 3, 1
6138, 496821203, 18, 0, 1
5658, 496826861, 17, 1, 1
11825, 496838686, 28, 0, 1
5640, 496844326, 18, 0, 1
6138, 496850464, 20, 0, 1
5658, 496856122, 19, 2, 1
11818, 496867940, 32, 1, 1
5657, 496873597, 24, 2, 1
6128, 496879725, 21, 0, 1
5657, 496885382, 26, 10, 1
11818, 496897200, 28, 1, 1
5658, 496902858, 17, 0, 1
6138, 496908996, 22, 3, 1
6116, 496915112, 24, 0, 1
12985, 496928097, 101, 25, 1
6373, 496934470, 15, 1, 1
6624, 496941094, 19, 0, 1
6547, 496947641, 33, 1, 1
13603, 496961244, 69, 28, 1
6116, 496967360, 23, 3, 1
6110, 496973470, 29, 0, 1
6117, 496979587, 26, 0, 1
12219, 496991806, 39, 0, 1
6114, 496997920, 36, 0, 1
6104, 497004024, 25, 0, 1
6116, 497010140, 20, 0, 1
12225, 497022365, 43, 0, 1
6122, 497028487, 30, 0, 1
6091, 497034578, 31, 0, 1
6124, 497040702, 40, 0, 1
12229, 497052931, 49, 0, 1
6102, 497059033, 23, 0, 1
6116, 497065149, 20, 0, 1
6116, 497071265, 19, 0, 1
12231, 497083496, 47, 0, 1
6116, 497089612, 16, 0, 1
6102, 497095714, 22, 0, 1
6119, 497101833, 31, 0, 1
12221, 497114054, 51, 0, 1
6115, 497120169, 35, 0, 1
6126, 497126295, 27, 0, 1
6116, 497132411, 19, 0, 1
11798, 497144209, 41, 0, 1
5638, 497149847, 28, 0, 1
6137, 497155984, 29, 0, 1
5658, 497161642, 16, 0, 1
11837, 497173479, 34, 0, 1
5657, 497179136, 21, 0, 1
6131, 497185267, 30, 0, 1
5645, 497190912, 27, 0, 1
11812, 497202724, 32, 0, 1
5657, 497208381, 21, 0, 1
6138, 497214519, 18, 0, 1
5658, 497220177, 15, 0, 1
11798, 497231975, 41, 0, 1
5645, 497237620, 31, 0, 1
6138, 497243758, 20, 1, 1
5640, 497249398, 17, 0, 1
11794, 497261192, 28, 0, 1
5663, 497266855, 24, 0, 1
6151, 497273006, 18, 0, 1
5658, 497278664, 10, 0, 1
11793, 497290457, 31, 0, 1
5658, 497296115, 16, 0, 1
6129, 497302244, 28, 0, 1
5657, 497307901, 29, 0, 1
11831, 497319732, 28, 0, 1
5658, 497325390, 13, 0, 1
6138, 497331528, 20, 0, 1
5646, 497337174, 17, 0, 1
13182, 497350356, 39, 0, 1
5658, 497356014, 10, 0, 1
6151, 497362165, 18, 0, 1
5657, 497367822, 17, 0, 1
11796, 497379618, 31, 0, 1
5658, 497385276, 16, 0, 1
6096, 497391372, 26, 0, 1
11315, 497402687, 29, 0, 1
6167, 497408854, 23, 0, 1
5658, 497414512, 14, 0, 1
6138, 497420650, 18, 0, 1
11316, 497431966, 15, 0, 1
6144, 497438110, 28, 0, 1
5634, 497443744, 21, 0, 1
6129, 497449873, 26, 0, 1
11294, 497461167, 43, 0, 1
6180, 497467347, 20, 0, 1
5661, 497473008, 33, 0, 1
6138, 497479146, 18, 0, 1
11316, 497490462, 40, 0, 1
6136, 497496598, 21, 0, 1
5644, 497502242, 26, 0, 1
6126, 497508368, 22, 0, 1
11304, 497519672, 39, 0, 1
6148, 497525820, 21, 0, 1
5658, 497531478, 10, 0, 1
6145, 497537623, 23, 0, 1
11310, 497548933, 17, 0, 1
6173, 497555106, 18, 0, 1
5668, 497560774, 21, 0, 1
6132, 497566906, 25, 0, 1
11286, 497578192, 27, 1, 1
6158, 497584350, 25, 0, 1
5658, 497590008, 10, 0, 1
6133, 497596141, 22, 0, 1
11325, 497607466, 37, 0, 1
6154, 497613620, 24, 0, 1
5658, 497619278, 13, 0, 1
6138, 497625416, 19, 0, 1
11295, 497636711, 47, 0, 1
6161, 497642872, 24, 0, 1
5652, 497648524, 15, 0, 1
6138, 497654662, 18, 0, 1
11310, 497665972, 23, 0, 1
6142, 497672114, 21, 0, 1
5646, 497677760, 21, 0, 1
6138, 497683898, 18, 0, 1
11304, 497695202, 33, 0, 1
6155, 497701357, 20, 0, 1
5644, 497707001, 28, 0, 1
6138, 497713139, 16, 0, 1
12660, 497725799, 38, 0, 1
6118, 497731917, 28, 0, 1
5658, 497737575, 11, 0, 1
6151, 497743726, 18, 0, 1
11311, 497755037, 40, 0, 1
6160, 497761197, 14, 0, 1
5652, 497766849, 14, 0, 1
6138, 497772987, 20, 0, 1
11311, 497784298, 34, 0, 1
6161, 497790459, 23, 1, 1
5652, 497796111, 14, 0, 1
6138, 497802249, 14, 0, 1
11316, 497813565, 30, 0, 1
6136, 497819701, 25, 0, 1
5655, 497825356, 28, 0, 1
6116, 497831472, 25, 0, 1
11297, 497842769, 44, 0, 1
6134, 497848903, 25, 0, 1
5659, 497854562, 30, 0, 1
6138, 497860700, 18, 0, 1
11316, 497872016, 21, 0, 1
6166, 497878182, 24, 0, 1
5658, 497883840, 16, 0, 1
6054, 497889894, 17, 0, 1
11746, 497901640, 43, 0, 1
6138, 497907778, 15, 0, 1
5652, 497913430, 16, 0, 1
6136, 497919566, 30, 0, 1
11316, 497930882, 19, 0, 1
6158, 497937040, 31, 0, 1
5658, 497942698, 13, 0, 1
6126, 497948824, 27, 0, 1
11316, 497960140, 21, 0, 1
6148, 497966288, 24, 0, 1
5658, 497971946, 12, 0, 1
6138, 497978084, 30, 0, 1
11304, 497989388, 24, 0, 1
6118, 497995506, 24, 0, 1
5661, 498001167, 30, 0, 1
6117, 498007284, 27, 0, 1
11310, 498018594, 37, 0, 1
6173, 498024767, 17, 0, 1
5658, 498030425, 11, 0, 1
6138, 498036563, 17, 0, 1
11298, 498047861, 22, 0, 1
6160, 498054021, 16, 0, 1
5652, 498059673, 17, 0, 1
6145, 498065818, 20, 0, 1
11303, 498077121, 27, 0, 1
6146, 498083267, 27, 0, 1
5657, 498088924, 26, 0, 1
7503, 498096427, 32, 0, 1
11312, 498107739, 34, 0, 1
7054, 498114793, 104, 60, 1
5658, 498120451, 23, 0, 1
6132, 498126583, 22, 0, 1
11314, 498137897, 36, 0, 1
6142, 498144039, 24, 0, 1
5645, 498149684, 20, 0, 1
6138, 498155822, 20, 0, 1
11305, 498167127, 41, 0, 1
6173, 498173300, 20, 0, 1
5656, 498178956, 24, 0, 1
6138, 498185094, 21, 0, 1
11301, 498196395, 38, 0, 1
6142, 498202537, 20, 0, 1
5666, 498208203, 29, 0, 1
6172, 498214375, 38, 0, 1
11316, 498225691, 39, 0, 1
6160, 498231851, 22, 0, 1
5650, 498237501, 17, 0, 1
6114, 498243615, 31, 0, 1
11303, 498254918, 40, 0, 1
6161, 498261079, 24, 0, 1
5639, 498266718, 24, 0, 1
6143, 498272861, 27, 0, 1
11316, 498284177, 25, 0, 1
6154, 498290331, 25, 0, 1
5662, 498295993, 23, 0, 1
6151, 498302144, 21, 0, 1
11317, 498313461, 27, 0, 1
6159, 498319620, 26, 0, 1
5661, 498325281, 26, 0, 1
6132, 498331413, 22, 0, 1
11304, 498342717, 37, 0, 1
6173, 498348890, 19, 0, 1
5657, 498354547, 33, 0, 1
6120, 498360667, 21, 0, 1
11316, 498371983, 34, 0, 1
6160, 498378143, 25, 0, 1
5658, 498383801, 11, 0, 1
6138, 498389939, 19, 0, 1
11263, 498401202, 45, 0, 1
6173, 498407375, 16, 0, 1
5652, 498413027, 15, 0, 1
6124, 498419151, 23, 0, 1
11277, 498430428, 29, 0, 1
6141, 498436569, 25, 0, 1
5658, 498442227, 14, 0, 1
6150, 498448377, 29, 0, 1
11296, 498459673, 37, 0, 1
6154, 498465827, 18, 0, 1
7040, 498472867, 44, 0, 1
6138, 498479005, 20, 0, 1
11304, 498490309, 30, 0, 1
6173, 498496482, 18, 0, 1
5658, 498502140, 12, 0, 1
6135, 498508275, 20, 0, 1
11286, 498519561, 28, 0, 1
6160, 498525721, 14, 0, 1
5649, 498531370, 22, 0, 1
6138, 498537508, 24, 0, 1
11297, 498548805, 29, 0, 1
6160, 498554965, 16, 0, 1
5658, 498560623, 15, 0, 1
6138, 498566761, 19, 0, 1
11316, 498578077, 26, 0, 1
6186, 498584263, 19, 0, 1
5658, 498589921, 11, 0, 1
6119, 498596040, 22, 0, 1
11298, 498607338, 45, 0, 1
6160, 498613498, 17, 0, 1
5658, 498619156, 11, 0, 1
6110, 498625266, 26, 0, 1
11314, 498636580, 27, 0, 1
6140, 498642720, 26, 0, 1
5658, 498648378, 15, 0, 1
6138, 498654516, 15, 0, 1
11316, 498665832, 32, 0, 1
6142, 498671974, 18, 0, 1
5660, 498677634, 27, 1, 1
14344, 498691978, 423, 99, 1
11316, 498703294, 34, 0, 1
6139, 498709433, 27, 0, 1
5658, 498715091, 14, 0, 1
6138, 498721229, 18, 0, 1
921751, 499642980, 15640, 5187, 9
6960, 499649940, 92, 10, 1
6703, 499656643, 36, 3, 1
6662, 499663305, 30, 0, 1
18516, 499681821, 448, 176, 1
6712, 499688533, 34, 0, 1
6665, 499695198, 33, 1, 1
8263, 499703461, 159, 22, 1
340602, 340602, 7098, 696, 1
4770345, 5110947, 89047, 6170, 15
15160325, 20271272, 42594, 13021, 20
19352032, 39623304, 17373, 5346, 11
18567071, 58190375, 23696, 5942, 2
19410930, 77601305, 18281, 5402, 11
19355125, 96956430, 19922, 5461, 11
18548546, 115504976, 23940, 7502, 2
18724037, 134229013, 19170, 5273, 11
19145199, 153374212, 18366, 5305, 11
19451373, 172825585, 21468, 5850, 11
19357840, 192183425, 19247, 5399, 11
19298534, 211481959, 18970, 5469, 11
19445508, 230927467, 19333, 5441, 11
19172991, 250100458, 20782, 5531, 11
18368819, 268469277, 24850, 5348, 2
18921920, 287391197, 19151, 5279, 11
19245493, 306636690, 19843, 5354, 11
19456833, 326093523, 19868, 5457, 11
19447538, 345541061, 19707, 6030, 11
19391039, 364932100, 19270, 5531, 11
19550239, 384482339, 19445, 5483, 11
19431938, 403914277, 20037, 5411, 11
19523879, 423438156, 19203, 5648, 11
19562016, 443000172, 19163, 5457, 11
19448634, 462448806, 19442, 5645, 11
19432627, 481881433, 20259, 5706, 11
11524078, 493405511, 28467, 1376, 19
2969034, 496374545, 7076, 816, 5
5658, 496380203, 36, 6, 1
11787, 496391990, 40, 0, 1
5674, 496397664, 33, 1, 1
6143, 496403807, 38, 1, 1
5663, 496409470, 19, 0, 1
11793, 496421263, 41, 0, 1
5663, 496426926, 21, 0, 1
6113, 496433039, 27, 0, 1
5658, 496438697, 13, 2, 1
11823, 496450520, 37, 0, 1
5658, 496456178, 14, 0, 1
6138, 496462316, 17, 0, 1
5658, 496467974, 13, 0, 1
11805, 496479779, 36, 1, 1
5657, 496485436, 24, 0, 1
6145, 496491581, 23, 0, 1
5651, 496497232, 20, 0, 1
11825, 496509057, 43, 3, 1
5658, 496514715, 13, 0, 1
6138, 496520853, 18, 0, 1
5658, 496526511, 19, 2, 1
11818, 496538329, 28, 1, 1
5652, 496543981, 18, 1, 1
6138, 496550119, 23, 0, 1
5658, 496555777, 13, 1, 1
11805, 496567582, 40, 0, 1
5658, 496573240, 10, 0, 1
6132, 496579372, 22, 0, 1
5658, 496585030, 12, 0, 1
11830, 496596860, 35, 0, 1
5656, 496602516, 25, 0, 1
6124, 496608640, 34, 0, 1
5646, 496614286, 19, 0, 1
11811, 496626097, 35, 0, 1
7031, 496633128, 109, 37, 1
6139, 496639267, 23, 1, 1
5651, 496644918, 20, 0, 1
11818, 496656736, 31, 1, 1
5649, 496662385, 28, 0, 1
6138, 496668523, 16, 0, 1
5660, 496674183, 25, 0, 1
11831, 496686014, 26, 0, 1
5667, 496691681, 29, 0, 1
6138, 496697819, 18, 0, 1
5658, 496703477, 14, 1, 1
11812, 496715289, 43, 0, 1
5645, 496720934, 24, 4, 1
6138, 496727072, 17, 0, 1
5658, 496732730, 26, 13, 1
11829, 496744559, 40, 0, 1
6110, 496750669, 17, 0, 1
6116, 496756785, 18, 0, 1
6109, 496762894, 30, 1, 1
11796, 496774690, 25, 0, 1
5657, 496780347, 25, 0, 1
6133, 496786480, 20, 0, 1
5652, 496792132, 16, 0, 1
11788, 496803920, 45, 0, 1
5658, 496809578, 16, 0, 1
6138, 496815716, 19, 0, 1
5658, 496821374, 15, 3, 1
11831, 496833205, 45, 0, 1
5658, 496838863, 18, 2, 1
6127, 496844990, 31, 0, 1
5656, 496850646, 32, 2, 1
11826, 496862472, 38, 4, 1
5658, 496868130, 13, 0, 1
6164, 496874294, 18, 0, 1
5657, 496879951, 16, 0, 1
11798, 496891749, 36, 2, 1
5658, 496897407, 12, 0, 1
6138, 496903545, 18, 0, 1
5658, 496909203, 14, 2, 1
11825, 496921028, 38, 0, 1
5658, 496926686, 13, 0, 1
6123, 496932809, 31, 0, 1
6122, 496938931, 24, 0, 1
12986, 496951917, 99, 8, 1
6642, 496958559, 29, 0, 1
6602, 496965161, 21, 0, 1
6591, 496971752, 27, 0, 1
12231, 496983983, 38, 0, 1
6112, 496990095, 38, 0, 1
6091, 496996186, 23, 0, 1
6104, 497002290, 21, 0, 1
13600, 497015890, 90, 38, 1
6129, 497022019, 19, 0, 1
6115, 497028134, 26, 0, 1
6116, 497034250, 19, 0, 1
12232, 497046482, 32, 0, 1
6110, 497052592, 23, 0, 1
6116, 497058708, 18, 0, 1
6116, 497064824, 20, 0, 1
13127, 497077951, 112, 63, 1
6116, 497084067, 19, 0, 1
6074, 497090141, 26, 0, 1
6114, 497096255, 27, 0, 1
12197, 497108452, 51, 0, 1
6113, 497114565, 29, 0, 1
6123, 497120688, 22, 0, 1
6116, 497126804, 18, 0, 1
12225, 497139029, 35, 0, 1
6103, 497145132, 33, 0, 1
6115, 497151247, 27, 0, 1
6116, 497157363, 24, 0, 1
11809, 497169172, 27, 0, 1
6116, 497175288, 30, 0, 1
6103, 497181391, 25, 0, 1
5615, 497187006, 23, 0, 1
11817, 497198823, 29, 0, 1
5650, 497204473, 27, 0, 1
6138, 497210611, 17, 0, 1
5643, 497216254, 21, 0, 1
11815, 497228069, 39, 0, 1
5652, 497233721, 17, 0, 1
6145, 497239866, 17, 0, 1
5642, 497245508, 26, 0, 1
11811, 497257319, 36, 0, 1
5658, 497262977, 14, 0, 1
6160, 497269137, 32, 0, 1
5650, 497274787, 21, 0, 1
11811, 497286598, 33, 0, 1
5658, 497292256, 14, 0, 1
6135, 497298391, 33, 0, 1
5634, 497304025, 25, 0, 1
11827, 497315852, 42, 0, 1
5651, 497321503, 27, 0, 1
6096, 497327599, 28, 0, 1
5640, 497333239, 20, 0, 1
11800, 497345039, 30, 0, 1
5652, 497350691, 17, 0, 1
6151, 497356842, 20, 0, 1
5652, 497362494, 17, 0, 1
11818, 497374312, 39, 0, 1
5658, 497379970, 15, 0, 1
6138, 497386108, 16, 0, 1
5657, 497391765, 25, 0, 1
13195, 497404960, 47, 0, 1
5652, 497410612, 17, 0, 1
6138, 497416750, 17, 0, 1
5658, 497422408, 11, 0, 1
11812, 497434220, 32, 0, 1
5658, 497439878, 13, 0, 1
6138, 497446016, 16, 0, 1
5658, 497451674, 10, 0, 1
11804, 497463478, 32, 0, 1
5658, 497469136, 16, 0, 1
6126, 497475262, 21, 0, 1
5658, 497480920, 15, 0, 1
11812, 497492732, 28, 0, 1
5658, 497498390, 13, 0, 1
6151, 497504541, 19, 0, 1
5657, 497510198, 17, 1, 1
11799, 497521997, 26, 0, 1
5651, 497527648, 21, 0, 1
6138, 497533786, 17, 0, 1
5646, 497539432, 18, 0, 1
11818, 497551250, 33, 0, 1
5649, 497556899, 23, 0, 1
6131, 497563030, 27, 0, 1
5646, 497568676, 17, 1, 1
11818, 497580494, 21, 0, 1
5652, 497586146, 15, 1, 1
6120, 497592266, 26, 0, 1
11319, 497603585, 40, 0, 1
6160, 497609745, 16, 0, 1
5658, 497615403, 15, 0, 1
6129, 497621532, 25, 0, 1
11292, 497632824, 43, 0, 1
15269, 497648093, 560, 439, 1
5658, 497653751, 39, 4, 1
6128, 497659879, 33, 0, 1
11316, 497671195, 33, 0, 1
6148, 497677343, 19, 0, 1
5654, 497682997, 23, 0, 1
6120, 497689117, 19, 0, 1
11292, 497700409, 31, 1, 1
6161, 497706570, 21, 0, 1
5628, 497712198, 20, 0, 1
6138, 497718336, 17, 0, 1
11321, 497729657, 23, 0, 1
6160, 497735817, 15, 0, 1
5658, 497741475, 15, 0, 1
6145, 497747620, 22, 0, 1
11277, 497758897, 39, 0, 1
6160, 497765057, 17, 0, 1
5658, 497770715, 11, 0, 1
6125, 497776840, 20, 0, 1
12662, 497789502, 43, 0, 1
6165, 497795667, 23, 0, 1
5658, 497801325, 22, 0, 1
6132, 497807457, 32, 0, 1
11303, 497818760, 35, 0, 1
6135, 497824895, 28, 0, 1
5658, 497830553, 12, 0, 1
6151, 497836704, 19, 0, 1
11291, 497847995, 38, 0, 1
6145, 497854140, 30, 0, 1
5640, 497859780, 20, 0, 1
6095, 497865875, 28, 0, 1
11316, 497877191, 20, 0, 1
6149, 497883340, 24, 0, 1
5652, 497888992, 17, 0, 1
6114, 497895106, 26, 0, 1
11316, 497906422, 19, 0, 1
6160, 497912582, 20, 0, 1
5658, 497918240, 11, 0, 1
6138, 497924378, 16, 0, 1
11780, 497936158, 34, 0, 1
6138, 497942296, 19, 0, 1
5651, 497947947, 25, 0, 1
6138, 497954085, 18, 0, 1
11316, 497965401, 28, 0, 1
6154, 497971555, 17, 0, 1
5658, 497977213, 10, 0, 1
6158, 497983371, 17, 0, 1
11304, 497994675, 28, 0, 1
6160, 498000835, 17, 0, 1
5658, 498006493, 12, 0, 1
6138, 498012631, 17, 0, 1
11316, 498023947, 36, 0, 1
6150, 498030097, 26, 0, 1
5655, 498035752, 26, 0, 1
6138, 498041890, 19, 0, 1
11308, 498053198, 44, 0, 1
6160, 498059358, 17, 0, 1
5658, 498065016, 14, 0, 1
6145, 498071161, 22, 0, 1
11298, 498082459, 21, 0, 1
6154, 498088613, 30, 0, 1
5656, 498094269, 30, 0, 1
6119, 498100388, 29, 0, 1
11318, 498111706, 48, 0, 1
6173, 498117879, 17, 0, 1
5651, 498123530, 15, 0, 1
6114, 498129644, 20, 0, 1
11316, 498140960, 15, 0, 1
6160, 498147120, 17, 0, 1
5646, 498152766, 12, 0, 1
7489, 498160255, 38, 0, 1
11305, 498171560, 44, 0, 1
6173, 498177733, 16, 0, 1
5652, 498183385, 23, 0, 1
6117, 498189502, 30, 0, 1
11293, 498200795, 42, 0, 1
6160, 498206955, 21, 0, 1
5653, 498212608, 29, 0, 1
6132, 498218740, 24, 0, 1
11313, 498230053, 31, 0, 1
6160, 498236213, 19, 0, 1
5648, 498241861, 24, 0, 1
6138, 498247999, 19, 0, 1
11310, 498259309, 31, 0, 1
6167, 498265476, 19, 0, 1
5658, 498271134, 10, 0, 1
6120, 498277254, 20, 0, 1
11299, 498288553, 43, 0, 1
6153, 498294706, 24, 0, 1
5658, 498300364, 12, 0, 1
6150, 498306514, 19, 0, 1
11309, 498317823, 25, 0, 1
6124, 498323947, 26, 0, 1
5658, 498329605, 11, 0, 1
6138, 498335743, 17, 0, 1
11315, 498347058, 27, 0, 1
6166, 498353224, 28, 0, 1
5658, 498358882, 14, 0, 1
6138, 498365020, 15, 0, 1
11319, 498376339, 36, 0, 1
6160, 498382499, 16, 0, 1
5646, 498388145, 15, 0, 1
6138, 498394283, 18, 0, 1
11302, 498405585, 37, 0, 1
6186, 498411771, 14, 0, 1
5650, 498417421, 28, 0, 1
6138, 498423559, 14, 0, 1
11316, 498434875, 39, 0, 1
6160, 498441035, 16, 0, 1
5658, 498446693, 10, 0, 1
6119, 498452812, 26, 0, 1
11278, 498464090, 38, 0, 1
6160, 498470250, 14, 0, 1
5656, 498475906, 26, 0, 1
6130, 498482036, 33, 0, 1
11316, 498493352, 16, 0, 1
6174, 498499526, 28, 0, 1
5658, 498505184, 11, 0, 1
6138, 498511322, 18, 0, 1
11298, 498522620, 19, 0, 1
6160, 498528780, 20, 0, 1
7038, 498535818, 37, 0, 1
6143, 498541961, 38, 0, 1
11315, 498553276, 33, 0, 1
6148, 498559424, 24, 0, 1
5652, 498565076, 20, 0, 1
6137, 498571213, 23, 0, 1
11307, 498582520, 30, 0, 1
6173, 498588693, 16, 0, 1
5652, 498594345, 18, 0, 1
6126, 498600471, 19, 0, 1
11309, 498611780, 27, 0, 1
6160, 498617940, 17, 0, 1
5663, 498623603, 24, 0, 1
6124, 498629727, 30, 0, 1
11311, 498641038, 47, 0, 1
6167, 498647205, 24, 0, 1
5658, 498652863, 13, 0, 1
6138, 498659001, 18, 0, 1
11321, 498670322, 36, 0, 1
6130, 498676452, 23, 0, 1
5634, 498682086, 20, 0, 1
6142, 498688228, 30, 0, 1
11305, 498699533, 38, 0, 1
6160, 498705693, 17, 0, 1
5651, 498711344, 16, 0, 1
6115, 498717459, 22, 0, 1
11288, 498728747, 39, 0, 1
6137, 498734884, 26, 0, 1
5658, 498740542, 11, 0, 1
9477, 498750019, 198, 48, 1
1101483, 499851502, 15671, 5125, 9
9366, 499860868, 268, 39, 1
6703, 499867571, 36, 2, 1
6709, 499874280, 49, 0, 1
18472, 499892752, 409, 153, 1
6712, 499899464, 28, 0, 1
6677, 499906141, 26, 0, 1
8257, 499914398, 178, 38, 1
3902007, 3902007, 76431, 4153, 14
10519857, 14421864, 56519, 13546, 20
14393564, 28815428, 14889, 4474, 19
17564245, 46379673, 20143, 4900, 11
19321111, 65700784, 18315, 5316, 11
18560566, 84261350, 23737, 7759, 2
18737968, 102999318, 19341, 5222, 11
18439426, 121438744, 18954, 5191, 11
19384612, 140823356, 19123, 5380, 11
19219405, 160042761, 21620, 5841, 11
19515462, 179558223, 18938, 5398, 11
19276142, 198834365, 18923, 5384, 11
19371382, 218205747, 20559, 5529, 11
18488313, 236694060, 19288, 5104, 11
18709188, 255403248, 24068, 5463, 11
18931817, 274335065, 18245, 5243, 11
19455143, 293790208, 18582, 5417, 11
19384805, 313175013, 18966, 5388, 11
19493951, 332668964, 19299, 5431, 11
19411285, 352080249, 18524, 5377, 11
19423231, 371503480, 18390, 5549, 11
19520056, 391023536, 18990, 5427, 11
19566783, 410590319, 18341, 5372, 11
19418266, 430008585, 18673, 5422, 11
19515399, 449523984, 18493, 5413, 11
19435508, 468959492, 18622, 5316, 11
17493428, 486452920, 28542, 4720, 2
10262562, 496715482, 16876, 498, 12
571794, 497287276, 3132, 693, 1
11773, 497299049, 47, 0, 1
5658, 497304707, 10, 2, 1
6146, 497310853, 33, 0, 1
5657, 497316510, 16, 0, 1
11791, 497328301, 43, 0, 1
5658, 497333959, 11, 0, 1
6160, 497340119, 15, 0, 1
5658, 497345777, 18, 4, 1
11809, 497357586, 34, 4, 1
5658, 497363244, 15, 0, 1
6136, 497369380, 31, 0, 1
5658, 497375038, 13, 0, 1
11783, 497386821, 40, 0, 1
5658, 497392479, 11, 0, 1
6149, 497398628, 25, 0, 1
5658, 497404286, 12, 0, 1
11773, 497416059, 31, 1, 1
5657, 497421716, 20, 0, 1
6153, 497427869, 26, 0, 1
5658, 497433527, 10, 0, 1
11774, 497445301, 48, 1, 1
5658, 497450959, 16, 2, 1
6161, 497457120, 27, 0, 1
5658, 497462778, 17, 0, 1
11790, 497474568, 34, 1, 1
5658, 497480226, 13, 0, 1
6160, 497486386, 22, 2, 1
5645, 497492031, 31, 1, 1
11809, 497503840, 38, 1, 1
5658, 497509498, 18, 0, 1
6155, 497515653, 40, 1, 1
5658, 497521311, 12, 1, 1
11784, 497533095, 50, 0, 1
5652, 497538747, 14, 0, 1
6173, 497544920, 22, 2, 1
5649, 497550569, 28, 0, 1
11757, 497562326, 43, 0, 1
5651, 497567977, 22, 0, 1
6160, 497574137, 24, 2, 1
5658, 497579795, 14, 2, 1
11812, 497591607, 44, 0, 1
5658, 497597265, 10, 0, 1
6148, 497603413, 22, 0, 1
5657, 497609070, 20, 0, 1
12254, 497621324, 44, 5, 1
5634, 497626958, 23, 0, 1
6164, 497633122, 19, 1, 1
5658, 497638780, 47, 20, 1
13607, 497652387, 118, 47, 1
5646, 497658033, 22, 5, 1
6129, 497664162, 34, 2, 1
5658, 497669820, 13, 3, 1
11765, 497681585, 37, 0, 1
5658, 497687243, 12, 0, 1
6155, 497693398, 24, 0, 1
5656, 497699054, 28, 2, 1
11778, 497710832, 35, 1, 1
5646, 497716478, 15, 0, 1
6160, 497722638, 26, 4, 1
5658, 497728296, 12, 0, 1
11809, 497740105, 35, 6, 1
5658, 497745763, 11, 0, 1
6160, 497751923, 19, 0, 1
5638, 497757561, 24, 0, 1
11789, 497769350, 23, 1, 1
5646, 497774996, 16, 0, 1
6172, 497781168, 30, 0, 1
5658, 497786826, 13, 0, 1
11783, 497798609, 40, 6, 1
5658, 497804267, 12, 0, 1
6160, 497810427, 29, 2, 1
5654, 497816081, 28, 0, 1
12260, 497828341, 39, 0, 1
5639, 497833980, 22, 0, 1
6138, 497840118, 23, 0, 1
5658, 497845776, 13, 0, 1
13107, 497858883, 94, 8, 1
6347, 497865230, 45, 5, 1
6667, 497871897, 36, 8, 1
6691, 497878588, 38, 4, 1
13150, 497891738, 49, 1, 1
6578, 497898316, 29, 0, 1
6578, 497904894, 24, 2, 1
6554, 497911448, 26, 0, 1
13150, 497924598, 48, 0, 1
6571, 497931169, 33, 0, 1
6578, 497937747, 18, 0, 1
6583, 497944330, 30, 0, 1
13150, 497957480, 42, 0, 1
6577, 497964057, 20, 0, 1
6578, 497970635, 20, 0, 1
6591, 497977226, 19, 0, 1
13150, 497990376, 37, 0, 1
6561, 497996937, 30, 0, 1
6578, 498003515, 19, 0, 1
6574, 498010089, 31, 0, 1
13307, 498023396, 58, 13, 1
6598, 498029994, 17, 0, 1
6576, 498036570, 25, 0, 1
6589, 498043159, 25, 0, 1
14521, 498057680, 57, 0, 1
6578, 498064258, 21, 0, 1
6566, 498070824, 26, 0, 1
12898, 498083722, 37, 2, 1
6577, 498090299, 27, 0, 1
6305, 498096604, 30, 0, 1
6576, 498103180, 29, 0, 1
12909, 498116089, 25, 0, 1
6285, 498122374, 20, 0, 1
6306, 498128680, 32, 0, 1
6635, 498135315, 17, 0, 1
12876, 498148191, 46, 0, 1
6309, 498154500, 13, 0, 1
6309, 498160809, 17, 0, 1
6622, 498167431, 19, 0, 1
12921, 498180352, 50, 0, 1
6305, 498186657, 31, 0, 1
6305, 498192962, 32, 0, 1
6635, 498199597, 19, 0, 1
12909, 498212506, 28, 0, 1
6294, 498218800, 26, 0, 1
6308, 498225108, 21, 0, 1
6586, 498231694, 24, 0, 1
12922, 498244616, 28, 0, 1
6291, 498250907, 18, 0, 1
6303, 498257210, 18, 0, 1
6622, 498263832, 18, 0, 1
12887, 498276719, 46, 0, 1
6309, 498283028, 17, 0, 1
6303, 498289331, 16, 0, 1
6611, 498295942, 21, 0, 1
12908, 498308850, 33, 0, 1
6295, 498315145, 23, 0, 1
6307, 498321452, 23, 0, 1
6622, 498328074, 19, 0, 1
12924, 498340998, 43, 0, 1
6305, 498347303, 28, 0, 1
6309, 498353612, 15, 0, 1
6608, 498360220, 37, 0, 1
12896, 498373116, 34, 0, 1
6284, 498379400, 23, 0, 1
6301, 498385701, 33, 0, 1
18071, 498403772, 616, 118, 1
12880, 498416652, 57, 0, 1
6279, 498422931, 26, 0, 1
6297, 498429228, 18, 0, 1
6614, 498435842, 31, 0, 1
12893, 498448735, 46, 0, 1
6282, 498455017, 25, 0, 1
6302, 498461319, 18, 0, 1
8013, 498469332, 49, 7, 1
12905, 498482237, 59, 0, 1
6309, 498488546, 14, 2, 1
6309, 498494855, 17, 0, 1
6616, 498501471, 27, 0, 1
12922, 498514393, 45, 0, 1
6299, 498520692, 27, 0, 1
6309, 498527001, 15, 0, 1
6628, 498533629, 24, 0, 1
12889, 498546518, 35, 0, 1
6313, 498552831, 24, 0, 1
6314, 498559145, 19, 0, 1
6634, 498565779, 25, 0, 1
12907, 498578686, 29, 0, 1
6301, 498584987, 21, 0, 1
6309, 498591296, 18, 0, 1
6574, 498597870, 26, 0, 1
12921, 498610791, 36, 0, 1
6283, 498617074, 28, 0, 1
6296, 498623370, 23, 0, 1
6608, 498629978, 32, 0, 1
12897, 498642875, 43, 0, 1
6309, 498649184, 11, 0, 1
6309, 498655493, 25, 0, 1
6629, 498662122, 22, 0, 1
12891, 498675013, 32, 0, 1
6329, 498681342, 24, 0, 1
6309, 498687651, 13, 0, 1
6609, 498694260, 30, 0, 1
12936, 498707196, 46, 0, 1
6324, 498713520, 33, 0, 1
6309, 498719829, 13, 0, 1
6631, 498726460, 31, 0, 1
12895, 498739355, 48, 0, 1
6297, 498745652, 19, 0, 1
6309, 498751961, 17, 0, 1
6616, 498758577, 26, 0, 1
12922, 498771499, 36, 0, 1
6309, 498777808, 13, 0, 1
6309, 498784117, 15, 0, 1
6622, 498790739, 21, 0, 1
12909, 498803648, 30, 0, 1
6297, 498809945, 17, 0, 1
6309, 498816254, 14, 0, 1
6629, 498822883, 19, 0, 1
12902, 498835785, 41, 0, 1
6305, 498842090, 26, 0, 1
6309, 498848399, 14, 0, 1
6622, 498855021, 18, 0, 1
12935, 498867956, 31, 0, 1
6303, 498874259, 20, 0, 1
7686, 498881945, 28, 0, 1
6622, 498888567, 19, 0, 1
12897, 498901464, 56, 0, 1
6309, 498907773, 15, 0, 1
6308, 498914081, 18, 0, 1
6640, 498920721, 36, 0, 1
12883, 498933604, 42, 0, 1
6289, 498939893, 20, 0, 1
6309, 498946202, 15, 0, 1
6604, 498952806, 24, 0, 1
12890, 498965696, 32, 0, 1
6591, 498972287, 20, 0, 1
6309, 498978596, 16, 0, 1
6600, 498985196, 21, 0, 1
12905, 498998101, 43, 0, 1
6309, 499004410, 16, 0, 1
6309, 499010719, 15, 0, 1
6591, 499017310, 29, 3, 1
12904, 499030214, 32, 0, 1
6319, 499036533, 26, 0, 1
6309, 499042842, 16, 0, 1
6622, 499049464, 20, 0, 1
12905, 499062369, 47, 0, 1
6303, 499068672, 24, 0, 1
6303, 499074975, 20, 0, 1
6635, 499081610, 22, 0, 1
12919, 499094529, 48, 0, 1
6309, 499100838, 13, 0, 1
6309, 499107147, 15, 0, 1
6621, 499113768, 24, 0, 1
12914, 499126682, 33, 0, 1
6302, 499132984, 18, 0, 1
6316, 499139300, 27, 0, 1
6610, 499145910, 22, 0, 1
12914, 499158824, 39, 0, 1
6309, 499165133, 15, 0, 1
6311, 499171444, 27, 0, 1
6635, 499178079, 21, 0, 1
12872, 499190951, 38, 0, 1
6309, 499197260, 14, 0, 1
6317, 499203577, 27, 0, 1
6615, 499210192, 22, 0, 1
12913, 499223105, 41, 0, 1
6308, 499229413, 20, 0, 1
6309, 499235722, 15, 0, 1
6616, 499242338, 23, 0, 1
12890, 499255228, 52, 0, 1
6309, 499261537, 17, 0, 1
6301, 499267838, 26, 0, 1
6614, 499274452, 27, 0, 1
12929, 499287381, 45, 0, 1
7686, 499295067, 30, 0, 1
6309, 499301376, 18, 0, 1
6616, 499307992, 22, 0, 1
12900, 499320892, 40, 0, 1
6309, 499327201, 15, 0, 1
6309, 499333510, 17, 0, 1
6629, 499340139, 22, 0, 1
12885, 499353024, 39, 0, 1
6301, 499359325, 28, 0, 1
6309, 499365634, 17, 0, 1
6607, 499372241, 30, 0, 1
12904, 499385145, 31, 0, 1
6308, 499391453, 20, 0, 1
6309, 499397762, 16, 0, 1
6609, 499404371, 27, 0, 1
12913, 499417284, 38, 0, 1
6309, 499423593, 15, 0, 1
6314, 499429907, 33, 0, 1
6634, 499436541, 31, 0, 1
13006, 499449547, 53, 0, 1
6360, 499455907, 34, 0, 1
6326, 499462233, 32, 0, 1
6622, 499468855, 30, 0, 1
11770, 499480625, 44, 0, 1
5657, 499486282, 18, 1, 1
5663, 499491945, 27, 0, 1
6167, 499498112, 24, 0, 1
11776, 499509888, 39, 0, 1
5651, 499515539, 20, 0, 1
5652, 499521191, 15, 0, 1
6160, 499527351, 17, 0, 1
11802, 499539153, 32, 0, 1
5645, 499544798, 20, 0, 1
5658, 499550456, 14, 0, 1
6160, 499556616, 23, 0, 1
11828, 499568444, 52, 0, 1
5658, 499574102, 13, 0, 1
5652, 499579754, 13, 0, 1
6172, 499585926, 26, 0, 1
11803, 499597729, 47, 0, 1
5643, 499603372, 21, 0, 1
5658, 499609030, 16, 0, 1
6147, 499615177, 29, 0, 1
11791, 499626968, 24, 0, 1
5640, 499632608, 25, 0, 1
5650, 499638258, 16, 0, 1
6160, 499644418, 15, 0, 1
11756, 499656174, 44, 0, 1
5658, 499661832, 11, 0, 1
5658, 499667490, 12, 0, 1
6186, 499673676, 16, 0, 1
13166, 499686842, 43, 0, 1
5662, 499692504, 21, 0, 1
5658, 499698162, 10, 0, 1
6160, 499704322, 17, 0, 1
11791, 499716113, 41, 0, 1
5659, 499721772, 27, 0, 1
5662, 499727434, 29, 0, 1
6155, 499733589, 26, 1, 1
11778, 499745367, 34, 0, 1
5658, 499751025, 14, 0, 1
5652, 499756677, 13, 0, 1
6154, 499762831, 23, 0, 1
11808, 499774639, 20, 0, 1
5651, 499780290, 21, 0, 1
5658, 499785948, 16, 0, 1
6150, 499792098, 30, 0, 1
11753, 499803851, 45, 0, 1
5658, 499809509, 8, 0, 1
5658, 499815167, 11, 0, 1
6173, 499821340, 16, 0, 1
11787, 499833127, 44, 0, 1
5658, 499838785, 13, 0, 1
5651, 499844436, 17, 0, 1
902296, 500746732, 14894, 4815, 9
14873, 500761605, 820, 99, 1
6675, 500768280, 34, 2, 1
6107, 500774387, 27, 1, 1
12185, 500786572, 369, 136, 1
13153, 500799725, 69, 3, 1
6716, 500806441, 30, 1, 1
8517, 500814958, 198, 31, 1
6333, 500821291, 36, 5, 1
