930654 930654 21353 432
6041995 6972649 86904 4366
17554961 24527610 32084 2891
18797023 43324633 20461 2850
19409336 62733969 20944 1785
19603081 82337050 17854 1373
19568945 101905995 17824 2323
19251514 121157509 21157 2473
18507097 139664606 22691 4088
19259014 158923620 18545 1737
19806987 178730607 18425 1770
19424457 198155064 21486 1384
19496536 217651600 19130 3001
19504045 237155645 18344 1445
19007552 256163197 23423 2702
18904489 275067686 20677 2493
19304513 294372199 19320 2274
19208599 313580798 19698 2222
19662070 333242868 19845 2320
19636065 352878933 20023 3137
19574109 372453042 19581 2058
19779612 392232654 19235 2135
19669862 411902516 19297 3025
19625793 431528309 20179 1425
19618475 451146784 19469 3037
19658572 470805356 19224 3619
17591902 488397258 26472 2496
7892201 496289459 19350 135
6128 496295587 38 0
5658 496301245 14 0
5658 496306903 16 0
11818 496318721 29 0
6096 496324817 23 0
5652 496330469 16 0
5657 496336126 16 0
12726 496348852 115 3
6132 496354984 25 0
5652 496360636 16 0
5656 496366292 18 0
11811 496378103 34 0
6132 496384235 19 0
5640 496389875 18 0
5652 496395527 14 0
11812 496407339 35 0
6138 496413477 18 0
5658 496419135 13 0
5652 496424787 15 0
11812 496436599 27 0
6151 496442750 17 0
5652 496448402 13 0
5658 496454060 11 0
11818 496465878 30 0
6138 496472016 17 0
5658 496477674 14 0
5658 496483332 12 0
11806 496495138 40 0
6139 496501277 17 0
5628 496506905 16 0
5658 496512563 10 0
11818 496524381 24 0
6151 496530532 17 0
5658 496536190 13 0
5658 496541848 12 0
11787 496553635 36 0
6143 496559778 21 0
5658 496565436 12 0
5658 496571094 14 0
11825 496582919 26 0
6138 496589057 18 0
5658 496594715 15 0
5658 496600373 18 0
11775 496612148 45 0
6120 496618268 23 0
5658 496623926 12 0
5658 496629584 14 0
11806 496641390 49 0
6135 496647525 24 0
5658 496653183 13 0
5658 496658841 10 0
13195 496672036 41 0
6145 496678181 17 0
5658 496683839 11 0
5651 496689490 16 0
11818 496701308 24 1
6138 496707446 15 0
5658 496713104 10 0
5658 496718762 12 0
11796 496730558 32 0
6132 496736690 19 0
5658 496742348 14 0
5652 496748000 16 0
11763 496759763 44 0
6121 496765884 23 0
5651 496771535 20 0
5663 496777198 22 0
11817 496789015 28 0
6138 496795153 16 0
5658 496800811 14 0
5658 496806469 14 0
13033 496819502 81 0
6651 496826153 25 0
6321 496832474 21 0
5649 496838123 15 0
12733 496850856 36 0
6116 496856972 15 0
6129 496863101 19 0
6115 496869216 20 0
12213 496881429 36 0
6098 496887527 18 0
6116 496893643 16 0
6116 496899759 16 0
12207 496911966 42 1
14737 496926703 312 44
6116 496932819 35 0
6116 496938935 20 0
12201 496951136 39 0
6098 496957234 21 0
6103 496963337 20 0
5658 496968995 11 0
12273 496981268 34 0
6116 496987384 16 0
6073 496993457 25 0
5652 496999109 15 0
11758 497010867 36 0
6145 497017012 16 0
5616 497022628 17 0
5658 497028286 11 0
11804 497040090 33 0
6114 497046204 22 0
5652 497051856 13 0
7023 497058879 36 0
11825 497070704 34 0
6131 497076835 20 0
5658 497082493 13 0
5658 497088151 13 0
11818 497099969 20 0
6138 497106107 15 0
5646 497111753 15 0
5652 497117405 11 0
11807 497129212 30 0
6138 497135350 18 0
5640 497140990 13 0
5658 497146648 10 0
11818 497158466 22 0
6151 497164617 19 0
5658 497170275 12 0
5639 497175914 17 0
11818 497187732 19 0
6126 497193858 17 0
5652 497199510 14 0
5646 497205156 13 0
11828 497216984 39 0
6118 497223102 28 0
5640 497228742 18 0
5633 497234375 20 0
11818 497246193 19 0
6158 497252351 14 0
6102 497258453 26 0
5651 497264104 15 0
11795 497275899 30 0
6131 497282030 22 0
5639 497287669 19 0
5651 497293320 16 0
11801 497305121 29 0
6138 497311259 18 0
5658 497316917 9 0
5658 497322575 11 0
11764 497334339 30 0
6119 497340458 24 0
5646 497346104 15 0
5657 497351761 19 0
11824 497363585 40 0
6132 497369717 20 0
5640 497375357 15 0
5657 497381014 16 0
11797 497392811 38 0
6151 497398962 17 0
5634 497404596 20 0
5645 497410241 20 0
11775 497422016 37 0
6132 497428148 18 0
7027 497435175 34 0
5658 497440833 15 0
11829 497452662 34 0
6132 497458794 19 0
5658 497464452 11 0
5658 497470110 11 0
11817 497481927 24 0
6164 497488091 17 0
6116 497494207 19 0
5658 497499865 11 0
11796 497511661 26 0
6132 497517793 16 0
5658 497523451 12 0
5658 497529109 13 0
11831 497540940 24 0
6138 497547078 16 0
5658 497552736 9 0
5658 497558394 11 0
11818 497570212 23 0
6138 497576350 13 0
5658 497582008 14 0
5658 497587666 12 0
11806 497599472 30 0
6126 497605598 23 0
5646 497611244 13 0
5652 497616896 11 0
11812 497628708 21 0
6151 497634859 14 0
5652 497640511 14 0
5658 497646169 12 0
11818 497657987 22 0
6126 497664113 18 0
5652 497669765 15 0
5639 497675404 19 0
20861 497696265 308 0
6138 497702403 24 0
5658 497708061 14 0
5658 497713719 11 0
11817 497725536 24 0
6151 497731687 17 0
5658 497737345 13 0
5652 497742997 15 0
11794 497754791 29 0
6138 497760929 16 0
5658 497766587 12 0
5657 497772244 19 0
11825 497784069 31 0
6126 497790195 18 0
5644 497795839 16 0
5652 497801491 13 0
11786 497813277 37 0
7502 497820779 40 0
5652 497826431 13 0
5650 497832081 19 0
11819 497843900 31 0
6108 497850008 19 0
5646 497855654 19 0
5640 497861294 15 0
11802 497873096 27 0
6164 497879260 21 0
6092 497885352 24 0
5651 497891003 17 0
11770 497902773 41 0
6138 497908911 18 0
5658 497914569 16 0
5658 497920227 18 0
11781 497932008 36 0
6114 497938122 22 0
5646 497943768 13 0
5662 497949430 23 0
11805 497961235 37 0
6145 497967380 20 0
5658 497973038 13 0
5658 497978696 14 0
11796 497990492 37 0
6151 497996643 20 0
5658 498002301 12 0
5662 498007963 21 0
11794 498019757 37 0
6130 498025887 28 0
5652 498031539 16 0
5658 498037197 17 0
11817 498049014 31 0
6126 498055140 20 0
5657 498060797 17 0
5652 498066449 12 0
11819 498078268 19 0
6138 498084406 19 0
5658 498090064 22 0
5658 498095722 8 0
11806 498107528 27 0
6151 498113679 15 0
5652 498119331 11 0
5658 498124989 13 0
11818 498136807 18 0
6131 498142938 23 0
5646 498148584 15 0
11837 498160421 28 0
5652 498166073 17 0
6103 498172176 23 0
5652 498177828 13 0
11792 498189620 36 0
7029 498196649 27 0
6151 498202800 22 0
5658 498208458 15 0
11798 498220256 37 0
5652 498225908 16 0
6125 498232033 20 0
5658 498237691 10 0
11812 498249503 33 0
5658 498255161 9 0
6132 498261293 22 0
5658 498266951 11 0
11787 498278738 34 0
5658 498284396 11 0
6138 498290534 16 0
5652 498296186 15 0
11801 498307987 37 0
5658 498313645 11 0
6138 498319783 25 0
5652 498325435 12 0
11800 498337235 37 0
5652 498342887 13 0
6145 498349032 19 0
5646 498354678 15 0
11797 498366475 38 0
5657 498372132 14 0
6132 498378264 18 0
5640 498383904 12 0
11824 498395728 28 0
5658 498401386 14 0
6120 498407506 22 0
5658 498413164 11 0
11771 498424935 31 0
5658 498430593 14 0
6151 498436744 16 0
5640 498442384 18 0
11793 498454177 29 0
5658 498459835 11 0
6107 498465942 19 0
5640 498471582 12 0
11783 498483365 35 0
5658 498489023 10 0
6132 498495155 17 0
5658 498500813 11 0
11818 498512631 18 0
5652 498518283 14 0
6132 498524415 25 0
5640 498530055 17 0
11797 498541852 32 0
5651 498547503 15 0
6138 498553641 21 0
8991 498562632 192 1
912069 499474701 15081 780
6427 499481128 54 0
6695 499487823 40 0
12044 499499867 377 10
13692 499513559 66 0
6930 499520489 26 0
8257 499528746 118 3
6595 499535341 27 0
13197 499548538 36 0
1507318 1507318 35461 135
7941395 9448713 88723 4238
19196765 28645478 19840 2215
19382464 48027942 19798 2930
18964467 66992409 18969 1700
19661318 86653727 17991 1366
19534451 106188178 17840 2438
19472660 125660838 18529 2261
19562452 145223290 18873 2117
19724079 164947369 18149 1950
19701184 184648553 18197 646
19616462 204265015 18391 2268
19565518 223830533 19477 2838
19540374 243370907 18336 1113
19043833 262414740 23414 3250
19574656 281989396 18801 1547
19574088 301563484 19078 2162
19528086 321091570 18695 2736
19614583 340706153 18480 2717
19644163 360350316 18192 3155
19673987 380024303 18990 1903
19613876 399638179 18588 2746
19691478 419329657 18479 1570
19638752 438968409 18664 2495
19590186 458558595 19337 3065
19637213 478195808 18478 3667
13383854 491579662 29843 1018
3903976 495483638 9264 106
11777 495495415 419 4
5658 495501073 14 0
6124 495507197 24 0
5644 495512841 26 0
11765 495524606 35 0
5658 495530264 10 0
6149 495536413 24 0
5646 495542059 17 0
11771 495553830 35 0
5658 495559488 7 0
6160 495565648 12 0
5654 495571302 26 0
11789 495583091 45 0
7035 495590126 93 0
6160 495596286 16 0
5639 495601925 14 0
11775 495613700 36 0
5652 495619352 12 0
6173 495625525 17 0
5655 495631180 27 0
11764 495642944 43 0
5638 495648582 20 0
6141 495654723 20 0
5662 495660385 27 0
11789 495672174 38 0
5664 495677838 32 0
6135 495683973 25 0
5649 495689622 32 0
11768 495701390 41 0
5658 495707048 10 0
6154 495713202 19 0
5644 495718846 27 0
11788 495730634 31 0
5658 495736292 11 0
6160 495742452 15 0
5646 495748098 15 0
11765 495759863 31 0
5652 495765515 13 0
6156 495771671 21 0
11781 495783452 35 0
5638 495789090 21 0
5668 495794758 27 0
6147 495800905 27 0
11816 495812721 19 0
5632 495818353 18 0
5656 495824009 23 0
6160 495830169 16 0
11779 495841948 41 0
5640 495847588 13 0
5658 495853246 12 0
6173 495859419 16 0
11795 495871214 30 0
5633 495876847 17 0
5658 495882505 9 0
6130 495888635 25 0
11781 495900416 41 0
5658 495906074 11 0
5647 495911721 28 0
6148 495917869 23 0
11797 495929666 36 0
5640 495935306 13 0
5668 495940974 28 0
6180 495947154 14 0
11783 495958937 32 0
7034 495965971 26 0
5658 495971629 12 0
6159 495977788 24 0
11778 495989566 32 0
5646 495995212 12 0
5658 496000870 9 0
6629 496007499 73 0
12986 496020485 67 0
6373 496026858 18 0
6333 496033191 14 0
6611 496039802 31 0
11797 496051599 30 0
6116 496057715 16 0
6068 496063783 22 0
6095 496069878 30 0
12202 496082080 46 0
6103 496088183 27 0
6129 496094312 17 0
6103 496100415 20 0
12199 496112614 39 0
6109 496118723 20 0
6098 496124821 23 0
6078 496130899 25 0
12209 496143108 34 0
6120 496149228 27 0
6116 496155344 19 0
6098 496161442 17 0
11777 496173219 35 0
6097 496179316 22 0
5658 496184974 11 0
6118 496191092 22 0
11796 496202888 23 0
5630 496208518 19 0
5637 496214155 20 0
6128 496220283 24 0
11786 496232069 36 0
5632 496237701 20 0
5633 496243334 21 0
6148 496249482 26 0
11776 496261258 32 0
5658 496266916 8 0
5643 496272559 24 0
6118 496278677 21 0
11799 496290476 45 0
5645 496296121 18 0
5652 496301773 20 0
6160 496307933 16 0
11775 496319708 39 0
5639 496325347 18 0
5652 496330999 14 0
6142 496337141 20 0
13155 496350296 43 0
5664 496355960 28 0
5652 496361612 14 0
6160 496367772 15 0
11796 496379568 32 0
5637 496385205 21 0
5632 496390837 23 0
6160 496396997 15 0
11788 496408785 32 0
5631 496414416 20 0
5658 496420074 10 0
6173 496426247 13 0
11764 496438011 38 0
5622 496443633 15 0
5658 496449291 10 0
6147 496455438 18 0
11771 496467209 36 0
5658 496472867 11 0
5658 496478525 10 0
6160 496484685 22 0
11749 496496434 39 0
6110 496502544 23 0
5658 496508202 13 0
6117 496514319 25 0
11791 496526110 30 0
6103 496532213 18 0
5658 496537871 11 0
6120 496543991 33 0
11797 496555788 27 0
6115 496561903 20 0
5658 496567561 12 0
6115 496573676 23 0
11765 496585441 38 0
6116 496591557 18 0
5670 496597227 27 0
6126 496603353 23 0
11784 496615137 45 0
5646 496620783 14 0
5633 496626416 19 0
6123 496632539 19 0
11762 496644301 36 0
5658 496649959 9 0
5646 496655605 13 0
6137 496661742 21 0
11783 496673525 30 0
5631 496679156 22 0
5645 496684801 19 0
6152 496690953 24 0
11796 496702749 21 0
5636 496708385 24 0
5656 496714041 15 0
6173 496720214 19 0
13159 496733373 55 0
5652 496739025 15 0
5658 496744683 13 0
6141 496750824 26 0
11807 496762631 54 0
5631 496768262 21 0
5658 496773920 15 0
6128 496780048 29 0
11751 496791799 48 0
5658 496797457 11 0
5658 496803115 10 0
6159 496809274 24 0
11743 496821017 40 0
5657 496826674 24 0
5652 496832326 13 0
6139 496838465 25 0
11790 496850255 35 0
5658 496855913 7 0
5658 496861571 9 0
6152 496867723 25 0
11796 496879519 25 0
5638 496885157 19 0
5640 496890797 16 0
6174 496896971 23 0
11796 496908767 28 0
6090 496914857 27 0
5658 496920515 12 0
6138 496926653 15 0
11772 496938425 27 0
5651 496944076 20 0
5662 496949738 29 0
15235 496964973 321 0
12232 496977205 43 0
5638 496982843 22 0
5645 496988488 24 0
6123 496994611 24 0
11780 497006391 40 0
5651 497012042 24 0
5652 497017694 28 0
6160 497023854 18 0
11783 497035637 31 0
5643 497041280 27 0
5645 497046925 22 0
6143 497053068 22 0
11765 497064833 36 0
5638 497070471 22 0
5658 497076129 12 0
6142 497082271 24 0
11765 497094036 36 0
5615 497099651 20 0
5658 497105309 22 0
7513 497112822 39 0
11772 497124594 24 0
5622 497130216 19 0
5648 497135864 20 0
6152 497142016 25 0
11774 497153790 46 0
5658 497159448 10 0
5652 497165100 13 0
6154 497171254 17 0
11783 497183037 29 0
5620 497188657 18 0
5638 497194295 16 0
6173 497200468 18 0
11784 497212252 36 0
5658 497217910 13 0
5656 497223566 22 0
6160 497229726 16 0
11805 497241531 43 0
5639 497247170 18 0
5652 497252822 13 0
6122 497258944 26 0
11777 497270721 30 0
5645 497276366 16 0
5658 497282024 12 0
6192 497288216 29 0
11777 497299993 35 0
5628 497305621 21 0
5660 497311281 21 0
6160 497317441 17 0
11781 497329222 34 0
5658 497334880 10 0
5658 497340538 8 0
6160 497346698 15 0
11771 497358469 36 0
5651 497364120 16 0
5658 497369778 9 0
6151 497375929 25 0
11754 497387683 27 0
5643 497393326 17 0
5645 497398971 15 0
6127 497405098 28 0
11778 497416876 28 0
5640 497422516 14 0
5655 497428171 19 0
6173 497434344 15 0
11776 497446120 40 0
5639 497451759 18 0
5652 497457411 13 0
6147 497463558 22 0
11789 497475347 37 0
5615 497480962 19 0
7013 497487975 35 0
6150 497494125 30 0
11794 497505919 41 0
5636 497511555 25 0
5640 497517195 12 0
6157 497523352 29 0
11795 497535147 35 0
5658 497540805 11 0
5658 497546463 9 0
6112 497552575 24 0
11784 497564359 31 0
5649 497570008 29 0
5639 497575647 22 0
6159 497581806 25 0
11747 497593553 37 0
5640 497599193 13 0
5632 497604825 20 0
6173 497610998 17 0
11739 497622737 39 0
5657 497628394 18 0
5655 497634049 23 0
6160 497640209 17 0
11766 497651975 26 0
5658 497657633 10 0
5652 497663285 16 0
6148 497669433 25 0
11796 497681229 24 0
5639 497686868 23 0
5636 497692504 22 0
6147 497698651 21 0
20006 497718657 264 14
5658 497724315 30 0
5645 497729960 24 0
6142 497736102 19 0
11771 497747873 35 0
5622 497753495 17 0
5652 497759147 14 0
11810 497770957 43 0
6120 497777077 21 0
865115 498642192 14296 806
8784 498650976 832 1
13380 498664356 83 0
14855 498679211 415 8
6668 498685879 37 2
6693 498692572 31 0
14679 498707251 190 5
6600 498713851 45 0
5649 498719500 18 0
2335123 2335123 49307 784
8637508 10972631 78442 4330
19360111 30332742 18749 2592
19097687 49430429 19745 2711
19196790 68627219 21225 1585
19619408 88246627 19692 1369
19402776 107649403 18470 2725
18652576 126301979 24204 3691
19000985 145302964 18745 2269
19607687 164910651 20218 2143
19199391 184110042 20828 1041
19624145 203734187 19245 1814
19594850 223329037 18825 3265
19529685 242858722 20609 985
18745082 261603804 24013 3105
19335226 280939030 18816 1888
18882476 299821506 18655 2097
19471219 319292725 19453 2670
19618441 338911166 20352 2216
19727442 358638608 18957 3157
19647346 378285954 19199 1731
19685115 397971069 19182 2391
19782012 417753081 18528 2008
19745380 437498461 18653 2277
19691528 457189989 18705 2824
19650835 476840824 19487 3345
14630531 491471355 30524 1409
4889549 496360904 10000 88
6114 496367018 364 4
11796 496378814 40 1
7035 496385849 95 0
5658 496391507 15 0
6137 496397644 23 0
11766 496409410 33 0
5652 496415062 15 0
5658 496420720 14 0
6147 496426867 26 0
11784 496438651 37 0
5646 496444297 17 0
5646 496449943 17 0
11799 496461742 31 0
6138 496467880 23 0
5652 496473532 16 0
5658 496479190 20 0
11831 496491021 21 0
6138 496497159 18 0
5646 496502805 14 0
5652 496508457 14 0
11775 496520232 39 0
6151 496526383 17 0
5646 496532029 20 0
5658 496537687 12 0
11786 496549473 43 0
6120 496555593 21 0
5652 496561245 19 0
5658 496566903 12 0
11830 496578733 32 0
6138 496584871 17 0
5658 496590529 12 0
5658 496596187 14 0
11818 496608005 26 0
6139 496614144 19 0
5658 496619802 13 0
5652 496625454 17 0
11831 496637285 31 0
6138 496643423 16 0
5658 496649081 12 0
5658 496654739 12 0
11818 496666557 34 0
6177 496672734 22 0
5658 496678392 12 0
5658 496684050 12 0
11818 496695868 37 0
6138 496702006 17 0
5658 496707664 12 0
5658 496713322 15 0
11831 496725153 36 0
6138 496731291 17 0
5652 496736943 17 0
5658 496742601 14 0
11792 496754393 44 0
7528 496761921 31 0
5658 496767579 14 0
5658 496773237 13 0
11817 496785054 41 0
6132 496791186 19 0
5658 496796844 13 0
5652 496802496 19 0
11831 496814327 23 0
6138 496820465 20 0
5633 496826098 19 0
5658 496831756 15 0
11787 496843543 37 0
6120 496849663 18 0
5658 496855321 12 0
5658 496860979 14 0
11805 496872784 47 0
6132 496878916 19 0
5657 496884573 15 0
5658 496890231 13 0
13020 496903251 73 0
6677 496909928 23 0
6333 496916261 15 0
5649 496921910 15 0
12739 496934649 40 0
6116 496940765 22 0
6110 496946875 21 0
6123 496952998 23 0
12200 496965198 43 0
6108 496971306 21 0
6098 496977404 22 0
6104 496983508 21 0
12224 496995732 37 0
6123 497001855 20 0
6098 497007953 21 0
6110 497014063 20 0
12218 497026281 41 0
6090 497032371 25 0
6112 497038483 28 0
5658 497044141 13 0
12273 497056414 31 0
6116 497062530 16 0
6110 497068640 28 0
5658 497074298 12 0
11794 497086092 31 0
6138 497092230 15 0
5658 497097888 11 0
5658 497103546 11 0
11813 497115359 46 0
6132 497121491 15 0
5655 497127146 16 0
5658 497132804 12 0
13170 497145974 53 0
6151 497152125 19 0
5658 497157783 10 0
5658 497163441 12 0
11818 497175259 24 0
6138 497181397 18 0
5658 497187055 12 0
5658 497192713 9 0
11806 497204519 41 0
6138 497210657 15 0
5652 497216309 12 0
5646 497221955 19 0
11799 497233754 37 0
6151 497239905 16 0
5639 497245544 18 0
5658 497251202 12 0
11812 497263014 42 0
6115 497269129 22 0
6098 497275227 24 0
5651 497280878 19 0
12803 497293681 54 0
6602 497300283 23 0
6373 497306656 15 0
6500 497313156 48 0
12256 497325412 36 0
6132 497331544 20 0
6117 497337661 23 0
5657 497343318 19 0
11758 497355076 32 0
6145 497361221 17 0
5658 497366879 12 0
5658 497372537 14 0
11785 497384322 42 0
6151 497390473 17 0
6110 497396583 19 0
5658 497402241 10 0
11784 497414025 30 0
6131 497420156 25 0
5646 497425802 14 0
5652 497431454 17 0
11844 497443298 25 0
6132 497449430 19 0
5640 497455070 20 0
5658 497460728 11 0
11811 497472539 31 0
6151 497478690 19 0
5658 497484348 13 0
5651 497489999 16 0
11686 497501685 29 0
6138 497507823 17 0
5646 497513469 16 0
5658 497519127 12 0
13202 497532329 48 0
6126 497538455 22 0
5658 497544113 13 0
5658 497549771 11 0
11815 497561586 37 0
6138 497567724 16 0
5658 497573382 12 0
5658 497579040 12 0
11825 497590865 33 0
6137 497597002 19 0
5658 497602660 12 0
5658 497608318 12 0
11799 497620117 37 0
6150 497626267 35 0
5634 497631901 17 0
5652 497637553 14 0
11818 497649371 21 0
6138 497655509 19 0
5646 497661155 18 0
5646 497666801 18 0
11818 497678619 31 0
6138 497684757 15 0
6115 497690872 21 0
5658 497696530 17 0
11796 497708326 24 0
6151 497714477 16 0
5658 497720135 11 0
5651 497725786 18 0
11811 497737597 36 0
6138 497743735 19 0
5622 497749357 19 0
5658 497755015 13 0
20859 497775874 374 0
6131 497782005 34 0
5646 497787651 17 0
5645 497793296 19 0
11812 497805108 22 0
6138 497811246 19 0
5643 497816889 25 0
5658 497822547 15 0
11796 497834343 37 0
6138 497840481 15 0
6115 497846596 20 0
5658 497852254 15 0
11790 497864044 26 0
6139 497870183 21 0
5640 497875823 17 0
5652 497881475 15 0
11812 497893287 33 0
6126 497899413 23 0
5658 497905071 12 0
7029 497912100 37 0
11830 497923930 31 0
6138 497930068 17 0
5634 497935702 17 0
5658 497941360 14 0
11818 497953178 25 0
6151 497959329 18 0
5658 497964987 12 0
5658 497970645 8 0
11794 497982439 33 0
6138 497988577 21 0
5640 497994217 15 0
5658 497999875 19 0
11824 498011699 37 0
6138 498017837 19 0
5658 498023495 9 0
5658 498029153 15 0
11812 498040965 23 0
6132 498047097 16 0
5652 498052749 18 0
5658 498058407 10 0
11831 498070238 20 0
6138 498076376 16 0
5645 498082021 16 0
5645 498087666 17 0
11786 498099452 43 0
6151 498105603 21 0
5640 498111243 18 0
5658 498116901 11 0
11817 498128718 26 0
6138 498134856 20 0
5658 498140514 12 0
5658 498146172 13 0
11831 498158003 21 0
6138 498164141 17 0
5658 498169799 12 0
5658 498175457 15 0
11794 498187251 39 0
6145 498193396 25 0
6109 498199505 20 0
5658 498205163 11 0
11772 498216935 35 0
6132 498223067 16 0
5620 498228687 19 0
5652 498234339 16 0
11811 498246150 37 0
6112 498252262 26 0
5658 498257920 13 0
5652 498263572 16 0
11818 498275390 25 0
6138 498281528 16 0
7035 498288563 30 0
5658 498294221 13 0
11819 498306040 30 0
6132 498312172 23 0
5640 498317812 15 0
5652 498323464 20 0
11806 498335270 38 0
6145 498341415 21 0
5658 498347073 14 0
5658 498352731 18 0
11792 498364523 38 0
6138 498370661 21 0
5652 498376313 11 0
5651 498381964 19 0
11823 498393787 40 0
6138 498399925 19 0
5658 498405583 14 0
5658 498411241 17 0
11792 498423033 38 0
6139 498429172 24 0
5658 498434830 13 0
5639 498440469 19 0
11812 498452281 24 0
6138 498458419 21 0
5628 498464047 19 0
5658 498469705 12 0
11831 498481536 21 0
6137 498487673 20 0
5658 498493331 13 0
5646 498498977 19 0
11818 498510795 32 0
6138 498516933 21 0
5658 498522591 13 0
11837 498534428 28 0
5658 498540086 11 0
6137 498546223 18 0
5652 498551875 17 0
11797 498563672 37 0
5652 498569324 18 0
6163 498575487 24 0
5658 498581145 10 0
11818 498592963 25 0
5652 498598615 16 0
6126 498604741 23 0
5658 498610399 13 0
11810 498622209 37 0
5651 498627860 19 0
6138 498633998 18 0
5658 498639656 14 0
11780 498651436 42 0
897454 499548890 15351 894
7622 499556512 158 5
6442 499562954 21 0
13398 499576352 85 0
12188 499588540 377 26
6664 499595204 36 0
6718 499601922 24 0
12510 499614432 50 0
2724675 2724675 57668 524
10535898 13260573 73022 4458
19408756 32669329 19233 2724
18993152 51662481 24282 2480
19509153 71171634 18777 1181
19744969 90916603 18575 1509
19609651 110526254 18980 2051
18462967 128989221 25857 3638
19175372 148164593 19287 1723
19919868 168084461 19156 2540
19664724 187749185 21363 752
19475851 207225036 20152 2639
19647247 226872283 19823 2705
19655177 246527460 19213 854
18348656 264876116 25173 2788
19489112 284365228 19413 1088
19142295 303507523 19049 1983
19638131 323145654 19096 2448
19769325 342914979 19414 2860
19585951 362500930 18917 2943
19749815 382250745 18891 1339
19607975 401858720 19102 2455
19784080 421642800 20140 1376
19687528 441330328 19995 1702
19669088 460999416 18774 2937
19688264 480687680 18853 3632
12235472 492923152 29231 483
3345178 496268330 8003 64
5657 496273987 25 0
5658 496279645 12 0
7543 496287188 105 0
11772 496298960 29 0
5662 496304622 15 0
5652 496310274 12 0
6186 496316460 24 0
11771 496328231 35 0
5658 496333889 13 0
5651 496339540 13 0
6136 496345676 21 0
11778 496357454 28 0
5658 496363112 23 0
5651 496368763 18 0
6161 496374924 21 0
11790 496386714 31 0
5658 496392372 6 0
5658 496398030 9 0
6160 496404190 15 0
11796 496415986 36 0
5658 496421644 16 0
5644 496427288 15 0
6154 496433442 17 0
11777 496445219 39 0
5640 496450859 15 0
5658 496456517 10 0
6149 496462666 20 0
11772 496474438 29 0
5658 496480096 13 0
5652 496485748 10 0
6159 496491907 17 0
11809 496503716 26 0
5657 496509373 28 0
5658 496515031 12 0
6159 496521190 18 0
11772 496532962 30 0
5652 496538614 17 0
5658 496544272 10 0
6173 496550445 14 0
11778 496562223 29 0
5658 496567881 13 0
5658 496573539 11 0
6141 496579680 20 0
11796 496591476 29 0
5615 496597091 22 0
5658 496602749 17 0
6167 496608916 18 0
11766 496620682 35 0
5657 496626339 14 0
5657 496631996 14 0
6129 496638125 19 0
11808 496649933 35 0
5651 496655584 19 0
7027 496662611 39 0
6131 496668742 31 5
11777 496680519 44 0
5653 496686172 26 0
5658 496691830 13 0
6163 496697993 17 0
11784 496709777 29 0
5627 496715404 20 0
5658 496721062 9 0
6154 496727216 15 0
11808 496739024 31 0
5631 496744655 19 0
5658 496750313 9 0
6160 496756473 16 0
11796 496768269 24 0
5658 496773927 11 0
5657 496779584 16 0
6172 496785756 18 0
12998 496798754 73 0
6367 496805121 21 0
6333 496811454 19 0
6623 496818077 22 0
11796 496829873 22 0
6129 496836002 19 0
6092 496842094 21 0
6110 496848204 19 0
12208 496860412 37 0
6078 496866490 26 0
6110 496872600 20 0
6079 496878679 24 0
12226 496890905 48 0
6116 496897021 21 0
6116 496903137 15 0
6116 496909253 16 0
12232 496921485 23 0
6116 496927601 18 0
6129 496933730 18 0
6116 496939846 16 0
11759 496951605 43 0
6110 496957715 24 0
5639 496963354 17 0
6132 496969486 18 0
11788 496981274 41 0
5658 496986932 13 0
5652 496992584 14 0
6124 496998708 21 0
11795 497010503 22 0
5658 497016161 13 0
5658 497021819 8 0
6167 497027986 17 0
11778 497039764 24 0
7029 497046793 25 0
5658 497052451 9 0
6160 497058611 15 0
11796 497070407 20 0
5658 497076065 8 0
5658 497081723 11 0
6186 497087909 16 0
11796 497099705 17 0
5658 497105363 11 0
5651 497111014 12 0
11774 497122788 33 0
6145 497128933 15 0
5640 497134573 11 0
5658 497140231 12 0
11818 497152049 22 0
6138 497158187 16 0
5658 497163845 12 0
5658 497169503 9 0
11806 497181309 30 0
6132 497187441 17 0
5652 497193093 18 0
5652 497198745 11 0
11818 497210563 22 0
6151 497216714 19 0
6114 497222828 21 0
5658 497228486 11 0
11796 497240282 32 0
6120 497246402 22 0
5658 497252060 12 0
5658 497257718 11 0
11831 497269549 20 0
6145 497275694 15 0
5658 497281352 11 0
5658 497287010 11 0
11812 497298822 23 0
6138 497304960 13 0
6115 497311075 24 0
5652 497316727 14 0
11762 497328489 37 0
6138 497334627 16 0
5628 497340255 18 0
5658 497345913 12 0
11765 497357678 33 0
6145 497363823 15 0
5660 497369483 25 0
5658 497375141 16 0
11805 497386946 32 0
6126 497393072 22 0
5658 497398730 13 0
5650 497404380 18 0
11821 497416201 31 0
7515 497423716 30 0
5658 497429374 13 0
5658 497435032 12 0
11812 497446844 25 0
6164 497453008 14 0
5652 497458660 15 0
5652 497464312 13 0
11798 497476110 32 0
6138 497482248 16 0
5651 497487899 18 0
5658 497493557 10 0
11822 497505379 34 0
6138 497511517 16 0
6110 497517627 22 0
5658 497523285 13 0
11796 497535081 23 0
6138 497541219 18 0
5658 497546877 12 0
5658 497552535 10 0
11831 497564366 18 0
6138 497570504 18 0
5652 497576156 17 0
5657 497581813 17 0
11812 497593625 25 0
6145 497599770 19 0
5652 497605422 12 0
5658 497611080 9 0
11818 497622898 20 0
6138 497629036 15 0
5620 497634656 19 0
5651 497640307 15 0
11794 497652101 33 0
6132 497658233 19 0
5634 497663867 17 0
5658 497669525 11 0
11817 497681342 22 0
15214 497696556 337 1
5622 497702178 41 0
5645 497707823 19 0
11806 497719629 40 0
6114 497725743 20 0
5634 497731377 18 0
5658 497737035 11 0
11801 497748836 34 0
6131 497754967 26 0
5658 497760625 11 0
5651 497766276 14 0
11799 497778075 29 0
6136 497784211 22 0
5639 497789850 17 0
5651 497795501 19 0
13148 497808649 61 0
6114 497814763 22 0
5658 497820421 13 0
5658 497826079 10 0
11818 497837897 21 0
7052 497844949 72 2
5640 497850589 19 0
5658 497856247 13 0
11806 497868053 26 0
6138 497874191 17 0
5658 497879849 11 0
5658 497885507 8 0
11783 497897290 32 0
6143 497903433 18 0
5610 497909043 17 0
5651 497914694 14 0
11769 497926463 32 0
6144 497932607 24 0
5646 497938253 15 0
5652 497943905 11 0
11799 497955704 30 0
6132 497961836 16 0
5652 497967488 11 0
5657 497973145 17 0
11825 497984970 22 0
6138 497991108 16 0
5646 497996754 14 0
5651 498002405 16 0
11805 498014210 39 0
6145 498020355 18 0
5657 498026012 14 0
5651 498031663 14 0
11818 498043481 36 0
6120 498049601 24 0
5658 498055259 12 0
5646 498060905 12 0
11781 498072686 33 0
6151 498078837 20 0
5658 498084495 13 0
5658 498090153 7 0
11812 498101965 32 0
6132 498108097 21 0
5657 498113754 13 0
5645 498119399 14 0
11813 498131212 24 0
6138 498137350 18 0
5652 498143002 17 0
5657 498148659 17 0
11793 498160452 39 0
6138 498166590 21 0
5658 498172248 13 0
5651 498177899 17 0
13157 498191056 54 0
6132 498197188 16 0
5646 498202834 17 0
5658 498208492 15 0
11842 498220334 43 0
6120 498226454 18 0
5652 498232106 14 0
5658 498237764 10 0
11770 498249534 28 0
6138 498255672 16 0
5637 498261309 22 0
5651 498266960 13 0
11787 498278747 37 0
6120 498284867 18 0
5652 498290519 15 0
5646 498296165 16 0
11795 498307960 27 0
6138 498314098 18 0
5645 498319743 19 0
5658 498325401 11 0
11805 498337206 39 0
6138 498343344 18 0
5622 498348966 20 0
5658 498354624 12 0
11818 498366442 29 0
6120 498372562 21 0
5658 498378220 11 0
5652 498383872 12 0
11781 498395653 29 0
6151 498401804 18 0
5658 498407462 10 0
5658 498413120 13 0
11786 498424906 38 0
6120 498431026 22 0
5652 498436678 13 0
5651 498442329 15 0
11806 498454135 37 0
6138 498460273 19 0
5646 498465919 15 0
5658 498471577 13 0
11797 498483374 52 0
6131 498489505 24 0
5652 498495157 16 0
5652 498500809 18 0
11826 498512635 31 0
6118 498518753 23 0
5652 498524405 15 0
5658 498530063 12 0
11807 498541870 39 0
6139 498548009 24 0
5658 498553667 11 0
115880 498669547 4325 243
783042 499452589 12054 496
6658 499459247 48 0
10611 499469858 333 13
6686 499476544 42 0
15062 499491606 67 2
7519 499499125 114 0
6834 499505959 38 0
7078 499513037 31 2
3426791 3426791 66771 1051
11139525 14566316 64239 5016
19447700 34014016 18970 2979
19114297 53128313 20594 2727
19424914 72553227 21131 1471
19619060 92172287 19718 1975
19511579 111683866 17866 2610
18747358 130431224 24048 3573
18957642 149388866 19407 2015
19876701 169265567 19292 2705
19239241 188504808 20853 843
19687018 208191826 18894 2735
19659886 227851712 18849 3124
19527428 247379140 20745 1339
18871753 266250893 24369 3063
19384916 285635809 19329 1442
18978752 304614561 20762 2346
19458775 324073336 20239 2181
19696867 343770203 20421 3272
19592182 363362385 19811 3100
19836982 383199367 18933 1599
19605832 402805199 19940 2870
19777115 422582314 19450 1734
19715536 442297850 19327 2392
19626901 461924751 19822 3098
19596362 481521113 20479 4106
11966195 493487308 28829 485
2857366 496344674 6873 100
6084 496350758 44 0
11796 496362554 21 0
5639 496368193 22 0
5640 496373833 13 0
6142 496379975 21 0
11796 496391771 28 0
5628 496397399 14 0
5659 496403058 25 0
6112 496409170 24 0
11772 496420942 30 0
5658 496426600 10 0
5638 496432238 16 0
6161 496438399 20 0
11766 496450165 28 0
5658 496455823 12 0
5658 496461481 9 0
6118 496467599 21 0
11796 496479395 26 0
5621 496485016 21 0
5658 496490674 12 0
6186 496496860 14 0
11748 496508608 28 0
5644 496514252 25 0
5658 496519910 10 0
6123 496526033 24 0
11797 496537830 26 0
5637 496543467 25 0
5658 496549125 11 0
11773 496560898 46 0
6138 496567036 16 0
5646 496572682 19 0
5658 496578340 11 0
11811 496590151 36 0
6139 496596290 19 0
5640 496601930 12 0
5658 496607588 8 0
11788 496619376 31 0
6151 496625527 13 0
5634 496631161 14 0
5650 496636811 16 0
11818 496648629 26 0
6138 496654767 15 0
5648 496660415 30 0
5658 496666073 8 0
11816 496677889 35 0
6138 496684027 15 0
5629 496689656 15 0
5660 496695316 29 0
13188 496708504 101 0
6138 496714642 16 0
5634 496720276 13 0
5646 496725922 13 0
11794 496737716 32 0
6131 496743847 26 0
5622 496749469 18 0
5652 496755121 13 0
11805 496766926 34 0
6144 496773070 27 0
5646 496778716 13 0
5658 496784374 12 0
11767 496796141 35 0
6096 496802237 26 0
5628 496807865 16 0
5658 496813523 11 0
11806 496825329 33 0
6138 496831467 18 0
5658 496837125 12 0
5658 496842783 13 0
11776 496854559 42 0
6177 496860736 17 0
5649 496866385 28 0
5658 496872043 11 0
12999 496885042 86 0
6657 496891699 30 0
6591 496898290 33 0
6310 496904600 17 0
12225 496916825 34 0
6080 496922905 23 0
6116 496929021 19 0
6110 496935131 19 0
12220 496947351 30 0
6104 496953455 18 0
6129 496959584 20 0
6108 496965692 32 0
12232 496977924 32 0
6101 496984025 28 0
6103 496990128 22 0
6118 496996246 37 0
12225 497008471 34 1
14723 497023194 303 75
6073 497029267 49 0
5658 497034925 14 0
12253 497047178 42 0
6098 497053276 23 0
6079 497059355 23 0
5634 497064989 29 0
11803 497076792 22 0
6146 497082938 30 0
5658 497088596 12 0
5658 497094254 16 0
13174 497107428 50 0
6151 497113579 18 0
5643 497119222 24 0
5658 497124880 10 0
11806 497136686 31 0
6126 497142812 17 0
5658 497148470 11 0
5652 497154122 16 0
12676 497166798 133 9
6125 497172923 24 0
5636 497178559 26 0
5658 497184217 11 0
11767 497195984 40 0
6155 497202139 34 0
5640 497207779 17 0
5658 497213437 13 0
11705 497225142 39 0
6138 497231280 16 0
5658 497236938 13 0
5645 497242583 20 0
11817 497254400 36 0
6164 497260564 12 0
5649 497266213 14 0
5652 497271865 13 0
11797 497283662 35 0
6135 497289797 35 0
5658 497295455 13 0
5648 497301103 24 0
11817 497312920 33 0
6138 497319058 15 0
6098 497325156 23 0
5658 497330814 11 0
11772 497342586 33 0
6151 497348737 22 0
6116 497354853 19 0
5646 497360499 18 0
11778 497372277 35 0
6138 497378415 16 0
6116 497384531 18 0
5652 497390183 17 0
11797 497401980 25 0
6138 497408118 13 0
5638 497413756 20 0
5660 497419416 29 0
11812 497431228 45 0
6138 497437366 22 0
5616 497442982 20 0
5652 497448634 17 0
11773 497460407 41 0
6107 497466514 25 0
5628 497472142 18 0
7035 497479177 32 0
11795 497490972 32 0
6154 497497126 33 0
5658 497502784 13 0
5651 497508435 15 0
11788 497520223 31 0
6138 497526361 14 0
5621 497531982 16 0
5640 497537622 18 0
11801 497549423 28 0
6119 497555542 23 0
5640 497561182 18 0
5658 497566840 9 0
11806 497578646 32 0
6151 497584797 19 0
5645 497590442 18 0
5652 497596094 14 0
11781 497607875 46 0
6128 497614003 26 0
5640 497619643 18 0
5658 497625301 9 0
11800 497637101 42 0
6114 497643215 23 0
5655 497648870 24 0
5651 497654521 21 0
11799 497666320 30 0
6111 497672431 26 0
5646 497678077 13 0
5651 497683728 13 0
11807 497695535 29 0
6108 497701643 28 0
6116 497707759 20 0
5639 497713398 29 0
11784 497725182 34 0
6121 497731303 22 0
5610 497736913 22 0
5658 497742571 12 0
11808 497754379 51 0
6138 497760517 19 0
5658 497766175 11 0
5640 497771815 14 0
20862 497792677 308 0
6138 497798815 24 0
5658 497804473 10 0
5652 497810125 14 0
11781 497821906 33 0
6145 497828051 23 0
5645 497833696 20 0
5651 497839347 24 0
11790 497851137 43 0
6138 497857275 17 0
7015 497864290 43 0
5638 497869928 26 0
11787 497881715 47 0
6138 497887853 17 0
5645 497893498 21 0
5657 497899155 15 0
11803 497910958 38 0
6138 497917096 16 0
5656 497922752 29 0
5658 497928410 10 0
11833 497940243 40 0
6138 497946381 17 0
5646 497952027 16 0
5658 497957685 12 0
11804 497969489 37 0
6151 497975640 17 0
5610 497981250 18 0
5651 497986901 13 0
11804 497998705 30 0
6108 498004813 19 0
5652 498010465 18 0
5631 498016096 25 0
11825 498027921 43 0
6126 498034047 18 0
5658 498039705 9 0
5657 498045362 16 0
11817 498057179 48 0
6130 498063309 28 0
5658 498068967 9 0
5658 498074625 10 0
11764 498086389 33 0
6114 498092503 22 0
5646 498098149 14 0
5652 498103801 16 0
11797 498115598 53 0
6090 498121688 22 0
5658 498127346 9 0
5658 498133004 8 0
11798 498144802 35 0
6132 498150934 22 0
5620 498156554 22 0
5661 498162215 27 0
11753 498173968 38 0
6114 498180082 25 0
5640 498185722 15 0
5658 498191380 11 0
11762 498203142 39 0
6151 498209293 17 0
5630 498214923 22 0
5651 498220574 20 0
11817 498232391 33 0
7522 498239913 39 0
5658 498245571 13 0
5658 498251229 9 0
11810 498263039 41 0
6120 498269159 18 0
5628 498274787 15 0
5646 498280433 15 0
11781 498292214 30 0
6151 498298365 16 0
5633 498303998 21 0
5658 498309656 11 0
11770 498321426 31 0
6140 498327566 29 0
5646 498333212 16 0
5650 498338862 22 0
11808 498350670 36 0
6138 498356808 15 0
5646 498362454 12 0
5628 498368082 23 0
11757 498379839 37 0
6138 498385977 16 0
5622 498391599 23 0
5639 498397238 21 0
11823 498409061 39 0
6138 498415199 17 0
5652 498420851 16 0
5661 498426512 28 0
11791 498438303 29 0
6157 498444460 39 0
5634 498450094 15 0
5643 498455737 23 0
11817 498467554 35 0
6138 498473692 17 0
5622 498479314 17 0
5646 498484960 13 0
11810 498496770 42 0
6138 498502908 17 0
5652 498508560 14 0
5639 498514199 24 0
11833 498526032 41 0
6151 498532183 18 0
5615 498537798 21 0
5625 498543423 22 0
11806 498555229 22 0
6138 498561367 14 0
5620 498566987 21 0
5644 498572631 24 0
11843 498584474 40 0
6138 498590612 17 0
5615 498596227 19 0
11798 498608025 43 0
7035 498615060 27 0
6132 498621192 20 0
889903 499511095 15424 668
13386 499524481 402 0
10618 499535099 347 2
6783 499541882 59 1
7986 499549868 42 5
14468 499564336 143 1
6387 499570723 26 0
6111 499576834 31 0
7353 499584187 52 2
