0,1,153699167.3,2967176654.3650727
2,153699168.3,180029580.0,2644991375.7880425
6,180029581.0,206242466.19,2131834795.7711167
2,206242467.19,237415154.24,2644991375.7880425
0,237415155.24,1190626862.0700002,2967176654.3650727
2,1190626863.0700002,1985952069.2699995,2644991375.7880425
13,1985952070.2699995,3810180155.19,2697371521.4486256
14,3810180156.19,3835157833.6,2446824213.8627768
6,3835157834.6,3875892022.72,2131834795.7711167
3,3875892023.72,3904156071.2599998,1443023607.5620902
1,3904156072.2599998,3947190255.8399997,1404728713.4590423
6,3947190256.8399997,3962896045.93,2131834795.7711167
10,3962896046.93,3980837371.0572724,797661017.4990699
1,3980837372.0572724,4019978627.223939,1404728713.4590423
6,4019978628.223939,4038052156.223939,2131834795.7711167
