4882147 4882147 93272 433
16235490 21117637 45545 2229
19297646 40415283 21021 1378
18626639 59041922 24775 1248
19639436 78681358 22045 1222
19594652 98276010 22998 1420
18811087 117087097 29531 1585
18908818 135995915 24090 1461
19398797 155394712 23336 627
19789252 175183964 23002 1371
19551993 194735957 25857 1263
19532580 214268537 23389 1624
19644380 233912917 23456 1525
19032302 252945219 26557 1011
18770032 271715251 23322 1023
19243961 290959212 18883 1555
19572420 310531632 19157 1127
19673940 330205572 19233 1710
19766457 349972029 19920 1757
19708919 369680948 18906 1251
19863583 389544531 19034 1188
19813888 409358419 18800 1378
19753373 429111792 19480 735
19687502 448799294 19286 1044
19706101 468505395 19078 1830
17562754 486068149 27946 1325
10063337 496131486 18546 19
312559 496444045 2783 18
5651 496449696 24 0
5658 496455354 13 0
11806 496467160 30 0
6151 496473311 17 0
5651 496478962 15 0
5658 496484620 11 0
11818 496496438 18 0
6126 496502564 19 0
5658 496508222 13 0
5658 496513880 16 0
11825 496525705 32 0
6138 496531843 17 0
5646 496537489 16 0
11806 496549295 42 0
5658 496554953 11 0
6109 496561062 23 0
5651 496566713 15 0
11818 496578531 25 0
5652 496584183 14 0
6126 496590309 21 0
5645 496595954 24 0
11807 496607761 34 0
5658 496613419 13 0
7515 496620934 101 0
5658 496626592 12 0
11804 496638396 33 0
5658 496644054 15 0
6125 496650179 23 0
5658 496655837 13 0
11809 496667646 38 0
5644 496673290 17 0
6138 496679428 16 0
5650 496685078 21 0
11787 496696865 32 0
5658 496702523 11 0
6144 496708667 21 0
5658 496714325 16 0
11806 496726131 32 0
5651 496731782 17 0
6138 496737920 16 0
5658 496743578 10 0
11844 496755422 26 0
5658 496761080 17 0
6138 496767218 11 0
5658 496772876 13 0
11793 496784669 30 0
5658 496790327 14 0
15200 496805527 340 2
5657 496811184 31 0
11800 496822984 32 0
5642 496828626 25 0
6138 496834764 16 0
5658 496840422 11 0
11825 496852247 37 0
5658 496857905 12 0
6120 496864025 20 0
5644 496869669 18 0
11788 496881457 29 0
5651 496887108 15 0
6138 496893246 14 0
5658 496898904 10 0
11825 496910729 30 0
5658 496916387 11 0
6137 496922524 15 0
5657 496928181 16 0
11799 496939980 32 0
5641 496945621 23 0
6151 496951772 17 0
5658 496957430 9 0
12338 496969768 79 0
6333 496976101 27 0
6664 496982765 22 0
6327 496989092 18 0
12279 497001371 37 0
7035 497008406 30 0
6138 497014544 17 0
6108 497020652 30 0
11784 497032436 31 0
6104 497038540 17 0
6123 497044663 19 0
6092 497050755 20 0
12184 497062939 38 0
6116 497069055 18 0
6116 497075171 18 0
6116 497081287 18 0
12245 497093532 29 0
6116 497099648 16 0
6116 497105764 18 0
5652 497111416 13 0
11764 497123180 30 0
6105 497129285 25 0
6123 497135408 17 0
5658 497141066 11 0
11844 497152910 19 0
5658 497158568 11 0
6138 497164706 15 0
5658 497170364 13 0
11812 497182176 22 0
5658 497187834 10 0
6127 497193961 17 0
5658 497199619 13 0
11811 497211430 28 0
5658 497217088 10 0
6120 497223208 19 0
5652 497228860 13 0
11823 497240683 25 0
5658 497246341 8 0
6138 497252479 16 0
5658 497258137 13 0
11787 497269924 34 0
5658 497275582 10 0
6151 497281733 17 0
5640 497287373 13 0
11806 497299179 28 0
5658 497304837 9 0
6132 497310969 17 0
5646 497316615 12 0
11831 497328446 22 0
5658 497334104 12 0
6138 497340242 15 0
5658 497345900 8 0
11784 497357684 34 0
5658 497363342 16 0
6138 497369480 16 0
5658 497375138 10 0
13200 497388338 35 0
5658 497393996 15 0
6120 497400116 20 0
5658 497405774 14 0
11818 497417592 28 0
5658 497423250 11 0
6151 497429401 15 0
5658 497435059 12 0
11817 497446876 28 0
5658 497452534 10 0
6119 497458653 24 0
5658 497464311 10 0
11831 497476142 27 0
5658 497481800 8 0
6138 497487938 17 0
5646 497493584 15 0
11818 497505402 26 0
5658 497511060 10 0
6158 497517218 17 0
5639 497522857 16 0
11805 497534662 28 0
5652 497540314 13 0
6138 497546452 16 0
5658 497552110 12 0
11831 497563941 30 0
5639 497569580 17 0
6132 497575712 17 0
5633 497581345 20 0
11800 497593145 37 0
5658 497598803 13 0
6096 497604899 23 0
5646 497610545 15 0
11812 497622357 32 0
5652 497628009 12 0
6132 497634141 17 0
5658 497639799 9 0
11811 497651610 31 0
5657 497657267 15 0
6151 497663418 18 0
5633 497669051 17 0
11800 497680851 37 0
5658 497686509 11 0
6138 497692647 24 0
5658 497698305 10 0
12718 497711023 101 2
5658 497716681 12 0
6138 497722819 17 0
5652 497728471 13 0
11794 497740265 28 0
5652 497745917 12 0
6145 497752062 18 0
5646 497757708 14 0
13188 497770896 41 0
5658 497776554 14 0
6114 497782668 19 0
5658 497788326 13 0
11819 497800145 26 0
5658 497805803 8 0
6132 497811935 15 0
5640 497817575 13 0
11794 497829369 33 0
5657 497835026 16 0
6132 497841158 22 0
5646 497846804 19 0
11805 497858609 32 0
5658 497864267 14 0
6139 497870406 20 0
6110 497876516 22 1
11782 497888298 33 0
5658 497893956 10 0
6146 497900102 23 0
5658 497905760 14 0
11818 497917578 28 0
5658 497923236 9 0
6138 497929374 19 0
5658 497935032 12 0
11830 497946862 21 0
5657 497952519 16 0
6096 497958615 21 0
5658 497964273 13 0
11793 497976066 34 0
5658 497981724 10 0
6151 497987875 17 0
5640 497993515 13 0
11812 498005327 29 0
5646 498010973 13 0
6120 498017093 16 0
5658 498022751 10 0
11811 498034562 29 0
5658 498040220 11 0
6132 498046352 17 0
5658 498052010 12 0
11805 498063815 31 0
5646 498069461 12 0
6132 498075593 21 0
5646 498081239 14 0
11830 498093069 26 0
5658 498098727 8 0
6138 498104865 17 0
5658 498110523 11 0
11818 498122341 21 0
5658 498127999 10 0
6145 498134144 23 0
7035 498141179 27 0
11817 498152996 26 0
5657 498158653 17 0
6137 498164790 23 0
5657 498170447 17 0
11819 498182266 30 0
5657 498187923 15 0
6132 498194055 14 0
5652 498199707 12 0
11788 498211495 35 0
5652 498217147 15 0
6145 498223292 23 0
5658 498228950 10 0
11824 498240774 25 0
5658 498246432 14 0
6138 498252570 17 0
5658 498258228 10 0
11826 498270054 29 0
5645 498275699 19 0
6138 498281837 16 0
5658 498287495 8 0
11780 498299275 33 0
5658 498304933 11 0
6108 498311041 20 0
5651 498316692 12 0
11830 498328522 24 0
5658 498334180 10 0
6126 498340306 18 0
5658 498345964 14 0
11794 498357758 34 0
5657 498363415 16 0
6139 498369554 19 0
5646 498375200 16 0
11818 498387018 27 0
5658 498392676 9 0
6138 498398814 19 0
5652 498404466 15 0
11812 498416278 34 0
5658 498421936 12 0
6132 498428068 19 0
5652 498433720 12 0
11804 498445524 39 0
5658 498451182 10 0
6145 498457327 17 0
5622 498462949 19 0
11817 498474766 28 0
5658 498480424 12 0
6138 498486562 16 0
5658 498492220 14 0
11807 498504027 33 0
5652 498509679 10 0
7509 498517188 34 0
5658 498522846 12 0
11800 498534646 29 0
5651 498540297 15 0
6120 498546417 18 0
11306 498557723 35 0
6167 498563890 17 0
5646 498569536 16 0
6138 498575674 19 0
11308 498586982 30 0
6159 498593141 32 0
5658 498598799 10 0
6151 498604950 24 0
11296 498616246 25 0
6154 498622400 19 0
5657 498628057 22 0
6138 498634195 21 0
11309 498645504 18 0
6199 498651703 19 0
5658 498657361 12 0
6138 498663499 19 0
11291 498674790 40 0
895261 499570051 15454 264
6817 499576868 374 1
6120 499582988 38 0
13120 499596108 49 0
12337 499608445 378 10
6675 499615120 46 0
6700 499621820 32 0
15105 499636925 159 2
6811 499643736 33 0
2090796 2090796 45187 93
9060549 11151345 80990 1820
19345768 30497113 18732 1328
19344489 49841602 19885 1578
18464403 68306005 20205 1593
19517097 87823102 19903 649
19563933 107387035 18601 1332
18778595 126165630 24528 1815
19188716 145354346 19061 1124
19758182 165112528 19472 1161
19313558 184426086 20806 885
19520459 203946545 19461 1568
19726143 223672688 19045 1634
19545542 243218230 20616 1203
18804604 262022834 24056 1259
19334673 281357507 18882 1020
18960861 300318368 18286 1257
19553417 319871785 19464 1670
19697750 339569535 18999 1727
19759149 359328684 18834 1268
19714651 379043335 18605 1666
19736215 398779550 19227 749
19701373 418480923 18967 1247
19727751 438208674 18531 512
19632100 457840774 18794 1631
19665017 477505791 19230 1673
14264015 491769806 29888 462
4669909 496439715 9622 22
6126 496445841 373 2
11742 496457583 38 0
5652 496463235 14 0
5658 496468893 14 0
6136 496475029 25 0
11788 496486817 33 0
5658 496492475 12 0
5642 496498117 21 0
6160 496504277 18 0
11786 496516063 32 0
5658 496521721 10 0
5658 496527379 12 0
6160 496533539 14 0
11757 496545296 30 0
5658 496550954 11 0
5651 496556605 24 0
6167 496562772 16 0
11796 496574568 21 0
5640 496580208 15 0
5658 496585866 13 0
6129 496591995 26 0
11770 496603765 37 0
5657 496609422 20 0
5658 496615080 11 0
6173 496621253 26 0
11788 496633041 27 0
5627 496638668 21 0
5658 496644326 23 0
6160 496650486 18 0
11809 496662295 22 0
5658 496667953 11 0
5650 496673603 16 0
6128 496679731 26 0
11767 496691498 47 0
5652 496697150 14 0
5658 496702808 11 0
6136 496708944 24 0
11796 496720740 58 0
5658 496726398 10 0
7035 496733433 90 0
6147 496739580 21 0
11779 496751359 49 0
5658 496757017 13 0
5652 496762669 23 0
6127 496768796 27 0
11796 496780592 25 0
5658 496786250 11 0
5634 496791884 20 0
6173 496798057 19 0
11778 496809835 33 0
5658 496815493 13 0
5637 496821130 22 0
6160 496827290 19 0
11784 496839074 33 0
5658 496844732 13 0
5658 496850390 10 0
6151 496856541 29 0
11769 496868310 38 0
5658 496873968 12 0
5658 496879626 17 0
6154 496885780 21 0
11782 496897562 55 0
5638 496903200 21 0
5658 496908858 13 0
6141 496914999 29 0
11783 496926782 28 0
5652 496932434 17 0
5645 496938079 18 0
15239 496953318 320 2
11796 496965114 35 0
5646 496970760 21 0
5658 496976418 14 0
6639 496983057 65 0
13020 496996077 46 0
6333 497002410 13 0
5643 497008053 22 0
6575 497014628 30 0
11778 497026406 26 0
6110 497032516 27 0
6116 497038632 18 0
12227 497050859 36 0
6110 497056969 18 0
6103 497063072 24 0
6109 497069181 24 0
12184 497081365 40 0
6089 497087454 27 0
7005 497094459 89 1
6097 497100556 29 0
12232 497112788 27 1
6116 497118904 19 0
7493 497126397 42 0
5658 497132055 12 0
11784 497143839 31 0
6151 497149990 18 0
5616 497155606 19 0
5651 497161257 18 0
11806 497173063 30 0
6124 497179187 28 0
5652 497184839 15 0
5616 497190455 21 0
11805 497202260 37 0
6138 497208398 15 0
5628 497214026 15 0
5660 497219686 26 0
11806 497231492 28 0
6151 497237643 16 0
5622 497243265 17 0
5652 497248917 22 0
11815 497260732 34 0
6145 497266877 15 0
5658 497272535 10 0
5646 497278181 16 0
11838 497290019 38 0
6101 497296120 27 0
5639 497301759 21 0
5633 497307392 23 0
11788 497319180 33 0
6138 497325318 16 0
5639 497330957 16 0
5661 497336618 31 0
11820 497348438 49 0
6102 497354540 23 0
5658 497360198 13 0
5648 497365846 25 0
11793 497377639 44 0
6174 497383813 31 0
5648 497389461 29 0
5658 497395119 9 0
11818 497406937 21 0
6138 497413075 15 0
5658 497418733 13 0
5621 497424354 21 0
11817 497436171 31 0
6138 497442309 14 0
5658 497447967 10 0
5657 497453624 20 0
11770 497465394 29 0
6148 497471542 34 0
5658 497477200 11 0
5658 497482858 12 0
11801 497494659 46 0
7515 497502174 34 0
5658 497507832 13 0
5649 497513481 21 0
11768 497525249 44 0
6096 497531345 21 0
5644 497536989 17 0
5637 497542626 26 0
11818 497554444 19 0
6138 497560582 15 0
5658 497566240 13 0
5640 497571880 15 0
11813 497583693 25 0
6116 497589809 24 0
5658 497595467 10 0
5637 497601104 23 0
11766 497612870 36 0
6135 497619005 27 0
5625 497624630 22 0
5645 497630275 20 0
11770 497642045 26 0
6113 497648158 26 0
5658 497653816 13 0
5661 497659477 28 0
11799 497671276 34 0
6132 497677408 17 0
5657 497683065 13 0
5642 497688707 21 0
11818 497700525 39 0
6151 497706676 16 0
5658 497712334 8 0
5658 497717992 14 0
11801 497729793 39 0
6138 497735931 14 0
5631 497741562 26 0
5658 497747220 16 0
11816 497759036 40 0
6138 497765174 17 0
5656 497770830 22 0
5643 497776473 22 0
11805 497788278 27 0
6138 497794416 18 0
5628 497800044 19 0
5655 497805699 31 0
11817 497817516 40 0
6138 497823654 15 0
5633 497829287 24 0
5652 497834939 16 0
11796 497846735 44 0
6151 497852886 17 0
5658 497858544 12 0
5664 497864208 21 0
13187 497877395 50 0
6138 497883533 16 0
5658 497889191 10 0
5652 497894843 13 0
11786 497906629 41 0
6138 497912767 16 0
5621 497918388 21 0
5658 497924046 12 0
11779 497935825 37 0
6138 497941963 23 0
5637 497947600 25 0
5649 497953249 22 0
11798 497965047 40 0
6138 497971185 16 0
5639 497976824 19 0
5658 497982482 9 0
11801 497994283 42 0
6121 498000404 21 0
5644 498006048 21 0
5644 498011692 20 0
11801 498023493 37 0
6138 498029631 18 0
5645 498035276 15 0
5650 498040926 27 0
11831 498052757 21 0
6130 498058887 20 0
5658 498064545 8 0
5658 498070203 13 0
11811 498082014 40 0
6151 498088165 16 0
5644 498093809 23 0
5651 498099460 20 0
11815 498111275 38 0
6096 498117371 21 0
5658 498123029 12 0
5651 498128680 27 0
11830 498140510 29 0
6138 498146648 16 0
5628 498152276 16 0
5644 498157920 26 0
11768 498169688 34 0
6151 498175839 16 0
5638 498181477 22 0
5658 498187135 9 0
11812 498198947 25 0
6132 498205079 22 0
5651 498210730 16 0
5645 498216375 19 0
11818 498228193 26 0
6138 498234331 16 0
5620 498239951 20 0
5645 498245596 24 0
13194 498258790 45 0
6138 498264928 17 0
5617 498270545 17 0
5652 498276197 14 0
11788 498287985 38 0
6120 498294105 22 0
5658 498299763 14 0
5652 498305415 16 0
11792 498317207 47 0
6139 498323346 20 0
5648 498328994 47 4
5640 498334634 22 0
11817 498346451 29 0
6138 498352589 15 0
5632 498358221 23 0
5658 498363879 13 0
11830 498375709 34 0
6138 498381847 14 0
5628 498387475 19 0
5635 498393110 25 0
11817 498404927 53 6
6151 498411078 16 0
5627 498416705 19 0
5665 498422370 27 0
11821 498434191 53 0
6132 498440323 21 0
5658 498445981 12 0
5652 498451633 13 0
11806 498463439 29 0
6130 498469569 36 0
5658 498475227 11 0
5658 498480885 11 0
11811 498492696 31 0
6138 498498834 15 0
5658 498504492 10 0
13471 498517963 238 10
11837 498529800 43 0
6138 498535938 19 0
5626 498541564 18 0
5638 498547202 23 0
11758 498558960 34 0
6138 498565098 31 0
5646 498570744 20 0
5652 498576396 16 0
11803 498588199 45 0
6138 498594337 18 0
5662 498599999 25 0
5661 498605660 33 0
11809 498617469 37 0
6132 498623601 18 0
7031 498630632 37 0
5657 498636289 21 0
11790 498648079 43 0
6151 498654230 16 0
5658 498659888 11 0
5660 498665548 29 0
11780 498677328 51 0
6114 498683442 22 0
8996 498692438 184 0
874814 499567252 14391 240
13839 499581091 661 0
6397 499587488 36 0
12313 499599801 370 8
6658 499606459 45 0
13362 499619821 49 0
8263 499628084 134 1
6615 499634699 27 0
2253050 2253050 48598 134
1470102 3723152 26759 81
12575836 16298988 61676 2261
19811437 36110425 17337 1238
18694360 54804785 20699 1242
19632265 74437050 18370 1446
19582206 94019256 17882 1270
19614190 113633446 17933 1235
19617372 133250818 18069 1197
19743844 152994662 18311 641
19746122 172740784 17820 1494
19730623 192471407 18315 1228
19611429 212082836 18052 1439
19633541 231716377 19447 1695
19610353 251326730 18679 1010
19043738 270370468 23689 928
19691913 290062381 18461 1534
19652532 309714913 19367 1098
19718419 329433332 18525 1719
19708653 349141985 19346 1754
19704601 368846586 18618 1234
19801222 388647808 19140 1083
19806847 408454655 18488 1325
19741357 428196012 18570 660
19651885 447847897 18892 989
19695069 467542966 19065 1805
17550055 485093021 27681 1206
10149940 495242961 17325 10
320576 495563537 2880 9
7040 495570577 109 1
5652 495576229 19 0
7035 495583264 90 0
11816 495595080 34 0
6138 495601218 18 0
5652 495606870 12 0
5658 495612528 10 0
11830 495624358 30 0
6138 495630496 22 0
5658 495636154 11 0
5657 495641811 16 0
11800 495653611 36 0
6138 495659749 17 0
5663 495665412 11 0
5658 495671070 15 0
11823 495682893 32 0
6120 495689013 19 0
5646 495694659 12 0
5658 495700317 10 0
11812 495712129 29 0
6145 495718274 15 0
5652 495723926 11 0
5658 495729584 10 0
11816 495741400 32 0
6145 495747545 17 0
5652 495753197 15 0
5658 495758855 12 0
11788 495770643 34 0
6138 495776781 14 0
5658 495782439 14 0
5658 495788097 12 0
11812 495799909 26 0
6151 495806060 22 0
5658 495811718 11 0
5658 495817376 10 0
11811 495829187 32 0
6138 495835325 14 0
5658 495840983 10 0
5658 495846641 11 0
11824 495858465 36 0
6138 495864603 19 0
5646 495870249 13 0
5652 495875901 17 0
11785 495887686 40 0
6138 495893824 16 0
5657 495899481 16 0
5658 495905139 8 0
11831 495916970 23 0
6096 495923066 21 0
5658 495928724 12 0
5658 495934382 8 0
11818 495946200 25 0
6164 495952364 14 0
7035 495959399 28 0
5658 495965057 13 0
11818 495976875 27 0
6132 495983007 17 0
5658 495988665 9 0
5658 495994323 18 0
11781 496006104 28 0
6138 496012242 17 0
5652 496017894 12 0
5658 496023552 10 0
11818 496035370 26 0
6144 496041514 18 0
5658 496047172 10 0
5658 496052830 11 0
11818 496064648 29 0
6138 496070786 20 0
5651 496076437 24 0
5658 496082095 11 0
12972 496095067 83 0
6664 496101731 26 0
6333 496108064 18 0
5647 496113711 23 0
12245 496125956 32 0
6114 496132070 22 0
15192 496147262 355 9
5658 496152920 24 0
12254 496165174 36 0
6116 496171290 22 0
6116 496177406 16 0
6097 496183503 23 0
12221 496195724 32 0
6104 496201828 18 0
6098 496207926 20 0
6097 496214023 26 0
12219 496226242 39 0
6110 496232352 16 0
6104 496238456 24 0
5658 496244114 11 0
11797 496255911 28 0
6138 496262049 14 0
5657 496267706 14 0
5658 496273364 12 0
11817 496285181 24 0
6151 496291332 15 0
5658 496296990 10 0
5658 496302648 15 0
11811 496314459 31 0
6131 496320590 24 0
5658 496326248 9 0
5658 496331906 8 0
11844 496343750 20 0
7515 496351265 37 0
5658 496356923 13 0
5652 496362575 15 0
11818 496374393 22 0
6138 496380531 16 0
5658 496386189 13 0
5658 496391847 13 1
11831 496403678 20 0
6138 496409816 19 0
5658 496415474 11 0
5658 496421132 9 0
11818 496432950 22 0
6151 496439101 13 0
5658 496444759 10 0
5658 496450417 12 0
11805 496462222 32 0
6138 496468360 15 0
5652 496474012 20 0
5658 496479670 11 0
11819 496491489 30 0
6145 496497634 17 0
5652 496503286 17 0
5658 496508944 14 0
11818 496520762 20 0
6151 496526913 16 0
5652 496532565 17 0
5658 496538223 9 0
11811 496550034 31 0
6138 496556172 16 0
5658 496561830 17 0
5658 496567488 15 0
11825 496579313 22 0
6138 496585451 17 0
5652 496591103 16 0
5658 496596761 10 0
11824 496608585 25 0
6138 496614723 13 0
5658 496620381 12 0
5658 496626039 10 0
11831 496637870 29 0
6138 496644008 18 0
5658 496649666 11 0
5658 496655324 15 0
11800 496667124 26 0
6145 496673269 20 0
5640 496678909 20 0
5658 496684567 12 0
11817 496696384 24 0
6138 496702522 17 0
5658 496708180 11 0
5658 496713838 11 0
13221 496727059 39 0
6138 496733197 17 0
5658 496738855 9 0
5658 496744513 11 0
11816 496756329 30 0
6133 496762462 18 0
5658 496768120 9 0
5652 496773772 14 0
11800 496785572 30 0
6138 496791710 20 0
5658 496797368 9 0
5658 496803026 10 0
11787 496814813 39 0
6132 496820945 17 0
5646 496826591 16 0
5658 496832249 12 0
11794 496844043 24 0
6138 496850181 16 0
5658 496855839 12 0
5640 496861479 17 0
11821 496873300 32 0
6137 496879437 28 0
5658 496885095 10 0
5657 496890752 17 0
11797 496902549 33 1
14350 496916899 275 9
5658 496922557 29 0
5658 496928215 10 0
11816 496940031 30 0
6137 496946168 25 0
5658 496951826 11 0
5658 496957484 11 0
11830 496969314 23 0
6132 496975446 20 0
5652 496981098 17 0
5658 496986756 12 0
11818 496998574 26 0
6151 497004725 19 0
6116 497010841 25 0
5658 497016499 10 0
11770 497028269 33 0
6138 497034407 17 0
5658 497040065 11 0
5658 497045723 13 0
11830 497057553 20 0
6138 497063691 16 0
5658 497069349 13 0
5658 497075007 10 0
11764 497086771 37 0
6138 497092909 17 0
5652 497098561 12 0
5658 497104219 11 0
13196 497117415 45 0
6138 497123553 17 0
5658 497129211 10 0
5658 497134869 13 0
11818 497146687 19 0
6145 497152832 21 0
5658 497158490 13 0
5658 497164148 10 0
11788 497175936 31 0
6138 497182074 15 0
5658 497187732 11 0
5658 497193390 10 0
11831 497205221 19 0
6132 497211353 16 0
5658 497217011 12 0
5658 497222669 11 0
11818 497234487 19 0
6152 497240639 20 0
5658 497246297 11 0
5658 497251955 13 0
11812 497263767 24 0
6137 497269904 17 0
5658 497275562 13 0
5658 497281220 16 0
11819 497293039 24 0
6138 497299177 20 0
5658 497304835 12 0
5658 497310493 12 0
11818 497322311 21 0
6138 497328449 19 0
5658 497334107 14 0
5658 497339765 7 0
11830 497351595 24 0
6138 497357733 17 0
5658 497363391 11 0
5658 497369049 11 0
11812 497380861 20 0
6151 497387012 14 0
5658 497392670 13 0
5658 497398328 13 0
11818 497410146 19 0
6138 497416284 17 0
5658 497421942 12 0
5658 497427600 13 0
11830 497439430 23 0
6138 497445568 18 0
5658 497451226 13 0
5658 497456884 10 0
11812 497468696 29 0
6164 497474860 20 0
5646 497480506 15 0
7034 497487540 34 0
11818 497499358 28 0
6138 497505496 15 0
5658 497511154 10 0
5658 497516812 9 0
11819 497528631 22 0
6120 497534751 19 0
5658 497540409 12 0
5646 497546055 16 0
11818 497557873 31 0
6138 497564011 14 0
5658 497569669 12 0
11831 497581500 28 0
5657 497587157 14 0
6138 497593295 16 0
5652 497598947 12 0
11818 497610765 22 0
5658 497616423 13 0
6157 497622580 18 0
5652 497628232 15 0
11817 497640049 23 0
5658 497645707 11 0
6132 497651839 17 0
5633 497657472 17 0
11830 497669302 27 0
5663 497674965 19 0
6138 497681103 17 0
5646 497686749 20 0
11793 497698542 36 0
5658 497704200 13 0
6133 497710333 19 0
5652 497715985 13 0
11818 497727803 27 0
5658 497733461 12 0
6125 497739586 23 0
5628 497745214 18 0
11803 497757017 34 0
5658 497762675 11 0
6138 497768813 16 0
5652 497774465 13 0
11818 497786283 30 0
5658 497791941 10 0
6138 497798079 17 0
5658 497803737 10 0
11831 497815568 28 0
5658 497821226 13 0
890459 498711685 14690 231
8091 498719776 755 0
13433 498733209 77 0
8063 498741272 100 0
14533 498755805 416 6
6644 498762449 34 0
13133 498775582 27 0
8008 498783590 125 0
6617 498790207 31 0
1892688 1892688 41868 60
8278916 10171604 85101 1843
19400375 29571979 18741 1317
19355223 48927202 19139 1545
18979472 67906674 20635 1587
19585394 87492068 18797 587
19589486 107081554 17752 1368
18820726 125902280 24278 1893
19131178 145033458 18680 1101
19748493 164781951 18887 1190
19326461 184108412 20291 905
19631997 203740409 18460 1598
19724555 223464964 18292 1594
19456834 242921798 19813 1152
18776446 261698244 24111 1208
19369767 281068011 19252 974
15136052 296204063 15222 1217
3754158 299958221 4825 187
19783778 319741999 19329 1616
19780535 339522534 19509 1675
19740854 359263388 19937 1113
19702080 378965468 20016 1732
19789463 398754931 19118 740
19843309 418598240 19041 1206
19792520 438390760 18907 480
19649873 458040633 19839 1691
19683293 477723926 19878 1640
14345736 492069662 30604 414
4723350 496793012 9720 17
12226 496805238 363 1
5658 496810896 17 0
5646 496816542 20 0
6125 496822667 25 0
11778 496834445 28 0
5658 496840103 12 0
5652 496845755 16 0
6160 496851915 20 0
11782 496863697 41 0
5645 496869342 20 0
5644 496874986 24 0
7494 496882480 105 0
11794 496894274 46 0
5628 496899902 18 0
5644 496905546 23 0
6153 496911699 27 0
11758 496923457 47 0
5632 496929089 22 0
5658 496934747 16 0
6138 496940885 25 0
11755 496952640 34 0
5640 496958280 15 0
5646 496963926 18 0
6142 496970068 24 0
11771 496981839 40 0
5639 496987478 18 0
5650 496993128 25 0
6186 496999314 19 0
11790 497011104 31 0
5634 497016738 15 0
5639 497022377 25 0
6152 497028529 22 0
11758 497040287 46 0
5651 497045938 12 0
5663 497051601 25 0
6161 497057762 19 0
11765 497069527 41 0
5634 497075161 12 0
5658 497080819 10 0
6118 497086937 24 0
11803 497098740 28 0
5658 497104398 11 0
5658 497110056 9 0
6140 497116196 25 0
11796 497127992 32 0
5656 497133648 31 0
5657 497139305 16 0
6167 497145472 21 0
11766 497157238 26 0
5651 497162889 11 0
5657 497168546 19 0
11797 497180343 36 0
6151 497186494 18 0
5662 497192156 24 0
5652 497197808 13 0
11796 497209604 42 0
6101 497215705 27 0
5651 497221356 18 0
5658 497227014 10 0
11811 497238825 48 0
6125 497244950 28 0
5638 497250588 25 0
7017 497257605 28 0
11825 497269430 45 0
6096 497275526 26 0
5658 497281184 11 0
5652 497286836 17 0
11830 497298666 44 0
6120 497304786 28 0
5636 497310422 22 0
5643 497316065 26 0
13020 497329085 72 0
6653 497335738 29 0
6333 497342071 13 0
5649 497347720 11 0
12281 497360001 26 0
6120 497366121 25 0
6116 497372237 18 0
6136 497378373 26 0
12200 497390573 34 0
6125 497396698 36 0
6103 497402801 23 0
6098 497408899 18 0
12225 497421124 41 0
6091 497427215 29 0
6090 497433305 21 0
6113 497439418 35 0
12210 497451628 48 0
6107 497457735 28 0
6116 497463851 18 0
5657 497469508 26 0
20811 497490319 339 2
6116 497496435 30 0
5658 497502093 13 0
5646 497507739 15 0
11785 497519524 32 0
6112 497525636 27 0
5658 497531294 11 0
5658 497536952 14 0
11786 497548738 46 0
6123 497554861 34 0
5634 497560495 18 0
5661 497566156 27 0
11791 497577947 32 0
6151 497584098 16 0
5628 497589726 17 0
5658 497595384 11 0
11804 497607188 32 0
6138 497613326 19 0
5634 497618960 20 0
5645 497624605 19 0
11847 497636452 45 0
6138 497642590 15 0
7034 497649624 41 0
5652 497655276 14 0
11810 497667086 33 0
6131 497673217 21 0
5658 497678875 13 0
5658 497684533 11 0
11787 497696320 30 0
6138 497702458 15 0
5627 497708085 19 0
5656 497713741 29 0
11812 497725553 31 0
6131 497731684 30 0
5646 497737330 17 0
5646 497742976 14 0
11803 497754779 44 0
6138 497760917 17 0
5627 497766544 20 0
5645 497772189 21 0
11837 497784026 28 0
6138 497790164 15 0
5646 497795810 18 0
5658 497801468 11 0
11788 497813256 53 0
6121 497819377 25 0
5634 497825011 18 0
5662 497830673 27 0
11788 497842461 30 0
6102 497848563 21 0
5610 497854173 20 0
5621 497859794 23 0
11831 497871625 35 0
6138 497877763 18 0
5658 497883421 11 0
5658 497889079 12 0
11793 497900872 35 0
6151 497907023 18 0
5632 497912655 19 0
5658 497918313 12 0
11815 497930128 36 0
6101 497936229 23 0
5650 497941879 23 0
5658 497947537 10 0
11807 497959344 35 0
6132 497965476 26 0
5652 497971128 14 0
5658 497976786 10 0
11761 497988547 41 0
6138 497994685 13 0
5626 498000311 21 0
5628 498005939 13 0
11809 498017748 31 0
7515 498025263 28 0
5658 498030921 11 0
5646 498036567 25 0
11757 498048324 40 0
6128 498054452 22 0
5645 498060097 18 0
5652 498065749 15 0
11787 498077536 45 0
6138 498083674 17 0
5661 498089335 29 0
5645 498094980 21 0
11817 498106797 44 0
6138 498112935 17 0
5649 498118584 23 0
5633 498124217 25 0
11806 498136023 28 0
6177 498142200 16 0
5646 498147846 14 0
5651 498153497 20 0
11806 498165303 25 0
6138 498171441 17 0
5658 498177099 10 0
5658 498182757 9 0
11803 498194560 42 0
6138 498200698 18 0
5651 498206349 11 0
5646 498211995 15 0
11775 498223770 62 0
6125 498229895 23 0
5651 498235546 17 0
5658 498241204 10 0
11808 498253012 44 0
6125 498259137 23 0
5640 498264777 15 0
5658 498270435 30 0
11797 498282232 52 0
6143 498288375 30 0
5651 498294026 18 0
5633 498299659 18 0
11809 498311468 49 0
6111 498317579 27 0
5651 498323230 22 0
5631 498328861 22 0
11821 498340682 50 0
6119 498346801 27 0
5658 498352459 12 0
5650 498358109 25 0
11788 498369897 33 0
6151 498376048 17 0
5634 498381682 17 0
5658 498387340 12 0
13177 498400517 63 0
6138 498406655 18 0
5661 498412316 21 0
5650 498417966 28 0
11782 498429748 44 0
6138 498435886 14 0
5640 498441526 14 0
5610 498447136 18 0
11812 498458948 54 0
6138 498465086 18 0
5621 498470707 21 0
5648 498476355 26 0
11793 498488148 37 0
6138 498494286 19 0
5652 498499938 10 0
5652 498505590 19 0
11812 498517402 31 0
6152 498523554 22 0
5645 498529199 20 0
5645 498534844 19 0
11806 498546650 30 0
6145 498552795 17 0
5652 498558447 14 0
5652 498564099 29 0
11813 498575912 25 0
6138 498582050 14 0
5640 498587690 12 0
5645 498593335 17 0
11806 498605141 32 0
6151 498611292 14 0
5645 498616937 16 0
5658 498622595 7 0
11822 498634417 39 0
6114 498640531 21 0
5658 498646189 13 0
5658 498651847 14 0
11794 498663641 43 0
6138 498669779 16 0
5639 498675418 14 0
5652 498681070 10 0
11813 498692883 38 0
6138 498699021 15 0
5632 498704653 23 0
5656 498710309 27 0
11825 498722134 36 0
6138 498728272 14 0
5639 498733911 16 0
5648 498739559 18 0
11781 498751340 33 0
6151 498757491 16 0
5658 498763149 10 0
5661 498768810 22 0
13173 498781983 59 0
6101 498788084 25 0
5650 498793734 17 0
5652 498799386 13 0
11831 498811217 29 0
6132 498817349 20 0
5652 498823001 14 0
5652 498828653 15 0
11776 498840429 31 0
6151 498846580 17 0
5631 498852211 21 0
5639 498857850 24 0
11767 498869617 54 0
6138 498875755 18 0
5652 498881407 8 0
5652 498887059 15 0
11823 498898882 36 0
6138 498905020 16 0
5652 498910672 15 0
5655 498916327 32 0
11775 498928102 36 0
6138 498934240 14 0
5660 498939900 28 0
5651 498945551 18 0
11781 498957332 44 0
6136 498963468 27 0
5658 498969126 11 0
5631 498974757 22 0
11812 498986569 30 0
6139 498992708 19 0
5643 498998351 18 0
5658 499004009 8 0
11806 499015815 24 0
6126 499021941 24 0
5658 499027599 11 0
783889 499811488 12744 319
135213 499946701 2728 37
13882 499960583 343 12
6692 499967275 46 0
6662 499973937 23 0
18808 499992745 388 4
6449 499999194 28 0
6697 500005891 26 0
9058 500014949 124 0
4278850 4278850 83040 297
14757850 19036700 54739 2326
13790185 32826885 13475 811
5829238 38656123 4488 306
19056924 57713047 20754 1260
19691298 77404345 18367 1481
19628748 97033093 17726 1322
18857489 115890582 23889 1840
19231659 135122241 17745 1192
19729921 154852162 18850 638
19357275 174209437 20598 1465
19763818 193973255 18553 1213
19749928 213723183 18443 1456
19635414 233358597 20214 1632
19378072 252736669 18697 1167
18826261 271562930 24513 965
18917106 290480036 19061 1386
19558424 310038460 20188 1009
19701028 329739488 19224 1577
19839719 349579207 19236 1802
19643351 369222558 19682 1224
19786152 389008710 19863 1255
19770082 408778792 19020 1362
19836535 428615327 18564 705
19773468 448388795 18954 910
19694103 468082898 19561 1771
18878760 486961658 26233 1485
10856273 497817931 21320 13
1700909 499518840 4931 20
11757 499530597 52 0
5628 499536225 19 0
5651 499541876 19 0
6160 499548036 18 0
11764 499559800 35 0
5645 499565445 19 0
5651 499571096 13 0
6143 499577239 22 0
11790 499589029 30 0
5632 499594661 20 0
5658 499600319 11 0
6160 499606479 21 0
11771 499618250 43 0
5651 499623901 25 0
5658 499629559 8 0
6154 499635713 18 0
11770 499647483 39 0
5658 499653141 12 0
5658 499658799 12 0
6186 499664985 26 0
11789 499676774 31 0
5634 499682408 18 0
5651 499688059 30 0
6118 499694177 22 0
11769 499705946 37 0
5658 499711604 14 0
5657 499717261 20 0
6129 499723390 29 0
11783 499735173 39 0
5659 499740832 31 0
5658 499746490 12 0
6173 499752663 21 0
11771 499764434 45 0
5625 499770059 22 0
5658 499775717 18 0
6135 499781852 30 0
11788 499793640 41 0
5658 499799298 14 0
5656 499804954 24 0
7531 499812485 112 0
11764 499824249 48 0
5627 499829876 22 0
5633 499835509 18 0
6160 499841669 18 0
11799 499853468 47 0
5627 499859095 22 0
5658 499864753 12 0
6139 499870892 24 0
11772 499882664 27 0
5616 499888280 17 0
5658 499893938 9 0
6142 499900080 32 0
11789 499911869 34 0
5640 499917509 21 0
5658 499923167 11 0
6154 499929321 22 0
11784 499941105 34 0
5646 499946751 19 0
5658 499952409 11 0
6117 499958526 24 0
11812 499970338 41 0
5638 499975976 18 0
5638 499981614 27 0
11823 499993437 45 0
6119 499999556 20 0
5645 500005201 16 0
5652 500010853 13 0
11806 500022659 29 0
6114 500028773 21 0
5621 500034394 19 0
5651 500040045 19 0
13046 500053091 89 0
6664 500059755 22 0
6285 500066040 24 0
5649 500071689 13 0
12237 500083926 44 0
6123 500090049 28 0
6091 500096140 25 0
6073 500102213 24 0
12194 500114407 44 0
6116 500120523 17 0
6116 500126639 17 0
6127 500132766 26 0
12235 500145001 41 0
6086 500151087 23 0
6116 500157203 25 0
6074 500163277 23 0
11777 500175054 50 0
6151 500181205 15 0
6092 500187297 20 0
7043 500194340 45 0
11796 500206136 25 0
6140 500212276 36 0
5658 500217934 12 0
5640 500223574 9 0
11775 500235349 34 0
6119 500241468 27 0
5633 500247101 22 0
5636 500252737 23 0
11788 500264525 44 0
6138 500270663 18 0
5658 500276321 12 0
5652 500281973 14 0
11790 500293763 31 0
6129 500299892 29 0
5632 500305524 17 0
5639 500311163 14 0
11802 500322965 37 0
6144 500329109 25 0
5640 500334749 17 0
5646 500340395 22 0
11810 500352205 39 0
6120 500358325 23 0
5658 500363983 11 0
5651 500369634 15 0
11811 500381445 27 0
6138 500387583 17 0
5658 500393241 11 0
5656 500398897 31 0
11786 500410683 46 0
15226 500425909 344 2
5623 500431532 37 0
5658 500437190 12 0
11815 500449005 34 0
6138 500455143 16 0
5642 500460785 19 0
5652 500466437 20 0
11833 500478270 38 0
6138 500484408 15 0
5657 500490065 20 0
5658 500495723 10 0
11802 500507525 42 0
6138 500513663 17 0
5643 500519306 15 0
5651 500524957 18 0
11792 500536749 39 0
6138 500542887 15 0
5640 500548527 15 0
5651 500554178 23 0
11818 500565996 19 0
6120 500572116 19 0
7017 500579133 29 0
5652 500584785 16 0
11758 500596543 37 0
6138 500602681 14 0
5621 500608302 21 0
5656 500613958 25 0
11808 500625766 39 0
6138 500631904 13 0
5652 500637556 10 0
5652 500643208 12 0
11781 500654989 36 0
6151 500661140 13 0
5622 500666762 19 0
5658 500672420 9 0
11818 500684238 35 0
6138 500690376 16 0
5644 500696020 16 0
5657 500701677 25 0
11807 500713484 43 0
6138 500719622 19 0
5652 500725274 14 0
5658 500730932 10 0
11785 500742717 37 0
6145 500748862 15 0
5634 500754496 15 0
5660 500760156 25 0
11830 500771986 41 0
6134 500778120 33 0
5656 500783776 28 0
5656 500789432 18 0
11811 500801243 53 0
6156 500807399 29 0
5652 500813051 13 0
5655 500818706 29 0
11792 500830498 25 0
6138 500836636 17 0
5632 500842268 21 0
5636 500847904 24 0
11806 500859710 38 0
6046 500865756 28 0
5651 500871407 18 0
5621 500877028 19 0
11807 500888835 26 0
6133 500894968 17 0
5645 500900613 17 0
5646 500906259 21 0
11806 500918065 32 0
6138 500924203 16 0
5652 500929855 16 0
5645 500935500 27 0
11800 500947300 42 0
7502 500954802 44 0
6116 500960918 18 0
5637 500966555 21 0
11790 500978345 29 0
6143 500984488 24 0
5621 500990109 23 0
5633 500995742 19 0
11819 501007561 27 0
6132 501013693 21 0
5640 501019333 25 0
5652 501024985 13 0
11780 501036765 34 0
6143 501042908 20 0
5658 501048566 10 0
5658 501054224 9 0
11797 501066021 34 0
6138 501072159 17 0
5647 501077806 24 0
5642 501083448 26 0
11829 501095277 29 0
6111 501101388 25 0
5658 501107046 11 0
5652 501112698 13 0
11818 501124516 27 0
6151 501130667 16 0
5658 501136325 13 0
5657 501141982 23 0
11781 501153763 31 0
6138 501159901 15 0
5651 501165552 16 0
5644 501171196 26 0
11802 501182998 31 0
6138 501189136 15 0
5642 501194778 26 0
5646 501200424 21 0
11793 501212217 38 0
6125 501218342 21 0
5642 501223984 22 0
5651 501229635 26 0
11830 501241465 29 0
6489 501247954 36 0
6344 501254298 18 0
8352 501262650 167 0
13018 501275668 39 0
6677 501282345 21 0
6327 501288672 18 0
5649 501294321 16 0
12265 501306586 55 0
6126 501312712 20 0
5658 501318370 11 0
5656 501324026 28 0
13208 501337234 36 0
6138 501343372 16 0
5652 501349024 13 0
5652 501354676 23 0
11812 501366488 40 0
6151 501372639 13 0
5628 501378267 14 0
5634 501383901 14 0
11809 501395710 37 0
6138 501401848 16 0
5628 501407476 17 0
5652 501413128 15 0
11806 501424934 35 0
6138 501431072 15 0
5658 501436730 20 0
5651 501442381 20 0
11794 501454175 31 0
6126 501460301 17 0
5646 501465947 14 0
5652 501471599 15 0
11787 501483386 39 0
6138 501489524 30 0
5658 501495182 13 0
5658 501500840 8 0
11805 501512645 32 0
6151 501518796 18 0
5621 501524417 21 0
5648 501530065 20 0
11789 501541854 44 0
6138 501547992 17 0
5668 501553660 17 0
5646 501559306 19 0
11827 501571133 40 0
6139 501577272 17 0
5616 501582888 21 0
5651 501588539 19 0
11805 501600344 36 0
6156 501606500 29 0
5647 501612147 21 0
5658 501617805 9 0
11788 501629593 48 0
6138 501635731 16 0
5656 501641387 18 0
5663 501647050 25 0
11798 501658848 43 0
6138 501664986 19 0
5631 501670617 23 0
5658 501676275 10 0
11773 501688048 37 0
6138 501694186 20 0
5628 501699814 21 0
5658 501705472 11 0
13180 501718652 53 0
6138 501724790 16 0
5650 501730440 19 0
5651 501736091 19 0
11833 501747924 45 0
6151 501754075 15 0
5646 501759721 14 0
5653 501765374 22 0
11798 501777172 24 0
9457 501786629 194 0
908482 502695111 15158 354
6438 502701549 38 0
13393 502714942 72 0
11458 502726400 363 8
6678 502733078 35 0
6718 502739796 37 0
14638 502754434 125 1
6607 502761041 30 0
