23, 1, 4874722, 974944.200
20, 4874723, 12972015, 1619458.400
17, 12972016, 29097034, 1612501.800
26, 29097035, 35308523, 1242297.600
18, 35308524, 41040173, 1146329.800
24, 41040174, 54791069, 2750179.000
3, 54791070, 93491334, 2580017.600
24, 93491335, 118320794, 2482945.900
1, 118320795, 1283649764, 1975133.846
4, 1283649765, 1291618431, 1593733.200
8, 1291618432, 1565605096, 1095946.656
5, 1565605097, 1570673288, 1013638.200
7, 1570673289, 1603134767, 405768.475
5, 1603134768, 1642317968, 559760.000
27, 1642317969, 1643096754, 155757.000
25, 1643096755, 1655980883, 1288412.800
6, 1655980884, 1656000714, 1983.000
2, 1656000715, 1656050842, 10025.400
6, 1656050843, 1656059177, 1666.800
