589675 589675 14284 739
5646670 6236345 88372 8827
16168742 22405087 35342 8227
13574418 35979505 14202 4083
18824039 54803544 19950 5041
19297045 74100589 18180 5230
18748306 92848895 22853 7135
18991406 111840301 17367 5143
18942253 130782554 18448 5178
19329732 150112286 20603 5546
19770714 169883000 18252 5323
19534437 189417437 17941 5291
19410844 208828281 18100 5330
19364452 228192733 20206 5314
18949535 247142268 18209 5203
18641366 265783634 23074 5069
19022615 284806249 18786 5195
19532147 304338396 18853 5262
19518314 323856710 18713 5324
19656282 343512992 18678 5397
19607658 363120650 17760 5329
19659726 382780376 18969 5335
19529738 402310114 18394 5268
19684529 421994643 18302 5316
19609344 441603987 18392 5279
19522704 461126691 19198 5276
19584969 480711660 18435 5352
12895912 493607572 29465 1530
3578818 497186390 7961 749
12253 497198643 419 31
5658 497204301 10 0
5652 497209953 15 0
6124 497216077 25 0
11790 497227867 28 0
5658 497233525 8 0
5652 497239177 12 0
6173 497245350 15 0
11796 497257146 21 0
5657 497262803 15 0
5652 497268455 26 0
7537 497275992 97 37
11789 497287781 30 0
5658 497293439 12 0
5658 497299097 11 0
6160 497305257 13 0
11789 497317046 25 0
5649 497322695 21 0
5666 497328361 23 0
11825 497340186 41 0
6138 497346324 14 0
5652 497351976 22 0
5658 497357634 7 0
11820 497369454 47 1
6120 497375574 22 0
5649 497381223 14 0
5659 497386882 29 0
11817 497398699 38 0
6132 497404831 17 0
5651 497410482 22 0
5658 497416140 16 0
11811 497427951 44 0
6145 497434096 18 0
5646 497439742 21 0
5643 497445385 22 0
11818 497457203 29 2
6139 497463342 19 0
5658 497469000 10 0
5663 497474663 25 0
11804 497486467 38 0
6119 497492586 19 0
5641 497498227 17 0
5658 497503885 13 0
11817 497515702 34 0
6151 497521853 18 0
6098 497527951 25 2
5658 497533609 13 0
11804 497545413 41 1
6138 497551551 15 0
6107 497557658 30 0
5658 497563316 11 0
11821 497575137 32 1
6138 497581275 15 0
5634 497586909 19 1
5648 497592557 26 0
11812 497604369 23 0
6138 497610507 14 0
5643 497616150 24 0
5658 497621808 6 0
11824 497633632 36 0
6138 497639770 15 0
5655 497645425 17 4
7035 497652460 38 13
11803 497664263 37 0
6151 497670414 14 0
5658 497676072 12 1
5658 497681730 12 0
11818 497693548 31 0
6138 497699686 15 1
5658 497705344 12 0
5658 497711002 12 0
11842 497722844 48 0
6138 497728982 15 0
6894 497735876 88 13
6204 497742080 47 0
13045 497755125 45 2
6637 497761762 30 0
6504 497768266 38 0
6284 497774550 23 0
12248 497786798 44 0
6116 497792914 19 0
6098 497799012 29 0
6121 497805133 39 0
12245 497817378 33 0
6116 497823494 20 0
6115 497829609 27 0
6110 497835719 21 0
12235 497847954 57 0
6116 497854070 17 0
15184 497869254 375 92
6084 497875338 54 0
12222 497887560 46 0
6115 497893675 25 0
6096 497899771 33 0
6116 497905887 21 0
12233 497918120 37 0
6103 497924223 32 0
6116 497930339 18 0
6104 497936443 20 0
11780 497948223 28 0
6138 497954361 19 0
6110 497960471 26 0
5645 497966116 16 0
11823 497977939 37 0
6138 497984077 16 0
5645 497989722 15 0
5658 497995380 9 0
11779 498007159 37 0
6151 498013310 12 0
5652 498018962 13 0
5658 498024620 11 0
11806 498036426 46 0
6138 498042564 15 0
7008 498049572 45 0
5652 498055224 15 0
11831 498067055 27 0
6126 498073181 23 0
5626 498078807 22 0
5657 498084464 19 0
11792 498096256 45 0
6131 498102387 26 0
5658 498108045 13 0
5652 498113697 18 0
11792 498125489 50 0
6138 498131627 19 0
5643 498137270 29 0
5658 498142928 14 0
11818 498154746 28 0
6129 498160875 32 0
5632 498166507 23 0
5673 498172180 33 0
11800 498183980 31 0
6147 498190127 34 0
5651 498195778 22 0
5658 498201436 13 0
11832 498213268 47 0
6145 498219413 15 0
5658 498225071 13 0
5646 498230717 19 0
11818 498242535 27 0
6144 498248679 26 0
5633 498254312 23 0
5658 498259970 7 0
11786 498271756 45 0
6138 498277894 21 0
5626 498283520 21 0
5657 498289177 12 0
11825 498301002 39 0
6126 498307128 20 0
5658 498312786 18 0
5652 498318438 17 0
11814 498330252 42 0
6138 498336390 16 0
5646 498342036 16 0
5658 498347694 15 0
11851 498359545 41 0
6119 498365664 29 0
5652 498371316 28 0
5658 498376974 12 0
11799 498388773 44 0
6145 498394918 23 0
5646 498400564 17 0
5651 498406215 25 0
11801 498418016 45 0
7490 498425506 39 0
5642 498431148 29 0
5658 498436806 11 0
11828 498448634 45 0
6138 498454772 17 0
5652 498460424 21 0
5658 498466082 16 0
11823 498477905 29 0
6151 498484056 18 0
5658 498489714 12 0
5661 498495375 25 0
11812 498507187 27 0
6132 498513319 22 0
5658 498518977 13 0
5657 498524634 28 0
11802 498536436 43 0
6134 498542570 30 0
5641 498548211 24 0
5657 498553868 22 0
11787 498565655 45 0
6138 498571793 16 0
5660 498577453 30 0
5658 498583111 8 0
11805 498594916 35 0
6132 498601048 17 0
5645 498606693 17 0
5658 498612351 9 0
11809 498624160 41 1
14345 498638505 270 96
5658 498644163 25 0
5652 498649815 17 0
11818 498661633 30 0
6141 498667774 36 0
5655 498673429 26 0
5658 498679087 14 0
11826 498690913 48 0
6138 498697051 15 0
5621 498702672 25 0
5658 498708330 15 0
11818 498720148 24 0
6164 498726312 17 0
5658 498731970 16 0
5672 498737642 26 0
11815 498749457 43 0
6138 498755595 15 0
5650 498761245 21 0
5658 498766903 12 0
12718 498779621 114 41
6138 498785759 15 0
5658 498791417 11 0
5662 498797079 33 0
13192 498810271 76 10
6126 498816397 23 0
5658 498822055 12 0
5663 498827718 17 0
11844 498839562 40 0
6138 498845700 16 0
5658 498851358 11 0
5658 498857016 11 0
11833 498868849 48 0
6149 498874998 33 0
5658 498880656 12 0
5658 498886314 12 0
11786 498898100 35 0
6138 498904238 17 0
5655 498909893 20 0
5658 498915551 24 0
11830 498927381 39 0
6119 498933500 19 0
5658 498939158 10 0
5663 498944821 24 0
11782 498956603 36 0
6158 498962761 13 0
5651 498968412 14 0
5658 498974070 10 0
11803 498985873 38 0
6137 498992010 20 0
5658 498997668 11 0
5658 499003326 10 0
11814 499015140 40 0
6138 499021278 15 0
5658 499026936 11 0
5652 499032588 12 0
11797 499044385 33 0
6148 499050533 31 0
5658 499056191 12 0
5658 499061849 8 0
11805 499073654 32 0
6138 499079792 17 0
5642 499085434 25 0
5646 499091080 16 0
11828 499102908 49 0
6158 499109066 22 0
5626 499114692 22 0
5658 499120350 8 0
11793 499132143 39 0
6138 499138281 15 0
5646 499143927 13 0
5652 499149579 12 0
11808 499161387 41 0
6138 499167525 18 0
5645 499173170 17 0
5658 499178828 11 0
13163 499191991 43 0
6145 499198136 16 0
5655 499203791 24 0
5658 499209449 8 0
11797 499221246 42 0
6138 499227384 14 0
5652 499233036 13 0
5658 499238694 8 0
11826 499250520 33 0
6138 499256658 14 0
5632 499262290 20 0
5656 499267946 24 0
11793 499279739 39 0
6113 499285852 21 0
5649 499291501 22 0
5658 499297159 8 0
11830 499308989 31 0
6120 499315109 23 0
5650 499320759 18 0
5658 499326417 9 0
11815 499338232 32 0
6151 499344383 14 0
5644 499350027 14 0
5658 499355685 11 0
11812 499367497 23 0
6138 499373635 17 0
5658 499379293 14 0
5658 499384951 17 0
11830 499396781 35 0
6126 499402907 20 0
5658 499408565 12 0
11817 499420382 30 0
5643 499426025 25 0
6151 499432176 16 0
5640 499437816 15 0
11818 499449634 26 0
5644 499455278 25 0
6138 499461416 15 0
5657 499467073 17 0
11840 499478913 36 0
5658 499484571 12 0
6138 499490709 13 0
5646 499496355 14 0
11794 499508149 41 0
5658 499513807 11 0
6138 499519945 17 0
883713 500403658 14636 4364
14965 500418623 818 24
6482 500425105 44 0
8083 500433188 91 5
12412 500445600 391 104
13142 500458742 67 0
6675 500465417 24 0
8264 500473681 157 13
4130132 4130132 78421 3827
11899798 16029930 55326 13133
19660749 35690679 18031 5424
18509861 54200540 24156 5675
19525610 73726150 17980 5278
19413676 93139826 18046 5336
19467281 112607107 17852 5252
18258854 130865961 24055 7122
19532973 150398934 17971 5310
19186517 169585451 18258 5252
19497500 189082951 18575 5316
19420054 208503005 18901 5276
19582393 228085398 18380 5399
19409277 247494675 20265 5624
18951269 266445944 23510 5259
18739217 285185161 19649 5136
19552088 304737249 18717 5255
18923291 323660540 19659 5199
19694232 343354772 19151 5380
19531134 362885906 18575 5307
19673161 382559067 18590 5257
19435015 401994082 19162 5260
19628619 421622701 18780 5309
19614831 441237532 19065 5260
19564034 460801566 18685 5254
19554448 480356014 18915 5328
12559469 492915483 29535 1454
3426505 496341988 7933 634
5658 496347646 34 1
7508 496355154 100 41
5658 496360812 18 1
11796 496372608 36 0
5652 496378260 18 0
6186 496384446 19 0
5658 496390104 12 0
11796 496401900 33 0
5656 496407556 22 0
6148 496413704 20 0
5640 496419344 19 0
11785 496431129 37 0
5658 496436787 12 0
6136 496442923 24 0
5658 496448581 12 0
11783 496460364 33 0
5658 496466022 13 0
6155 496472177 20 0
5646 496477823 19 0
11783 496489606 40 0
5658 496495264 11 0
6160 496501424 20 1
5658 496507082 12 0
11790 496518872 35 0
5652 496524524 15 0
6173 496530697 20 0
5650 496536347 23 0
11791 496548138 35 1
5658 496553796 16 0
6160 496559956 18 0
5658 496565614 13 0
11779 496577393 38 0
5657 496583050 16 0
6130 496589180 25 0
5658 496594838 12 0
11760 496606598 39 0
5657 496612255 21 0
6173 496618428 17 0
5658 496624086 11 0
11787 496635873 46 0
5651 496641524 16 0
6153 496647677 25 0
5658 496653335 18 0
11766 496665101 42 0
5657 496670758 17 0
6140 496676898 28 0
5652 496682550 19 1
12254 496694804 36 3
5658 496700462 11 0
6143 496706605 33 0
5658 496712263 16 0
11789 496724052 42 0
7035 496731087 31 3
6170 496737257 20 0
5658 496742915 17 0
11796 496754711 28 0
5658 496760369 13 0
6186 496766555 18 0
5658 496772213 18 0
11790 496784003 35 1
5658 496789661 12 0
6142 496795803 20 0
5658 496801461 13 0
11809 496813270 26 0
5658 496818928 11 0
6160 496825088 17 0
5658 496830746 12 0
11796 496842542 27 0
5658 496848200 13 0
6173 496854373 21 0
5658 496860031 14 0
12254 496872285 36 0
5658 496877943 14 0
6137 496884080 20 0
6367 496890447 58 0
13285 496903732 47 1
6333 496910065 14 0
6601 496916666 19 0
6116 496922782 18 0
12232 496935014 30 0
6116 496941130 19 0
15162 496956292 345 71
6074 496962366 39 0
12219 496974585 49 0
6116 496980701 23 0
6110 496986811 22 0
6116 496992927 19 0
12250 497005177 36 0
6104 497011281 20 0
6098 497017379 20 0
6116 497023495 17 0
12232 497035727 29 0
6116 497041843 19 0
6116 497047959 18 0
6129 497054088 17 0
12232 497066320 39 0
6116 497072436 17 0
6116 497078552 16 0
6116 497084668 16 0
12232 497096900 34 0
5658 497102558 12 0
6143 497108701 25 0
11778 497120479 31 0
7034 497127513 39 0
5658 497133171 14 0
6159 497139330 15 0
12712 497152042 112 31
5658 497157700 12 0
5658 497163358 9 0
6160 497169518 18 0
11796 497181314 25 1
5658 497186972 11 0
5658 497192630 13 0
6173 497198803 16 0
11772 497210575 25 0
5658 497216233 11 0
5658 497221891 10 0
6142 497228033 20 0
11780 497239813 35 1
5658 497245471 12 0
5658 497251129 10 0
6173 497257302 18 0
11795 497269097 36 0
5658 497274755 10 0
5658 497280413 11 0
6160 497286573 18 0
11816 497298389 21 0
5658 497304047 9 0
5658 497309705 11 0
6160 497315865 17 0
11796 497327661 28 0
5658 497333319 11 0
5658 497338977 15 0
6149 497345126 23 0
11777 497356903 31 0
5646 497362549 14 0
5646 497368195 12 0
6153 497374348 24 0
11796 497386144 30 0
5658 497391802 22 0
5658 497397460 9 0
6160 497403620 16 0
11790 497415410 25 0
5658 497421068 11 0
5658 497426726 18 0
6149 497432875 21 0
11778 497444653 36 0
5652 497450305 14 0
5658 497455963 10 0
6159 497462122 17 0
11795 497473917 27 0
5646 497479563 14 0
5646 497485209 16 0
6173 497491382 14 0
13173 497504555 37 0
5658 497510213 13 0
5658 497515871 11 0
6160 497522031 16 0
11822 497533853 22 0
5652 497539505 15 0
5658 497545163 21 0
6147 497551310 21 0
11796 497563106 37 0
5658 497568764 12 0
5658 497574422 11 0
6163 497580585 27 0
11788 497592373 25 0
5646 497598019 14 0
5658 497603677 9 0
6160 497609837 16 0
11801 497621638 29 0
5656 497627294 21 0
5658 497632952 9 0
6158 497639110 24 0
11754 497650864 35 0
5652 497656516 13 0
5658 497662174 11 0
6173 497668347 15 0
11796 497680143 21 0
5658 497685801 9 0
5658 497691459 10 0
6160 497697619 19 0
11796 497709415 25 0
5652 497715067 24 0
5646 497720713 17 0
6173 497726886 16 0
11795 497738681 25 0
5651 497744332 14 0
5645 497749977 13 0
6159 497756136 19 0
11809 497767945 23 0
5657 497773602 24 0
5652 497779254 13 0
6160 497785414 16 0
11796 497797210 25 0
5658 497802868 10 0
5658 497808526 11 0
6173 497814699 19 0
11801 497826500 26 0
5652 497832152 15 0
5646 497837798 16 0
6154 497843952 17 0
11798 497855750 42 0
5640 497861390 16 0
5657 497867047 13 0
6160 497873207 23 0
13149 497886356 45 1
5658 497892014 12 0
5658 497897672 11 0
6167 497903839 24 0
11758 497915597 36 0
5645 497921242 19 0
5658 497926900 14 0
6156 497933056 25 0
11805 497944861 40 0
5658 497950519 12 0
5646 497956165 14 0
6171 497962336 24 0
11796 497974132 51 0
5652 497979784 10 0
5658 497985442 12 0
6160 497991602 13 0
11809 498003411 25 0
5652 498009063 13 0
5651 498014714 18 0
6154 498020868 17 0
11774 498032642 38 0
5651 498038293 20 0
5658 498043951 10 0
6161 498050112 18 0
11796 498061908 30 0
5657 498067565 18 0
5662 498073227 21 0
6154 498079381 17 0
11796 498091177 29 0
5645 498096822 16 0
5658 498102480 10 0
6160 498108640 13 0
11796 498120436 20 0
5651 498126087 14 0
5652 498131739 14 0
6165 498137904 19 0
11788 498149692 37 0
5655 498155347 22 0
5658 498161005 9 0
6141 498167146 23 0
11790 498178936 29 0
5652 498184588 14 0
5658 498190246 19 0
6167 498196413 19 0
11795 498208208 37 0
5648 498213856 25 0
5658 498219514 15 0
6158 498225672 25 0
11803 498237475 30 0
5646 498243121 12 0
5649 498248770 16 0
7531 498256301 29 0
11776 498268077 34 0
5654 498273731 18 0
5658 498279389 10 0
6186 498285575 20 0
11788 498297363 49 0
5652 498303015 15 0
5657 498308672 16 0
6160 498314832 14 0
11802 498326634 34 0
5658 498332292 10 0
5651 498337943 15 0
6160 498344103 14 0
11794 498355897 35 0
5664 498361561 15 0
5658 498367219 15 0
6173 498373392 17 0
11783 498385175 32 0
5651 498390826 20 0
5658 498396484 13 0
6154 498402638 27 0
11777 498414415 29 0
5658 498420073 12 0
5658 498425731 12 0
6173 498431904 16 0
11789 498443693 42 0
5634 498449327 16 0
5658 498454985 14 0
6162 498461147 27 0
11809 498472956 33 0
5652 498478608 15 0
5651 498484259 18 0
6148 498490407 17 0
11796 498502203 23 0
5640 498507843 20 0
5658 498513501 11 0
6173 498519674 17 0
11777 498531451 35 0
5658 498537109 15 0
5657 498542766 15 0
6166 498548932 25 0
11808 498560740 32 0
5658 498566398 15 0
5650 498572048 18 0
6159 498578207 18 0
11784 498589991 25 0
5639 498595630 16 0
5658 498601288 18 0
6096 498607384 22 0
12243 498619627 35 0
5645 498625272 22 0
7035 498632307 23 0
6147 498638454 26 0
11788 498650242 30 0
5652 498655894 14 0
5658 498661552 11 0
6185 498667737 17 0
11796 498679533 33 0
5658 498685191 12 0
5658 498690849 9 0
906311 499597160 14832 4336
14828 499611988 739 51
6703 499618691 28 0
6662 499625353 23 1
6128 499631481 33 0
18901 499650382 409 112
6716 499657098 35 0
6393 499663491 15 0
982483 982483 22065 955
5414837 6397320 83328 9257
16535239 22932559 36336 8297
18757075 41689634 20104 5097
19138952 60828586 20920 5815
19449973 80278559 18367 5291
19377213 99655772 17727 5263
18512374 118168146 23618 7171
18908558 137076704 19096 5202
19122662 156199366 18958 5198
19543365 175742731 20273 5560
19471352 195214083 18024 5324
19405445 214619528 18565 5257
19406141 234025669 18996 5335
18928799 252954468 23293 5126
18606325 271560793 20645 5156
19238409 290799202 18381 5267
19022327 309821529 19166 5153
19606203 329427732 18629 5372
19555070 348982802 19167 5337
19536782 368519584 18481 5297
19640875 388160459 19016 5257
19556463 407716922 18363 5351
19652073 427368995 18507 5260
19609631 446978626 17793 5320
19476377 466455003 19564 5270
18136732 484591735 29794 4903
10504065 495095800 15824 261
1292036 496387836 4334 630
11773 496399609 63 1
7031 496406640 98 26
5620 496412260 23 0
5651 496417911 21 0
11809 496429720 45 0
6137 496435857 23 0
5658 496441515 12 0
5651 496447166 15 0
11803 496458969 39 0
6138 496465107 17 0
5658 496470765 11 0
5652 496476417 17 0
11803 496488220 38 0
6164 496494384 14 0
5658 496500042 14 0
5658 496505700 14 0
11820 496517520 49 0
6138 496523658 17 0
5645 496529303 21 0
5654 496534957 25 0
11818 496546775 36 1
6145 496552920 16 0
5628 496558548 19 0
5658 496564206 13 0
11805 496576011 34 1
6138 496582149 17 0
5650 496587799 17 0
5656 496593455 30 0
11840 496605295 45 1
6123 496611418 30 0
5655 496617073 26 0
5658 496622731 9 0
11803 496634534 45 0
6145 496640679 20 0
5637 496646316 24 0
5657 496651973 17 0
11800 496663773 37 0
6126 496669899 18 0
5658 496675557 11 0
5658 496681215 21 0
11836 496693051 32 0
6123 496699174 32 0
5639 496704813 17 0
5652 496710465 15 0
13201 496723666 129 27
6133 496729799 24 0
5658 496735457 16 1
5658 496741115 9 0
11801 496752916 41 0
6138 496759054 17 0
5650 496764704 18 0
5640 496770344 12 0
11827 496782171 47 0
6114 496788285 22 0
5658 496793943 11 0
5658 496799601 13 0
11773 496811374 43 0
6123 496817497 27 0
5658 496823155 12 0
5658 496828813 14 0
11825 496840638 28 2
6138 496846776 20 0
5658 496852434 15 0
5658 496858092 13 0
11811 496869903 27 0
6164 496876067 19 0
5658 496881725 14 0
5658 496887383 15 0
11812 496899195 48 0
6138 496905333 21 2
6116 496911449 20 0
5639 496917088 24 0
12522 496929610 97 0
6612 496936222 35 1
6642 496942864 24 1
6333 496949197 14 0
12673 496961870 46 0
15174 496977044 342 85
6120 496983164 47 0
5650 496988814 23 0
12235 497001049 34 0
6116 497007165 19 0
6104 497013269 21 0
6097 497019366 25 1
12231 497031597 40 0
6116 497037713 19 0
6101 497043814 32 0
6119 497049933 32 0
12232 497062165 41 0
6109 497068274 35 0
5620 497073894 22 0
6122 497080016 22 0
11782 497091798 39 0
6105 497097903 23 0
6087 497103990 24 0
6116 497110106 16 0
13613 497123719 57 1
6116 497129835 13 0
6116 497135951 18 0
5658 497141609 12 0
11796 497153405 28 0
6138 497159543 13 0
5645 497165188 17 0
5658 497170846 8 0
11797 497182643 45 0
6120 497188763 20 0
5651 497194414 17 0
5658 497200072 11 0
11811 497211883 39 0
6151 497218034 15 0
5658 497223692 11 0
5658 497229350 23 0
11797 497241147 33 0
6138 497247285 16 0
5657 497252942 17 0
5658 497258600 11 0
11817 497270417 46 0
6138 497276555 13 0
5658 497282213 12 0
5652 497287865 14 0
11770 497299635 45 0
6133 497305768 18 0
5632 497311400 19 0
5658 497317058 9 0
11775 497328833 35 0
6138 497334971 18 0
5622 497340593 19 0
5667 497346260 22 0
11802 497358062 31 0
6151 497364213 18 0
5632 497369845 20 0
5658 497375503 9 0
11812 497387315 29 0
6126 497393441 22 0
5658 497399099 11 0
5653 497404752 22 0
11825 497416577 38 0
6138 497422715 13 0
5658 497428373 10 0
5652 497434025 18 0
11799 497445824 27 0
6151 497451975 17 0
5658 497457633 12 0
5658 497463291 13 0
11818 497475109 29 0
6138 497481247 17 0
5649 497486896 24 0
7029 497493925 24 0
11825 497505750 46 0
6138 497511888 17 0
5658 497517546 16 0
5652 497523198 10 0
11813 497535011 43 0
6132 497541143 19 0
5651 497546794 13 0
5658 497552452 8 0
11782 497564234 33 0
6125 497570359 24 0
5638 497575997 20 0
5667 497581664 26 0
11798 497593462 37 0
6151 497599613 17 0
5648 497605261 29 0
5658 497610919 12 0
11793 497622712 32 0
6120 497628832 21 0
5652 497634484 19 0
5657 497640141 22 0
11857 497651998 36 0
6138 497658136 17 0
5658 497663794 12 0
5658 497669452 9 0
11816 497681268 32 0
6151 497687419 12 0
5632 497693051 18 0
5658 497698709 9 0
11798 497710507 44 0
6138 497716645 16 0
5645 497722290 18 0
5658 497727948 11 0
11800 497739748 25 0
6138 497745886 12 0
5660 497751546 24 0
5658 497757204 9 0
11806 497769010 27 0
6138 497775148 20 0
5652 497780800 14 0
5658 497786458 12 0
11817 497798275 31 0
6132 497804407 21 0
5654 497810061 29 0
5658 497815719 12 0
11837 497827556 44 0
6149 497833705 22 0
5655 497839360 20 0
5658 497845018 10 0
11809 497856827 40 0
6114 497862941 21 0
7024 497869965 27 0
5658 497875623 11 0
11815 497887438 30 0
6130 497893568 22 0
6122 497899690 23 0
5658 497905348 11 0
11818 497917166 40 0
6151 497923317 20 0
5653 497928970 29 0
5652 497934622 15 0
11812 497946434 26 0
6119 497952553 23 0
5631 497958184 21 0
11797 497969981 45 0
5628 497975609 17 0
6138 497981747 17 0
5658 497987405 11 0
11800 497999205 27 0
5638 498004843 25 0
6138 498010981 15 0
5649 498016630 23 0
11825 498028455 38 0
5649 498034104 21 0
6145 498040249 15 0
5637 498045886 19 0
11794 498057680 34 0
5645 498063325 21 0
6137 498069462 30 0
5658 498075120 12 0
11805 498086925 30 0
5658 498092583 12 0
6120 498098703 19 0
5621 498104324 20 0
11806 498116130 34 0
5646 498121776 28 0
6114 498127890 21 0
5658 498133548 14 0
11821 498145369 36 0
5658 498151027 9 0
6139 498157166 18 0
5657 498162823 22 0
11818 498174641 21 0
5650 498180291 24 0
6107 498186398 20 0
5651 498192049 20 0
11805 498203854 32 0
5658 498209512 10 0
6138 498215650 16 0
5651 498221301 14 0
11817 498233118 30 0
5634 498238752 18 0
7503 498246255 33 0
5626 498251881 25 0
11824 498263705 29 0
5658 498269363 13 0
6100 498275463 27 0
5658 498281121 9 0
11805 498292926 25 0
5652 498298578 16 0
6151 498304729 16 0
5652 498310381 14 0
11812 498322193 29 0
5631 498327824 22 0
6142 498333966 30 0
5646 498339612 17 0
11811 498351423 33 0
5658 498357081 12 0
6138 498363219 19 0
5658 498368877 12 0
11791 498380668 34 0
5646 498386314 18 0
6152 498392466 21 0
5640 498398106 16 0
11810 498409916 29 0
5658 498415574 11 0
6132 498421706 19 0
5652 498427358 15 0
11831 498439189 20 0
5568 498444757 14 0
6126 498450883 18 0
5646 498456529 11 0
11806 498468335 27 0
5631 498473966 22 0
6138 498480104 14 0
5673 498485777 36 0
11816 498497593 41 0
5668 498503261 27 0
6117 498509378 27 0
5658 498515036 11 0
11811 498526847 33 0
5658 498532505 8 0
6151 498538656 13 0
5643 498544299 24 0
11817 498556116 19 0
5652 498561768 39 17
6138 498567906 24 3
5637 498573543 27 0
11815 498585358 43 0
5658 498591016 12 0
6119 498597135 27 0
5655 498602790 19 0
11818 498614608 36 0
7034 498621642 28 0
6151 498627793 16 0
5658 498633451 11 0
11816 498645267 32 0
5658 498650925 10 0
6121 498657046 30 0
5658 498662704 10 0
11831 498674535 24 0
5645 498680180 18 0
6138 498686318 17 0
5645 498691963 16 0
11799 498703762 36 0
5646 498709408 17 0
116455 498825863 4378 2080
778525 499604388 10972 2075
13058 499617446 90 3
12506 499629952 357 103
6683 499636635 42 1
6449 499643084 28 1
14943 499658027 131 15
6622 499664649 27 0
6648 499671297 42 0
168392 168392 5726 514
4953748 5122140 91976 6269
15543542 20665682 39508 11628
19326959 39992641 17336 5262
18613591 58606232 24983 5647
19466331 78072563 19200 5304
19436513 97509076 19193 5301
19286593 116795669 19177 5239
18331486 135127155 25545 7245
19163600 154290755 19462 5181
19476841 173767596 19822 5276
19196746 192964342 21576 5529
19476463 212440805 20484 5345
19540242 231981047 19716 5356
19422704 251403751 20487 5307
18695112 270098863 24426 5172
18832777 288931640 19598 5193
19273405 308205045 18871 5131
19298797 327503842 18891 5314
19648882 347152724 19133 5319
19382620 366535344 19565 5304
19637509 386172853 18720 5274
19541427 405714280 18829 5275
19663922 425378202 18534 5319
19599521 444977723 19492 5334
19542160 464519883 19145 5281
19074630 483594513 23259 5384
10671852 494266365 23892 342
2075924 496342289 5796 650
5662 496347951 28 0
6142 496354093 36 0
5658 496359751 12 0
11812 496371563 27 0
5657 496377220 27 0
6122 496383342 29 0
5646 496388988 14 0
11820 496400808 45 0
5651 496406459 13 0
6131 496412590 33 0
5657 496418247 14 0
11815 496430062 37 0
5651 496435713 20 0
6158 496441871 12 0
5644 496447515 16 0
11817 496459332 32 0
5658 496464990 10 0
6138 496471128 14 0
5634 496476762 14 0
11839 496488601 33 0
5658 496494259 9 0
6138 496500397 15 0
5622 496506019 20 0
11801 496517820 49 1
5649 496523469 31 0
6117 496529586 32 0
5658 496535244 14 0
11799 496547043 43 0
5634 496552677 29 0
6138 496558815 29 0
5645 496564460 18 0
11812 496576272 34 0
5659 496581931 33 0
6151 496588082 17 0
7035 496595117 98 18
11802 496606919 37 0
5658 496612577 12 0
6138 496618715 15 0
5645 496624360 17 0
11818 496636178 32 0
5656 496641834 22 0
6138 496647972 19 1
5658 496653630 11 0
11814 496665444 33 1
5660 496671104 21 0
6132 496677236 28 0
6132 496683368 34 2
11796 496695164 35 2
5658 496700822 11 2
6129 496706951 32 0
6116 496713067 17 0
11767 496724834 32 0
5656 496730490 20 0
6138 496736628 16 0
5658 496742286 14 0
11817 496754103 40 4
5658 496759761 13 0
6132 496765893 20 0
5652 496771545 23 0
11825 496783370 27 1
5637 496789007 25 1
6131 496795138 22 0
5628 496800766 15 0
11794 496812560 30 0
5642 496818202 30 0
6145 496824347 23 0
5639 496829986 20 0
11812 496841798 22 0
5651 496847449 19 0
6138 496853587 14 0
5658 496859245 17 0
20877 496880122 356 66
5661 496885783 52 1
6124 496891907 24 0
5658 496897565 12 1
12345 496909910 65 0
6600 496916510 51 1
6489 496922999 26 0
6619 496929618 32 1
13023 496942641 35 0
6576 496949217 26 0
6642 496955859 34 0
6647 496962506 31 0
13187 496975693 56 3
6886 496982579 54 1
8019 496990598 59 17
6584 496997182 22 0
12693 497009875 55 0
6110 497015985 22 0
6085 497022070 24 0
6129 497028199 15 0
12227 497040426 47 0
6135 497046561 38 0
6110 497052671 20 0
6104 497058775 20 0
12216 497070991 47 0
6105 497077096 22 0
6089 497083185 24 0
6116 497089301 17 0
12224 497101525 42 0
5646 497107171 17 0
6128 497113299 28 0
6116 497119415 15 0
11793 497131208 37 0
5644 497136852 19 0
6125 497142977 23 0
5658 497148635 13 0
11818 497160453 29 0
5658 497166111 11 0
6151 497172262 14 0
5649 497177911 28 0
11814 497189725 46 0
5658 497195383 13 0
6115 497201498 24 0
5639 497207137 20 0
11815 497218952 31 0
5651 497224603 19 0
6134 497230737 31 0
5657 497236394 20 0
11813 497248207 30 0
5658 497253865 10 0
6152 497260017 37 0
11304 497271321 27 1
6186 497277507 15 0
5646 497283153 23 0
6113 497289266 31 0
11308 497300574 30 0
6160 497306734 15 0
5658 497312392 11 0
6126 497318518 28 0
11289 497329807 34 0
6160 497335967 18 0
5651 497341618 21 0
6138 497347756 15 0
11283 497359039 42 0
6173 497365212 19 0
7009 497372221 42 1
6138 497378359 16 0
11290 497389649 35 0
6160 497395809 24 0
5652 497401461 15 0
6145 497407606 20 0
11313 497418919 34 0
6160 497425079 13 0
5636 497430715 25 0
6138 497436853 17 0
11310 497448163 46 0
6155 497454318 21 0
5658 497459976 12 0
6125 497466101 29 0
11320 497477421 27 0
6136 497483557 22 0
5645 497489202 16 0
6131 497495333 24 0
11316 497506649 13 0
6154 497512803 22 0
5660 497518463 32 0
6125 497524588 24 0
11306 497535894 52 0
6128 497542022 28 0
5645 497547667 18 0
6138 497553805 20 0
11309 497565114 27 0
6161 497571275 29 0
5658 497576933 18 0
6130 497583063 21 0
11323 497594386 42 0
6173 497600559 14 0
5651 497606210 18 0
6138 497612348 16 0
11287 497623635 37 0
6160 497629795 16 0
5643 497635438 28 0
6152 497641590 21 0
11280 497652870 37 1
6133 497659003 28 0
5638 497664641 28 0
6126 497670767 22 0
11313 497682080 41 0
6173 497688253 17 0
5666 497693919 25 0
6138 497700057 17 0
11296 497711353 29 0
6147 497717500 28 0
5652 497723152 21 0
6126 497729278 25 0
11311 497740589 39 0
7550 497748139 37 0
5662 497753801 22 0
6130 497759931 33 0
11315 497771246 28 0
6151 497777397 24 0
5652 497783049 17 0
6145 497789194 20 0
11296 497800490 27 0
6160 497806650 16 0
5658 497812308 10 0
6132 497818440 21 0
11315 497829755 38 0
6173 497835928 16 0
5658 497841586 11 0
6126 497847712 20 0
11318 497859030 34 0
6123 497865153 27 0
5667 497870820 25 0
6142 497876962 31 0
11766 497888728 38 0
6135 497894863 33 0
5657 497900520 20 0
6138 497906658 18 0
11277 497917935 33 0
6173 497924108 18 0
5654 497929762 25 0
6145 497935907 17 0
11310 497947217 35 0
6160 497953377 18 0
5634 497959011 17 0
6124 497965135 21 0
11314 497976449 30 0
6166 497982615 27 0
5678 497988293 35 0
6138 497994431 19 0
11308 498005739 41 0
6160 498011899 15 0
5658 498017557 10 0
6152 498023709 20 0
11310 498035019 22 0
6135 498041154 23 0
5652 498046806 15 0
6132 498052938 21 0
11288 498064226 25 0
6170 498070396 31 0
5652 498076048 14 0
6137 498082185 24 0
11329 498093514 44 0
6154 498099668 17 0
5678 498105346 31 0
6151 498111497 16 0
12697 498124194 56 0
6148 498130342 22 0
5650 498135992 30 0
6126 498142118 19 0
11291 498153409 27 0
6167 498159576 27 0
5652 498165228 14 0
6128 498171356 27 0
11315 498182671 38 0
6160 498188831 15 0
5658 498194489 11 0
6138 498200627 17 0
11292 498211919 30 0
6173 498218092 17 0
5678 498223770 32 0
6131 498229901 27 0
11288 498241189 34 0
6152 498247341 30 0
5649 498252990 24 0
6135 498259125 32 0
11286 498270411 33 0
6139 498276550 30 0
5656 498282206 20 0
6138 498288344 18 0
11294 498299638 33 0
6173 498305811 19 0
5642 498311453 27 0
6138 498317591 17 0
11325 498328916 51 0
6158 498335074 26 0
5634 498340708 17 0
6151 498346859 15 0
11304 498358163 39 0
6160 498364323 17 0
5651 498369974 23 0
6138 498376112 17 0
11293 498387405 49 0
6177 498393582 27 0
5658 498399240 11 0
6126 498405366 19 0
11303 498416669 31 0
6151 498422820 27 0
5658 498428478 13 0
6125 498434603 27 0
11298 498445901 33 0
6173 498452074 15 0
5632 498457706 19 0
6138 498463844 18 0
11304 498475148 42 0
6142 498481290 21 0
5658 498486948 8 0
6139 498493087 18 0
12654 498505741 57 0
6157 498511898 28 0
5640 498517538 23 0
6138 498523676 17 0
11290 498534966 39 0
6167 498541133 20 0
5652 498546785 16 0
6126 498552911 25 0
11271 498564182 34 0
6158 498570340 28 0
5651 498575991 15 0
6138 498582129 18 0
11294 498593423 27 0
6139 498599562 25 0
5646 498605208 18 0
6123 498611331 26 0
11280 498622611 29 0
6167 498628778 32 0
5657 498634435 17 0
6138 498640573 17 0
11298 498651871 35 0
6160 498658031 16 0
5662 498663693 25 0
6145 498669838 18 0
11314 498681152 40 0
6173 498687325 15 0
5657 498692982 18 0
6138 498699120 18 0
15113 498714233 217 34
895072 499609305 15514 4273
6710 499616015 73 0
6701 499622716 40 1
18389 499641105 405 77
6449 499647554 21 0
6662 499654216 21 0
8256 499662472 119 14
3456915 3456915 66168 3687
9583534 13040449 64594 12543
19146441 32186890 19495 5347
18961358 51148248 21472 5084
19462396 70610644 17700 5287
19511683 90122327 17635 5297
19321267 109443594 18157 5243
19500509 128944103 19287 5299
19432364 148376467 18619 5325
19745024 168121491 18599 5349
19448067 187569558 18971 5300
19539842 207109400 19498 5328
19466632 226576032 18997 5278
19516983 246093015 18945 5343
18945918 265038933 23815 5321
19404536 284443469 19541 5274
19555026 303998495 18782 5251
19605740 323604235 18859 5389
19655418 343259653 19117 5389
19504150 362763803 19426 5241
19685401 382449204 18330 5325
19441085 401890289 19053 5277
19638066 421528355 18628 5312
19616254 441144609 18940 5286
19570581 460715190 18962 5303
19568336 480283526 19052 5354
12036510 492320036 29099 1380
3219378 495539414 7676 900
5664 495545078 33 0
5658 495550736 14 0
6160 495556896 17 2
11784 495568680 34 0
5649 495574329 19 0
5621 495579950 16 0
6148 495586098 21 0
11788 495597886 34 0
5639 495603525 18 0
5658 495609183 19 0
6136 495615319 20 0
11719 495627038 35 0
5658 495632696 10 0
5652 495638348 14 0
6141 495644489 28 0
11796 495656285 22 0
5658 495661943 9 0
5647 495667590 29 0
6170 495673760 31 0
11789 495685549 30 0
5658 495691207 11 0
5668 495696875 28 0
6160 495703035 18 0
13173 495716208 120 42
5645 495721853 23 1
5658 495727511 9 0
6162 495733673 22 0
11794 495745467 40 0
5650 495751117 20 0
5658 495756775 8 0
6142 495762917 17 0
11775 495774692 39 0
5658 495780350 9 0
5652 495786002 14 0
6157 495792159 22 0
11783 495803942 33 0
5658 495809600 10 1
5669 495815269 27 0
6173 495821442 15 0
11778 495833220 27 0
5638 495838858 22 0
5643 495844501 24 0
6160 495850661 18 1
11809 495862470 37 1
6116 495868586 18 1
5658 495874244 15 2
6120 495880364 23 0
11796 495892160 25 1
6114 495898274 35 0
5658 495903932 11 0
6151 495910083 14 0
11777 495921860 28 0
5644 495927504 18 0
5637 495933141 25 0
6147 495939288 23 1
11787 495951075 38 0
5658 495956733 12 1
5658 495962391 15 0
15233 495977624 499 333
11786 495989410 66 0
5658 495995068 24 0
5666 496000734 25 0
6154 496006888 22 0
11779 496018667 37 0
5640 496024307 17 1
5658 496029965 9 0
6155 496036120 19 0
11790 496047910 23 0
5658 496053568 13 1
5658 496059226 11 0
6173 496065399 16 0
11807 496077206 27 0
6114 496083320 21 0
5657 496088977 14 0
6665 496095642 67 3
14387 496110029 80 25
6825 496116854 64 14
6304 496123158 26 0
6126 496129284 24 0
11767 496141051 52 0
6116 496147167 17 0
6088 496153255 27 0
6122 496159377 23 0
12228 496171605 52 0
6116 496177721 12 0
6116 496183837 17 0
6105 496189942 25 0
12226 496202168 31 0
6114 496208282 33 0
6116 496214398 17 0
6098 496220496 24 0
12223 496232719 36 0
6103 496238822 20 0
6107 496244929 32 0
6116 496251045 32 0
12236 496263281 37 0
6104 496269385 24 0
6098 496275483 20 0
6118 496281601 35 0
11782 496293383 45 0
6112 496299495 27 0
5658 496305153 13 0
6118 496311271 29 0
11791 496323062 29 0
5642 496328704 21 0
5656 496334360 16 0
6136 496340496 23 0
11789 496352285 30 0
5640 496357925 13 0
5644 496363569 24 0
6118 496369687 21 0
11790 496381477 36 0
5658 496387135 11 0
5645 496392780 21 0
11803 496404583 45 0
6126 496410709 20 0
5634 496416343 18 0
5655 496421998 17 0
11817 496433815 37 0
6139 496439954 28 0
5650 496445604 27 0
5658 496451262 10 0
11840 496463102 37 0
6138 496469240 24 0
5633 496474873 23 0
5658 496480531 11 0
13171 496493702 51 1
6164 496499866 15 0
5647 496505513 25 0
5658 496511171 15 0
11846 496523017 47 0
6113 496529130 22 0
5652 496534782 12 0
5633 496540415 18 0
11801 496552216 28 0
6138 496558354 16 0
5650 496564004 27 0
5657 496569661 19 0
11799 496581460 34 0
6121 496587581 22 0
5658 496593239 15 0
5658 496598897 9 0
11789 496610686 40 0
6125 496616811 21 0
5652 496622463 14 0
5649 496628112 20 0
11792 496639904 40 0
6138 496646042 17 0
5652 496651694 14 0
5657 496657351 24 0
11769 496669120 34 0
6137 496675257 29 0
5648 496680905 28 0
5652 496686557 13 0
11825 496698382 26 0
6116 496704498 31 0
5648 496710146 25 0
5657 496715803 15 0
11822 496727625 48 1
14351 496741976 265 99
5657 496747633 38 2
5658 496753291 11 0
11801 496765092 48 0
6136 496771228 29 0
5621 496776849 15 0
5637 496782486 24 0
11829 496794315 38 0
6138 496800453 18 0
5658 496806111 11 0
5652 496811763 15 0
11814 496823577 47 0
6133 496829710 20 0
5649 496835359 23 0
5662 496841021 24 0
11794 496852815 36 0
6126 496858941 20 0
5658 496864599 10 0
5715 496870314 21 0
13220 496883534 52 0
6138 496889672 18 0
5628 496895300 17 0
5656 496900956 34 0
11805 496912761 40 0
6138 496918899 19 0
5658 496924557 10 0
5658 496930215 15 0
11806 496942021 22 0
6138 496948159 18 0
5644 496953803 20 0
5658 496959461 10 0
11793 496971254 40 0
6124 496977378 26 0
5658 496983036 8 0
5658 496988694 9 0
11805 497000499 47 0
6113 497006612 25 0
5645 497012257 21 0
5654 497017911 20 0
11819 497029730 30 0
6119 497035849 24 0
5646 497041495 26 0
5658 497047153 10 0
11804 497058957 37 0
6151 497065108 29 0
6092 497071200 20 0
5658 497076858 11 0
11796 497088654 19 0
6138 497094792 19 0
5651 497100443 27 0
5652 497106095 16 0
11831 497117926 32 0
6146 497124072 29 0
5658 497129730 12 0
5658 497135388 10 0
11796 497147184 38 0
6120 497153304 19 0
5654 497158958 25 0
5657 497164615 21 0
11823 497176438 37 0
6138 497182576 20 0
5658 497188234 9 0
5657 497193891 15 0
11797 497205688 32 0
6145 497211833 22 0
5630 497217463 21 0
5664 497223127 19 0
11818 497234945 22 0
6142 497241087 29 0
5650 497246737 15 0
7031 497253768 48 0
11845 497265613 52 0
6138 497271751 16 0
5658 497277409 11 0
5658 497283067 8 0
11800 497294867 24 0
6113 497300980 28 0
5652 497306632 14 0
5657 497312289 13 0
11814 497324103 39 0
6138 497330241 18 0
5632 497335873 20 0
5657 497341530 25 0
11831 497353361 35 0
6138 497359499 18 0
5627 497365126 24 0
5658 497370784 14 0
11802 497382586 41 0
6120 497388706 20 0
5649 497394355 25 0
5650 497400005 27 0
11831 497411836 26 0
6149 497417985 34 0
5658 497423643 12 0
5658 497429301 17 0
11808 497441109 50 0
6132 497447241 23 0
5637 497452878 25 0
5658 497458536 12 0
11784 497470320 40 0
6138 497476458 18 0
5669 497482127 32 0
5642 497487769 23 0
11796 497499565 42 0
6138 497505703 15 0
5663 497511366 32 0
5658 497517024 10 0
11823 497528847 40 0
6167 497535014 37 0
5640 497540654 15 0
5675 497546329 29 0
11823 497558152 35 0
6138 497564290 18 0
5639 497569929 16 0
5658 497575587 11 0
11815 497587402 37 0
6119 497593521 33 0
5652 497599173 15 0
5658 497604831 12 0
11824 497616655 36 0
6114 497622769 20 0
7009 497629778 40 0
5658 497635436 10 0
12732 497648168 101 38
6138 497654306 16 0
5656 497659962 25 0
5658 497665620 8 0
11794 497677414 24 0
6139 497683553 18 0
5658 497689211 9 0
5652 497694863 13 0
11809 497706672 32 0
6138 497712810 15 0
5643 497718453 22 0
5658 497724111 11 0
11829 497735940 43 0
6120 497742060 19 0
5658 497747718 9 0
5655 497753373 22 0
11811 497765184 29 0
6144 497771328 25 0
5658 497776986 16 0
5658 497782644 9 0
11808 497794452 49 0
6144 497800596 22 0
5650 497806246 21 0
5652 497811898 19 0
11797 497823695 44 0
6125 497829820 23 0
5658 497835478 11 0
5658 497841136 11 0
11776 497852912 31 0
6138 497859050 17 0
5642 497864692 21 0
5649 497870341 25 0
928122 498798463 15563 4731
6691 498805154 66 0
6662 498811816 36 0
14602 498826418 429 125
13386 498839804 54 0
6679 498846483 33 0
8275 498854758 161 34
6601 498861359 30 0
