18, 1, 3266948, 653389.400
20, 3266949, 10102755, 1367161.200
17, 10102756, 26759616, 1665686.000
26, 26759617, 34056957, 1459468.000
5, 34056958, 39455832, 1079774.800
3, 39455833, 831396417, 2514097.092
9, 831396418, 1287838928, 2340730.821
21, 1287838929, 1295296602, 1491534.600
8, 1295296603, 1566590767, 1550252.366
5, 1566590768, 1572013271, 1084500.600
7, 1572013272, 1600523369, 633557.711
5, 1600523370, 1641954312, 1381031.400
15, 1641954313, 1642812329, 171603.200
25, 1642812330, 1655613736, 1280140.600
6, 1655613737, 1655633871, 1342.267
2, 1655633872, 1655787915, 30808.600
6, 1655787916, 1655807953, 1335.800
