2618973, 2618973, 55166, 4416, 4
8103283, 10722256, 74203, 17016, 13
19141656, 29863912, 19787, 6494, 2
12679916, 42543828, 17933, 5201, 19
18844979, 61388807, 20722, 7090, 2
19150742, 80539549, 19880, 7280, 2
17841739, 98381288, 24966, 9363, 10
18227318, 116608606, 21495, 7565, 2
18803322, 135411928, 20553, 7653, 2
18957503, 154369431, 22030, 8125, 2
18967833, 173337264, 21125, 8015, 2
18894632, 192231896, 21698, 7754, 2
18963809, 211195705, 22026, 7825, 2
18694570, 229890275, 21660, 7526, 2
18505577, 248395852, 21313, 7607, 2
17978416, 266374268, 26610, 7121, 2
19154816, 285529084, 21861, 6145, 2
19290356, 304819440, 21728, 6220, 2
19128108, 323947548, 22277, 6884, 2
19468701, 343416249, 23136, 5994, 11
19394015, 362810264, 21196, 6062, 11
19379155, 382189419, 21429, 6684, 2
19171385, 401360804, 21602, 6854, 2
19385104, 420745908, 22415, 6270, 2
19392640, 440138548, 21680, 6187, 2
19254855, 459393403, 22058, 6677, 2
19455707, 478849110, 21574, 6014, 11
13826556, 492675666, 31578, 3945, 19
4585547, 497261213, 9471, 978, 6
6132, 497267345, 78, 9, 1
5658, 497273003, 17, 1, 1
11816, 497284819, 48, 1, 1
5658, 497290477, 11, 2, 1
6129, 497296606, 27, 0, 1
5639, 497302245, 22, 0, 1
11822, 497314067, 50, 0, 1
5652, 497319719, 16, 0, 1
6138, 497325857, 12, 0, 1
5651, 497331508, 24, 7, 1
11806, 497343314, 34, 0, 1
5657, 497348971, 22, 1, 1
6102, 497355073, 24, 0, 1
5661, 497360734, 24, 1, 1
11825, 497372559, 31, 1, 1
5660, 497378219, 33, 5, 1
6132, 497384351, 22, 0, 1
5652, 497390003, 20, 0, 1
11769, 497401772, 44, 4, 1
5650, 497407422, 28, 0, 1
6151, 497413573, 13, 0, 1
5622, 497419195, 22, 0, 1
13188, 497432383, 120, 58, 1
5658, 497438041, 13, 2, 1
6139, 497444180, 18, 0, 1
5658, 497449838, 11, 2, 1
11831, 497461669, 28, 1, 1
5658, 497467327, 9, 1, 1
6138, 497473465, 14, 0, 1
5658, 497479123, 16, 3, 1
11814, 497490937, 44, 0, 1
5654, 497496591, 27, 0, 1
6119, 497502710, 27, 0, 1
5630, 497508340, 34, 6, 1
11800, 497520140, 38, 1, 1
5656, 497525796, 28, 0, 1
6111, 497531907, 26, 0, 1
5657, 497537564, 22, 1, 1
11831, 497549395, 38, 0, 1
5649, 497555044, 26, 0, 1
6138, 497561182, 18, 0, 1
5627, 497566809, 28, 3, 1
11797, 497578606, 39, 0, 1
5658, 497584264, 15, 0, 1
6112, 497590376, 28, 0, 1
5652, 497596028, 38, 13, 1
11798, 497607826, 47, 18, 1
6115, 497613941, 42, 0, 1
6131, 497620072, 22, 0, 1
6110, 497626182, 45, 4, 1
11783, 497637965, 43, 5, 1
6139, 497644104, 62, 4, 1
6086, 497650190, 41, 0, 1
5658, 497655848, 16, 3, 1
11788, 497667636, 43, 0, 1
5644, 497673280, 28, 1, 1
6138, 497679418, 24, 0, 1
5657, 497685075, 36, 11, 1
11813, 497696888, 42, 1, 1
5650, 497702538, 19, 2, 1
6138, 497708676, 17, 0, 1
5645, 497714321, 48, 26, 1
11818, 497726139, 33, 0, 1
5653, 497731792, 39, 0, 1
6151, 497737943, 17, 0, 1
5663, 497743606, 25, 4, 1
11821, 497755427, 43, 0, 1
5658, 497761085, 24, 4, 1
6138, 497767223, 16, 0, 1
5651, 497772874, 45, 0, 1
11825, 497784699, 53, 3, 1
5652, 497790351, 37, 16, 1
6131, 497796482, 23, 0, 1
5657, 497802139, 38, 23, 1
13187, 497815326, 68, 12, 1
5658, 497820984, 12, 0, 1
6629, 497827613, 72, 1, 1
6333, 497833946, 75, 43, 1
21459, 497855405, 682, 299, 1
6598, 497862003, 78, 20, 1
6579, 497868582, 29, 1, 1
6104, 497874686, 26, 0, 1
12214, 497886900, 38, 0, 1
6129, 497893029, 22, 0, 1
6110, 497899139, 23, 0, 1
6116, 497905255, 17, 0, 1
12227, 497917482, 60, 0, 1
6092, 497923574, 21, 0, 1
6107, 497929681, 37, 0, 1
6103, 497935784, 24, 0, 1
12245, 497948029, 40, 0, 1
6123, 497954152, 34, 0, 1
6097, 497960249, 24, 0, 1
6107, 497966356, 29, 0, 1
11760, 497978116, 33, 0, 1
6138, 497984254, 17, 0, 1
6122, 497990376, 27, 0, 1
6091, 497996467, 33, 0, 1
12232, 498008699, 31, 0, 1
6116, 498014815, 20, 0, 1
6104, 498020919, 23, 0, 1
6104, 498027023, 22, 0, 1
13103, 498040126, 110, 54, 1
6116, 498046242, 18, 0, 1
6105, 498052347, 36, 0, 1
6116, 498058463, 20, 0, 1
11783, 498070246, 33, 0, 1
6110, 498076356, 21, 0, 1
6104, 498082460, 23, 0, 1
6129, 498088589, 17, 0, 1
11793, 498100382, 45, 0, 1
5673, 498106055, 34, 1, 1
6108, 498112163, 24, 0, 1
5652, 498117815, 25, 0, 1
11818, 498129633, 32, 1, 1
5651, 498135284, 27, 0, 1
6119, 498141403, 26, 0, 1
5652, 498147055, 19, 0, 1
11815, 498158870, 29, 0, 1
5658, 498164528, 14, 0, 1
6113, 498170641, 26, 0, 1
5653, 498176294, 22, 0, 1
11836, 498188130, 37, 0, 1
5650, 498193780, 21, 0, 1
6139, 498199919, 25, 0, 1
7029, 498206948, 40, 0, 1
11818, 498218766, 27, 0, 1
5656, 498224422, 23, 0, 1
6153, 498230575, 29, 0, 1
5657, 498236232, 22, 0, 1
11818, 498248050, 22, 0, 1
5654, 498253704, 27, 0, 1
6129, 498259833, 31, 0, 1
5646, 498265479, 16, 0, 1
11813, 498277292, 33, 0, 1
5645, 498282937, 16, 0, 1
6120, 498289057, 18, 0, 1
5639, 498294696, 25, 0, 1
11818, 498306514, 22, 0, 1
5658, 498312172, 13, 0, 1
6132, 498318304, 19, 0, 1
5658, 498323962, 13, 0, 1
11800, 498335762, 30, 0, 1
5658, 498341420, 11, 0, 1
6137, 498347557, 17, 0, 1
6104, 498353661, 20, 0, 1
11790, 498365451, 27, 0, 1
5658, 498371109, 13, 0, 1
6151, 498377260, 15, 0, 1
11301, 498388561, 31, 0, 1
6154, 498394715, 17, 0, 1
5658, 498400373, 10, 0, 1
6125, 498406498, 22, 0, 1
11743, 498418241, 46, 0, 1
6171, 498424412, 18, 0, 1
5658, 498430070, 17, 0, 1
6130, 498436200, 30, 0, 1
11316, 498447516, 19, 1, 1
6160, 498453676, 17, 0, 1
5658, 498459334, 12, 0, 1
6132, 498465466, 23, 0, 1
11303, 498476769, 35, 0, 1
6136, 498482905, 24, 0, 1
5652, 498488557, 14, 0, 1
6131, 498494688, 26, 1, 1
11759, 498506447, 45, 1, 1
6126, 498512573, 27, 0, 1
5646, 498518219, 16, 0, 1
6125, 498524344, 23, 0, 1
11774, 498536118, 24, 0, 1
6132, 498542250, 20, 0, 1
5652, 498547902, 19, 0, 1
6138, 498554040, 17, 0, 1
11792, 498565832, 31, 0, 1
6146, 498571978, 32, 0, 1
5650, 498577628, 23, 0, 1
7515, 498585143, 29, 0, 1
11736, 498596879, 36, 0, 1
6132, 498603011, 17, 0, 1
5649, 498608660, 27, 1, 1
14345, 498623005, 419, 139, 1
11267, 498634272, 54, 4, 1
6160, 498640432, 18, 0, 1
5658, 498646090, 13, 0, 1
6120, 498652210, 21, 0, 1
11783, 498663993, 43, 0, 1
6131, 498670124, 26, 0, 1
5658, 498675782, 16, 0, 1
6107, 498681889, 24, 0, 1
11302, 498693191, 38, 0, 1
6160, 498699351, 18, 0, 1
5658, 498705009, 10, 0, 1
6151, 498711160, 14, 0, 1
11303, 498722463, 37, 0, 1
6160, 498728623, 16, 0, 1
5658, 498734281, 12, 0, 1
6119, 498740400, 20, 0, 1
11312, 498751712, 34, 0, 1
6173, 498757885, 15, 0, 1
5634, 498763519, 22, 0, 1
6117, 498769636, 31, 0, 1
11762, 498781398, 33, 0, 1
6114, 498787512, 22, 0, 1
5649, 498793161, 24, 0, 1
6126, 498799287, 15, 0, 1
11306, 498810593, 38, 0, 1
6154, 498816747, 28, 0, 1
5657, 498822404, 22, 0, 1
6130, 498828534, 27, 0, 1
11304, 498839838, 44, 0, 1
6160, 498845998, 15, 0, 1
5657, 498851655, 18, 0, 1
6151, 498857806, 18, 0, 1
11301, 498869107, 26, 0, 1
6160, 498875267, 14, 0, 1
6115, 498881382, 24, 0, 1
5628, 498887010, 21, 0, 1
11784, 498898794, 22, 0, 1
6151, 498904945, 16, 0, 1
5650, 498910595, 21, 0, 1
6132, 498916727, 18, 0, 1
11308, 498928035, 29, 0, 1
6141, 498934176, 23, 0, 1
5662, 498939838, 23, 1, 1
6150, 498945988, 28, 0, 1
11297, 498957285, 29, 0, 1
6160, 498963445, 16, 0, 1
7027, 498970472, 43, 0, 1
6138, 498976610, 17, 0, 1
11309, 498987919, 45, 0, 1
6173, 498994092, 14, 0, 1
5634, 498999726, 15, 0, 1
6138, 499005864, 16, 0, 1
11308, 499017172, 26, 0, 1
6160, 499023332, 18, 0, 1
5649, 499028981, 29, 0, 1
6106, 499035087, 27, 0, 1
11315, 499046402, 37, 0, 1
6143, 499052545, 22, 0, 1
5626, 499058171, 20, 0, 1
6113, 499064284, 21, 0, 1
11310, 499075594, 37, 0, 1
6130, 499081724, 19, 0, 1
5657, 499087381, 27, 0, 1
6145, 499093526, 19, 0, 1
11285, 499104811, 25, 0, 1
6153, 499110964, 25, 0, 1
5660, 499116624, 22, 0, 1
6113, 499122737, 21, 0, 1
11308, 499134045, 40, 0, 1
6148, 499140193, 23, 0, 1
5667, 499145860, 28, 0, 1
6131, 499151991, 25, 0, 1
11308, 499163299, 27, 0, 1
6154, 499169453, 21, 0, 1
5658, 499175111, 23, 0, 1
6164, 499181275, 18, 0, 1
11304, 499192579, 36, 0, 1
6148, 499198727, 18, 0, 1
5651, 499204378, 19, 0, 1
6138, 499210516, 16, 0, 1
11289, 499221805, 29, 0, 1
6167, 499227972, 23, 0, 1
5650, 499233622, 23, 0, 1
6107, 499239729, 24, 0, 1
11289, 499251018, 27, 0, 1
6141, 499257159, 25, 0, 1
5658, 499262817, 11, 0, 1
6138, 499268955, 18, 0, 1
11316, 499280271, 15, 0, 1
6167, 499286438, 24, 0, 1
5658, 499292096, 12, 0, 1
6138, 499298234, 16, 0, 1
11302, 499309536, 33, 0, 1
6160, 499315696, 17, 0, 1
5667, 499321363, 17, 0, 1
6151, 499327514, 16, 0, 1
11312, 499338826, 36, 0, 1
7518, 499346344, 42, 0, 1
5658, 499352002, 12, 0, 1
6138, 499358140, 14, 0, 1
11286, 499369426, 26, 0, 1
6141, 499375567, 26, 0, 1
5646, 499381213, 13, 0, 1
6132, 499387345, 21, 0, 1
11317, 499398662, 31, 0, 1
6130, 499404792, 25, 0, 1
5667, 499410459, 22, 0, 1
6151, 499416610, 17, 0, 1
11297, 499427907, 34, 0, 1
6136, 499434043, 22, 0, 1
5658, 499439701, 10, 0, 1
6106, 499445807, 24, 0, 1
11307, 499457114, 39, 0, 1
6173, 499463287, 17, 0, 1
5652, 499468939, 14, 0, 1
6126, 499475065, 30, 0, 1
11282, 499486347, 30, 0, 1
6160, 499492507, 16, 0, 1
5645, 499498152, 19, 0, 1
6138, 499504290, 16, 0, 1
11316, 499515606, 16, 0, 1
6166, 499521772, 24, 0, 1
5644, 499527416, 25, 0, 1
6120, 499533536, 23, 0, 1
11313, 499544849, 30, 0, 1
6160, 499551009, 15, 0, 1
5668, 499556677, 23, 0, 1
6164, 499562841, 17, 0, 1
11300, 499574141, 44, 0, 1
6160, 499580301, 17, 0, 1
5658, 499585959, 11, 0, 1
6138, 499592097, 16, 0, 1
11300, 499603397, 43, 0, 1
6166, 499609563, 22, 0, 1
5658, 499615221, 10, 0, 1
6125, 499621346, 27, 0, 1
11303, 499632649, 30, 0, 1
6160, 499638809, 15, 0, 1
5652, 499644461, 13, 0, 1
6155, 499650616, 34, 0, 1
11304, 499661920, 22, 0, 1
6157, 499668077, 23, 0, 1
5658, 499673735, 10, 0, 1
6145, 499679880, 16, 0, 1
11316, 499691196, 12, 0, 1
6151, 499697347, 26, 0, 1
5652, 499702999, 16, 0, 1
9477, 499712476, 192, 40, 1
919897, 500632373, 16147, 5161, 9
6106, 500638479, 88, 11, 1
6107, 500644586, 50, 7, 1
6725, 500651311, 49, 1, 1
18974, 500670285, 456, 215, 1
6668, 500676953, 47, 5, 1
6699, 500683652, 56, 5, 1
6662, 500690314, 23, 1, 1
601318, 601318, 15117, 1043, 5
4883500, 5484818, 86021, 9914, 15
15283293, 20768111, 40104, 12551, 20
18880924, 39649035, 17446, 5833, 11
18749556, 58398591, 23461, 6670, 2
19265837, 77664428, 17866, 6018, 11
19174666, 96839094, 18829, 6101, 2
18207723, 115046817, 24062, 8526, 2
18726720, 133773537, 19123, 6001, 2
18970600, 152744137, 18382, 5839, 11
19418346, 172162483, 20731, 6425, 2
19223431, 191385914, 19087, 6268, 2
19173792, 210559706, 19118, 6146, 2
19282466, 229842172, 19039, 6116, 11
19209502, 249051674, 20711, 6110, 2
17777460, 266829134, 25178, 7544, 2
18825868, 285655002, 20413, 7276, 2
18678853, 304333855, 20375, 7504, 2
19266462, 323600317, 20294, 6905, 2
19186218, 342786535, 20775, 7286, 2
19092038, 361878573, 20072, 7612, 2
19188444, 381067017, 20201, 7724, 2
19146310, 400213327, 21190, 7355, 2
19295969, 419509296, 20184, 7207, 2
19309758, 438819054, 20002, 7227, 2
19142434, 457961488, 20424, 7420, 2
19065255, 477026743, 21151, 7858, 2
14423309, 491450052, 31015, 4520, 19
4920991, 496371043, 10266, 905, 6
6661, 496377704, 412, 43, 1
13134, 496390838, 54, 4, 1
6431, 496397269, 21, 0, 1
6436, 496403705, 29, 1, 1
6744, 496410449, 19, 0, 1
13141, 496423590, 35, 0, 1
6417, 496430007, 23, 1, 1
6425, 496436432, 19, 0, 1
6757, 496443189, 28, 7, 1
13153, 496456342, 30, 0, 1
6412, 496462754, 24, 0, 1
6430, 496469184, 21, 0, 1
6708, 496475892, 28, 0, 1
13166, 496489058, 28, 0, 1
6431, 496495489, 20, 5, 1
6436, 496501925, 29, 0, 1
6735, 496508660, 33, 1, 1
13138, 496521798, 35, 0, 1
6428, 496528226, 27, 1, 1
6431, 496534657, 19, 0, 1
6744, 496541401, 33, 2, 1
13145, 496554546, 41, 0, 1
6431, 496560977, 18, 6, 1
6425, 496567402, 25, 0, 1
14546, 496581948, 114, 31, 1
6728, 496588676, 31, 0, 1
6431, 496595107, 16, 4, 1
6415, 496601522, 24, 0, 1
13157, 496614679, 29, 1, 1
6838, 496621517, 45, 2, 1
6431, 496627948, 20, 1, 1
6431, 496634379, 18, 0, 1
22275, 496656654, 578, 449, 1
6716, 496663370, 25, 0, 1
6431, 496669801, 17, 5, 1
6431, 496676232, 17, 0, 1
13116, 496689348, 56, 0, 1
6716, 496696064, 19, 0, 1
6598, 496702662, 33, 0, 1
6425, 496709087, 22, 1, 1
13169, 496722256, 48, 2, 1
6722, 496728978, 25, 0, 1
6428, 496735406, 26, 0, 1
6418, 496741824, 20, 0, 1
13143, 496754967, 52, 0, 1
6716, 496761683, 23, 0, 1
6430, 496768113, 39, 16, 1
6431, 496774544, 16, 0, 1
13159, 496787703, 90, 9, 1
6709, 496794412, 26, 0, 1
6697, 496801109, 64, 0, 1
6426, 496807535, 52, 12, 1
13409, 496820944, 81, 5, 1
6700, 496827644, 19, 0, 1
6538, 496834182, 36, 3, 1
6430, 496840612, 27, 1, 1
13175, 496853787, 39, 0, 1
6715, 496860502, 34, 3, 1
6425, 496866927, 35, 7, 1
6422, 496873349, 26, 0, 1
13173, 496886522, 56, 11, 1
6722, 496893244, 20, 0, 1
6429, 496899673, 60, 29, 1
6431, 496906104, 18, 0, 1
13174, 496919278, 52, 0, 1
6703, 496925981, 27, 0, 1
6431, 496932412, 27, 7, 1
6431, 496938843, 21, 0, 1
13175, 496952018, 53, 4, 1
6703, 496958721, 29, 0, 1
6431, 496965152, 36, 19, 1
6431, 496971583, 15, 0, 1
13201, 496984784, 66, 19, 1
6722, 496991506, 20, 0, 1
6431, 496997937, 27, 5, 1
6431, 497004368, 27, 1, 1
14839, 497019207, 100, 31, 1
6843, 497026050, 51, 0, 1
6532, 497032582, 57, 16, 1
6402, 497038984, 18, 1, 1
13679, 497052663, 65, 4, 1
6897, 497059560, 35, 1, 1
6777, 497066337, 22, 0, 1
6790, 497073127, 26, 0, 1
13553, 497086680, 42, 0, 1
6751, 497093431, 34, 0, 1
6777, 497100208, 34, 1, 1
6776, 497106984, 37, 0, 1
13547, 497120531, 49, 0, 1
6790, 497127321, 21, 0, 1
6765, 497134086, 26, 0, 1
6771, 497140857, 30, 0, 1
13560, 497154417, 45, 0, 1
6765, 497161182, 26, 0, 1
6777, 497167959, 23, 0, 1
6759, 497174718, 37, 0, 1
13554, 497188272, 50, 1, 1
6759, 497195031, 25, 0, 1
6777, 497201808, 25, 0, 1
6777, 497208585, 20, 0, 1
13529, 497222114, 52, 0, 1
6777, 497228891, 21, 0, 1
6784, 497235675, 24, 0, 1
6776, 497242451, 32, 0, 1
13536, 497255987, 47, 0, 1
6770, 497262757, 24, 0, 1
6776, 497269533, 25, 0, 1
6490, 497276023, 24, 0, 1
13702, 497289725, 63, 8, 1
6776, 497296501, 20, 0, 1
6777, 497303278, 24, 0, 1
6508, 497309786, 18, 0, 1
13269, 497323055, 49, 0, 1
6799, 497329854, 28, 0, 1
6508, 497336362, 17, 0, 1
6508, 497342870, 16, 0, 1
13340, 497356210, 55, 7, 1
6793, 497363003, 28, 0, 1
6508, 497369511, 19, 0, 1
6508, 497376019, 19, 0, 1
13311, 497389330, 35, 0, 1
6825, 497396155, 20, 0, 1
6508, 497402663, 18, 0, 1
6508, 497409171, 18, 0, 1
13305, 497422476, 44, 0, 1
6799, 497429275, 25, 0, 1
6472, 497435747, 25, 0, 1
7885, 497443632, 34, 0, 1
13329, 497456961, 38, 0, 1
6799, 497463760, 20, 0, 1
6502, 497470262, 21, 1, 1
6501, 497476763, 25, 0, 1
13317, 497490080, 38, 0, 1
6793, 497496873, 24, 0, 1
6507, 497503380, 28, 0, 1
6508, 497509888, 17, 0, 1
13342, 497523230, 32, 0, 1
6799, 497530029, 21, 0, 1
6508, 497536537, 18, 0, 1
6502, 497543039, 20, 0, 1
13310, 497556349, 39, 0, 1
6812, 497563161, 22, 0, 1
6501, 497569662, 22, 0, 1
6508, 497576170, 23, 0, 1
13463, 497589633, 53, 0, 1
6751, 497596384, 29, 0, 1
6502, 497602886, 22, 0, 1
6501, 497609387, 26, 0, 1
13312, 497622699, 37, 0, 1
6799, 497629498, 24, 0, 1
6495, 497635993, 27, 0, 1
6508, 497642501, 19, 0, 1
13308, 497655809, 44, 0, 1
6797, 497662606, 34, 0, 1
6508, 497669114, 18, 0, 1
6508, 497675622, 18, 0, 1
13328, 497688950, 45, 0, 1
6798, 497695748, 27, 0, 1
6508, 497702256, 22, 2, 1
6502, 497708758, 20, 0, 1
13322, 497722080, 47, 1, 1
6793, 497728873, 28, 0, 1
6508, 497735381, 18, 1, 1
6508, 497741889, 17, 0, 1
13328, 497755217, 41, 0, 1
6793, 497762010, 21, 0, 1
6508, 497768518, 18, 0, 1
6508, 497775026, 18, 0, 1
13336, 497788362, 42, 0, 1
6793, 497795155, 26, 0, 1
6777, 497801932, 22, 0, 1
6508, 497808440, 30, 0, 1
13289, 497821729, 46, 0, 1
6819, 497828548, 31, 0, 1
6777, 497835325, 22, 0, 1
6508, 497841833, 18, 0, 1
13318, 497855151, 48, 0, 1
6801, 497861952, 28, 0, 1
7879, 497869831, 34, 0, 1
6495, 497876326, 23, 0, 1
13341, 497889667, 35, 0, 1
6799, 497896466, 19, 0, 1
6501, 497902967, 27, 0, 1
6508, 497909475, 18, 0, 1
13326, 497922801, 49, 0, 1
6812, 497929613, 17, 0, 1
6508, 497936121, 18, 0, 1
6508, 497942629, 16, 0, 1
13329, 497955958, 30, 0, 1
6799, 497962757, 26, 0, 1
6484, 497969241, 23, 0, 1
6507, 497975748, 22, 0, 1
13328, 497989076, 49, 0, 1
6793, 497995869, 28, 0, 1
6495, 498002364, 24, 0, 1
6835, 498009199, 45, 0, 1
13377, 498022576, 43, 0, 1
6798, 498029374, 28, 0, 1
6854, 498036228, 27, 0, 1
6532, 498042760, 17, 0, 1
13217, 498055977, 41, 0, 1
6727, 498062704, 25, 0, 1
6413, 498069117, 21, 0, 1
6430, 498075547, 23, 0, 1
13162, 498088709, 40, 0, 1
6735, 498095444, 22, 0, 1
6431, 498101875, 19, 0, 1
6431, 498108306, 15, 0, 1
13175, 498121481, 30, 0, 1
6722, 498128203, 20, 0, 1
6431, 498134634, 17, 0, 1
6431, 498141065, 28, 0, 1
13176, 498154241, 42, 0, 1
6716, 498160957, 25, 0, 1
6431, 498167388, 16, 0, 1
6431, 498173819, 17, 0, 1
13438, 498187257, 38, 0, 1
6713, 498193970, 17, 0, 1
6407, 498200377, 29, 1, 1
6424, 498206801, 21, 0, 1
13150, 498219951, 39, 0, 1
6722, 498226673, 29, 0, 1
6431, 498233104, 13, 0, 1
6431, 498239535, 16, 0, 1
13206, 498252741, 38, 0, 1
6716, 498259457, 25, 0, 1
6431, 498265888, 17, 0, 1
6431, 498272319, 24, 0, 1
13149, 498285468, 38, 0, 1
8099, 498293567, 38, 0, 1
6413, 498299980, 22, 0, 1
6431, 498306411, 14, 0, 1
13150, 498319561, 40, 0, 1
6686, 498326247, 26, 0, 1
6404, 498332651, 26, 0, 1
6430, 498339081, 23, 0, 1
13175, 498352256, 29, 2, 1
6735, 498358991, 19, 0, 1
6429, 498365420, 25, 0, 1
6430, 498371850, 22, 0, 1
13157, 498385007, 34, 0, 1
6711, 498391718, 26, 0, 1
6425, 498398143, 17, 0, 1
6431, 498404574, 16, 0, 1
13188, 498417762, 31, 0, 1
6722, 498424484, 20, 0, 1
6431, 498430915, 18, 0, 1
6431, 498437346, 15, 0, 1
13175, 498450521, 28, 0, 1
6735, 498457256, 19, 0, 1
6431, 498463687, 17, 0, 1
6425, 498470112, 17, 0, 1
13175, 498483287, 34, 0, 1
6722, 498490009, 24, 0, 1
6413, 498496422, 21, 0, 1
6420, 498502842, 34, 0, 1
13173, 498516015, 43, 0, 1
6722, 498522737, 25, 0, 1
6431, 498529168, 16, 0, 1
6431, 498535599, 16, 0, 1
13137, 498548736, 43, 0, 1
6722, 498555458, 20, 0, 1
6565, 498562023, 31, 0, 1
6431, 498568454, 15, 0, 1
13139, 498581593, 37, 0, 1
6697, 498588290, 27, 0, 1
6425, 498594715, 21, 0, 1
6429, 498601144, 27, 0, 1
13160, 498614304, 46, 0, 1
6735, 498621039, 26, 0, 1
6431, 498627470, 16, 0, 1
6425, 498633895, 18, 0, 1
13141, 498647036, 46, 0, 1
6704, 498653740, 28, 0, 1
6425, 498660165, 16, 0, 1
6424, 498666589, 19, 0, 1
13170, 498679759, 45, 0, 1
6729, 498686488, 20, 0, 1
6422, 498692910, 26, 0, 1
6431, 498699341, 16, 0, 1
14536, 498713877, 56, 0, 1
6723, 498720600, 25, 0, 1
6430, 498727030, 20, 0, 1
6418, 498733448, 20, 0, 1
13163, 498746611, 43, 0, 1
6716, 498753327, 23, 0, 1
6425, 498759752, 20, 0, 1
6431, 498766183, 14, 0, 1
13190, 498779373, 41, 0, 1
6722, 498786095, 25, 0, 1
6431, 498792526, 13, 0, 1
6425, 498798951, 22, 0, 1
13157, 498812108, 37, 0, 1
6722, 498818830, 20, 0, 1
6431, 498825261, 12, 0, 1
6431, 498831692, 20, 0, 1
13188, 498844880, 28, 0, 1
6708, 498851588, 33, 0, 1
6418, 498858006, 28, 0, 1
6431, 498864437, 13, 0, 1
13175, 498877612, 25, 0, 1
6735, 498884347, 25, 0, 1
6430, 498890777, 25, 0, 1
6431, 498897208, 17, 0, 1
13168, 498910376, 38, 0, 1
6692, 498917068, 24, 0, 1
6431, 498923499, 15, 0, 1
13170, 498936669, 34, 0, 1
6431, 498943100, 20, 0, 1
6703, 498949803, 24, 0, 1
6413, 498956216, 18, 0, 1
13181, 498969397, 32, 0, 1
6425, 498975822, 16, 0, 1
6733, 498982555, 30, 0, 1
6431, 498988986, 16, 0, 1
13151, 499002137, 39, 0, 1
6430, 499008567, 24, 0, 1
6722, 499015289, 20, 0, 1
6431, 499021720, 18, 0, 1
13180, 499034900, 34, 0, 1
6431, 499041331, 23, 0, 1
6722, 499048053, 18, 0, 1
6431, 499054484, 17, 0, 1
13156, 499067640, 31, 0, 1
6418, 499074058, 21, 0, 1
6722, 499080780, 21, 0, 1
6425, 499087205, 19, 0, 1
13201, 499100406, 29, 0, 1
9764, 499110170, 228, 48, 1
871599, 499981769, 14640, 4904, 9
9623, 499991392, 857, 119, 1
13763, 500005155, 101, 16, 1
12370, 500017525, 427, 176, 1
15153, 500032678, 401, 178, 1
6861, 500039539, 66, 7, 1
15034, 500054573, 253, 41, 1
6823, 500061396, 37, 2, 1
6839, 500068235, 40, 3, 1
1427834, 1427834, 31682, 1857, 4
5625944, 7053778, 79831, 15847, 13
16647398, 23701176, 33469, 9127, 10
18686029, 42387205, 21187, 6734, 2
18717668, 61104873, 21305, 6707, 2
19524302, 80629175, 19363, 6177, 11
19144282, 99773457, 18444, 5959, 11
18309865, 118083322, 24055, 8614, 2
18408281, 136491603, 19244, 6128, 2
19098834, 155590437, 19849, 6343, 2
19286953, 174877390, 20676, 6743, 2
19348182, 194225572, 18911, 6439, 2
19117360, 213342932, 19183, 6261, 2
19266964, 232609896, 19475, 6388, 2
18663111, 251273007, 20293, 6715, 2
18456493, 269729500, 24856, 6515, 2
18609005, 288338505, 18937, 6083, 2
19228468, 307566973, 19854, 6249, 2
19411689, 326978662, 18889, 6395, 2
19477135, 346455797, 19252, 6456, 2
19238273, 365694070, 19172, 6327, 2
19488376, 385182446, 20229, 6231, 2
19316190, 404498636, 18514, 6421, 2
19553585, 424052221, 18985, 6304, 2
19465648, 443517869, 18673, 6358, 2
19365162, 462883031, 19895, 6423, 2
19450147, 482333178, 19341, 5980, 11
10926938, 493260116, 30922, 6060, 19
3092262, 496352378, 6751, 870, 5
11795, 496364173, 375, 50, 1
6138, 496370311, 26, 0, 1
5658, 496375969, 14, 0, 1
6124, 496382093, 26, 0, 1
11258, 496393351, 52, 13, 1
6162, 496399513, 31, 1, 1
5658, 496405171, 14, 0, 1
6132, 496411303, 19, 0, 1
11274, 496422577, 39, 4, 1
6160, 496428737, 18, 4, 1
5658, 496434395, 11, 1, 1
6151, 496440546, 16, 0, 1
11307, 496451853, 42, 7, 1
6145, 496457998, 25, 0, 1
5646, 496463644, 14, 0, 1
6119, 496469763, 23, 0, 1
11304, 496481067, 38, 1, 1
6173, 496487240, 17, 0, 1
5652, 496492892, 25, 0, 1
6126, 496499018, 26, 0, 1
11316, 496510334, 46, 1, 1
6156, 496516490, 33, 0, 1
5658, 496522148, 8, 1, 1
6151, 496528299, 22, 0, 1
11307, 496539606, 26, 0, 1
6142, 496545748, 24, 0, 1
5658, 496551406, 17, 0, 1
6132, 496557538, 32, 0, 1
11309, 496568847, 48, 0, 1
6167, 496575014, 22, 2, 1
5658, 496580672, 11, 1, 1
6138, 496586810, 13, 0, 1
12675, 496599485, 103, 28, 1
6139, 496605624, 40, 5, 1
5658, 496611282, 10, 0, 1
6145, 496617427, 17, 1, 1
11296, 496628723, 40, 4, 1
6167, 496634890, 18, 0, 1
5658, 496640548, 11, 1, 1
6138, 496646686, 15, 0, 1
11272, 496657958, 36, 0, 1
6160, 496664118, 17, 0, 1
5658, 496669776, 14, 0, 1
6134, 496675910, 25, 0, 1
11295, 496687205, 35, 1, 1
6160, 496693365, 16, 1, 1
5625, 496698990, 67, 7, 1
6138, 496705128, 19, 1, 1
11774, 496716902, 105, 40, 1
6151, 496723053, 42, 3, 1
5638, 496728691, 47, 6, 1
6138, 496734829, 24, 1, 1
12226, 496747055, 78, 3, 1
6116, 496753171, 22, 0, 1
5658, 496758829, 12, 1, 1
6119, 496764948, 26, 0, 1
11315, 496776263, 35, 15, 1
6118, 496782381, 29, 0, 1
5657, 496788038, 28, 5, 1
6138, 496794176, 16, 0, 1
11316, 496805492, 31, 9, 1
6173, 496811665, 23, 1, 1
5658, 496817323, 15, 4, 1
6138, 496823461, 16, 0, 1
11293, 496834754, 36, 7, 1
6157, 496840911, 33, 0, 1
5651, 496846562, 20, 1, 1
6138, 496852700, 16, 0, 1
11304, 496864004, 43, 14, 1
6173, 496870177, 19, 0, 1
5658, 496875835, 21, 7, 1
6114, 496881949, 27, 0, 1
11316, 496893265, 65, 23, 1
6160, 496899425, 30, 0, 1
5662, 496905087, 26, 4, 1
6151, 496911238, 17, 0, 1
11790, 496923028, 57, 0, 1
6665, 496929693, 89, 3, 1
6332, 496936025, 59, 14, 1
6664, 496942689, 22, 0, 1
13194, 496955883, 56, 2, 1
6116, 496961999, 23, 0, 1
6100, 496968099, 27, 0, 1
7457, 496975556, 70, 6, 1
12219, 496987775, 36, 0, 1
6079, 496993854, 31, 0, 1
6091, 496999945, 34, 0, 1
6105, 497006050, 27, 0, 1
12224, 497018274, 50, 0, 1
6116, 497024390, 16, 0, 1
6116, 497030506, 22, 0, 1
6097, 497036603, 30, 0, 1
12214, 497048817, 40, 0, 1
6142, 497054959, 17, 0, 1
6111, 497061070, 34, 0, 1
6116, 497067186, 17, 0, 1
12206, 497079392, 41, 0, 1
6115, 497085507, 26, 0, 1
6101, 497091608, 27, 0, 1
6116, 497097724, 18, 0, 1
12237, 497109961, 44, 0, 1
6116, 497116077, 25, 0, 1
6091, 497122168, 30, 0, 1
6098, 497128266, 36, 0, 1
12232, 497140498, 42, 0, 1
6116, 497146614, 18, 0, 1
6129, 497152743, 19, 0, 1
6116, 497158859, 18, 0, 1
11766, 497170625, 34, 4, 1
6132, 497176757, 20, 0, 1
5658, 497182415, 12, 1, 1
6137, 497188552, 29, 0, 1
11756, 497200308, 27, 0, 1
6150, 497206458, 21, 0, 1
5668, 497212126, 25, 0, 1
6137, 497218263, 33, 4, 1
11309, 497229572, 34, 0, 1
6153, 497235725, 21, 0, 1
5661, 497241386, 29, 0, 1
6136, 497247522, 31, 0, 1
11309, 497258831, 31, 0, 1
6160, 497264991, 17, 0, 1
5652, 497270643, 17, 0, 1
6138, 497276781, 15, 0, 1
11298, 497288079, 19, 0, 1
6166, 497294245, 37, 0, 1
6374, 497300619, 31, 0, 1
6624, 497307243, 28, 0, 1
12550, 497319793, 38, 0, 1
6723, 497326516, 33, 0, 1
6309, 497332825, 15, 1, 1
6587, 497339412, 30, 0, 1
12900, 497352312, 32, 0, 1
6586, 497358898, 29, 1, 1
7680, 497366578, 52, 0, 1
6607, 497373185, 16, 0, 1
12607, 497385792, 45, 2, 1
6604, 497392396, 24, 0, 1
6309, 497398705, 16, 0, 1
6613, 497405318, 19, 0, 1
12620, 497417938, 43, 0, 1
6604, 497424542, 30, 5, 1
6309, 497430851, 15, 0, 1
6600, 497437451, 19, 0, 1
12588, 497450039, 38, 0, 1
6642, 497456681, 21, 0, 1
6296, 497462977, 27, 1, 1
6600, 497469577, 20, 0, 1
12594, 497482171, 26, 0, 1
6622, 497488793, 17, 0, 1
6308, 497495101, 31, 0, 1
6613, 497501714, 19, 0, 1
12588, 497514302, 45, 0, 1
6610, 497520912, 28, 0, 1
6318, 497527230, 35, 0, 1
6600, 497533830, 19, 0, 1
12875, 497546705, 33, 0, 1
6606, 497553311, 26, 0, 1
6309, 497559620, 18, 1, 1
6600, 497566220, 20, 0, 1
12879, 497579099, 36, 0, 1
6586, 497585685, 25, 4, 1
6309, 497591994, 12, 0, 1
6603, 497598597, 36, 0, 1
12862, 497611459, 37, 0, 1
6600, 497618059, 16, 0, 1
6312, 497624371, 29, 0, 1
6574, 497630945, 30, 0, 1
12611, 497643556, 37, 0, 1
6598, 497650154, 33, 0, 1
6309, 497656463, 11, 1, 1
6613, 497663076, 17, 0, 1
12882, 497675958, 48, 0, 1
6600, 497682558, 18, 0, 1
6302, 497688860, 21, 1, 1
6597, 497695457, 26, 0, 1
12879, 497708336, 31, 0, 1
6601, 497714937, 22, 0, 1
6309, 497721246, 13, 0, 1
6599, 497727845, 31, 0, 1
12611, 497740456, 36, 0, 1
6616, 497747072, 23, 0, 1
6297, 497753369, 20, 0, 1
6607, 497759976, 21, 0, 1
12586, 497772562, 36, 0, 1
7997, 497780559, 55, 3, 1
6297, 497786856, 20, 0, 1
6600, 497793456, 20, 0, 1
12604, 497806060, 39, 0, 1
15708, 497821768, 647, 153, 1
6278, 497828046, 73, 1, 1
6600, 497834646, 20, 0, 1
12591, 497847237, 34, 0, 1
6619, 497853856, 28, 0, 1
6303, 497860159, 15, 0, 1
6603, 497866762, 32, 0, 1
12895, 497879657, 31, 0, 1
6579, 497886236, 33, 0, 1
6290, 497892526, 21, 0, 1
6600, 497899126, 22, 0, 1
12606, 497911732, 25, 0, 1
6609, 497918341, 25, 0, 1
6303, 497924644, 16, 0, 1
6607, 497931251, 22, 0, 1
12606, 497943857, 29, 0, 1
6622, 497950479, 17, 0, 1
6313, 497956792, 23, 0, 1
6599, 497963391, 39, 0, 1
12594, 497975985, 28, 0, 1
6640, 497982625, 24, 0, 1
6309, 497988934, 12, 0, 1
6600, 497995534, 18, 0, 1
12603, 498008137, 52, 1, 1
6616, 498014753, 23, 0, 1
6318, 498021071, 34, 0, 1
6602, 498027673, 23, 0, 1
12863, 498040536, 46, 0, 1
6600, 498047136, 16, 0, 1
6566, 498053702, 24, 0, 1
6535, 498060237, 26, 0, 1
12619, 498072856, 51, 0, 1
6617, 498079473, 24, 0, 1
6284, 498085757, 25, 0, 1
6582, 498092339, 23, 0, 1
12616, 498104955, 33, 0, 1
6604, 498111559, 22, 0, 1
6294, 498117853, 29, 0, 1
6600, 498124453, 17, 0, 1
12608, 498137061, 36, 0, 1
6635, 498143696, 16, 0, 1
6291, 498149987, 17, 0, 1
6598, 498156585, 36, 0, 1
12632, 498169217, 42, 0, 1
6622, 498175839, 18, 0, 1
6296, 498182135, 20, 0, 1
6590, 498188725, 29, 0, 1
13982, 498202707, 54, 0, 1
6574, 498209281, 24, 0, 1
6306, 498215587, 27, 1, 1
12878, 498228465, 35, 0, 1
6309, 498234774, 13, 1, 1
6608, 498241382, 27, 0, 1
6279, 498247661, 25, 0, 1
12897, 498260558, 38, 0, 1
6309, 498266867, 12, 1, 1
6603, 498273470, 25, 0, 1
6309, 498279779, 10, 0, 1
13173, 498292952, 44, 0, 1
6301, 498299253, 28, 0, 1
6600, 498305853, 18, 0, 1
6309, 498312162, 13, 0, 1
12866, 498325028, 31, 0, 1
6303, 498331331, 15, 0, 1
6634, 498337965, 25, 0, 1
6306, 498344271, 26, 0, 1
12882, 498357153, 44, 0, 1
6307, 498363460, 29, 0, 1
6620, 498370080, 30, 0, 1
6309, 498376389, 11, 0, 1
12881, 498389270, 33, 0, 1
6309, 498395579, 15, 0, 1
6608, 498402187, 27, 0, 1
6301, 498408488, 22, 0, 1
12901, 498421389, 47, 0, 1
6309, 498427698, 18, 0, 1
6613, 498434311, 31, 0, 1
6326, 498440637, 32, 0, 1
12925, 498453562, 47, 0, 1
6309, 498459871, 16, 0, 1
6622, 498466493, 18, 0, 1
6295, 498472788, 18, 0, 1
12909, 498485697, 34, 0, 1
6309, 498492006, 13, 0, 1
6623, 498498629, 25, 0, 1
6309, 498504938, 13, 0, 1
12884, 498517822, 33, 0, 1
6298, 498524120, 27, 0, 1
6622, 498530742, 17, 0, 1
6303, 498537045, 15, 0, 1
12901, 498549946, 36, 0, 1
6309, 498556255, 12, 0, 1
6612, 498562867, 27, 0, 1
6291, 498569158, 18, 0, 1
12898, 498582056, 52, 4, 1
6309, 498588365, 12, 0, 1
6629, 498594994, 25, 0, 1
6309, 498601303, 11, 0, 1
14272, 498615575, 73, 4, 1
6309, 498621884, 13, 0, 1
6615, 498628499, 25, 0, 1
6309, 498634808, 11, 0, 1
12907, 498647715, 40, 0, 1
6309, 498654024, 13, 0, 1
6621, 498660645, 21, 0, 1
6306, 498666951, 32, 0, 1
12893, 498679844, 39, 0, 1
6297, 498686141, 17, 0, 1
6609, 498692750, 29, 0, 1
6301, 498699051, 21, 0, 1
12935, 498711986, 31, 0, 1
6309, 498718295, 14, 0, 1
6620, 498724915, 25, 0, 1
6309, 498731224, 12, 0, 1
12883, 498744107, 34, 0, 1
6309, 498750416, 12, 0, 1
6622, 498757038, 24, 0, 1
6301, 498763339, 25, 0, 1
12884, 498776223, 31, 0, 1
6308, 498782531, 22, 0, 1
6622, 498789153, 17, 0, 1
6303, 498795456, 15, 0, 1
13819, 498809275, 146, 51, 1
6309, 498815584, 10, 0, 1
6622, 498822206, 17, 0, 1
6317, 498828523, 25, 0, 1
12873, 498841396, 32, 0, 1
6309, 498847705, 12, 0, 1
6616, 498854321, 22, 0, 1
6309, 498860630, 11, 0, 1
12899, 498873529, 44, 0, 1
6309, 498879838, 13, 0, 1
6622, 498886460, 18, 0, 1
6309, 498892769, 14, 0, 1
12924, 498905693, 39, 0, 1
6314, 498912007, 27, 0, 1
6635, 498918642, 16, 0, 1
6305, 498924947, 27, 0, 1
12890, 498937837, 42, 0, 1
6309, 498944146, 15, 0, 1
6622, 498950768, 17, 0, 1
6297, 498957065, 22, 0, 1
892527, 499849592, 15479, 5008, 9
6708, 499856300, 83, 14, 1
6393, 499862693, 51, 17, 1
12389, 499875082, 405, 163, 1
13128, 499888210, 71, 8, 1
6691, 499894901, 38, 1, 1
9631, 499904532, 237, 87, 1
6647, 499911179, 59, 4, 1
13249, 499924428, 72, 13, 1
3481335, 3481335, 70755, 5531, 14
9597520, 13078855, 60083, 15810, 13
18864770, 31943625, 20268, 7092, 2
18233172, 50176797, 23866, 6890, 2
19237699, 69414496, 19499, 6244, 2
19132940, 88547436, 18478, 6346, 2
18226025, 106773461, 23822, 8510, 2
18392483, 125165944, 19099, 6213, 2
19304899, 144470843, 19601, 6366, 2
19385968, 163856811, 20877, 6489, 2
19348759, 183205570, 19501, 6399, 2
18982286, 202187856, 19562, 6540, 2
19213004, 221400860, 20176, 6611, 2
18575471, 239976331, 20247, 6254, 2
18604823, 258581154, 24404, 6710, 2
18310635, 276891789, 21551, 6966, 2
19016116, 295907905, 22333, 7365, 2
19036825, 314944730, 21737, 7300, 2
19199434, 334144164, 21368, 7109, 2
19038656, 353182820, 21586, 7721, 2
18771054, 371953874, 22383, 8449, 2
19183004, 391136878, 21447, 7404, 2
18974819, 410111697, 21872, 7901, 2
19145781, 429257478, 21493, 7306, 2
19130466, 448387944, 21819, 7347, 2
19151405, 467539349, 21126, 7252, 2
17232277, 484771626, 32390, 7295, 10
10089859, 494861485, 18006, 3583, 12
1405756, 496267241, 5118, 925, 5
6098, 496273339, 36, 0, 1
5657, 496278996, 23, 1, 1
6151, 496285147, 20, 0, 1
11282, 496296429, 36, 3, 1
6160, 496302589, 21, 2, 1
5658, 496308247, 15, 2, 1
6123, 496314370, 31, 0, 1
11321, 496325691, 50, 0, 1
6186, 496331877, 21, 0, 1
5658, 496337535, 16, 4, 1
6122, 496343657, 31, 0, 1
11315, 496354972, 38, 0, 1
6160, 496361132, 21, 2, 1
5658, 496366790, 14, 3, 1
6139, 496372929, 24, 0, 1
11316, 496384245, 19, 0, 1
6160, 496390405, 25, 1, 1
5646, 496396051, 23, 1, 1
6138, 496402189, 16, 1, 1
11320, 496413509, 35, 0, 1
6160, 496419669, 24, 0, 1
5645, 496425314, 15, 0, 1
11778, 496437092, 40, 5, 1
5653, 496442745, 25, 0, 1
6160, 496448905, 21, 1, 1
5660, 496454565, 23, 0, 1
11782, 496466347, 57, 7, 1
5658, 496472005, 11, 0, 1
6130, 496478135, 23, 0, 1
5640, 496483775, 16, 0, 1
11778, 496495553, 48, 3, 1
5658, 496501211, 14, 1, 1
7537, 496508748, 95, 59, 1
5658, 496514406, 9, 0, 1
11778, 496526184, 34, 0, 1
5658, 496531842, 15, 0, 1
6160, 496538002, 24, 1, 1
5658, 496543660, 14, 0, 1
11796, 496555456, 30, 2, 1
5650, 496561106, 30, 0, 1
6149, 496567255, 24, 0, 1
5652, 496572907, 16, 0, 1
11790, 496584697, 32, 1, 1
5658, 496590355, 15, 0, 1
6148, 496596503, 28, 0, 1
5656, 496602159, 51, 26, 1
12259, 496614418, 67, 6, 1
5658, 496620076, 29, 3, 1
6126, 496626202, 47, 7, 1
6110, 496632312, 50, 0, 1
12219, 496644531, 60, 2, 1
5672, 496650203, 50, 1, 1
6151, 496656354, 32, 1, 1
5666, 496662020, 30, 1, 1
11786, 496673806, 64, 24, 1
5658, 496679464, 11, 0, 1
6162, 496685626, 54, 2, 1
5658, 496691284, 26, 2, 1
11787, 496703071, 78, 36, 1
5658, 496708729, 17, 0, 1
6168, 496714897, 26, 0, 1
5621, 496720518, 22, 0, 1
11796, 496732314, 45, 8, 1
5654, 496737968, 24, 0, 1
6160, 496744128, 33, 0, 1
5643, 496749771, 26, 0, 1
11795, 496761566, 52, 1, 1
5658, 496767224, 8, 0, 1
6152, 496773376, 41, 7, 1
5658, 496779034, 19, 0, 1
11787, 496790821, 79, 28, 1
5658, 496796479, 11, 0, 1
6173, 496802652, 28, 0, 1
5658, 496808310, 18, 2, 1
12228, 496820538, 55, 0, 1
5659, 496826197, 30, 0, 1
6665, 496832862, 78, 9, 1
6333, 496839195, 49, 19, 1
13279, 496852474, 41, 1, 1
6503, 496858977, 51, 1, 1
6561, 496865538, 27, 0, 1
6104, 496871642, 34, 0, 1
12232, 496883874, 49, 0, 1
7492, 496891366, 53, 4, 1
6129, 496897495, 20, 0, 1
6113, 496903608, 42, 0, 1
12239, 496915847, 40, 0, 1
6115, 496921962, 23, 0, 1
6085, 496928047, 33, 0, 1
6078, 496934125, 35, 0, 1
12250, 496946375, 47, 0, 1
6113, 496952488, 30, 0, 1
6116, 496958604, 18, 0, 1
6109, 496964713, 27, 0, 1
12220, 496976933, 37, 1, 1
6113, 496983046, 39, 0, 1
6104, 496989150, 26, 0, 1
6129, 496995279, 20, 0, 1
12210, 497007489, 45, 0, 1
6116, 497013605, 18, 0, 1
6112, 497019717, 39, 0, 1
6097, 497025814, 31, 0, 1
12195, 497038009, 44, 0, 1
6129, 497044138, 30, 0, 1
6107, 497050245, 31, 0, 1
6116, 497056361, 21, 0, 1
12224, 497068585, 48, 0, 1
5657, 497074242, 25, 0, 1
6138, 497080380, 21, 0, 1
5651, 497086031, 32, 0, 1
12261, 497098292, 40, 0, 1
5658, 497103950, 15, 0, 1
6138, 497110088, 18, 0, 1
5658, 497115746, 9, 0, 1
11781, 497127527, 35, 0, 1
5652, 497133179, 20, 0, 1
6173, 497139352, 20, 0, 1
5658, 497145010, 14, 0, 1
11784, 497156794, 31, 0, 1
5658, 497162452, 14, 0, 1
6160, 497168612, 16, 0, 1
5657, 497174269, 21, 0, 1
11770, 497186039, 38, 0, 1
5652, 497191691, 14, 0, 1
6159, 497197850, 24, 0, 1
5658, 497203508, 24, 0, 1
11776, 497215284, 36, 0, 1
5669, 497220953, 29, 0, 1
6160, 497227113, 19, 0, 1
5644, 497232757, 26, 0, 1
11802, 497244559, 45, 1, 1
5658, 497250217, 12, 0, 1
6160, 497256377, 16, 0, 1
5658, 497262035, 14, 0, 1
13173, 497275208, 42, 0, 1
5656, 497280864, 32, 0, 1
6173, 497287037, 17, 0, 1
5642, 497292679, 25, 0, 1
11793, 497304472, 52, 0, 1
5658, 497310130, 12, 0, 1
6160, 497316290, 18, 0, 1
5650, 497321940, 26, 0, 1
11800, 497333740, 37, 0, 1
5662, 497339402, 19, 0, 1
6160, 497345562, 20, 0, 1
5658, 497351220, 14, 0, 1
11800, 497363020, 52, 0, 1
5658, 497368678, 11, 0, 1
17438, 497386116, 646, 128, 1
5662, 497391778, 59, 0, 1
11752, 497403530, 44, 0, 1
5658, 497409188, 12, 0, 1
6148, 497415336, 20, 0, 1
5658, 497420994, 12, 0, 1
11777, 497432771, 40, 0, 1
5658, 497438429, 31, 0, 1
6133, 497444562, 23, 0, 1
6116, 497450678, 16, 0, 1
11787, 497462465, 39, 0, 1
5657, 497468122, 15, 0, 1
6153, 497474275, 29, 0, 1
5658, 497479933, 12, 0, 1
12697, 497492630, 91, 35, 1
5648, 497498278, 27, 0, 1
6154, 497504432, 26, 0, 1
5657, 497510089, 20, 0, 1
11793, 497521882, 38, 0, 1
5639, 497527521, 22, 1, 1
6173, 497533694, 18, 0, 1
5644, 497539338, 23, 0, 1
12256, 497551594, 47, 1, 1
5658, 497557252, 13, 0, 1
6126, 497563378, 22, 0, 1
5658, 497569036, 13, 0, 1
12248, 497581284, 40, 0, 1
5646, 497586930, 16, 0, 1
6138, 497593068, 19, 0, 1
5657, 497598725, 21, 0, 1
11796, 497610521, 24, 0, 1
5657, 497616178, 13, 0, 1
6165, 497622343, 22, 0, 1
5640, 497627983, 16, 0, 1
11789, 497639772, 33, 0, 1
5658, 497645430, 13, 0, 1
6160, 497651590, 15, 0, 1
7029, 497658619, 47, 2, 1
11789, 497670408, 34, 0, 1
5655, 497676063, 25, 0, 1
6166, 497682229, 27, 0, 1
5651, 497687880, 26, 0, 1
11771, 497699651, 33, 0, 1
5650, 497705301, 21, 0, 1
6152, 497711453, 29, 0, 1
5678, 497717131, 33, 0, 1
11808, 497728939, 26, 0, 1
5657, 497734596, 16, 0, 1
6160, 497740756, 17, 0, 1
5656, 497746412, 24, 0, 1
11796, 497758208, 30, 0, 1
5658, 497763866, 12, 0, 1
6171, 497770037, 26, 0, 1
5667, 497775704, 29, 0, 1
11784, 497787488, 24, 0, 1
5658, 497793146, 14, 0, 1
6136, 497799282, 22, 0, 1
5658, 497804940, 14, 0, 1
11823, 497816763, 50, 0, 1
5658, 497822421, 10, 0, 1
6154, 497828575, 24, 0, 1
5646, 497834221, 23, 0, 1
11796, 497846017, 34, 2, 1
5652, 497851669, 15, 0, 1
6186, 497857855, 17, 0, 1
5647, 497863502, 29, 0, 1
12254, 497875756, 39, 0, 1
5654, 497881410, 31, 1, 1
6127, 497887537, 34, 0, 1
5655, 497893192, 25, 0, 1
11802, 497904994, 29, 0, 1
5644, 497910638, 24, 0, 1
6167, 497916805, 18, 0, 1
5652, 497922457, 27, 0, 1
11796, 497934253, 22, 0, 1
5652, 497939905, 15, 0, 1
6160, 497946065, 21, 0, 1
5639, 497951704, 20, 0, 1
11808, 497963512, 26, 0, 1
5658, 497969170, 12, 0, 1
6160, 497975330, 16, 0, 1
11781, 497987111, 47, 0, 1
5658, 497992769, 14, 2, 1
5658, 497998427, 13, 0, 1
6166, 498004593, 28, 0, 1
11783, 498016376, 43, 0, 1
5658, 498022034, 10, 0, 1
5658, 498027692, 16, 0, 1
7516, 498035208, 43, 0, 1
11785, 498046993, 32, 0, 1
5644, 498052637, 21, 0, 1
5658, 498058295, 8, 0, 1
6136, 498064431, 25, 0, 1
11787, 498076218, 44, 0, 1
5646, 498081864, 16, 0, 1
5658, 498087522, 10, 0, 1
6161, 498093683, 23, 0, 1
11797, 498105480, 39, 0, 1
5658, 498111138, 11, 0, 1
5652, 498116790, 16, 0, 1
6151, 498122941, 24, 0, 1
11795, 498134736, 54, 0, 1
5656, 498140392, 21, 0, 1
5657, 498146049, 24, 0, 1
6166, 498152215, 21, 0, 1
11796, 498164011, 21, 1, 1
5650, 498169661, 28, 0, 1
5658, 498175319, 13, 0, 1
6142, 498181461, 22, 0, 1
11796, 498193257, 40, 0, 1
5628, 498198885, 26, 0, 1
5657, 498204542, 27, 0, 1
6142, 498210684, 24, 0, 1
11799, 498222483, 46, 0, 1
5658, 498228141, 14, 3, 1
5643, 498233784, 22, 0, 1
6165, 498239949, 28, 0, 1
11782, 498251731, 35, 0, 1
5651, 498257382, 20, 0, 1
5667, 498263049, 25, 0, 1
6148, 498269197, 28, 0, 1
11772, 498280969, 39, 0, 1
5658, 498286627, 14, 0, 1
5651, 498292278, 24, 0, 1
6153, 498298431, 30, 0, 1
11799, 498310230, 39, 0, 1
5653, 498315883, 29, 0, 1
5658, 498321541, 14, 0, 1
6166, 498327707, 22, 0, 1
11795, 498339502, 32, 0, 1
5657, 498345159, 26, 0, 1
5657, 498350816, 19, 0, 1
6112, 498356928, 25, 0, 1
11786, 498368714, 39, 0, 1
5626, 498374340, 22, 0, 1
5652, 498379992, 26, 0, 1
6149, 498386141, 23, 0, 1
11794, 498397935, 40, 0, 1
5633, 498403568, 19, 0, 1
7029, 498410597, 30, 0, 1
6160, 498416757, 16, 0, 1
11785, 498428542, 42, 0, 1
5658, 498434200, 13, 0, 1
5658, 498439858, 13, 0, 1
6136, 498445994, 23, 0, 1
11789, 498457783, 52, 0, 1
5640, 498463423, 11, 0, 1
5658, 498469081, 13, 0, 1
6158, 498475239, 32, 1, 1
11777, 498487016, 42, 0, 1
5639, 498492655, 28, 3, 1
5661, 498498316, 29, 0, 1
6154, 498504470, 21, 0, 1
11806, 498516276, 62, 0, 1
5639, 498521915, 19, 0, 1
5652, 498527567, 17, 0, 1
6157, 498533724, 29, 0, 1
11787, 498545511, 36, 0, 1
5646, 498551157, 16, 0, 1
5652, 498556809, 21, 0, 1
6173, 498562982, 15, 0, 1
11781, 498574763, 36, 0, 1
5658, 498580421, 14, 0, 1
5651, 498586072, 27, 0, 1
6160, 498592232, 18, 0, 1
11806, 498604038, 46, 0, 1
5645, 498609683, 16, 0, 1
5672, 498615355, 29, 0, 1
6186, 498621541, 18, 0, 1
11778, 498633319, 37, 0, 1
5652, 498638971, 18, 0, 1
5652, 498644623, 14, 0, 1
6124, 498650747, 24, 0, 1
11816, 498662563, 47, 0, 1
5654, 498668217, 26, 0, 1
5658, 498673875, 10, 0, 1
6143, 498680018, 28, 0, 1
11783, 498691801, 29, 0, 1
5656, 498697457, 17, 0, 1
5658, 498703115, 12, 0, 1
9512, 498712627, 180, 47, 1
11774, 498724401, 61, 2, 1
903441, 499627842, 15540, 5257, 9
6707, 499634549, 66, 8, 1
6666, 499641215, 50, 10, 1
18499, 499659714, 428, 160, 1
6755, 499666469, 41, 2, 1
6664, 499673133, 40, 1, 1
8253, 499681386, 184, 43, 1
14606, 499695992, 133, 3, 1
6746, 499702738, 40, 3, 1
4203682, 4203682, 80857, 6101, 15
11446116, 15649798, 53151, 15393, 20
19210465, 34860263, 17770, 6428, 2
18063217, 52923480, 25180, 6408, 2
19241922, 72165402, 18840, 5909, 11
19164675, 91330077, 19029, 5745, 11
19136305, 110466382, 18804, 6001, 11
17925488, 128391870, 25004, 8363, 2
19262182, 147654052, 19456, 5906, 11
18750471, 166404523, 19389, 5841, 2
19261960, 185666483, 19533, 6286, 2
18930048, 204596531, 22845, 6778, 2
19262984, 223859515, 20212, 6376, 2
18853982, 242713497, 19924, 6454, 2
17868290, 260581787, 27619, 9249, 10
17615516, 278197303, 22951, 10196, 10
18145367, 296342670, 23633, 11130, 10
17440140, 313782810, 23067, 10591, 10
18033655, 331816465, 24442, 12279, 10
18348203, 350164668, 23426, 10540, 10
18379096, 368543764, 22592, 10630, 10
18357288, 386901052, 23317, 11144, 10
18339006, 405240058, 22731, 10637, 10
18357314, 423597372, 23277, 10785, 10
18504138, 442101510, 22955, 10480, 10
18417690, 460519200, 23097, 10552, 10
18468178, 478987378, 23109, 10402, 10
13069393, 492056771, 32080, 4731, 19
4279233, 496336004, 8802, 846, 6
6116, 496342120, 90, 15, 1
5658, 496347778, 14, 1, 1
11760, 496359538, 43, 1, 1
5652, 496365190, 12, 0, 1
6164, 496371354, 25, 0, 1
5680, 496377034, 38, 0, 1
11769, 496388803, 43, 0, 1
5658, 496394461, 12, 0, 1
6158, 496400619, 31, 0, 1
5652, 496406271, 15, 0, 1
11781, 496418052, 50, 1, 1
5633, 496423685, 22, 0, 1
6076, 496429761, 26, 4, 1
5645, 496435406, 23, 0, 1
11764, 496447170, 39, 3, 1
5658, 496452828, 11, 0, 1
7035, 496459863, 112, 62, 1
5657, 496465520, 26, 9, 1
11792, 496477312, 47, 0, 1
5658, 496482970, 25, 1, 1
6160, 496489130, 16, 2, 1
5645, 496494775, 22, 2, 1
11733, 496506508, 44, 1, 1
5658, 496512166, 13, 0, 1
6155, 496518321, 26, 0, 1
5653, 496523974, 31, 0, 1
11754, 496535728, 53, 0, 1
5658, 496541386, 9, 0, 1
6117, 496547503, 33, 0, 1
5646, 496553149, 28, 0, 1
11792, 496564941, 47, 8, 1
5658, 496570599, 18, 0, 1
6160, 496576759, 20, 0, 1
5625, 496582384, 23, 0, 1
11789, 496594173, 36, 1, 1
5658, 496599831, 10, 0, 1
6166, 496605997, 23, 2, 1
5658, 496611655, 14, 2, 1
13167, 496624822, 115, 63, 1
5658, 496630480, 10, 0, 1
6154, 496636634, 21, 0, 1
5658, 496642292, 16, 0, 1
11816, 496654108, 35, 0, 1
5658, 496659766, 17, 0, 1
6160, 496665926, 18, 0, 1
5658, 496671584, 18, 1, 1
11778, 496683362, 128, 82, 1
6116, 496689478, 27, 0, 1
6151, 496695629, 61, 3, 1
5658, 496701287, 34, 23, 1
12216, 496713503, 44, 0, 1
5658, 496719161, 28, 2, 1
6120, 496725281, 28, 0, 1
5657, 496730938, 23, 2, 1
11784, 496742722, 30, 3, 1
5652, 496748374, 24, 0, 1
6167, 496754541, 38, 0, 1
11781, 496766322, 45, 5, 1
5640, 496771962, 38, 13, 1
5658, 496777620, 14, 0, 1
6160, 496783780, 24, 2, 1
11809, 496795589, 32, 3, 1
5658, 496801247, 22, 4, 1
5657, 496806904, 18, 0, 1
6159, 496813063, 27, 0, 1
11784, 496824847, 25, 0, 1
5658, 496830505, 16, 2, 1
5658, 496836163, 10, 0, 1
6173, 496842336, 21, 1, 1
11796, 496854132, 40, 14, 1
5658, 496859790, 38, 18, 1
5652, 496865442, 20, 0, 1
6160, 496871602, 42, 2, 1
11808, 496883410, 42, 1, 1
6116, 496889526, 38, 1, 1
5658, 496895184, 14, 0, 1
6138, 496901322, 20, 0, 1
12986, 496914308, 122, 30, 1
6645, 496920953, 54, 3, 1
6333, 496927286, 24, 2, 1
6627, 496933913, 30, 3, 1
12207, 496946120, 51, 0, 1
6108, 496952228, 26, 0, 1
6110, 496958338, 23, 0, 1
6115, 496964453, 31, 0, 1
12220, 496976673, 50, 1, 1
6129, 496982802, 18, 0, 1
6116, 496988918, 26, 3, 1
6107, 496995025, 29, 0, 1
13584, 497008609, 72, 9, 1
6116, 497014725, 28, 0, 1
6116, 497020841, 17, 0, 1
6110, 497026951, 29, 0, 1
12238, 497039189, 47, 0, 1
6116, 497045305, 20, 0, 1
6098, 497051403, 23, 0, 1
6115, 497057518, 25, 0, 1
12233, 497069751, 44, 0, 1
6116, 497075867, 24, 0, 1
6110, 497081977, 28, 0, 1
6109, 497088086, 23, 0, 1
12224, 497100310, 42, 0, 1
6116, 497106426, 23, 0, 1
6116, 497112542, 20, 0, 1
6116, 497118658, 23, 1, 1
23096, 497141754, 633, 128, 1
6121, 497147875, 44, 8, 1
6115, 497153990, 24, 0, 1
6104, 497160094, 26, 0, 1
11777, 497171871, 56, 0, 1
6102, 497177973, 35, 0, 1
5658, 497183631, 15, 1, 1
6138, 497189769, 27, 0, 1
11765, 497201534, 37, 0, 1
5646, 497207180, 16, 0, 1
5658, 497212838, 13, 0, 1
6166, 497219004, 23, 0, 1
11796, 497230800, 27, 0, 1
5658, 497236458, 12, 1, 1
5658, 497242116, 12, 0, 1
6155, 497248271, 24, 0, 1
11784, 497260055, 30, 0, 1
6116, 497266171, 18, 0, 1
5658, 497271829, 14, 0, 1
6138, 497277967, 17, 0, 1
11804, 497289771, 44, 0, 1
5652, 497295423, 15, 0, 1
5651, 497301074, 18, 0, 1
6160, 497307234, 15, 0, 1
11796, 497319030, 26, 0, 1
5658, 497324688, 13, 0, 1
5658, 497330346, 21, 0, 1
6180, 497336526, 30, 0, 1
11783, 497348309, 40, 0, 1
5658, 497353967, 12, 0, 1
5652, 497359619, 18, 0, 1
6160, 497365779, 17, 0, 1
11809, 497377588, 25, 0, 1
6116, 497383704, 21, 0, 1
5658, 497389362, 14, 0, 1
7514, 497396876, 45, 0, 1
11803, 497408679, 27, 0, 1
5658, 497414337, 12, 0, 1
5658, 497419995, 12, 0, 1
6167, 497426162, 21, 0, 1
11780, 497437942, 46, 0, 1
5652, 497443594, 16, 1, 1
5658, 497449252, 12, 0, 1
6154, 497455406, 23, 0, 1
11789, 497467195, 35, 0, 1
5658, 497472853, 11, 0, 1
5651, 497478504, 18, 0, 1
6173, 497484677, 19, 0, 1
11770, 497496447, 39, 0, 1
6114, 497502561, 33, 0, 1
5658, 497508219, 14, 0, 1
6136, 497514355, 26, 0, 1
11787, 497526142, 43, 0, 1
6115, 497532257, 24, 0, 1
5658, 497537915, 14, 0, 1
6138, 497544053, 19, 0, 1
11783, 497555836, 40, 0, 1
6079, 497561915, 27, 0, 1
5652, 497567567, 15, 0, 1
6145, 497573712, 21, 0, 1
11783, 497585495, 31, 0, 1
6115, 497591610, 22, 2, 1
5658, 497597268, 13, 0, 1
6138, 497603406, 17, 0, 1
11809, 497615215, 23, 0, 1
6116, 497621331, 17, 0, 1
5658, 497626989, 14, 0, 1
6138, 497633127, 16, 0, 1
11796, 497644923, 25, 0, 1
6078, 497651001, 26, 0, 1
5651, 497656652, 17, 0, 1
6150, 497662802, 28, 0, 1
11765, 497674567, 40, 0, 1
6092, 497680659, 27, 0, 1
5652, 497686311, 16, 0, 1
6108, 497692419, 25, 0, 1
11782, 497704201, 36, 0, 1
6112, 497710313, 27, 0, 1
5658, 497715971, 11, 0, 1
6132, 497722103, 21, 0, 1
11784, 497733887, 36, 0, 1
6115, 497740002, 20, 0, 1
5645, 497745647, 19, 0, 1
6138, 497751785, 18, 0, 1
11809, 497763594, 24, 0, 1
5658, 497769252, 11, 0, 1
7035, 497776287, 29, 1, 1
6160, 497782447, 19, 0, 1
11783, 497794230, 35, 0, 1
5658, 497799888, 14, 0, 1
5652, 497805540, 20, 0, 1
6173, 497811713, 24, 0, 1
11796, 497823509, 23, 0, 1
5658, 497829167, 12, 0, 1
5658, 497834825, 12, 0, 1
6160, 497840985, 18, 0, 1
11809, 497852794, 27, 0, 1
6114, 497858908, 31, 0, 1
5658, 497864566, 14, 0, 1
6137, 497870703, 20, 0, 1
11796, 497882499, 25, 0, 1
5641, 497888140, 18, 0, 1
5664, 497893804, 23, 0, 1
6173, 497899977, 20, 0, 1
11776, 497911753, 35, 0, 1
5658, 497917411, 17, 0, 1
5658, 497923069, 14, 0, 1
6152, 497929221, 27, 0, 1
11796, 497941017, 22, 0, 1
5658, 497946675, 15, 0, 1
5658, 497952333, 12, 0, 1
6173, 497958506, 21, 0, 1
12231, 497970737, 38, 0, 1
6116, 497976853, 21, 0, 1
5658, 497982511, 13, 0, 1
6136, 497988647, 25, 0, 1
11802, 498000449, 32, 0, 1
5639, 498006088, 16, 0, 1
5658, 498011746, 14, 0, 1
6159, 498017905, 25, 0, 1
11796, 498029701, 24, 0, 1
5663, 498035364, 13, 0, 1
5649, 498041013, 18, 0, 1
6167, 498047180, 22, 0, 1
11772, 498058952, 31, 0, 1
5645, 498064597, 18, 0, 1
5658, 498070255, 11, 0, 1
6153, 498076408, 24, 0, 1
11797, 498088205, 35, 0, 1
5652, 498093857, 15, 0, 1
5658, 498099515, 12, 0, 1
6152, 498105667, 27, 0, 1
11784, 498117451, 31, 0, 1
5658, 498123109, 17, 0, 1
5658, 498128767, 14, 0, 1
6167, 498134934, 22, 0, 1
11785, 498146719, 27, 0, 1
7017, 498153736, 33, 0, 1
5658, 498159394, 14, 0, 1
6156, 498165550, 28, 0, 1
11778, 498177328, 33, 0, 1
5658, 498182986, 14, 0, 1
5656, 498188642, 18, 0, 1
6183, 498194825, 26, 0, 1
11789, 498206614, 36, 0, 1
5640, 498212254, 14, 0, 1
5658, 498217912, 21, 0, 1
6140, 498224052, 25, 0, 1
11785, 498235837, 30, 0, 1
5658, 498241495, 12, 0, 1
5658, 498247153, 12, 0, 1
6152, 498253305, 35, 0, 1
11795, 498265100, 48, 0, 1
5640, 498270740, 18, 0, 1
5652, 498276392, 14, 0, 1
6159, 498282551, 32, 0, 1
11790, 498294341, 34, 0, 1
5639, 498299980, 19, 0, 1
5646, 498305626, 16, 0, 1
6148, 498311774, 20, 0, 1
11788, 498323562, 37, 0, 1
5649, 498329211, 20, 0, 1
5652, 498334863, 20, 0, 1
6157, 498341020, 29, 0, 1
11772, 498352792, 22, 0, 1
5652, 498358444, 15, 0, 1
5643, 498364087, 19, 0, 1
6167, 498370254, 19, 0, 1
11790, 498382044, 27, 0, 1
5658, 498387702, 13, 0, 1
5658, 498393360, 13, 0, 1
6156, 498399516, 27, 0, 1
11790, 498411306, 26, 1, 1
5658, 498416964, 13, 0, 1
5658, 498422622, 9, 0, 1
6161, 498428783, 24, 0, 1
11783, 498440566, 40, 0, 1
5634, 498446200, 17, 0, 1
5658, 498451858, 20, 0, 1
6160, 498458018, 18, 0, 1
11822, 498469840, 24, 0, 1
5658, 498475498, 15, 0, 1
5658, 498481156, 12, 0, 1
6154, 498487310, 18, 0, 1
11789, 498499099, 39, 0, 1
5658, 498504757, 15, 0, 1
5658, 498510415, 12, 0, 1
6166, 498516581, 25, 0, 1
13160, 498529741, 50, 0, 1
5658, 498535399, 13, 0, 1
5658, 498541057, 14, 0, 1
6151, 498547208, 31, 0, 1
20622, 498567830, 447, 295, 1
5652, 498573482, 27, 0, 1
5658, 498579140, 16, 0, 1
6160, 498585300, 20, 0, 1
11777, 498597077, 38, 0, 1
5639, 498602716, 16, 0, 1
5658, 498608374, 10, 0, 1
6167, 498614541, 21, 0, 1
11796, 498626337, 24, 0, 1
5633, 498631970, 19, 0, 1
5658, 498637628, 11, 0, 1
6160, 498643788, 21, 0, 1
11790, 498655578, 24, 0, 1
5651, 498661229, 16, 0, 1
5651, 498666880, 17, 0, 1
6167, 498673047, 19, 0, 1
11778, 498684825, 26, 0, 1
5658, 498690483, 21, 0, 1
5658, 498696141, 12, 0, 1
6159, 498702300, 22, 0, 1
11806, 498714106, 30, 0, 1
5651, 498719757, 13, 0, 1
5658, 498725415, 9, 0, 1
6160, 498731575, 19, 0, 1
11796, 498743371, 29, 0, 1
5658, 498749029, 13, 0, 1
5658, 498754687, 12, 0, 1
11794, 498766481, 45, 2, 1
6132, 498772613, 20, 0, 1
5658, 498778271, 14, 0, 1
5657, 498783928, 15, 0, 1
11807, 498795735, 43, 0, 1
6151, 498801886, 15, 0, 1
903695, 499705581, 14851, 5064, 9
8568, 499714149, 882, 150, 1
13365, 499727514, 126, 16, 1
11993, 499739507, 397, 165, 1
6708, 499746215, 61, 4, 1
6724, 499752939, 39, 0, 1
15095, 499768034, 237, 69, 1
6591, 499774625, 37, 0, 1
6374, 499780999, 25, 4, 1
6864, 499787863, 31, 0, 1
