4125102, 4125102, 79291, 246, 14
14013777, 18138879, 57216, 2359, 8
19488959, 37627838, 18556, 1734, 3
18927043, 56554881, 24886, 1510, 3
19633295, 76188176, 18565, 1485, 3
19644951, 95833127, 18692, 1269, 3
19577906, 115411033, 18667, 1520, 3
18504262, 133915295, 26216, 1948, 7
19424616, 153339911, 18570, 954, 3
19848297, 173188208, 18843, 1011, 3
19713608, 192901816, 21055, 1096, 3
19571055, 212472871, 19804, 1431, 3
19711563, 232184434, 18915, 1386, 3
19551371, 251735805, 19250, 1079, 3
18330714, 270066519, 24816, 1121, 3
19378299, 289444818, 19649, 1738, 3
19391228, 308836046, 18786, 1713, 3
19767526, 328603572, 18726, 1637, 3
19743540, 348347112, 19496, 1942, 3
19640949, 367988061, 19847, 1558, 3
19823292, 387811353, 18903, 1328, 3
19744899, 407556252, 18915, 1778, 3
19803078, 427359330, 19072, 914, 3
19722447, 447081777, 19091, 1516, 3
19624804, 466706581, 19470, 2148, 3
18090944, 484797525, 29763, 1340, 3
10450541, 495248066, 16229, 7, 12
1101059, 496349125, 4567, 6, 1
5658, 496354783, 31, 0, 1
5652, 496360435, 14, 0, 1
6149, 496366584, 23, 0, 1
11789, 496378373, 30, 0, 1
5657, 496384030, 18, 0, 1
5644, 496389674, 16, 0, 1
6160, 496395834, 18, 0, 1
11790, 496407624, 32, 0, 1
5646, 496413270, 14, 0, 1
5658, 496418928, 15, 0, 1
11786, 496430714, 49, 0, 1
6138, 496436852, 17, 0, 1
5658, 496442510, 16, 0, 1
5652, 496448162, 16, 0, 1
11735, 496459897, 33, 0, 1
6138, 496466035, 19, 0, 1
5657, 496471692, 20, 0, 1
5658, 496477350, 14, 0, 1
11775, 496489125, 39, 0, 1
6120, 496495245, 24, 0, 1
5655, 496500900, 24, 0, 1
5646, 496506546, 18, 0, 1
11807, 496518353, 36, 0, 1
6138, 496524491, 20, 0, 1
5646, 496530137, 15, 0, 1
5651, 496535788, 16, 0, 1
13175, 496548963, 119, 0, 1
6151, 496555114, 28, 0, 1
5658, 496560772, 12, 0, 1
5652, 496566424, 18, 0, 1
11812, 496578236, 32, 0, 1
6138, 496584374, 16, 0, 1
5658, 496590032, 8, 0, 1
5658, 496595690, 11, 0, 1
11813, 496607503, 41, 0, 1
6138, 496613641, 20, 0, 1
5652, 496619293, 14, 0, 1
5646, 496624939, 18, 0, 1
11793, 496636732, 37, 0, 1
6150, 496642882, 22, 0, 1
5658, 496648540, 14, 0, 1
5652, 496654192, 15, 0, 1
11782, 496665974, 39, 0, 1
6138, 496672112, 19, 0, 1
5652, 496677764, 18, 0, 1
5658, 496683422, 12, 0, 1
11831, 496695253, 30, 0, 1
6150, 496701403, 27, 0, 1
5652, 496707055, 19, 0, 1
5658, 496712713, 11, 0, 1
11791, 496724504, 33, 0, 1
6125, 496730629, 25, 0, 1
5650, 496736279, 24, 0, 1
5646, 496741925, 13, 0, 1
11810, 496753735, 37, 0, 1
6134, 496759869, 30, 0, 1
5651, 496765520, 18, 0, 1
5658, 496771178, 11, 0, 1
11811, 496782989, 31, 0, 1
6133, 496789122, 20, 0, 1
5640, 496794762, 16, 0, 1
5652, 496800414, 17, 0, 1
11792, 496812206, 43, 0, 1
6138, 496818344, 18, 0, 1
5632, 496823976, 18, 0, 1
5658, 496829634, 12, 0, 1
11836, 496841470, 30, 0, 1
6138, 496847608, 23, 0, 1
5658, 496853266, 13, 0, 1
5658, 496858924, 11, 0, 1
13008, 496871932, 87, 0, 1
6671, 496878603, 29, 0, 1
6333, 496884936, 19, 0, 1
5649, 496890585, 16, 0, 1
12262, 496902847, 43, 0, 1
6137, 496908984, 20, 0, 1
6116, 496915100, 16, 0, 1
7492, 496922592, 39, 0, 1
12233, 496934825, 30, 0, 1
6078, 496940903, 25, 0, 1
6116, 496947019, 14, 0, 1
6113, 496953132, 23, 0, 1
12207, 496965339, 37, 0, 1
6098, 496971437, 20, 0, 1
6136, 496977573, 31, 0, 1
6104, 496983677, 23, 0, 1
12229, 496995906, 49, 0, 1
6116, 497002022, 15, 0, 1
6116, 497008138, 16, 0, 1
5657, 497013795, 15, 0, 1
11782, 497025577, 28, 0, 1
6145, 497031722, 18, 0, 1
6109, 497037831, 25, 0, 1
5655, 497043486, 18, 0, 1
11784, 497055270, 29, 0, 1
6138, 497061408, 14, 0, 1
5646, 497067054, 14, 0, 1
5651, 497072705, 12, 0, 1
11777, 497084482, 35, 0, 1
6120, 497090602, 21, 0, 1
5652, 497096254, 15, 0, 1
5658, 497101912, 8, 0, 1
11805, 497113717, 34, 0, 1
15200, 497128917, 311, 0, 1
5640, 497134557, 30, 0, 1
5657, 497140214, 15, 0, 1
11817, 497152031, 24, 0, 1
6138, 497158169, 21, 0, 1
5658, 497163827, 11, 0, 1
5658, 497169485, 7, 0, 1
11822, 497181307, 37, 0, 1
6138, 497187445, 21, 0, 1
5652, 497193097, 11, 0, 1
5652, 497198749, 15, 0, 1
11786, 497210535, 33, 0, 1
6131, 497216666, 22, 0, 1
5658, 497222324, 11, 0, 1
5652, 497227976, 17, 0, 1
11825, 497239801, 29, 0, 1
6138, 497245939, 15, 0, 1
5645, 497251584, 15, 0, 1
5658, 497257242, 10, 0, 1
11764, 497269006, 32, 0, 1
6150, 497275156, 25, 0, 1
5657, 497280813, 13, 0, 1
5645, 497286458, 16, 0, 1
11811, 497298269, 29, 0, 1
6132, 497304401, 20, 0, 1
7034, 497311435, 34, 0, 1
5657, 497317092, 15, 0, 1
11811, 497328903, 37, 0, 1
6126, 497335029, 23, 0, 1
5658, 497340687, 12, 0, 1
5657, 497346344, 19, 0, 1
11809, 497358153, 32, 0, 1
6164, 497364317, 19, 0, 1
5626, 497369943, 21, 0, 1
5658, 497375601, 16, 0, 1
11781, 497387382, 40, 0, 1
6114, 497393496, 24, 0, 1
5652, 497399148, 13, 0, 1
5657, 497404805, 20, 0, 1
11830, 497416635, 22, 0, 1
6114, 497422749, 21, 0, 1
5643, 497428392, 23, 0, 1
5658, 497434050, 10, 0, 1
11806, 497445856, 39, 0, 1
6145, 497452001, 22, 0, 1
5651, 497457652, 14, 0, 1
5652, 497463304, 15, 0, 1
11825, 497475129, 26, 0, 1
6132, 497481261, 18, 0, 1
5658, 497486919, 11, 0, 1
5657, 497492576, 14, 0, 1
11798, 497504374, 39, 0, 1
6145, 497510519, 19, 0, 1
5652, 497516171, 11, 0, 1
5651, 497521822, 18, 0, 1
11780, 497533602, 40, 0, 1
6138, 497539740, 17, 0, 1
5651, 497545391, 21, 0, 1
5658, 497551049, 11, 0, 1
11795, 497562844, 37, 0, 1
6108, 497568952, 26, 0, 1
5651, 497574603, 15, 0, 1
5651, 497580254, 18, 0, 1
11818, 497592072, 18, 0, 1
6151, 497598223, 20, 0, 1
5658, 497603881, 9, 0, 1
5658, 497609539, 11, 0, 1
11817, 497621356, 33, 0, 1
6136, 497627492, 22, 0, 1
5652, 497633144, 12, 0, 1
5646, 497638790, 14, 0, 1
11812, 497650602, 29, 0, 1
6120, 497656722, 20, 0, 1
5657, 497662379, 22, 0, 1
5658, 497668037, 17, 0, 1
11808, 497679845, 38, 0, 1
7509, 497687354, 37, 0, 1
5650, 497693004, 21, 0, 1
5656, 497698660, 18, 0, 1
11788, 497710448, 37, 0, 1
6138, 497716586, 20, 0, 1
5651, 497722237, 19, 0, 1
5651, 497727888, 13, 0, 1
11776, 497739664, 35, 0, 1
6129, 497745793, 26, 0, 1
5652, 497751445, 13, 0, 1
5652, 497757097, 12, 0, 1
11793, 497768890, 33, 0, 1
6131, 497775021, 20, 0, 1
6116, 497781137, 18, 0, 1
5658, 497786795, 12, 0, 1
11808, 497798603, 37, 0, 1
6132, 497804735, 20, 0, 1
5652, 497810387, 16, 0, 1
5651, 497816038, 18, 0, 1
11815, 497827853, 38, 0, 1
6150, 497834003, 21, 0, 1
5652, 497839655, 13, 0, 1
5658, 497845313, 10, 0, 1
11812, 497857125, 26, 0, 1
6138, 497863263, 16, 0, 1
5658, 497868921, 10, 0, 1
5658, 497874579, 9, 0, 1
11830, 497886409, 19, 0, 1
6138, 497892547, 16, 0, 1
5658, 497898205, 10, 0, 1
5658, 497903863, 13, 0, 1
11775, 497915638, 37, 0, 1
6132, 497921770, 19, 0, 1
5652, 497927422, 10, 0, 1
5651, 497933073, 17, 0, 1
11822, 497944895, 31, 0, 1
6138, 497951033, 15, 0, 1
5652, 497956685, 13, 0, 1
5658, 497962343, 9, 0, 1
11812, 497974155, 18, 0, 1
6151, 497980306, 14, 0, 1
5634, 497985940, 23, 0, 1
5652, 497991592, 14, 0, 1
11804, 498003396, 37, 0, 1
6138, 498009534, 16, 0, 1
5640, 498015174, 15, 0, 1
5652, 498020826, 14, 0, 1
11831, 498032657, 24, 0, 1
6138, 498038795, 14, 0, 1
5658, 498044453, 9, 0, 1
5658, 498050111, 10, 0, 1
13163, 498063274, 50, 0, 1
6145, 498069419, 19, 0, 1
5651, 498075070, 12, 0, 1
5657, 498080727, 20, 0, 1
11804, 498092531, 37, 0, 1
6131, 498098662, 22, 0, 1
5658, 498104320, 9, 0, 1
5658, 498109978, 11, 0, 1
12559, 498122537, 50, 0, 1
6624, 498129161, 19, 0, 1
6373, 498135534, 14, 0, 1
6333, 498141867, 16, 0, 1
12281, 498154148, 31, 0, 1
6138, 498160286, 18, 0, 1
5658, 498165944, 14, 0, 1
5658, 498171602, 12, 0, 1
11816, 498183418, 41, 0, 1
6139, 498189557, 15, 0, 1
5646, 498195203, 15, 0, 1
5658, 498200861, 10, 0, 1
11797, 498212658, 33, 0, 1
6151, 498218809, 24, 0, 1
5658, 498224467, 12, 0, 1
5658, 498230125, 14, 0, 1
11800, 498241925, 28, 0, 1
6142, 498248067, 20, 0, 1
5658, 498253725, 20, 0, 1
5658, 498259383, 11, 0, 1
11810, 498271193, 39, 0, 1
6132, 498277325, 19, 0, 1
5645, 498282970, 17, 0, 1
5658, 498288628, 16, 0, 1
11793, 498300421, 35, 0, 1
6151, 498306572, 14, 0, 1
5628, 498312200, 16, 0, 1
5652, 498317852, 12, 0, 1
11812, 498329664, 20, 0, 1
6132, 498335796, 24, 0, 1
5658, 498341454, 13, 0, 1
5658, 498347112, 18, 0, 1
11831, 498358943, 22, 0, 1
6132, 498365075, 19, 0, 1
5658, 498370733, 10, 0, 1
5658, 498376391, 10, 0, 1
11816, 498388207, 36, 0, 1
6138, 498394345, 26, 0, 1
5652, 498399997, 13, 0, 1
11827, 498411824, 44, 0, 1
5652, 498417476, 14, 0, 1
6138, 498423614, 22, 0, 1
5652, 498429266, 13, 0, 1
13194, 498442460, 37, 0, 1
5658, 498448118, 12, 0, 1
6151, 498454269, 16, 0, 1
5652, 498459921, 14, 0, 1
11791, 498471712, 33, 0, 1
5652, 498477364, 20, 0, 1
6138, 498483502, 18, 0, 1
5639, 498489141, 17, 0, 1
11814, 498500955, 33, 0, 1
5658, 498506613, 13, 0, 1
6132, 498512745, 21, 0, 1
5639, 498518384, 17, 0, 1
11792, 498530176, 32, 0, 1
5657, 498535833, 14, 0, 1
6151, 498541984, 19, 0, 1
5634, 498547618, 14, 0, 1
11806, 498559424, 20, 0, 1
5658, 498565082, 10, 0, 1
6125, 498571207, 20, 0, 1
5658, 498576865, 9, 0, 1
11806, 498588671, 38, 0, 1
5652, 498594323, 17, 0, 1
887399, 499481722, 14625, 298, 5
8123, 499489845, 775, 0, 1
13293, 499503138, 83, 0, 1
6660, 499509798, 38, 0, 1
6101, 499515899, 30, 0, 1
12305, 499528204, 359, 11, 1
14074, 499542278, 70, 0, 1
6393, 499548671, 14, 0, 1
6129, 499554800, 22, 0, 1
4639443, 4639443, 89110, 498, 16
15147214, 19786657, 48561, 2177, 8
19519675, 39306332, 18766, 1952, 3
18789036, 58095368, 23382, 1398, 3
19604890, 77700258, 18081, 1398, 3
19588255, 97288513, 18355, 1243, 3
18867175, 116155688, 24972, 2125, 7
18905909, 135061597, 19239, 1346, 3
19395860, 154457457, 18556, 970, 3
19916560, 174374017, 20468, 1050, 3
19662565, 194036582, 19245, 1036, 3
19555540, 213592122, 18831, 1540, 3
19611155, 233203277, 18745, 1216, 3
19273710, 252476987, 20460, 1131, 3
18554494, 271031481, 24276, 1144, 3
19158390, 290189871, 18949, 1660, 3
19474028, 309663899, 18869, 1675, 3
19757889, 329421788, 19387, 1743, 3
19756168, 349177956, 19551, 1987, 3
19700150, 368878106, 19142, 1342, 3
19855768, 388733874, 18805, 1374, 3
19714580, 408448454, 19204, 1807, 3
19784791, 428233245, 18591, 980, 3
19716219, 447949464, 18947, 1500, 3
19700635, 467650099, 18439, 2095, 3
17729180, 485379279, 29707, 1305, 3
10341499, 495720778, 17513, 7, 12
671720, 496392498, 3296, 8, 1
5658, 496398156, 24, 0, 1
11831, 496409987, 31, 0, 1
5634, 496415621, 19, 0, 1
6132, 496421753, 25, 0, 1
5658, 496427411, 9, 0, 1
11794, 496439205, 33, 0, 1
5658, 496444863, 12, 0, 1
6125, 496450988, 21, 0, 1
5658, 496456646, 12, 0, 1
11843, 496468489, 40, 0, 1
5651, 496474140, 15, 0, 1
6138, 496480278, 19, 0, 1
5652, 496485930, 22, 0, 1
11818, 496497748, 24, 0, 1
5656, 496503404, 17, 0, 1
14787, 496518191, 279, 6, 1
5658, 496523849, 20, 0, 1
11782, 496535631, 30, 0, 1
5650, 496541281, 15, 0, 1
6142, 496547423, 19, 0, 1
5633, 496553056, 17, 0, 1
11837, 496564893, 27, 0, 1
5658, 496570551, 11, 0, 1
6138, 496576689, 16, 0, 1
5652, 496582341, 14, 0, 1
11796, 496594137, 41, 0, 1
5644, 496599781, 16, 0, 1
6151, 496605932, 17, 0, 1
5657, 496611589, 18, 0, 1
11818, 496623407, 26, 0, 1
5658, 496629065, 11, 0, 1
6138, 496635203, 18, 0, 1
5658, 496640861, 12, 0, 1
11834, 496652695, 36, 0, 1
5646, 496658341, 14, 0, 1
6138, 496664479, 16, 0, 1
7034, 496671513, 100, 0, 1
11818, 496683331, 22, 0, 1
5664, 496688995, 16, 0, 1
6138, 496695133, 16, 0, 1
5646, 496700779, 19, 0, 1
11817, 496712596, 31, 0, 1
5652, 496718248, 14, 0, 1
6138, 496724386, 22, 0, 1
5658, 496730044, 14, 0, 1
11817, 496741861, 24, 0, 1
5658, 496747519, 9, 0, 1
6151, 496753670, 16, 0, 1
5658, 496759328, 15, 0, 1
11817, 496771145, 32, 0, 1
5658, 496776803, 14, 0, 1
6131, 496782934, 21, 0, 1
5658, 496788592, 12, 0, 1
11831, 496800423, 28, 0, 1
5658, 496806081, 12, 0, 1
6138, 496812219, 14, 0, 1
5652, 496817871, 11, 0, 1
11818, 496829689, 28, 0, 1
5658, 496835347, 12, 0, 1
6171, 496841518, 17, 0, 1
5658, 496847176, 12, 0, 1
11812, 496858988, 27, 0, 1
5657, 496864645, 15, 0, 1
6125, 496870770, 23, 0, 1
5658, 496876428, 11, 0, 1
11831, 496888259, 28, 0, 1
5627, 496893886, 20, 0, 1
6138, 496900024, 21, 0, 1
5658, 496905682, 13, 0, 1
11816, 496917498, 39, 0, 1
6374, 496923872, 72, 0, 1
6773, 496930645, 55, 0, 1
6367, 496937012, 21, 0, 1
12944, 496949956, 43, 0, 1
5652, 496955608, 17, 0, 1
6137, 496961745, 16, 0, 1
6116, 496967861, 18, 0, 1
11760, 496979621, 28, 0, 1
6129, 496985750, 13, 0, 1
6116, 496991866, 17, 0, 1
6116, 496997982, 17, 0, 1
12214, 497010196, 32, 0, 1
6104, 497016300, 23, 0, 1
6116, 497022416, 16, 0, 1
6116, 497028532, 17, 0, 1
12245, 497040777, 29, 0, 1
6104, 497046881, 23, 0, 1
7481, 497054362, 34, 0, 1
6080, 497060442, 20, 0, 1
12205, 497072647, 42, 0, 1
5658, 497078305, 20, 0, 1
6151, 497084456, 21, 0, 1
6101, 497090557, 26, 0, 1
11796, 497102353, 24, 0, 1
5658, 497108011, 12, 0, 1
6113, 497114124, 24, 0, 1
5651, 497119775, 12, 0, 1
11813, 497131588, 30, 0, 1
5652, 497137240, 19, 0, 1
6132, 497143372, 16, 0, 1
5646, 497149018, 12, 0, 1
11812, 497160830, 32, 0, 1
5652, 497166482, 13, 0, 1
6114, 497172596, 20, 0, 1
5646, 497178242, 13, 0, 1
11816, 497190058, 34, 0, 1
5657, 497195715, 20, 0, 1
6132, 497201847, 17, 0, 1
5658, 497207505, 12, 0, 1
11818, 497219323, 21, 0, 1
5658, 497224981, 12, 0, 1
6164, 497231145, 17, 0, 1
5646, 497236791, 17, 0, 1
11781, 497248572, 33, 0, 1
5657, 497254229, 15, 0, 1
6138, 497260367, 16, 0, 1
5658, 497266025, 11, 0, 1
20878, 497286903, 323, 3, 1
5658, 497292561, 36, 0, 1
6137, 497298698, 21, 0, 1
5658, 497304356, 10, 0, 1
11796, 497316152, 35, 0, 1
5658, 497321810, 12, 0, 1
6151, 497327961, 20, 0, 1
5658, 497333619, 12, 0, 1
11776, 497345395, 32, 0, 1
5658, 497351053, 18, 0, 1
6138, 497357191, 17, 0, 1
5646, 497362837, 13, 0, 1
11806, 497374643, 32, 0, 1
5645, 497380288, 17, 0, 1
6138, 497386426, 15, 0, 1
5646, 497392072, 13, 0, 1
11799, 497403871, 37, 0, 1
5646, 497409517, 15, 0, 1
6138, 497415655, 22, 0, 1
5658, 497421313, 19, 0, 1
11812, 497433125, 34, 0, 1
7029, 497440154, 32, 0, 1
6132, 497446286, 20, 0, 1
5640, 497451926, 12, 0, 1
11812, 497463738, 25, 0, 1
5658, 497469396, 7, 0, 1
6151, 497475547, 13, 0, 1
5658, 497481205, 11, 0, 1
11816, 497493021, 27, 0, 1
5652, 497498673, 13, 0, 1
6138, 497504811, 16, 0, 1
5658, 497510469, 12, 0, 1
11825, 497522294, 28, 0, 1
5658, 497527952, 12, 0, 1
6126, 497534078, 20, 0, 1
5658, 497539736, 8, 0, 1
11817, 497551553, 31, 0, 1
5639, 497557192, 19, 0, 1
6139, 497563331, 17, 0, 1
5640, 497568971, 14, 0, 1
11804, 497580775, 33, 0, 1
5658, 497586433, 13, 0, 1
6133, 497592566, 20, 0, 1
5658, 497598224, 9, 0, 1
11825, 497610049, 34, 0, 1
5646, 497615695, 13, 0, 1
6131, 497621826, 17, 0, 1
5639, 497627465, 18, 0, 1
11805, 497639270, 33, 0, 1
5652, 497644922, 16, 0, 1
6120, 497651042, 21, 0, 1
5658, 497656700, 13, 0, 1
11817, 497668517, 34, 0, 1
5646, 497674163, 17, 0, 1
6138, 497680301, 16, 0, 1
5646, 497685947, 13, 0, 1
11812, 497697759, 21, 0, 1
5658, 497703417, 9, 0, 1
6132, 497709549, 21, 0, 1
5658, 497715207, 10, 0, 1
11794, 497727001, 31, 0, 1
5652, 497732653, 13, 0, 1
6132, 497738785, 18, 0, 1
5646, 497744431, 13, 0, 1
11824, 497756255, 32, 0, 1
5658, 497761913, 13, 0, 1
6119, 497768032, 20, 0, 1
5646, 497773678, 14, 0, 1
11823, 497785501, 33, 0, 1
5652, 497791153, 13, 0, 1
6145, 497797298, 18, 0, 1
5658, 497802956, 8, 0, 1
13195, 497816151, 40, 0, 1
5658, 497821809, 14, 0, 1
6138, 497827947, 16, 0, 1
6114, 497834061, 23, 0, 1
11791, 497845852, 30, 0, 1
5658, 497851510, 11, 0, 1
6138, 497857648, 21, 0, 1
5657, 497863305, 20, 0, 1
11818, 497875123, 24, 0, 1
5658, 497880781, 13, 0, 1
6138, 497886919, 15, 0, 1
5640, 497892559, 15, 0, 1
11811, 497904370, 31, 0, 1
5646, 497910016, 14, 0, 1
6132, 497916148, 18, 0, 1
5657, 497921805, 22, 0, 1
11795, 497933600, 34, 0, 1
5652, 497939252, 13, 0, 1
6151, 497945403, 17, 0, 1
5640, 497951043, 19, 0, 1
11792, 497962835, 32, 0, 1
5639, 497968474, 15, 0, 1
6138, 497974612, 20, 0, 1
5634, 497980246, 18, 0, 1
11836, 497992082, 30, 0, 1
5658, 497997740, 12, 0, 1
6137, 498003877, 24, 0, 1
5658, 498009535, 9, 0, 1
11798, 498021333, 36, 0, 1
5657, 498026990, 14, 0, 1
6145, 498033135, 18, 0, 1
5639, 498038774, 16, 0, 1
11795, 498050569, 36, 0, 1
5658, 498056227, 14, 0, 1
6137, 498062364, 24, 0, 1
5652, 498068016, 14, 0, 1
11817, 498079833, 32, 0, 1
5646, 498085479, 19, 0, 1
6138, 498091617, 17, 0, 1
5652, 498097269, 13, 0, 1
11786, 498109055, 32, 0, 1
5658, 498114713, 15, 0, 1
6119, 498120832, 22, 0, 1
5644, 498126476, 19, 0, 1
11805, 498138281, 39, 0, 1
5646, 498143927, 16, 0, 1
6138, 498150065, 17, 0, 1
5658, 498155723, 17, 0, 1
11812, 498167535, 28, 0, 1
5658, 498173193, 11, 0, 1
6151, 498179344, 18, 0, 1
5658, 498185002, 11, 0, 1
13194, 498198196, 48, 0, 1
5658, 498203854, 10, 0, 1
6138, 498209992, 16, 0, 1
5634, 498215626, 16, 0, 1
11824, 498227450, 28, 0, 1
5652, 498233102, 21, 0, 1
6138, 498239240, 15, 0, 1
5628, 498244868, 16, 0, 1
11812, 498256680, 24, 0, 1
5657, 498262337, 18, 0, 1
6151, 498268488, 15, 0, 1
11301, 498279789, 24, 0, 1
6159, 498285948, 17, 0, 1
5658, 498291606, 11, 0, 1
6138, 498297744, 15, 0, 1
11316, 498309060, 16, 0, 1
6173, 498315233, 14, 0, 1
5658, 498320891, 12, 0, 1
6145, 498327036, 13, 0, 1
11316, 498338352, 16, 0, 1
6160, 498344512, 20, 0, 1
5662, 498350174, 25, 0, 1
6137, 498356311, 25, 0, 1
11292, 498367603, 23, 0, 1
6180, 498373783, 17, 0, 1
5657, 498379440, 20, 0, 1
6138, 498385578, 16, 0, 1
11298, 498396876, 22, 0, 1
6160, 498403036, 21, 0, 1
5658, 498408694, 11, 0, 1
6127, 498414821, 19, 0, 1
11316, 498426137, 19, 0, 1
6160, 498432297, 20, 0, 1
5658, 498437955, 12, 0, 1
6119, 498444074, 29, 0, 1
11309, 498455383, 33, 0, 1
6161, 498461544, 18, 0, 1
5658, 498467202, 13, 0, 1
6125, 498473327, 21, 0, 1
11303, 498484630, 19, 0, 1
6148, 498490778, 19, 0, 1
5657, 498496435, 15, 0, 1
6151, 498502586, 13, 0, 1
11316, 498513902, 16, 0, 1
6159, 498520061, 19, 0, 1
5658, 498525719, 10, 0, 1
6108, 498531827, 20, 0, 1
11302, 498543129, 31, 0, 1
6147, 498549276, 25, 0, 1
5658, 498554934, 10, 0, 1
6138, 498561072, 15, 0, 1
12693, 498573765, 32, 0, 1
6160, 498579925, 15, 0, 1
5651, 498585576, 13, 0, 1
6125, 498591701, 21, 0, 1
11274, 498602975, 29, 0, 1
6161, 498609136, 20, 0, 1
5658, 498614794, 14, 0, 1
6138, 498620932, 16, 0, 1
11316, 498632248, 17, 0, 1
6160, 498638408, 15, 0, 1
5658, 498644066, 9, 0, 1
886712, 499530778, 14637, 254, 5
13161, 499543939, 656, 0, 1
6685, 499550624, 34, 0, 1
6679, 499557303, 51, 0, 1
11963, 499569266, 344, 9, 1
12862, 499582128, 72, 0, 1
6758, 499588886, 25, 0, 1
7996, 499596882, 120, 0, 1
6624, 499603506, 28, 0, 1
2535197, 2535197, 52689, 125, 4
10350297, 12885494, 77184, 2038, 8
19395205, 32280699, 19231, 1477, 3
19220459, 51501158, 24173, 1819, 3
19155057, 70656215, 18315, 1690, 3
19616955, 90273170, 17958, 1108, 3
19604775, 109877945, 18520, 1230, 3
18425951, 128303896, 25365, 1890, 7
19315332, 147619228, 18858, 1199, 3
19825189, 167444417, 18320, 1039, 3
19649701, 187094118, 21092, 562, 3
19529502, 206623620, 19517, 1602, 3
19725308, 226348928, 19094, 1700, 3
19640133, 245989061, 18701, 953, 3
18308105, 264297166, 24603, 1245, 3
19314643, 283611809, 19654, 1368, 3
19433058, 303044867, 18874, 1548, 3
19735003, 322779870, 18618, 1914, 3
19813993, 342593863, 18993, 1561, 3
19729649, 362323512, 18716, 1782, 3
19852126, 382175638, 18690, 1549, 3
19618055, 401793693, 18871, 1440, 3
19810798, 421604491, 18500, 1046, 3
19761320, 441365811, 19028, 1608, 3
19699845, 461065656, 18725, 1420, 3
19730769, 480796425, 18663, 1953, 3
12300295, 493096720, 29067, 278, 19
3323116, 496419836, 7814, 17, 5
5646, 496425482, 29, 0, 1
5657, 496431139, 27, 0, 1
11764, 496442903, 47, 0, 1
6108, 496449011, 26, 0, 1
5658, 496454669, 10, 0, 1
5651, 496460320, 20, 0, 1
11818, 496472138, 38, 0, 1
6131, 496478269, 17, 0, 1
5651, 496483920, 11, 0, 1
5638, 496489558, 21, 0, 1
13185, 496502743, 111, 0, 1
6113, 496508856, 25, 0, 1
5637, 496514493, 25, 0, 1
5652, 496520145, 11, 0, 1
11811, 496531956, 35, 0, 1
6138, 496538094, 16, 0, 1
5634, 496543728, 14, 0, 1
5610, 496549338, 23, 0, 1
11769, 496561107, 31, 0, 1
6131, 496567238, 24, 0, 1
5658, 496572896, 10, 0, 1
5652, 496578548, 11, 0, 1
11751, 496590299, 36, 0, 1
6138, 496596437, 13, 0, 1
5633, 496602070, 15, 0, 1
5658, 496607728, 8, 0, 1
11792, 496619520, 38, 0, 1
6138, 496625658, 16, 0, 1
5645, 496631303, 18, 0, 1
5652, 496636955, 21, 0, 1
11805, 496648760, 52, 0, 1
6141, 496654901, 37, 0, 1
5658, 496660559, 9, 0, 1
5652, 496666211, 23, 0, 1
11778, 496677989, 51, 0, 1
6096, 496684085, 24, 0, 1
5664, 496689749, 22, 0, 1
5642, 496695391, 25, 0, 1
11813, 496707204, 30, 0, 1
6122, 496713326, 25, 0, 1
5659, 496718985, 25, 0, 1
5651, 496724636, 20, 0, 1
11785, 496736421, 37, 0, 1
6096, 496742517, 25, 0, 1
5630, 496748147, 20, 0, 1
5658, 496753805, 17, 0, 1
11812, 496765617, 46, 0, 1
6138, 496771755, 17, 0, 1
5643, 496777398, 22, 0, 1
5649, 496783047, 14, 0, 1
11809, 496794856, 36, 0, 1
6164, 496801020, 14, 0, 1
5648, 496806668, 22, 0, 1
5661, 496812329, 27, 0, 1
11798, 496824127, 35, 0, 1
6120, 496830247, 17, 0, 1
5652, 496835899, 13, 0, 1
5658, 496841557, 11, 0, 1
11823, 496853380, 29, 0, 1
6090, 496859470, 24, 0, 1
5643, 496865113, 27, 0, 1
5558, 496870671, 22, 0, 1
13192, 496883863, 57, 0, 1
6145, 496890008, 27, 0, 1
5646, 496895654, 17, 0, 1
5656, 496901310, 26, 0, 1
11818, 496913128, 21, 0, 1
6117, 496919245, 28, 0, 1
5658, 496924903, 12, 0, 1
5658, 496930561, 10, 0, 1
13038, 496943599, 92, 0, 1
6624, 496950223, 34, 0, 1
6359, 496956582, 33, 0, 1
6312, 496962894, 24, 0, 1
12275, 496975169, 33, 0, 1
6138, 496981307, 16, 0, 1
6113, 496987420, 30, 0, 1
5652, 496993072, 16, 0, 1
12238, 497005310, 36, 0, 1
6109, 497011419, 19, 0, 1
6097, 497017516, 24, 0, 1
6107, 497023623, 33, 0, 1
12238, 497035861, 43, 0, 1
6104, 497041965, 24, 0, 1
6078, 497048043, 27, 0, 1
6089, 497054132, 28, 0, 1
12222, 497066354, 51, 0, 1
6110, 497072464, 23, 0, 1
6097, 497078561, 22, 0, 1
6093, 497084654, 23, 0, 1
11756, 497096410, 30, 0, 1
6138, 497102548, 20, 0, 1
6116, 497108664, 18, 0, 1
5628, 497114292, 18, 0, 1
11760, 497126052, 47, 0, 1
6151, 497132203, 14, 0, 1
5634, 497137837, 15, 0, 1
5639, 497143476, 13, 0, 1
11775, 497155251, 30, 0, 1
6137, 497161388, 24, 0, 1
5640, 497167028, 20, 0, 1
5652, 497172680, 13, 0, 1
11831, 497184511, 25, 0, 1
6130, 497190641, 26, 0, 1
5639, 497196280, 15, 0, 1
5658, 497201938, 14, 0, 1
11775, 497213713, 36, 0, 1
6138, 497219851, 17, 0, 1
5658, 497225509, 11, 0, 1
5658, 497231167, 11, 0, 1
11823, 497242990, 38, 0, 1
6138, 497249128, 15, 0, 1
5646, 497254774, 17, 0, 1
7029, 497261803, 33, 0, 1
11785, 497273588, 42, 0, 1
6150, 497279738, 30, 0, 1
5652, 497285390, 15, 0, 1
5651, 497291041, 22, 0, 1
11800, 497302841, 43, 0, 1
6138, 497308979, 17, 0, 1
5658, 497314637, 18, 0, 1
5627, 497320264, 21, 0, 1
11807, 497332071, 29, 0, 1
6125, 497338196, 22, 0, 1
5658, 497343854, 13, 0, 1
5656, 497349510, 26, 0, 1
11794, 497361304, 29, 0, 1
6145, 497367449, 20, 0, 1
5652, 497373101, 16, 0, 1
5658, 497378759, 12, 0, 1
11797, 497390556, 35, 0, 1
6138, 497396694, 17, 0, 1
5646, 497402340, 16, 0, 1
5645, 497407985, 20, 0, 1
11819, 497419804, 26, 0, 1
6138, 497425942, 16, 0, 1
5632, 497431574, 23, 0, 1
5657, 497437231, 21, 0, 1
11780, 497449011, 35, 0, 1
6138, 497455149, 32, 0, 1
5642, 497460791, 20, 0, 1
5651, 497466442, 18, 0, 1
11806, 497478248, 36, 0, 1
6138, 497484386, 16, 0, 1
5616, 497490002, 19, 0, 1
5663, 497495665, 18, 0, 1
11793, 497507458, 31, 0, 1
6139, 497513597, 17, 0, 1
5632, 497519229, 21, 0, 1
5658, 497524887, 10, 0, 1
11802, 497536689, 48, 0, 1
6136, 497542825, 24, 0, 1
5658, 497548483, 19, 0, 1
17033, 497565516, 403, 1, 1
11844, 497577360, 42, 0, 1
6138, 497583498, 19, 0, 1
5648, 497589146, 23, 0, 1
5658, 497594804, 13, 0, 1
11792, 497606596, 38, 0, 1
6147, 497612743, 31, 0, 1
5658, 497618401, 13, 0, 1
5642, 497624043, 24, 0, 1
11817, 497635860, 32, 0, 1
7515, 497643375, 30, 0, 1
5639, 497649014, 17, 0, 1
5658, 497654672, 14, 0, 1
11804, 497666476, 48, 0, 1
6138, 497672614, 15, 0, 1
5658, 497678272, 15, 0, 1
5657, 497683929, 31, 0, 1
11774, 497695703, 38, 0, 1
6126, 497701829, 20, 0, 1
5626, 497707455, 21, 0, 1
5657, 497713112, 18, 0, 1
11830, 497724942, 35, 0, 1
6138, 497731080, 15, 0, 1
5644, 497736724, 19, 0, 1
5637, 497742361, 37, 0, 1
11816, 497754177, 38, 0, 1
6151, 497760328, 18, 0, 1
5640, 497765968, 15, 0, 1
5663, 497771631, 28, 0, 1
11794, 497783425, 28, 0, 1
6126, 497789551, 19, 0, 1
5645, 497795196, 18, 0, 1
5652, 497800848, 12, 0, 1
11801, 497812649, 31, 0, 1
6143, 497818792, 27, 0, 1
5646, 497824438, 15, 0, 1
5643, 497830081, 24, 0, 1
11794, 497841875, 32, 0, 1
6139, 497848014, 23, 0, 1
5658, 497853672, 12, 0, 1
5658, 497859330, 11, 0, 1
11800, 497871130, 42, 0, 1
6132, 497877262, 21, 0, 1
5658, 497882920, 12, 0, 1
5658, 497888578, 10, 0, 1
11813, 497900391, 23, 0, 1
6138, 497906529, 16, 0, 1
5658, 497912187, 14, 0, 1
5658, 497917845, 11, 0, 1
11812, 497929657, 18, 0, 1
6138, 497935795, 22, 0, 1
5658, 497941453, 10, 0, 1
5658, 497947111, 13, 0, 1
11844, 497958955, 21, 0, 1
6131, 497965086, 31, 0, 1
5642, 497970728, 22, 0, 1
5658, 497976386, 14, 0, 1
11800, 497988186, 35, 0, 1
6126, 497994312, 23, 0, 1
5658, 497999970, 13, 0, 1
5658, 498005628, 12, 0, 1
13182, 498018810, 48, 0, 1
6138, 498024948, 17, 0, 1
5658, 498030606, 9, 0, 1
5658, 498036264, 10, 0, 1
11831, 498048095, 19, 0, 1
6138, 498054233, 17, 0, 1
5658, 498059891, 10, 0, 1
5658, 498065549, 13, 0, 1
11804, 498077353, 37, 0, 1
6151, 498083504, 17, 0, 1
5640, 498089144, 14, 0, 1
5640, 498094784, 17, 0, 1
11811, 498106595, 35, 0, 1
6126, 498112721, 18, 0, 1
5652, 498118373, 17, 0, 1
5658, 498124031, 14, 0, 1
11817, 498135848, 35, 0, 1
6138, 498141986, 17, 0, 1
5650, 498147636, 22, 0, 1
5658, 498153294, 10, 0, 1
11824, 498165118, 24, 0, 1
6138, 498171256, 12, 0, 1
5658, 498176914, 11, 0, 1
5651, 498182565, 16, 0, 1
11788, 498194353, 42, 0, 1
6138, 498200491, 17, 0, 1
5639, 498206130, 15, 0, 1
5658, 498211788, 8, 0, 1
11816, 498223604, 20, 0, 1
14766, 498238370, 251, 2, 1
5658, 498244028, 23, 0, 1
5658, 498249686, 13, 0, 1
11812, 498261498, 35, 0, 1
6120, 498267618, 21, 0, 1
5646, 498273264, 13, 0, 1
5658, 498278922, 14, 0, 1
11831, 498290753, 25, 0, 1
6138, 498296891, 16, 0, 1
5652, 498302543, 14, 0, 1
5652, 498308195, 15, 0, 1
11810, 498320005, 38, 0, 1
6177, 498326182, 21, 0, 1
5658, 498331840, 14, 0, 1
5663, 498337503, 18, 0, 1
11796, 498349299, 36, 0, 1
6138, 498355437, 17, 0, 1
5658, 498361095, 15, 0, 1
5652, 498366747, 13, 0, 1
12701, 498379448, 90, 1, 1
6143, 498385591, 16, 0, 1
5658, 498391249, 14, 0, 1
5658, 498396907, 12, 0, 1
13171, 498410078, 52, 0, 1
6136, 498416214, 23, 0, 1
5658, 498421872, 12, 0, 1
5658, 498427530, 11, 0, 1
11819, 498439349, 22, 0, 1
6138, 498445487, 14, 0, 1
5658, 498451145, 15, 0, 1
11816, 498462961, 38, 0, 1
5658, 498468619, 12, 0, 1
6145, 498474764, 18, 0, 1
5658, 498480422, 11, 0, 1
11812, 498492234, 28, 0, 1
5658, 498497892, 9, 0, 1
6107, 498503999, 25, 0, 1
5652, 498509651, 12, 0, 1
11812, 498521463, 33, 0, 1
5658, 498527121, 11, 0, 1
6138, 498533259, 16, 0, 1
5658, 498538917, 17, 0, 1
11818, 498550735, 27, 0, 1
5658, 498556393, 8, 0, 1
6158, 498562551, 14, 0, 1
5658, 498568209, 8, 0, 1
11805, 498580014, 31, 0, 1
5658, 498585672, 11, 0, 1
6132, 498591804, 21, 0, 1
5658, 498597462, 11, 0, 1
11830, 498609292, 31, 0, 1
5658, 498614950, 15, 0, 1
6138, 498621088, 15, 0, 1
5658, 498626746, 11, 0, 1
11818, 498638564, 28, 0, 1
5658, 498644222, 12, 0, 1
6114, 498650336, 24, 0, 1
5658, 498655994, 13, 0, 1
11831, 498667825, 23, 0, 1
5658, 498673483, 15, 0, 1
6138, 498679621, 15, 0, 1
8997, 498688618, 182, 0, 1
909077, 499597695, 15365, 317, 5
6737, 499604432, 59, 0, 1
6707, 499611139, 37, 0, 1
6750, 499617889, 42, 0, 1
18738, 499636627, 387, 8, 1
6718, 499643345, 28, 0, 1
8280, 499651625, 144, 1, 1
6602, 499658227, 27, 0, 1
12998, 499671225, 47, 0, 1
4438152, 4438152, 86012, 419, 16
14688309, 19126461, 52542, 2239, 8
19726912, 38853373, 17855, 1936, 3
18642389, 57495762, 24172, 1328, 3
19627807, 77123569, 18911, 1541, 3
19463859, 96587428, 19582, 1293, 3
19616164, 116203592, 19337, 1485, 3
18916725, 135120317, 25197, 2169, 7
19291593, 154411910, 20017, 884, 3
19452991, 173864901, 19886, 1031, 3
19705908, 193570809, 20154, 1144, 3
19412113, 212982922, 22210, 1478, 3
19423554, 232406476, 19918, 1374, 3
19545358, 251951834, 20398, 1172, 3
18990341, 270942175, 25230, 1233, 3
19249851, 290192026, 20325, 1661, 3
19356667, 309548693, 19372, 1614, 3
19125523, 328674216, 19583, 1736, 3
19754569, 348428785, 20241, 1899, 3
19612631, 368041416, 20046, 1590, 3
19802799, 387844215, 19613, 1398, 3
19697139, 407541354, 19858, 1715, 3
19752414, 427293768, 19303, 1076, 3
19758074, 447051842, 18734, 1559, 3
19643883, 466695725, 19408, 2115, 3
18087011, 484782736, 31583, 1310, 3
10586934, 495369670, 16680, 5, 12
1023723, 496393393, 3750, 6, 1
5645, 496399038, 32, 0, 1
11813, 496410851, 24, 0, 1
5633, 496416484, 20, 0, 1
6109, 496422593, 26, 0, 1
5658, 496428251, 8, 0, 1
11791, 496440042, 51, 0, 1
5650, 496445692, 27, 0, 1
6096, 496451788, 26, 0, 1
5638, 496457426, 18, 0, 1
11808, 496469234, 47, 0, 1
5645, 496474879, 23, 0, 1
6113, 496480992, 32, 0, 1
5639, 496486631, 17, 0, 1
11807, 496498438, 37, 0, 1
5646, 496504084, 24, 0, 1
6138, 496510222, 23, 0, 1
5667, 496515889, 18, 0, 1
11812, 496527701, 34, 0, 1
7045, 496534746, 111, 0, 1
6114, 496540860, 23, 0, 1
5640, 496546500, 13, 0, 1
11816, 496558316, 32, 0, 1
5638, 496563954, 22, 0, 1
6117, 496570071, 23, 0, 1
5658, 496575729, 8, 0, 1
11794, 496587523, 28, 0, 1
5658, 496593181, 9, 0, 1
6138, 496599319, 14, 0, 1
5651, 496604970, 22, 0, 1
11798, 496616768, 33, 0, 1
5658, 496622426, 10, 0, 1
6126, 496628552, 21, 0, 1
5621, 496634173, 22, 0, 1
11802, 496645975, 43, 0, 1
5658, 496651633, 11, 0, 1
6120, 496657753, 20, 0, 1
5615, 496663368, 20, 0, 1
11812, 496675180, 24, 0, 1
5658, 496680838, 11, 0, 1
6114, 496686952, 21, 0, 1
5645, 496692597, 17, 0, 1
11819, 496704416, 40, 0, 1
5630, 496710046, 19, 0, 1
6107, 496716153, 28, 0, 1
5658, 496721811, 12, 0, 1
11811, 496733622, 42, 0, 1
5637, 496739259, 25, 0, 1
6151, 496745410, 14, 0, 1
5651, 496751061, 23, 0, 1
11782, 496762843, 35, 0, 1
5651, 496768494, 21, 0, 1
6138, 496774632, 17, 0, 1
5639, 496780271, 20, 0, 1
11831, 496792102, 19, 0, 1
5658, 496797760, 11, 0, 1
6138, 496803898, 15, 0, 1
5655, 496809553, 19, 0, 1
11810, 496821363, 31, 0, 1
5652, 496827015, 14, 0, 1
6132, 496833147, 22, 0, 1
5645, 496838792, 22, 0, 1
11812, 496850604, 35, 0, 1
5639, 496856243, 14, 0, 1
6138, 496862381, 13, 0, 1
5638, 496868019, 22, 0, 1
11811, 496879830, 26, 0, 1
5658, 496885488, 10, 0, 1
6120, 496891608, 22, 0, 1
5658, 496897266, 13, 0, 1
13708, 496910974, 83, 2, 1
6333, 496917307, 30, 0, 1
6652, 496923959, 32, 0, 1
6316, 496930275, 27, 0, 1
12303, 496942578, 44, 0, 1
5657, 496948235, 23, 0, 1
6138, 496954373, 16, 0, 1
6073, 496960446, 26, 0, 1
11780, 496972226, 39, 0, 1
6116, 496978342, 12, 0, 1
6120, 496984462, 33, 0, 1
6116, 496990578, 19, 0, 1
12206, 497002784, 51, 0, 1
6104, 497008888, 21, 0, 1
6119, 497015007, 32, 0, 1
6115, 497021122, 22, 0, 1
12227, 497033349, 38, 0, 1
6116, 497039465, 16, 0, 1
6102, 497045567, 26, 0, 1
6104, 497051671, 24, 0, 1
12190, 497063861, 39, 0, 1
5657, 497069518, 26, 0, 1
6138, 497075656, 16, 0, 1
6102, 497081758, 29, 0, 1
11778, 497093536, 29, 0, 1
5668, 497099204, 26, 0, 1
6145, 497105349, 22, 0, 1
5658, 497111007, 9, 0, 1
11781, 497122788, 29, 0, 1
5645, 497128433, 16, 0, 1
6151, 497134584, 15, 0, 1
5645, 497140229, 15, 0, 1
11783, 497152012, 42, 0, 1
5647, 497157659, 22, 0, 1
6138, 497163797, 16, 0, 1
5658, 497169455, 9, 0, 1
11811, 497181266, 37, 0, 1
5634, 497186900, 20, 0, 1
6132, 497193032, 18, 0, 1
5616, 497198648, 15, 0, 1
11787, 497210435, 33, 0, 1
5643, 497216078, 19, 0, 1
6115, 497222193, 24, 0, 1
5631, 497227824, 22, 0, 1
11805, 497239629, 32, 0, 1
5658, 497245287, 12, 0, 1
6138, 497251425, 18, 0, 1
5654, 497257079, 19, 0, 1
11820, 497268899, 39, 0, 1
5658, 497274557, 10, 0, 1
6102, 497280659, 22, 0, 1
5658, 497286317, 13, 0, 1
13179, 497299496, 52, 0, 1
5652, 497305148, 14, 0, 1
6133, 497311281, 29, 0, 1
5658, 497316939, 12, 0, 1
11841, 497328780, 35, 0, 1
5656, 497334436, 17, 0, 1
6120, 497340556, 23, 0, 1
5649, 497346205, 23, 0, 1
11804, 497358009, 50, 0, 1
5658, 497363667, 10, 0, 1
6151, 497369818, 14, 0, 1
5620, 497375438, 19, 0, 1
11799, 497387237, 33, 0, 1
5658, 497392895, 11, 0, 1
6136, 497399031, 23, 0, 1
5640, 497404671, 19, 0, 1
11831, 497416502, 20, 0, 1
5616, 497422118, 17, 0, 1
6130, 497428248, 23, 0, 1
5658, 497433906, 17, 0, 1
11814, 497445720, 29, 0, 1
5658, 497451378, 9, 0, 1
6127, 497457505, 20, 0, 1
5658, 497463163, 8, 0, 1
11808, 497474971, 35, 0, 1
5658, 497480629, 8, 0, 1
6132, 497486761, 17, 0, 1
5658, 497492419, 9, 0, 1
11831, 497504250, 25, 0, 1
5622, 497509872, 15, 0, 1
6129, 497516001, 26, 0, 1
5658, 497521659, 12, 0, 1
11793, 497533452, 38, 0, 1
5646, 497539098, 14, 0, 1
6138, 497545236, 17, 0, 1
5652, 497550888, 9, 0, 1
11831, 497562719, 27, 0, 1
5658, 497568377, 12, 0, 1
6138, 497574515, 16, 0, 1
5658, 497580173, 9, 0, 1
11798, 497591971, 27, 0, 1
5658, 497597629, 13, 0, 1
17532, 497615161, 403, 0, 1
5658, 497620819, 17, 0, 1
11775, 497632594, 33, 0, 1
5658, 497638252, 16, 0, 1
6132, 497644384, 16, 0, 1
5658, 497650042, 9, 0, 1
11811, 497661853, 30, 0, 1
5652, 497667505, 11, 0, 1
7509, 497675014, 33, 0, 1
5658, 497680672, 10, 0, 1
11818, 497692490, 25, 0, 1
5658, 497698148, 10, 0, 1
7046, 497705194, 91, 0, 1
5658, 497710852, 13, 0, 1
11781, 497722633, 36, 0, 1
5658, 497728291, 7, 0, 1
6132, 497734423, 17, 0, 1
5652, 497740075, 13, 0, 1
11831, 497751906, 21, 0, 1
5658, 497757564, 10, 0, 1
6126, 497763690, 19, 0, 1
5658, 497769348, 10, 0, 1
11817, 497781165, 27, 0, 1
5652, 497786817, 12, 0, 1
6132, 497792949, 15, 0, 1
5652, 497798601, 13, 0, 1
11830, 497810431, 21, 0, 1
5658, 497816089, 8, 0, 1
6138, 497822227, 13, 0, 1
6108, 497828335, 27, 0, 1
11784, 497840119, 27, 0, 1
5658, 497845777, 10, 0, 1
6152, 497851929, 20, 0, 1
5658, 497857587, 11, 0, 1
11811, 497869398, 25, 0, 1
5658, 497875056, 10, 0, 1
6138, 497881194, 16, 0, 1
5628, 497886822, 14, 0, 1
11812, 497898634, 30, 0, 1
5657, 497904291, 17, 0, 1
6138, 497910429, 16, 0, 1
5657, 497916086, 20, 0, 1
11798, 497927884, 31, 0, 1
5658, 497933542, 11, 0, 1
6127, 497939669, 21, 0, 1
11310, 497950979, 42, 0, 1
6160, 497957139, 15, 0, 1
5658, 497962797, 9, 0, 1
6132, 497968929, 19, 0, 1
11292, 497980221, 33, 0, 1
6149, 497986370, 19, 0, 1
5652, 497992022, 14, 0, 1
6138, 497998160, 15, 0, 1
11267, 498009427, 38, 0, 1
6154, 498015581, 18, 0, 1
5656, 498021237, 19, 0, 1
6132, 498027369, 17, 0, 1
11316, 498038685, 17, 0, 1
6173, 498044858, 17, 0, 1
7035, 498051893, 26, 0, 1
6138, 498058031, 14, 0, 1
11316, 498069347, 15, 0, 1
6160, 498075507, 17, 0, 1
5658, 498081165, 12, 0, 1
6164, 498087329, 16, 0, 1
11304, 498098633, 23, 0, 1
6130, 498104763, 21, 0, 1
5657, 498110420, 15, 0, 1
6113, 498116533, 20, 0, 1
11316, 498127849, 14, 0, 1
6167, 498134016, 14, 0, 1
5658, 498139674, 10, 0, 1
6138, 498145812, 13, 0, 1
11314, 498157126, 25, 0, 1
6141, 498163267, 23, 0, 1
5658, 498168925, 12, 0, 1
6151, 498175076, 14, 0, 1
11268, 498186344, 38, 0, 1
6154, 498192498, 17, 0, 1
5658, 498198156, 15, 0, 1
6138, 498204294, 15, 0, 1
11302, 498215596, 34, 0, 1
6166, 498221762, 18, 0, 1
5658, 498227420, 10, 0, 1
6126, 498233546, 18, 0, 1
11272, 498244818, 39, 0, 1
6154, 498250972, 18, 0, 1
5657, 498256629, 20, 0, 1
6138, 498262767, 18, 0, 1
11303, 498274070, 35, 0, 1
6160, 498280230, 22, 0, 1
5658, 498285888, 13, 0, 1
6113, 498292001, 20, 0, 1
11310, 498303311, 34, 0, 1
6136, 498309447, 22, 0, 1
5658, 498315105, 11, 0, 1
6150, 498321255, 21, 0, 1
11316, 498332571, 20, 0, 1
6160, 498338731, 15, 0, 1
5658, 498344389, 11, 0, 1
6138, 498350527, 17, 0, 1
11316, 498361843, 15, 0, 1
6173, 498368016, 18, 0, 1
5658, 498373674, 10, 0, 1
6138, 498379812, 17, 0, 1
11316, 498391128, 14, 0, 1
6160, 498397288, 15, 0, 1
5658, 498402946, 10, 0, 1
6145, 498409091, 20, 0, 1
11316, 498420407, 16, 0, 1
7536, 498427943, 31, 0, 1
5658, 498433601, 11, 0, 1
6138, 498439739, 13, 0, 1
11316, 498451055, 16, 0, 1
6186, 498457241, 17, 0, 1
5652, 498462893, 14, 0, 1
6120, 498469013, 21, 0, 1
11298, 498480311, 20, 0, 1
6154, 498486465, 20, 0, 1
5652, 498492117, 15, 0, 1
6132, 498498249, 16, 0, 1
11303, 498509552, 27, 0, 1
6155, 498515707, 17, 0, 1
5657, 498521364, 15, 0, 1
6119, 498527483, 23, 0, 1
11316, 498538799, 19, 0, 1
6160, 498544959, 20, 0, 1
5658, 498550617, 11, 0, 1
6120, 498556737, 22, 0, 1
11284, 498568021, 30, 0, 1
6148, 498574169, 18, 0, 1
5658, 498579827, 11, 0, 1
6139, 498585966, 25, 0, 1
11270, 498597236, 34, 0, 1
6167, 498603403, 17, 0, 1
5658, 498609061, 14, 0, 1
6138, 498615199, 15, 0, 1
11310, 498626509, 24, 0, 1
659160, 499285669, 11917, 273, 5
249887, 499535556, 3778, 34, 1
6700, 499542256, 59, 0, 1
13112, 499555368, 66, 0, 1
12072, 499567440, 342, 6, 1
6781, 499574221, 63, 0, 1
6682, 499580903, 29, 0, 1
12304, 499593207, 44, 0, 1
8292, 499601499, 154, 1, 1
2386073, 2386073, 49709, 135, 4
1304051, 3690124, 25336, 101, 5
12002689, 15692813, 60753, 2310, 8
19736506, 35429319, 18178, 1697, 3
18791184, 54220503, 21198, 1691, 3
19521937, 73742440, 20178, 1555, 3
19546990, 93289430, 18378, 1352, 3
19486006, 112775436, 18750, 1475, 3
19620036, 132395472, 17967, 1277, 3
19677128, 152072600, 19145, 902, 3
19760823, 171833423, 18400, 1067, 3
19684940, 191518363, 18661, 1135, 3
19580766, 211099129, 18574, 1370, 3
19578978, 230678107, 19892, 1384, 3
19583169, 250261276, 18840, 1172, 3
19110432, 269371708, 23361, 1210, 3
19574571, 288946279, 18451, 1656, 3
19653992, 308600271, 18912, 1530, 3
19691116, 328291387, 18719, 1802, 3
19772445, 348063832, 18947, 1873, 3
19702398, 367766230, 18226, 1467, 3
19750502, 387516732, 18878, 1393, 3
19755209, 407271941, 18186, 1853, 3
19730630, 427002571, 18635, 1009, 3
19713215, 446715786, 18301, 1582, 3
19592654, 466308440, 18772, 2111, 3
17912997, 484221437, 29043, 1264, 3
10414652, 494636089, 16641, 13, 12
893075, 495529164, 3714, 14, 1
11793, 495540957, 58, 0, 1
5658, 495546615, 15, 0, 1
5658, 495552273, 12, 0, 1
6174, 495558447, 26, 0, 1
11789, 495570236, 36, 0, 1
5652, 495575888, 16, 0, 1
5648, 495581536, 23, 0, 1
6118, 495587654, 23, 0, 1
11796, 495599450, 25, 0, 1
5646, 495605096, 17, 0, 1
5658, 495610754, 16, 0, 1
6148, 495616902, 25, 0, 1
11784, 495628686, 39, 0, 1
5651, 495634337, 16, 0, 1
5658, 495639995, 9, 0, 1
6155, 495646150, 28, 0, 1
11741, 495657891, 40, 0, 1
5628, 495663519, 18, 0, 1
5650, 495669169, 27, 0, 1
6123, 495675292, 28, 0, 1
11790, 495687082, 44, 0, 1
5658, 495692740, 14, 0, 1
5642, 495698382, 23, 0, 1
6143, 495704525, 27, 0, 1
11788, 495716313, 36, 0, 1
5658, 495721971, 12, 0, 1
5658, 495727629, 10, 0, 1
6118, 495733747, 22, 0, 1
11795, 495745542, 31, 0, 1
5640, 495751182, 14, 0, 1
5656, 495756838, 18, 0, 1
6160, 495762998, 15, 0, 1
11799, 495774797, 37, 0, 1
6999, 495781796, 95, 0, 1
5654, 495787450, 26, 0, 1
11780, 495799230, 43, 0, 1
6138, 495805368, 18, 0, 1
5646, 495811014, 16, 0, 1
5645, 495816659, 27, 0, 1
11781, 495828440, 30, 0, 1
6121, 495834561, 20, 0, 1
5652, 495840213, 18, 0, 1
5651, 495845864, 24, 0, 1
11786, 495857650, 29, 0, 1
6138, 495863788, 16, 0, 1
5627, 495869415, 22, 0, 1
5658, 495875073, 25, 0, 1
11812, 495886885, 33, 0, 1
6090, 495892975, 27, 0, 1
5610, 495898585, 20, 0, 1
5657, 495904242, 16, 0, 1
11801, 495916043, 57, 0, 1
6126, 495922169, 20, 0, 1
5638, 495927807, 19, 0, 1
5658, 495933465, 11, 0, 1
11843, 495945308, 38, 0, 1
6138, 495951446, 18, 0, 1
5644, 495957090, 22, 0, 1
5658, 495962748, 11, 0, 1
11810, 495974558, 39, 0, 1
6151, 495980709, 15, 0, 1
5640, 495986349, 16, 0, 1
5644, 495991993, 21, 0, 1
11788, 496003781, 26, 0, 1
6102, 496009883, 26, 0, 1
5646, 496015529, 15, 0, 1
5661, 496021190, 26, 0, 1
11831, 496033021, 24, 0, 1
6117, 496039138, 27, 0, 1
5658, 496044796, 11, 0, 1
5654, 496050450, 30, 0, 1
13019, 496063469, 102, 0, 1
6677, 496070146, 20, 0, 1
6321, 496076467, 19, 0, 1
5649, 496082116, 17, 0, 1
12250, 496094366, 37, 0, 1
6131, 496100497, 18, 0, 1
6115, 496106612, 33, 0, 1
6116, 496112728, 18, 0, 1
12233, 496124961, 35, 0, 1
6092, 496131053, 25, 0, 1
6116, 496137169, 16, 0, 1
6116, 496143285, 18, 0, 1
12200, 496155485, 52, 0, 1
7491, 496162976, 49, 0, 1
6129, 496169105, 16, 0, 1
6104, 496175209, 22, 0, 1
12199, 496187408, 47, 0, 1
6116, 496193524, 27, 0, 1
6080, 496199604, 28, 0, 1
5658, 496205262, 12, 0, 1
13130, 496218392, 131, 1, 1
6116, 496224508, 18, 0, 1
6079, 496230587, 25, 0, 1
5658, 496236245, 46, 2, 1
11786, 496248031, 51, 0, 1
6138, 496254169, 16, 0, 1
5652, 496259821, 12, 0, 1
5661, 496265482, 17, 0, 1
11813, 496277295, 29, 0, 1
6138, 496283433, 14, 0, 1
5645, 496289078, 18, 0, 1
5652, 496294730, 16, 0, 1
11789, 496306519, 51, 0, 1
6122, 496312641, 26, 0, 1
5645, 496318286, 20, 0, 1
5658, 496323944, 9, 0, 1
11774, 496335718, 44, 0, 1
6126, 496341844, 20, 0, 1
5648, 496347492, 30, 0, 1
5658, 496353150, 13, 0, 1
11813, 496364963, 30, 0, 1
6114, 496371077, 22, 0, 1
5631, 496376708, 23, 0, 1
5658, 496382366, 12, 0, 1
11815, 496394181, 45, 0, 1
6138, 496400319, 17, 0, 1
5658, 496405977, 10, 0, 1
5649, 496411626, 25, 0, 1
11817, 496423443, 37, 0, 1
6132, 496429575, 17, 0, 1
5626, 496435201, 22, 0, 1
5658, 496440859, 11, 0, 1
11802, 496452661, 30, 0, 1
6150, 496458811, 28, 0, 1
5658, 496464469, 11, 0, 1
5658, 496470127, 12, 0, 1
11788, 496481915, 35, 0, 1
6131, 496488046, 25, 0, 1
5666, 496493712, 30, 0, 1
5640, 496499352, 16, 0, 1
11810, 496511162, 33, 0, 1
6119, 496517281, 23, 0, 1
5650, 496522931, 28, 0, 1
5651, 496528582, 21, 0, 1
13177, 496541759, 44, 0, 1
6135, 496547894, 30, 0, 1
5639, 496553533, 14, 0, 1
5658, 496559191, 10, 0, 1
11791, 496570982, 35, 0, 1
6132, 496577114, 22, 0, 1
5656, 496582770, 28, 0, 1
5658, 496588428, 11, 0, 1
11803, 496600231, 52, 0, 1
6138, 496606369, 19, 0, 1
5646, 496612015, 18, 0, 1
5658, 496617673, 13, 0, 1
11817, 496629490, 32, 0, 1
6138, 496635628, 18, 0, 1
5658, 496641286, 13, 0, 1
5658, 496646944, 9, 0, 1
11791, 496658735, 41, 0, 1
6132, 496664867, 22, 0, 1
5628, 496670495, 18, 0, 1
5652, 496676147, 13, 0, 1
11773, 496687920, 34, 0, 1
6146, 496694066, 19, 0, 1
5645, 496699711, 15, 0, 1
5658, 496705369, 10, 0, 1
11813, 496717182, 51, 0, 1
6126, 496723308, 22, 0, 1
5673, 496728981, 25, 0, 1
5658, 496734639, 8, 0, 1
11829, 496746468, 51, 0, 1
6138, 496752606, 21, 0, 1
5658, 496758264, 12, 0, 1
5639, 496763903, 22, 0, 1
11794, 496775697, 45, 0, 1
15361, 496791058, 368, 0, 1
5651, 496796709, 39, 0, 1
5667, 496802376, 23, 0, 1
11793, 496814169, 31, 0, 1
6138, 496820307, 15, 0, 1
5626, 496825933, 22, 0, 1
5652, 496831585, 10, 0, 1
11811, 496843396, 32, 0, 1
6119, 496849515, 22, 0, 1
5621, 496855136, 21, 0, 1
5658, 496860794, 11, 0, 1
11794, 496872588, 29, 0, 1
6119, 496878707, 19, 0, 1
5621, 496884328, 19, 0, 1
5658, 496889986, 9, 0, 1
11809, 496901795, 44, 0, 1
6126, 496907921, 20, 0, 1
5654, 496913575, 26, 0, 1
5649, 496919224, 27, 0, 1
13188, 496932412, 45, 0, 1
6143, 496938555, 28, 0, 1
5651, 496944206, 18, 0, 1
5673, 496949879, 28, 0, 1
11800, 496961679, 34, 0, 1
6126, 496967805, 22, 0, 1
6103, 496973908, 20, 0, 1
5646, 496979554, 16, 0, 1
11801, 496991355, 49, 0, 1
6138, 496997493, 16, 0, 1
5644, 497003137, 18, 0, 1
5657, 497008794, 20, 0, 1
11776, 497020570, 52, 0, 1
6151, 497026721, 15, 0, 1
5640, 497032361, 23, 0, 1
5658, 497038019, 10, 0, 1
11817, 497049836, 29, 0, 1
6138, 497055974, 15, 0, 1
5652, 497061626, 15, 0, 1
5652, 497067278, 16, 0, 1
11812, 497079090, 50, 0, 1
6138, 497085228, 14, 0, 1
5658, 497090886, 9, 0, 1
5649, 497096535, 19, 0, 1
11810, 497108345, 29, 0, 1
6145, 497114490, 17, 0, 1
5633, 497120123, 19, 0, 1
5654, 497125777, 29, 0, 1
11830, 497137607, 32, 0, 1
6138, 497143745, 17, 0, 1
5658, 497149403, 12, 0, 1
5652, 497155055, 16, 0, 1
11812, 497166867, 32, 0, 1
6145, 497173012, 17, 0, 1
5658, 497178670, 12, 0, 1
5645, 497184315, 18, 0, 1
11821, 497196136, 51, 0, 1
6138, 497202274, 16, 0, 1
5627, 497207901, 17, 0, 1
5633, 497213534, 24, 0, 1
11812, 497225346, 33, 0, 1
6138, 497231484, 14, 0, 1
5658, 497237142, 11, 0, 1
5658, 497242800, 12, 0, 1
11802, 497254602, 32, 0, 1
6151, 497260753, 17, 0, 1
5651, 497266404, 23, 0, 1
5631, 497272035, 22, 0, 1
11799, 497283834, 41, 0, 1
6138, 497289972, 15, 0, 1
5634, 497295606, 17, 0, 1
7034, 497302640, 32, 0, 1
11819, 497314459, 36, 0, 1
6138, 497320597, 14, 0, 1
5650, 497326247, 18, 0, 1
5658, 497331905, 9, 0, 1
11797, 497343702, 34, 0, 1
6138, 497349840, 14, 0, 1
5658, 497355498, 9, 0, 1
5658, 497361156, 9, 0, 1
11830, 497372986, 27, 0, 1
6126, 497379112, 17, 0, 1
5639, 497384751, 15, 0, 1
5642, 497390393, 22, 0, 1
11806, 497402199, 32, 0, 1
6151, 497408350, 15, 0, 1
5658, 497414008, 10, 0, 1
5638, 497419646, 19, 0, 1
11818, 497431464, 18, 0, 1
6138, 497437602, 13, 0, 1
5640, 497443242, 17, 0, 1
5658, 497448900, 8, 0, 1
11843, 497460743, 26, 0, 1
6138, 497466881, 15, 0, 1
5621, 497472502, 17, 0, 1
5651, 497478153, 11, 0, 1
11801, 497489954, 38, 0, 1
6145, 497496099, 13, 0, 1
5658, 497501757, 10, 0, 1
5639, 497507396, 15, 0, 1
11817, 497519213, 29, 0, 1
6120, 497525333, 16, 0, 1
5652, 497530985, 13, 0, 1
5658, 497536643, 9, 0, 1
11787, 497548430, 31, 0, 1
6116, 497554546, 29, 0, 1
5616, 497560162, 19, 0, 1
5658, 497565820, 8, 0, 1
11789, 497577609, 45, 0, 1
6138, 497583747, 16, 0, 1
5658, 497589405, 10, 0, 1
5655, 497595060, 20, 0, 1
11813, 497606873, 37, 0, 1
6127, 497613000, 17, 0, 1
5658, 497618658, 9, 0, 1
5658, 497624316, 9, 0, 1
11811, 497636127, 30, 0, 1
6151, 497642278, 14, 0, 1
5626, 497647904, 19, 0, 1
5652, 497653556, 20, 0, 1
11817, 497665373, 31, 0, 1
6132, 497671505, 18, 0, 1
7035, 497678540, 30, 0, 1
5650, 497684190, 20, 0, 1
11803, 497695993, 46, 0, 1
6138, 497702131, 17, 0, 1
5658, 497707789, 9, 0, 1
5658, 497713447, 11, 0, 1
11805, 497725252, 37, 0, 1
6125, 497731377, 26, 0, 1
5658, 497737035, 13, 0, 1
5658, 497742693, 8, 0, 1
11810, 497754503, 27, 0, 1
6138, 497760641, 17, 0, 1
5627, 497766268, 20, 0, 1
873097, 498639365, 14499, 250, 5
13168, 498652533, 638, 0, 1
6128, 498658661, 36, 0, 1
9449, 498668110, 82, 0, 1
6667, 498674777, 29, 0, 1
19740, 498694517, 366, 6, 1
6100, 498700617, 33, 0, 1
6945, 498707562, 35, 0, 1
