473434, 473434, 10988, 783, 5
4941325, 5414759, 89204, 8065, 15
15727408, 21142167, 37981, 10927, 10
19031244, 40173411, 19127, 5174, 11
19011224, 59184635, 22192, 5888, 2
19569549, 78754184, 17708, 5432, 11
19393914, 98148098, 17672, 5286, 11
19124637, 117272735, 21188, 6277, 2
18466351, 135739086, 21774, 6257, 2
19140393, 154879479, 18625, 5248, 11
19599069, 174478548, 17800, 5358, 11
19441785, 193920333, 21146, 5674, 11
19448450, 213368783, 18479, 5274, 11
19500247, 232869030, 18601, 5398, 11
19501397, 252370427, 18667, 5362, 11
18284495, 270654922, 25754, 5110, 11
19304216, 289959138, 19122, 5335, 11
19014425, 308973563, 18738, 5180, 11
19642833, 328616396, 18982, 5320, 11
19613657, 348230053, 20622, 5463, 11
19468351, 367698404, 19329, 5283, 11
19607703, 387306107, 18839, 5370, 11
19620436, 406926543, 18703, 5269, 11
19617890, 426544433, 19159, 5337, 11
19647231, 446191664, 18423, 5298, 11
19598393, 465790057, 19189, 5355, 11
18415451, 484205508, 30070, 5220, 2
10682476, 494887984, 17971, 393, 12
1505954, 496393938, 4460, 765, 5
5658, 496399596, 23, 0, 1
5658, 496405254, 12, 0, 1
11801, 496417055, 47, 2, 1
6136, 496423191, 27, 0, 1
5658, 496428849, 11, 0, 1
5657, 496434506, 18, 0, 1
11799, 496446305, 33, 0, 1
6126, 496452431, 16, 0, 1
5657, 496458088, 15, 0, 1
5651, 496463739, 14, 0, 1
11825, 496475564, 27, 2, 1
6138, 496481702, 18, 0, 1
5658, 496487360, 12, 0, 1
5658, 496493018, 10, 0, 1
13167, 496506185, 125, 51, 1
6164, 496512349, 14, 0, 1
5643, 496517992, 28, 0, 1
5642, 496523634, 25, 0, 1
11817, 496535451, 36, 0, 1
6138, 496541589, 18, 0, 1
5650, 496547239, 23, 0, 1
5645, 496552884, 17, 0, 1
11783, 496564667, 23, 0, 1
6126, 496570793, 19, 0, 1
5627, 496576420, 20, 0, 1
5658, 496582078, 12, 0, 1
11811, 496593889, 57, 2, 1
6138, 496600027, 14, 1, 1
5645, 496605672, 19, 0, 1
5658, 496611330, 13, 0, 1
11830, 496623160, 34, 0, 1
6138, 496629298, 18, 0, 1
5651, 496634949, 29, 0, 1
5657, 496640606, 18, 0, 1
11794, 496652400, 32, 0, 1
6158, 496658558, 16, 0, 1
5610, 496664168, 18, 0, 1
5658, 496669826, 9, 0, 1
11808, 496681634, 38, 0, 1
6138, 496687772, 17, 1, 1
5663, 496693435, 29, 0, 1
5658, 496699093, 8, 0, 1
11829, 496710922, 30, 0, 1
6118, 496717040, 27, 0, 1
5658, 496722698, 14, 1, 1
6113, 496728811, 32, 0, 1
11796, 496740607, 29, 3, 1
6139, 496746746, 27, 0, 1
6116, 496752862, 21, 1, 1
5648, 496758510, 29, 0, 1
11781, 496770291, 52, 0, 1
6138, 496776429, 18, 0, 1
5656, 496782085, 17, 0, 1
5646, 496787731, 16, 0, 1
11836, 496799567, 33, 1, 1
6138, 496805705, 16, 0, 1
5658, 496811363, 17, 1, 1
5658, 496817021, 13, 0, 1
11805, 496828826, 33, 0, 1
6138, 496834964, 18, 0, 1
5652, 496840616, 18, 3, 1
5648, 496846264, 25, 0, 1
11831, 496858095, 24, 0, 1
6138, 496864233, 17, 0, 1
5658, 496869891, 19, 1, 1
7029, 496876920, 39, 12, 1
11823, 496888743, 42, 0, 1
6158, 496894901, 19, 0, 1
5658, 496900559, 14, 0, 1
5658, 496906217, 15, 0, 1
11818, 496918035, 20, 0, 1
6138, 496924173, 20, 0, 1
6116, 496930289, 18, 0, 1
5657, 496935946, 14, 0, 1
13020, 496948966, 109, 6, 1
6664, 496955630, 21, 0, 1
6596, 496962226, 25, 0, 1
6579, 496968805, 23, 0, 1
12231, 496981036, 42, 0, 1
6131, 496987167, 35, 0, 1
6098, 496993265, 25, 0, 1
6116, 496999381, 21, 0, 1
12217, 497011598, 42, 0, 1
6124, 497017722, 36, 0, 1
6116, 497023838, 20, 0, 1
6109, 497029947, 28, 0, 1
12232, 497042179, 45, 0, 1
6110, 497048289, 24, 0, 1
6116, 497054405, 24, 0, 1
6107, 497060512, 27, 0, 1
12205, 497072717, 40, 0, 1
6116, 497078833, 19, 0, 1
6093, 497084926, 26, 0, 1
6110, 497091036, 24, 0, 1
12225, 497103261, 39, 0, 1
6083, 497109344, 27, 0, 1
6099, 497115443, 34, 0, 1
6116, 497121559, 20, 0, 1
12213, 497133772, 47, 0, 1
6103, 497139875, 26, 0, 1
6116, 497145991, 18, 0, 1
5657, 497151648, 29, 0, 1
12232, 497163880, 50, 0, 1
6097, 497169977, 26, 0, 1
5657, 497175634, 18, 0, 1
5656, 497181290, 28, 0, 1
11831, 497193121, 23, 0, 1
6126, 497199247, 21, 0, 1
5658, 497204905, 15, 0, 1
5658, 497210563, 16, 0, 1
11785, 497222348, 36, 0, 1
6151, 497228499, 18, 0, 1
5660, 497234159, 25, 0, 1
5658, 497239817, 12, 0, 1
11792, 497251609, 41, 0, 1
6138, 497257747, 20, 0, 1
6998, 497264745, 38, 0, 1
5651, 497270396, 23, 0, 1
11844, 497282240, 32, 0, 1
6138, 497288378, 18, 0, 1
5622, 497294000, 20, 0, 1
5658, 497299658, 11, 0, 1
11797, 497311455, 44, 0, 1
6125, 497317580, 29, 0, 1
5658, 497323238, 17, 0, 1
5651, 497328889, 20, 0, 1
11833, 497340722, 52, 0, 1
6136, 497346858, 24, 0, 1
5652, 497352510, 24, 0, 1
5658, 497358168, 10, 0, 1
11825, 497369993, 56, 0, 1
6151, 497376144, 15, 0, 1
5645, 497381789, 23, 0, 1
5643, 497387432, 26, 0, 1
11797, 497399229, 43, 0, 1
6145, 497405374, 15, 0, 1
5653, 497411027, 25, 0, 1
5658, 497416685, 14, 0, 1
11815, 497428500, 44, 0, 1
6119, 497434619, 20, 0, 1
5616, 497440235, 22, 0, 1
5658, 497445893, 13, 0, 1
11775, 497457668, 32, 0, 1
6125, 497463793, 27, 0, 1
6102, 497469895, 28, 0, 1
5646, 497475541, 18, 0, 1
11772, 497487313, 34, 0, 1
6138, 497493451, 15, 0, 1
5652, 497499103, 18, 0, 1
5658, 497504761, 11, 0, 1
11818, 497516579, 38, 0, 1
6138, 497522717, 15, 0, 1
5644, 497528361, 27, 0, 1
5652, 497534013, 15, 0, 1
11818, 497545831, 24, 0, 1
6131, 497551962, 28, 0, 1
5610, 497557572, 20, 0, 1
5652, 497563224, 15, 0, 1
11822, 497575046, 40, 0, 1
6132, 497581178, 25, 0, 1
5657, 497586835, 20, 0, 1
5663, 497592498, 24, 0, 1
11811, 497604309, 47, 0, 1
6115, 497610424, 25, 0, 1
5658, 497616082, 14, 0, 1
5657, 497621739, 23, 0, 1
11818, 497633557, 32, 0, 1
7503, 497641060, 32, 0, 1
5632, 497646692, 25, 0, 1
5658, 497652350, 14, 0, 1
11848, 497664198, 45, 0, 1
6131, 497670329, 27, 0, 1
5658, 497675987, 13, 0, 1
5651, 497681638, 20, 0, 1
11818, 497693456, 24, 0, 1
6137, 497699593, 28, 0, 1
5658, 497705251, 14, 0, 1
5658, 497710909, 11, 0, 1
11786, 497722695, 27, 0, 1
6138, 497728833, 17, 0, 1
5651, 497734484, 18, 0, 1
5657, 497740141, 18, 0, 1
11847, 497751988, 39, 0, 1
6124, 497758112, 22, 0, 1
5658, 497763770, 12, 0, 1
5658, 497769428, 10, 0, 1
11787, 497781215, 36, 0, 1
6138, 497787353, 14, 0, 1
5655, 497793008, 23, 0, 1
5650, 497798658, 21, 0, 1
20887, 497819545, 467, 104, 1
6138, 497825683, 23, 0, 1
5625, 497831308, 23, 0, 1
5658, 497836966, 9, 0, 1
11812, 497848778, 28, 0, 1
6139, 497854917, 28, 0, 1
5658, 497860575, 18, 0, 1
5657, 497866232, 28, 0, 1
11793, 497878025, 43, 0, 1
6138, 497884163, 16, 0, 1
5651, 497889814, 20, 0, 1
5657, 497895471, 18, 0, 1
11791, 497907262, 40, 0, 1
6138, 497913400, 14, 0, 1
6110, 497919510, 22, 0, 1
5634, 497925144, 25, 0, 1
11796, 497936940, 29, 0, 1
6151, 497943091, 17, 0, 1
5648, 497948739, 29, 0, 1
5660, 497954399, 29, 0, 1
11825, 497966224, 32, 0, 1
6138, 497972362, 15, 0, 1
5634, 497977996, 20, 0, 1
5652, 497983648, 16, 0, 1
12719, 497996367, 80, 34, 1
6124, 498002491, 27, 0, 1
5658, 498008149, 14, 0, 1
11818, 498019967, 32, 0, 1
7029, 498026996, 31, 0, 1
6138, 498033134, 22, 0, 1
5652, 498038786, 18, 0, 1
11859, 498050645, 56, 0, 1
5651, 498056296, 22, 0, 1
6138, 498062434, 18, 0, 1
5638, 498068072, 23, 0, 1
11811, 498079883, 31, 0, 1
5657, 498085540, 17, 0, 1
6151, 498091691, 19, 0, 1
5658, 498097349, 13, 0, 1
11821, 498109170, 40, 0, 1
5646, 498114816, 17, 0, 1
6138, 498120954, 17, 0, 1
5662, 498126616, 33, 0, 1
11825, 498138441, 33, 0, 1
5654, 498144095, 27, 0, 1
6151, 498150246, 35, 0, 1
5650, 498155896, 21, 0, 1
11800, 498167696, 26, 0, 1
5658, 498173354, 13, 0, 1
6151, 498179505, 18, 0, 1
5657, 498185162, 21, 0, 1
11828, 498196990, 40, 0, 1
5658, 498202648, 12, 0, 1
6138, 498208786, 20, 0, 1
5658, 498214444, 12, 0, 1
11824, 498226268, 42, 0, 1
5650, 498231918, 24, 0, 1
6138, 498238056, 19, 0, 1
5650, 498243706, 25, 0, 1
11788, 498255494, 36, 0, 1
5658, 498261152, 12, 0, 1
6138, 498267290, 16, 0, 1
5622, 498272912, 20, 0, 1
11831, 498284743, 29, 0, 1
5658, 498290401, 11, 0, 1
6126, 498296527, 29, 0, 1
5651, 498302178, 20, 0, 1
11818, 498313996, 35, 0, 1
5658, 498319654, 12, 0, 1
6151, 498325805, 20, 0, 1
5658, 498331463, 20, 0, 1
11818, 498343281, 18, 0, 1
5650, 498348931, 27, 0, 1
6142, 498355073, 33, 0, 1
5621, 498360694, 21, 0, 1
11831, 498372525, 26, 0, 1
5649, 498378174, 27, 0, 1
6137, 498384311, 21, 0, 1
5633, 498389944, 24, 0, 1
13204, 498403148, 61, 0, 1
5652, 498408800, 16, 0, 1
6164, 498414964, 22, 0, 1
5622, 498420586, 20, 0, 1
11809, 498432395, 48, 0, 1
5652, 498438047, 14, 0, 1
6131, 498444178, 24, 0, 1
5658, 498449836, 27, 6, 1
11825, 498461661, 36, 0, 1
5646, 498467307, 14, 0, 1
6138, 498473445, 16, 0, 1
5658, 498479103, 11, 0, 1
11812, 498490915, 26, 0, 1
5658, 498496573, 12, 0, 1
6138, 498502711, 18, 0, 1
5649, 498508360, 26, 0, 1
11804, 498520164, 46, 0, 1
5658, 498525822, 14, 0, 1
6124, 498531946, 22, 0, 1
5650, 498537596, 22, 0, 1
11799, 498549395, 41, 0, 1
5656, 498555051, 16, 1, 1
14347, 498569398, 279, 66, 1
5640, 498575038, 35, 0, 1
11815, 498586853, 39, 0, 1
5658, 498592511, 12, 0, 1
6120, 498598631, 21, 0, 1
5620, 498604251, 22, 0, 1
11795, 498616046, 33, 0, 1
5643, 498621689, 25, 0, 1
6100, 498627789, 26, 0, 1
5686, 498633475, 34, 0, 1
11817, 498645292, 33, 0, 1
5658, 498650950, 12, 0, 1
6126, 498657076, 24, 0, 1
5657, 498662733, 14, 0, 1
11815, 498674548, 39, 2, 1
5651, 498680199, 19, 0, 1
6138, 498686337, 17, 0, 1
5649, 498691986, 22, 0, 1
11831, 498703817, 23, 0, 1
5646, 498709463, 28, 0, 1
6118, 498715581, 31, 0, 1
5669, 498721250, 11, 0, 1
11805, 498733055, 27, 0, 1
8997, 498742052, 181, 41, 1
877979, 499620031, 14655, 4660, 9
8494, 499628525, 759, 69, 1
13194, 499641719, 78, 3, 1
6680, 499648399, 46, 2, 1
13289, 499661688, 452, 152, 1
6670, 499668358, 43, 0, 1
13397, 499681755, 54, 0, 1
8289, 499690044, 161, 31, 1
3529949, 3529949, 69818, 4177, 14
10510162, 14040111, 60968, 13343, 13
19277138, 33317249, 18980, 5260, 11
18957850, 52275099, 20680, 5129, 11
19232672, 71507771, 21389, 6082, 2
19458011, 90965782, 18445, 5332, 11
19291998, 110257780, 19025, 5293, 11
18616705, 128874485, 23930, 7245, 2
18877352, 147751837, 19007, 5222, 11
19695877, 167447714, 19419, 5357, 11
19091240, 186538954, 20729, 5617, 11
19484760, 206023714, 19024, 5396, 11
19507830, 225531544, 18975, 5399, 11
19335401, 244866945, 20719, 5350, 11
18767992, 263634937, 24088, 5373, 11
19239385, 282874322, 19218, 5206, 11
18873906, 301748228, 19392, 5191, 11
19393235, 321141463, 19573, 5260, 11
19509793, 340651256, 19830, 5370, 11
19519145, 360170401, 19843, 5361, 11
19583438, 379753839, 19462, 5393, 11
19570280, 399324119, 19654, 5317, 11
19611796, 418935915, 19224, 5354, 11
19617929, 438553844, 19076, 5315, 11
19535448, 458089292, 19676, 5311, 11
19567464, 477656756, 20364, 5320, 11
14109298, 491766054, 29915, 2343, 19
4577968, 496344022, 9416, 793, 6
6130, 496350152, 352, 37, 1
11784, 496361936, 42, 1, 1
5658, 496367594, 8, 0, 1
5658, 496373252, 10, 0, 1
6161, 496379413, 28, 0, 1
11804, 496391217, 50, 0, 1
5658, 496396875, 10, 0, 1
5652, 496402527, 18, 3, 1
6133, 496408660, 26, 1, 1
11780, 496420440, 46, 0, 1
5651, 496426091, 25, 3, 1
5657, 496431748, 19, 0, 1
6153, 496437901, 20, 0, 1
11772, 496449673, 31, 0, 1
5656, 496455329, 20, 1, 1
5658, 496460987, 9, 0, 1
6183, 496467170, 27, 0, 1
11770, 496478940, 34, 0, 1
5645, 496484585, 16, 0, 1
5658, 496490243, 9, 0, 1
6160, 496496403, 20, 1, 1
11818, 496508221, 40, 0, 1
5639, 496513860, 25, 0, 1
5658, 496519518, 9, 0, 1
6148, 496525666, 24, 1, 1
11755, 496537421, 41, 0, 1
5658, 496543079, 11, 1, 1
5652, 496548731, 14, 0, 1
6148, 496554879, 22, 1, 1
11809, 496566688, 22, 0, 1
5648, 496572336, 23, 0, 1
5657, 496577993, 20, 0, 1
6160, 496584153, 16, 0, 1
11796, 496595949, 23, 0, 1
5658, 496601607, 10, 0, 1
5658, 496607265, 11, 0, 1
6148, 496613413, 28, 0, 1
11794, 496625207, 35, 0, 1
5640, 496630847, 14, 0, 1
5657, 496636504, 14, 0, 1
6148, 496642652, 21, 0, 1
11773, 496654425, 37, 0, 1
5668, 496660093, 20, 0, 1
5667, 496665760, 29, 0, 1
6128, 496671888, 25, 0, 1
11805, 496683693, 40, 0, 1
6116, 496689809, 21, 1, 1
5657, 496695466, 18, 0, 1
6151, 496701617, 22, 3, 1
13167, 496714784, 99, 34, 1
6116, 496720900, 15, 0, 1
5644, 496726544, 25, 0, 1
6138, 496732682, 16, 0, 1
11796, 496744478, 28, 0, 1
5652, 496750130, 21, 0, 1
5658, 496755788, 12, 0, 1
11831, 496767619, 21, 1, 1
6126, 496773745, 21, 0, 1
5658, 496779403, 17, 0, 1
5658, 496785061, 13, 0, 1
11818, 496796879, 30, 0, 1
6151, 496803030, 15, 0, 1
5663, 496808693, 18, 0, 1
5658, 496814351, 12, 0, 1
11797, 496826148, 35, 0, 1
6120, 496832268, 18, 0, 1
5657, 496837925, 14, 0, 1
5658, 496843583, 10, 0, 1
11838, 496855421, 21, 1, 1
6138, 496861559, 17, 0, 1
5658, 496867217, 12, 0, 1
5657, 496872874, 19, 0, 1
11818, 496884692, 30, 1, 1
6151, 496890843, 18, 0, 1
6112, 496896955, 30, 0, 1
6374, 496903329, 42, 4, 1
12997, 496916326, 37, 4, 1
7144, 496923470, 74, 11, 1
6579, 496930049, 23, 0, 1
6116, 496936165, 17, 0, 1
12231, 496948396, 42, 0, 1
6116, 496954512, 17, 0, 1
6116, 496960628, 18, 0, 1
6116, 496966744, 17, 0, 1
12226, 496978970, 36, 0, 1
6100, 496985070, 28, 0, 1
6129, 496991199, 17, 0, 1
6116, 496997315, 16, 0, 1
12217, 497009532, 50, 0, 1
6107, 497015639, 23, 0, 1
6116, 497021755, 18, 0, 1
6080, 497027835, 27, 0, 1
12245, 497040080, 25, 0, 1
6092, 497046172, 23, 0, 1
6103, 497052275, 23, 0, 1
6110, 497058385, 21, 0, 1
12239, 497070624, 45, 0, 1
6116, 497076740, 17, 0, 1
6116, 497082856, 20, 0, 1
6985, 497089841, 100, 58, 1
13138, 497102979, 56, 0, 1
6138, 497109117, 14, 0, 1
6107, 497115224, 26, 0, 1
5633, 497120857, 22, 0, 1
11812, 497132669, 54, 0, 1
6151, 497138820, 18, 0, 1
5659, 497144479, 25, 0, 1
5651, 497150130, 20, 0, 1
11811, 497161941, 26, 0, 1
6138, 497168079, 15, 0, 1
5673, 497173752, 33, 0, 1
5657, 497179409, 17, 0, 1
11834, 497191243, 40, 0, 1
6138, 497197381, 13, 0, 1
5632, 497203013, 23, 0, 1
5651, 497208664, 19, 0, 1
11800, 497220464, 43, 0, 1
6138, 497226602, 15, 0, 1
5667, 497232269, 26, 0, 1
5657, 497237926, 18, 0, 1
11836, 497249762, 29, 0, 1
6121, 497255883, 22, 0, 1
5651, 497261534, 16, 0, 1
5638, 497267172, 22, 0, 1
11805, 497278977, 37, 0, 1
6144, 497285121, 22, 0, 1
5658, 497290779, 11, 0, 1
5658, 497296437, 11, 0, 1
11812, 497308249, 32, 0, 1
6129, 497314378, 36, 0, 1
5658, 497320036, 12, 0, 1
5658, 497325694, 11, 0, 1
11829, 497337523, 37, 0, 1
6138, 497343661, 21, 0, 1
5640, 497349301, 16, 0, 1
5657, 497354958, 20, 0, 1
11822, 497366780, 48, 0, 1
6145, 497372925, 21, 0, 1
5640, 497378565, 14, 0, 1
5658, 497384223, 11, 0, 1
11816, 497396039, 32, 0, 1
6138, 497402177, 16, 0, 1
5640, 497407817, 14, 0, 1
5655, 497413472, 26, 0, 1
11830, 497425302, 34, 0, 1
6138, 497431440, 15, 0, 1
5651, 497437091, 19, 0, 1
5658, 497442749, 12, 0, 1
11818, 497454567, 24, 0, 1
6138, 497460705, 16, 0, 1
5656, 497466361, 23, 0, 1
5657, 497472018, 16, 0, 1
13208, 497485226, 48, 0, 1
6138, 497491364, 13, 0, 1
5632, 497496996, 21, 0, 1
5658, 497502654, 11, 0, 1
11775, 497514429, 30, 0, 1
6151, 497520580, 15, 0, 1
5626, 497526206, 19, 0, 1
5646, 497531852, 16, 0, 1
11817, 497543669, 27, 0, 1
6138, 497549807, 13, 0, 1
5620, 497555427, 18, 0, 1
5661, 497561088, 19, 0, 1
11786, 497572874, 38, 0, 1
6119, 497578993, 19, 0, 1
5634, 497584627, 17, 0, 1
5658, 497590285, 11, 0, 1
11797, 497602082, 35, 0, 1
6164, 497608246, 14, 0, 1
5646, 497613892, 15, 2, 1
5652, 497619544, 17, 0, 1
11810, 497631354, 31, 0, 1
6132, 497637486, 19, 0, 1
5658, 497643144, 11, 0, 1
5646, 497648790, 31, 0, 1
20909, 497669699, 503, 274, 1
6132, 497675831, 27, 0, 1
5620, 497681451, 21, 0, 1
5658, 497687109, 12, 0, 1
11797, 497698906, 45, 0, 1
6138, 497705044, 15, 0, 1
5652, 497710696, 14, 0, 1
5651, 497716347, 19, 0, 1
11813, 497728160, 27, 0, 1
6138, 497734298, 15, 0, 1
5632, 497739930, 18, 0, 1
5667, 497745597, 30, 0, 1
11818, 497757415, 41, 0, 1
6144, 497763559, 23, 0, 1
5658, 497769217, 13, 0, 1
5658, 497774875, 12, 1, 1
11812, 497786687, 27, 0, 1
6126, 497792813, 18, 0, 1
5616, 497798429, 18, 0, 1
5654, 497804083, 22, 0, 1
11825, 497815908, 49, 0, 1
6125, 497822033, 19, 0, 1
5628, 497827661, 24, 1, 1
5655, 497833316, 32, 0, 1
11811, 497845127, 41, 0, 1
6138, 497851265, 26, 0, 1
5615, 497856880, 18, 0, 1
7020, 497863900, 42, 0, 1
11805, 497875705, 29, 0, 1
6138, 497881843, 15, 0, 1
6120, 497887963, 35, 0, 1
5652, 497893615, 20, 0, 1
11802, 497905417, 33, 0, 1
6138, 497911555, 16, 0, 1
5652, 497917207, 20, 0, 1
5634, 497922841, 22, 0, 1
11801, 497934642, 29, 0, 1
6124, 497940766, 26, 0, 1
5646, 497946412, 18, 0, 1
5658, 497952070, 12, 0, 1
11831, 497963901, 28, 0, 1
6126, 497970027, 19, 0, 1
5615, 497975642, 19, 0, 1
5657, 497981299, 20, 0, 1
11826, 497993125, 42, 0, 1
6149, 497999274, 14, 0, 1
6138, 498005412, 21, 0, 1
5657, 498011069, 18, 0, 1
11784, 498022853, 24, 0, 1
6138, 498028991, 13, 0, 1
5653, 498034644, 27, 0, 1
5658, 498040302, 9, 0, 1
11819, 498052121, 23, 0, 1
6126, 498058247, 20, 0, 1
5645, 498063892, 19, 0, 1
5657, 498069549, 20, 0, 1
11782, 498081331, 33, 0, 1
6143, 498087474, 19, 0, 1
5627, 498093101, 24, 0, 1
5658, 498098759, 11, 0, 1
11804, 498110563, 32, 0, 1
6138, 498116701, 13, 0, 1
5650, 498122351, 19, 0, 1
5652, 498128003, 14, 0, 1
11779, 498139782, 41, 0, 1
6126, 498145908, 19, 0, 1
5640, 498151548, 14, 0, 1
5658, 498157206, 11, 0, 1
11818, 498169024, 25, 0, 1
6138, 498175162, 14, 0, 1
5658, 498180820, 10, 0, 1
5658, 498186478, 11, 0, 1
11726, 498198204, 40, 0, 1
6132, 498204336, 17, 0, 1
5643, 498209979, 27, 0, 1
5651, 498215630, 16, 0, 1
11803, 498227433, 41, 0, 1
6156, 498233589, 28, 0, 1
7029, 498240618, 28, 0, 1
5646, 498246264, 14, 0, 1
11811, 498258075, 30, 0, 1
6138, 498264213, 14, 0, 1
5658, 498269871, 13, 0, 1
5657, 498275528, 19, 0, 1
11799, 498287327, 40, 0, 1
6138, 498293465, 22, 0, 1
5652, 498299117, 15, 0, 1
5651, 498304768, 15, 0, 1
11788, 498316556, 34, 0, 1
6151, 498322707, 16, 0, 1
5652, 498328359, 13, 0, 1
5639, 498333998, 16, 0, 1
11793, 498345791, 38, 0, 1
6119, 498351910, 20, 0, 1
5621, 498357531, 18, 0, 1
5657, 498363188, 16, 0, 1
11825, 498375013, 28, 0, 1
6138, 498381151, 15, 0, 1
5658, 498386809, 15, 0, 1
5652, 498392461, 16, 0, 1
11799, 498404260, 26, 0, 1
6138, 498410398, 13, 0, 1
5658, 498416056, 12, 0, 1
5658, 498421714, 12, 0, 1
11831, 498433545, 25, 0, 1
6138, 498439683, 15, 0, 1
5658, 498445341, 17, 0, 1
5658, 498450999, 16, 0, 1
11793, 498462792, 30, 0, 1
6145, 498468937, 20, 0, 1
5658, 498474595, 12, 0, 1
5658, 498480253, 11, 0, 1
11812, 498492065, 33, 0, 1
6132, 498498197, 20, 0, 1
5639, 498503836, 16, 0, 1
5657, 498509493, 17, 0, 1
11804, 498521297, 41, 0, 1
6119, 498527416, 20, 0, 1
5633, 498533049, 16, 0, 1
5658, 498538707, 21, 0, 1
11788, 498550495, 31, 0, 1
6145, 498556640, 16, 0, 1
5651, 498562291, 20, 0, 1
5657, 498567948, 20, 0, 1
11796, 498579744, 37, 0, 1
6142, 498585886, 21, 0, 1
5658, 498591544, 12, 0, 1
5658, 498597202, 11, 0, 1
11816, 498609018, 37, 0, 1
7509, 498616527, 36, 0, 1
5658, 498622185, 13, 0, 1
5658, 498627843, 14, 0, 1
11817, 498639660, 31, 0, 1
6138, 498645798, 16, 0, 1
5658, 498651456, 13, 0, 1
5658, 498657114, 12, 0, 1
11829, 498668943, 29, 0, 1
6138, 498675081, 17, 0, 1
5658, 498680739, 11, 0, 1
5658, 498686397, 15, 0, 1
880953, 499567350, 15401, 4871, 9
6775, 499574125, 67, 2, 1
6665, 499580790, 52, 8, 1
11816, 499592606, 416, 143, 1
13574, 499606180, 47, 0, 1
6114, 499612294, 26, 0, 1
6895, 499619189, 34, 0, 1
15340, 499634529, 197, 31, 1
6612, 499641141, 31, 1, 1
793696, 793696, 17905, 1044, 5
5261842, 6055538, 85636, 9650, 15
16168766, 22224304, 36625, 8958, 10
18879855, 41104159, 23004, 5868, 2
18928051, 60032210, 19591, 5163, 11
19513045, 79545255, 18322, 5342, 11
18424029, 97969284, 24405, 7368, 2
19113586, 117082870, 18922, 5262, 11
18969482, 136052352, 19685, 5187, 11
19381660, 155434012, 19110, 5373, 11
19542234, 174976246, 18877, 5291, 11
19361426, 194337672, 21521, 5688, 11
19277205, 213614877, 19740, 5306, 11
19493448, 233108325, 19137, 5406, 11
18950714, 252059039, 20050, 5255, 11
18572228, 270631267, 24552, 5163, 11
18869031, 289500298, 19947, 5184, 11
19345859, 308846157, 19199, 5252, 11
19586904, 328433061, 18926, 5346, 11
19605295, 348038356, 19444, 5421, 11
19482424, 367520780, 19672, 5321, 11
19612185, 387132965, 19322, 5306, 11
19561503, 406694468, 19265, 5336, 11
19626188, 426320656, 18973, 5298, 11
19589562, 445910218, 19199, 5283, 11
19581321, 465491539, 19108, 5349, 11
18551003, 484042542, 28415, 5377, 2
10784221, 494826763, 18340, 537, 12
1520124, 496346887, 4918, 798, 5
5658, 496352545, 41, 2, 1
6139, 496358684, 20, 0, 1
5626, 496364310, 27, 0, 1
11818, 496376128, 27, 0, 1
5657, 496381785, 15, 0, 1
6138, 496387923, 17, 0, 1
5638, 496393561, 24, 0, 1
11764, 496405325, 39, 0, 1
5651, 496410976, 22, 0, 1
6137, 496417113, 27, 0, 1
5640, 496422753, 15, 0, 1
11825, 496434578, 33, 0, 1
5658, 496440236, 12, 0, 1
6095, 496446331, 25, 0, 1
5645, 496451976, 16, 0, 1
11821, 496463797, 34, 0, 1
5658, 496469455, 13, 0, 1
6137, 496475592, 32, 0, 1
5656, 496481248, 25, 0, 1
11812, 496493060, 28, 0, 1
5655, 496498715, 28, 0, 1
6132, 496504847, 23, 1, 1
5652, 496510499, 16, 0, 1
11798, 496522297, 29, 0, 1
5669, 496527966, 32, 0, 1
6138, 496534104, 16, 0, 1
12672, 496546776, 104, 30, 1
6141, 496552917, 22, 0, 1
5648, 496558565, 25, 0, 1
6145, 496564710, 26, 0, 1
11296, 496576006, 33, 1, 1
6160, 496582166, 18, 0, 1
5658, 496587824, 22, 0, 1
6138, 496593962, 14, 0, 1
11298, 496605260, 20, 0, 1
6160, 496611420, 26, 1, 1
5658, 496617078, 9, 0, 1
6138, 496623216, 19, 0, 1
11316, 496634532, 19, 1, 1
6133, 496640665, 24, 0, 1
5645, 496646310, 19, 1, 1
6138, 496652448, 18, 0, 1
11296, 496663744, 34, 0, 1
6165, 496669909, 18, 0, 1
5657, 496675566, 24, 1, 1
6138, 496681704, 17, 0, 1
11771, 496693475, 40, 1, 1
6132, 496699607, 23, 3, 1
5658, 496705265, 10, 3, 1
6145, 496711410, 18, 0, 1
11764, 496723174, 47, 0, 1
6138, 496729312, 16, 0, 1
5652, 496734964, 12, 0, 1
6100, 496741064, 22, 0, 1
11309, 496752373, 23, 3, 1
6173, 496758546, 17, 0, 1
5658, 496764204, 12, 0, 1
6131, 496770335, 23, 0, 1
11309, 496781644, 30, 0, 1
6154, 496787798, 17, 0, 1
5652, 496793450, 15, 0, 1
6164, 496799614, 18, 0, 1
11315, 496810929, 34, 1, 1
6160, 496817089, 15, 0, 1
5649, 496822738, 22, 0, 1
6131, 496828869, 32, 0, 1
11316, 496840185, 19, 1, 1
6173, 496846358, 21, 1, 1
5658, 496852016, 22, 0, 1
6138, 496858154, 19, 0, 1
11316, 496869470, 20, 0, 1
6148, 496875618, 22, 0, 1
5646, 496881264, 18, 0, 1
6114, 496887378, 24, 0, 1
12490, 496899868, 82, 1, 1
6617, 496906485, 38, 4, 1
6373, 496912858, 14, 0, 1
6600, 496919458, 29, 0, 1
14064, 496933522, 81, 37, 1
6104, 496939626, 20, 0, 1
6129, 496945755, 21, 0, 1
6097, 496951852, 27, 0, 1
12212, 496964064, 44, 0, 1
6116, 496970180, 18, 0, 1
6110, 496976290, 35, 0, 1
6104, 496982394, 25, 0, 1
12221, 496994615, 44, 0, 1
6116, 497000731, 19, 0, 1
6100, 497006831, 29, 0, 1
6110, 497012941, 23, 0, 1
12210, 497025151, 52, 0, 1
6091, 497031242, 26, 0, 1
6116, 497037358, 20, 0, 1
6109, 497043467, 34, 0, 1
12230, 497055697, 39, 0, 1
6116, 497061813, 18, 0, 1
6092, 497067905, 23, 0, 1
6080, 497073985, 24, 0, 1
12196, 497086181, 41, 0, 1
6123, 497092304, 22, 0, 1
5658, 497097962, 15, 0, 1
6145, 497104107, 17, 0, 1
11774, 497115881, 27, 0, 1
6130, 497122011, 31, 0, 1
5660, 497127671, 29, 0, 1
6137, 497133808, 23, 0, 1
11308, 497145116, 38, 0, 1
6167, 497151283, 19, 0, 1
5634, 497156917, 17, 0, 1
6138, 497163055, 18, 0, 1
11315, 497174370, 30, 0, 1
6153, 497180523, 25, 0, 1
5659, 497186182, 28, 0, 1
6162, 497192344, 38, 0, 1
11301, 497203645, 39, 0, 1
6146, 497209791, 28, 0, 1
5645, 497215436, 18, 0, 1
6138, 497221574, 16, 0, 1
11286, 497232860, 21, 0, 1
6149, 497239009, 24, 0, 1
5658, 497244667, 12, 0, 1
6137, 497250804, 37, 0, 1
11294, 497262098, 37, 0, 1
6160, 497268258, 17, 0, 1
5658, 497273916, 11, 0, 1
6124, 497280040, 29, 0, 1
11290, 497291330, 32, 0, 1
6150, 497297480, 31, 0, 1
5657, 497303137, 20, 0, 1
7515, 497310652, 38, 0, 1
11309, 497321961, 50, 0, 1
6173, 497328134, 17, 0, 1
5651, 497333785, 20, 0, 1
6138, 497339923, 18, 0, 1
11303, 497351226, 32, 0, 1
6160, 497357386, 18, 0, 1
5658, 497363044, 12, 0, 1
6138, 497369182, 15, 0, 1
11325, 497380507, 67, 22, 1
6173, 497386680, 16, 0, 1
5651, 497392331, 21, 0, 1
6126, 497398457, 31, 0, 1
11311, 497409768, 31, 0, 1
6160, 497415928, 17, 0, 1
5657, 497421585, 23, 0, 1
6149, 497427734, 30, 0, 1
11296, 497439030, 23, 0, 1
6129, 497445159, 23, 0, 1
5645, 497450804, 18, 0, 1
6138, 497456942, 19, 0, 1
11302, 497468244, 46, 0, 1
6173, 497474417, 20, 0, 1
5655, 497480072, 31, 0, 1
6101, 497486173, 28, 0, 1
11298, 497497471, 26, 0, 1
6160, 497503631, 15, 0, 1
5661, 497509292, 19, 0, 1
6161, 497515453, 27, 0, 1
11312, 497526765, 30, 0, 1
6160, 497532925, 17, 0, 1
5658, 497538583, 8, 0, 1
6138, 497544721, 17, 0, 1
11280, 497556001, 46, 0, 1
17558, 497573559, 473, 47, 1
5658, 497579217, 35, 0, 1
6129, 497585346, 41, 9, 1
11304, 497596650, 51, 7, 1
6154, 497602804, 19, 0, 1
5657, 497608461, 29, 0, 1
6101, 497614562, 27, 0, 1
11312, 497625874, 31, 0, 1
6149, 497632023, 23, 0, 1
5658, 497637681, 13, 0, 1
6138, 497643819, 20, 0, 1
11314, 497655133, 35, 0, 1
6153, 497661286, 27, 0, 1
5646, 497666932, 22, 1, 1
6150, 497673082, 28, 0, 1
11304, 497684386, 25, 0, 1
7537, 497691923, 39, 0, 1
5652, 497697575, 15, 0, 1
6117, 497703692, 31, 0, 1
11308, 497715000, 40, 0, 1
6173, 497721173, 18, 0, 1
5654, 497726827, 27, 0, 1
6138, 497732965, 19, 0, 1
11310, 497744275, 38, 0, 1
6152, 497750427, 22, 0, 1
5660, 497756087, 26, 0, 1
6147, 497762234, 35, 0, 1
11303, 497773537, 31, 0, 1
6124, 497779661, 26, 0, 1
5658, 497785319, 11, 0, 1
6132, 497791451, 20, 0, 1
11279, 497802730, 35, 0, 1
6137, 497808867, 23, 0, 1
5641, 497814508, 26, 0, 1
6138, 497820646, 17, 0, 1
11316, 497831962, 21, 0, 1
6160, 497838122, 19, 0, 1
5645, 497843767, 17, 0, 1
6145, 497849912, 17, 0, 1
11316, 497861228, 20, 0, 1
6173, 497867401, 19, 0, 1
5648, 497873049, 27, 0, 1
6141, 497879190, 35, 0, 1
11773, 497890963, 41, 0, 1
6138, 497897101, 17, 0, 1
5637, 497902738, 27, 0, 1
6144, 497908882, 25, 0, 1
11315, 497920197, 33, 0, 1
6148, 497926345, 22, 0, 1
5650, 497931995, 28, 0, 1
6140, 497938135, 31, 0, 1
11318, 497949453, 38, 0, 1
6199, 497955652, 18, 0, 1
5649, 497961301, 26, 0, 1
6134, 497967435, 35, 0, 1
11304, 497978739, 25, 0, 1
6148, 497984887, 23, 0, 1
5645, 497990532, 22, 0, 1
6151, 497996683, 20, 0, 1
11292, 498007975, 29, 0, 1
6160, 498014135, 17, 0, 1
5647, 498019782, 29, 0, 1
6146, 498025928, 30, 0, 1
11309, 498037237, 51, 0, 1
6172, 498043409, 23, 0, 1
5667, 498049076, 31, 0, 1
6132, 498055208, 22, 0, 1
12697, 498067905, 51, 0, 1
6160, 498074065, 16, 0, 1
5658, 498079723, 15, 0, 1
6138, 498085861, 18, 0, 1
11304, 498097165, 34, 0, 1
6173, 498103338, 15, 0, 1
5660, 498108998, 29, 0, 1
6127, 498115125, 31, 0, 1
11307, 498126432, 31, 0, 1
6136, 498132568, 21, 0, 1
5645, 498138213, 25, 0, 1
6148, 498144361, 34, 0, 1
11307, 498155668, 44, 0, 1
6147, 498161815, 26, 0, 1
5653, 498167468, 29, 0, 1
6131, 498173599, 24, 0, 1
11315, 498184914, 30, 0, 1
6173, 498191087, 18, 0, 1
5657, 498196744, 32, 0, 1
6125, 498202869, 26, 0, 1
11348, 498214217, 45, 0, 1
6147, 498220364, 22, 0, 1
5634, 498225998, 16, 0, 1
6121, 498232119, 25, 0, 1
11323, 498243442, 46, 0, 1
6133, 498249575, 29, 0, 1
5639, 498255214, 22, 0, 1
6135, 498261349, 26, 0, 1
11298, 498272647, 43, 0, 1
6149, 498278796, 21, 0, 1
5658, 498284454, 11, 0, 1
6124, 498290578, 30, 0, 1
11285, 498301863, 39, 0, 1
6160, 498308023, 19, 0, 1
5657, 498313680, 24, 0, 1
6131, 498319811, 31, 0, 1
11316, 498331127, 18, 0, 1
6184, 498337311, 25, 0, 1
5658, 498342969, 12, 0, 1
6138, 498349107, 17, 0, 1
11316, 498360423, 30, 0, 1
6160, 498366583, 18, 0, 1
5649, 498372232, 28, 0, 1
6144, 498378376, 28, 0, 1
11316, 498389692, 33, 0, 1
6154, 498395846, 16, 0, 1
5658, 498401504, 11, 0, 1
6126, 498407630, 24, 0, 1
11314, 498418944, 31, 0, 1
6153, 498425097, 25, 0, 1
5657, 498430754, 24, 0, 1
6138, 498436892, 20, 0, 1
12686, 498449578, 56, 0, 1
6160, 498455738, 18, 0, 1
5649, 498461387, 29, 0, 1
6150, 498467537, 28, 0, 1
11303, 498478840, 26, 0, 1
6160, 498485000, 17, 0, 1
5658, 498490658, 12, 0, 1
6138, 498496796, 17, 0, 1
11315, 498508111, 27, 0, 1
6149, 498514260, 34, 0, 1
6362, 498520622, 39, 0, 1
6616, 498527238, 27, 0, 1
12690, 498539928, 33, 0, 1
6620, 498546548, 31, 0, 1
5658, 498552206, 13, 0, 1
11753, 498563959, 32, 0, 1
5658, 498569617, 10, 0, 1
6151, 498575768, 27, 0, 1
5653, 498581421, 27, 0, 1
11777, 498593198, 39, 0, 1
5658, 498598856, 12, 0, 1
6146, 498605002, 25, 0, 1
5646, 498610648, 12, 0, 1
11771, 498622419, 42, 0, 1
5658, 498628077, 11, 0, 1
6160, 498634237, 16, 0, 1
5651, 498639888, 20, 0, 1
11796, 498651684, 26, 0, 1
5658, 498657342, 14, 0, 1
6146, 498663488, 30, 0, 1
5650, 498669138, 28, 0, 1
11760, 498680898, 30, 0, 1
5658, 498686556, 9, 0, 1
6141, 498692697, 27, 0, 1
5652, 498698349, 15, 0, 1
908790, 499607139, 15767, 4852, 9
6694, 499613833, 71, 1, 1
6666, 499620499, 26, 0, 1
11814, 499632313, 374, 130, 1
13395, 499645708, 58, 0, 1
6658, 499652366, 25, 0, 1
7988, 499660354, 154, 43, 1
6631, 499666985, 30, 0, 1
13243, 499680228, 43, 0, 1
165730, 165730, 5599, 498, 1
4822797, 4988527, 89791, 5587, 15
14823733, 19812260, 42509, 12948, 20
19206459, 39018719, 18188, 5296, 11
18867986, 57886705, 23960, 5884, 2
19459895, 77346600, 18495, 5320, 11
19439908, 96786508, 18464, 5359, 11
19056338, 115842846, 21410, 6268, 2
18384346, 134227192, 21930, 6267, 2
19151411, 153378603, 18227, 5215, 11
19639545, 173018148, 18944, 5369, 11
19285591, 192303739, 21415, 5743, 11
19324260, 211627999, 19618, 5357, 11
19385061, 231013060, 19091, 5333, 11
19435666, 250448726, 18839, 5354, 11
18235900, 268684626, 25696, 5181, 2
19240811, 287925437, 18734, 5267, 11
18957601, 306883038, 19562, 5183, 11
19554000, 326437038, 19020, 5312, 11
19654947, 346091985, 20518, 5422, 11
19453692, 365545677, 18855, 5365, 11
19677164, 385222841, 18872, 5295, 11
19533299, 404756140, 18429, 5268, 11
19591200, 424347340, 19864, 5343, 11
19628201, 443975541, 18886, 5291, 11
19527982, 463503523, 18953, 5294, 11
19613487, 483117010, 19088, 5348, 11
10714748, 493831758, 29113, 808, 12
2558623, 496390381, 6195, 805, 5
5656, 496396037, 28, 1, 1
5657, 496401694, 21, 0, 1
11823, 496413517, 36, 0, 1
6151, 496419668, 18, 0, 1
5645, 496425313, 19, 0, 1
5658, 496430971, 12, 0, 1
11781, 496442752, 41, 0, 1
6138, 496448890, 17, 0, 1
5646, 496454536, 14, 0, 1
5662, 496460198, 25, 0, 1
11818, 496472016, 44, 0, 1
6138, 496478154, 19, 0, 1
5658, 496483812, 13, 0, 1
5658, 496489470, 10, 0, 1
11806, 496501276, 48, 9, 1
6138, 496507414, 25, 1, 1
5650, 496513064, 29, 0, 1
5658, 496518722, 12, 0, 1
11792, 496530514, 46, 0, 1
6132, 496536646, 20, 0, 1
5658, 496542304, 14, 1, 1
5658, 496547962, 15, 0, 1
11810, 496559772, 27, 1, 1
14360, 496574132, 319, 152, 1
5651, 496579783, 28, 0, 1
5662, 496585445, 33, 0, 1
11812, 496597257, 38, 0, 1
6138, 496603395, 15, 0, 1
5649, 496609044, 21, 0, 1
5658, 496614702, 10, 0, 1
11776, 496626478, 38, 0, 1
6119, 496632597, 30, 0, 1
5640, 496638237, 18, 0, 1
5657, 496643894, 21, 0, 1
11798, 496655692, 41, 1, 1
6151, 496661843, 15, 0, 1
5640, 496667483, 20, 0, 1
5658, 496673141, 12, 0, 1
11800, 496684941, 48, 0, 1
6138, 496691079, 16, 0, 1
5657, 496696736, 21, 0, 1
5652, 496702388, 13, 0, 1
13198, 496715586, 124, 20, 1
6138, 496721724, 19, 0, 1
5657, 496727381, 27, 0, 1
5652, 496733033, 16, 0, 1
11813, 496744846, 58, 8, 1
6138, 496750984, 21, 1, 1
6123, 496757107, 34, 1, 1
5658, 496762765, 13, 0, 1
11811, 496774576, 52, 1, 1
6107, 496780683, 25, 0, 1
5646, 496786329, 18, 1, 1
5638, 496791967, 28, 0, 1
11818, 496803785, 27, 0, 1
6151, 496809936, 17, 0, 1
5658, 496815594, 17, 2, 1
5651, 496821245, 22, 0, 1
11818, 496833063, 30, 4, 1
6138, 496839201, 18, 0, 1
5646, 496844847, 17, 1, 1
5640, 496850487, 17, 0, 1
11817, 496862304, 43, 2, 1
6138, 496868442, 18, 0, 1
5648, 496874090, 29, 1, 1
5658, 496879748, 9, 0, 1
11818, 496891566, 24, 1, 1
6158, 496897724, 23, 0, 1
5658, 496903382, 13, 0, 1
5652, 496909034, 18, 0, 1
11818, 496920852, 32, 1, 1
6138, 496926990, 16, 0, 1
6110, 496933100, 21, 1, 1
5657, 496938757, 26, 0, 1
13516, 496952273, 110, 13, 1
6624, 496958897, 33, 2, 1
6636, 496965533, 37, 1, 1
8371, 496973904, 195, 101, 1
12681, 496986585, 59, 1, 1
6110, 496992695, 27, 0, 1
6139, 496998834, 39, 0, 1
5658, 497004492, 12, 0, 1
12246, 497016738, 36, 0, 1
6091, 497022829, 24, 0, 1
6109, 497028938, 20, 0, 1
6115, 497035053, 23, 0, 1
12253, 497047306, 48, 0, 1
6116, 497053422, 16, 0, 1
6123, 497059545, 33, 0, 1
6116, 497065661, 16, 0, 1
12220, 497077881, 43, 0, 1
6097, 497083978, 21, 0, 1
6131, 497090109, 30, 0, 1
6151, 497096260, 30, 0, 1
13602, 497109862, 73, 16, 1
6114, 497115976, 31, 0, 1
6116, 497122092, 16, 0, 1
6108, 497128200, 27, 0, 1
12195, 497140395, 33, 0, 1
6103, 497146498, 24, 0, 1
5657, 497152155, 12, 0, 1
5652, 497157807, 15, 0, 1
12276, 497170083, 27, 0, 1
6106, 497176189, 28, 0, 1
6116, 497182305, 17, 0, 1
5658, 497187963, 12, 0, 1
11789, 497199752, 29, 0, 1
6117, 497205869, 27, 0, 1
5651, 497211520, 19, 0, 1
5658, 497217178, 10, 0, 1
11818, 497228996, 19, 0, 1
6118, 497235114, 23, 0, 1
5658, 497240772, 13, 0, 1
5658, 497246430, 11, 0, 1
11844, 497258274, 50, 0, 1
6138, 497264412, 16, 0, 1
5658, 497270070, 14, 0, 1
5663, 497275733, 16, 0, 1
11806, 497287539, 45, 0, 1
6151, 497293690, 15, 0, 1
5651, 497299341, 19, 0, 1
5652, 497304993, 19, 0, 1
11815, 497316808, 44, 0, 1
6124, 497322932, 24, 0, 1
5634, 497328566, 18, 0, 1
5658, 497334224, 20, 0, 1
11826, 497346050, 39, 0, 1
6138, 497352188, 18, 0, 1
5633, 497357821, 22, 0, 1
5645, 497363466, 19, 0, 1
11803, 497375269, 34, 0, 1
17692, 497392961, 451, 72, 1
5658, 497398619, 52, 0, 1
5658, 497404277, 11, 0, 1
11812, 497416089, 38, 0, 1
6138, 497422227, 17, 0, 1
5658, 497427885, 15, 0, 1
5649, 497433534, 26, 0, 1
11812, 497445346, 27, 0, 1
6124, 497451470, 28, 0, 1
5632, 497457102, 21, 0, 1
5658, 497462760, 10, 0, 1
11827, 497474587, 32, 0, 1
6138, 497480725, 14, 0, 1
7016, 497487741, 49, 2, 1
13882, 497501623, 209, 43, 1
11836, 497513459, 53, 7, 1
6126, 497519585, 24, 0, 1
5658, 497525243, 11, 0, 1
5654, 497530897, 26, 0, 1
11818, 497542715, 20, 0, 1
6127, 497548842, 21, 0, 1
5645, 497554487, 21, 0, 1
5658, 497560145, 25, 0, 1
11818, 497571963, 21, 0, 1
6136, 497578099, 27, 0, 1
5649, 497583748, 26, 0, 1
5658, 497589406, 11, 0, 1
11830, 497601236, 31, 0, 1
6114, 497607350, 22, 0, 1
5658, 497613008, 23, 0, 1
5652, 497618660, 18, 0, 1
11805, 497630465, 27, 0, 1
6133, 497636598, 25, 0, 1
5646, 497642244, 18, 0, 1
5652, 497647896, 19, 0, 1
11818, 497659714, 20, 0, 1
6142, 497665856, 34, 0, 1
5658, 497671514, 14, 0, 1
5627, 497677141, 23, 0, 1
11828, 497688969, 38, 0, 1
6135, 497695104, 31, 0, 1
5658, 497700762, 11, 0, 1
5658, 497706420, 20, 0, 1
11817, 497718237, 32, 0, 1
6137, 497724374, 24, 0, 1
5657, 497730031, 19, 0, 1
5662, 497735693, 20, 0, 1
11830, 497747523, 33, 0, 1
6138, 497753661, 15, 0, 1
5628, 497759289, 20, 0, 1
5657, 497764946, 20, 0, 1
11810, 497776756, 30, 0, 1
6151, 497782907, 16, 0, 1
5647, 497788554, 23, 0, 1
5651, 497794205, 25, 0, 1
11786, 497805991, 39, 0, 1
6138, 497812129, 17, 0, 1
5646, 497817775, 18, 0, 1
5657, 497823432, 22, 0, 1
11831, 497835263, 19, 0, 1
6118, 497841381, 25, 0, 1
5658, 497847039, 13, 0, 1
5658, 497852697, 17, 0, 1
13187, 497865884, 69, 0, 1
6164, 497872048, 17, 0, 1
5650, 497877698, 19, 0, 1
5658, 497883356, 11, 0, 1
11818, 497895174, 21, 0, 1
6138, 497901312, 16, 0, 1
5658, 497906970, 15, 0, 1
5658, 497912628, 18, 0, 1
11819, 497924447, 26, 0, 1
6138, 497930585, 16, 0, 1
5651, 497936236, 19, 0, 1
5665, 497941901, 23, 0, 1
11818, 497953719, 22, 0, 1
6132, 497959851, 21, 0, 1
6092, 497965943, 23, 0, 1
11786, 497977729, 33, 0, 1
5650, 497983379, 19, 0, 1
6138, 497989517, 18, 0, 1
5638, 497995155, 23, 0, 1
11811, 498006966, 30, 0, 1
5658, 498012624, 14, 0, 1
6145, 498018769, 22, 0, 1
5631, 498024400, 24, 0, 1
11817, 498036217, 44, 0, 1
5660, 498041877, 28, 0, 1
6135, 498048012, 32, 0, 1
5657, 498053669, 20, 0, 1
11801, 498065470, 35, 0, 1
5656, 498071126, 21, 0, 1
6100, 498077226, 27, 0, 1
5658, 498082884, 10, 0, 1
11793, 498094677, 36, 0, 1
5662, 498100339, 21, 0, 1
6150, 498106489, 25, 0, 1
5634, 498112123, 19, 0, 1
11814, 498123937, 43, 0, 1
5658, 498129595, 13, 0, 1
6138, 498135733, 18, 0, 1
5632, 498141365, 23, 0, 1
11830, 498153195, 33, 0, 1
5659, 498158854, 25, 0, 1
6114, 498164968, 24, 0, 1
5621, 498170589, 23, 0, 1
11799, 498182388, 37, 0, 1
5658, 498188046, 14, 0, 1
6138, 498194184, 17, 0, 1
5651, 498199835, 18, 0, 1
11831, 498211666, 41, 0, 1
5658, 498217324, 12, 0, 1
6132, 498223456, 20, 0, 1
5649, 498229105, 23, 0, 1
13184, 498242289, 61, 0, 1
5658, 498247947, 11, 0, 1
6163, 498254110, 24, 0, 1
5658, 498259768, 7, 0, 1
11816, 498271584, 30, 0, 1
5658, 498277242, 13, 0, 1
6138, 498283380, 20, 0, 1
5652, 498289032, 20, 0, 1
11828, 498300860, 50, 0, 1
5655, 498306515, 20, 0, 1
6136, 498312651, 31, 0, 1
5646, 498318297, 15, 0, 1
11821, 498330118, 35, 0, 1
5652, 498335770, 15, 0, 1
6145, 498341915, 21, 0, 1
5640, 498347555, 19, 0, 1
11794, 498359349, 32, 0, 1
5689, 498365038, 35, 0, 1
6137, 498371175, 24, 0, 1
5658, 498376833, 14, 0, 1
11830, 498388663, 34, 0, 1
5650, 498394313, 20, 0, 1
6145, 498400458, 18, 0, 1
5658, 498406116, 25, 0, 1
11827, 498417943, 40, 0, 1
5658, 498423601, 13, 0, 1
6136, 498429737, 25, 0, 1
5658, 498435395, 12, 0, 1
11819, 498447214, 28, 0, 1
5658, 498452872, 11, 0, 1
6124, 498458996, 22, 0, 1
5661, 498464657, 28, 0, 1
11814, 498476471, 40, 0, 1
5652, 498482123, 26, 0, 1
6151, 498488274, 13, 0, 1
5657, 498493931, 26, 0, 1
11817, 498505748, 33, 0, 1
5658, 498511406, 13, 0, 1
6138, 498517544, 19, 0, 1
5654, 498523198, 28, 0, 1
11821, 498535019, 48, 0, 1
5658, 498540677, 13, 0, 1
6138, 498546815, 17, 0, 1
5658, 498552473, 13, 0, 1
11800, 498564273, 48, 0, 1
5645, 498569918, 25, 0, 1
6146, 498576064, 32, 0, 1
5658, 498581722, 12, 0, 1
11818, 498593540, 26, 0, 1
5658, 498599198, 14, 0, 1
6138, 498605336, 19, 0, 1
5658, 498610994, 14, 0, 1
13208, 498624202, 53, 0, 1
5652, 498629854, 19, 0, 1
6131, 498635985, 21, 0, 1
5658, 498641643, 11, 0, 1
11783, 498653426, 36, 0, 1
5652, 498659078, 13, 0, 1
6138, 498665216, 15, 0, 1
5646, 498670862, 13, 0, 1
11830, 498682692, 26, 0, 1
5645, 498688337, 18, 0, 1
6119, 498694456, 22, 0, 1
5668, 498700124, 27, 0, 1
11812, 498711936, 30, 0, 1
5658, 498717594, 11, 0, 1
6151, 498723745, 20, 0, 1
5666, 498729411, 21, 0, 1
11817, 498741228, 31, 0, 1
5645, 498746873, 18, 0, 1
6138, 498753011, 16, 0, 1
5658, 498758669, 19, 0, 1
11818, 498770487, 38, 0, 1
8997, 498779484, 178, 32, 1
885681, 499665165, 14575, 4742, 9
8542, 499673707, 759, 51, 1
13372, 499687079, 74, 2, 1
12072, 499699151, 380, 126, 1
6668, 499705819, 35, 1, 1
15843, 499721662, 392, 75, 1
14904, 499736566, 185, 21, 1
6602, 499743168, 35, 0, 1
6676, 499749844, 29, 0, 1
3535841, 3535841, 69478, 4159, 14
10236101, 13771942, 59096, 13230, 13
19239134, 33011076, 18177, 5264, 11
18963124, 51974200, 19916, 5115, 11
19197214, 71171414, 20778, 6053, 2
19456703, 90628117, 18131, 5254, 11
19328502, 109956619, 17719, 5249, 11
18526745, 128483364, 23958, 7356, 2
18931798, 147415162, 18139, 5219, 11
19533135, 166948297, 19372, 5291, 11
19031179, 185979476, 20214, 5656, 11
19494620, 205474096, 18718, 5385, 11
19471388, 224945484, 18421, 5346, 11
19373498, 244318982, 20374, 5468, 11
18792769, 263111751, 24176, 5332, 11
19213792, 282325543, 18727, 5282, 11
18834817, 301160360, 18438, 5174, 11
19401774, 320562134, 18852, 5324, 11
19386727, 339948861, 18933, 5275, 11
19623990, 359572851, 18488, 5399, 11
19585539, 379158390, 18866, 5327, 11
19573641, 398732031, 19045, 5352, 11
19663648, 418395679, 18414, 5271, 11
19621967, 438017646, 18467, 5339, 11
19591359, 457609005, 18500, 5275, 11
19590166, 477199171, 19630, 5369, 11
14379321, 491578492, 30054, 2453, 19
4769155, 496347647, 9861, 816, 6
6135, 496353782, 397, 39, 1
11781, 496365563, 47, 0, 1
5645, 496371208, 20, 0, 1
5652, 496376860, 12, 0, 1
6160, 496383020, 18, 0, 1
11797, 496394817, 32, 0, 1
5651, 496400468, 16, 0, 1
5640, 496406108, 19, 0, 1
6154, 496412262, 18, 0, 1
11795, 496424057, 50, 0, 1
5644, 496429701, 22, 0, 1
5658, 496435359, 11, 0, 1
7544, 496442903, 109, 43, 1
11777, 496454680, 30, 0, 1
5657, 496460337, 18, 0, 1
5658, 496465995, 20, 0, 1
6148, 496472143, 21, 0, 1
11797, 496483940, 40, 0, 1
5658, 496489598, 14, 1, 1
5652, 496495250, 25, 0, 1
6159, 496501409, 31, 0, 1
11753, 496513162, 40, 0, 1
5652, 496518814, 16, 0, 1
5658, 496524472, 23, 0, 1
6167, 496530639, 19, 0, 1
11789, 496542428, 40, 0, 1
5652, 496548080, 16, 0, 1
5652, 496553732, 25, 0, 1
6157, 496559889, 26, 1, 1
11771, 496571660, 35, 0, 1
5662, 496577322, 26, 0, 1
5658, 496582980, 22, 0, 1
6168, 496589148, 18, 0, 1
11796, 496600944, 29, 0, 1
5658, 496606602, 17, 2, 1
5658, 496612260, 15, 0, 1
6136, 496618396, 27, 0, 1
11785, 496630181, 37, 0, 1
5652, 496635833, 14, 0, 1
5657, 496641490, 19, 0, 1
6141, 496647631, 20, 0, 1
11773, 496659404, 31, 0, 1
5639, 496665043, 17, 0, 1
5658, 496670701, 16, 0, 1
6148, 496676849, 24, 0, 1
11796, 496688645, 27, 0, 1
6110, 496694755, 19, 0, 1
5658, 496700413, 13, 1, 1
6138, 496706551, 25, 3, 1
11801, 496718352, 33, 0, 1
6107, 496724459, 30, 0, 1
5652, 496730111, 18, 0, 1
6137, 496736248, 22, 0, 1
11796, 496748044, 26, 0, 1
5658, 496753702, 13, 0, 1
5658, 496759360, 12, 0, 1
11831, 496771191, 28, 3, 1
6138, 496777329, 23, 0, 1
5658, 496782987, 15, 0, 1
5658, 496788645, 14, 0, 1
11818, 496800463, 31, 0, 1
6102, 496806565, 23, 0, 1
5658, 496812223, 13, 0, 1
7028, 496819251, 40, 20, 1
11829, 496831080, 35, 0, 1
6138, 496837218, 14, 0, 1
5658, 496842876, 14, 1, 1
5658, 496848534, 14, 0, 1
11816, 496860350, 39, 1, 1
6151, 496866501, 22, 0, 1
5658, 496872159, 16, 0, 1
5658, 496877817, 12, 0, 1
11806, 496889623, 29, 0, 1
6113, 496895736, 24, 0, 1
6110, 496901846, 23, 0, 1
6374, 496908220, 45, 2, 1
13004, 496921224, 45, 1, 1
6616, 496927840, 30, 0, 1
6569, 496934409, 35, 0, 1
6116, 496940525, 17, 0, 1
12208, 496952733, 35, 0, 1
6141, 496958874, 23, 0, 1
6116, 496964990, 19, 0, 1
6090, 496971080, 27, 0, 1
12220, 496983300, 35, 0, 1
6116, 496989416, 20, 0, 1
6116, 496995532, 20, 0, 1
6097, 497001629, 26, 0, 1
12245, 497013874, 35, 0, 1
6116, 497019990, 16, 0, 1
6116, 497026106, 19, 0, 1
6110, 497032216, 26, 0, 1
12219, 497044435, 42, 0, 1
6115, 497050550, 25, 0, 1
15194, 497065744, 463, 260, 1
6091, 497071835, 54, 3, 1
12231, 497084066, 42, 0, 1
6116, 497090182, 21, 0, 1
6116, 497096298, 17, 0, 1
6116, 497102414, 19, 0, 1
11774, 497114188, 31, 0, 1
6151, 497120339, 23, 0, 1
6110, 497126449, 27, 0, 1
5657, 497132106, 26, 0, 1
11795, 497143901, 34, 0, 1
6137, 497150038, 24, 0, 1
5658, 497155696, 13, 0, 1
5658, 497161354, 11, 0, 1
11819, 497173173, 32, 0, 1
6138, 497179311, 17, 0, 1
5651, 497184962, 19, 0, 1
5651, 497190613, 17, 0, 1
11787, 497202400, 34, 0, 1
6151, 497208551, 22, 0, 1
7022, 497215573, 51, 1, 1
5652, 497221225, 23, 0, 1
11810, 497233035, 35, 0, 1
6120, 497239155, 21, 0, 1
5645, 497244800, 19, 0, 1
5651, 497250451, 19, 0, 1
11805, 497262256, 40, 0, 1
6138, 497268394, 18, 0, 1
5651, 497274045, 25, 0, 1
5658, 497279703, 17, 0, 1
11811, 497291514, 35, 0, 1
6138, 497297652, 15, 0, 1
5652, 497303304, 15, 0, 1
5653, 497308957, 16, 0, 1
11831, 497320788, 23, 0, 1
6138, 497326926, 15, 0, 1
5645, 497332571, 19, 0, 1
5657, 497338228, 17, 0, 1
11794, 497350022, 31, 0, 1
6164, 497356186, 17, 0, 1
5640, 497361826, 14, 0, 1
5651, 497367477, 15, 0, 1
11799, 497379276, 33, 0, 1
6138, 497385414, 17, 0, 1
5646, 497391060, 19, 0, 1
5658, 497396718, 12, 0, 1
11831, 497408549, 31, 0, 1
6145, 497414694, 20, 0, 1
5658, 497420352, 13, 0, 1
5658, 497426010, 13, 0, 1
11818, 497437828, 25, 0, 1
6151, 497443979, 17, 0, 1
5658, 497449637, 14, 0, 1
5658, 497455295, 12, 0, 1
11810, 497467105, 31, 0, 1
6090, 497473195, 23, 0, 1
5638, 497478833, 21, 0, 1
5651, 497484484, 21, 0, 1
11836, 497496320, 45, 0, 1
6132, 497502452, 19, 0, 1
5658, 497508110, 14, 0, 1
5658, 497513768, 13, 0, 1
11775, 497525543, 40, 0, 1
6138, 497531681, 21, 0, 1
5640, 497537321, 16, 0, 1
5658, 497542979, 23, 0, 1
11800, 497554779, 40, 0, 1
6132, 497560911, 33, 0, 1
5658, 497566569, 14, 0, 1
5645, 497572214, 18, 0, 1
11815, 497584029, 28, 0, 1
7528, 497591557, 34, 0, 1
5634, 497597191, 17, 0, 1
5658, 497602849, 14, 0, 1
11775, 497614624, 42, 0, 1
6138, 497620762, 18, 0, 1
5658, 497626420, 17, 0, 1
5639, 497632059, 22, 0, 1
11818, 497643877, 30, 0, 1
6127, 497650004, 28, 0, 1
5640, 497655644, 16, 0, 1
5658, 497661302, 16, 0, 1
11818, 497673120, 39, 0, 1
6120, 497679240, 24, 0, 1
5658, 497684898, 16, 0, 1
5657, 497690555, 19, 0, 1
11812, 497702367, 27, 0, 1
6138, 497708505, 22, 0, 1
5658, 497714163, 14, 0, 1
5658, 497719821, 18, 0, 1
11851, 497731672, 42, 0, 1
6138, 497737810, 22, 0, 1
5658, 497743468, 13, 0, 1
5658, 497749126, 15, 0, 1
11817, 497760943, 33, 0, 1
6114, 497767057, 26, 0, 1
5658, 497772715, 16, 0, 1
5651, 497778366, 21, 0, 1
11789, 497790155, 42, 0, 1
6137, 497796292, 23, 0, 1
5658, 497801950, 14, 0, 1
5658, 497807608, 13, 0, 1
11816, 497819424, 25, 1, 1
14345, 497833769, 257, 78, 1
5657, 497839426, 31, 0, 1
5658, 497845084, 18, 0, 1
11805, 497856889, 35, 0, 1
6132, 497863021, 21, 0, 1
5655, 497868676, 23, 0, 1
5658, 497874334, 12, 0, 1
11831, 497886165, 36, 0, 1
6138, 497892303, 19, 0, 1
6112, 497898415, 32, 0, 1
5646, 497904061, 16, 0, 1
11769, 497915830, 48, 0, 1
6145, 497921975, 21, 0, 1
5658, 497927633, 15, 0, 1
5658, 497933291, 13, 0, 1
11818, 497945109, 35, 0, 1
6138, 497951247, 26, 0, 1
5658, 497956905, 18, 0, 1
5658, 497962563, 24, 0, 1
14069, 497976632, 137, 57, 1
6138, 497982770, 24, 0, 1
5658, 497988428, 13, 0, 1
5657, 497994085, 20, 0, 1
11805, 498005890, 38, 0, 1
6119, 498012009, 23, 0, 1
5652, 498017661, 15, 0, 1
5657, 498023318, 20, 0, 1
11818, 498035136, 37, 0, 1
6138, 498041274, 19, 0, 1
5658, 498046932, 12, 0, 1
5658, 498052590, 11, 0, 1
11793, 498064383, 33, 0, 1
6151, 498070534, 17, 0, 1
5652, 498076186, 13, 0, 1
5634, 498081820, 15, 0, 1
11805, 498093625, 39, 0, 1
6138, 498099763, 16, 0, 1
5657, 498105420, 26, 0, 1
5658, 498111078, 14, 0, 1
11844, 498122922, 27, 0, 1
6138, 498129060, 16, 0, 1
5657, 498134717, 20, 0, 1
5657, 498140374, 22, 0, 1
11806, 498152180, 35, 0, 1
6152, 498158332, 19, 0, 1
5644, 498163976, 22, 0, 1
5658, 498169634, 13, 0, 1
11822, 498181456, 48, 0, 1
6131, 498187587, 26, 0, 1
5658, 498193245, 15, 0, 1
5657, 498198902, 18, 0, 1
11789, 498210691, 33, 0, 1
6138, 498216829, 18, 0, 1
5640, 498222469, 18, 0, 1
5657, 498228126, 23, 0, 1
11796, 498239922, 39, 0, 1
6113, 498246035, 25, 0, 1
5658, 498251693, 16, 0, 1
5656, 498257349, 24, 0, 1
11800, 498269149, 30, 0, 1
6138, 498275287, 16, 0, 1
5650, 498280937, 19, 0, 1
5663, 498286600, 15, 0, 1
11801, 498298401, 31, 0, 1
6145, 498304546, 18, 0, 1
5654, 498310200, 27, 0, 1
5658, 498315858, 14, 0, 1
11817, 498327675, 29, 0, 1
6132, 498333807, 20, 0, 1
5655, 498339462, 24, 0, 1
5658, 498345120, 14, 0, 1
13178, 498358298, 44, 0, 1
6138, 498364436, 24, 0, 1
5652, 498370088, 16, 0, 1
5657, 498375745, 20, 0, 1
11798, 498387543, 37, 0, 1
6145, 498393688, 22, 0, 1
5658, 498399346, 13, 0, 1
5658, 498405004, 12, 0, 1
11812, 498416816, 32, 0, 1
6138, 498422954, 22, 0, 1
5657, 498428611, 22, 0, 1
5658, 498434269, 18, 0, 1
11817, 498446086, 43, 0, 1
6138, 498452224, 21, 0, 1
5627, 498457851, 19, 0, 1
5652, 498463503, 14, 0, 1
11805, 498475308, 31, 0, 1
6126, 498481434, 19, 0, 1
5640, 498487074, 14, 0, 1
5657, 498492731, 21, 0, 1
11844, 498504575, 34, 0, 1
6138, 498510713, 16, 0, 1
5650, 498516363, 19, 0, 1
5658, 498522021, 11, 0, 1
11781, 498533802, 36, 0, 1
6138, 498539940, 18, 0, 1
5640, 498545580, 14, 0, 1
5650, 498551230, 17, 0, 1
11806, 498563036, 26, 0, 1
6138, 498569174, 16, 0, 1
5651, 498574825, 19, 0, 1
5658, 498580483, 14, 0, 1
11831, 498592314, 25, 0, 1
6138, 498598452, 17, 0, 1
5634, 498604086, 18, 0, 1
5658, 498609744, 17, 0, 1
11805, 498621549, 36, 0, 1
6151, 498627700, 22, 0, 1
5658, 498633358, 13, 0, 1
5658, 498639016, 14, 0, 1
11806, 498650822, 33, 0, 1
6125, 498656947, 22, 0, 1
5658, 498662605, 15, 0, 1
5658, 498668263, 18, 0, 1
11799, 498680062, 41, 0, 1
6137, 498686199, 17, 0, 1
5658, 498691857, 12, 0, 1
5646, 498697503, 14, 0, 1
15157, 498712660, 188, 31, 1
880505, 499593165, 14718, 4676, 9
8374, 499601539, 812, 77, 1
6720, 499608259, 48, 2, 1
20674, 499628933, 467, 121, 1
6671, 499635604, 39, 3, 1
6720, 499642324, 22, 0, 1
6686, 499649010, 28, 0, 1
15032, 499664042, 212, 23, 1
