2, 1, 1422984, 284596.600
28, 1422985, 13491074, 1206808.900
17, 13491075, 29824872, 1633379.700
26, 29824873, 35837912, 1202607.800
18, 35837913, 42845072, 1401431.800
24, 42845073, 56498027, 2730590.800
3, 56498028, 171212844, 2549218.133
1, 171212845, 408966941, 2377540.960
24, 408966942, 430580401, 2161345.900
21, 430580402, 560815904, 1860507.171
28, 560815905, 757716007, 1514616.169
14, 757716008, 764811091, 1419016.600
28, 764811092, 771374610, 1312703.600
14, 771374611, 778406431, 1406364.000
28, 778406432, 785274356, 1373584.800
14, 785274357, 798964407, 1369005.000
4, 798964408, 805696707, 1346459.800
28, 805696708, 812395166, 1339691.600
14, 812395167, 833030685, 1375701.200
28, 833030686, 839979613, 1389785.400
14, 839979614, 1291158819, 1253275.569
2, 1291158820, 1294930109, 377128.900
13, 1294930110, 1568954681, 913415.237
18, 1568954682, 1571166119, 442287.400
19, 1571166120, 1592342305, 151258.464
22, 1592342306, 1593084143, 148367.400
19, 1593084144, 1602762513, 148897.985
4, 1602762514, 1603519343, 151365.800
18, 1603519344, 1604492638, 194658.800
2, 1604492639, 1616530486, 160504.627
18, 1616530487, 1618001148, 73533.050
2, 1618001149, 1619580523, 52645.800
18, 1619580524, 1620560123, 65306.600
2, 1620560124, 1631017854, 123032.118
22, 1631017855, 1631618252, 120079.400
2, 1631618253, 1634065115, 122343.100
22, 1634065116, 1634676140, 122204.800
2, 1634676141, 1644405475, 92660.324
25, 1644405476, 1656963054, 1255757.800
6, 1656963055, 1656984816, 2176.100
2, 1656984817, 1657036378, 10312.200
6, 1657036379, 1657042752, 1274.600
