23, 1, 2373232, 474646.200
28, 2373233, 7438702, 1013093.800
26, 7438703, 15755427, 1663344.800
17, 15755428, 24152399, 1679394.200
26, 24152400, 32442915, 1658103.000
5, 32442916, 37999771, 1111371.000
4, 37999772, 49138011, 2227647.800
3, 49138012, 840344319, 2511766.054
9, 840344320, 864252012, 2390769.200
3, 864252013, 888108466, 2385645.300
9, 888108467, 1286977882, 2346290.676
18, 1286977883, 1293215433, 1247510.000
8, 1293215434, 1564843251, 1552158.954
5, 1564843252, 1571341465, 1299642.600
7, 1571341466, 1600490503, 647756.378
5, 1600490504, 1640160516, 1322333.733
18, 1640160517, 1641908436, 349583.800
2, 1641908437, 1642762863, 56961.733
25, 1642762864, 1655732329, 1296946.500
6, 1655732330, 1655891990, 4561.714
2, 1655891991, 1656651848, 151971.400
