0,1,153043987.82000002,2967176654.3650727
5,153043988.82000002,185494505.66000003,2889592776.231653
11,185494506.66000003,223409883.58000004,3671114250.0599723
0,223409884.58000004,286044898.20000005,2967176654.3650727
5,286044899.20000005,3837801434.299998,2889592776.231653
6,3837801435.299998,3864521928.889998,2131834795.7711167
14,3864521929.889998,3910130105.879998,2446824213.8627768
6,3910130106.879998,3956305708.2599983,2131834795.7711167
10,3956305709.2599983,3995205537.141074,797661017.4990699
6,3995205538.141074,4112983712.9744077,2131834795.7711167
