1515575, 1515575, 35064, 1043, 4
6073914, 7589489, 85022, 12307, 13
18874324, 26463813, 24232, 5390, 11
18943400, 45407213, 20775, 5088, 11
19129046, 64536259, 21958, 5619, 11
19517870, 84054129, 19810, 5324, 11
19389045, 103443174, 19094, 5204, 11
18379589, 121822763, 24826, 6984, 2
19150668, 140973431, 19946, 5241, 11
19592698, 160566129, 19392, 5271, 11
19123524, 179689653, 21751, 5398, 11
19488435, 199178088, 19466, 5239, 11
19549192, 218727280, 20355, 5349, 11
19452216, 238179496, 20409, 5246, 11
18792419, 256971915, 24479, 5094, 11
18955081, 275926996, 19136, 5102, 11
19111880, 295038876, 20062, 5213, 11
19355075, 314393951, 19250, 5174, 11
19601976, 333995927, 19240, 5381, 11
19655801, 353651728, 18913, 5296, 11
19524460, 373176188, 19692, 5275, 11
19675740, 392851928, 19328, 5339, 11
19629651, 412481579, 19271, 5360, 11
19607355, 432088934, 18973, 5237, 11
19540994, 451629928, 19656, 5233, 11
19652447, 471282375, 19242, 5312, 11
17912755, 489195130, 25975, 3564, 7
7186637, 496381767, 19571, 706, 12
11790, 496393557, 431, 9, 1
6132, 496399689, 34, 1, 1
5652, 496405341, 17, 0, 1
5652, 496410993, 15, 0, 1
13206, 496424199, 113, 23, 1
6138, 496430337, 28, 1, 1
5656, 496435993, 20, 0, 1
5652, 496441645, 12, 0, 1
11812, 496453457, 24, 0, 1
6142, 496459599, 27, 0, 1
5650, 496465249, 28, 0, 1
11818, 496477067, 23, 0, 1
5658, 496482725, 12, 0, 1
6132, 496488857, 29, 0, 1
5654, 496494511, 27, 0, 1
11807, 496506318, 30, 0, 1
5658, 496511976, 12, 0, 1
6138, 496518114, 17, 0, 1
5627, 496523741, 22, 0, 1
11784, 496535525, 41, 0, 1
5657, 496541182, 16, 0, 1
6138, 496547320, 16, 0, 1
5645, 496552965, 17, 1, 1
11816, 496564781, 30, 0, 1
5657, 496570438, 15, 0, 1
6124, 496576562, 31, 0, 1
5655, 496582217, 29, 0, 1
11793, 496594010, 53, 0, 1
5649, 496599659, 19, 0, 1
6151, 496605810, 16, 0, 1
5645, 496611455, 17, 0, 1
11815, 496623270, 27, 0, 1
5651, 496628921, 21, 0, 1
6101, 496635022, 26, 0, 1
5654, 496640676, 28, 1, 1
11830, 496652506, 30, 0, 1
5645, 496658151, 22, 0, 1
6132, 496664283, 18, 0, 1
5646, 496669929, 20, 0, 1
11806, 496681735, 35, 0, 1
5646, 496687381, 20, 0, 1
6132, 496693513, 22, 0, 1
5634, 496699147, 20, 0, 1
11807, 496710954, 39, 0, 1
5651, 496716605, 27, 0, 1
6096, 496722701, 21, 0, 1
6092, 496728793, 27, 2, 1
11814, 496740607, 40, 0, 1
5658, 496746265, 9, 0, 1
6125, 496752390, 25, 0, 1
6108, 496758498, 28, 0, 1
11781, 496770279, 43, 0, 1
5658, 496775937, 11, 0, 1
6126, 496782063, 21, 0, 1
5657, 496787720, 14, 0, 1
13202, 496800922, 51, 0, 1
5658, 496806580, 9, 0, 1
6146, 496812726, 38, 0, 1
5634, 496818360, 19, 0, 1
11818, 496830178, 29, 0, 1
5658, 496835836, 11, 0, 1
6150, 496841986, 24, 0, 1
5651, 496847637, 22, 0, 1
11811, 496859448, 41, 0, 1
5654, 496865102, 26, 0, 1
6130, 496871232, 26, 0, 1
5658, 496876890, 13, 0, 1
11823, 496888713, 40, 0, 1
5658, 496894371, 14, 0, 1
6117, 496900488, 31, 0, 1
5658, 496906146, 13, 0, 1
11803, 496917949, 41, 0, 1
5663, 496923612, 19, 0, 1
6163, 496929775, 28, 0, 1
6374, 496936149, 47, 0, 1
12999, 496949148, 53, 1, 1
8380, 496957528, 201, 7, 1
6576, 496964104, 44, 0, 1
6116, 496970220, 21, 0, 1
11809, 496982029, 25, 0, 1
6091, 496988120, 24, 0, 1
6111, 496994231, 32, 0, 1
6103, 497000334, 25, 0, 1
12219, 497012553, 36, 0, 1
6116, 497018669, 14, 0, 1
6091, 497024760, 28, 0, 1
6121, 497030881, 27, 0, 1
12219, 497043100, 61, 0, 1
6110, 497049210, 27, 0, 1
6107, 497055317, 26, 0, 1
6103, 497061420, 23, 0, 1
12218, 497073638, 46, 0, 1
6114, 497079752, 31, 0, 1
6092, 497085844, 21, 0, 1
6110, 497091954, 18, 0, 1
12212, 497104166, 48, 0, 1
6109, 497110275, 22, 0, 1
6097, 497116372, 27, 0, 1
6115, 497122487, 32, 0, 1
11809, 497134296, 32, 0, 1
6098, 497140394, 29, 0, 1
6104, 497146498, 25, 0, 1
6109, 497152607, 29, 0, 1
11783, 497164390, 33, 0, 1
5657, 497170047, 22, 0, 1
6127, 497176174, 22, 0, 1
5615, 497181789, 22, 0, 1
13189, 497194978, 44, 3, 1
5658, 497200636, 11, 0, 1
6127, 497206763, 33, 0, 1
5658, 497212421, 13, 0, 1
11810, 497224231, 39, 0, 1
5652, 497229883, 14, 0, 1
6132, 497236015, 25, 0, 1
5639, 497241654, 20, 0, 1
11822, 497253476, 32, 0, 1
5658, 497259134, 14, 0, 1
6101, 497265235, 22, 0, 1
5658, 497270893, 12, 0, 1
11818, 497282711, 29, 0, 1
5658, 497288369, 13, 0, 1
6135, 497294504, 29, 0, 1
5657, 497300161, 12, 0, 1
11815, 497311976, 33, 0, 1
5646, 497317622, 14, 0, 1
6152, 497323774, 23, 0, 1
5658, 497329432, 14, 0, 1
11819, 497341251, 45, 0, 1
5658, 497346909, 12, 0, 1
6114, 497353023, 26, 0, 1
5658, 497358681, 19, 0, 1
11826, 497370507, 38, 0, 1
5657, 497376164, 17, 0, 1
6138, 497382302, 15, 0, 1
5652, 497387954, 16, 0, 1
11812, 497399766, 44, 0, 1
5656, 497405422, 25, 0, 1
6130, 497411552, 29, 0, 1
5657, 497417209, 21, 0, 1
11775, 497428984, 28, 0, 1
5645, 497434629, 16, 0, 1
6128, 497440757, 29, 0, 1
5658, 497446415, 11, 0, 1
11783, 497458198, 30, 0, 1
5653, 497463851, 17, 0, 1
6125, 497469976, 33, 0, 1
5644, 497475620, 20, 0, 1
11806, 497487426, 24, 0, 1
5646, 497493072, 15, 0, 1
6125, 497499197, 23, 0, 1
5654, 497504851, 23, 0, 1
11818, 497516669, 26, 0, 1
5658, 497522327, 10, 0, 1
6119, 497528446, 23, 0, 1
5658, 497534104, 12, 0, 1
11805, 497545909, 32, 0, 1
5646, 497551555, 23, 0, 1
6151, 497557706, 16, 0, 1
7020, 497564726, 41, 0, 1
11799, 497576525, 34, 0, 1
5651, 497582176, 21, 0, 1
6119, 497588295, 21, 0, 1
5661, 497593956, 18, 0, 1
23321, 497617277, 450, 26, 1
5668, 497622945, 29, 0, 1
6138, 497629083, 17, 0, 1
5654, 497634737, 27, 0, 1
11821, 497646558, 44, 0, 1
5673, 497652231, 23, 0, 1
6127, 497658358, 24, 0, 1
5652, 497664010, 13, 0, 1
11812, 497675822, 34, 0, 1
5667, 497681489, 28, 0, 1
6138, 497687627, 14, 0, 1
5645, 497693272, 15, 0, 1
11832, 497705104, 37, 0, 1
5650, 497710754, 21, 0, 1
6138, 497716892, 17, 0, 1
5667, 497722559, 33, 0, 1
11803, 497734362, 33, 0, 1
5663, 497740025, 24, 0, 1
6126, 497746151, 23, 0, 1
5658, 497751809, 10, 0, 1
11834, 497763643, 45, 0, 1
5658, 497769301, 7, 0, 1
6138, 497775439, 16, 0, 1
5652, 497781091, 18, 0, 1
11792, 497792883, 37, 0, 1
5651, 497798534, 24, 0, 1
6149, 497804683, 21, 0, 1
5616, 497810299, 20, 0, 1
11818, 497822117, 24, 0, 1
5658, 497827775, 13, 0, 1
6138, 497833913, 15, 0, 1
5654, 497839567, 29, 0, 1
11823, 497851390, 29, 0, 1
5646, 497857036, 12, 0, 1
6112, 497863148, 24, 0, 1
5652, 497868800, 23, 0, 1
11804, 497880604, 44, 0, 1
5657, 497886261, 20, 0, 1
6151, 497892412, 16, 0, 1
6116, 497898528, 18, 0, 1
11764, 497910292, 36, 0, 1
5652, 497915944, 32, 0, 1
6137, 497922081, 20, 0, 1
5645, 497927726, 16, 0, 1
11818, 497939544, 38, 0, 1
7028, 497946572, 33, 1, 1
6126, 497952698, 22, 0, 1
5658, 497958356, 9, 0, 1
11811, 497970167, 29, 0, 1
5643, 497975810, 28, 0, 1
6112, 497981922, 26, 0, 1
5658, 497987580, 7, 0, 1
11819, 497999399, 26, 0, 1
5658, 498005057, 17, 0, 1
6127, 498011184, 28, 0, 1
5651, 498016835, 16, 0, 1
11815, 498028650, 45, 0, 1
5651, 498034301, 24, 0, 1
6154, 498040455, 34, 0, 1
5671, 498046126, 26, 0, 1
11811, 498057937, 29, 0, 1
5656, 498063593, 24, 0, 1
6125, 498069718, 19, 0, 1
5626, 498075344, 22, 0, 1
11835, 498087179, 37, 0, 1
5650, 498092829, 29, 0, 1
6138, 498098967, 17, 0, 1
5639, 498104606, 16, 0, 1
11792, 498116398, 33, 0, 1
5646, 498122044, 15, 0, 1
6139, 498128183, 21, 0, 1
5658, 498133841, 13, 0, 1
11793, 498145634, 33, 0, 1
5658, 498151292, 13, 0, 1
6138, 498157430, 14, 0, 1
5658, 498163088, 10, 0, 1
11815, 498174903, 30, 0, 1
5644, 498180547, 22, 0, 1
6132, 498186679, 26, 0, 1
5632, 498192311, 23, 0, 1
11800, 498204111, 31, 0, 1
5646, 498209757, 17, 0, 1
6138, 498215895, 15, 0, 1
5658, 498221553, 11, 0, 1
11829, 498233382, 43, 0, 1
5651, 498239033, 20, 0, 1
6114, 498245147, 20, 0, 1
5644, 498250791, 16, 0, 1
11811, 498262602, 30, 0, 1
5644, 498268246, 20, 1, 1
14772, 498283018, 267, 99, 1
5658, 498288676, 27, 0, 1
11812, 498300488, 26, 0, 1
5643, 498306131, 24, 0, 1
6138, 498312269, 15, 0, 1
5645, 498317914, 22, 0, 1
13208, 498331122, 33, 0, 1
5658, 498336780, 11, 0, 1
6130, 498342910, 21, 0, 1
5645, 498348555, 18, 0, 1
11794, 498360349, 27, 0, 1
5658, 498366007, 12, 0, 1
6159, 498372166, 32, 0, 1
5658, 498377824, 9, 0, 1
11812, 498389636, 26, 0, 1
5640, 498395276, 16, 0, 1
6119, 498401395, 27, 0, 1
5640, 498407035, 14, 0, 1
11831, 498418866, 20, 0, 1
5652, 498424518, 14, 0, 1
6138, 498430656, 19, 0, 1
5627, 498436283, 20, 0, 1
11806, 498448089, 36, 0, 1
5657, 498453746, 27, 0, 1
6138, 498459884, 18, 0, 1
5673, 498465557, 31, 0, 1
11844, 498477401, 20, 0, 1
5649, 498483050, 25, 0, 1
6138, 498489188, 18, 0, 1
5649, 498494837, 28, 0, 1
11800, 498506637, 19, 0, 1
5639, 498512276, 23, 0, 1
6146, 498518422, 28, 0, 1
11286, 498529708, 19, 0, 1
6123, 498535831, 33, 0, 1
6369, 498542200, 48, 0, 1
6624, 498548824, 22, 0, 1
12558, 498561382, 40, 0, 1
6766, 498568148, 35, 0, 1
6308, 498574456, 30, 0, 1
6600, 498581056, 21, 0, 1
12588, 498593644, 28, 0, 1
6620, 498600264, 23, 0, 1
6309, 498606573, 10, 0, 1
6605, 498613178, 31, 0, 1
12593, 498625771, 42, 0, 1
6608, 498632379, 24, 0, 1
6297, 498638676, 19, 0, 1
6593, 498645269, 26, 0, 1
12599, 498657868, 39, 0, 1
6635, 498664503, 18, 0, 1
6318, 498670821, 28, 0, 1
6593, 498677414, 29, 0, 1
12591, 498690005, 39, 0, 1
6598, 498696603, 20, 0, 1
6306, 498702909, 32, 0, 1
6609, 498709518, 30, 0, 1
13977, 498723495, 52, 0, 1
6646, 498730141, 29, 0, 1
6308, 498736449, 18, 0, 1
9933, 498746382, 165, 20, 1
921792, 499668174, 16115, 3698, 9
6664, 499674838, 88, 1, 1
10352, 499685190, 342, 52, 1
6672, 499691862, 52, 2, 1
14908, 499706770, 83, 8, 1
7750, 499714520, 165, 13, 1
6662, 499721182, 26, 0, 1
7347, 499728529, 48, 8, 1
2231673, 2231673, 50177, 2228, 4
7936130, 10167803, 77841, 12202, 13
19318726, 29486529, 18894, 5321, 11
19013030, 48499559, 20157, 5070, 11
19083224, 67582783, 21600, 5667, 11
19565654, 87148437, 18665, 5281, 11
19403902, 106552339, 18293, 5178, 11
18474846, 125027185, 24778, 7117, 2
19092902, 144120087, 19552, 5233, 11
19681481, 163801568, 19262, 5379, 11
19268877, 183070445, 20770, 5430, 11
19443405, 202513850, 19065, 5288, 11
19496418, 222010268, 20120, 5338, 11
19380674, 241390942, 20138, 5234, 11
18827478, 260218420, 23764, 5042, 11
19149822, 279368242, 18109, 5241, 11
19014744, 298382986, 19183, 5070, 11
19384899, 317767885, 18731, 5087, 11
19565854, 337333739, 19516, 5348, 11
19595772, 356929511, 18358, 5294, 11
19587776, 376517287, 18909, 5253, 11
19619253, 396136540, 18604, 5333, 11
19646267, 415782807, 18257, 5340, 11
19518347, 435301154, 18547, 5206, 11
19628779, 454929933, 18909, 5274, 11
19647605, 474577538, 18484, 5325, 11
16035431, 490612969, 30506, 2766, 7
5697144, 496310113, 10833, 509, 6
11783, 496321896, 379, 14, 1
6145, 496328041, 24, 1, 1
5642, 496333683, 33, 3, 1
5656, 496339339, 16, 0, 1
11818, 496351157, 27, 0, 1
6107, 496357264, 24, 0, 1
5649, 496362913, 28, 0, 1
5651, 496368564, 19, 0, 1
11819, 496380383, 43, 0, 1
6120, 496386503, 24, 0, 1
5642, 496392145, 26, 0, 1
5644, 496397789, 24, 0, 1
11812, 496409601, 31, 0, 1
6151, 496415752, 16, 0, 1
5628, 496421380, 18, 0, 1
5657, 496427037, 17, 0, 1
11810, 496438847, 32, 0, 1
6119, 496444966, 20, 0, 1
5658, 496450624, 12, 0, 1
5658, 496456282, 8, 0, 1
11799, 496468081, 37, 0, 1
6125, 496474206, 23, 0, 1
5622, 496479828, 19, 0, 1
5661, 496485489, 30, 0, 1
11808, 496497297, 48, 1, 1
6138, 496503435, 19, 0, 1
5658, 496509093, 13, 0, 1
5640, 496514733, 20, 0, 1
11799, 496526532, 40, 0, 1
6138, 496532670, 18, 0, 1
5642, 496538312, 26, 0, 1
5658, 496543970, 9, 0, 1
11775, 496555745, 39, 1, 1
6158, 496561903, 22, 0, 1
5664, 496567567, 24, 0, 1
5652, 496573219, 17, 0, 1
11821, 496585040, 49, 0, 1
6112, 496591152, 28, 0, 1
5658, 496596810, 12, 0, 1
5658, 496602468, 11, 0, 1
11831, 496614299, 29, 0, 1
6130, 496620429, 31, 0, 1
5658, 496626087, 11, 0, 1
5667, 496631754, 29, 0, 1
11809, 496643563, 54, 0, 1
6120, 496649683, 23, 0, 1
6104, 496655787, 24, 0, 1
5658, 496661445, 24, 1, 1
11795, 496673240, 38, 0, 1
6141, 496679381, 31, 0, 1
7493, 496686874, 64, 3, 1
5652, 496692526, 17, 0, 1
11808, 496704334, 37, 0, 1
6143, 496710477, 36, 0, 1
5640, 496716117, 20, 0, 1
5658, 496721775, 12, 0, 1
11799, 496733574, 40, 0, 1
6120, 496739694, 23, 0, 1
5657, 496745351, 19, 0, 1
5658, 496751009, 14, 0, 1
11831, 496762840, 32, 0, 1
6129, 496768969, 37, 0, 1
5658, 496774627, 13, 0, 1
5658, 496780285, 13, 0, 1
11800, 496792085, 26, 0, 1
6151, 496798236, 14, 0, 1
5658, 496803894, 11, 0, 1
5651, 496809545, 22, 0, 1
11818, 496821363, 31, 0, 1
6138, 496827501, 24, 0, 1
5658, 496833159, 15, 1, 1
5668, 496838827, 35, 0, 1
11830, 496850657, 26, 0, 1
6128, 496856785, 31, 0, 1
5658, 496862443, 11, 1, 1
5658, 496868101, 15, 0, 1
12998, 496881099, 81, 0, 1
6670, 496887769, 26, 0, 1
6602, 496894371, 21, 0, 1
6298, 496900669, 21, 0, 1
12241, 496912910, 38, 0, 1
6116, 496919026, 17, 0, 1
6116, 496925142, 23, 0, 1
6096, 496931238, 28, 0, 1
12244, 496943482, 60, 0, 1
6116, 496949598, 18, 0, 1
6116, 496955714, 19, 0, 1
6116, 496961830, 20, 0, 1
12243, 496974073, 37, 0, 1
6109, 496980182, 29, 0, 1
6110, 496986292, 30, 0, 1
6090, 496992382, 30, 0, 1
12220, 497004602, 37, 0, 1
6117, 497010719, 20, 0, 1
6116, 497016835, 20, 0, 1
6116, 497022951, 18, 0, 1
12214, 497035165, 34, 0, 1
6119, 497041284, 34, 0, 1
6116, 497047400, 20, 0, 1
11783, 497059183, 42, 0, 1
6116, 497065299, 18, 0, 1
7496, 497072795, 39, 1, 1
6112, 497078907, 29, 0, 1
11802, 497090709, 30, 0, 1
5658, 497096367, 13, 0, 1
6115, 497102482, 24, 0, 1
5645, 497108127, 18, 0, 1
11774, 497119901, 46, 0, 1
5633, 497125534, 22, 0, 1
6131, 497131665, 23, 0, 1
5649, 497137314, 27, 0, 1
11795, 497149109, 54, 0, 1
5639, 497154748, 23, 0, 1
6125, 497160873, 27, 0, 1
5658, 497166531, 15, 0, 1
11817, 497178348, 38, 0, 1
5646, 497183994, 14, 0, 1
6138, 497190132, 19, 0, 1
5646, 497195778, 19, 0, 1
11818, 497207596, 35, 0, 1
5678, 497213274, 32, 2, 1
6129, 497219403, 34, 0, 1
5628, 497225031, 20, 0, 1
11808, 497236839, 50, 0, 1
5656, 497242495, 24, 0, 1
6126, 497248621, 24, 0, 1
5632, 497254253, 26, 0, 1
11802, 497266055, 48, 0, 1
5655, 497271710, 24, 0, 1
6127, 497277837, 26, 0, 1
5658, 497283495, 15, 0, 1
11800, 497295295, 33, 0, 1
5665, 497300960, 31, 0, 1
6138, 497307098, 16, 0, 1
5649, 497312747, 26, 0, 1
11841, 497324588, 39, 0, 1
5657, 497330245, 15, 0, 1
6138, 497336383, 17, 0, 1
5628, 497342011, 21, 0, 1
11810, 497353821, 42, 0, 1
5655, 497359476, 29, 0, 1
6148, 497365624, 31, 0, 1
5640, 497371264, 19, 0, 1
11800, 497383064, 39, 0, 1
5658, 497388722, 12, 0, 1
6123, 497394845, 27, 0, 1
5646, 497400491, 15, 0, 1
11825, 497412316, 34, 0, 1
5655, 497417971, 24, 0, 1
6119, 497424090, 27, 0, 1
5658, 497429748, 13, 0, 1
11812, 497441560, 36, 0, 1
7025, 497448585, 38, 0, 1
6141, 497454726, 36, 0, 1
5646, 497460372, 19, 0, 1
11805, 497472177, 37, 0, 1
5646, 497477823, 15, 0, 1
6135, 497483958, 34, 0, 1
5650, 497489608, 26, 0, 1
11798, 497501406, 39, 0, 1
5657, 497507063, 19, 0, 1
17679, 497524742, 439, 30, 1
5658, 497530400, 17, 0, 1
11806, 497542206, 32, 0, 1
5665, 497547871, 30, 0, 1
6138, 497554009, 18, 0, 1
5645, 497559654, 17, 0, 1
11829, 497571483, 36, 0, 1
5658, 497577141, 14, 0, 1
6138, 497583279, 18, 0, 1
5645, 497588924, 16, 0, 1
11799, 497600723, 32, 0, 1
5667, 497606390, 28, 0, 1
6151, 497612541, 20, 0, 1
5657, 497618198, 26, 0, 1
11818, 497630016, 30, 0, 1
5658, 497635674, 12, 0, 1
6138, 497641812, 18, 0, 1
5646, 497647458, 22, 0, 1
11820, 497659278, 36, 0, 1
5658, 497664936, 14, 0, 1
6142, 497671078, 32, 0, 1
5652, 497676730, 15, 0, 1
11814, 497688544, 43, 0, 1
5658, 497694202, 11, 0, 1
6136, 497700338, 29, 0, 1
5653, 497705991, 23, 0, 1
11827, 497717818, 42, 0, 1
5658, 497723476, 25, 0, 1
6125, 497729601, 23, 0, 1
5637, 497735238, 30, 0, 1
11806, 497747044, 35, 0, 1
5666, 497752710, 28, 0, 1
6154, 497758864, 34, 0, 1
5658, 497764522, 16, 0, 1
11811, 497776333, 39, 0, 1
5667, 497782000, 45, 13, 1
6138, 497788138, 25, 0, 1
5653, 497793791, 22, 0, 1
11831, 497805622, 29, 0, 1
5638, 497811260, 24, 0, 1
6131, 497817391, 27, 0, 1
5644, 497823035, 22, 0, 1
13176, 497836211, 66, 0, 1
5654, 497841865, 25, 0, 1
6151, 497848016, 17, 0, 1
6110, 497854126, 19, 0, 1
11771, 497865897, 48, 0, 1
5658, 497871555, 11, 0, 1
6153, 497877708, 34, 0, 1
5657, 497883365, 22, 0, 1
11813, 497895178, 32, 0, 1
5660, 497900838, 25, 0, 1
6143, 497906981, 25, 0, 1
5658, 497912639, 15, 0, 1
11800, 497924439, 42, 1, 1
5654, 497930093, 26, 0, 1
6138, 497936231, 18, 0, 1
5658, 497941889, 13, 0, 1
11825, 497953714, 28, 0, 1
5658, 497959372, 13, 0, 1
6138, 497965510, 18, 0, 1
5658, 497971168, 13, 0, 1
11832, 497983000, 42, 0, 1
5658, 497988658, 13, 0, 1
6145, 497994803, 22, 0, 1
5658, 498000461, 13, 0, 1
11817, 498012278, 37, 0, 1
5673, 498017951, 33, 0, 1
6119, 498024070, 29, 0, 1
5661, 498029731, 22, 0, 1
11813, 498041544, 30, 0, 1
5655, 498047199, 26, 0, 1
6111, 498053310, 32, 0, 1
5641, 498058951, 24, 0, 1
11805, 498070756, 28, 0, 1
5658, 498076414, 29, 0, 1
6157, 498082571, 25, 0, 1
5658, 498088229, 13, 0, 1
11786, 498100015, 33, 0, 1
5658, 498105673, 12, 0, 1
6132, 498111805, 38, 0, 1
5658, 498117463, 12, 0, 1
11831, 498129294, 33, 0, 1
5658, 498134952, 14, 0, 1
6119, 498141071, 24, 0, 1
5657, 498146728, 25, 0, 1
11799, 498158527, 38, 0, 1
5658, 498164185, 12, 0, 1
6125, 498170310, 35, 0, 1
5662, 498175972, 33, 0, 1
11806, 498187778, 37, 0, 1
5655, 498193433, 26, 0, 1
6122, 498199555, 28, 0, 1
7016, 498206571, 32, 0, 1
11812, 498218383, 37, 0, 1
5658, 498224041, 13, 0, 1
6147, 498230188, 31, 0, 1
5658, 498235846, 9, 0, 1
11804, 498247650, 44, 0, 1
5652, 498253302, 17, 0, 1
6138, 498259440, 18, 0, 1
5651, 498265091, 22, 0, 1
11825, 498276916, 28, 0, 1
5646, 498282562, 21, 0, 1
6141, 498288703, 30, 0, 1
5652, 498294355, 16, 0, 1
11800, 498306155, 40, 0, 1
5658, 498311813, 27, 0, 1
6163, 498317976, 38, 0, 1
5658, 498323634, 15, 0, 1
11788, 498335422, 34, 0, 1
5651, 498341073, 20, 0, 1
6138, 498347211, 20, 0, 1
5658, 498352869, 15, 0, 1
11830, 498364699, 34, 0, 1
5668, 498370367, 35, 0, 1
6120, 498376487, 22, 0, 1
5651, 498382138, 22, 0, 1
11818, 498393956, 25, 0, 1
5638, 498399594, 22, 0, 1
6132, 498405726, 15, 0, 1
5626, 498411352, 19, 0, 1
11830, 498423182, 27, 0, 1
5656, 498428838, 32, 0, 1
6159, 498434997, 30, 0, 1
5658, 498440655, 14, 0, 1
11800, 498452455, 34, 0, 1
5660, 498458115, 26, 0, 1
6164, 498464279, 17, 0, 1
5641, 498469920, 24, 0, 1
11818, 498481738, 24, 0, 1
5651, 498487389, 31, 0, 1
6145, 498493534, 19, 0, 1
5621, 498499155, 22, 0, 1
11823, 498510978, 32, 0, 1
5654, 498516632, 25, 0, 1
6138, 498522770, 19, 0, 1
5657, 498528427, 26, 0, 1
11812, 498540239, 30, 0, 1
5640, 498545879, 19, 0, 1
6147, 498552026, 31, 0, 1
5658, 498557684, 15, 0, 1
11812, 498569496, 34, 0, 1
5639, 498575135, 19, 0, 1
7515, 498582650, 33, 0, 1
5655, 498588305, 23, 0, 1
11818, 498600123, 42, 0, 1
5651, 498605774, 19, 0, 1
6138, 498611912, 17, 0, 1
5662, 498617574, 22, 0, 1
11804, 498629378, 38, 0, 1
5658, 498635036, 13, 0, 1
6138, 498641174, 19, 0, 1
5645, 498646819, 19, 0, 1
11826, 498658645, 44, 0, 1
5645, 498664290, 17, 0, 1
6130, 498670420, 25, 0, 1
8998, 498679418, 183, 22, 1
905781, 499585199, 15588, 3657, 9
6679, 499591878, 78, 0, 1
6675, 499598553, 27, 0, 1
12775, 499611328, 389, 58, 1
13394, 499624722, 62, 2, 1
6683, 499631405, 24, 0, 1
8256, 499639661, 152, 19, 1
6602, 499646263, 36, 0, 1
3241859, 3241859, 64181, 3774, 14
9215718, 12457577, 65803, 11881, 13
18842275, 31299852, 21178, 5583, 11
19205492, 50505344, 21086, 5160, 11
19397288, 69902632, 19560, 5364, 11
19178973, 89081605, 21675, 6057, 2
18249046, 107330651, 22744, 6124, 2
19360798, 126691449, 19733, 5210, 11
19113096, 145804545, 19359, 5164, 11
19426793, 165231338, 22725, 5414, 11
19471279, 184702617, 19631, 5290, 11
19496166, 204198783, 19526, 5320, 11
19453666, 223652449, 20613, 5233, 11
19305382, 242957831, 20442, 5191, 11
18021841, 260979672, 24480, 4937, 11
19420445, 280400117, 19082, 5204, 11
19185026, 299585143, 18330, 5194, 11
19600265, 319185408, 19457, 5272, 11
19606330, 338791738, 19210, 5366, 11
19618099, 358409837, 18873, 5283, 11
19509997, 377919834, 19429, 5336, 11
19577306, 397497140, 19269, 5265, 11
19633866, 417131006, 18660, 5283, 11
19603930, 436734936, 18679, 5303, 11
19604634, 456339570, 18828, 5258, 11
19553787, 475893357, 20040, 5328, 11
15156668, 491050025, 30242, 2386, 19
5209371, 496259396, 10546, 530, 6
6119, 496265515, 337, 12, 1
11311, 496276826, 37, 0, 1
6160, 496282986, 16, 0, 1
5646, 496288632, 15, 0, 1
6123, 496294755, 30, 0, 1
11303, 496306058, 19, 0, 1
6134, 496312192, 27, 0, 1
5652, 496317844, 17, 0, 1
6138, 496323982, 18, 0, 1
11281, 496335263, 42, 0, 1
6154, 496341417, 24, 0, 1
5667, 496347084, 34, 1, 1
6107, 496353191, 28, 0, 1
11295, 496364486, 27, 0, 1
6160, 496370646, 15, 0, 1
5658, 496376304, 13, 0, 1
6138, 496382442, 18, 0, 1
11313, 496393755, 35, 0, 1
6173, 496399928, 18, 0, 1
5671, 496405599, 30, 0, 1
6138, 496411737, 19, 0, 1
11296, 496423033, 44, 1, 1
6141, 496429174, 23, 0, 1
5658, 496434832, 11, 0, 1
6139, 496440971, 22, 0, 1
11336, 496452307, 42, 0, 1
6166, 496458473, 24, 0, 1
5658, 496464131, 10, 0, 1
6137, 496470268, 27, 0, 1
11307, 496481575, 37, 0, 1
7563, 496489138, 94, 19, 1
5646, 496494784, 20, 0, 1
6138, 496500922, 19, 0, 1
11301, 496512223, 30, 1, 1
6154, 496518377, 23, 0, 1
5652, 496524029, 14, 0, 1
6149, 496530178, 29, 0, 1
11297, 496541475, 29, 0, 1
6142, 496547617, 24, 1, 1
5643, 496553260, 22, 1, 1
6106, 496559366, 26, 0, 1
11316, 496570682, 20, 0, 1
6167, 496576849, 22, 0, 1
5658, 496582507, 16, 0, 1
6137, 496588644, 25, 0, 1
11765, 496600409, 51, 2, 1
6118, 496606527, 32, 1, 1
5657, 496612184, 19, 0, 1
6138, 496618322, 21, 0, 1
11763, 496630085, 46, 0, 1
6114, 496636199, 20, 0, 1
5646, 496641845, 22, 0, 1
6138, 496647983, 18, 0, 1
11297, 496659280, 48, 0, 1
6160, 496665440, 17, 0, 1
5661, 496671101, 30, 0, 1
6152, 496677253, 30, 0, 1
11313, 496688566, 30, 0, 1
6160, 496694726, 17, 0, 1
5658, 496700384, 16, 0, 1
6138, 496706522, 16, 0, 1
11293, 496717815, 46, 0, 1
6148, 496723963, 29, 0, 1
5658, 496729621, 13, 0, 1
6138, 496735759, 16, 0, 1
11308, 496747067, 34, 0, 1
6142, 496753209, 22, 0, 1
5658, 496758867, 18, 0, 1
6126, 496764993, 25, 0, 1
11316, 496776309, 23, 1, 1
6154, 496782463, 21, 0, 1
5657, 496788120, 19, 0, 1
6634, 496794754, 68, 0, 1
12707, 496807461, 60, 0, 1
6686, 496814147, 33, 0, 1
6330, 496820477, 26, 0, 1
6592, 496827069, 35, 0, 1
11773, 496838842, 36, 0, 1
6138, 496844980, 15, 0, 1
6119, 496851099, 31, 0, 1
6116, 496857215, 19, 0, 1
13615, 496870830, 56, 8, 1
6095, 496876925, 26, 0, 1
6068, 496882993, 25, 0, 1
6085, 496889078, 26, 0, 1
12219, 496901297, 32, 0, 1
6116, 496907413, 16, 0, 1
6106, 496913519, 30, 0, 1
6116, 496919635, 19, 0, 1
12217, 496931852, 46, 0, 1
6114, 496937966, 24, 0, 1
6116, 496944082, 17, 0, 1
6116, 496950198, 18, 0, 1
12226, 496962424, 42, 0, 1
6116, 496968540, 17, 0, 1
6116, 496974656, 16, 0, 1
6103, 496980759, 24, 0, 1
11683, 496992442, 33, 0, 1
6124, 496998566, 26, 0, 1
6116, 497004682, 15, 0, 1
6126, 497010808, 32, 0, 1
11761, 497022569, 37, 0, 1
6131, 497028700, 24, 0, 1
5663, 497034363, 29, 0, 1
6131, 497040494, 37, 0, 1
11316, 497051810, 19, 0, 1
6171, 497057981, 23, 0, 1
5658, 497063639, 13, 0, 1
6137, 497069776, 25, 0, 1
11303, 497081079, 26, 0, 1
6160, 497087239, 18, 0, 1
5639, 497092878, 23, 0, 1
6117, 497098995, 30, 0, 1
11310, 497110305, 25, 0, 1
6173, 497116478, 16, 0, 1
5653, 497122131, 29, 0, 1
6125, 497128256, 24, 0, 1
11286, 497139542, 42, 0, 1
6160, 497145702, 14, 0, 1
5657, 497151359, 24, 0, 1
6133, 497157492, 33, 0, 1
11310, 497168802, 36, 0, 1
6160, 497174962, 16, 0, 1
5640, 497180602, 18, 0, 1
6132, 497186734, 20, 0, 1
11304, 497198038, 27, 0, 1
6155, 497204193, 20, 0, 1
5657, 497209850, 24, 0, 1
6132, 497215982, 27, 0, 1
11302, 497227284, 25, 0, 1
6140, 497233424, 28, 0, 1
5654, 497239078, 25, 0, 1
6164, 497245242, 17, 0, 1
12680, 497257922, 55, 0, 1
6160, 497264082, 18, 0, 1
5657, 497269739, 21, 0, 1
6127, 497275866, 30, 0, 1
11311, 497287177, 39, 0, 1
17688, 497304865, 395, 20, 1
5658, 497310523, 23, 0, 1
6132, 497316655, 21, 0, 1
11316, 497327971, 16, 0, 1
6154, 497334125, 28, 0, 1
5649, 497339774, 23, 0, 1
6138, 497345912, 17, 0, 1
11291, 497357203, 38, 0, 1
6142, 497363345, 26, 0, 1
5650, 497368995, 26, 0, 1
6132, 497375127, 28, 0, 1
11292, 497386419, 45, 0, 1
6160, 497392579, 18, 0, 1
5652, 497398231, 22, 0, 1
6139, 497404370, 28, 0, 1
11318, 497415688, 42, 0, 1
6154, 497421842, 19, 1, 1
5657, 497427499, 24, 0, 1
6138, 497433637, 16, 0, 1
11315, 497444952, 27, 0, 1
6173, 497451125, 17, 0, 1
5668, 497456793, 32, 0, 1
6134, 497462927, 35, 0, 1
11303, 497474230, 20, 0, 1
6160, 497480390, 17, 0, 1
5658, 497486048, 12, 0, 1
6144, 497492192, 26, 0, 1
11316, 497503508, 27, 0, 1
6141, 497509649, 22, 0, 1
5652, 497515301, 18, 0, 1
6126, 497521427, 23, 0, 1
11301, 497532728, 34, 0, 1
6173, 497538901, 16, 0, 1
5646, 497544547, 23, 0, 1
6138, 497550685, 17, 0, 1
11282, 497561967, 42, 0, 1
6154, 497568121, 18, 0, 1
5655, 497573776, 25, 0, 1
6132, 497579908, 25, 0, 1
11315, 497591223, 32, 0, 1
6161, 497597384, 23, 0, 1
5652, 497603036, 17, 0, 1
6125, 497609161, 24, 0, 1
11302, 497620463, 38, 0, 1
6118, 497626581, 23, 0, 1
7056, 497633637, 50, 0, 1
6177, 497639814, 17, 0, 1
11769, 497651583, 42, 0, 1
6132, 497657715, 21, 0, 1
5646, 497663361, 19, 0, 1
6132, 497669493, 22, 0, 1
11316, 497680809, 12, 0, 1
6160, 497686969, 26, 0, 1
5658, 497692627, 10, 0, 1
6141, 497698768, 38, 0, 1
11324, 497710092, 30, 0, 1
6160, 497716252, 12, 0, 1
5658, 497721910, 11, 0, 1
6137, 497728047, 19, 0, 1
11316, 497739363, 14, 0, 1
6160, 497745523, 18, 0, 1
5639, 497751162, 25, 0, 1
11771, 497762933, 44, 0, 1
5633, 497768566, 21, 0, 1
6166, 497774732, 27, 0, 1
5652, 497780384, 16, 0, 1
11796, 497792180, 24, 0, 1
5656, 497797836, 16, 0, 1
6141, 497803977, 23, 0, 1
5651, 497809628, 15, 0, 1
11784, 497821412, 28, 0, 1
5658, 497827070, 8, 0, 1
6173, 497833243, 14, 0, 1
5656, 497838899, 24, 0, 1
11753, 497850652, 31, 0, 1
5658, 497856310, 13, 0, 1
6160, 497862470, 18, 0, 1
5652, 497868122, 17, 0, 1
11816, 497879938, 38, 0, 1
5658, 497885596, 9, 0, 1
6117, 497891713, 24, 0, 1
5658, 497897371, 12, 0, 1
11768, 497909139, 38, 0, 1
5658, 497914797, 15, 0, 1
6170, 497920967, 29, 0, 1
5657, 497926624, 16, 0, 1
11786, 497938410, 41, 0, 1
5657, 497944067, 22, 0, 1
6159, 497950226, 19, 0, 1
5655, 497955881, 20, 0, 1
11804, 497967685, 46, 0, 1
5658, 497973343, 12, 0, 1
6150, 497979493, 26, 0, 1
5658, 497985151, 13, 0, 1
11792, 497996943, 38, 0, 1
5658, 498002601, 9, 0, 1
7525, 498010126, 40, 0, 1
5640, 498015766, 15, 0, 1
11747, 498027513, 33, 0, 1
5649, 498033162, 29, 0, 1
6154, 498039316, 21, 0, 1
5645, 498044961, 21, 0, 1
11753, 498056714, 38, 0, 1
5658, 498062372, 15, 0, 1
6173, 498068545, 18, 0, 1
5660, 498074205, 32, 1, 1
11796, 498086001, 20, 0, 1
5646, 498091647, 15, 0, 1
6112, 498097759, 25, 0, 1
5651, 498103410, 22, 0, 1
11792, 498115202, 33, 0, 1
5652, 498120854, 14, 0, 1
6158, 498127012, 27, 0, 1
5658, 498132670, 14, 0, 1
11797, 498144467, 36, 0, 1
5658, 498150125, 13, 0, 1
7061, 498157186, 69, 34, 1
5651, 498162837, 18, 0, 1
11794, 498174631, 25, 0, 1
5639, 498180270, 22, 0, 1
6130, 498186400, 24, 0, 1
5658, 498192058, 11, 0, 1
11783, 498203841, 32, 0, 1
5662, 498209503, 25, 0, 1
6160, 498215663, 16, 0, 1
5658, 498221321, 10, 0, 1
11759, 498233080, 31, 0, 1
5658, 498238738, 11, 0, 1
6161, 498244899, 22, 0, 1
5656, 498250555, 20, 0, 1
11787, 498262342, 33, 0, 1
5658, 498268000, 9, 0, 1
6148, 498274148, 20, 0, 1
5650, 498279798, 26, 0, 1
11795, 498291593, 33, 0, 1
5658, 498297251, 14, 0, 1
6154, 498303405, 28, 0, 1
5652, 498309057, 14, 0, 1
11791, 498320848, 56, 0, 1
5644, 498326492, 22, 0, 1
6159, 498332651, 24, 0, 1
5658, 498338309, 12, 0, 1
11791, 498350100, 32, 0, 1
5658, 498355758, 13, 0, 1
6146, 498361904, 31, 0, 1
5659, 498367563, 26, 0, 1
11778, 498379341, 25, 0, 1
7035, 498386376, 29, 0, 1
6184, 498392560, 28, 0, 1
5658, 498398218, 13, 0, 1
11796, 498410014, 21, 0, 1
5658, 498415672, 14, 0, 1
6148, 498421820, 21, 0, 1
5660, 498427480, 34, 0, 1
11790, 498439270, 41, 0, 1
5658, 498444928, 15, 0, 1
6153, 498451081, 27, 0, 1
5658, 498456739, 11, 0, 1
11746, 498468485, 34, 0, 1
5652, 498474137, 16, 0, 1
6166, 498480303, 29, 0, 1
5653, 498485956, 25, 0, 1
11773, 498497729, 45, 0, 1
5658, 498503387, 12, 0, 1
6135, 498509522, 24, 0, 1
5657, 498515179, 33, 0, 1
11771, 498526950, 31, 0, 1
5658, 498532608, 13, 0, 1
6135, 498538743, 25, 0, 1
5652, 498544395, 13, 0, 1
11796, 498556191, 27, 0, 1
5658, 498561849, 15, 0, 1
6141, 498567990, 26, 0, 1
5658, 498573648, 13, 0, 1
517777, 499091425, 8249, 2492, 9
393281, 499484706, 7189, 1143, 5
6399, 499491105, 62, 0, 1
6707, 499497812, 45, 0, 1
18640, 499516452, 468, 84, 1
6382, 499522834, 41, 0, 1
6755, 499529589, 25, 0, 1
6661, 499536250, 28, 0, 1
14590, 499550840, 131, 7, 1
852928, 852928, 19082, 753, 5
6159631, 7012559, 89327, 10493, 15
16948085, 23960644, 33104, 6847, 2
19192652, 43153296, 20990, 5226, 11
18650849, 61804145, 20458, 5472, 11
19570928, 81375073, 19838, 5435, 11
19478531, 100853604, 18341, 5243, 11
18562365, 119415969, 24146, 7041, 2
19059477, 138475446, 19183, 5166, 11
19600294, 158075740, 19715, 5363, 11
19140686, 177216426, 20880, 5317, 11
19536327, 196752753, 19045, 5303, 11
19622721, 216375474, 18560, 5369, 11
19471835, 235847309, 20376, 5281, 11
18698050, 254545359, 24553, 5144, 11
19290178, 273835537, 18982, 5223, 11
18862901, 292698438, 19174, 5095, 11
19329190, 312027628, 19948, 5174, 11
19637941, 331665569, 19686, 5380, 11
19524459, 351190028, 19482, 5290, 11
19542406, 370732434, 19407, 5269, 11
19661601, 390394035, 19845, 5344, 11
19669450, 410063485, 19116, 5285, 11
19579201, 429642686, 19065, 5324, 11
19559327, 449202013, 19399, 5256, 11
19505087, 468707100, 20243, 5266, 11
17346424, 486053524, 27933, 4249, 11
9949366, 496002890, 17392, 223, 12
411452, 496414342, 2860, 517, 1
11809, 496426151, 35, 0, 1
5658, 496431809, 10, 0, 1
5652, 496437461, 15, 0, 1
11792, 496449253, 39, 3, 1
6131, 496455384, 23, 0, 1
5658, 496461042, 8, 0, 1
5658, 496466700, 11, 0, 1
11806, 496478506, 50, 0, 1
6138, 496484644, 14, 0, 1
5658, 496490302, 12, 0, 1
5658, 496495960, 10, 0, 1
11779, 496507739, 56, 0, 1
6154, 496513893, 21, 0, 1
5658, 496519551, 11, 0, 1
5658, 496525209, 12, 0, 1
11774, 496536983, 52, 0, 1
6126, 496543109, 18, 0, 1
5634, 496548743, 14, 0, 1
5658, 496554401, 7, 0, 1
11825, 496566226, 32, 0, 1
6142, 496572368, 32, 0, 1
5658, 496578026, 14, 1, 1
5658, 496583684, 12, 0, 1
11823, 496595507, 42, 0, 1
6138, 496601645, 19, 0, 1
5651, 496607296, 16, 0, 1
5658, 496612954, 9, 0, 1
11819, 496624773, 28, 0, 1
6126, 496630899, 26, 0, 1
7035, 496637934, 89, 12, 1
5658, 496643592, 17, 0, 1
11784, 496655376, 55, 1, 1
14349, 496669725, 289, 109, 1
5645, 496675370, 29, 0, 1
5656, 496681026, 27, 0, 1
11805, 496692831, 35, 0, 1
6138, 496698969, 15, 0, 1
5622, 496704591, 13, 0, 1
5657, 496710248, 18, 0, 1
11824, 496722072, 37, 0, 1
6138, 496728210, 17, 0, 1
5644, 496733854, 16, 0, 1
5658, 496739512, 16, 0, 1
11818, 496751330, 38, 0, 1
6164, 496757494, 15, 0, 1
6068, 496763562, 24, 0, 1
5646, 496769208, 21, 0, 1
11784, 496780992, 29, 0, 1
6127, 496787119, 28, 0, 1
6107, 496793226, 25, 0, 1
5658, 496798884, 10, 0, 1
11796, 496810680, 38, 0, 1
6138, 496816818, 20, 0, 1
5677, 496822495, 36, 0, 1
5658, 496828153, 13, 0, 1
11805, 496839958, 41, 0, 1
6138, 496846096, 16, 0, 1
5663, 496851759, 23, 0, 1
5652, 496857411, 15, 0, 1
11817, 496869228, 33, 0, 1
6136, 496875364, 29, 0, 1
5658, 496881022, 12, 0, 1
5652, 496886674, 14, 0, 1
11818, 496898492, 28, 0, 1
6139, 496904631, 21, 0, 1
5658, 496910289, 14, 0, 1
5652, 496915941, 13, 0, 1
11796, 496927737, 41, 0, 1
6138, 496933875, 16, 0, 1
5657, 496939532, 17, 0, 1
5652, 496945184, 14, 0, 1
11831, 496957015, 31, 0, 1
6665, 496963680, 69, 0, 1
6333, 496970013, 26, 0, 1
5643, 496975656, 18, 0, 1
13282, 496988938, 41, 0, 1
6599, 496995537, 24, 0, 1
6110, 497001647, 26, 0, 1
5652, 497007299, 18, 0, 1
12254, 497019553, 27, 0, 1
7493, 497027046, 38, 2, 1
6115, 497033161, 28, 0, 1
6103, 497039264, 29, 0, 1
12245, 497051509, 39, 0, 1
6116, 497057625, 19, 0, 1
6116, 497063741, 18, 0, 1
6111, 497069852, 32, 0, 1
12228, 497082080, 41, 0, 1
6116, 497088196, 20, 0, 1
6123, 497094319, 22, 0, 1
6116, 497100435, 19, 0, 1
12236, 497112671, 49, 0, 1
6115, 497118786, 32, 0, 1
6115, 497124901, 27, 0, 1
6116, 497131017, 20, 0, 1
12269, 497143286, 48, 0, 1
6116, 497149402, 19, 0, 1
6116, 497155518, 19, 0, 1
5658, 497161176, 13, 0, 1
12269, 497173445, 45, 0, 1
6116, 497179561, 18, 0, 1
6110, 497185671, 26, 0, 1
5663, 497191334, 23, 0, 1
11809, 497203143, 19, 0, 1
6138, 497209281, 19, 0, 1
5658, 497214939, 14, 0, 1
5662, 497220601, 19, 0, 1
11818, 497232419, 23, 0, 1
6138, 497238557, 23, 0, 1
5646, 497244203, 24, 0, 1
5656, 497249859, 28, 0, 1
11804, 497261663, 38, 0, 1
6114, 497267777, 25, 0, 1
5650, 497273427, 27, 0, 1
5650, 497279077, 26, 0, 1
11824, 497290901, 30, 0, 1
6126, 497297027, 22, 0, 1
5658, 497302685, 14, 0, 1
5658, 497308343, 12, 0, 1
11809, 497320152, 39, 0, 1
6138, 497326290, 18, 0, 1
5658, 497331948, 14, 0, 1
5628, 497337576, 21, 0, 1
11818, 497349394, 36, 0, 1
6144, 497355538, 22, 0, 1
5662, 497361200, 21, 0, 1
5650, 497366850, 28, 0, 1
11810, 497378660, 29, 0, 1
6151, 497384811, 16, 0, 1
5650, 497390461, 22, 0, 1
5658, 497396119, 21, 0, 1
13192, 497409311, 49, 0, 1
6114, 497415425, 23, 0, 1
5651, 497421076, 21, 0, 1
5656, 497426732, 28, 0, 1
11824, 497438556, 39, 0, 1
6142, 497444698, 26, 0, 1
5648, 497450346, 27, 0, 1
5678, 497456024, 31, 0, 1
11805, 497467829, 32, 0, 1
17539, 497485368, 398, 35, 1
5640, 497491008, 36, 0, 1
5662, 497496670, 21, 0, 1
11792, 497508462, 32, 0, 1
6112, 497514574, 24, 0, 1
5646, 497520220, 24, 0, 1
5652, 497525872, 14, 0, 1
11823, 497537695, 39, 0, 1
6124, 497543819, 22, 0, 1
5636, 497549455, 28, 0, 1
5662, 497555117, 24, 0, 1
11822, 497566939, 49, 0, 1
6138, 497573077, 17, 0, 1
5657, 497578734, 18, 0, 1
5639, 497584373, 21, 0, 1
12705, 497597078, 103, 31, 1
6125, 497603203, 26, 0, 1
5640, 497608843, 26, 0, 1
5668, 497614511, 28, 0, 1
11837, 497626348, 40, 0, 1
6154, 497632502, 33, 0, 1
5658, 497638160, 14, 0, 1
5655, 497643815, 25, 0, 1
11817, 497655632, 29, 0, 1
6142, 497661774, 27, 0, 1
5652, 497667426, 13, 0, 1
5615, 497673041, 21, 0, 1
11838, 497684879, 45, 0, 1
6133, 497691012, 29, 0, 1
5657, 497696669, 18, 0, 1
5654, 497702323, 27, 0, 1
11831, 497714154, 47, 0, 1
6151, 497720305, 19, 0, 1
5652, 497725957, 21, 0, 1
5658, 497731615, 13, 0, 1
11824, 497743439, 47, 0, 1
6142, 497749581, 26, 0, 1
5658, 497755239, 14, 0, 1
5661, 497760900, 20, 0, 1
11821, 497772721, 30, 0, 1
6138, 497778859, 17, 0, 1
5645, 497784504, 18, 0, 1
7039, 497791543, 48, 1, 1
11793, 497803336, 38, 0, 1
6126, 497809462, 27, 0, 1
5658, 497815120, 12, 0, 1
5662, 497820782, 24, 0, 1
11829, 497832611, 33, 0, 1
6138, 497838749, 15, 0, 1
5621, 497844370, 18, 0, 1
5658, 497850028, 10, 0, 1
11793, 497861821, 30, 0, 1
6151, 497867972, 18, 0, 1
5658, 497873630, 11, 0, 1
5658, 497879288, 16, 0, 1
11816, 497891104, 39, 0, 1
6138, 497897242, 14, 0, 1
5640, 497902882, 19, 0, 1
5645, 497908527, 25, 0, 1
11845, 497920372, 43, 0, 1
6137, 497926509, 21, 0, 1
5640, 497932149, 19, 0, 1
5664, 497937813, 25, 0, 1
11779, 497949592, 44, 0, 1
6151, 497955743, 18, 0, 1
6101, 497961844, 31, 0, 1
5648, 497967492, 23, 0, 1
11778, 497979270, 27, 0, 1
6125, 497985395, 26, 0, 1
5649, 497991044, 25, 0, 1
5657, 497996701, 26, 0, 1
11816, 498008517, 43, 0, 1
6134, 498014651, 29, 0, 1
5660, 498020311, 33, 0, 1
5658, 498025969, 15, 0, 1
11781, 498037750, 34, 0, 1
6126, 498043876, 22, 0, 1
5656, 498049532, 21, 0, 1
5646, 498055178, 16, 0, 1
11838, 498067016, 36, 0, 1
6120, 498073136, 21, 0, 1
5667, 498078803, 24, 0, 1
5658, 498084461, 15, 0, 1
11799, 498096260, 35, 0, 1
6139, 498102399, 21, 0, 1
5633, 498108032, 22, 0, 1
5645, 498113677, 23, 0, 1
11816, 498125493, 32, 0, 1
6132, 498131625, 20, 0, 1
5658, 498137283, 14, 0, 1
5663, 498142946, 23, 0, 1
11817, 498154763, 36, 0, 1
6126, 498160889, 22, 0, 1
7021, 498167910, 39, 0, 1
5662, 498173572, 27, 0, 1
11818, 498185390, 25, 0, 1
6147, 498191537, 25, 0, 1
5658, 498197195, 15, 0, 1
5657, 498202852, 26, 0, 1
11780, 498214632, 39, 0, 1
6125, 498220757, 26, 0, 1
5658, 498226415, 12, 0, 1
5645, 498232060, 18, 0, 1
11824, 498243884, 29, 0, 1
6130, 498250014, 27, 0, 1
5658, 498255672, 16, 0, 1
5643, 498261315, 20, 0, 1
11820, 498273135, 43, 0, 1
6138, 498279273, 20, 0, 1
5660, 498284933, 29, 0, 1
5622, 498290555, 21, 0, 1
11844, 498302399, 34, 0, 1
6131, 498308530, 22, 0, 1
5658, 498314188, 14, 0, 1
5658, 498319846, 14, 0, 1
11810, 498331656, 34, 0, 1
6139, 498337795, 20, 0, 1
5650, 498343445, 21, 0, 1
5640, 498349085, 15, 0, 1
11818, 498360903, 30, 0, 1
6138, 498367041, 17, 0, 1
5658, 498372699, 14, 0, 1
5658, 498378357, 15, 0, 1
11831, 498390188, 32, 0, 1
6131, 498396319, 22, 0, 1
5658, 498401977, 15, 0, 1
5658, 498407635, 14, 0, 1
11818, 498419453, 25, 0, 1
6151, 498425604, 19, 0, 1
5657, 498431261, 22, 0, 1
11805, 498443066, 39, 0, 1
5650, 498448716, 19, 0, 1
6128, 498454844, 35, 0, 1
5651, 498460495, 16, 0, 1
11831, 498472326, 30, 0, 1
5658, 498477984, 15, 0, 1
6131, 498484115, 34, 0, 1
5658, 498489773, 14, 0, 1
11798, 498501571, 46, 0, 1
5658, 498507229, 14, 0, 1
6134, 498513363, 34, 0, 1
5656, 498519019, 24, 0, 1
11818, 498530837, 36, 0, 1
5658, 498536495, 15, 0, 1
7496, 498543991, 46, 0, 1
5658, 498549649, 14, 0, 1
11809, 498561458, 39, 0, 1
5645, 498567103, 22, 0, 1
6144, 498573247, 24, 0, 1
5640, 498578887, 18, 0, 1
11794, 498590681, 32, 0, 1
5639, 498596320, 24, 0, 1
6138, 498602458, 17, 0, 1
5657, 498608115, 22, 0, 1
11813, 498619928, 29, 0, 1
5643, 498625571, 21, 0, 1
6125, 498631696, 25, 0, 1
5650, 498637346, 21, 0, 1
11820, 498649166, 48, 0, 1
5678, 498654844, 33, 0, 1
6164, 498661008, 21, 0, 1
5646, 498666654, 23, 0, 1
11818, 498678472, 29, 0, 1
5658, 498684130, 14, 0, 1
6138, 498690268, 19, 0, 1
5631, 498695899, 23, 0, 1
11805, 498707704, 43, 0, 1
5658, 498713362, 14, 0, 1
6125, 498719487, 28, 0, 1
5658, 498725145, 15, 0, 1
11825, 498736970, 36, 0, 1
5650, 498742620, 22, 0, 1
6119, 498748739, 25, 0, 1
5658, 498754397, 14, 0, 1
11830, 498766227, 38, 0, 1
5646, 498771873, 20, 0, 1
6114, 498777987, 24, 0, 1
5640, 498783627, 19, 0, 1
11812, 498795439, 28, 0, 1
903601, 499699040, 15823, 3659, 9
6736, 499705776, 82, 0, 1
6656, 499712432, 35, 0, 1
18727, 499731159, 391, 72, 1
6720, 499737879, 44, 0, 1
6387, 499744266, 19, 0, 1
8280, 499752546, 125, 9, 1
13252, 499765798, 61, 0, 1
6602, 499772400, 21, 0, 1
3900038, 3900038, 75624, 2669, 14
11698116, 15598154, 57046, 12550, 20
19610193, 35208347, 16902, 5317, 11
18632569, 53840916, 23576, 5506, 11
19482187, 73323103, 17359, 5285, 11
19394292, 92717395, 18145, 5255, 11
19363807, 112081202, 18055, 5199, 11
18263025, 130344227, 24256, 7144, 2
19473386, 149817613, 18245, 5229, 11
19249236, 169066849, 18262, 5232, 11
19490373, 188557222, 18247, 5250, 11
19426588, 207983810, 21264, 5566, 11
19409485, 227393295, 19008, 5271, 11
19391229, 246784524, 18524, 5285, 11
18879567, 265664091, 23224, 5134, 11
18788961, 284453052, 20074, 5118, 11
19605063, 304058115, 18381, 5206, 11
18877767, 322935882, 18826, 5141, 11
19702879, 342638761, 19097, 5332, 11
19542249, 362181010, 18728, 5370, 11
19669857, 381850867, 18587, 5259, 11
19555523, 401406390, 18360, 5261, 11
19685729, 421092119, 18393, 5324, 11
19543090, 440635209, 19231, 5251, 11
19521669, 460156878, 19022, 5327, 11
19608629, 479765507, 18802, 5265, 11
12813877, 492579384, 29508, 1369, 19
3807503, 496386887, 8633, 452, 6
5658, 496392545, 22, 0, 1
6132, 496398677, 25, 0, 1
5658, 496404335, 11, 0, 1
11784, 496416119, 32, 0, 1
5658, 496421777, 7, 0, 1
6144, 496427921, 30, 0, 1
5649, 496433570, 19, 0, 1
11795, 496445365, 52, 0, 1
5657, 496451022, 18, 0, 1
6160, 496457182, 14, 0, 1
5644, 496462826, 25, 0, 1
11795, 496474621, 31, 0, 1
5658, 496480279, 17, 0, 1
7538, 496487817, 109, 14, 1
5657, 496493474, 20, 0, 1
11796, 496505270, 24, 0, 1
5652, 496510922, 11, 0, 1
6142, 496517064, 25, 0, 1
5658, 496522722, 11, 0, 1
11772, 496534494, 53, 0, 1
5658, 496540152, 8, 0, 1
6159, 496546311, 24, 0, 1
5632, 496551943, 20, 0, 1
11784, 496563727, 36, 0, 1
5658, 496569385, 10, 0, 1
6142, 496575527, 23, 0, 1
5673, 496581200, 28, 0, 1
11771, 496592971, 37, 1, 1
5650, 496598621, 23, 0, 1
6134, 496604755, 25, 0, 1
5641, 496610396, 29, 0, 1
11777, 496622173, 52, 1, 1
5658, 496627831, 10, 0, 1
6173, 496634004, 16, 0, 1
5658, 496639662, 13, 0, 1
11787, 496651449, 34, 0, 1
5658, 496657107, 16, 0, 1
6134, 496663241, 28, 0, 1
5658, 496668899, 11, 0, 1
12691, 496681590, 103, 31, 1
5658, 496687248, 16, 0, 1
6123, 496693371, 25, 0, 1
5658, 496699029, 28, 0, 1
12254, 496711283, 38, 0, 1
5652, 496716935, 18, 0, 1
6164, 496723099, 15, 0, 1
5646, 496728745, 17, 0, 1
12254, 496740999, 28, 0, 1
5658, 496746657, 11, 0, 1
6125, 496752782, 26, 0, 1
5658, 496758440, 11, 0, 1
11795, 496770235, 38, 0, 1
5646, 496775881, 19, 0, 1
6167, 496782048, 17, 0, 1
5658, 496787706, 10, 0, 1
11769, 496799475, 46, 0, 1
5658, 496805133, 10, 0, 1
6160, 496811293, 18, 0, 1
5657, 496816950, 22, 0, 1
11797, 496828747, 30, 0, 1
5654, 496834401, 21, 0, 1
6160, 496840561, 17, 0, 1
5658, 496846219, 12, 1, 1
11770, 496857989, 37, 0, 1
7035, 496865024, 38, 11, 1
6170, 496871194, 29, 0, 1
5658, 496876852, 12, 0, 1
11790, 496888642, 33, 0, 1
5658, 496894300, 11, 0, 1
6160, 496900460, 15, 0, 1
5663, 496906123, 16, 0, 1
13234, 496919357, 105, 2, 1
6374, 496925731, 33, 0, 1
6618, 496932349, 23, 0, 1
6372, 496938721, 27, 0, 1
13185, 496951906, 44, 0, 1
5667, 496957573, 33, 0, 1
6151, 496963724, 19, 0, 1
6084, 496969808, 24, 0, 1
12211, 496982019, 37, 0, 1
6116, 496988135, 16, 0, 1
6116, 496994251, 16, 0, 1
6106, 497000357, 33, 0, 1
12244, 497012601, 33, 0, 1
6113, 497018714, 28, 0, 1
6108, 497024822, 28, 0, 1
6103, 497030925, 24, 0, 1
12208, 497043133, 41, 0, 1
6116, 497049249, 17, 0, 1
6113, 497055362, 32, 0, 1
6129, 497061491, 17, 0, 1
11770, 497073261, 31, 0, 1
6120, 497079381, 28, 0, 1
6113, 497085494, 34, 0, 1
6113, 497091607, 35, 0, 1
12226, 497103833, 44, 0, 1
6106, 497109939, 27, 0, 1
6112, 497116051, 31, 0, 1
6099, 497122150, 32, 0, 1
12226, 497134376, 41, 0, 1
5658, 497140034, 9, 0, 1
6138, 497146172, 18, 0, 1
5646, 497151818, 22, 0, 1
11797, 497163615, 24, 0, 1
5658, 497169273, 9, 0, 1
6122, 497175395, 24, 0, 1
5646, 497181041, 15, 0, 1
11744, 497192785, 38, 0, 1
5652, 497198437, 16, 0, 1
6147, 497204584, 25, 0, 1
5652, 497210236, 17, 0, 1
11769, 497222005, 47, 0, 1
5658, 497227663, 10, 0, 1
6134, 497233797, 27, 0, 1
5657, 497239454, 31, 0, 1
13159, 497252613, 49, 0, 1
5658, 497258271, 18, 0, 1
6165, 497264436, 29, 0, 1
5658, 497270094, 13, 0, 1
11796, 497281890, 24, 0, 1
5658, 497287548, 11, 0, 1
6153, 497293701, 27, 0, 1
5646, 497299347, 14, 0, 1
11803, 497311150, 35, 0, 1
5652, 497316802, 14, 0, 1
6159, 497322961, 19, 0, 1
5663, 497328624, 27, 0, 1
11748, 497340372, 32, 0, 1
17041, 497357413, 389, 18, 1
6125, 497363538, 45, 0, 1
5655, 497369193, 22, 0, 1
11770, 497380963, 38, 0, 1
5662, 497386625, 20, 0, 1
6139, 497392764, 29, 0, 1
5658, 497398422, 12, 0, 1
11809, 497410231, 28, 0, 1
5658, 497415889, 11, 0, 1
6130, 497422019, 26, 0, 1
5656, 497427675, 25, 0, 1
11780, 497439455, 43, 0, 1
5658, 497445113, 13, 0, 1
6173, 497451286, 18, 0, 1
5657, 497456943, 30, 0, 1
11789, 497468732, 32, 0, 1
5646, 497474378, 22, 0, 1
6158, 497480536, 27, 0, 1
5658, 497486194, 13, 0, 1
11772, 497497966, 35, 0, 1
5645, 497503611, 27, 0, 1
6186, 497509797, 26, 0, 1
5652, 497515449, 16, 0, 1
11748, 497527197, 34, 0, 1
5652, 497532849, 17, 0, 1
6160, 497539009, 20, 0, 1
5657, 497544666, 13, 0, 1
11785, 497556451, 37, 0, 1
5658, 497562109, 11, 0, 1
6159, 497568268, 21, 0, 1
5658, 497573926, 14, 0, 1
11778, 497585704, 27, 0, 1
5658, 497591362, 12, 0, 1
6172, 497597534, 21, 0, 1
5657, 497603191, 20, 0, 1
11803, 497614994, 19, 0, 1
5658, 497620652, 11, 0, 1
6135, 497626787, 28, 0, 1
13168, 497639955, 53, 0, 1
5645, 497645600, 17, 0, 1
5652, 497651252, 18, 0, 1
6141, 497657393, 24, 0, 1
11784, 497669177, 34, 0, 1
5656, 497674833, 21, 0, 1
5646, 497680479, 20, 0, 1
6173, 497686652, 18, 0, 1
11778, 497698430, 31, 0, 1
5646, 497704076, 14, 0, 1
5658, 497709734, 17, 0, 1
6142, 497715876, 24, 0, 1
11788, 497727664, 43, 0, 1
5658, 497733322, 13, 0, 1
5646, 497738968, 17, 0, 1
6161, 497745129, 21, 0, 1
11784, 497756913, 33, 0, 1
5640, 497762553, 23, 0, 1
5658, 497768211, 13, 0, 1
6141, 497774352, 22, 0, 1
11789, 497786141, 40, 0, 1
5658, 497791799, 15, 0, 1
5658, 497797457, 16, 0, 1
6160, 497803617, 27, 0, 1
11780, 497815397, 42, 0, 1
5658, 497821055, 12, 0, 1
5658, 497826713, 12, 0, 1
6173, 497832886, 20, 0, 1
11796, 497844682, 29, 0, 1
5658, 497850340, 13, 0, 1
5658, 497855998, 15, 0, 1
6130, 497862128, 24, 0, 1
11817, 497873945, 39, 0, 1
5646, 497879591, 18, 0, 1
5646, 497885237, 21, 0, 1
6154, 497891391, 22, 0, 1
11770, 497903161, 38, 0, 1
5651, 497908812, 24, 0, 1
5658, 497914470, 14, 0, 1
6167, 497920637, 28, 0, 1
11782, 497932419, 32, 0, 1
5649, 497938068, 18, 0, 1
5640, 497943708, 19, 0, 1
6148, 497949856, 19, 0, 1
11782, 497961638, 34, 0, 1
5658, 497967296, 17, 0, 1
5658, 497972954, 11, 0, 1
6165, 497979119, 30, 0, 1
11778, 497990897, 31, 0, 1
5658, 497996555, 9, 0, 1
5658, 498002213, 11, 0, 1
7529, 498009742, 36, 0, 1
20422, 498030164, 292, 144, 1
5658, 498035822, 28, 0, 1
5658, 498041480, 12, 0, 1
6160, 498047640, 22, 0, 1
11794, 498059434, 47, 0, 1
5652, 498065086, 13, 0, 1
5651, 498070737, 14, 0, 1
6166, 498076903, 21, 0, 1
11783, 498088686, 41, 0, 1
5657, 498094343, 18, 0, 1
5658, 498100001, 11, 0, 1
6136, 498106137, 24, 0, 1
11809, 498117946, 25, 0, 1
5658, 498123604, 13, 0, 1
5652, 498129256, 15, 0, 1
6154, 498135410, 20, 0, 1
11772, 498147182, 30, 0, 1
5658, 498152840, 16, 0, 1
5658, 498158498, 11, 0, 1
6167, 498164665, 18, 0, 1
11783, 498176448, 34, 0, 1
5652, 498182100, 13, 0, 1
5652, 498187752, 24, 0, 1
6165, 498193917, 24, 0, 1
11778, 498205695, 30, 0, 1
5658, 498211353, 11, 0, 1
5657, 498217010, 16, 0, 1
6125, 498223135, 23, 0, 1
11795, 498234930, 42, 0, 1
5652, 498240582, 12, 0, 1
5657, 498246239, 19, 0, 1
6160, 498252399, 19, 0, 1
11809, 498264208, 29, 0, 1
5652, 498269860, 13, 0, 1
5658, 498275518, 12, 0, 1
6160, 498281678, 18, 0, 1
11784, 498293462, 35, 0, 1
5646, 498299108, 21, 0, 1
5652, 498304760, 20, 0, 1
6159, 498310919, 23, 0, 1
11790, 498322709, 27, 0, 1
5646, 498328355, 16, 0, 1
5646, 498334001, 17, 0, 1
6160, 498340161, 25, 0, 1
11804, 498351965, 29, 0, 1
5658, 498357623, 9, 0, 1
5658, 498363281, 10, 0, 1
6160, 498369441, 15, 0, 1
11771, 498381212, 36, 0, 1
5652, 498386864, 12, 0, 1
7029, 498393893, 31, 0, 1
6178, 498400071, 22, 0, 1
11783, 498411854, 41, 0, 1
5658, 498417512, 12, 0, 1
5657, 498423169, 17, 0, 1
6152, 498429321, 27, 0, 1
11796, 498441117, 27, 0, 1
5658, 498446775, 13, 0, 1
5658, 498452433, 11, 0, 1
6173, 498458606, 19, 0, 1
11794, 498470400, 32, 0, 1
5658, 498476058, 12, 0, 1
5658, 498481716, 12, 0, 1
6159, 498487875, 15, 0, 1
11801, 498499676, 42, 0, 1
5652, 498505328, 10, 0, 1
5658, 498510986, 14, 0, 1
6160, 498517146, 16, 0, 1
11784, 498528930, 32, 0, 1
5658, 498534588, 19, 0, 1
5658, 498540246, 9, 0, 1
6172, 498546418, 20, 0, 1
11796, 498558214, 22, 0, 1
5658, 498563872, 11, 0, 1
5658, 498569530, 18, 0, 1
6160, 498575690, 16, 0, 1
11796, 498587486, 33, 0, 1
5640, 498593126, 14, 0, 1
5652, 498598778, 15, 0, 1
6159, 498604937, 18, 0, 1
11766, 498616703, 31, 0, 1
5646, 498622349, 16, 0, 1
5658, 498628007, 15, 0, 1
6173, 498634180, 25, 0, 1
11789, 498645969, 29, 0, 1
5652, 498651621, 13, 0, 1
5657, 498657278, 20, 0, 1
6142, 498663420, 23, 0, 1
11788, 498675208, 32, 0, 1
5657, 498680865, 21, 0, 1
5658, 498686523, 12, 0, 1
6173, 498692696, 18, 0, 1
11783, 498704479, 35, 0, 1
8997, 498713476, 175, 25, 1
115674, 498829150, 4200, 1743, 1
775721, 499604871, 11331, 1957, 5
13428, 499618299, 84, 0, 1
6660, 499624959, 39, 0, 1
12067, 499637026, 378, 71, 1
6665, 499643691, 38, 0, 1
14837, 499658528, 107, 7, 1
8251, 499666779, 142, 13, 1
6333, 499673112, 22, 0, 1
