3290693 3290693 64419 3729
9178582 12469275 65342 11981
19229331 31698606 20119 5242
6720878 38419484 8645 1740
19082291 57501775 21614 5052
19504799 77006574 18426 5288
18370467 95377041 25037 6980
19318197 114695238 19063 5212
19056480 133751718 18506 5171
19576158 153327876 18772 5362
19538367 172866243 21443 5385
19479159 192345402 19303 5300
19438590 211783992 19448 5249
19401078 231185070 19058 5304
18847137 250032207 20570 5120
18654911 268687118 24329 5046
19063090 287750208 19258 5160
19554065 307304273 19283 5165
19576194 326880467 19602 5360
19709777 346590244 19093 5377
19528007 366118251 18756 5298
19722756 385841007 18319 5269
19531717 405372724 19349 5274
19603604 424976328 19227 5164
19618234 444594562 19047 5320
19632366 464226928 18840 5188
19568078 483795006 19590 5324
11686432 495481438 28685 844
2898754 498380192 6846 601
5661 498385853 43 0
11809 498397662 46 0
6137 498403799 32 0
5640 498409439 14 0
5676 498415115 34 2
11825 498426940 30 0
6124 498433064 34 0
5658 498438722 10 0
5658 498444380 11 0
11799 498456179 36 0
6138 498462317 14 0
5657 498467974 24 0
5658 498473632 7 0
11819 498485451 35 0
6138 498491589 14 0
5626 498497215 19 0
5658 498502873 9 0
11800 498514673 32 1
6150 498520823 21 0
5668 498526491 33 0
5658 498532149 13 0
11812 498543961 30 1
6138 498550099 15 0
5649 498555748 23 0
7029 498562777 100 12
11830 498574607 43 0
6138 498580745 17 0
5658 498586403 10 0
5652 498592055 15 0
11788 498603843 55 0
6132 498609975 22 0
5644 498615619 22 0
5656 498621275 20 0
11812 498633087 33 0
6138 498639225 15 0
5646 498644871 22 1
5667 498650538 28 0
20881 498671419 365 37
6102 498677521 25 0
5658 498683179 13 0
5657 498688836 18 0
11802 498700638 54 0
6138 498706776 17 0
5656 498712432 27 0
5652 498718084 16 0
11824 498729908 35 2
6120 498736028 20 0
5633 498741661 19 0
5641 498747302 25 0
11803 498759105 44 0
6151 498765256 15 0
5658 498770914 12 0
5658 498776572 8 0
11812 498788384 43 0
6138 498794522 17 0
5661 498800183 23 0
5658 498805841 11 0
11830 498817671 29 1
6131 498823802 32 0
5658 498829460 12 2
5658 498835118 8 0
11817 498846935 35 0
7039 498853974 93 40
5654 498859628 32 0
5657 498865285 14 0
11829 498877114 41 0
6112 498883226 30 0
5658 498888884 15 0
5658 498894542 9 0
11783 498906325 46 0
6138 498912463 15 0
6116 498918579 17 0
5646 498924225 19 0
12986 498937211 88 0
6664 498943875 21 0
8011 498951886 45 11
6310 498958196 14 0
11779 498969975 36 0
6132 498976107 20 0
6116 498982223 19 0
6104 498988327 31 0
12237 499000564 56 0
6123 499006687 16 0
6113 499012800 27 0
6084 499018884 29 0
12211 499031095 45 0
6104 499037199 19 0
6110 499043309 30 0
6115 499049424 30 0
12211 499061635 43 0
6110 499067745 18 0
6097 499073842 26 0
6103 499079945 24 0
12219 499092164 41 0
6125 499098289 30 0
6116 499104405 19 0
6102 499110507 28 0
11705 499122212 43 0
6138 499128350 15 0
6116 499134466 16 0
5632 499140098 23 0
11783 499151881 32 0
6138 499158019 15 0
5651 499163670 15 0
5652 499169322 12 0
11813 499181135 48 0
6138 499187273 13 0
5645 499192918 17 0
5638 499198556 21 0
11813 499210369 32 0
6138 499216507 16 0
5637 499222144 24 0
5658 499227802 6 0
11820 499239622 45 0
6144 499245766 22 0
5651 499251417 19 0
5658 499257075 8 0
11773 499268848 44 0
6138 499274986 15 0
5642 499280628 22 0
5656 499286284 26 0
11842 499298126 42 0
6138 499304264 14 0
5652 499309916 11 0
5658 499315574 20 0
11811 499327385 26 0
7533 499334918 45 0
5658 499340576 9 0
5658 499346234 10 0
11803 499358037 40 0
6138 499364175 16 0
5638 499369813 19 0
5658 499375471 7 0
11836 499387307 48 0
6114 499393421 25 0
5658 499399079 11 0
5658 499404737 11 0
11805 499416542 33 0
6138 499422680 13 0
5640 499428320 16 0
5658 499433978 7 0
11831 499445809 31 0
6113 499451922 20 0
5644 499457566 23 0
5658 499463224 10 0
11791 499475015 43 0
6114 499481129 25 0
5649 499486778 20 0
5658 499492436 14 0
11799 499504235 37 0
6132 499510367 19 0
5652 499516019 16 0
5654 499521673 22 0
11831 499533504 20 0
6138 499539642 17 0
5658 499545300 13 0
5661 499550961 25 0
11806 499562767 28 0
6151 499568918 15 0
5638 499574556 19 0
5658 499580214 14 0
11809 499592023 42 0
6130 499598153 23 0
5658 499603811 11 0
5658 499609469 10 0
11788 499621257 36 0
6138 499627395 15 0
5625 499633020 21 0
5652 499638672 11 0
11802 499650474 31 0
6153 499656627 33 0
5646 499662273 22 0
5673 499667946 19 0
11817 499679763 46 0
6138 499685901 14 0
5658 499691559 10 0
5657 499697216 14 0
13192 499710408 62 0
6164 499716572 18 0
5660 499722232 31 0
5658 499727890 16 0
11809 499739699 36 0
6153 499745852 36 0
5640 499751492 15 0
5651 499757143 13 0
11794 499768937 45 0
6120 499775057 22 0
5615 499780672 19 0
5653 499786325 29 0
11818 499798143 31 0
6148 499804291 36 0
5658 499809949 13 1
5661 499815610 25 0
11774 499827384 34 0
6138 499833522 16 0
5638 499839160 27 0
5652 499844812 12 0
11792 499856604 35 0
6138 499862742 15 0
5656 499868398 20 0
5667 499874065 28 0
11806 499885871 34 0
6138 499892009 17 0
5652 499897661 15 0
5662 499903323 26 0
11816 499915139 39 0
6138 499921277 17 0
5638 499926915 17 0
5658 499932573 6 0
11804 499944377 29 0
6151 499950528 15 0
5642 499956170 23 0
5658 499961828 22 0
11817 499973645 39 0
6138 499979783 15 0
5657 499985440 15 0
5658 499991098 10 0
11827 500002925 38 0
6138 500009063 16 0
5658 500014721 23 0
5658 500020379 10 0
11764 500032143 31 0
6139 500038282 21 0
5646 500043928 17 0
5652 500049580 11 0
11799 500061379 36 0
6138 500067517 16 0
5642 500073159 22 0
5653 500078812 28 0
13219 500092031 45 0
6138 500098169 16 0
5658 500103827 6 0
5658 500109485 14 0
11788 500121273 42 0
6118 500127391 24 0
5658 500133049 13 0
5658 500138707 10 0
11819 500150526 21 0
6138 500156664 15 0
5650 500162314 21 0
5658 500167972 15 0
11812 500179784 22 0
6151 500185935 15 0
5658 500191593 9 0
5664 500197257 20 0
11811 500209068 24 0
6119 500215187 21 0
5658 500220845 10 0
5658 500226503 9 0
11830 500238333 22 0
6138 500244471 15 0
5644 500250115 15 0
11813 500261928 44 0
5621 500267549 21 0
6138 500273687 35 0
5658 500279345 12 0
11791 500291136 33 0
5640 500296776 13 0
6126 500302902 18 0
5648 500308550 27 0
11824 500320374 28 0
5652 500326026 11 0
6138 500332164 17 0
5656 500337820 21 0
11794 500349614 26 0
5657 500355271 20 0
6108 500361379 19 0
5632 500367011 20 0
11822 500378833 35 0
5643 500384476 23 0
6136 500390612 30 0
5638 500396250 20 0
11800 500408050 32 0
5658 500413708 10 0
6126 500419834 22 0
5658 500425492 12 0
11812 500437304 26 0
5658 500442962 11 0
6138 500449100 19 0
5658 500454758 13 0
13215 500467973 42 0
5641 500473614 25 0
6138 500479752 33 0
5658 500485410 19 0
11818 500497228 31 0
5658 500502886 9 0
6151 500509037 14 0
5644 500514681 20 0
11800 500526481 35 0
5639 500532120 16 0
6138 500538258 16 0
5636 500543894 21 0
11802 500555696 38 0
5652 500561348 9 0
6138 500567486 14 0
5644 500573130 17 0
11787 500584917 44 0
5651 500590568 28 0
6138 500596706 17 0
5638 500602344 18 0
11825 500614169 43 0
5649 500619818 19 0
6138 500625956 18 0
5657 500631613 23 0
11818 500643431 33 0
5667 500649098 24 0
6151 500655249 17 0
5632 500660881 22 0
11780 500672661 39 0
5657 500678318 21 0
6138 500684456 13 0
5645 500690101 18 0
39739 500729840 2477 936
885975 501615815 13397 2800
6702 501622517 59 0
6707 501629224 33 2
18358 501647582 437 70
6651 501654233 39 0
6720 501660953 24 0
6675 501667628 19 0
1338034 1338034 29788 931
5905646 7243680 85357 11234
18352455 25596135 27686 6427
18947025 44543160 20145 5114
19457838 64000998 18141 5176
19318838 83319836 20981 5785
19403150 102722986 19404 5307
19497636 122220622 18770 5183
18680425 140901047 24282 7172
19382188 160283235 19075 5285
19201841 179485076 19479 5138
19182264 198667340 21473 5398
19545522 218212862 19366 5317
19468006 237680868 19087 5354
18837517 256518385 24905 5113
19339475 275857860 19738 5312
18963808 294821668 19680 5058
19173479 313995147 19890 5127
19354921 333350068 20520 5245
19570148 352920216 19949 5340
19452894 372373110 19440 5178
19676317 392049427 19440 5317
19500932 411550359 20550 5248
19539863 431090222 19415 5237
19538517 450628739 19565 5232
19539686 470168425 19462 5315
17165220 487333645 28738 3872
8917473 496251118 19123 812
6135 496257253 330 18
5658 496262911 22 0
11811 496274722 61 1
5658 496280380 12 0
6148 496286528 28 0
5652 496292180 13 0
11800 496303980 31 0
5644 496309624 20 0
6138 496315762 19 0
5646 496321408 15 0
11811 496333219 48 0
5644 496338863 19 0
6124 496344987 35 0
5643 496350630 26 0
11784 496362414 48 0
5655 496368069 30 0
6129 496374198 32 0
5658 496379856 13 0
11810 496391666 46 0
5641 496397307 26 0
7515 496404822 92 20
5644 496410466 24 0
11804 496422270 49 1
5658 496427928 13 0
6151 496434079 17 0
5645 496439724 19 0
11804 496451528 37 0
5645 496457173 20 0
6117 496463290 30 0
5658 496468948 16 1
11793 496480741 40 1
5658 496486399 12 0
6138 496492537 22 0
5633 496498170 25 1
11812 496509982 33 0
5650 496515632 27 0
15232 496530864 366 34
5639 496536503 42 1
11805 496548308 37 0
5652 496553960 12 0
6124 496560084 27 0
5658 496565742 13 1
11802 496577544 49 0
5658 496583202 10 0
6114 496589316 27 0
6085 496595401 26 0
11792 496607193 44 1
5654 496612847 20 0
6114 496618961 24 0
6127 496625088 34 0
11790 496636878 29 0
5658 496642536 14 0
6138 496648674 15 0
5644 496654318 24 0
11832 496666150 47 0
5658 496671808 12 0
6150 496677958 32 0
5658 496683616 14 0
11806 496695422 33 0
5652 496701074 26 0
6138 496707212 17 0
5639 496712851 20 0
11819 496724670 30 0
5652 496730322 16 0
6114 496736436 23 0
5658 496742094 15 0
11816 496753910 30 0
5658 496759568 20 0
6151 496765719 18 0
5658 496771377 13 1
11818 496783195 29 0
7035 496790230 47 10
6138 496796368 17 0
5652 496802020 14 0
12357 496814377 74 0
6312 496820689 30 0
6664 496827353 23 1
6602 496833955 19 0
12448 496846403 31 0
6089 496852492 29 0
6090 496858582 26 0
6123 496864705 25 0
12212 496876917 42 0
6116 496883033 20 1
6078 496889111 27 0
6090 496895201 27 0
12228 496907429 41 0
6130 496913559 19 0
6100 496919659 32 0
6116 496925775 17 0
12232 496938007 30 0
6115 496944122 26 0
6112 496950234 34 0
6116 496956350 18 0
12244 496968594 33 0
6109 496974703 21 0
6084 496980787 24 0
6116 496986903 17 0
11796 496998699 35 0
6108 497004807 23 0
6116 497010923 20 0
6136 497017059 32 0
11787 497028846 44 0
5648 497034494 28 0
6136 497040630 29 0
5643 497046273 24 0
11830 497058103 28 0
5658 497063761 14 0
6131 497069892 32 0
5658 497075550 14 0
11834 497087384 48 0
5651 497093035 18 0
6126 497099161 22 0
5645 497104806 16 0
11813 497116619 37 0
5645 497122264 16 0
6124 497128388 23 1
5646 497134034 17 0
11782 497145816 34 0
5663 497151479 25 0
6125 497157604 30 0
5627 497163231 23 0
13176 497176407 44 0
5658 497182065 11 0
6130 497188195 26 0
5645 497193840 16 0
11824 497205664 32 0
5649 497211313 23 0
6124 497217437 32 0
11304 497228741 29 0
6160 497234901 17 0
5658 497240559 16 0
6115 497246674 27 0
11302 497257976 46 0
6151 497264127 28 0
5658 497269785 13 0
6114 497275899 26 0
11312 497287211 43 0
6190 497293401 30 0
5631 497299032 26 0
6131 497305163 24 0
11308 497316471 25 0
6160 497322631 19 0
5658 497328289 13 0
6126 497334415 21 0
11304 497345719 45 0
6173 497351892 16 0
5658 497357550 13 0
6120 497363670 23 0
11286 497374956 47 0
6155 497381111 32 0
5660 497386771 31 0
6113 497392884 29 0
11299 497404183 40 0
6160 497410343 20 0
5628 497415971 20 0
6107 497422078 26 0
11287 497433365 35 0
6173 497439538 18 0
5636 497445174 27 0
6121 497451295 23 0
11288 497462583 33 0
6128 497468711 25 0
5651 497474362 23 0
6130 497480492 30 0
11313 497491805 45 0
6160 497497965 13 0
5658 497503623 12 0
6138 497509761 16 0
11310 497521071 30 0
6173 497527244 16 0
5650 497532894 24 0
6138 497539032 16 0
12686 497551718 57 0
6160 497557878 18 0
5651 497563529 29 0
6124 497569653 23 0
11300 497580953 33 0
6173 497587126 15 0
5658 497592784 9 0
6137 497598921 24 0
11311 497610232 28 0
6147 497616379 21 0
5646 497622025 24 0
6139 497628164 23 0
11306 497639470 33 0
6136 497645606 19 0
5651 497651257 16 0
6114 497657371 19 0
11303 497668674 26 0
6174 497674848 25 0
5639 497680487 18 0
6138 497686625 18 0
11310 497697935 36 0
6160 497704095 16 0
5659 497709754 22 0
6137 497715891 26 0
11277 497727168 41 0
6148 497733316 22 0
5634 497738950 18 0
6126 497745076 18 0
11295 497756371 33 0
6160 497762531 34 1
5658 497768189 13 0
6120 497774309 25 0
11304 497785613 21 0
6141 497791754 20 0
5626 497797380 23 0
6134 497803514 33 0
11330 497814844 36 0
6154 497820998 27 0
5662 497826660 21 0
6138 497832798 20 0
11315 497844113 33 0
6149 497850262 34 0
5658 497855920 12 0
6137 497862057 35 0
11307 497873364 30 0
6148 497879512 24 0
5650 497885162 23 0
6108 497891270 22 0
11302 497902572 35 0
6152 497908724 25 0
5658 497914382 15 0
6132 497920514 24 0
12707 497933221 63 0
6160 497939381 19 0
5637 497945018 23 0
6151 497951169 18 0
11296 497962465 42 0
6160 497968625 19 0
5650 497974275 23 0
6138 497980413 16 0
11314 497991727 27 0
6166 497997893 23 0
5655 498003548 33 0
6138 498009686 16 0
11310 498020996 45 0
6160 498027156 19 0
5567 498032723 15 0
6131 498038854 24 0
11314 498050168 27 0
6179 498056347 24 0
5661 498062008 27 0
6106 498068114 25 0
11312 498079426 37 0
6158 498085584 24 0
5651 498091235 14 0
6151 498097386 14 0
11285 498108671 35 0
6135 498114806 26 0
5645 498120451 15 0
6113 498126564 28 0
11317 498137881 32 0
6173 498144054 18 0
5632 498149686 24 0
6113 498155799 28 0
11316 498167115 36 0
6147 498173262 21 0
5640 498178902 12 0
6127 498185029 23 0
11302 498196331 25 0
6160 498202491 18 0
5666 498208157 30 0
6137 498214294 27 0
11300 498225594 36 0
6167 498231761 19 0
5640 498237401 14 0
6090 498243491 24 0
11303 498254794 35 0
6160 498260954 16 0
5640 498266594 12 0
6138 498272732 16 0
11291 498284023 26 0
6159 498290182 20 0
5640 498295822 14 0
7508 498303330 36 0
11262 498314592 35 0
6160 498320752 16 0
5646 498326398 12 0
6140 498332538 20 0
11316 498343854 40 0
6160 498350014 13 0
5649 498355663 18 0
6138 498361801 19 0
11299 498373100 32 0
6173 498379273 15 0
5671 498384944 35 0
6138 498391082 17 0
11290 498402372 40 0
6160 498408532 14 0
5658 498414190 14 0
6146 498420336 29 0
11313 498431649 32 0
6134 498437783 30 0
5651 498443434 18 0
6119 498449553 25 0
11313 498460866 29 0
6173 498467039 19 0
5642 498472681 27 0
6130 498478811 30 0
11323 498490134 41 0
6140 498496274 29 0
5651 498501925 20 0
6126 498508051 20 0
11291 498519342 33 0
6173 498525515 19 0
5645 498531160 24 0
6123 498537283 29 0
11302 498548585 34 0
6160 498554745 17 0
5658 498560403 14 0
6127 498566530 23 0
11316 498577846 20 0
6160 498584006 16 0
8997 498593003 180 22
866881 499459884 14497 3875
15352 499475236 802 11
6434 499481670 27 0
6689 499488359 42 0
11949 499500308 370 93
13318 499513626 58 0
6706 499520332 23 0
8256 499528588 148 22
6615 499535203 25 0
4910446 4910446 94026 4182
14479580 19390026 43213 12285
19596536 38986562 17902 5388
18517669 57504231 22854 5359
19336690 76840921 19026 5297
19481471 96322392 18384 5303
18545244 114867636 24145 7027
18904917 133772553 18778 5163
19596147 153368700 19075 5314
19157064 172525764 20931 5232
19477201 192002965 18712 5217
19477863 211480828 18960 5309
19481562 230962390 20449 5315
19371902 250334292 19139 5205
18681110 269015402 24009 5082
18745553 287760955 18432 4985
19475420 307236375 19208 5121
19434770 326671145 18851 5273
19695662 346366807 18792 5355
19448143 365814950 18821 5048
19643028 385457978 19292 5234
19507905 404965883 18617 5138
19692590 424658473 18927 5000
19628071 444286544 18808 5118
19559274 463845818 19555 5069
19552660 483398478 19656 5306
10688405 494086883 27368 322
2308316 496395199 6012 564
11794 496406993 52 1
5656 496412649 27 0
5658 496418307 7 0
6143 496424450 30 0
11783 496436233 30 0
5658 496441891 14 0
5644 496447535 19 0
6141 496453676 19 0
11773 496465449 42 0
5650 496471099 19 0
5646 496476745 18 0
6160 496482905 18 0
11789 496494694 30 0
5654 496500348 26 0
5652 496506000 12 0
7549 496513549 104 19
11782 496525331 32 0
5658 496530989 12 1
5658 496536647 10 0
6146 496542793 25 0
11788 496554581 36 1
5658 496560239 9 0
5658 496565897 16 0
6141 496572038 27 0
11775 496583813 39 0
5658 496589471 10 0
5658 496595129 9 0
6129 496601258 19 0
11803 496613061 29 0
5660 496618721 20 0
5646 496624367 16 0
6160 496630527 14 0
11776 496642303 32 0
5658 496647961 10 1
5658 496653619 12 0
15236 496668855 337 35
11771 496680626 53 0
5646 496686272 23 0
5666 496691938 34 0
6158 496698096 29 0
11809 496709905 26 0
5638 496715543 18 0
5658 496721201 8 0
6164 496727365 24 0
11754 496739119 31 0
5658 496744777 19 0
5658 496750435 9 0
6178 496756613 26 0
11785 496768398 35 0
5663 496774061 20 0
5657 496779718 19 0
6157 496785875 27 0
11821 496797696 42 0
5658 496803354 10 0
5658 496809012 15 0
6170 496815182 23 0
11796 496826978 25 0
5644 496832622 22 0
5640 496838262 12 0
6160 496844422 24 0
11797 496856219 34 1
5652 496861871 9 0
5658 496867529 12 0
6160 496873689 16 0
11762 496885451 34 0
5652 496891103 16 1
7035 496898138 32 7
6167 496904305 20 0
11789 496916094 33 0
5658 496921752 12 0
5658 496927410 9 0
6129 496933539 20 0
12316 496945855 74 0
6608 496952463 38 0
6341 496958804 25 0
6624 496965428 26 0
12435 496977863 44 0
6096 496983959 28 0
5661 496989620 28 0
6151 496995771 17 0
12206 497007977 41 0
6112 497014089 32 0
6112 497020201 28 0
6092 497026293 20 0
12223 497038516 41 0
5628 497044144 18 0
6151 497050295 15 0
6119 497056414 30 0
12222 497068636 57 0
6104 497074740 23 0
6127 497080867 37 0
6116 497086983 18 0
12245 497099228 31 0
6107 497105335 33 0
5646 497110981 18 0
6138 497117119 18 0
12198 497129317 50 0
6096 497135413 25 0
5658 497141071 10 0
6128 497147199 21 0
11778 497158977 34 0
5639 497164616 21 0
5658 497170274 9 0
6149 497176423 27 0
11806 497188229 36 0
5633 497193862 15 0
5658 497199520 8 0
6134 497205654 26 0
11774 497217428 38 0
5658 497223086 9 0
5652 497228738 14 0
6173 497234911 17 0
11757 497246668 39 0
5621 497252289 20 0
5639 497257928 22 0
6112 497264040 23 0
11796 497275836 24 0
7015 497282851 38 0
5652 497288503 24 0
6156 497294659 21 0
11790 497306449 26 0
5637 497312086 20 0
5658 497317744 9 0
6160 497323904 19 0
11795 497335699 33 0
5626 497341325 21 0
5651 497346976 17 0
6153 497353129 23 0
11795 497364924 43 0
5658 497370582 11 0
5640 497376222 20 0
6152 497382374 28 0
11790 497394164 24 0
5627 497399791 22 0
5669 497405460 23 0
6143 497411603 25 0
11795 497423398 31 0
5658 497429056 9 0
5658 497434714 7 0
6154 497440868 23 0
11761 497452629 36 0
5639 497458268 14 0
5651 497463919 20 0
6154 497470073 25 0
11786 497481859 36 0
5620 497487479 19 0
5658 497493137 8 0
6149 497499286 29 0
11759 497511045 29 0
5644 497516689 23 0
5649 497522338 21 0
6155 497528493 25 0
11776 497540269 39 0
5632 497545901 19 0
5675 497551576 23 0
6160 497557736 16 0
11801 497569537 32 0
5657 497575194 14 0
5640 497580834 13 0
6136 497586970 21 0
11763 497598733 40 0
5658 497604391 11 1
5658 497610049 9 0
6158 497616207 24 0
11767 497627974 53 0
5658 497633632 13 0
5658 497639290 11 0
6160 497645450 17 0
13181 497658631 63 1
5630 497664261 22 0
5652 497669913 13 0
6153 497676066 22 0
11784 497687850 35 0
5644 497693494 16 0
5652 497699146 13 0
6173 497705319 15 0
11803 497717122 25 0
5662 497722784 16 0
5651 497728435 16 0
6160 497734595 16 0
11796 497746391 25 0
5656 497752047 22 0
5658 497757705 8 0
6142 497763847 29 0
11766 497775613 31 0
5658 497781271 11 0
5640 497786911 14 0
11803 497798714 41 0
6151 497804865 18 0
5639 497810504 17 0
5643 497816147 21 0
11824 497827971 53 0
6131 497834102 24 0
5646 497839748 18 0
5658 497845406 8 0
11819 497857225 31 0
6138 497863363 18 0
5638 497869001 20 0
5658 497874659 8 0
11806 497886465 30 0
6164 497892629 18 0
5658 497898287 12 0
5651 497903938 16 0
11812 497915750 18 0
6138 497921888 15 0
5658 497927546 12 0
5658 497933204 11 0
11819 497945023 27 0
6138 497951161 17 0
5658 497956819 14 0
5657 497962476 12 0
11810 497974286 35 0
6138 497980424 17 0
5656 497986080 17 0
5658 497991738 16 0
11794 498003532 31 0
6138 498009670 18 0
5641 498015311 15 0
5652 498020963 12 0
13176 498034139 44 0
6151 498040290 16 0
5652 498045942 16 0
5658 498051600 12 0
11803 498063403 41 0
6138 498069541 30 0
5652 498075193 15 0
5656 498080849 15 0
11825 498092674 31 0
6137 498098811 17 0
5658 498104469 9 0
5658 498110127 10 0
11806 498121933 36 0
6144 498128077 24 0
5652 498133729 15 0
5657 498139386 17 0
11798 498151184 32 0
6138 498157322 15 0
5658 498162980 13 0
5658 498168638 10 0
11816 498180454 28 0
6138 498186592 25 0
5658 498192250 13 0
5658 498197908 9 0
11813 498209721 34 0
6136 498215857 24 0
5667 498221524 21 0
5652 498227176 15 0
11819 498238995 38 0
6126 498245121 18 0
5658 498250779 10 0
5658 498256437 9 0
11793 498268230 31 0
6135 498274365 17 0
6138 498280503 16 0
5658 498286161 13 0
11782 498297943 40 0
6138 498304081 17 0
5658 498309739 11 0
5658 498315397 14 0
11818 498327215 37 1
6120 498333335 18 0
5658 498338993 14 0
5651 498344644 16 0
11799 498356443 41 0
6114 498362557 23 0
5658 498368215 12 0
5658 498373873 9 0
11787 498385660 29 0
6132 498391792 18 0
5640 498397432 17 0
5658 498403090 15 0
13179 498416269 50 0
6136 498422405 20 0
5658 498428063 11 0
5658 498433721 14 0
11804 498445525 27 0
6126 498451651 21 0
5658 498457309 13 0
5651 498462960 14 0
11810 498474770 38 0
6131 498480901 26 0
5658 498486559 11 0
5651 498492210 19 0
11805 498504015 30 0
6151 498510166 18 0
5646 498515812 15 0
5658 498521470 13 0
11818 498533288 27 0
6132 498539420 21 0
5644 498545064 17 0
5652 498550716 15 0
11829 498562545 31 0
6138 498568683 17 0
5658 498574341 15 0
5658 498579999 12 0
11793 498591792 31 0
6139 498597931 27 0
5652 498603583 16 0
5645 498609228 17 0
12034 498621262 46 1
6138 498627400 15 0
5652 498633052 17 0
5652 498638704 14 0
11843 498650547 39 0
6131 498656678 26 0
5658 498662336 16 0
5657 498667993 19 0
11812 498679805 30 0
6138 498685943 14 0
5635 498691578 17 0
8997 498700575 177 12
890676 499591251 15332 3652
6733 499597984 75 0
6438 499604422 24 1
6674 499611096 38 0
18514 499629610 424 57
6718 499636328 40 0
6677 499643005 27 0
7988 499650993 135 20
4420470 4420470 86325 3952
13778519 18198989 47971 12806
19297985 37496974 17177 5292
18944525 56441499 21506 5082
19461763 75903262 18106 5282
19496510 95399772 18208 5246
19333566 114733338 18299 5254
19555208 134288546 19151 5287
19473492 153762038 18832 5279
19665300 173427338 18317 5148
19494497 192921835 18692 5289
19496386 212418221 19529 5309
19544912 231963133 19002 5306
19472231 251435364 18874 5246
18865946 270301310 23499 5119
19553533 289854843 19232 5235
19517847 309372690 18666 5201
19587810 328960500 18550 5318
19645800 348606300 19215 5303
19447138 368053438 19610 5153
19656897 387710335 18543 5270
19575815 407286150 18377 5282
19655584 426941734 18199 5007
19581843 446523577 18673 5218
19587836 466111413 18078 5139
17848418 483959831 29734 4828
10365257 494325088 15968 241
1137199 495462287 4721 1011
5646 495467933 35 1
5658 495473591 19 1
6166 495479757 32 0
11777 495491534 36 0
5658 495497192 12 0
5658 495502850 10 0
6147 495508997 24 0
11797 495520794 33 0
5621 495526415 19 0
5642 495532057 23 0
6160 495538217 14 0
11766 495549983 33 0
5640 495555623 22 0
5626 495561249 23 0
6180 495567429 19 0
11784 495579213 42 0
5658 495584871 11 0
5652 495590523 14 0
6142 495596665 25 0
13172 495609837 125 18
5658 495615495 10 0
5658 495621153 12 0
6160 495627313 16 0
11784 495639097 51 0
5658 495644755 12 0
5658 495650413 11 0
6153 495656566 26 0
11758 495668324 46 0
5658 495673982 16 1
5658 495679640 15 0
6158 495685798 24 0
11788 495697586 45 0
5639 495703225 25 0
5658 495708883 17 0
15387 495724270 376 102
11759 495736029 62 0
5658 495741687 15 1
5658 495747345 11 0
6142 495753487 26 0
11802 495765289 27 0
5644 495770933 23 0
5652 495776585 15 0
6160 495782745 17 0
11795 495794540 29 0
6106 495800646 35 0
5658 495806304 19 0
6151 495812455 19 2
11771 495824226 31 0
6108 495830334 27 2
5655 495835989 24 0
6140 495842129 32 0
11809 495853938 22 0
5646 495859584 17 0
5658 495865242 11 0
11811 495877053 36 2
6138 495883191 17 0
5639 495888830 20 0
5658 495894488 12 1
11822 495906310 47 1
6119 495912429 29 0
5658 495918087 13 0
5660 495923747 25 0
11812 495935559 33 2
6138 495941697 22 1
5658 495947355 13 0
5652 495953007 18 0
11832 495964839 32 0
6125 495970964 21 0
5658 495976622 13 0
5658 495982280 10 0
13174 495995454 70 10
6678 496002132 64 0
6333 496008465 26 6
5643 496014108 19 0
12982 496027090 63 1
6601 496033691 23 0
6116 496039807 18 0
5658 496045465 13 0
12253 496057718 46 0
6117 496063835 17 0
6116 496069951 33 0
6115 496076066 23 0
12232 496088298 30 0
6128 496094426 26 0
6116 496100542 18 0
6117 496106659 34 0
12230 496118889 42 0
6105 496124994 31 1
6112 496131106 30 0
6116 496137222 16 0
12233 496149455 33 0
5658 496155113 13 0
6120 496161233 21 0
6116 496167349 19 0
11747 496179096 37 0
6096 496185192 28 0
6123 496191315 24 0
5651 496196966 22 0
11759 496208725 34 0
6125 496214850 25 0
5658 496220508 13 0
5650 496226158 18 0
11806 496237964 32 0
6151 496244115 16 0
5650 496249765 23 0
5658 496255423 11 0
11817 496267240 31 0
6138 496273378 14 0
5645 496279023 22 0
5658 496284681 11 0
11799 496296480 49 0
6138 496302618 14 0
5574 496308192 12 0
5652 496313844 13 0
11817 496325661 31 0
6164 496331825 18 0
5658 496337483 13 0
5655 496343138 22 0
11822 496354960 50 0
6118 496361078 25 0
5658 496366736 12 0
7010 496373746 39 0
11831 496385577 37 0
6119 496391696 22 0
5658 496397354 10 0
5652 496403006 13 0
11792 496414798 33 0
6138 496420936 17 0
5645 496426581 23 0
5658 496432239 14 0
11831 496444070 26 0
6142 496450212 27 0
5622 496455834 22 0
5658 496461492 11 0
11811 496473303 40 1
14350 496487653 277 91
5638 496493291 29 0
5658 496498949 9 0
11808 496510757 42 0
6138 496516895 18 0
5646 496522541 20 0
5658 496528199 12 0
11808 496540007 36 0
6138 496546145 15 0
5658 496551803 12 0
5657 496557460 21 0
11827 496569287 41 0
6151 496575438 16 0
5645 496581083 21 0
5658 496586741 10 0
11805 496598546 41 0
6138 496604684 15 0
5621 496610305 21 0
5658 496615963 14 0
11825 496627788 33 0
6138 496633926 19 0
5616 496639542 21 0
5663 496645205 26 0
11812 496657017 26 0
6138 496663155 17 0
5626 496668781 22 0
5646 496674427 16 0
11817 496686244 37 0
6138 496692382 17 0
5647 496698029 18 0
5645 496703674 15 0
11803 496715477 41 0
6164 496721641 19 0
5625 496727266 20 0
5652 496732918 11 0
11796 496744714 36 1
6138 496750852 17 0
7027 496757879 36 0
5658 496763537 9 0
11811 496775348 38 0
6138 496781486 14 0
5658 496787144 10 0
5657 496792801 19 0
11818 496804619 22 0
6151 496810770 24 0
5658 496816428 10 0
5658 496822086 10 0
11814 496833900 45 0
6138 496840038 15 0
5658 496845696 10 0
5652 496851348 16 0
11787 496863135 51 1
6138 496869273 14 0
5642 496874915 24 0
5658 496880573 10 0
11804 496892377 33 0
6131 496898508 23 0
5622 496904130 23 0
5669 496909799 30 0
11818 496921617 35 0
6138 496927755 15 0
5658 496933413 14 0
5621 496939034 19 0
11765 496950799 50 0
6132 496956931 29 0
6110 496963041 16 0
5640 496968681 21 0
11775 496980456 46 0
6138 496986594 16 0
5625 496992219 20 0
5658 496997877 10 0
11816 497009693 47 0
6125 497015818 23 0
5634 497021452 15 0
5658 497027110 11 0
11827 497038937 49 0
6120 497045057 24 0
5642 497050699 22 0
5641 497056340 15 0
11818 497068158 25 0
6137 497074295 25 0
5649 497079944 28 0
5643 497085587 24 0
11808 497097395 41 0
6138 497103533 18 0
5643 497109176 25 0
5658 497114834 15 0
11812 497126646 41 0
7509 497134155 33 0
5645 497139800 17 0
5658 497145458 13 0
11833 497157291 47 0
6114 497163405 19 0
5621 497169026 20 0
5658 497174684 10 0
11803 497186487 39 0
6108 497192595 27 0
5652 497198247 11 0
5652 497203899 15 0
11795 497215694 42 0
6137 497221831 21 0
5655 497227486 31 0
5652 497233138 28 0
11825 497244963 29 0
6138 497251101 15 0
5650 497256751 23 0
5651 497262402 20 0
11812 497274214 30 0
6151 497280365 17 0
5656 497286021 20 0
5662 497291683 32 0
11805 497303488 34 0
6138 497309626 17 0
5627 497315253 21 0
5663 497320916 23 0
11829 497332745 37 0
6138 497338883 16 0
5633 497344516 20 0
5658 497350174 14 0
11787 497361961 47 0
6138 497368099 18 0
5649 497373748 23 0
5646 497379394 18 0
12695 497392089 111 42
6138 497398227 17 0
5645 497403872 29 0
5658 497409530 12 0
11818 497421348 34 0
6151 497427499 15 0
5640 497433139 21 0
5654 497438793 25 0
11789 497450582 40 0
6113 497456695 28 0
5646 497462341 25 0
5658 497467999 14 0
11832 497479831 56 0
6119 497485950 24 0
5652 497491602 19 0
5657 497497259 17 0
13188 497510447 65 0
6145 497516592 19 0
5658 497522250 17 0
5658 497527908 13 0
11797 497539705 47 0
6133 497545838 21 0
5645 497551483 22 0
5654 497557137 30 0
11815 497568952 29 0
6114 497575066 23 0
5658 497580724 11 0
5646 497586370 18 0
11806 497598176 31 0
6138 497604314 19 0
5648 497609962 30 0
5656 497615618 29 0
11817 497627435 40 0
6138 497633573 19 0
5649 497639222 24 0
5663 497644885 23 0
11812 497656697 30 0
6136 497662833 29 0
5631 497668464 21 0
5658 497674122 12 0
11786 497685908 39 0
6138 497692046 18 0
5648 497697694 25 0
5658 497703352 11 0
11798 497715150 46 0
6106 497721256 27 0
5640 497726896 19 0
5658 497732554 13 0
11792 497744346 46 0
6127 497750473 18 0
8997 497759470 205 29
902516 498661986 14533 3919
13441 498675427 676 13
6656 498682083 40 0
14375 498696458 414 112
6689 498703147 33 0
13120 498716267 51 1
8297 498724564 160 47
6602 498731166 26 0
3049584 3049584 56936 3448
9209603 12259187 71617 13004
19157729 31416916 18557 5239
19088699 50505615 20027 5121
19242253 69747868 20372 5753
19523608 89271476 18579 5293
19460891 108732367 18187 5265
18586713 127319080 24087 7249
18956439 146275519 18858 5174
19695297 165970816 19558 5157
19144524 185115340 20390 5438
19510710 204626050 18789 5303
19575123 224201173 18756 5277
19328294 243529467 20472 5245
18711614 262241081 23986 5066
19166439 281407520 18963 5240
18878797 300286317 18774 4978
19372798 319659115 19754 5288
19592331 339251446 19615 5291
19493389 358744835 19575 5306
19540804 378285639 18920 5190
19564530 397850169 19625 5337
19582263 417432432 18819 5227
19569647 437002079 19024 5065
19482590 456484669 19487 5080
19568206 476052875 20250 5282
15138987 491191862 31023 2290
5219469 496411331 10555 544
6131 496417462 386 16
11769 496429231 65 1
5658 496434889 12 0
5669 496440558 24 0
6170 496446728 27 0
11781 496458509 32 0
5658 496464167 9 0
5658 496469825 10 0
6146 496475971 29 0
11764 496487735 37 0
5643 496493378 21 0
5615 496498993 20 0
6154 496505147 24 0
11794 496516941 31 0
5660 496522601 27 0
5668 496528269 31 0
6160 496534429 18 0
13182 496547611 115 29
5655 496553266 33 0
5652 496558918 15 0
6118 496565036 25 0
11796 496576832 20 0
5646 496582478 23 0
5658 496588136 9 0
6164 496594300 27 4
11796 496606096 22 0
5631 496611727 24 0
5666 496617393 27 0
6155 496623548 30 0
11817 496635365 33 0
5644 496641009 24 0
5658 496646667 9 0
11810 496658477 38 0
6113 496664590 22 0
5658 496670248 12 0
5645 496675893 24 0
20895 496696788 377 46
6138 496702926 19 0
5644 496708570 29 0
5658 496714228 13 0
11770 496725998 44 0
6138 496732136 16 0
5658 496737794 12 0
5651 496743445 14 0
11789 496755234 33 2
6138 496761372 18 0
5621 496766993 21 0
5648 496772641 21 0
11818 496784459 22 0
6137 496790596 23 0
5652 496796248 18 0
5658 496801906 8 0
11816 496813722 52 0
6138 496819860 17 0
5644 496825504 20 0
5657 496831161 26 0
11817 496842978 35 0
6138 496849116 13 0
5646 496854762 17 0
5658 496860420 11 0
11794 496872214 37 0
6147 496878361 28 0
5660 496884021 24 0
5656 496889677 31 0
11818 496901495 25 2
6138 496907633 13 0
5658 496913291 11 1
5658 496918949 12 0
13190 496932139 59 4
6132 496938271 18 0
6116 496944387 17 0
5658 496950045 12 0
12481 496962526 70 0
7150 496969676 68 10
6649 496976325 25 0
6320 496982645 28 0
12259 496994904 27 0
6132 497001036 17 0
6116 497007152 17 0
6116 497013268 15 0
12222 497025490 36 0
6111 497031601 18 0
6104 497037705 23 0
6116 497043821 14 0
12232 497056053 38 0
6097 497062150 21 0
5658 497067808 12 0
6151 497073959 17 0
11784 497085743 31 0
6102 497091845 23 0
6093 497097938 19 0
5628 497103566 16 0
12259 497115825 28 0
6129 497121954 15 0
6115 497128069 19 0
6098 497134167 19 0
12206 497146373 38 0
6110 497152483 22 0
6110 497158593 19 0
5658 497164251 18 0
11790 497176041 30 0
6138 497182179 18 0
5622 497187801 19 0
5652 497193453 13 0
11788 497205241 34 0
6138 497211379 17 0
5658 497217037 10 0
5658 497222695 11 0
11824 497234519 32 0
6138 497240657 18 0
5647 497246304 14 0
5658 497251962 9 0
11818 497263780 22 0
6151 497269931 18 0
5658 497275589 12 0
5658 497281247 11 0
11811 497293058 36 0
6138 497299196 13 0
5640 497304836 17 0
5658 497310494 12 0
13208 497323702 38 0
6102 497329804 23 0
5658 497335462 12 0
5658 497341120 10 0
11818 497352938 20 0
6151 497359089 15 0
5658 497364747 9 0
5658 497370405 7 0
11815 497382220 31 0
6132 497388352 19 0
5651 497394003 21 0
5658 497399661 7 0
11844 497411505 20 0
6138 497417643 15 0
5628 497423271 17 0
5652 497428923 12 0
11817 497440740 40 0
6138 497446878 15 0
5652 497452530 13 0
5658 497458188 10 0
11824 497470012 26 0
6125 497476137 20 0
5652 497481789 12 0
5658 497487447 14 0
11818 497499265 25 0
6145 497505410 20 0
5657 497511067 16 0
5657 497516724 18 0
11811 497528535 29 0
6138 497534673 18 0
5658 497540331 14 0
5658 497545989 14 0
11824 497557813 32 0
6131 497563944 27 0
5652 497569596 10 0
5658 497575254 13 0
11818 497587072 36 0
7045 497594117 98 41
5652 497599769 15 0
5658 497605427 13 0
11812 497617239 23 1
6138 497623377 14 0
5658 497629035 12 0
5658 497634693 11 0
11831 497646524 25 0
6138 497652662 13 0
5658 497658320 12 0
5658 497663978 11 0
11810 497675788 35 0
6137 497681925 18 0
5652 497687577 12 0
7035 497694612 27 0
11810 497706422 39 0
6137 497712559 16 0
5646 497718205 15 0
5658 497723863 13 0
11818 497735681 23 0
6151 497741832 18 0
5658 497747490 11 0
5658 497753148 11 0
11777 497764925 41 0
6145 497771070 18 0
5634 497776704 16 0
5658 497782362 13 0
11837 497794199 34 0
6144 497800343 19 0
5652 497805995 11 0
5652 497811647 15 0
11779 497823426 39 0
6138 497829564 26 0
5658 497835222 12 0
5658 497840880 12 0
11818 497852698 23 0
6138 497858836 17 0
5658 497864494 11 0
5658 497870152 10 0
11831 497881983 21 0
6138 497888121 15 0
5658 497893779 14 0
5658 497899437 10 0
11781 497911218 37 0
6132 497917350 15 0
6127 497923477 29 0
5657 497929134 18 0
11777 497940911 30 1
6126 497947037 19 0
5658 497952695 13 0
5658 497958353 12 0
11791 497970144 33 0
6145 497976289 18 0
5658 497981947 14 0
5658 497987605 11 0
11824 497999429 25 0
6138 498005567 15 0
5658 498011225 14 0
5652 498016877 16 0
11830 498028707 33 0
6138 498034845 16 0
5645 498040490 17 0
5658 498046148 10 0
11794 498057942 32 0
6144 498064086 17 0
7023 498071109 29 0
5657 498076766 17 0
11809 498088575 31 0
6126 498094701 19 0
5640 498100341 13 0
5663 498106004 20 0
11814 498117818 30 0
6126 498123944 23 0
5652 498129596 15 0
5658 498135254 12 0
11792 498147046 37 0
6138 498153184 17 0
5658 498158842 16 0
5658 498164500 14 0
11843 498176343 25 0
6138 498182481 15 0
5640 498188121 17 0
5658 498193779 10 0
11818 498205597 28 0
6151 498211748 18 0
5658 498217406 12 0
5658 498223064 10 0
11818 498234882 34 0
6138 498241020 23 0
5658 498246678 14 0
5657 498252335 18 0
11825 498264160 40 0
6132 498270292 17 0
5652 498275944 16 0
5657 498281601 18 0
11812 498293413 26 0
6121 498299534 24 0
5658 498305192 14 0
5658 498310850 13 0
11806 498322656 22 0
6138 498328794 17 0
5658 498334452 12 0
5652 498340104 13 0
11807 498351911 34 0
6138 498358049 17 0
5652 498363701 14 0
5658 498369359 8 0
11818 498381177 23 0
6138 498387315 16 0
5644 498392959 18 0
5658 498398617 17 0
11805 498410422 30 0
6138 498416560 14 0
5651 498422211 21 0
5658 498427869 14 0
11824 498439693 28 0
7528 498447221 30 0
5658 498452879 11 0
5658 498458537 11 0
11816 498470353 30 0
6132 498476485 19 0
5652 498482137 14 0
5658 498487795 12 0
11829 498499624 30 0
6145 498505769 17 0
5658 498511427 9 0
5658 498517085 10 0
11818 498528903 21 0
6158 498535061 21 0
6096 498541157 29 0
5658 498546815 13 0
11770 498558585 37 0
6132 498564717 16 0
5658 498570375 12 0
5658 498576033 12 0
11807 498587840 25 0
6095 498593935 22 0
5645 498599580 18 0
5658 498605238 12 0
11812 498617050 23 0
6138 498623188 13 0
5658 498628846 12 0
5658 498634504 10 0
11831 498646335 23 0
6132 498652467 22 0
5658 498658125 14 0
5657 498663782 17 0
11818 498675600 20 0
6127 498681727 21 0
5652 498687379 11 0
11818 498699197 26 0
5658 498704855 12 0
6148 498711003 20 0
5639 498716642 19 0
15169 498731811 216 8
856946 499588757 15165 3559
6727 499595484 63 0
6434 499601918 25 0
12947 499614865 87 1
11681 499626546 370 83
6688 499633234 38 0
7006 499640240 29 0
14946 499655186 138 15
