23, 1, 2233151, 446630.000
20, 2233152, 9010785, 1355526.600
17, 9010786, 25290485, 1627969.900
26, 25290486, 32691339, 1480170.600
5, 32691340, 37842256, 1030183.200
21, 37842257, 48006636, 2032875.800
3, 48006637, 213240640, 2542061.585
1, 213240641, 225523597, 2456591.200
3, 225523598, 237797679, 2454816.200
1, 237797680, 706217212, 2230569.200
9, 706217213, 716609565, 2078470.400
1, 716609566, 758013109, 2070177.150
9, 758013110, 1286075890, 1992689.736
21, 1286075891, 1293008091, 1386440.000
8, 1293008092, 1568601756, 1224860.729
5, 1568601757, 1571977694, 675187.400
7, 1571977695, 1603521205, 450621.571
5, 1603521206, 1643074569, 719152.055
25, 1643074570, 1655828496, 1275392.600
6, 1655828497, 1655999455, 8547.900
