1420514 1420514 32526 181
6904426 8324940 92502 4625
19289795 27614735 19960 2913
6263356 33878091 6468 835
12915350 46793441 16026 2161
19605952 66399393 18231 2094
19743535 86142928 17892 2239
19602604 105745532 18255 2976
18276998 124022530 25610 3661
19526831 143549361 18522 3706
19547719 163097080 18683 1806
19609443 182706523 20950 2068
19584416 202290939 19319 1520
19638418 221929357 19079 3570
19541060 241470417 19978 1791
18816665 260287082 23218 2856
18870152 279157234 19157 2731
19508517 298665751 18930 2407
19590754 318256505 18840 2880
19765544 338022049 20159 2901
19693007 357715056 18792 3439
19637264 377352320 18638 2611
19797172 397149492 18559 2756
19686176 416835668 19164 3121
19617959 436453627 19352 2373
19707464 456161091 18822 3591
19630759 475791850 18656 4303
17217376 493009226 31974 2264
6391604 499400830 11579 100
6119 499406949 346 5
6123 499413072 46 0
11310 499424382 31 0
6133 499430515 30 0
5635 499436150 28 0
6138 499442288 22 0
11288 499453576 35 0
6173 499459749 21 0
5658 499465407 15 0
6138 499471545 19 0
11316 499482861 25 0
6160 499489021 19 0
5663 499494684 25 0
6138 499500822 18 0
11296 499512118 41 0
6155 499518273 22 0
7029 499525302 105 0
6120 499531422 21 0
11274 499542696 39 0
6160 499548856 19 0
5641 499554497 27 0
6158 499560655 21 0
11273 499571928 24 0
6122 499578050 28 0
5628 499583678 22 0
6108 499589786 24 0
11291 499601077 32 0
6173 499607250 16 0
5652 499612902 19 0
6123 499619025 37 0
11288 499630313 44 0
6160 499636473 20 0
5646 499642119 13 0
6146 499648265 31 0
11272 499659537 32 0
6160 499665697 14 0
5652 499671349 15 0
6114 499677463 22 0
11316 499688779 28 0
6160 499694939 26 0
5661 499700600 25 0
6140 499706740 37 0
11290 499718030 29 0
6141 499724171 26 0
5658 499729829 14 0
6141 499735970 35 0
11276 499747246 33 0
6177 499753423 27 0
5646 499759069 24 0
6138 499765207 18 0
11280 499776487 31 0
6148 499782635 21 0
5634 499788269 26 0
6151 499794420 15 0
11316 499805736 32 0
6145 499811881 28 0
5658 499817539 16 0
6120 499823659 22 0
11312 499834971 41 0
6155 499841126 22 0
5658 499846784 14 0
6132 499852916 22 0
11309 499864225 28 1
6152 499870377 20 0
5646 499876023 17 0
6120 499882143 27 0
11306 499893449 37 0
7537 499900986 30 0
5658 499906644 19 0
6120 499912764 21 0
11315 499924079 28 0
6713 499930792 68 0
6325 499937117 34 0
6658 499943775 26 0
11982 499955757 29 0
6609 499962366 33 0
6116 499968482 17 0
6116 499974598 19 0
11802 499986400 39 0
6138 499992538 16 0
6107 499998645 34 0
6086 500004731 26 0
12220 500016951 40 0
6116 500023067 16 0
6128 500029195 22 0
6116 500035311 17 0
12212 500047523 40 0
6116 500053639 16 0
6098 500059737 21 0
6101 500065838 26 0
12233 500078071 36 0
6088 500084159 27 0
5644 500089803 20 0
6138 500095941 19 0
11737 500107678 34 0
6132 500113810 20 0
5652 500119462 19 0
6133 500125595 20 0
11285 500136880 38 0
6140 500143020 24 0
5655 500148675 34 0
6138 500154813 20 0
11295 500166108 47 0
6173 500172281 17 0
5631 500177912 26 0
6138 500184050 19 0
11292 500195342 26 0
6160 500201502 14 0
5640 500207142 15 0
6108 500213250 23 0
11310 500224560 24 0
6151 500230711 28 0
5646 500236357 18 0
6120 500242477 23 0
11754 500254231 51 0
6138 500260369 15 0
5646 500266015 15 0
6143 500272158 22 0
12667 500284825 40 0
6153 500290978 24 0
5649 500296627 24 0
6146 500302773 34 0
11315 500314088 45 0
6186 500320274 17 0
5650 500325924 20 0
6108 500332032 29 0
11271 500343303 42 0
6160 500349463 12 0
5645 500355108 16 0
6145 500361253 19 0
11283 500372536 36 0
6160 500378696 13 0
5634 500384330 18 0
6134 500390464 34 0
11261 500401725 35 0
6173 500407898 16 0
5666 500413564 32 0
6102 500419666 26 0
11294 500430960 42 0
6153 500437113 24 0
5667 500442780 28 0
6119 500448899 27 0
11301 500460200 33 0
6154 500466354 22 0
5645 500471999 29 0
6138 500478137 17 0
11306 500489443 33 0
6142 500495585 21 0
5640 500501225 10 0
17662 500518887 422 6
11273 500530160 42 0
6160 500536320 15 0
5658 500541978 15 0
6141 500548119 29 0
11274 500559393 19 0
6141 500565534 21 0
5658 500571192 10 0
6119 500577311 23 0
11303 500588614 36 0
6160 500594774 19 0
5658 500600432 12 0
6145 500606577 19 0
11289 500617866 27 0
6147 500624013 27 0
5658 500629671 13 0
6125 500635796 21 0
11278 500647074 44 0
6148 500653222 26 0
5646 500658868 15 0
7477 500666345 37 0
11278 500677623 36 0
6160 500683783 19 0
5658 500689441 13 0
6138 500695579 15 0
11297 500706876 24 0
6150 500713026 22 0
5637 500718663 21 0
6125 500724788 20 0
11297 500736085 41 0
6148 500742233 21 0
5658 500747891 9 0
6161 500754052 29 0
11300 500765352 43 0
6148 500771500 22 0
5651 500777151 21 0
6126 500783277 19 0
11299 500794576 47 0
6172 500800748 19 0
5638 500806386 26 0
6138 500812524 18 0
11298 500823822 41 0
6154 500829976 17 0
5632 500835608 27 0
6151 500841759 17 0
11286 500853045 35 0
6154 500859199 18 0
5661 500864860 24 0
6121 500870981 32 0
11737 500882718 45 0
6151 500888869 17 0
5658 500894527 9 0
6112 500900639 25 0
11303 500911942 23 0
6154 500918096 14 0
5658 500923754 9 0
6125 500929879 24 0
11271 500941150 34 0
6173 500947323 15 0
5657 500952980 19 0
6138 500959118 14 0
11292 500970410 38 0
6141 500976551 23 0
5639 500982190 25 0
6149 500988339 27 0
11270 500999609 43 0
6154 501005763 17 0
5655 501011418 19 0
6119 501017537 24 0
11292 501028829 44 0
6161 501034990 21 0
7005 501041995 32 0
6137 501048132 28 0
11301 501059433 41 0
6160 501065593 18 0
5646 501071239 14 0
6181 501077420 31 0
11316 501088736 17 0
6129 501094865 25 0
5662 501100527 17 0
6138 501106665 18 0
11303 501117968 19 0
6173 501124141 17 0
5652 501129793 13 0
6138 501135931 15 0
11262 501147193 41 0
6153 501153346 17 0
5646 501158992 11 0
6115 501165107 19 0
11303 501176410 21 0
6173 501182583 16 0
5640 501188223 13 0
6107 501194330 22 0
11317 501205647 36 0
6160 501211807 15 0
5658 501217465 12 0
6124 501223589 25 0
11316 501234905 24 0
6160 501241065 14 0
5658 501246723 9 0
6125 501252848 27 0
11296 501264144 28 0
6173 501270317 16 0
5658 501275975 12 0
6106 501282081 28 0
11301 501293382 24 0
6160 501299542 16 0
5645 501305187 19 0
11795 501316982 35 0
5658 501322640 10 0
6136 501328776 19 0
5658 501334434 10 0
11796 501346230 22 0
5658 501351888 12 0
6155 501358043 23 0
5650 501363693 22 0
11796 501375489 40 0
5626 501381115 18 0
6154 501387269 21 0
5658 501392927 18 0
11778 501404705 26 0
5640 501410345 16 0
7550 501417895 31 0
5646 501423541 18 0
11787 501435328 29 0
5658 501440986 12 0
6160 501447146 16 0
5652 501452798 15 0
11795 501464593 36 0
5658 501470251 11 0
6128 501476379 25 0
5657 501482036 21 0
11784 501493820 27 0
5658 501499478 12 0
6159 501505637 22 0
5658 501511295 12 0
11762 501523057 35 0
5646 501528703 17 0
6122 501534825 25 0
5657 501540482 27 0
11763 501552245 39 0
5656 501557901 26 0
6153 501564054 19 0
5637 501569691 25 0
11763 501581454 45 0
5658 501587112 13 0
6161 501593273 21 0
5684 501598957 34 0
11795 501610752 39 0
5658 501616410 9 0
6141 501622551 21 0
5646 501628197 22 0
11788 501639985 31 0
5657 501645642 20 0
6173 501651815 16 0
5656 501657471 29 0
11783 501669254 25 0
5658 501674912 12 0
6135 501681047 26 0
5658 501686705 12 0
908602 502595307 15555 1090
6694 502602001 68 0
6397 502608398 31 0
12627 502621025 389 15
13367 502634392 67 0
6395 502640787 16 0
8289 502649076 158 5
6327 502655403 18 0
12991 502668394 32 0
3917345 3917345 76654 597
12983002 16900347 57940 5665
19445944 36346291 17787 2551
18496283 54842574 23569 2641
19615457 74458031 18089 1342
19676568 94134599 17989 1932
19562087 113696686 18199 2368
18376958 132073644 24667 3694
19218571 151292215 18486 1869
19830310 171122525 19124 2863
19653382 190775907 20866 807
19561485 210337392 19505 2889
19613627 229951019 18962 2632
19593457 249544476 18789 1841
18212227 267756703 25119 2604
19320939 287077642 19729 1976
19324421 306402063 19076 2372
19708155 326110218 19089 2604
19765028 345875246 19241 3502
19531993 365407239 19823 2721
19799623 385206862 19071 1874
19596048 404802910 18564 3427
19772105 424575015 18914 1786
19716214 444291229 19425 2687
19649758 463940987 19049 3890
19560964 483501951 20059 4234
10640052 494142003 27566 65
2325018 496467021 6400 89
5658 496472679 36 0
5658 496478337 16 0
6124 496484461 25 0
11791 496496252 29 0
5638 496501890 21 0
5638 496507528 23 0
6118 496513646 21 0
11786 496525432 36 0
5632 496531064 20 0
5645 496536709 18 0
6125 496542834 25 0
11796 496554630 25 0
5626 496560256 22 0
5658 496565914 14 0
6160 496572074 20 0
11784 496583858 37 0
5658 496589516 13 0
5658 496595174 15 0
6146 496601320 21 0
11790 496613110 41 0
5658 496618768 13 0
7028 496625796 103 0
6161 496631957 28 0
11764 496643721 27 0
5658 496649379 9 0
5655 496655034 24 0
6160 496661194 17 0
11795 496672989 31 0
5634 496678623 16 0
5658 496684281 11 0
6155 496690436 19 0
11796 496702232 22 0
5634 496707866 14 0
5656 496713522 25 0
11805 496725327 40 0
6151 496731478 17 0
5653 496737131 21 0
5658 496742789 12 0
11811 496754600 38 0
6118 496760718 28 0
5630 496766348 21 0
5658 496772006 10 0
11831 496783837 42 0
6138 496789975 16 0
5631 496795606 21 0
5651 496801257 12 0
11762 496813019 40 0
6145 496819164 21 0
5628 496824792 15 0
5658 496830450 10 0
11778 496842228 36 0
6132 496848360 20 0
5631 496853991 19 0
5658 496859649 10 0
11794 496871443 31 0
6130 496877573 31 0
5658 496883231 10 0
5658 496888889 14 0
11794 496900683 28 0
6134 496906817 32 0
5623 496912440 18 0
5658 496918098 9 0
11793 496929891 39 0
6138 496936029 18 0
5658 496941687 17 0
5658 496947345 12 0
11804 496959149 37 0
6151 496965300 16 0
5658 496970958 13 0
5645 496976603 18 0
12534 496989137 67 0
10314 496999451 251 0
7750 497007201 46 0
6333 497013534 17 0
12287 497025821 33 0
6120 497031941 21 0
6116 497038057 20 0
5646 497043703 18 0
12241 497055944 43 0
6129 497062073 15 0
6116 497068189 19 0
6116 497074305 19 0
12214 497086519 37 0
6083 497092602 26 0
6110 497098712 24 0
6097 497104809 23 0
12218 497117027 39 0
6104 497123131 27 0
6104 497129235 23 0
6109 497135344 31 0
11731 497147075 31 0
6106 497153181 25 0
6142 497159323 15 0
5650 497164973 20 0
11789 497176762 32 0
6138 497182900 16 0
5658 497188558 10 0
5645 497194203 15 0
11812 497206015 24 0
6151 497212166 16 0
5627 497217793 21 0
5646 497223439 16 0
11796 497235235 33 0
6138 497241373 14 0
5645 497247018 16 0
5645 497252663 14 0
11805 497264468 45 0
6138 497270606 13 0
5610 497276216 15 0
5632 497281848 19 0
11812 497293660 28 0
6151 497299811 22 0
5640 497305451 17 0
5656 497311107 18 0
11813 497322920 38 0
6132 497329052 19 0
6108 497335160 26 0
5658 497340818 11 0
11809 497352627 21 0
6131 497358758 21 0
5646 497364404 17 0
5650 497370054 21 0
11811 497381865 38 0
7515 497389380 32 0
5615 497394995 19 0
5656 497400651 27 0
11787 497412438 40 0
6138 497418576 13 0
5658 497424234 9 0
5652 497429886 12 0
11769 497441655 39 0
6145 497447800 20 0
5646 497453446 14 0
5650 497459096 16 0
11780 497470876 35 0
6138 497477014 12 0
5634 497482648 12 0
5658 497488306 9 0
11779 497500085 33 0
6129 497506214 28 0
5632 497511846 19 0
5658 497517504 9 0
11809 497529313 30 0
6149 497535462 26 0
5646 497541108 18 0
5658 497546766 8 0
11776 497558542 31 0
6124 497564666 25 0
5626 497570292 25 0
5651 497575943 21 0
23195 497599138 458 4
6138 497605276 12 0
5654 497610930 25 0
5657 497616587 18 0
11818 497628405 27 0
6138 497634543 14 0
5622 497640165 17 0
5651 497645816 20 0
11813 497657629 27 0
6120 497663749 22 0
5658 497669407 12 0
5658 497675065 8 0
11788 497686853 33 0
6151 497693004 16 0
5627 497698631 22 0
5654 497704285 29 0
11782 497716067 27 1
6112 497722179 20 0
5652 497727831 16 0
5652 497733483 15 0
11813 497745296 51 0
6138 497751434 17 0
5658 497757092 12 0
5658 497762750 11 0
13150 497775900 60 0
6151 497782051 16 0
5658 497787709 13 0
5666 497793375 29 0
11802 497805177 41 0
6127 497811304 25 0
5658 497816962 9 0
5650 497822612 22 0
11819 497834431 33 0
6138 497840569 15 0
5645 497846214 18 0
5640 497851854 17 0
11792 497863646 46 0
6145 497869791 17 0
5652 497875443 10 0
5640 497881083 12 0
11831 497892914 39 0
6132 497899046 18 0
5659 497904705 28 0
5658 497910363 6 0
11770 497922133 29 0
6164 497928297 12 0
5622 497933919 14 0
5652 497939571 13 0
11792 497951363 37 0
6138 497957501 15 0
5658 497963159 11 0
5643 497968802 26 0
11801 497980603 45 0
6132 497986735 20 0
5620 497992355 17 0
5645 497998000 16 0
11727 498009727 37 0
6151 498015878 15 0
5634 498021512 19 0
5649 498027161 25 0
11808 498038969 42 0
6138 498045107 17 0
5646 498050753 14 0
5650 498056403 16 0
11821 498068224 37 0
6132 498074356 17 0
5639 498079995 13 0
5652 498085647 12 0
11786 498097433 44 0
6132 498103565 20 0
5650 498109215 16 0
5652 498114867 13 0
11815 498126682 50 0
6138 498132820 17 0
5644 498138464 17 0
7013 498145477 37 0
11798 498157275 36 0
6151 498163426 15 0
5633 498169059 18 0
5640 498174699 14 0
11775 498186474 35 0
6126 498192600 20 0
5621 498198221 20 0
5657 498203878 18 0
11823 498215701 42 0
6138 498221839 16 0
5645 498227484 19 0
5658 498233142 11 0
11799 498244941 33 0
6143 498251084 25 0
5658 498256742 10 0
5658 498262400 12 0
11816 498274216 40 0
6126 498280342 18 0
5640 498285982 19 0
5656 498291638 25 0
11826 498303464 33 0
6124 498309588 23 0
5658 498315246 11 0
5652 498320898 13 0
11812 498332710 40 0
6138 498338848 16 0
5657 498344505 26 0
5652 498350157 21 0
11764 498361921 35 0
6142 498368063 29 0
5616 498373679 19 0
5658 498379337 8 0
11776 498391113 32 0
6137 498397250 32 0
5646 498402896 15 0
5655 498408551 20 0
11776 498420327 33 0
6125 498426452 31 0
5658 498432110 11 0
5644 498437754 19 0
11810 498449564 52 0
6108 498455672 24 0
5664 498461336 18 0
5646 498466982 13 0
11818 498478800 23 0
6151 498484951 19 0
5616 498490567 16 0
5646 498496213 16 0
11812 498508025 32 0
6102 498514127 25 0
7039 498521166 29 0
5646 498526812 17 0
11828 498538640 30 0
6148 498544788 34 0
5646 498550434 17 0
5658 498556092 10 0
11812 498567904 28 0
6138 498574042 16 0
5651 498579693 24 0
5646 498585339 21 0
11812 498597151 32 0
6145 498603296 14 0
5651 498608947 11 0
5658 498614605 10 0
11764 498626369 33 0
6151 498632520 17 0
5656 498638176 23 0
5646 498643822 22 0
11770 498655592 39 0
6126 498661718 23 0
5652 498667370 22 0
5658 498673028 12 0
11834 498684862 32 0
6138 498691000 16 0
5661 498696661 23 0
5658 498702319 10 0
11806 498714125 25 0
6151 498720276 15 0
5622 498725898 12 0
8977 498734875 186 1
902134 499637009 15211 991
6867 499643876 63 0
6713 499650589 49 0
6554 499657143 43 0
18950 499676093 395 17
6706 499682799 41 0
6656 499689455 29 0
14361 499703816 168 5
440113 440113 10057 95
5159773 5599886 91724 2193
16875761 22475647 38471 4601
19141053 41616700 20235 2798
19395369 61012069 19345 2064
19771141 80783210 18233 1547
19631402 100414612 18331 2365
19577174 119991786 18508 1639
19610532 139602318 19791 3036
19785246 159387564 18482 1934
19802696 179190260 18636 1535
19652266 198842526 18510 1541
19629284 218471810 19395 3413
19576340 238048150 18826 1483
19076787 257124937 23163 2380
19639505 276764442 18687 2016
19628246 296392688 19129 2290
19732681 316125369 18608 2385
19715433 335840802 19091 2426
19644305 355485107 18555 3003
19652542 375137649 19401 2709
19754162 394891811 18548 2384
19762585 414654396 18662 2681
19682289 434336685 18576 1712
19655810 453992495 19588 3226
19653098 473645593 18883 3869
16143692 489789285 30596 1823
5736750 495526035 11012 86
12232 495538267 382 8
5658 495543925 22 0
5661 495549586 23 0
6160 495555746 17 0
11796 495567542 29 0
5621 495573163 20 0
5655 495578818 31 0
6160 495584978 21 0
11776 495596754 43 0
5658 495602412 10 0
5657 495608069 17 0
6173 495614242 17 0
11790 495626032 26 0
5654 495631686 24 0
5651 495637337 21 0
6136 495643473 23 0
11796 495655269 26 0
5658 495660927 12 0
5658 495666585 9 0
6161 495672746 23 0
11774 495684520 43 0
5640 495690160 23 0
5658 495695818 10 0
6118 495701936 21 0
11796 495713732 36 0
5658 495719390 11 0
5658 495725048 11 0
6148 495731196 20 0
11779 495742975 54 0
5646 495748621 16 0
5655 495754276 25 0
6153 495760429 22 0
11796 495772225 23 0
7032 495779257 100 0
5648 495784905 31 0
6133 495791038 28 0
11787 495802825 40 0
5646 495808471 17 0
5645 495814116 19 0
6160 495820276 17 0
11776 495832052 44 0
5640 495837692 17 0
5658 495843350 9 0
6158 495849508 29 0
11775 495861283 43 0
5640 495866923 17 0
5658 495872581 9 0
6153 495878734 22 0
11778 495890512 41 0
5658 495896170 10 0
5651 495901821 25 0
6161 495907982 22 0
11773 495919755 47 0
5622 495925377 14 0
5658 495931035 11 0
6148 495937183 21 0
19980 495957163 297 18
5646 495962809 45 0
5658 495968467 13 0
6159 495974626 20 0
11777 495986403 31 0
5622 495992025 17 0
5652 495997677 15 0
6149 496003826 24 0
11780 496015606 47 0
5663 496021269 17 0
5658 496026927 13 0
6160 496033087 17 0
11810 496044897 32 0
5651 496050548 16 0
5658 496056206 13 0
6656 496062862 74 0
12977 496075839 54 0
6313 496082152 26 0
5649 496087801 13 0
6598 496094399 33 0
12183 496106582 43 0
6116 496112698 16 0
5637 496118335 23 0
6105 496124440 23 0
12182 496136622 41 1
6129 496142751 16 0
6116 496148867 16 0
6110 496154977 22 0
13603 496168580 42 0
6108 496174688 27 0
6116 496180804 15 0
6097 496186901 27 0
12239 496199140 30 0
6099 496205239 16 0
6104 496211343 23 0
6079 496217422 30 0
12998 496230420 30 0
6641 496237061 28 0
6615 496243676 19 0
6560 496250236 28 0
12230 496262466 43 0
6111 496268577 32 0
5657 496274234 27 0
6114 496280348 26 0
11779 496292127 34 0
5658 496297785 9 0
5646 496303431 21 0
6130 496309561 20 0
11783 496321344 30 0
5658 496327002 10 0
5658 496332660 11 0
6173 496338833 16 0
11784 496350617 28 0
5646 496356263 16 0
5658 496361921 11 0
6144 496368065 26 0
11796 496379861 20 0
5658 496385519 8 0
5658 496391177 10 0
6173 496397350 13 0
11758 496409108 30 0
5658 496414766 9 0
5658 496420424 11 0
6136 496426560 23 0
11811 496438371 30 0
5639 496444010 22 0
5658 496449668 12 0
6135 496455803 25 0
11793 496467596 38 0
5622 496473218 15 0
5662 496478880 19 0
6141 496485021 25 0
11775 496496796 35 0
5658 496502454 11 0
5658 496508112 9 0
6133 496514245 29 0
11809 496526054 23 0
5658 496531712 9 0
5658 496537370 15 0
13181 496550551 36 0
6114 496556665 22 0
5658 496562323 11 0
5632 496567955 23 0
11824 496579779 34 0
6100 496585879 27 0
6110 496591989 19 0
5646 496597635 20 0
11776 496609411 41 0
6138 496615549 15 0
5643 496621192 19 0
5646 496626838 20 0
11824 496638662 30 0
6138 496644800 16 0
5636 496650436 23 0
5658 496656094 11 0
11769 496667863 48 0
6139 496674002 19 0
5642 496679644 23 0
5645 496685289 18 0
11805 496697094 32 0
6126 496703220 20 0
5646 496708866 16 0
5658 496714524 10 0
11798 496726322 35 0
6138 496732460 19 0
5628 496738088 16 0
5652 496743740 16 0
11794 496755534 33 0
17539 496773073 382 10
5658 496778731 30 0
5657 496784388 26 0
11798 496796186 46 0
6136 496802322 35 0
5662 496807984 24 0
5643 496813627 27 0
11789 496825416 32 0
6138 496831554 16 0
5627 496837181 17 0
5658 496842839 11 0
11769 496854608 52 0
6138 496860746 17 0
5658 496866404 11 0
5638 496872042 23 0
11823 496883865 41 0
6138 496890003 17 0
5652 496895655 16 0
5658 496901313 12 0
11794 496913107 33 0
6151 496919258 21 0
5640 496924898 17 0
7023 496931921 29 0
11781 496943702 38 0
6120 496949822 24 0
5650 496955472 21 0
5658 496961130 14 0
11813 496972943 28 0
6126 496979069 23 0
5658 496984727 9 0
5645 496990372 27 0
11813 497002185 37 0
6109 497008294 26 0
6122 497014416 23 0
5634 497020050 29 0
11752 497031802 44 0
6141 497037943 27 0
5658 497043601 13 0
5652 497049253 14 0
11786 497061039 45 0
6102 497067141 23 0
5645 497072786 20 0
5650 497078436 31 0
11818 497090254 36 0
6138 497096392 16 0
5656 497102048 32 0
5656 497107704 27 0
11810 497119514 37 0
6126 497125640 20 0
5621 497131261 22 0
5658 497136919 11 0
11791 497148710 32 0
6151 497154861 15 0
5658 497160519 11 0
5658 497166177 9 0
11798 497177975 43 0
6114 497184089 24 0
5637 497189726 20 0
5652 497195378 17 0
11801 497207179 43 0
6138 497213317 16 0
5651 497218968 28 0
5636 497224604 27 0
11751 497236355 40 0
6151 497242506 18 0
5622 497248128 18 0
5658 497253786 10 0
11796 497265582 41 0
6138 497271720 15 0
5645 497277365 20 0
5658 497283023 9 0
11791 497294814 44 0
6124 497300938 31 0
7035 497307973 25 0
5651 497313624 14 0
11766 497325390 44 0
6132 497331522 21 0
5652 497337174 13 0
5652 497342826 14 0
11823 497354649 41 0
6138 497360787 15 0
5632 497366419 22 0
5658 497372077 12 0
11798 497383875 49 0
6151 497390026 15 0
5639 497395665 19 0
5652 497401317 15 0
11774 497413091 44 0
6138 497419229 15 0
5645 497424874 17 0
5658 497430532 11 0
11822 497442354 36 0
6137 497448491 19 0
5652 497454143 15 0
5658 497459801 14 0
11786 497471587 44 0
6145 497477732 20 0
5628 497483360 22 0
5646 497489006 22 0
11824 497500830 41 0
6138 497506968 15 0
5658 497512626 11 0
5640 497518266 21 0
11800 497530066 38 0
6138 497536204 16 0
5644 497541848 20 0
5652 497547500 20 0
11816 497559316 40 0
6138 497565454 16 0
5646 497571100 11 0
5652 497576752 15 0
11857 497588609 28 0
6129 497594738 28 0
5646 497600384 19 0
5658 497606042 10 0
11818 497617860 19 0
7039 497624899 64 7
5615 497630514 21 0
5658 497636172 10 0
11800 497647972 30 0
6120 497654092 28 0
5638 497659730 22 0
5649 497665379 29 0
11831 497677210 23 0
7504 497684714 45 0
5658 497690372 13 0
5658 497696030 14 0
11799 497707829 30 0
6151 497713980 17 0
5622 497719602 23 0
5651 497725253 20 0
11786 497737039 37 0
6138 497743177 15 0
5652 497748829 20 0
5658 497754487 13 0
11784 497766271 49 0
6109 497772380 23 0
5658 497778038 13 0
5658 497783696 10 0
11812 497795508 36 0
6118 497801626 24 0
5656 497807282 26 0
5658 497812940 14 0
11806 497824746 37 0
6113 497830859 22 0
905474 498736333 15189 758
6428 498742761 53 0
21548 498764309 536 12
6381 498770690 34 0
6740 498777430 23 0
6650 498784080 27 0
14601 498798681 168 4
6129 498804810 27 0
3627548 3627548 71887 534
12294978 15922526 62583 4459
14001170 29923696 13584 1759
5625160 35548856 4034 526
18932719 54481575 20723 2459
19670451 74152026 18557 1342
19627215 93779241 17690 1800
18733623 112512864 24190 3155
19026535 131539399 18833 2343
19585466 151124865 19430 2139
19290357 170415222 20915 2271
19762412 190177634 18824 1159
19609402 209787036 18728 2389
19616308 229403344 20502 2968
19337459 248740803 18877 1362
18875723 267616526 24159 3001
18898908 286515434 19170 1237
19466524 305981958 19539 2093
19679538 325661496 19124 2870
19787777 345449273 18842 2875
19687057 365136330 18748 2855
19706935 384843265 20008 2078
19617079 404460344 18986 2764
19800241 424260585 18974 1664
19747311 444007896 18819 2213
19671437 463679333 19948 2776
19610898 483290231 19487 3627
12646620 495936851 29056 699
3564917 499501768 7729 69
12240 499514008 347 2
5658 499519666 13 0
5643 499525309 19 0
6173 499531482 17 0
11805 499543287 44 0
5658 499548945 11 0
5651 499554596 19 0
6147 499560743 28 0
11796 499572539 47 0
5640 499578179 24 0
5658 499583837 8 0
6118 499589955 24 0
11761 499601716 42 0
5642 499607358 26 0
5658 499613016 9 0
6131 499619147 20 0
11760 499630907 39 0
5633 499636540 16 0
5658 499642198 10 0
6151 499648349 25 0
11794 499660143 40 0
5658 499665801 11 0
5651 499671452 22 0
6130 499677582 25 0
11741 499689323 37 0
5651 499694974 13 0
5638 499700612 21 0
7537 499708149 101 0
11765 499719914 36 0
5658 499725572 25 0
5639 499731211 22 0
6128 499737339 24 0
11779 499749118 30 0
5655 499754773 19 0
5652 499760425 13 0
6143 499766568 20 0
11784 499778352 24 0
5658 499784010 13 0
5652 499789662 23 0
6135 499795797 25 0
11793 499807590 33 0
5643 499813233 22 0
5627 499818860 23 0
6154 499825014 20 0
11765 499836779 40 0
5668 499842447 30 0
5658 499848105 10 0
6161 499854266 23 0
11766 499866032 48 0
5633 499871665 17 0
5658 499877323 9 0
6160 499883483 18 0
11796 499895279 20 0
5637 499900916 19 0
5658 499906574 7 0
6160 499912734 22 0
11795 499924529 34 0
5628 499930157 19 0
5657 499935814 17 0
6147 499941961 19 0
11785 499953746 36 0
5652 499959398 11 0
5628 499965026 18 0
6152 499971178 20 0
11794 499982972 41 0
5658 499988630 12 0
5658 499994288 8 0
6155 500000443 18 0
11776 500012219 35 0
5658 500017877 9 0
5654 500023531 22 0
6681 500030212 58 0
12979 500043191 46 0
6327 500049518 17 0
5643 500055161 18 0
6575 500061736 27 0
12220 500073956 32 0
6116 500080072 18 0
7487 500087559 35 0
6155 500093714 17 0
12231 500105945 29 0
6080 500112025 20 0
6116 500118141 17 0
6098 500124239 23 0
12232 500136471 25 0
6117 500142588 19 0
6116 500148704 16 0
12232 500160936 27 0
6100 500167036 26 0
6116 500173152 16 0
6108 500179260 23 0
12233 500191493 37 0
6116 500197609 17 0
6107 500203716 27 0
5646 500209362 20 0
11783 500221145 32 0
6145 500227290 16 0
5650 500232940 17 0
5658 500238598 12 0
11803 500250401 44 0
6138 500256539 13 0
5622 500262161 16 0
5657 500267818 20 0
11804 500279622 36 0
6160 500285782 32 0
5658 500291440 10 0
5658 500297098 9 0
11796 500308894 34 0
6048 500314942 19 0
5659 500320601 24 0
5625 500326226 23 0
11786 500338012 51 0
6138 500344150 20 0
5658 500349808 12 0
5658 500355466 11 0
11786 500367252 41 0
6138 500373390 15 0
5652 500379042 12 0
5634 500384676 16 0
11819 500396495 47 0
6106 500402601 25 0
5652 500408253 14 0
5645 500413898 18 0
11785 500425683 31 0
6151 500431834 16 0
5628 500437462 16 0
5622 500443084 17 0
11792 500454876 47 0
6100 500460976 27 0
7490 500468466 45 0
5658 500474124 14 0
11803 500485927 34 0
6138 500492065 13 0
5640 500497705 11 0
5657 500503362 13 0
11819 500515181 47 0
6151 500521332 15 0
6110 500527442 17 0
5652 500533094 17 0
11798 500544892 37 0
6138 500551030 15 0
5637 500556667 22 0
5658 500562325 10 0
11802 500574127 46 0
6138 500580265 16 0
5626 500585891 22 0
5658 500591549 10 0
11785 500603334 38 0
6138 500609472 17 0
5658 500615130 12 0
5658 500620788 11 0
11806 500632594 44 0
6132 500638726 21 0
5654 500644380 25 0
5641 500650021 20 0
11812 500661833 36 0
6138 500667971 21 0
5652 500673623 13 0
5637 500679260 25 0
11802 500691062 33 0
6125 500697187 20 0
5615 500702802 17 0
17072 500719874 392 4
11806 500731680 52 0
6138 500737818 14 0
5616 500743434 13 0
5658 500749092 7 0
11784 500760876 44 0
6151 500767027 16 0
5658 500772685 12 0
5657 500778342 16 0
11800 500790142 31 0
6127 500796269 27 0
5658 500801927 9 0
5632 500807559 21 0
12719 500820278 87 9
6138 500826416 16 0
5651 500832067 24 0
5658 500837725 7 0
13194 500850919 47 0
6138 500857057 16 0
5638 500862695 18 0
5655 500868350 24 0
11832 500880182 30 0
6143 500886325 33 0
5632 500891957 22 0
5658 500897615 9 0
11773 500909388 37 0
6151 500915539 14 0
5652 500921191 17 0
5632 500926823 24 0
11780 500938603 34 0
6130 500944733 36 0
5627 500950360 21 0
5652 500956012 14 0
11831 500967843 36 0
6145 500973988 13 0
5621 500979609 20 0
5658 500985267 10 0
11792 500997059 37 0
6133 501003192 17 0
5658 501008850 13 0
5652 501014502 13 0
11794 501026296 31 0
6138 501032434 13 0
5652 501038086 18 0
5639 501043725 23 0
11829 501055554 30 0
6138 501061692 15 0
5645 501067337 20 0
5658 501072995 10 0
11823 501084818 29 0
6138 501090956 17 0
5652 501096608 29 0
5651 501102259 17 0
11821 501114080 34 0
6138 501120218 24 0
5658 501125876 13 0
5652 501131528 15 0
11769 501143297 44 0
6151 501149448 14 0
5626 501155074 21 0
5641 501160715 27 0
11805 501172520 31 0
6138 501178658 15 0
5658 501184316 8 0
5646 501189962 17 0
11819 501201781 27 0
6138 501207919 16 0
5639 501213558 19 0
5656 501219214 27 0
13199 501232413 55 0
6158 501238571 17 0
5626 501244197 21 0
5658 501249855 11 0
11787 501261642 34 0
6138 501267780 16 0
5627 501273407 21 0
5643 501279050 30 0
11813 501290863 28 0
6101 501296964 24 0
5640 501302604 20 0
5652 501308256 13 0
11807 501320063 51 0
6138 501326201 18 0
5639 501331840 15 0
5658 501337498 12 0
11808 501349306 45 0
6138 501355444 18 0
5652 501361096 12 0
5647 501366743 24 0
11804 501378547 54 0
14783 501393330 268 11
5658 501398988 24 0
5652 501404640 13 0
11756 501416396 45 0
6118 501422514 31 0
5639 501428153 14 0
5658 501433811 9 0
11787 501445598 38 0
6132 501451730 14 0
5658 501457388 9 0
5658 501463046 8 0
11818 501474864 18 0
6151 501481015 15 0
5634 501486649 16 0
5658 501492307 9 0
11781 501504088 31 0
6138 501510226 14 0
5658 501515884 12 0
5638 501521522 21 0
11795 501533317 33 0
6132 501539449 19 0
5654 501545103 23 0
5652 501550755 20 0
11806 501562561 28 0
6138 501568699 16 0
5622 501574321 16 0
5658 501579979 13 0
11831 501591810 25 0
6132 501597942 27 0
5646 501603588 16 0
7035 501610623 25 0
11798 501622421 33 0
6163 501628584 28 0
5652 501634236 15 0
5652 501639888 16 0
11823 501651711 32 0
6120 501657831 20 0
5652 501663483 14 0
5646 501669129 20 0
11825 501680954 30 0
6135 501687089 34 0
5658 501692747 11 0
5651 501698398 16 0
11805 501710203 40 0
6158 501716361 17 0
5626 501721987 22 0
5658 501727645 12 0
11793 501739438 40 0
6134 501745572 28 0
5645 501751217 22 0
5652 501756869 22 0
11831 501768700 23 0
6138 501774838 16 0
5642 501780480 23 0
7504 501787984 148 1
907349 502695333 15250 721
6425 502701758 55 0
6741 502708499 41 0
6393 502714892 29 0
18490 502733382 413 22
6710 502740092 37 0
6667 502746759 22 0
7988 502754747 106 2
3723689 3723689 72470 476
12656385 16380074 61338 4646
19715767 36095841 19023 2186
18724328 54820169 24316 2602
19682284 74502453 19467 1287
19603778 94106231 19355 1879
19054479 113160710 25441 3269
18831532 131992242 19905 1823
19300039 151292281 19982 1747
19702323 170994604 20334 2415
19594869 190589473 22696 653
19587258 210176731 19969 2307
19613152 229789883 20066 2353
19452121 249242004 20049 1458
18369165 267611169 26649 2329
19144271 286755440 19777 1620
19495664 306251104 20083 2069
19654029 325905133 19825 2602
19737619 345642752 20737 2732
19547462 365190214 20016 2412
19744140 384934354 20032 1754
19630658 404565012 19284 2967
19736084 424301096 20488 1453
19764132 444065228 19439 2310
19649588 463714816 19811 2949
19565870 483280686 20627 3620
10734501 494015187 28795 70
2261035 496276222 5744 73
5658 496281880 30 0
5658 496287538 10 0
11844 496299382 26 0
6138 496305520 20 0
5658 496311178 10 0
5658 496316836 10 0
11817 496328653 24 0
6145 496334798 16 0
5658 496340456 12 0
5658 496346114 11 0
11831 496357945 23 0
6138 496364083 18 0
5658 496369741 11 0
5658 496375399 12 0
11806 496387205 38 0
6133 496393338 20 0
5658 496398996 12 0
5658 496404654 15 0
11818 496416472 20 0
6138 496422610 17 0
5658 496428268 12 0
5658 496433926 13 0
11824 496445750 33 1
6138 496451888 19 0
5646 496457534 15 0
5657 496463191 15 0
11782 496474973 38 0
6151 496481124 21 0
5651 496486775 15 0
5658 496492433 12 0
11818 496504251 23 0
6132 496510383 15 0
5658 496516041 12 0
5658 496521699 11 0
11807 496533506 30 0
6138 496539644 18 0
7035 496546679 97 0
5651 496552330 15 0
11781 496564111 34 0
6126 496570237 20 0
5652 496575889 11 0
5646 496581535 12 0
11831 496593366 25 0
6138 496599504 20 0
5658 496605162 14 0
5658 496610820 13 0
11817 496622637 25 0
6151 496628788 13 0
5657 496634445 14 0
5658 496640103 14 0
11811 496651914 26 0
6138 496658052 18 0
5652 496663704 16 0
5657 496669361 20 0
11829 496681190 30 0
6131 496687321 23 0
5658 496692979 13 0
5658 496698637 14 0
11818 496710455 25 0
6115 496716570 23 0
5652 496722222 13 0
5646 496727868 24 0
11786 496739654 42 0
6138 496745792 26 0
5658 496751450 13 0
5658 496757108 12 0
11831 496768939 34 0
6138 496775077 17 0
5658 496780735 12 0
5658 496786393 18 0
12510 496798903 71 0
6872 496805775 59 3
6373 496812148 16 0
6326 496818474 25 0
12274 496830748 38 0
6114 496836862 24 0
6116 496842978 18 0
6116 496849094 21 0
12223 496861317 46 0
6098 496867415 23 0
6104 496873519 21 0
6110 496879629 17 0
12226 496891855 38 0
6110 496897965 18 0
6092 496904057 23 0
7017 496911074 100 9
12231 496923305 32 0
7493 496930798 34 0
6116 496936914 18 0
6091 496943005 26 0
11756 496954761 26 0
6146 496960907 20 0
6116 496967023 21 0
6110 496973133 22 0
12225 496985358 37 0
6110 496991468 20 0
6121 496997589 22 0
5637 497003226 27 0
11785 497015011 26 0
6138 497021149 18 0
6116 497027265 22 0
5616 497032881 19 0
11784 497044665 28 0
6138 497050803 16 0
5651 497056454 14 0
5651 497062105 20 0
11837 497073942 28 0
6144 497080086 20 0
5658 497085744 11 0
5658 497091402 11 0
11818 497103220 20 0
6151 497109371 20 0
5658 497115029 13 0
5651 497120680 12 0
11818 497132498 20 0
6138 497138636 19 0
5645 497144281 19 0
5658 497149939 8 0
11830 497161769 23 0
6138 497167907 16 0
5651 497173558 19 0
5645 497179203 19 0
11798 497191001 34 0
6145 497197146 21 0
5622 497202768 18 0
5652 497208420 14 0
11799 497220219 34 0
6132 497226351 20 0
5658 497232009 14 0
5658 497237667 13 0
11831 497249498 23 0
6120 497255618 18 0
5646 497261264 12 0
5658 497266922 10 0
11818 497278740 23 0
6138 497284878 17 0
6129 497291007 16 0
5658 497296665 13 0
13160 497309825 43 0
6131 497315956 24 0
6104 497322060 18 0
5652 497327712 16 0
11796 497339508 24 0
6151 497345659 19 0
5658 497351317 12 0
5658 497356975 12 0
11818 497368793 28 0
6138 497374931 18 0
5658 497380589 14 0
5652 497386241 16 0
11831 497398072 19 0
6138 497404210 17 0
5658 497409868 13 0
5652 497415520 13 0
11818 497427338 20 0
6164 497433502 15 0
5646 497439148 12 0
11818 497450966 33 0
5658 497456624 12 0
6132 497462756 15 0
6102 497468858 28 0
11802 497480660 33 0
5658 497486318 13 0
6132 497492450 25 0
5658 497498108 13 0
11812 497509920 28 0
5658 497515578 11 0
6114 497521692 18 0
5646 497527338 25 0
11837 497539175 25 0
5658 497544833 11 0
6138 497550971 16 0
5658 497556629 12 0
11792 497568421 35 0
5651 497574072 19 0
17514 497591586 396 3
5652 497597238 25 0
11804 497609042 39 0
5640 497614682 15 0
6125 497620807 27 0
5652 497626459 13 0
11799 497638258 37 0
5657 497643915 16 0
6131 497650046 21 0
5652 497655698 21 0
11812 497667510 23 0
5658 497673168 11 0
6133 497679301 20 0
5658 497684959 11 0
13176 497698135 58 0
5645 497703780 19 0
6137 497709917 19 0
5652 497715569 16 0
11830 497727399 23 0
5658 497733057 14 0
6138 497739195 15 0
5658 497744853 10 0
11811 497756664 34 0
5646 497762310 16 0
6132 497768442 15 0
5652 497774094 13 0
11831 497785925 24 0
5634 497791559 16 0
6120 497797679 20 0
5658 497803337 16 0
11806 497815143 29 0
5652 497820795 19 0
6143 497826938 18 0
6123 497833061 28 0
11766 497844827 34 0
5652 497850479 13 0
6132 497856611 21 0
5652 497862263 15 0
11794 497874057 36 0
5658 497879715 13 0
6138 497885853 19 0
5658 497891511 12 0
11812 497903323 21 0
5658 497908981 9 0
6151 497915132 13 0
5652 497920784 10 0
11785 497932569 34 0
5658 497938227 12 0
6151 497944378 24 0
5658 497950036 12 0
11806 497961842 41 0
5652 497967494 14 0
6138 497973632 16 0
5658 497979290 9 0
11810 497991100 28 0
5651 497996751 15 0
6138 498002889 14 0
5652 498008541 17 0
11811 498020352 40 0
5658 498026010 17 0
6102 498032112 23 0
5646 498037758 21 0
11787 498049545 33 0
5645 498055190 17 0
6139 498061329 16 0
7005 498068334 29 0
11812 498080146 30 0
5657 498085803 12 0
6138 498091941 18 0
5658 498097599 11 0
11830 498109429 28 0
5658 498115087 13 0
6138 498121225 15 0
5658 498126883 10 0
11818 498138701 22 0
5652 498144353 15 0
6151 498150504 13 0
5646 498156150 13 0
11780 498167930 28 0
5658 498173588 16 0
6138 498179726 16 0
5658 498185384 10 0
11844 498197228 22 0
5658 498202886 12 0
6111 498208997 26 0
5652 498214649 17 0
11781 498226430 34 0
5652 498232082 18 0
6138 498238220 18 0
5645 498243865 22 0
11826 498255691 35 0
5658 498261349 12 0
6126 498267475 17 0
5645 498273120 18 0
11810 498284930 37 0
5658 498290588 13 0
6151 498296739 14 0
5658 498302397 12 0
11794 498314191 34 0
5658 498319849 11 0
6138 498325987 14 0
5646 498331633 13 0
11842 498343475 28 0
5658 498349133 11 0
6138 498355271 17 0
5640 498360911 14 0
11787 498372698 32 0
5640 498378338 20 0
6151 498384489 22 0
5646 498390135 19 0
11769 498401904 37 0
5658 498407562 13 0
6125 498413687 23 0
5628 498419315 15 0
11817 498431132 38 0
5652 498436784 16 0
7497 498444281 33 0
6116 498450397 20 0
11796 498462193 29 0
5651 498467844 14 0
6137 498473981 24 0
5651 498479632 13 0
11799 498491431 36 0
5658 498497089 19 0
6138 498503227 16 0
5658 498508885 13 0
11818 498520703 26 0
5646 498526349 13 0
6145 498532494 24 0
5658 498538152 12 0
11817 498549969 28 0
5658 498555627 10 0
6145 498561772 13 0
5658 498567430 13 0
900281 499467711 15771 807
6706 499474417 373 0
6667 499481084 53 0
10518 499491602 383 14
15098 499506700 79 1
7129 499513829 31 0
7807 499521636 141 3
6667 499528303 28 0
