5,1.0,393848307.84,3889417319.267523
4,393848308.84,423879575.58,2021348296.0527227
2,423879576.58,479201035.9,3036024722.4208217
4,479201036.9,495629452.88,2021348296.0527227
3,495629453.88,529909136.66999996,1647012626.1522777
2,529909137.66999996,573334988.0799999,3036024722.4208217
1,573334989.0799999,1276309771.6899998,4437195218.808543
4,1276309772.6899998,1309842216.2299998,2021348296.0527227
2,1309842217.2299998,1375083659.3199997,3036024722.4208217
6,1375083660.3199997,2040318284.6599994,4889939584.3099985
2,2040318285.6599994,2091392224.9999993,3036024722.4208217
4,2091392225.9999993,2101285320.1464639,2021348296.0527227
