1931637 1931637 41953 381
1592509 3524146 28946 430
10779824 14303970 62205 6445
19609604 33913574 18973 3852
19035559 52949133 23669 4170
19675772 72624905 18511 2395
19570446 92195351 17889 2741
19545334 111740685 17882 3949
18511188 130251873 24013 5259
19463657 149715530 19351 3326
19254879 168970409 18455 3774
19502311 188472720 19013 2775
19536657 208009377 18701 3785
19419861 227429238 21614 4101
19565897 246995135 19153 2910
18923604 265918739 24090 3990
18779785 284698524 19470 2926
19583975 304282499 20903 3856
19706210 323988709 19280 4242
19769315 343758024 19255 4546
19608612 363366636 18971 3844
19749274 383115910 19136 3843
19528255 402644165 19421 3954
19751285 422395450 19001 3478
19694117 442089567 18699 3922
19628538 461718105 19604 4742
19616122 481334227 19217 4947
12075429 493409656 29225 582
2976309 496385965 6978 68
12267 496398232 319 1
5628 496403860 18 0
5654 496409514 20 0
6160 496415674 22 0
11763 496427437 35 0
5658 496433095 10 0
5651 496438746 24 0
6150 496444896 21 0
11790 496456686 30 0
5646 496462332 13 0
7029 496469361 92 0
6160 496475521 15 0
11780 496487301 42 0
5634 496492935 17 0
5658 496498593 9 0
6160 496504753 14 0
11819 496516572 40 0
5639 496522211 18 0
5658 496527869 12 0
6137 496534006 22 0
11738 496545744 46 0
5616 496551360 21 0
5652 496557012 16 0
6154 496563166 20 0
11757 496574923 42 0
5658 496580581 11 0
5651 496586232 11 0
6145 496592377 26 0
11761 496604138 30 0
5658 496609796 11 0
5652 496615448 18 0
6152 496621600 27 0
11752 496633352 32 0
5627 496638979 20 0
5649 496644628 27 0
6148 496650776 20 0
11783 496662559 33 0
5652 496668211 13 0
5621 496673832 19 0
6173 496680005 14 0
11797 496691802 40 0
5648 496697450 21 0
5658 496703108 8 0
6160 496709268 16 0
11784 496721052 49 0
5652 496726704 23 0
5658 496732362 14 0
6146 496738508 25 0
11776 496750284 46 0
5622 496755906 16 0
5658 496761564 8 0
6173 496767737 16 0
11782 496779519 37 0
5658 496785177 11 0
5658 496790835 10 0
6158 496796993 23 0
11791 496808784 35 0
5631 496814415 19 0
5658 496820073 10 0
6144 496826217 30 0
11768 496837985 42 0
7017 496845002 27 0
5658 496850660 14 0
6173 496856833 15 0
11798 496868631 39 0
5658 496874289 13 0
5658 496879947 10 0
6141 496886088 27 0
11780 496897868 26 0
6116 496903984 15 0
5658 496909642 16 0
15801 496925443 385 4
12932 496938375 82 0
6333 496944708 13 0
5637 496950345 19 0
6616 496956961 28 0
11814 496968775 42 0
6116 496974891 14 0
6108 496980999 34 0
6115 496987114 31 0
12224 496999338 35 0
6103 497005441 23 0
6129 497011570 20 0
6106 497017676 29 0
12213 497029889 50 0
6116 497036005 15 0
6116 497042121 16 0
6116 497048237 17 0
12237 497060474 44 0
6104 497066578 15 0
5636 497072214 25 0
6138 497078352 17 0
12213 497090565 35 0
6103 497096668 27 0
5658 497102326 13 0
6151 497108477 13 0
11783 497120260 25 0
5645 497125905 18 0
5651 497131556 12 0
6130 497137686 21 0
11770 497149456 42 0
5634 497155090 15 0
5658 497160748 9 0
6173 497166921 19 0
11765 497178686 29 0
5651 497184337 13 0
5658 497189995 9 0
6153 497196148 26 0
11804 497207952 30 0
5646 497213598 18 0
5634 497219232 22 0
6118 497225350 24 0
13142 497238492 52 0
5658 497244150 11 0
5667 497249817 28 0
6147 497255964 24 0
11790 497267754 24 0
5652 497273406 15 0
5658 497279064 11 0
11794 497290858 39 0
6151 497297009 16 0
5658 497302667 12 0
5639 497308306 21 0
11817 497320123 33 0
6137 497326260 22 0
5634 497331894 16 0
5627 497337521 20 0
11813 497349334 26 0
6136 497355470 23 0
5658 497361128 9 0
5638 497366766 20 0
11775 497378541 35 0
6138 497384679 14 0
5639 497390318 16 0
5650 497395968 14 0
11813 497407781 28 0
6102 497413883 20 0
5652 497419535 18 0
5652 497425187 14 0
11810 497436997 35 0
6151 497443148 15 0
5626 497448774 22 0
5639 497454413 15 0
11817 497466230 31 0
6126 497472356 16 0
5645 497478001 18 0
5658 497483659 9 0
11819 497495478 25 0
6138 497501616 16 0
5610 497507226 19 0
5644 497512870 24 0
11825 497524695 36 0
6151 497530846 17 0
5610 497536456 18 0
5648 497542104 24 0
11767 497553871 33 0
6138 497560009 14 0
5615 497565624 22 0
5658 497571282 24 0
11842 497583124 32 0
6138 497589262 14 0
5610 497594872 17 0
5658 497600530 8 0
13152 497613682 40 0
6138 497619820 17 0
5620 497625440 17 0
5658 497631098 11 0
11798 497642896 35 0
6138 497649034 15 0
5639 497654673 20 0
5652 497660325 20 0
11808 497672133 32 1
14344 497686477 280 56
5645 497692122 38 0
5657 497697779 14 0
11799 497709578 51 0
6132 497715710 17 0
5621 497721331 21 0
5644 497726975 26 0
11801 497738776 36 0
6138 497744914 17 0
5658 497750572 9 0
5658 497756230 9 0
11792 497768022 32 0
6124 497774146 24 0
5658 497779804 12 0
5637 497785441 19 0
11812 497797253 32 0
6102 497803355 23 0
5610 497808965 19 0
5658 497814623 9 0
11818 497826441 28 0
6138 497832579 17 0
6104 497838683 22 0
5658 497844341 11 0
11746 497856087 36 0
6108 497862195 21 0
5628 497867823 13 0
5658 497873481 10 0
11707 497885188 44 0
6108 497891296 22 0
5626 497896922 20 0
5658 497902580 8 0
11792 497914372 32 0
6151 497920523 15 0
5658 497926181 9 0
5658 497931839 9 0
12533 497944372 57 0
7787 497952159 97 2
6373 497958532 18 0
6317 497964849 28 0
12307 497977156 26 0
6138 497983294 16 0
5658 497988952 9 0
5645 497994597 18 0
13132 498007729 61 0
6157 498013886 22 0
5658 498019544 10 0
5658 498025202 13 0
11787 498036989 31 0
6108 498043097 21 0
5658 498048755 11 0
5639 498054394 16 0
11782 498066176 38 0
6090 498072266 24 0
5656 498077922 28 0
5654 498083576 22 0
11804 498095380 30 0
6138 498101518 16 0
5625 498107143 20 0
5658 498112801 11 0
11824 498124625 30 0
6138 498130763 15 0
5652 498136415 13 0
5657 498142072 14 0
11791 498153863 34 0
6151 498160014 18 0
5634 498165648 20 0
5658 498171306 9 0
11786 498183092 40 0
6138 498189230 17 0
5658 498194888 10 0
5658 498200546 16 0
11812 498212358 41 0
6138 498218496 20 0
5658 498224154 11 0
5652 498229806 11 0
11743 498241549 41 0
6119 498247668 26 0
5658 498253326 9 0
5657 498258983 17 0
11804 498270787 48 0
6132 498276919 15 0
5658 498282577 11 0
5658 498288235 12 0
11827 498300062 39 0
6138 498306200 16 0
5658 498311858 9 0
5652 498317510 12 0
11796 498329306 31 0
6132 498335438 27 0
5658 498341096 12 0
5658 498346754 9 0
11853 498358607 40 0
6138 498364745 15 0
5658 498370403 11 0
7023 498377426 29 0
11764 498389190 39 0
6127 498395317 23 0
5634 498400951 16 0
5658 498406609 10 0
11786 498418395 37 0
6108 498424503 21 0
5657 498430160 16 0
5628 498435788 14 0
11801 498447589 46 0
6126 498453715 17 0
5628 498459343 15 0
5658 498465001 10 0
11798 498476799 30 0
6109 498482908 21 0
5659 498488567 25 0
5658 498494225 11 0
11817 498506042 31 0
6138 498512180 15 0
5639 498517819 14 0
5654 498523473 22 0
11830 498535303 34 0
6114 498541417 20 0
5651 498547068 18 0
5649 498552717 25 0
11792 498564509 35 0
6138 498570647 15 0
5642 498576289 22 0
5658 498581947 8 0
11793 498593740 37 0
6138 498599878 15 0
5626 498605504 17 0
5651 498611155 15 0
11785 498622940 39 0
6109 498629049 21 0
5664 498634713 21 0
5658 498640371 9 0
906025 499546396 15349 860
6689 499553085 82 0
6703 499559788 38 0
6679 499566467 42 0
18504 499584971 380 9
6718 499591689 27 0
6662 499598351 22 0
7981 499606332 131 2
2207843 2207843 47317 528
8807008 11014851 79735 5727
19251205 30266056 19636 3881
19363536 49629592 20724 3922
13231281 62860873 15891 2232
4587162 67448035 5466 452
19681165 87129200 18404 2117
18627533 105756733 24030 5124
18960601 124717334 18988 3816
19605861 144323195 19773 3890
19239288 163562483 21039 3355
19720698 183283181 19332 2989
19551483 202834664 19193 3321
19635351 222470015 20883 4296
19327815 241797830 19533 2414
18781685 260579515 23794 4258
18902702 279482217 18610 3134
19304881 298787098 19521 3446
19701611 318488709 19205 4104
19663821 338152530 19492 4255
19672636 357825166 19123 4292
19606686 377431852 20202 3976
19691909 397123761 19037 3363
19705303 416829064 18834 3755
19649861 436478925 18956 3895
19568334 456047259 20194 4574
19640037 475687296 19320 5036
15603877 491291173 30504 2087
5428994 496720167 10547 80
12267 496732434 384 1
5661 496738095 36 0
5652 496743747 21 0
11800 496755547 41 0
6106 496761653 27 0
5657 496767310 13 0
5652 496772962 14 0
11813 496784775 38 0
6138 496790913 21 0
5647 496796560 24 0
5646 496802206 13 0
11793 496813999 52 0
6133 496820132 22 0
5651 496825783 18 0
5658 496831441 10 0
11812 496843253 33 0
6136 496849389 36 0
5658 496855047 12 0
5657 496860704 20 0
11795 496872499 36 0
6107 496878606 22 0
5658 496884264 13 0
5652 496889916 17 0
11799 496901715 45 0
6151 496907866 17 0
5662 496913528 23 0
5658 496919186 13 0
11780 496930966 35 0
6138 496937104 20 0
5634 496942738 16 0
5652 496948390 17 0
13183 496961573 117 0
6138 496967711 18 0
5634 496973345 20 0
5658 496979003 12 0
11818 496990821 26 0
6138 496996959 19 0
5658 497002617 14 0
5651 497008268 16 0
11825 497020093 29 0
6127 497026220 20 0
5652 497031872 17 0
5658 497037530 14 0
11804 497049334 33 0
6164 497055498 18 0
5658 497061156 14 0
5658 497066814 11 0
11769 497078583 51 0
6132 497084715 19 0
5645 497090360 16 0
5658 497096018 10 0
11831 497107849 37 0
6114 497113963 21 0
5652 497119615 18 0
5652 497125267 17 0
11769 497137036 47 0
6126 497143162 23 0
5658 497148820 15 0
5658 497154478 14 0
11818 497166296 27 0
6138 497172434 20 0
5658 497178092 14 0
5658 497183750 15 0
11824 497195574 44 0
6132 497201706 18 0
5658 497207364 11 0
5651 497213015 13 0
11800 497224815 35 0
6114 497230929 21 0
5658 497236587 18 0
5658 497242245 15 0
13033 497255278 92 0
6664 497261942 23 0
6333 497268275 12 0
5649 497273924 12 0
12281 497286205 32 0
6151 497292356 13 0
6116 497298472 16 0
6116 497304588 18 0
12232 497316820 29 0
6090 497322910 24 0
6085 497328995 24 0
6129 497335124 14 0
13609 497348733 45 0
6116 497354849 17 0
6110 497360959 20 0
6097 497367056 22 0
12225 497379281 39 0
6129 497385410 16 0
6116 497391526 16 0
6110 497397636 18 0
11773 497409409 36 0
6119 497415528 22 0
6116 497421644 14 0
5658 497427302 11 0
20830 497448132 366 2
6132 497454264 21 0
5633 497459897 15 0
5657 497465554 14 0
11811 497477365 34 0
6137 497483502 17 0
5652 497489154 14 0
5656 497494810 18 0
11793 497506603 32 0
6138 497512741 17 0
5646 497518387 15 0
5658 497524045 14 0
11774 497535819 38 0
6139 497541958 22 0
5658 497547616 13 0
5644 497553260 16 0
11811 497565071 29 0
6132 497571203 16 0
5658 497576861 8 0
5651 497582512 12 0
11806 497594318 27 0
6138 497600456 17 0
5658 497606114 10 0
5652 497611766 15 0
11762 497623528 37 0
6145 497629673 23 0
5656 497635329 21 0
5658 497640987 10 0
11817 497652804 33 0
6126 497658930 19 0
5658 497664588 11 0
5652 497670240 19 0
11824 497682064 40 0
6126 497688190 21 0
5658 497693848 9 0
5658 497699506 8 0
11788 497711294 39 0
6138 497717432 18 0
5646 497723078 15 0
7035 497730113 29 0
11831 497741944 23 0
6137 497748081 26 0
5658 497753739 13 0
5658 497759397 9 0
11781 497771178 43 0
6158 497777336 17 0
5658 497782994 13 0
5652 497788646 15 0
11818 497800464 24 0
6138 497806602 16 0
5658 497812260 14 0
5652 497817912 14 0
11802 497829714 33 0
6120 497835834 23 0
5658 497841492 13 0
5652 497847144 20 0
11799 497858943 30 0
6151 497865094 18 0
5646 497870740 15 0
5658 497876398 14 0
11793 497888191 33 0
6132 497894323 18 0
5652 497899975 14 0
5652 497905627 17 0
11825 497917452 24 0
6132 497923584 19 0
5658 497929242 11 0
5651 497934893 16 0
11775 497946668 28 0
6138 497952806 18 0
5658 497958464 10 0
5658 497964122 12 0
11806 497975928 39 0
6138 497982066 16 0
5652 497987718 15 0
5658 497993376 9 0
11817 498005193 27 0
6145 498011338 18 0
5658 498016996 13 0
5658 498022654 12 0
11787 498034441 33 0
6132 498040573 19 0
5651 498046224 20 0
5658 498051882 13 0
11788 498063670 39 0
6126 498069796 22 0
5658 498075454 11 0
5658 498081112 8 0
11800 498092912 37 0
6151 498099063 19 0
7035 498106098 25 0
5651 498111749 15 0
11798 498123547 40 0
6132 498129679 18 0
5652 498135331 10 0
5640 498140971 12 0
11836 498152807 26 0
6138 498158945 20 0
6121 498165066 23 0
5658 498170724 11 0
11795 498182519 35 0
6114 498188633 22 0
5658 498194291 14 0
5652 498199943 16 0
11819 498211762 31 0
6132 498217894 17 0
5645 498223539 23 0
5652 498229191 13 0
11787 498240978 34 0
6139 498247117 18 0
5645 498252762 16 0
5646 498258408 15 0
11800 498270208 33 0
6132 498276340 20 0
5658 498281998 12 0
5646 498287644 13 0
11771 498299415 32 0
6113 498305528 23 0
5658 498311186 12 0
5646 498316832 18 0
11793 498328625 31 0
6151 498334776 19 0
5658 498340434 12 0
5658 498346092 10 0
11818 498357910 23 0
6138 498364048 15 0
5646 498369694 11 0
5652 498375346 10 0
11825 498387171 25 0
6138 498393309 17 0
5658 498398967 13 0
5658 498404625 13 0
11818 498416443 26 0
6138 498422581 17 0
5658 498428239 44 3
5658 498433897 32 0
11817 498445714 33 0
6132 498451846 20 0
5651 498457497 17 0
5658 498463155 9 0
11817 498474972 27 0
7516 498482488 40 0
5658 498488146 14 0
5658 498493804 11 0
11818 498505622 21 0
6145 498511767 20 0
5634 498517401 16 0
5658 498523059 13 0
11819 498534878 24 0
6138 498541016 12 0
5658 498546674 11 0
5652 498552326 12 0
11804 498564130 35 0
6164 498570294 15 0
5622 498575916 17 0
5658 498581574 11 0
11803 498593377 38 0
6132 498599509 26 0
5652 498605161 12 0
5651 498610812 14 0
11807 498622619 28 0
6132 498628751 21 0
5658 498634409 10 0
5658 498640067 11 0
11794 498651861 29 0
6138 498657999 16 0
5652 498663651 13 0
5657 498669308 17 0
11830 498681138 21 0
6132 498687270 18 0
5645 498692915 15 0
5658 498698573 11 0
11812 498710385 21 0
6127 498716512 23 0
5641 498722153 15 0
5658 498727811 11 0
11810 498739621 29 0
6138 498745759 17 0
5658 498751417 10 0
5658 498757075 13 0
11807 498768882 27 0
6132 498775014 23 0
5652 498780666 11 0
11798 498792464 33 0
5642 498798106 26 0
6151 498804257 20 0
5652 498809909 14 0
11811 498821720 31 0
5658 498827378 15 0
6120 498833498 21 0
5658 498839156 15 0
11818 498850974 38 0
7022 498857996 32 0
6138 498864134 19 0
5621 498869755 20 0
11798 498881553 28 0
5658 498887211 13 0
6138 498893349 16 0
5658 498899007 11 0
11806 498910813 26 0
5646 498916459 16 0
6138 498922597 14 0
5637 498928234 20 0
11794 498940028 33 0
5652 498945680 13 0
6164 498951844 16 0
5649 498957493 27 0
11771 498969264 38 0
883497 499852761 15340 778
6727 499859488 34 0
6917 499866405 26 0
29712 499896117 837 15
6858 499902975 57 0
6704 499909679 33 0
6792 499916471 22 0
14610 499931081 146 2
3310507 3310507 64078 925
10202520 13513027 66445 6085
19397329 32910356 18827 3897
18498150 51408506 23801 4081
19447587 70856093 18021 2524
19722536 90578629 17417 2540
19502236 110080865 18023 4031
18365751 128446616 24896 5315
14400050 142846666 13829 2842
3585444 146432110 4021 477
19718654 166150764 21357 3565
19643912 185794676 19204 2890
19639268 205433944 18455 3827
19772047 225205991 18501 4025
18880290 244086281 19590 2595
18795815 262882096 24485 4384
19232118 282114214 18902 3068
19723052 301837266 18739 3380
19659927 321497193 18058 4382
19753745 341250938 19574 4346
19714626 360965564 18328 4261
19644832 380610396 18812 3818
19658487 400268883 18449 3782
19693141 419962024 19186 3677
19687821 439649845 18721 3995
19631410 459281255 18877 4632
19597553 478878808 19154 5018
13785670 492664478 30060 1339
4216429 496880907 8432 76
5658 496886565 18 0
6120 496892685 29 0
11765 496904450 30 0
5628 496910078 16 0
5658 496915736 14 0
6151 496921887 26 0
11776 496933663 33 0
5658 496939321 11 0
5627 496944948 17 0
6142 496951090 22 0
11736 496962826 30 0
5658 496968484 9 0
5634 496974118 17 0
6173 496980291 15 0
11796 496992087 17 0
5632 496997719 19 0
5652 497003371 21 0
6160 497009531 16 0
11748 497021279 33 0
5633 497026912 15 0
5658 497032570 10 0
6141 497038711 22 0
11775 497050486 28 0
5610 497056096 17 0
5658 497061754 10 0
6173 497067927 24 0
11766 497079693 30 0
5634 497085327 15 0
5632 497090959 19 0
6130 497097089 20 0
11751 497108840 34 0
5627 497114467 16 0
5658 497120125 10 0
6125 497126250 25 0
11782 497138032 40 0
5662 497143694 23 0
5656 497149350 25 0
6160 497155510 16 0
11779 497167289 24 0
5658 497172947 9 0
5645 497178592 18 0
6118 497184710 20 0
11766 497196476 29 0
5632 497202108 21 0
5658 497207766 9 0
6167 497213933 14 0
11783 497225716 26 0
5630 497231346 18 0
5651 497236997 14 0
13195 497250192 68 0
6159 497256351 32 0
5637 497261988 23 0
5658 497267646 8 0
11803 497279449 34 0
6125 497285574 25 0
5658 497291232 12 0
5645 497296877 17 0
11818 497308695 34 0
6145 497314840 17 0
5633 497320473 18 0
5652 497326125 13 0
11757 497337882 41 0
6125 497344007 23 0
5658 497349665 14 0
5658 497355323 13 0
11831 497367154 26 0
6126 497373280 31 0
5658 497378938 13 0
5658 497384596 19 0
12522 497397118 64 0
8484 497405602 182 1
6367 497411969 29 0
6333 497418302 17 0
12225 497430527 50 0
6138 497436665 16 0
6110 497442775 20 0
5658 497448433 13 0
11815 497460248 27 0
6138 497466386 17 0
6100 497472486 31 0
6116 497478602 20 0
12159 497490761 39 0
6129 497496890 17 0
6116 497503006 16 0
6116 497509122 16 0
12169 497521291 46 0
6110 497527401 15 0
6116 497533517 16 0
6115 497539632 20 0
12245 497551877 47 0
6086 497557963 20 0
6116 497564079 33 0
5646 497569725 16 0
11768 497581493 29 0
6138 497587631 17 0
5652 497593283 16 0
5610 497598893 15 0
11765 497610658 31 0
6138 497616796 14 0
5642 497622438 23 0
5651 497628089 16 0
13068 497641157 49 0
6151 497647308 15 0
5622 497652930 19 0
5658 497658588 8 0
11800 497670388 43 0
6130 497676518 27 0
5658 497682176 13 0
5658 497687834 11 0
11781 497699615 47 0
6144 497705759 35 0
5639 497711398 17 0
5638 497717036 26 0
11817 497728853 34 0
6131 497734984 24 0
5651 497740635 21 1
5642 497746277 19 0
11814 497758091 44 0
6138 497764229 17 0
5658 497769887 11 0
5633 497775520 20 0
23219 497798739 440 11
6132 497804871 26 0
5637 497810508 22 0
5657 497816165 20 0
11815 497827980 32 0
6114 497834094 19 0
5638 497839732 16 0
5655 497845387 24 0
11818 497857205 34 0
6138 497863343 17 0
5642 497868985 23 0
5652 497874637 13 0
11780 497886417 44 0
6137 497892554 23 0
5655 497898209 24 0
5650 497903859 22 0
11791 497915650 37 0
6138 497921788 16 0
5662 497927450 23 0
5658 497933108 9 0
11795 497944903 31 0
6108 497951011 26 0
5652 497956663 16 0
5627 497962290 26 0
11792 497974082 39 0
6151 497980233 18 0
5633 497985866 24 0
5666 497991532 29 0
11782 498003314 49 0
6138 498009452 16 0
7009 498016461 47 0
5632 498022093 21 0
11788 498033881 38 0
6138 498040019 18 0
5658 498045677 13 0
5658 498051335 10 0
11810 498063145 43 0
6135 498069280 31 0
5632 498074912 23 0
5658 498080570 10 0
11803 498092373 34 0
6107 498098480 25 0
5658 498104138 10 0
5651 498109789 11 0
11814 498121603 32 0
6151 498127754 18 0
5643 498133397 21 0
5650 498139047 20 0
11794 498150841 29 0
6125 498156966 18 0
5658 498162624 9 0
5644 498168268 13 0
11811 498180079 46 0
6137 498186216 22 0
5658 498191874 9 0
5661 498197535 26 0
11808 498209343 38 0
6178 498215521 18 0
5625 498221146 20 0
5644 498226790 17 0
11790 498238580 31 0
6138 498244718 17 0
5658 498250376 11 0
5651 498256027 14 0
11825 498267852 29 0
6137 498273989 24 0
5645 498279634 16 0
5648 498285282 22 0
11778 498297060 36 0
6138 498303198 19 0
5655 498308853 27 0
5652 498314505 11 0
11795 498326300 50 0
6138 498332438 17 0
6116 498338554 20 0
5627 498344181 22 0
11789 498355970 40 0
6151 498362121 17 0
5655 498367776 61 5
5648 498373424 31 0
11817 498385241 26 0
7515 498392756 29 0
5658 498398414 12 0
5651 498404065 16 0
11807 498415872 33 0
6138 498422010 17 0
5658 498427668 11 0
5674 498433342 26 0
11797 498445139 31 0
6151 498451290 15 0
5658 498456948 11 0
5658 498462606 22 0
11807 498474413 43 0
6138 498480551 16 0
5621 498486172 16 0
5658 498491830 23 0
11832 498503662 37 0
6123 498509785 25 0
5651 498515436 20 0
5650 498521086 25 0
11770 498532856 28 0
6112 498538968 24 0
5658 498544626 9 0
5658 498550284 11 0
11783 498562067 37 0
6138 498568205 19 0
5652 498573857 13 0
5658 498579515 9 0
11765 498591280 43 0
6178 498597458 27 0
5631 498603089 23 0
5658 498608747 10 0
11817 498620564 30 0
6130 498626694 28 0
5651 498632345 20 0
5639 498637984 21 0
12684 498650668 98 6
6138 498656806 17 0
5625 498662431 17 0
5650 498668081 17 0
11805 498679886 25 0
6132 498686018 21 0
5631 498691649 20 0
5639 498697288 15 0
11820 498709108 38 0
6139 498715247 35 0
5658 498720905 11 0
5652 498726557 15 0
11797 498738354 39 0
6135 498744489 28 0
5651 498750140 19 0
5667 498755807 24 0
13188 498768995 54 0
6138 498775133 17 0
5640 498780773 16 0
5650 498786423 18 0
11806 498798229 37 0
6121 498804350 20 0
5652 498810002 23 0
5668 498815670 27 0
11797 498827467 35 0
6151 498833618 16 0
5649 498839267 20 0
5652 498844919 15 0
11792 498856711 37 0
6138 498862849 15 0
5650 498868499 18 0
5657 498874156 19 0
11830 498885986 32 0
6121 498892107 18 0
5660 498897767 26 0
5652 498903419 12 0
11779 498915198 35 0
6133 498921331 17 0
5666 498926997 24 0
5652 498932649 14 0
11781 498944430 39 0
6138 498950568 14 0
5633 498956201 17 0
5637 498961838 25 0
11784 498973622 36 0
6131 498979753 18 0
5658 498985411 13 0
5666 498991077 27 0
11816 499002893 34 0
6138 499009031 16 0
5634 499014665 20 0
5658 499020323 9 0
11807 499032130 46 0
6112 499038242 29 0
5648 499043890 25 0
5647 499049537 27 0
11806 499061343 26 0
6135 499067478 29 0
5658 499073136 12 0
5658 499078794 13 0
11787 499090581 35 0
6128 499096709 23 0
5627 499102336 20 0
5663 499107999 28 0
11816 499119815 45 0
6138 499125953 17 0
5644 499131597 18 0
5658 499137255 19 0
13185 499150440 48 0
649286 499799726 11717 685
267092 500066818 3871 266
6706 500073524 66 0
20094 500093618 530 14
6670 500100288 39 0
6715 500107003 21 0
6668 500113671 37 0
23813 500137484 537 6
6663 500144147 29 0
3804941 3804941 74805 974
12592117 16397058 58231 6761
19567134 35964192 18533 3786
18159732 54123924 23044 3965
19540270 73664194 18203 2406
19581952 93246146 18058 2996
18861465 112107611 23768 4985
18802533 130910144 18840 4138
19196443 150106587 18524 3105
19776027 169882614 18495 3882
19491069 189373683 21596 2745
19474151 208847834 18679 3706
19517833 228365667 18771 4054
19341410 247707077 18863 2821
18441294 266148371 26171 3796
19122603 285270974 19324 3227
19407024 304677998 20040 3820
19649271 324327269 19531 4307
19625620 343952889 20859 4465
19555196 363508085 19672 3837
19696636 383204721 19153 3906
19544537 402749258 19444 4030
19662436 422411694 20019 3497
19640260 442051954 19027 3908
19538071 461590025 19819 4806
19567994 481158019 19665 5086
12116629 493274648 29416 546
3152902 496427550 7197 75
5658 496433208 22 0
5658 496438866 11 0
11857 496450723 33 0
6138 496456861 15 0
5658 496462519 12 0
5658 496468177 12 0
11818 496479995 38 0
6151 496486146 20 0
7035 496493181 95 0
5658 496498839 14 0
11818 496510657 28 0
6138 496516795 18 0
5658 496522453 12 0
5658 496528111 11 0
11837 496539948 28 0
6138 496546086 17 0
5658 496551744 12 0
5658 496557402 13 0
11806 496569208 24 0
6138 496575346 15 0
5658 496581004 9 0
5658 496586662 10 0
11825 496598487 25 0
6138 496604625 16 0
5658 496610283 12 0
5658 496615941 10 0
11816 496627757 35 1
14318 496642075 271 40
5658 496647733 28 0
5658 496653391 13 0
11818 496665209 31 0
6138 496671347 16 0
5658 496677005 12 0
5658 496682663 12 0
11831 496694494 32 0
6138 496700632 15 0
5658 496706290 11 0
5658 496711948 11 0
11817 496723765 30 0
6151 496729916 15 0
5658 496735574 14 0
5658 496741232 12 0
11812 496753044 30 0
6116 496759160 16 0
6116 496765276 15 0
5658 496770934 14 0
11831 496782765 24 0
6137 496788902 22 0
5658 496794560 14 0
5658 496800218 14 0
11818 496812036 29 0
6138 496818174 20 0
5658 496823832 12 0
5658 496829490 11 0
11844 496841334 18 0
6138 496847472 18 0
5658 496853130 10 0
11811 496864941 31 0
5658 496870599 14 0
7528 496878127 34 0
5658 496883785 12 0
11823 496895608 30 0
5658 496901266 11 0
6138 496907404 16 0
5658 496913062 13 0
11830 496924892 30 0
5658 496930550 11 0
6138 496936688 16 0
5658 496942346 12 0
11812 496954158 34 0
6374 496960532 52 0
6644 496967176 28 0
6373 496973549 19 0
12949 496986498 39 0
5658 496992156 16 0
6138 496998294 20 0
6114 497004408 27 0
11814 497016222 30 0
6115 497022337 19 0
6110 497028447 22 0
6110 497034557 20 0
12230 497046787 39 0
6116 497052903 22 0
6110 497059013 22 0
6127 497065140 26 0
12226 497077366 36 0
6116 497083482 20 0
6116 497089598 21 0
6110 497095708 22 0
12213 497107921 37 0
6129 497114050 24 0
6116 497120166 20 0
6116 497126282 20 0
11886 497138168 38 0
5658 497143826 13 0
6138 497149964 23 0
5658 497155622 11 0
11836 497167458 24 0
5658 497173116 12 0
6138 497179254 17 0
5658 497184912 14 0
11817 497196729 28 0
5658 497202387 13 0
6164 497208551 19 0
5658 497214209 14 0
11812 497226021 27 0
5658 497231679 10 0
6138 497237817 17 0
5658 497243475 13 0
11841 497255316 28 0
7035 497262351 31 0
6138 497268489 20 0
5658 497274147 15 0
11817 497285964 35 0
5658 497291622 18 0
6132 497297754 21 0
5658 497303412 15 0
11831 497315243 28 0
5658 497320901 14 0
6138 497327039 19 0
5658 497332697 15 0
11818 497344515 26 0
5658 497350173 15 0
6151 497356324 21 0
5658 497361982 11 0
11818 497373800 30 0
5658 497379458 14 0
6126 497385584 18 0
5652 497391236 18 0
11831 497403067 29 0
5658 497408725 12 0
6138 497414863 19 0
5658 497420521 15 0
11818 497432339 28 0
5658 497437997 13 0
17692 497455689 394 5
5658 497461347 28 0
11818 497473165 30 0
5658 497478823 14 0
6138 497484961 19 0
5658 497490619 13 0
11896 497502515 29 0
5658 497508173 14 0
6138 497514311 23 0
5658 497519969 16 0
11818 497531787 28 0
5658 497537445 13 0
6138 497543583 20 0
5658 497549241 13 0
12713 497561954 86 3
5658 497567612 15 0
6138 497573750 20 0
5658 497579408 12 0
11818 497591226 25 0
5658 497596884 11 0
6164 497603048 22 0
5658 497608706 12 0
11872 497620578 30 0
5658 497626236 12 0
6138 497632374 21 0
5658 497638032 13 0
13371 497651403 52 0
5658 497657061 18 0
6138 497663199 19 0
5658 497668857 14 0
11838 497680695 30 0
5658 497686353 15 0
6151 497692504 16 0
5658 497698162 11 0
11817 497709979 31 0
5658 497715637 15 0
6145 497721782 18 0
5658 497727440 14 0
11819 497739259 28 0
5658 497744917 13 0
6133 497751050 19 0
5658 497756708 12 0
11923 497768631 27 0
5658 497774289 14 0
6138 497780427 20 0
5658 497786085 15 0
11824 497797909 28 0
5658 497803567 11 0
6138 497809705 15 0
5658 497815363 12 0
11818 497827181 26 0
5658 497832839 11 0
6149 497838988 20 0
5658 497844646 14 0
11848 497856494 26 0
5658 497862152 13 0
6138 497868290 19 0
5658 497873948 12 0
11831 497885779 31 0
5658 497891437 11 0
6138 497897575 16 0
5658 497903233 15 0
11818 497915051 28 0
5658 497920709 16 0
6151 497926860 17 0
5658 497932518 13 0
11824 497944342 33 0
5658 497950000 13 0
6131 497956131 19 0
5658 497961789 13 0
11919 497973708 30 0
5658 497979366 14 0
6138 497985504 15 0
5658 497991162 13 0
11817 498002979 29 0
5658 498008637 12 0
6132 498014769 20 0
7035 498021804 26 0
11966 498033770 27 0
5658 498039428 14 0
6138 498045566 20 0
5658 498051224 14 0
11953 498063177 27 0
5658 498068835 10 0
6151 498074986 19 0
5658 498080644 12 0
11933 498092577 25 0
5658 498098235 12 0
6138 498104373 18 0
5658 498110031 12 0
11846 498121877 27 0
5658 498127535 11 0
6138 498133673 17 0
5658 498139331 11 0
11818 498151149 30 0
5658 498156807 14 0
6139 498162946 20 0
5658 498168604 14 0
11823 498180427 30 0
5658 498186085 14 0
6138 498192223 19 0
5658 498197881 14 0
11825 498209706 29 0
5658 498215364 13 0
6138 498221502 19 0
5658 498227160 12 0
11823 498238983 33 0
5658 498244641 13 0
6138 498250779 18 0
5658 498256437 13 0
11836 498268273 33 0
5658 498273931 13 0
6138 498280069 19 0
5658 498285727 14 0
11823 498297550 29 0
5658 498303208 14 0
6157 498309365 23 0
5658 498315023 14 0
11833 498326856 30 0
5658 498332514 14 0
6131 498338645 21 0
5658 498344303 13 0
11996 498356299 28 0
5658 498361957 13 0
6138 498368095 20 0
5658 498373753 14 0
11903 498385656 25 0
5658 498391314 10 0
7528 498398842 32 0
5658 498404500 15 0
11818 498416318 29 0
5658 498421976 14 0
6132 498428108 20 0
5658 498433766 13 0
11831 498445597 30 0
5658 498451255 15 0
6145 498457400 19 0
5658 498463058 14 0
11816 498474874 38 0
5658 498480532 15 0
6138 498486670 20 0
5658 498492328 14 0
11829 498504157 42 0
5658 498509815 14 0
6138 498515953 20 0
5658 498521611 15 0
11818 498533429 25 0
5658 498539087 14 0
6150 498545237 20 0
5658 498550895 15 0
11823 498562718 31 0
5658 498568376 11 0
6138 498574514 17 0
5658 498580172 14 0
11836 498592008 27 0
5658 498597666 9 0
6138 498603804 15 0
5658 498609462 13 0
11818 498621280 26 0
5658 498626938 12 0
6151 498633089 17 0
5658 498638747 12 0
11823 498650570 24 0
5658 498656228 11 0
6138 498662366 15 0
5658 498668024 10 0
11829 498679853 33 0
5658 498685511 11 0
626650 499312161 11094 604
267922 499580083 4205 216
13159 499593242 69 0
6396 499599638 29 0
12319 499611957 356 18
7014 499618971 46 0
13259 499632230 46 0
8372 499640602 151 3
6596 499647198 28 0
2099769 2099769 45471 353
8483677 10583446 80209 5693
19302832 29886278 20143 3941
19354270 49240548 20022 4090
11498131 60738679 12017 1709
7740974 68479653 6710 684
19694021 88173674 18706 2016
18916510 107090184 23628 5423
19098059 126188243 18634 3850
19355407 145543650 18635 4119
19443354 164987004 20944 3259
19730136 184717140 18635 3431
19693433 204410573 18490 2983
19721151 224131724 18524 4402
19317978 243449702 20502 2706
18679759 262129461 23830 3795
19096798 281226259 18620 3559
19475465 300701724 19147 3289
19691732 320393456 19615 4058
19686469 340079925 19346 4273
19605018 359684943 19439 4177
19672888 379357831 19156 4073
19690491 399048322 19642 3410
19749495 418797817 18824 3925
19636572 438434389 18790 3702
19621437 458055826 19223 4666
19640710 477696536 19872 4963
16082812 493779348 31057 2280
5706113 499485461 11051 86
6119 499491580 364 2
11761 499503341 46 0
6145 499509486 24 0
5658 499515144 10 0
5658 499520802 7 0
11794 499532596 31 0
6132 499538728 17 0
5658 499544386 11 0
5658 499550044 8 0
11805 499561849 43 0
6138 499567987 18 0
5646 499573633 20 0
5658 499579291 12 0
11769 499591060 35 0
6138 499597198 18 0
5658 499602856 12 0
5657 499608513 13 0
11830 499620343 23 0
6137 499626480 19 0
5646 499632126 13 0
5658 499637784 12 0
11781 499649565 33 0
6151 499655716 17 0
5645 499661361 17 0
5658 499667019 11 0
13171 499680190 110 0
6138 499686328 15 0
5658 499691986 8 0
5658 499697644 8 0
11830 499709474 22 0
6138 499715612 14 0
5652 499721264 12 0
5658 499726922 11 0
11818 499738740 20 0
6164 499744904 15 0
5658 499750562 12 0
5652 499756214 16 0
11810 499768024 41 0
6132 499774156 16 0
5657 499779813 16 0
5651 499785464 14 0
11805 499797269 47 0
6126 499803395 20 0
5646 499809041 14 0
5658 499814699 8 0
11818 499826517 23 0
6132 499832649 17 0
5658 499838307 14 0
5651 499843958 15 0
11829 499855787 32 0
6138 499861925 16 0
5663 499867588 20 0
5658 499873246 11 0
11797 499885043 45 0
6120 499891163 22 0
5639 499896802 21 0
5650 499902452 19 0
11787 499914239 35 0
6138 499920377 18 0
5616 499925993 16 0
5652 499931645 12 0
11813 499943458 33 0
6138 499949596 17 0
5658 499955254 12 0
5652 499960906 12 0
11812 499972718 26 0
7039 499979757 99 7
5658 499985415 13 0
5652 499991067 13 0
12522 500003589 67 0
6906 500010495 70 3
6373 500016868 20 0
6333 500023201 15 0
12294 500035495 32 0
6126 500041621 18 0
6121 500047742 21 0
7035 500054777 29 1
12228 500067005 32 0
6116 500073121 16 0
6129 500079250 16 0
6086 500085336 19 0
12190 500097526 42 0
6116 500103642 14 0
6116 500109758 15 0
6098 500115856 21 0
12246 500128102 34 0
6104 500134206 20 0
6116 500140322 19 0
6116 500146438 19 0
12232 500158670 27 1
6111 500164781 20 0
6104 500170885 18 0
5652 500176537 16 0
11803 500188340 29 0
6132 500194472 18 0
5634 500200106 14 0
5657 500205763 17 0
11800 500217563 39 0
6145 500223708 22 0
5658 500229366 12 0
5658 500235024 8 0
11818 500246842 18 0
6138 500252980 15 0
5652 500258632 13 0
5651 500264283 13 0
11771 500276054 28 0
6138 500282192 18 0
5646 500287838 16 0
5651 500293489 13 0
11768 500305257 37 0
6120 500311377 19 0
5658 500317035 12 0
5639 500322674 16 0
11824 500334498 39 0
6138 500340636 17 0
5652 500346288 12 0
5658 500351946 8 0
11818 500363764 21 0
6150 500369914 17 0
5658 500375572 14 0
5658 500381230 8 0
11800 500393030 27 0
6138 500399168 18 0
5658 500404826 12 0
5658 500410484 10 0
11813 500422297 32 0
6138 500428435 18 0
7029 500435464 35 0
5658 500441122 10 0
11779 500452901 38 0
6151 500459052 14 0
5651 500464703 19 0
5658 500470361 7 0
11818 500482179 18 0
6138 500488317 12 0
5652 500493969 13 0
5651 500499620 19 0
11840 500511460 37 0
6126 500517586 18 0
5640 500523226 14 0
5658 500528884 14 0
11769 500540653 35 0
6128 500546781 21 0
5658 500552439 8 0
5657 500558096 17 0
11819 500569915 37 0
6132 500576047 17 0
5640 500581687 17 0
5652 500587339 14 0
11781 500599120 35 0
6138 500605258 23 0
5640 500610898 15 0
5651 500616549 18 0
11804 500628353 31 0
6132 500634485 14 0
5634 500640119 16 0
16945 500657064 391 4
11806 500668870 64 0
6131 500675001 23 0
5652 500680653 9 0
5652 500686305 10 0
11812 500698117 23 0
6145 500704262 15 0
5652 500709914 15 0
5658 500715572 11 0
11807 500727379 41 0
6136 500733515 24 0
5658 500739173 14 0
5658 500744831 11 0
11812 500756643 31 0
6132 500762775 19 0
5652 500768427 14 0
5658 500774085 8 0
11787 500785872 29 0
6112 500791984 27 0
5640 500797624 14 0
5652 500803276 14 0
13208 500816484 36 0
6138 500822622 16 0
5652 500828274 16 0
5658 500833932 11 0
11818 500845750 17 0
6145 500851895 18 0
5652 500857547 11 0
11804 500869351 31 0
5657 500875008 15 0
6138 500881146 14 0
5644 500886790 20 0
11826 500898616 30 0
5658 500904274 13 0
6150 500910424 19 0
5639 500916063 15 0
11805 500927868 34 0
5651 500933519 12 0
6151 500939670 15 0
5658 500945328 14 0
11812 500957140 22 0
5658 500962798 10 0
6138 500968936 15 0
5652 500974588 10 0
11805 500986393 35 0
5652 500992045 15 0
6138 500998183 18 0
5658 501003841 14 0
11804 501015645 28 0
5652 501021297 13 0
6138 501027435 15 0
5629 501033064 14 0
11747 501044811 33 0
5658 501050469 10 0
6138 501056607 21 0
5658 501062265 12 0
11818 501074083 29 0
5658 501079741 12 0
6133 501085874 18 0
5658 501091532 10 0
11797 501103329 36 0
5657 501108986 17 0
6138 501115124 18 0
5658 501120782 14 0
11828 501132610 34 0
5652 501138262 15 0
6126 501144388 20 0
5658 501150046 10 0
11799 501161845 35 0
5658 501167503 20 0
6145 501173648 20 0
5651 501179299 18 0
13159 501192458 48 0
5646 501198104 13 0
6138 501204242 16 0
5652 501209894 14 0
11811 501221705 33 0
5657 501227362 17 0
6138 501233500 15 0
5658 501239158 12 0
11817 501250975 29 0
5658 501256633 10 0
6138 501262771 17 0
5658 501268429 14 0
11857 501280286 26 0
5658 501285944 12 0
6125 501292069 23 0
5658 501297727 11 0
11815 501309542 32 0
5650 501315192 17 0
14760 501329952 259 59
5665 501335617 31 0
11781 501347398 35 0
5658 501353056 11 0
6126 501359182 18 0
5652 501364834 12 0
11823 501376657 38 0
5651 501382308 18 0
6137 501388445 20 0
5652 501394097 14 0
11793 501405890 32 0
5658 501411548 10 0
6151 501417699 15 0
5658 501423357 8 0
11799 501435156 27 0
5652 501440808 19 0
6116 501446924 13 0
6098 501453022 19 0
11819 501464841 24 0
5658 501470499 9 0
6138 501476637 18 0
5658 501482295 11 0
11818 501494113 23 0
5658 501499771 11 0
6138 501505909 15 0
5658 501511567 9 0
11830 501523397 24 0
5658 501529055 11 0
6138 501535193 15 0
5652 501540845 15 0
11787 501552632 34 0
5658 501558290 12 0
6145 501564435 21 0
5658 501570093 10 0
13194 501583287 39 0
5658 501588945 10 0
6138 501595083 16 0
5640 501600723 18 0
11841 501612564 38 0
5658 501618222 13 0
6138 501624360 13 0
5658 501630018 11 0
11806 501641824 29 0
5658 501647482 9 0
6165 501653647 20 0
5652 501659299 14 0
11799 501671098 39 0
5658 501676756 12 0
6138 501682894 13 0
5658 501688552 13 0
11830 501700382 23 0
5658 501706040 12 0
6108 501712148 20 0
5645 501717793 16 0
11799 501729592 36 0
5652 501735244 12 0
6138 501741382 16 0
893424 502634806 15545 765
12465 502647271 361 0
6818 502654089 33 0
6632 502660721 26 0
11925 502672646 353 17
13125 502685771 59 0
6393 502692164 18 0
6130 502698294 28 0
