1452026, 1452026, 32938, 460, 4
6145968, 7597994, 87141, 9124, 15
19038985, 26636979, 21832, 5138, 11
18955946, 45592925, 24345, 4779, 11
18914256, 64507181, 20021, 4684, 11
19471977, 83979158, 20546, 4383, 11
19432503, 103411661, 21206, 5022, 11
18700945, 122112606, 26916, 6653, 2
19092878, 141205484, 21538, 4820, 11
19408212, 160613696, 21265, 4735, 11
19195310, 179809006, 21259, 4911, 11
19230924, 199039930, 24137, 4318, 11
19582703, 218622633, 21640, 5181, 11
19396383, 238019016, 21446, 4775, 11
18914049, 256933065, 26798, 4803, 11
19411411, 276344476, 20017, 4659, 11
18885733, 295230209, 19407, 5050, 11
19328092, 314558301, 19721, 4719, 11
19302969, 333861270, 19859, 4840, 11
19607314, 353468584, 20020, 5271, 11
19559528, 373028112, 19666, 4923, 11
19764267, 392792379, 19201, 4823, 11
19549103, 412341482, 19586, 5154, 11
19584187, 431925669, 20113, 4659, 11
19587104, 451512773, 19294, 5280, 11
19574055, 471086828, 19335, 5241, 11
17639046, 488725874, 26859, 3365, 7
7611293, 496337167, 19198, 305, 12
6126, 496343293, 343, 8, 1
5640, 496348933, 27, 0, 1
6115, 496355048, 37, 0, 1
11796, 496366844, 28, 0, 1
5639, 496372483, 19, 0, 1
5651, 496378134, 25, 0, 1
6151, 496384285, 25, 0, 1
11770, 496396055, 35, 0, 1
5634, 496401689, 16, 0, 1
5640, 496407329, 14, 0, 1
6160, 496413489, 17, 0, 1
20915, 496434404, 328, 9, 1
5658, 496440062, 27, 0, 1
5658, 496445720, 12, 0, 1
6133, 496451853, 31, 0, 1
11776, 496463629, 29, 0, 1
5651, 496469280, 28, 0, 1
5652, 496474932, 21, 0, 1
7544, 496482476, 98, 16, 1
11796, 496494272, 23, 0, 1
5640, 496499912, 16, 0, 1
5658, 496505570, 10, 0, 1
11805, 496517375, 30, 0, 1
6138, 496523513, 15, 0, 1
5658, 496529171, 9, 0, 1
5658, 496534829, 8, 0, 1
11818, 496546647, 42, 0, 1
6138, 496552785, 17, 0, 1
5639, 496558424, 18, 0, 1
5658, 496564082, 13, 0, 1
11798, 496575880, 37, 0, 1
6151, 496582031, 16, 0, 1
5621, 496587652, 20, 0, 1
5646, 496593298, 18, 0, 1
11814, 496605112, 55, 0, 1
6114, 496611226, 27, 0, 1
5625, 496616851, 21, 0, 1
5649, 496622500, 31, 0, 1
11843, 496634343, 36, 0, 1
6138, 496640481, 17, 0, 1
5658, 496646139, 10, 0, 1
5652, 496651791, 16, 0, 1
11771, 496663562, 45, 0, 1
6149, 496669711, 31, 0, 1
5658, 496675369, 16, 0, 1
5658, 496681027, 11, 0, 1
11765, 496692792, 48, 0, 1
6138, 496698930, 17, 0, 1
5634, 496704564, 20, 0, 1
5658, 496710222, 13, 0, 1
11821, 496722043, 56, 0, 1
6138, 496728181, 18, 0, 1
5658, 496733839, 10, 0, 1
5658, 496739497, 10, 0, 1
11766, 496751263, 40, 0, 1
6145, 496757408, 15, 0, 1
5656, 496763064, 24, 0, 1
5658, 496768722, 10, 0, 1
11816, 496780538, 40, 0, 1
6126, 496786664, 18, 0, 1
5628, 496792292, 18, 0, 1
5652, 496797944, 12, 0, 1
11775, 496809719, 32, 0, 1
6151, 496815870, 19, 0, 1
5658, 496821528, 14, 0, 1
5652, 496827180, 18, 0, 1
11812, 496838992, 32, 0, 1
6130, 496845122, 24, 0, 1
5658, 496850780, 19, 0, 1
7034, 496857814, 38, 2, 1
11829, 496869643, 45, 0, 1
6659, 496876302, 72, 0, 1
6333, 496882635, 28, 0, 1
5637, 496888272, 26, 0, 1
13025, 496901297, 44, 0, 1
6608, 496907905, 23, 0, 1
6115, 496914020, 23, 0, 1
5658, 496919678, 15, 0, 1
12248, 496931926, 32, 0, 1
6116, 496938042, 21, 0, 1
6098, 496944140, 25, 0, 1
6110, 496950250, 21, 0, 1
12239, 496962489, 29, 0, 1
6097, 496968586, 27, 0, 1
6110, 496974696, 21, 0, 1
6116, 496980812, 18, 0, 1
12226, 496993038, 34, 0, 1
6116, 496999154, 19, 0, 1
6155, 497005309, 20, 0, 1
6116, 497011425, 18, 0, 1
12226, 497023651, 36, 0, 1
6116, 497029767, 19, 0, 1
6116, 497035883, 18, 0, 1
5658, 497041541, 13, 0, 1
12260, 497053801, 35, 0, 1
6110, 497059911, 21, 0, 1
6103, 497066014, 26, 0, 1
5658, 497071672, 15, 0, 1
11777, 497083449, 42, 0, 1
6132, 497089581, 15, 0, 1
5633, 497095214, 19, 0, 1
5646, 497100860, 13, 0, 1
11810, 497112670, 42, 0, 1
6138, 497118808, 15, 0, 1
5615, 497124423, 18, 0, 1
5652, 497130075, 14, 0, 1
11794, 497141869, 37, 0, 1
6151, 497148020, 18, 0, 1
5658, 497153678, 15, 0, 1
5646, 497159324, 17, 0, 1
11818, 497171142, 26, 0, 1
6132, 497177274, 21, 0, 1
5658, 497182932, 14, 0, 1
5652, 497188584, 18, 0, 1
11787, 497200371, 44, 0, 1
6138, 497206509, 19, 0, 1
5652, 497212161, 19, 0, 1
5658, 497217819, 16, 0, 1
11814, 497229633, 37, 0, 1
6138, 497235771, 17, 0, 1
7035, 497242806, 26, 0, 1
5658, 497248464, 15, 0, 1
11830, 497260294, 33, 0, 1
6138, 497266432, 16, 0, 1
5658, 497272090, 20, 0, 1
5658, 497277748, 13, 0, 1
11787, 497289535, 43, 0, 1
6140, 497295675, 18, 0, 1
5658, 497301333, 14, 0, 1
5658, 497306991, 13, 0, 1
11818, 497318809, 24, 0, 1
6138, 497324947, 19, 0, 1
5652, 497330599, 18, 0, 1
5651, 497336250, 19, 0, 1
12704, 497348954, 124, 11, 1
6138, 497355092, 18, 0, 1
5652, 497360744, 18, 0, 1
5658, 497366402, 12, 0, 1
11818, 497378220, 23, 0, 1
6158, 497384378, 20, 0, 1
5610, 497389988, 19, 0, 1
5658, 497395646, 14, 0, 1
11799, 497407445, 35, 0, 1
6138, 497413583, 17, 0, 1
5658, 497419241, 14, 0, 1
5658, 497424899, 14, 0, 1
11811, 497436710, 37, 0, 1
6138, 497442848, 19, 0, 1
5658, 497448506, 14, 0, 1
5658, 497454164, 9, 0, 1
11779, 497465943, 40, 0, 1
6138, 497472081, 17, 0, 1
5652, 497477733, 17, 0, 1
5658, 497483391, 17, 0, 1
11807, 497495198, 32, 0, 1
6133, 497501331, 20, 0, 1
5658, 497506989, 15, 0, 1
5658, 497512647, 13, 0, 1
11812, 497524459, 23, 0, 1
6151, 497530610, 18, 0, 1
5640, 497536250, 25, 0, 1
5651, 497541901, 15, 0, 1
11791, 497553692, 45, 0, 1
6138, 497559830, 19, 0, 1
5651, 497565481, 17, 0, 1
5658, 497571139, 18, 0, 1
11825, 497582964, 25, 0, 1
6138, 497589102, 20, 0, 1
5640, 497594742, 18, 0, 1
5658, 497600400, 14, 0, 1
11812, 497612212, 27, 0, 1
7528, 497619740, 33, 0, 1
5658, 497625398, 13, 0, 1
5646, 497631044, 14, 0, 1
11818, 497642862, 23, 0, 1
6107, 497648969, 23, 0, 1
5658, 497654627, 14, 0, 1
5657, 497660284, 17, 0, 1
11830, 497672114, 35, 0, 1
6138, 497678252, 18, 0, 1
5663, 497683915, 18, 0, 1
5658, 497689573, 14, 0, 1
11803, 497701376, 40, 0, 1
6144, 497707520, 19, 0, 1
5658, 497713178, 12, 0, 1
5652, 497718830, 17, 0, 1
11825, 497730655, 25, 0, 1
6132, 497736787, 17, 0, 1
5639, 497742426, 19, 0, 1
5658, 497748084, 14, 0, 1
11814, 497759898, 34, 0, 1
6164, 497766062, 19, 0, 1
5658, 497771720, 10, 0, 1
5658, 497777378, 9, 0, 1
11818, 497789196, 23, 0, 1
6138, 497795334, 18, 0, 1
6104, 497801438, 23, 0, 1
5657, 497807095, 18, 0, 1
11809, 497818904, 23, 0, 1
6132, 497825036, 21, 0, 1
5640, 497830676, 14, 0, 1
5652, 497836328, 14, 0, 1
11793, 497848121, 23, 0, 1
6156, 497854277, 23, 0, 1
5634, 497859911, 18, 0, 1
5658, 497865569, 15, 0, 1
11818, 497877387, 30, 0, 1
6132, 497883519, 19, 0, 1
5634, 497889153, 19, 0, 1
5658, 497894811, 11, 0, 1
11796, 497906607, 30, 0, 1
6138, 497912745, 16, 0, 1
5658, 497918403, 10, 0, 1
5658, 497924061, 9, 0, 1
11796, 497935857, 39, 0, 1
6138, 497941995, 18, 0, 1
5658, 497947653, 13, 0, 1
5657, 497953310, 15, 0, 1
11831, 497965141, 24, 0, 1
6138, 497971279, 14, 0, 1
5658, 497976937, 12, 0, 1
5658, 497982595, 12, 0, 1
13144, 497995739, 48, 0, 1
6151, 498001890, 22, 0, 1
5652, 498007542, 15, 0, 1
5658, 498013200, 11, 0, 1
11803, 498025003, 48, 0, 1
6138, 498031141, 20, 0, 1
5658, 498036799, 11, 0, 1
5658, 498042457, 18, 0, 1
11801, 498054258, 32, 0, 1
6126, 498060384, 18, 0, 1
5658, 498066042, 13, 0, 1
5658, 498071700, 17, 0, 1
11810, 498083510, 32, 0, 1
6144, 498089654, 25, 0, 1
5658, 498095312, 12, 0, 1
5651, 498100963, 13, 0, 1
11788, 498112751, 31, 0, 1
6138, 498118889, 18, 0, 1
5634, 498124523, 16, 0, 1
5658, 498130181, 10, 0, 1
11805, 498141986, 31, 0, 1
6137, 498148123, 26, 0, 1
5658, 498153781, 11, 0, 1
5651, 498159432, 20, 0, 1
11805, 498171237, 31, 0, 1
6138, 498177375, 20, 0, 1
5658, 498183033, 15, 0, 1
5652, 498188685, 17, 0, 1
11824, 498200509, 37, 0, 1
6138, 498206647, 19, 0, 1
5657, 498212304, 18, 0, 1
5658, 498217962, 14, 0, 1
11817, 498229779, 29, 0, 1
6157, 498235936, 21, 0, 1
5658, 498241594, 13, 0, 1
5658, 498247252, 12, 0, 1
11812, 498259064, 20, 0, 1
6138, 498265202, 22, 0, 1
5652, 498270854, 17, 0, 1
5658, 498276512, 12, 0, 1
11830, 498288342, 33, 0, 1
6132, 498294474, 25, 0, 1
5652, 498300126, 13, 0, 1
5657, 498305783, 15, 0, 1
11817, 498317600, 23, 0, 1
6151, 498323751, 18, 0, 1
5658, 498329409, 13, 0, 1
5658, 498335067, 13, 0, 1
11807, 498346874, 46, 0, 1
6138, 498353012, 23, 0, 1
5640, 498358652, 17, 0, 1
5658, 498364310, 15, 0, 1
13188, 498377498, 48, 0, 1
6132, 498383630, 19, 0, 1
5652, 498389282, 14, 0, 1
5651, 498394933, 14, 0, 1
11812, 498406745, 34, 0, 1
6138, 498412883, 16, 0, 1
5658, 498418541, 11, 0, 1
5658, 498424199, 16, 0, 1
11813, 498436012, 39, 0, 1
6138, 498442150, 14, 0, 1
5658, 498447808, 9, 0, 1
5658, 498453466, 9, 0, 1
11818, 498465284, 25, 0, 1
6151, 498471435, 15, 0, 1
5658, 498477093, 10, 0, 1
5658, 498482751, 12, 0, 1
11812, 498494563, 20, 0, 1
6138, 498500701, 17, 0, 1
5658, 498506359, 10, 0, 1
5658, 498512017, 9, 0, 1
11844, 498523861, 13, 0, 1
6138, 498529999, 13, 0, 1
5628, 498535627, 21, 0, 1
5658, 498541285, 11, 0, 1
11818, 498553103, 15, 0, 1
6151, 498559254, 23, 0, 1
5658, 498564912, 13, 0, 1
11818, 498576730, 29, 0, 1
5658, 498582388, 10, 0, 1
6138, 498588526, 19, 0, 1
5658, 498594184, 12, 0, 1
11831, 498606015, 37, 0, 1
5658, 498611673, 15, 0, 1
9477, 498621150, 175, 8, 1
888595, 499509745, 15466, 1865, 5
13410, 499523155, 88, 1, 1
6372, 499529527, 42, 0, 1
12276, 499541803, 358, 28, 1
6860, 499548663, 39, 0, 1
13356, 499562019, 61, 0, 1
7988, 499570007, 141, 6, 1
6624, 499576631, 26, 0, 1
1019942, 1019942, 23577, 491, 5
6158275, 7178217, 88792, 8574, 15
17743645, 24921862, 29767, 5791, 2
19303044, 44224906, 20237, 4737, 11
18321978, 62546884, 21210, 4665, 11
19608411, 82155295, 18052, 4462, 11
19460348, 101615643, 17885, 5073, 11
18397573, 120013216, 24355, 6398, 2
18933943, 138947159, 19053, 4805, 11
19641042, 158588201, 18272, 4839, 11
19586338, 178174539, 20347, 4985, 11
19519554, 197694093, 18450, 4280, 11
19380799, 217074892, 19046, 5091, 11
19465103, 236539995, 18221, 4851, 11
18188392, 254728387, 25070, 4591, 11
19541572, 274269959, 18883, 4686, 11
18844633, 293114592, 19530, 5031, 11
19542217, 312656809, 18905, 4856, 11
19586299, 332243108, 19303, 4925, 11
19588535, 351831643, 19099, 5083, 11
19473823, 371305466, 19904, 4915, 11
19665569, 390971035, 19136, 4724, 11
19595260, 410566295, 18864, 5104, 11
19511839, 430078134, 19206, 4825, 11
19565582, 449643716, 19563, 5064, 11
19565105, 469208821, 19056, 5230, 11
17475941, 486684762, 27398, 3878, 11
9534796, 496219558, 17506, 105, 12
201869, 496421427, 2658, 171, 1
5658, 496427085, 11, 0, 1
6173, 496433258, 17, 0, 1
5657, 496438915, 19, 0, 1
11711, 496450626, 42, 0, 1
5646, 496456272, 15, 2, 1
6124, 496462396, 22, 0, 1
5658, 496468054, 9, 0, 1
11789, 496479843, 31, 0, 1
5658, 496485501, 10, 0, 1
6186, 496491687, 15, 0, 1
5632, 496497319, 20, 0, 1
11778, 496509097, 40, 0, 1
5646, 496514743, 21, 0, 1
6160, 496520903, 17, 0, 1
5645, 496526548, 19, 0, 1
11801, 496538349, 38, 0, 1
5656, 496544005, 27, 0, 1
6160, 496550165, 17, 0, 1
5658, 496555823, 12, 0, 1
11750, 496567573, 45, 0, 1
5662, 496573235, 24, 0, 1
15236, 496588471, 302, 10, 1
5658, 496594129, 29, 0, 1
11790, 496605919, 36, 0, 1
5658, 496611577, 14, 0, 1
7537, 496619114, 98, 2, 1
5658, 496624772, 10, 0, 1
11792, 496636564, 51, 0, 1
5658, 496642222, 7, 0, 1
6118, 496648340, 19, 0, 1
5654, 496653994, 22, 0, 1
11771, 496665765, 43, 0, 1
5658, 496671423, 14, 0, 1
6160, 496677583, 21, 0, 1
5620, 496683203, 18, 0, 1
11751, 496694954, 47, 0, 1
5660, 496700614, 19, 0, 1
6160, 496706774, 16, 0, 1
5656, 496712430, 17, 0, 1
11761, 496724191, 55, 0, 1
5658, 496729849, 10, 0, 1
7061, 496736910, 85, 9, 1
5658, 496742568, 13, 0, 1
11777, 496754345, 38, 0, 1
5637, 496759982, 23, 0, 1
6153, 496766135, 24, 0, 1
5658, 496771793, 12, 0, 1
11730, 496783523, 38, 0, 1
5658, 496789181, 10, 0, 1
6160, 496795341, 15, 0, 1
5645, 496800986, 16, 0, 1
11795, 496812781, 31, 0, 1
5658, 496818439, 13, 0, 1
6142, 496824581, 26, 0, 1
5658, 496830239, 13, 0, 1
11752, 496841991, 35, 0, 1
5658, 496847649, 9, 0, 1
6147, 496853796, 24, 0, 1
5658, 496859454, 18, 0, 1
11810, 496871264, 29, 0, 1
5646, 496876910, 19, 0, 1
6130, 496883040, 23, 0, 1
5646, 496888686, 21, 0, 1
11785, 496900471, 34, 0, 1
5650, 496906121, 17, 0, 1
6173, 496912294, 16, 0, 1
5646, 496917940, 18, 0, 1
11754, 496929694, 33, 0, 1
5658, 496935352, 10, 0, 1
6160, 496941512, 15, 0, 1
5657, 496947169, 22, 0, 1
12985, 496960154, 79, 0, 1
5643, 496965797, 22, 0, 1
6668, 496972465, 33, 0, 1
6329, 496978794, 28, 0, 1
12684, 496991478, 47, 0, 1
7017, 496998495, 41, 5, 1
6126, 497004621, 21, 0, 1
6129, 497010750, 18, 0, 1
12214, 497022964, 43, 0, 1
6085, 497029049, 25, 0, 1
6092, 497035141, 22, 0, 1
6110, 497041251, 18, 0, 1
12182, 497053433, 37, 0, 1
6099, 497059532, 24, 0, 1
6116, 497065648, 18, 0, 1
6080, 497071728, 22, 0, 1
12188, 497083916, 46, 0, 1
6116, 497090032, 15, 0, 1
6091, 497096123, 29, 0, 1
6090, 497102213, 28, 0, 1
12212, 497114425, 46, 0, 1
5647, 497120072, 25, 0, 1
6138, 497126210, 17, 0, 1
6103, 497132313, 22, 0, 1
12214, 497144527, 30, 0, 1
5644, 497150171, 17, 0, 1
6144, 497156315, 27, 0, 1
5655, 497161970, 24, 0, 1
11764, 497173734, 36, 0, 1
5658, 497179392, 10, 0, 1
6142, 497185534, 22, 0, 1
5630, 497191164, 21, 0, 1
11781, 497202945, 32, 0, 1
5658, 497208603, 16, 0, 1
6173, 497214776, 18, 0, 1
5644, 497220420, 17, 0, 1
11762, 497232182, 36, 0, 1
5658, 497237840, 10, 0, 1
6123, 497243963, 25, 0, 1
5658, 497249621, 14, 0, 1
11790, 497261411, 34, 0, 1
5652, 497267063, 14, 0, 1
6160, 497273223, 15, 0, 1
5627, 497278850, 22, 0, 1
11751, 497290601, 42, 0, 1
5658, 497296259, 13, 0, 1
6173, 497302432, 18, 0, 1
5620, 497308052, 21, 0, 1
11805, 497319857, 39, 0, 1
5658, 497325515, 16, 0, 1
6160, 497331675, 15, 0, 1
5658, 497337333, 12, 0, 1
11777, 497349110, 39, 0, 1
5658, 497354768, 22, 0, 1
6160, 497360928, 17, 0, 1
5640, 497366568, 18, 0, 1
13160, 497379728, 38, 0, 1
5658, 497385386, 14, 0, 1
6173, 497391559, 17, 0, 1
5658, 497397217, 15, 0, 1
11783, 497409000, 27, 0, 1
5646, 497414646, 21, 0, 1
6153, 497420799, 22, 0, 1
5651, 497426450, 16, 0, 1
11768, 497438218, 48, 2, 1
5666, 497443884, 30, 0, 1
6173, 497450057, 17, 0, 1
5640, 497455697, 18, 0, 1
11795, 497467492, 34, 0, 1
5658, 497473150, 12, 0, 1
6153, 497479303, 16, 0, 1
5637, 497484940, 24, 0, 1
11760, 497496700, 30, 0, 1
5658, 497502358, 9, 0, 1
6142, 497508500, 23, 0, 1
5645, 497514145, 17, 0, 1
11777, 497525922, 32, 0, 1
5640, 497531562, 18, 0, 1
6173, 497537735, 20, 0, 1
5628, 497543363, 24, 0, 1
11771, 497555134, 42, 0, 1
5651, 497560785, 23, 0, 1
6130, 497566915, 23, 0, 1
5639, 497572554, 22, 0, 1
11772, 497584326, 36, 0, 1
5658, 497589984, 13, 0, 1
6148, 497596132, 22, 0, 1
5648, 497601780, 26, 0, 1
11794, 497613574, 28, 0, 1
5657, 497619231, 17, 0, 1
6162, 497625393, 22, 0, 1
11789, 497637182, 44, 0, 1
5658, 497642840, 14, 0, 1
5658, 497648498, 12, 0, 1
6158, 497654656, 26, 0, 1
11781, 497666437, 38, 0, 1
5646, 497672083, 18, 0, 1
5658, 497677741, 17, 0, 1
6173, 497683914, 16, 0, 1
11783, 497695697, 46, 0, 1
5658, 497701355, 14, 0, 1
5651, 497707006, 14, 0, 1
6154, 497713160, 20, 0, 1
11795, 497724955, 39, 0, 1
5658, 497730613, 14, 0, 1
5658, 497736271, 13, 0, 1
6160, 497742431, 14, 0, 1
13166, 497755597, 49, 0, 1
5658, 497761255, 13, 0, 1
5658, 497766913, 10, 0, 1
6161, 497773074, 17, 0, 1
11782, 497784856, 32, 0, 1
5658, 497790514, 13, 0, 1
5658, 497796172, 11, 0, 1
6160, 497802332, 19, 0, 1
11809, 497814141, 21, 0, 1
5646, 497819787, 13, 0, 1
5658, 497825445, 13, 0, 1
6159, 497831604, 23, 0, 1
11796, 497843400, 25, 0, 1
5658, 497849058, 11, 0, 1
5658, 497854716, 16, 0, 1
6173, 497860889, 16, 0, 1
11776, 497872665, 37, 0, 1
5658, 497878323, 18, 0, 1
5658, 497883981, 13, 0, 1
6142, 497890123, 24, 0, 1
11777, 497901900, 32, 0, 1
5658, 497907558, 11, 0, 1
5658, 497913216, 16, 0, 1
6173, 497919389, 16, 0, 1
11778, 497931167, 34, 0, 1
5652, 497936819, 13, 0, 1
5658, 497942477, 13, 0, 1
6159, 497948636, 23, 0, 1
11809, 497960445, 27, 0, 1
5658, 497966103, 12, 0, 1
5658, 497971761, 14, 0, 1
6160, 497977921, 14, 0, 1
11784, 497989705, 32, 0, 1
5658, 497995363, 12, 0, 1
5651, 498001014, 13, 0, 1
6168, 498007182, 18, 0, 1
11796, 498018978, 25, 0, 1
5658, 498024636, 11, 0, 1
5658, 498030294, 11, 0, 1
6135, 498036429, 24, 0, 1
11810, 498048239, 49, 0, 1
5658, 498053897, 17, 0, 1
5658, 498059555, 12, 0, 1
6160, 498065715, 20, 0, 1
11796, 498077511, 22, 0, 1
5658, 498083169, 14, 0, 1
5658, 498088827, 7, 0, 1
6167, 498094994, 17, 0, 1
11752, 498106746, 38, 0, 1
5658, 498112404, 14, 0, 1
5658, 498118062, 13, 0, 1
6136, 498124198, 22, 0, 1
13142, 498137340, 51, 0, 1
5657, 498142997, 16, 0, 1
5658, 498148655, 12, 0, 1
6173, 498154828, 17, 0, 1
11796, 498166624, 23, 0, 1
5658, 498172282, 11, 0, 1
5658, 498177940, 13, 0, 1
6153, 498184093, 21, 0, 1
11791, 498195884, 33, 0, 1
5658, 498201542, 12, 0, 1
5653, 498207195, 14, 0, 1
6160, 498213355, 18, 0, 1
11778, 498225133, 37, 0, 1
5658, 498230791, 12, 0, 1
5658, 498236449, 9, 0, 1
6173, 498242622, 15, 0, 1
11793, 498254415, 42, 0, 1
5658, 498260073, 14, 0, 1
5658, 498265731, 16, 0, 1
6160, 498271891, 15, 0, 1
11809, 498283700, 23, 0, 1
5652, 498289352, 13, 0, 1
5658, 498295010, 11, 0, 1
6160, 498301170, 18, 0, 1
11796, 498312966, 26, 0, 1
5652, 498318618, 13, 0, 1
5658, 498324276, 12, 0, 1
6173, 498330449, 17, 0, 1
11778, 498342227, 33, 0, 1
5658, 498347885, 11, 0, 1
5658, 498353543, 9, 0, 1
6154, 498359697, 18, 0, 1
11784, 498371481, 39, 0, 1
5663, 498377144, 15, 0, 1
5658, 498382802, 10, 0, 1
6167, 498388969, 24, 0, 1
11790, 498400759, 26, 0, 1
5658, 498406417, 8, 0, 1
5658, 498412075, 10, 0, 1
6160, 498418235, 16, 0, 1
11808, 498430043, 31, 0, 1
5658, 498435701, 10, 0, 1
5658, 498441359, 10, 0, 1
6160, 498447519, 15, 0, 1
11778, 498459297, 28, 0, 1
5652, 498464949, 10, 0, 1
5658, 498470607, 11, 0, 1
6125, 498476732, 21, 0, 1
11789, 498488521, 38, 0, 1
5658, 498494179, 11, 0, 1
5658, 498499837, 11, 0, 1
7537, 498507374, 32, 0, 1
11803, 498519177, 34, 0, 1
5652, 498524829, 16, 0, 1
5658, 498530487, 13, 0, 1
6154, 498536641, 19, 0, 1
11781, 498548422, 41, 0, 1
5658, 498554080, 13, 0, 1
5658, 498559738, 15, 0, 1
6173, 498565911, 17, 0, 1
11801, 498577712, 27, 0, 1
5658, 498583370, 12, 0, 1
5646, 498589016, 15, 0, 1
6154, 498595170, 16, 0, 1
11772, 498606942, 34, 0, 1
5628, 498612570, 21, 0, 1
5657, 498618227, 19, 0, 1
6167, 498624394, 15, 0, 1
11799, 498636193, 52, 0, 1
5658, 498641851, 14, 0, 1
5651, 498647502, 20, 0, 1
6154, 498653656, 20, 0, 1
11784, 498665440, 33, 0, 1
5658, 498671098, 12, 0, 1
5658, 498676756, 13, 0, 1
6154, 498682910, 20, 0, 1
11800, 498694710, 40, 0, 1
5651, 498700361, 18, 0, 1
5658, 498706019, 14, 0, 1
902992, 499609011, 14681, 1815, 5
15290, 499624301, 833, 1, 1
6690, 499630991, 42, 0, 1
6386, 499637377, 39, 0, 1
11666, 499649043, 346, 19, 1
13266, 499662309, 67, 0, 1
6667, 499668976, 26, 0, 1
7988, 499676964, 137, 7, 1
6624, 499683588, 27, 0, 1
4608180, 4608180, 89144, 2595, 16
14236749, 18844929, 46960, 10670, 20
19284223, 38129152, 17290, 4834, 11
18918335, 57047487, 23782, 4832, 11
19507664, 76555151, 17333, 4668, 11
19552531, 96107682, 17441, 4734, 11
19395710, 115503392, 17573, 5039, 11
18394176, 133897568, 24478, 6346, 2
19087408, 152984976, 17477, 4618, 11
19704641, 172689617, 18113, 5160, 11
19545065, 192234682, 19077, 4385, 11
19461138, 211695820, 18757, 4997, 11
19438075, 231133895, 18717, 4893, 11
19507166, 250641061, 18288, 4990, 11
18270597, 268911658, 23497, 4352, 11
19275963, 288187621, 18949, 5096, 11
19054995, 307242616, 19000, 4783, 11
19623762, 326866378, 18549, 4955, 11
19721024, 346587402, 18714, 5249, 11
19548672, 366136074, 19058, 5061, 11
19729189, 385865263, 18547, 4763, 11
19580111, 405445374, 18347, 5188, 11
19678126, 425123500, 17933, 5062, 11
19562052, 444685552, 19392, 4843, 11
19564905, 464250457, 18711, 5243, 11
19230514, 483480971, 21336, 5160, 11
10735762, 494216733, 25818, 108, 12
2101531, 496318264, 6126, 222, 5
5658, 496323922, 23, 0, 1
5652, 496329574, 14, 0, 1
6160, 496335734, 15, 0, 1
11796, 496347530, 40, 0, 1
5647, 496353177, 24, 0, 1
5657, 496358834, 14, 0, 1
6163, 496364997, 34, 0, 1
11756, 496376753, 42, 0, 1
5658, 496382411, 10, 0, 1
5658, 496388069, 15, 0, 1
6148, 496394217, 25, 0, 1
11772, 496405989, 43, 0, 1
5628, 496411617, 17, 0, 1
5663, 496417280, 33, 7, 1
6160, 496423440, 16, 0, 1
11795, 496435235, 30, 0, 1
5658, 496440893, 12, 0, 1
5657, 496446550, 16, 0, 1
6152, 496452702, 27, 0, 1
11790, 496464492, 26, 0, 1
5658, 496470150, 13, 0, 1
5656, 496475806, 16, 0, 1
6122, 496481928, 27, 0, 1
11790, 496493718, 28, 0, 1
5658, 496499376, 10, 0, 1
5658, 496505034, 8, 0, 1
15218, 496520252, 324, 11, 1
11796, 496532048, 46, 0, 1
5650, 496537698, 18, 0, 1
5655, 496543353, 30, 0, 1
6160, 496549513, 16, 0, 1
11824, 496561337, 41, 0, 1
7023, 496568360, 89, 0, 1
5638, 496573998, 23, 0, 1
6148, 496580146, 27, 0, 1
11796, 496591942, 24, 0, 1
5651, 496597593, 13, 0, 1
5658, 496603251, 10, 0, 1
6173, 496609424, 17, 0, 1
11794, 496621218, 27, 0, 1
5658, 496626876, 9, 0, 1
5651, 496632527, 17, 0, 1
6135, 496638662, 21, 0, 1
11803, 496650465, 44, 0, 1
5658, 496656123, 13, 0, 1
5660, 496661783, 35, 0, 1
6135, 496667918, 29, 0, 1
11763, 496679681, 34, 0, 1
5646, 496685327, 20, 0, 1
5648, 496690975, 25, 0, 1
6173, 496697148, 17, 0, 1
11795, 496708943, 32, 0, 1
5652, 496714595, 15, 0, 1
5658, 496720253, 10, 0, 1
6139, 496726392, 28, 0, 1
11796, 496738188, 27, 0, 1
5658, 496743846, 15, 0, 1
5646, 496749492, 12, 0, 1
6135, 496755627, 21, 0, 1
11790, 496767417, 35, 0, 1
5658, 496773075, 11, 0, 1
5658, 496778733, 10, 0, 1
11769, 496790502, 35, 0, 1
6151, 496796653, 17, 0, 1
5639, 496802292, 19, 0, 1
5658, 496807950, 9, 0, 1
11794, 496819744, 34, 0, 1
6138, 496825882, 16, 0, 1
5658, 496831540, 14, 0, 1
5658, 496837198, 14, 0, 1
12532, 496849730, 80, 0, 1
9009, 496858739, 208, 1, 1
6372, 496865111, 28, 0, 1
6321, 496871432, 25, 0, 1
12263, 496883695, 31, 0, 1
6139, 496889834, 20, 0, 1
6105, 496895939, 27, 0, 1
5642, 496901581, 25, 0, 1
12212, 496913793, 34, 0, 1
6110, 496919903, 20, 0, 1
6083, 496925986, 24, 0, 1
6116, 496932102, 18, 0, 1
12256, 496944358, 39, 0, 1
7471, 496951829, 51, 0, 1
6116, 496957945, 17, 0, 1
6098, 496964043, 25, 0, 1
12196, 496976239, 32, 0, 1
6116, 496982355, 17, 0, 1
6091, 496988446, 25, 0, 1
6116, 496994562, 17, 0, 1
12220, 497006782, 35, 0, 1
6079, 497012861, 25, 0, 1
6102, 497018963, 32, 0, 1
5658, 497024621, 12, 0, 1
11784, 497036405, 22, 0, 1
6143, 497042548, 22, 0, 1
5646, 497048194, 12, 0, 1
5654, 497053848, 21, 0, 1
11808, 497065656, 35, 0, 1
6138, 497071794, 16, 0, 1
5634, 497077428, 17, 0, 1
5658, 497083086, 12, 0, 1
11807, 497094893, 40, 0, 1
6118, 497101011, 29, 0, 1
5658, 497106669, 7, 0, 1
5658, 497112327, 11, 0, 1
11792, 497124119, 34, 0, 1
6151, 497130270, 17, 0, 1
5628, 497135898, 16, 0, 1
5632, 497141530, 18, 0, 1
11804, 497153334, 42, 0, 1
6138, 497159472, 21, 0, 1
5651, 497165123, 23, 0, 1
5658, 497170781, 10, 0, 1
11789, 497182570, 31, 0, 1
6138, 497188708, 14, 0, 1
5658, 497194366, 9, 0, 1
5652, 497200018, 14, 0, 1
11818, 497211836, 25, 0, 1
6126, 497217962, 19, 0, 1
5626, 497223588, 19, 0, 1
5648, 497229236, 26, 0, 1
11814, 497241050, 44, 0, 1
6138, 497247188, 17, 0, 1
5645, 497252833, 17, 0, 1
5640, 497258473, 17, 0, 1
11778, 497270251, 37, 1, 1
14344, 497284595, 271, 78, 1
5658, 497290253, 19, 0, 1
5652, 497295905, 11, 0, 1
11818, 497307723, 20, 0, 1
6123, 497313846, 25, 0, 1
5658, 497319504, 11, 0, 1
5658, 497325162, 10, 0, 1
13233, 497338395, 48, 0, 1
6138, 497344533, 18, 0, 1
5658, 497350191, 11, 0, 1
5656, 497355847, 25, 0, 1
11815, 497367662, 37, 0, 1
6150, 497373812, 26, 0, 1
5651, 497379463, 20, 0, 1
5626, 497385089, 19, 0, 1
11776, 497396865, 33, 0, 1
6120, 497402985, 21, 0, 1
5639, 497408624, 22, 0, 1
5658, 497414282, 13, 0, 1
11820, 497426102, 45, 0, 1
6138, 497432240, 18, 0, 1
5658, 497437898, 10, 0, 1
5668, 497443566, 21, 0, 1
11806, 497455372, 29, 0, 1
6126, 497461498, 20, 0, 1
5637, 497467135, 21, 0, 1
5658, 497472793, 9, 0, 1
11814, 497484607, 39, 0, 1
6138, 497490745, 16, 0, 1
5650, 497496395, 27, 0, 1
5658, 497502053, 8, 0, 1
11842, 497513895, 44, 0, 1
6150, 497520045, 23, 0, 1
5658, 497525703, 14, 0, 1
5658, 497531361, 10, 0, 1
11792, 497543153, 31, 0, 1
6138, 497549291, 17, 0, 1
5656, 497554947, 26, 0, 1
5642, 497560589, 27, 0, 1
11795, 497572384, 35, 0, 1
6135, 497578519, 22, 0, 1
5651, 497584170, 19, 0, 1
5658, 497589828, 10, 0, 1
11803, 497601631, 35, 0, 1
6158, 497607789, 16, 0, 1
5639, 497613428, 19, 0, 1
5651, 497619079, 13, 0, 1
11794, 497630873, 40, 0, 1
6100, 497636973, 27, 0, 1
5637, 497642610, 20, 0, 1
5644, 497648254, 24, 0, 1
11799, 497660053, 49, 0, 1
6108, 497666161, 17, 0, 1
5620, 497671781, 23, 0, 1
5658, 497677439, 11, 0, 1
11784, 497689223, 46, 0, 1
6138, 497695361, 17, 0, 1
5650, 497701011, 19, 0, 1
5658, 497706669, 6, 0, 1
13187, 497719856, 48, 0, 1
6138, 497725994, 17, 0, 1
5640, 497731634, 15, 0, 1
5655, 497737289, 17, 0, 1
11833, 497749122, 42, 0, 1
6151, 497755273, 16, 0, 1
5658, 497760931, 11, 0, 1
5651, 497766582, 12, 0, 1
11760, 497778342, 50, 0, 1
6120, 497784462, 18, 0, 1
5646, 497790108, 14, 0, 1
5643, 497795751, 23, 0, 1
11802, 497807553, 47, 0, 1
6138, 497813691, 13, 0, 1
5658, 497819349, 10, 0, 1
5666, 497825015, 23, 0, 1
11786, 497836801, 48, 0, 1
6151, 497842952, 16, 0, 1
5658, 497848610, 9, 0, 1
5658, 497854268, 7, 0, 1
11744, 497866012, 42, 0, 1
6138, 497872150, 17, 0, 1
5610, 497877760, 19, 0, 1
5658, 497883418, 6, 0, 1
11800, 497895218, 31, 0, 1
6126, 497901344, 17, 0, 1
5640, 497906984, 17, 0, 1
5633, 497912617, 17, 0, 1
11814, 497924431, 37, 0, 1
6138, 497930569, 15, 0, 1
5658, 497936227, 10, 0, 1
5658, 497941885, 10, 0, 1
11818, 497953703, 42, 0, 1
6138, 497959841, 17, 0, 1
5662, 497965503, 27, 0, 1
5634, 497971137, 19, 0, 1
11794, 497982931, 31, 0, 1
6144, 497989075, 20, 0, 1
5658, 497994733, 9, 0, 1
5658, 498000391, 7, 0, 1
11798, 498012189, 42, 0, 1
6138, 498018327, 18, 0, 1
5658, 498023985, 9, 0, 1
5662, 498029647, 28, 0, 1
11818, 498041465, 34, 0, 1
6138, 498047603, 15, 0, 1
5638, 498053241, 24, 0, 1
5658, 498058899, 10, 0, 1
11811, 498070710, 28, 0, 1
6164, 498076874, 16, 0, 1
5658, 498082532, 8, 0, 1
7029, 498089561, 28, 0, 1
11800, 498101361, 33, 0, 1
6132, 498107493, 19, 0, 1
5658, 498113151, 10, 0, 1
5644, 498118795, 22, 0, 1
11808, 498130603, 34, 0, 1
6138, 498136741, 17, 0, 1
5657, 498142398, 23, 0, 1
5658, 498148056, 9, 0, 1
11812, 498159868, 32, 0, 1
6132, 498166000, 17, 0, 1
5658, 498171658, 11, 0, 1
5646, 498177304, 16, 0, 1
11848, 498189152, 40, 0, 1
6102, 498195254, 19, 0, 1
5650, 498200904, 24, 0, 1
5658, 498206562, 7, 0, 1
11770, 498218332, 33, 0, 1
6137, 498224469, 29, 0, 1
5648, 498230117, 27, 0, 1
5657, 498235774, 24, 0, 1
11796, 498247570, 38, 0, 1
6102, 498253672, 25, 0, 1
5645, 498259317, 19, 0, 1
5646, 498264963, 12, 0, 1
11777, 498276740, 30, 0, 1
6102, 498282842, 21, 0, 1
5644, 498288486, 22, 0, 1
5658, 498294144, 9, 0, 1
11793, 498305937, 35, 0, 1
6151, 498312088, 15, 0, 1
5651, 498317739, 20, 0, 1
5651, 498323390, 21, 0, 1
11818, 498335208, 38, 0, 1
6139, 498341347, 16, 0, 1
5661, 498347008, 29, 0, 1
5651, 498352659, 21, 0, 1
11781, 498364440, 47, 0, 1
6138, 498370578, 13, 0, 1
5658, 498376236, 9, 0, 1
5652, 498381888, 14, 0, 1
11817, 498393705, 31, 0, 1
6138, 498399843, 14, 0, 1
5658, 498405501, 7, 0, 1
5652, 498411153, 13, 0, 1
11824, 498422977, 25, 0, 1
6114, 498429091, 20, 0, 1
5616, 498434707, 16, 0, 1
5645, 498440352, 17, 0, 1
11801, 498452153, 38, 0, 1
6164, 498458317, 16, 0, 1
6998, 498465315, 33, 0, 1
5658, 498470973, 12, 0, 1
11786, 498482759, 38, 0, 1
6132, 498488891, 19, 0, 1
5622, 498494513, 17, 0, 1
5658, 498500171, 5, 0, 1
11835, 498512006, 28, 0, 1
6114, 498518120, 22, 0, 1
5652, 498523772, 15, 0, 1
5621, 498529393, 18, 0, 1
11806, 498541199, 32, 0, 1
6139, 498547338, 18, 0, 1
5658, 498552996, 8, 0, 1
5640, 498558636, 15, 0, 1
11796, 498570432, 40, 0, 1
6124, 498576556, 22, 0, 1
8997, 498585553, 186, 6, 1
888429, 499473982, 14587, 1797, 5
15183, 499489165, 825, 2, 1
6688, 499495853, 48, 0, 1
12077, 499507930, 372, 18, 1
6671, 499514601, 38, 0, 1
13379, 499527980, 52, 0, 1
8247, 499536227, 155, 6, 1
6615, 499542842, 24, 0, 1
6373, 499549215, 14, 0, 1
858707, 858707, 18781, 474, 5
6150424, 7009131, 89525, 8484, 15
17165607, 24174738, 33302, 5785, 2
19342420, 43517158, 21232, 4753, 11
18533720, 62050878, 20864, 4779, 11
19651094, 81701972, 19047, 4482, 11
19505625, 101207597, 18240, 5116, 11
18693038, 119900635, 23921, 6319, 2
18897376, 138798011, 18626, 4914, 11
19713694, 158511705, 18995, 4711, 11
19659841, 178171546, 20652, 5019, 11
19587850, 197759396, 18568, 4256, 7
19414222, 217173618, 18910, 5170, 11
19492330, 236665948, 19014, 4818, 11
18157336, 254823284, 25302, 4096, 11
19586732, 274410016, 19813, 4661, 11
19036635, 293446651, 19604, 4876, 11
19490388, 312937039, 20531, 4836, 11
19640289, 332577328, 20047, 5069, 11
19655431, 352232759, 19903, 5168, 11
19537193, 371769952, 19702, 4727, 11
19673434, 391443386, 20219, 4906, 11
19658612, 411101998, 19403, 5175, 11
19485144, 430587142, 19951, 4428, 11
19553836, 450140978, 19410, 5076, 11
19500527, 469641505, 20345, 5235, 11
17278981, 486920486, 28065, 3714, 7
9477455, 496397941, 19175, 332, 12
6104, 496404045, 366, 4, 1
11304, 496415349, 36, 0, 1
6149, 496421498, 26, 0, 1
5658, 496427156, 17, 0, 1
6096, 496433252, 23, 0, 1
11316, 496444568, 18, 0, 1
6160, 496450728, 19, 0, 1
5658, 496456386, 13, 0, 1
6145, 496462531, 17, 0, 1
11316, 496473847, 14, 0, 1
6159, 496480006, 17, 0, 1
5658, 496485664, 14, 0, 1
6131, 496491795, 20, 0, 1
11292, 496503087, 17, 0, 1
6159, 496509246, 22, 0, 1
5658, 496514904, 9, 0, 1
11753, 496526657, 37, 0, 1
5652, 496532309, 10, 0, 1
6154, 496538463, 15, 0, 1
5651, 496544114, 18, 0, 1
11797, 496555911, 31, 0, 1
5651, 496561562, 15, 0, 1
6136, 496567698, 23, 0, 1
5652, 496573350, 15, 0, 1
11766, 496585116, 44, 0, 1
5658, 496590774, 17, 0, 1
15242, 496606016, 338, 11, 1
5658, 496611674, 31, 0, 1
11790, 496623464, 37, 0, 1
5658, 496629122, 12, 0, 1
7537, 496636659, 91, 3, 1
5658, 496642317, 11, 0, 1
11784, 496654101, 34, 0, 1
5650, 496659751, 16, 0, 1
6167, 496665918, 15, 0, 1
5658, 496671576, 13, 0, 1
11783, 496683359, 33, 0, 1
5658, 496689017, 13, 0, 1
6141, 496695158, 20, 0, 1
5658, 496700816, 17, 0, 1
11803, 496712619, 29, 0, 1
5652, 496718271, 10, 0, 1
6154, 496724425, 24, 0, 1
5644, 496730069, 20, 0, 1
11790, 496741859, 35, 0, 1
5658, 496747517, 12, 0, 1
6186, 496753703, 19, 0, 1
5657, 496759360, 16, 0, 1
11784, 496771144, 34, 0, 1
5658, 496776802, 10, 0, 1
6124, 496782926, 21, 0, 1
5662, 496788588, 18, 0, 1
11778, 496800366, 41, 0, 1
5658, 496806024, 15, 0, 1
6124, 496812148, 20, 0, 1
5658, 496817806, 13, 0, 1
11796, 496829602, 23, 0, 1
5657, 496835259, 13, 0, 1
6173, 496841432, 15, 0, 1
5658, 496847090, 12, 0, 1
11754, 496858844, 24, 0, 1
5658, 496864502, 11, 0, 1
6160, 496870662, 18, 0, 1
5658, 496876320, 11, 0, 1
11796, 496888116, 25, 0, 1
5658, 496893774, 14, 0, 1
6141, 496899915, 27, 0, 1
5663, 496905578, 32, 0, 1
11772, 496917350, 32, 0, 1
5657, 496923007, 15, 0, 1
6165, 496929172, 19, 0, 1
5658, 496934830, 14, 0, 1
13018, 496947848, 86, 0, 1
5649, 496953497, 14, 0, 1
6686, 496960183, 18, 0, 1
6321, 496966504, 19, 0, 1
12703, 496979207, 42, 0, 1
5640, 496984847, 19, 0, 1
6145, 496990992, 16, 0, 1
6110, 496997102, 19, 0, 1
12226, 497009328, 33, 0, 1
7493, 497016821, 44, 2, 1
6116, 497022937, 15, 0, 1
6116, 497029053, 14, 0, 1
12245, 497041298, 24, 0, 1
6110, 497047408, 17, 0, 1
6092, 497053500, 19, 0, 1
6116, 497059616, 20, 0, 1
12200, 497071816, 40, 0, 1
6104, 497077920, 17, 0, 1
6099, 497084019, 18, 0, 1
6086, 497090105, 18, 0, 1
12219, 497102324, 35, 0, 1
5658, 497107982, 11, 0, 1
6138, 497114120, 16, 0, 1
6116, 497120236, 15, 0, 1
11774, 497132010, 25, 0, 1
5658, 497137668, 11, 0, 1
6185, 497143853, 20, 0, 1
5658, 497149511, 13, 0, 1
11796, 497161307, 27, 0, 1
5658, 497166965, 10, 0, 1
6160, 497173125, 15, 0, 1
5658, 497178783, 13, 0, 1
11765, 497190548, 33, 0, 1
5645, 497196193, 18, 0, 1
6136, 497202329, 19, 0, 1
5658, 497207987, 16, 0, 1
11796, 497219783, 18, 0, 1
5658, 497225441, 13, 0, 1
6173, 497231614, 15, 0, 1
5658, 497237272, 14, 0, 1
11796, 497249068, 24, 0, 1
5658, 497254726, 10, 0, 1
6140, 497260866, 26, 0, 1
5658, 497266524, 13, 0, 1
11809, 497278333, 22, 0, 1
5658, 497283991, 12, 0, 1
6160, 497290151, 20, 0, 1
5658, 497295809, 13, 0, 1
11781, 497307590, 36, 0, 1
5657, 497313247, 16, 0, 1
6161, 497319408, 20, 0, 1
5657, 497325065, 18, 0, 1
11796, 497336861, 22, 0, 1
5658, 497342519, 12, 0, 1
6159, 497348678, 25, 0, 1
5652, 497354330, 19, 0, 1
11796, 497366126, 22, 0, 1
5650, 497371776, 15, 0, 1
6173, 497377949, 17, 0, 1
5658, 497383607, 14, 0, 1
13137, 497396744, 44, 0, 1
5658, 497402402, 15, 0, 1
6160, 497408562, 19, 0, 1
5658, 497414220, 13, 0, 1
11809, 497426029, 24, 0, 1
5658, 497431687, 11, 0, 1
6160, 497437847, 18, 0, 1
5646, 497443493, 19, 0, 1
11784, 497455277, 25, 0, 1
5658, 497460935, 10, 0, 1
6155, 497467090, 24, 0, 1
5658, 497472748, 13, 0, 1
11778, 497484526, 31, 0, 1
5658, 497490184, 24, 0, 1
6148, 497496332, 24, 0, 1
5657, 497501989, 18, 0, 1
11792, 497513781, 38, 0, 1
5639, 497519420, 22, 0, 1
6154, 497525574, 18, 0, 1
5658, 497531232, 14, 0, 1
11787, 497543019, 30, 0, 1
5656, 497548675, 16, 0, 1
6154, 497554829, 28, 0, 1
5652, 497560481, 10, 0, 1
11789, 497572270, 26, 0, 1
5657, 497577927, 15, 0, 1
6148, 497584075, 21, 0, 1
5658, 497589733, 14, 0, 1
11796, 497601529, 23, 0, 1
5658, 497607187, 12, 0, 1
6173, 497613360, 17, 0, 1
5657, 497619017, 13, 0, 1
11772, 497630789, 26, 0, 1
5652, 497636441, 14, 0, 1
6161, 497642602, 14, 0, 1
5663, 497648265, 19, 0, 1
11754, 497660019, 38, 0, 1
5652, 497665671, 21, 0, 1
6130, 497671801, 22, 0, 1
5646, 497677447, 23, 0, 1
11777, 497689224, 41, 0, 1
5651, 497694875, 15, 0, 1
6173, 497701048, 15, 0, 1
5658, 497706706, 13, 0, 1
11796, 497718502, 23, 0, 1
5658, 497724160, 11, 0, 1
6157, 497730317, 26, 0, 1
5658, 497735975, 13, 0, 1
11809, 497747784, 23, 0, 1
5646, 497753430, 13, 0, 1
6153, 497759583, 23, 0, 1
5658, 497765241, 12, 0, 1
13173, 497778414, 33, 0, 1
5658, 497784072, 10, 0, 1
6173, 497790245, 20, 0, 1
5658, 497795903, 12, 0, 1
11784, 497807687, 24, 0, 1
5652, 497813339, 10, 0, 1
6166, 497819505, 21, 0, 1
5652, 497825157, 19, 0, 1
11796, 497836953, 28, 0, 1
5658, 497842611, 12, 0, 1
6161, 497848772, 23, 0, 1
5658, 497854430, 14, 0, 1
12252, 497866682, 39, 0, 1
5658, 497872340, 13, 0, 1
6138, 497878478, 19, 0, 1
5658, 497884136, 11, 0, 1
11822, 497895958, 23, 0, 1
5658, 497901616, 11, 0, 1
6154, 497907770, 20, 0, 1
5657, 497913427, 17, 0, 1
11795, 497925222, 29, 0, 1
5652, 497930874, 15, 0, 1
6153, 497937027, 21, 0, 1
5652, 497942679, 15, 0, 1
11761, 497954440, 35, 0, 1
5658, 497960098, 14, 0, 1
6153, 497966251, 21, 0, 1
5658, 497971909, 15, 0, 1
11777, 497983686, 33, 0, 1
5663, 497989349, 18, 0, 1
6160, 497995509, 17, 0, 1
5658, 498001167, 10, 0, 1
11796, 498012963, 21, 0, 1
5658, 498018621, 12, 0, 1
6173, 498024794, 18, 0, 1
5658, 498030452, 17, 0, 1
11734, 498042186, 35, 0, 1
5652, 498047838, 13, 0, 1
6160, 498053998, 20, 0, 1
5658, 498059656, 13, 0, 1
11796, 498071452, 22, 0, 1
5652, 498077104, 14, 0, 1
6164, 498083268, 27, 0, 1
5658, 498088926, 13, 0, 1
11796, 498100722, 20, 0, 1
5658, 498106380, 10, 0, 1
6160, 498112540, 21, 0, 1
5658, 498118198, 13, 0, 1
11796, 498129994, 29, 0, 1
5658, 498135652, 12, 0, 1
6154, 498141806, 18, 0, 1
7035, 498148841, 30, 0, 1
11796, 498160637, 22, 0, 1
5658, 498166295, 9, 0, 1
6154, 498172449, 17, 0, 1
5658, 498178107, 11, 0, 1
11796, 498189903, 16, 0, 1
5658, 498195561, 8, 0, 1
6154, 498201715, 17, 0, 1
5646, 498207361, 15, 0, 1
11809, 498219170, 18, 0, 1
5663, 498224833, 20, 0, 1
6154, 498230987, 20, 0, 1
11771, 498242758, 31, 0, 1
5639, 498248397, 18, 0, 1
5658, 498254055, 12, 0, 1
6167, 498260222, 21, 0, 1
11796, 498272018, 23, 0, 1
5658, 498277676, 10, 0, 1
5658, 498283334, 11, 0, 1
6160, 498289494, 17, 0, 1
11796, 498301290, 23, 0, 1
5651, 498306941, 18, 0, 1
5652, 498312593, 12, 0, 1
6173, 498318766, 15, 0, 1
11796, 498330562, 20, 0, 1
5658, 498336220, 7, 0, 1
5658, 498341878, 11, 0, 1
6141, 498348019, 21, 0, 1
11809, 498359828, 21, 0, 1
5658, 498365486, 10, 0, 1
5658, 498371144, 9, 0, 1
6129, 498377273, 21, 0, 1
11794, 498389067, 33, 0, 1
5658, 498394725, 9, 0, 1
5658, 498400383, 13, 0, 1
6173, 498406556, 13, 0, 1
11803, 498418359, 21, 0, 1
5658, 498424017, 11, 0, 1
5658, 498429675, 12, 0, 1
6160, 498435835, 15, 0, 1
11809, 498447644, 22, 0, 1
5658, 498453302, 11, 0, 1
5657, 498458959, 15, 0, 1
6142, 498465101, 21, 0, 1
11789, 498476890, 45, 0, 1
5634, 498482524, 17, 0, 1
5658, 498488182, 10, 0, 1
6137, 498494319, 20, 0, 1
11796, 498506115, 29, 0, 1
5658, 498511773, 13, 0, 1
5658, 498517431, 9, 0, 1
7537, 498524968, 34, 0, 1
11796, 498536764, 28, 0, 1
5658, 498542422, 12, 0, 1
5658, 498548080, 10, 0, 1
6173, 498554253, 18, 0, 1
11790, 498566043, 27, 0, 1
5658, 498571701, 14, 0, 1
5658, 498577359, 11, 0, 1
6142, 498583501, 20, 0, 1
11778, 498595279, 32, 0, 1
5658, 498600937, 11, 0, 1
5658, 498606595, 11, 0, 1
6160, 498612755, 17, 0, 1
11736, 498624491, 36, 0, 1
5652, 498630143, 13, 0, 1
5652, 498635795, 21, 0, 1
6173, 498641968, 22, 0, 1
11775, 498653743, 38, 0, 1
5658, 498659401, 14, 0, 1
5646, 498665047, 12, 0, 1
6152, 498671199, 25, 0, 1
11811, 498683010, 37, 0, 1
8997, 498692007, 212, 6, 1
117904, 498809911, 4236, 775, 1
808761, 499618672, 11332, 1099, 5
13084, 499631756, 81, 0, 1
12068, 499643824, 372, 16, 1
6683, 499650507, 43, 0, 1
6734, 499657241, 26, 0, 1
14673, 499671914, 149, 6, 1
6601, 499678515, 36, 0, 1
6373, 499684888, 15, 0, 1
6630, 499691518, 23, 0, 1
532361, 532361, 13005, 349, 5
5059771, 5592132, 87213, 5190, 15
15983620, 21575752, 38797, 8514, 10
18871590, 40447342, 19779, 4571, 11
19373892, 59821234, 18582, 4796, 11
19380395, 79201629, 20716, 4648, 11
19478532, 98680161, 18983, 5081, 11
19353551, 118033712, 18172, 4982, 11
19544530, 137578242, 18854, 5073, 11
18508101, 156086343, 24305, 6195, 2
19432473, 175518816, 19144, 4961, 11
19140826, 194659642, 18217, 4256, 11
19458100, 214117742, 18716, 5135, 11
19433576, 233551318, 20866, 4944, 11
19292801, 252844119, 20890, 4725, 11
18941568, 271785687, 22441, 4556, 11
19573702, 291359389, 18772, 5157, 11
18709298, 310068687, 19772, 4651, 11
19471442, 329540129, 19224, 5013, 11
19209170, 348749299, 19526, 5066, 11
19566145, 368315444, 18860, 4959, 11
19742898, 388058342, 18971, 4722, 11
19613927, 407672269, 19138, 5207, 11
19676209, 427348478, 18715, 5034, 11
19639694, 446988172, 18160, 4882, 11
19503466, 466491638, 19208, 5185, 11
18176938, 484668576, 30628, 4555, 11
10473636, 495142212, 15836, 85, 12
1265790, 496408002, 4049, 234, 5
6101, 496414103, 48, 1, 1
11796, 496425899, 23, 0, 1
5620, 496431519, 27, 0, 1
5658, 496437177, 9, 0, 1
6160, 496443337, 12, 0, 1
11797, 496455134, 44, 0, 1
5632, 496460766, 22, 0, 1
5661, 496466427, 31, 0, 1
6160, 496472587, 16, 0, 1
11776, 496484363, 45, 0, 1
5645, 496490008, 22, 0, 1
5658, 496495666, 13, 0, 1
6166, 496501832, 24, 0, 1
11772, 496513604, 36, 0, 1
5658, 496519262, 10, 0, 1
5651, 496524913, 22, 0, 1
6160, 496531073, 20, 0, 1
11756, 496542829, 42, 0, 1
5639, 496548468, 29, 0, 1
5650, 496554118, 27, 0, 1
6178, 496560296, 25, 0, 1
11774, 496572070, 50, 0, 1
5639, 496577709, 27, 0, 1
5610, 496583319, 20, 0, 1
6136, 496589455, 27, 0, 1
11799, 496601254, 35, 0, 1
5658, 496606912, 11, 0, 1
5658, 496612570, 9, 0, 1
6134, 496618704, 26, 0, 1
11764, 496630468, 45, 0, 1
5639, 496636107, 25, 0, 1
5640, 496641747, 13, 0, 1
6131, 496647878, 22, 0, 1
11796, 496659674, 23, 0, 1
5652, 496665326, 16, 0, 1
5657, 496670983, 25, 0, 1
6136, 496677119, 24, 0, 1
20864, 496697983, 309, 7, 1
7029, 496705012, 104, 3, 1
5658, 496710670, 12, 0, 1
6154, 496716824, 16, 0, 1
11770, 496728594, 45, 0, 1
5658, 496734252, 19, 0, 1
5658, 496739910, 12, 0, 1
6172, 496746082, 23, 0, 1
11796, 496757878, 23, 0, 1
5658, 496763536, 35, 0, 1
5658, 496769194, 12, 0, 1
6160, 496775354, 17, 0, 1
11784, 496787138, 29, 0, 1
5651, 496792789, 19, 0, 1
5658, 496798447, 9, 0, 1
6130, 496804577, 29, 0, 1
11739, 496816316, 52, 0, 1
5657, 496821973, 16, 0, 1
5658, 496827631, 9, 0, 1
6160, 496833791, 17, 0, 1
11811, 496845602, 41, 0, 1
5658, 496851260, 9, 0, 1
5636, 496856896, 22, 0, 1
6136, 496863032, 19, 0, 1
11762, 496874794, 45, 0, 1
5658, 496880452, 9, 0, 1
5657, 496886109, 31, 0, 1
6173, 496892282, 17, 0, 1
11796, 496904078, 33, 0, 1
5658, 496909736, 13, 0, 1
5658, 496915394, 13, 0, 1
6159, 496921553, 23, 0, 1
12325, 496933878, 76, 0, 1
6374, 496940252, 21, 0, 1
6333, 496946585, 20, 0, 1
6667, 496953252, 35, 0, 1
12903, 496966155, 44, 0, 1
6116, 496972271, 19, 0, 1
5646, 496977917, 25, 0, 1
6135, 496984052, 34, 0, 1
12213, 496996265, 42, 0, 1
6102, 497002367, 26, 0, 1
6086, 497008453, 26, 0, 1
6092, 497014545, 22, 0, 1
12221, 497026766, 26, 0, 1
6120, 497032886, 35, 0, 1
6116, 497039002, 18, 0, 1
6083, 497045085, 27, 0, 1
12230, 497057315, 40, 0, 1
6110, 497063425, 20, 0, 1
6098, 497069523, 22, 0, 1
6085, 497075608, 26, 0, 1
13601, 497089209, 59, 0, 1
6091, 497095300, 25, 0, 1
5639, 497100939, 16, 0, 1
12232, 497113171, 44, 0, 1
6116, 497119287, 18, 0, 1
6104, 497125391, 24, 0, 1
5668, 497131059, 29, 0, 1
11761, 497142820, 28, 0, 1
6130, 497148950, 31, 0, 1
5651, 497154601, 15, 0, 1
5645, 497160246, 18, 0, 1
11788, 497172034, 31, 0, 1
6151, 497178185, 18, 0, 1
5615, 497183800, 20, 0, 1
5651, 497189451, 18, 0, 1
11808, 497201259, 45, 0, 1
6138, 497207397, 18, 0, 1
5651, 497213048, 24, 0, 1
5657, 497218705, 23, 0, 1
11803, 497230508, 51, 0, 1
6138, 497236646, 16, 0, 1
5658, 497242304, 13, 0, 1
5652, 497247956, 14, 0, 1
11786, 497259742, 30, 0, 1
6138, 497265880, 16, 0, 1
5638, 497271518, 21, 0, 1
5658, 497277176, 12, 0, 1
11777, 497288953, 32, 0, 1
6131, 497295084, 24, 0, 1
5636, 497300720, 26, 0, 1
5658, 497306378, 9, 0, 1
11770, 497318148, 42, 0, 1
6158, 497324306, 18, 0, 1
5651, 497329957, 21, 0, 1
5667, 497335624, 29, 0, 1
11811, 497347435, 33, 0, 1
6138, 497353573, 16, 0, 1
5658, 497359231, 10, 0, 1
5658, 497364889, 11, 0, 1
11799, 497376688, 31, 0, 1
6138, 497382826, 17, 0, 1
5658, 497388484, 10, 0, 1
5656, 497394140, 30, 0, 1
11811, 497405951, 20, 0, 1
6150, 497412101, 17, 0, 1
5621, 497417722, 20, 0, 1
5660, 497423382, 26, 0, 1
11787, 497435169, 42, 0, 1
6138, 497441307, 15, 0, 1
5639, 497446946, 16, 0, 1
5658, 497452604, 7, 0, 1
13196, 497465800, 41, 0, 1
6138, 497471938, 17, 0, 1
5611, 497477549, 18, 0, 1
5658, 497483207, 11, 0, 1
11802, 497495009, 33, 0, 1
6126, 497501135, 19, 0, 1
5622, 497506757, 20, 0, 1
5659, 497512416, 24, 0, 1
11819, 497524235, 34, 0, 1
6138, 497530373, 16, 0, 1
5658, 497536031, 12, 0, 1
5658, 497541689, 12, 0, 1
11799, 497553488, 27, 0, 1
6151, 497559639, 18, 0, 1
5616, 497565255, 19, 0, 1
5662, 497570917, 18, 0, 1
11816, 497582733, 40, 0, 1
6138, 497588871, 16, 0, 1
5634, 497594505, 19, 0, 1
5658, 497600163, 12, 0, 1
11795, 497611958, 41, 0, 1
6138, 497618096, 16, 0, 1
5658, 497623754, 14, 0, 1
5661, 497629415, 29, 0, 1
11812, 497641227, 27, 0, 1
6151, 497647378, 17, 0, 1
5640, 497653018, 23, 0, 1
5658, 497658676, 10, 0, 1
11811, 497670487, 30, 0, 1
6120, 497676607, 27, 0, 1
5658, 497682265, 13, 0, 1
5638, 497687903, 16, 0, 1
11856, 497699759, 28, 0, 1
6101, 497705860, 24, 0, 1
5639, 497711499, 22, 0, 1
5652, 497717151, 12, 0, 1
11774, 497728925, 48, 0, 1
6138, 497735063, 17, 0, 1
5628, 497740691, 14, 0, 1
5640, 497746331, 16, 0, 1
11811, 497758142, 42, 0, 1
6126, 497764268, 27, 0, 1
5654, 497769922, 25, 0, 1
5652, 497775574, 13, 0, 1
11812, 497787386, 46, 0, 1
6151, 497793537, 17, 0, 1
5645, 497799182, 20, 0, 1
5631, 497804813, 20, 0, 1
11780, 497816593, 31, 0, 1
6102, 497822695, 23, 0, 1
5640, 497828335, 17, 0, 1
5625, 497833960, 20, 0, 1
13197, 497847157, 56, 0, 1
6114, 497853271, 23, 0, 1
6085, 497859356, 24, 0, 1
5640, 497864996, 15, 0, 1
11776, 497876772, 45, 0, 1
6151, 497882923, 18, 0, 1
5640, 497888563, 17, 0, 1
5658, 497894221, 10, 0, 1
11785, 497906006, 29, 0, 1
6125, 497912131, 25, 0, 1
5651, 497917782, 17, 0, 1
5658, 497923440, 13, 0, 1
11791, 497935231, 50, 0, 1
6138, 497941369, 17, 0, 1
5658, 497947027, 10, 0, 1
5652, 497952679, 14, 0, 1
11812, 497964491, 41, 0, 1
6132, 497970623, 20, 0, 1
5652, 497976275, 13, 0, 1
5658, 497981933, 11, 0, 1
11817, 497993750, 35, 0, 1
6138, 497999888, 15, 0, 1
5658, 498005546, 10, 0, 1
5658, 498011204, 10, 0, 1
11795, 498022999, 35, 0, 1
6133, 498029132, 20, 0, 1
5658, 498034790, 12, 0, 1
5652, 498040442, 15, 0, 1
11787, 498052229, 38, 0, 1
6138, 498058367, 17, 0, 1
5650, 498064017, 28, 0, 1
5658, 498069675, 11, 0, 1
11825, 498081500, 31, 0, 1
6138, 498087638, 15, 0, 1
5634, 498093272, 16, 0, 1
5644, 498098916, 22, 0, 1
11783, 498110699, 46, 0, 1
6151, 498116850, 15, 0, 1
5610, 498122460, 17, 0, 1
5653, 498128113, 22, 0, 1
11806, 498139919, 23, 0, 1
6142, 498146061, 23, 0, 1
5658, 498151719, 8, 0, 1
5652, 498157371, 13, 0, 1
11819, 498169190, 32, 0, 1
6054, 498175244, 20, 0, 1
5658, 498180902, 12, 0, 1
5658, 498186560, 16, 0, 1
11805, 498198365, 45, 0, 1
6132, 498204497, 21, 0, 1
5638, 498210135, 21, 0, 1
7008, 498217143, 39, 0, 1
11786, 498228929, 38, 0, 1
6138, 498235067, 16, 0, 1
5658, 498240725, 8, 0, 1
5643, 498246368, 21, 0, 1
11788, 498258156, 29, 0, 1
6142, 498264298, 33, 0, 1
5658, 498269956, 10, 0, 1
5646, 498275602, 10, 0, 1
11816, 498287418, 43, 0, 1
6138, 498293556, 15, 0, 1
5616, 498299172, 17, 0, 1
5656, 498304828, 23, 0, 1
11831, 498316659, 25, 0, 1
6141, 498322800, 36, 0, 1
5658, 498328458, 12, 0, 1
5658, 498334116, 10, 0, 1
11770, 498345886, 30, 0, 1
7039, 498352925, 103, 9, 1
5627, 498358552, 23, 0, 1
5658, 498364210, 9, 0, 1
11791, 498376001, 29, 0, 1
6138, 498382139, 15, 0, 1
5652, 498387791, 15, 0, 1
5652, 498393443, 11, 0, 1
11798, 498405241, 46, 0, 1
6138, 498411379, 17, 0, 1
5628, 498417007, 17, 0, 1
5658, 498422665, 10, 0, 1
11795, 498434460, 47, 0, 1
6138, 498440598, 18, 0, 1
5658, 498446256, 9, 0, 1
5658, 498451914, 11, 0, 1
11824, 498463738, 48, 0, 1
6124, 498469862, 25, 0, 1
5645, 498475507, 15, 0, 1
5650, 498481157, 25, 0, 1
11765, 498492922, 41, 0, 1
6158, 498499080, 13, 0, 1
5644, 498504724, 14, 0, 1
5658, 498510382, 8, 0, 1
11799, 498522181, 35, 0, 1
6096, 498528277, 25, 0, 1
5646, 498533923, 14, 0, 1
5658, 498539581, 11, 0, 1
11806, 498551387, 31, 0, 1
6143, 498557530, 32, 0, 1
5658, 498563188, 6, 0, 1
5658, 498568846, 24, 0, 1
11775, 498580621, 39, 0, 1
6151, 498586772, 19, 0, 1
7015, 498593787, 34, 0, 1
5640, 498599427, 16, 0, 1
11817, 498611244, 54, 0, 1
6138, 498617382, 18, 0, 1
5644, 498623026, 20, 0, 1
5651, 498628677, 20, 0, 1
11804, 498640481, 32, 0, 1
6138, 498646619, 16, 0, 1
5622, 498652241, 17, 0, 1
5658, 498657899, 11, 0, 1
910262, 499568161, 15444, 1750, 5
6729, 499574890, 68, 0, 1
6655, 499581545, 30, 0, 1
12048, 499593593, 349, 25, 1
13526, 499607119, 95, 0, 1
6651, 499613770, 27, 0, 1
8256, 499622026, 156, 9, 1
6602, 499628628, 28, 0, 1
13245, 499641873, 40, 0, 1
