3138088 3138088 58626 4036
8866889 12004977 69657 13742
19166931 31171908 19459 5312
18927151 50099059 21723 5172
19024183 69123242 22159 6034
19405020 88528262 20552 5336
19253018 107781280 20007 5319
18459232 126240512 25419 7453
18899164 145139676 20270 5302
19517443 164657119 21672 5553
18972440 183629559 22343 5745
19428291 203057850 20709 5367
19441612 222499462 20577 5459
19326534 241825996 22161 5468
18631881 260457877 25550 5366
19391276 279849153 19163 5370
18890378 298739531 18583 5221
19500124 318239655 19844 5382
19385704 337625359 19441 5313
19619670 357245029 18960 5459
19583107 376828136 19165 5372
19543176 396371312 19789 5488
19628055 415999367 19030 5502
19568416 435567783 18896 5382
19609532 455177315 19290 5370
19488508 474665823 21130 5553
16031946 490697769 31482 3224
5750798 496448567 11303 781
6136 496454703 375 30
11796 496466499 43 0
5658 496472157 16 2
5652 496477809 17 0
6161 496483970 24 0
11786 496495756 46 0
5658 496501414 14 1
5658 496507072 11 0
6118 496513190 28 1
11791 496524981 33 0
5657 496530638 34 2
5652 496536290 15 0
6142 496542432 21 0
11800 496554232 45 2
5658 496559890 15 1
5652 496565542 14 0
6151 496571693 27 1
11784 496583477 44 0
5658 496589135 11 0
5658 496594793 11 0
6160 496600953 20 0
11784 496612737 41 1
5651 496618388 23 1
5657 496624045 16 0
6186 496630231 15 0
11767 496641998 46 0
5658 496647656 16 2
5658 496653314 15 0
6141 496659455 22 0
11801 496671256 38 0
5652 496676908 16 0
5658 496682566 14 0
6160 496688726 18 1
13154 496701880 120 28
5651 496707531 25 0
5657 496713188 21 0
6161 496719349 22 0
11790 496731139 38 2
5658 496736797 16 4
5658 496742455 18 0
6159 496748614 27 0
11812 496760426 36 0
5658 496766084 15 3
5658 496771742 11 0
6148 496777890 23 0
11760 496789650 37 0
6107 496795757 37 0
5652 496801409 19 0
6145 496807554 24 0
11795 496819349 44 1
6085 496825434 28 0
5645 496831079 19 1
6110 496837189 34 0
11796 496848985 32 0
5638 496854623 17 0
5652 496860275 15 0
11831 496872106 31 2
6138 496878244 15 0
5658 496883902 24 3
5658 496889560 11 0
11805 496901365 55 5
6145 496907510 22 0
5652 496913162 22 9
5657 496918819 21 0
11800 496930619 37 0
6138 496936757 18 0
5658 496942415 15 2
5658 496948073 14 0
11836 496959909 35 0
6126 496966035 26 0
5658 496971693 20 7
5644 496977337 29 0
11818 496989155 26 0
6156 496995311 25 0
6116 497001427 17 0
5658 497007085 13 1
12500 497019585 82 16
6624 497026209 37 3
6628 497032837 41 0
6333 497039170 20 1
12728 497051898 65 0
6110 497058008 22 0
6084 497064092 28 0
6098 497070190 30 0
13602 497083792 73 31
6112 497089904 36 0
6128 497096032 18 0
6115 497102147 29 0
12206 497114353 39 0
6116 497120469 18 1
6115 497126584 23 0
6074 497132658 25 0
12221 497144879 43 0
6116 497150995 18 0
6116 497157111 20 0
6116 497163227 17 0
12247 497175474 48 0
6115 497181589 21 0
6101 497187690 32 0
6122 497193812 28 0
12217 497206029 50 0
6086 497212115 21 0
6118 497218233 39 0
5658 497223891 11 0
12241 497236132 36 0
17488 497253620 605 121
6104 497259724 49 7
5646 497265370 18 0
11784 497277154 34 0
6095 497283249 30 0
5650 497288899 16 0
5658 497294557 20 0
11798 497306355 54 0
6132 497312487 22 0
5622 497318109 19 0
5658 497323767 19 0
11788 497335555 37 0
6138 497341693 17 0
5658 497347351 14 0
5658 497353009 13 0
12718 497365727 112 51
6138 497371865 18 0
5658 497377523 12 0
5662 497383185 29 0
11781 497394966 40 0
6142 497401108 18 0
6137 497407245 22 0
5646 497412891 20 0
11789 497424680 35 0
6138 497430818 19 0
5658 497436476 13 0
5652 497442128 16 0
11800 497453928 34 0
6132 497460060 23 0
7025 497467085 48 0
5644 497472729 34 0
11812 497484541 29 0
6151 497490692 19 0
5643 497496335 26 0
5658 497501993 12 0
11798 497513791 47 0
6145 497519936 17 0
5657 497525593 19 0
5658 497531251 13 0
11818 497543069 53 0
6138 497549207 16 0
5652 497554859 14 0
5635 497560494 18 0
11819 497572313 51 0
6125 497578438 22 0
5669 497584107 35 0
5658 497589765 11 0
11788 497601553 41 0
6138 497607691 20 0
5652 497613343 14 0
5658 497619001 15 0
11811 497630812 47 0
6151 497636963 18 0
5664 497642627 21 0
5658 497648285 17 0
11804 497660089 45 0
6138 497666227 19 0
5644 497671871 24 0
5658 497677529 12 0
11803 497689332 44 0
6138 497695470 19 0
5651 497701121 31 0
5658 497706779 13 0
11836 497718615 44 0
6151 497724766 17 0
5658 497730424 14 0
5658 497736082 15 0
11819 497747901 44 1
6138 497754039 20 0
5643 497759682 22 0
5651 497765333 22 0
11838 497777171 35 0
6132 497783303 25 0
5654 497788957 33 0
5658 497794615 13 0
11820 497806435 40 0
6137 497812572 28 0
5651 497818223 19 0
5651 497823874 21 0
11825 497835699 29 0
7515 497843214 34 0
5658 497848872 18 0
5658 497854530 13 0
11806 497866336 25 0
6151 497872487 16 0
5658 497878145 14 0
5658 497883803 12 0
11782 497895585 38 0
6138 497901723 19 0
5658 497907381 14 0
5658 497913039 19 0
11811 497924850 51 0
6136 497930986 30 0
5658 497936644 11 0
5658 497942302 13 0
11811 497954113 31 0
6151 497960264 18 0
5658 497965922 16 0
5658 497971580 14 0
11811 497983391 34 0
6138 497989529 16 0
5652 497995181 14 0
5636 498000817 26 0
11822 498012639 51 0
6120 498018759 20 0
6116 498024875 17 0
5648 498030523 30 0
11795 498042318 39 0
6138 498048456 18 0
5652 498054108 17 0
5658 498059766 10 0
11818 498071584 35 0
6138 498077722 21 2
5628 498083350 21 0
5658 498089008 13 0
11822 498100830 35 0
6151 498106981 15 0
5622 498112603 22 0
5646 498118249 13 0
11818 498130067 51 0
6138 498136205 18 0
5658 498141863 11 0
5655 498147518 26 0
11830 498159348 38 0
6138 498165486 16 0
5658 498171144 10 0
5658 498176802 10 0
11815 498188617 47 0
6158 498194775 15 0
5642 498200417 24 0
5646 498206063 15 0
13176 498219239 51 0
6138 498225377 16 0
5628 498231005 19 0
5658 498236663 8 0
11799 498248462 36 0
6116 498254578 22 0
5626 498260204 24 0
5657 498265861 21 0
11808 498277669 32 0
6153 498283822 25 0
5657 498289479 17 0
5652 498295131 15 0
11829 498306960 35 0
6129 498313089 35 0
5639 498318728 17 0
5660 498324388 28 0
11818 498336206 35 0
6151 498342357 16 0
5634 498347991 19 0
5655 498353646 26 0
11817 498365463 31 0
6138 498371601 14 0
5634 498377235 19 0
5656 498382891 26 0
11831 498394722 19 0
6125 498400847 21 0
5652 498406499 16 0
5652 498412151 16 0
11803 498423954 28 0
6151 498430105 15 0
5658 498435763 12 0
5656 498441419 33 0
11805 498453224 32 0
6138 498459362 14 0
5646 498465008 22 0
5652 498470660 14 0
11825 498482485 30 0
6118 498488603 31 0
5655 498494258 28 0
5658 498499916 11 0
11800 498511716 34 0
6138 498517854 19 0
5644 498523498 23 0
5655 498529153 26 0
11843 498540996 31 0
6138 498547134 15 0
5652 498552786 17 0
5658 498558444 13 0
11804 498570248 41 0
6151 498576399 15 0
5640 498582039 15 0
5658 498587697 13 0
13152 498600849 46 1
6138 498606987 17 0
5658 498612645 12 0
5658 498618303 10 0
11803 498630106 39 0
6138 498636244 18 0
5622 498641866 24 0
5650 498647516 25 0
11818 498659334 23 0
14945 498674279 416 343
5659 498679938 43 0
5657 498685595 21 0
11810 498697405 35 0
6138 498703543 15 0
5627 498709170 22 0
5635 498714805 24 0
11815 498726620 34 0
6119 498732739 23 0
5655 498738394 27 0
5658 498744052 9 0
11835 498755887 43 0
6138 498762025 19 0
5660 498767685 25 0
5658 498773343 10 0
11810 498785153 47 1
6138 498791291 15 0
5651 498796942 26 0
5658 498802600 12 0
11816 498814416 34 0
6144 498820560 23 0
5646 498826206 18 0
5655 498831861 21 0
11818 498843679 23 0
6138 498849817 15 0
885870 499735687 15459 5114
6532 499742219 585 29
13427 499755646 85 3
7723 499763369 277 124
6671 499770040 43 2
10913 499780953 152 37
14948 499795901 237 26
6710 499802611 23 0
811247 811247 18573 1036
5467424 6278671 84314 10633
16538132 22816803 36265 9328
18901345 41718148 20451 5148
19160234 60878382 21712 6100
19502319 80380701 18441 5411
19441661 99822362 18670 5388
18655195 118477557 25253 7713
18727412 137204969 19420 5294
19260529 156465498 19242 5397
19701938 176167436 21416 5848
19537674 195705110 19374 5411
19376164 215081274 19180 5329
19517611 234598885 19247 5445
18456482 253055367 24888 5476
19144915 272200282 20501 5362
19122593 291322875 18972 5251
19122813 310445688 19336 5406
19552988 329998676 19864 5438
19570435 349569111 19812 5433
19492916 369062027 18893 5411
19628451 388690478 19133 5479
19505304 408195782 19558 5587
19581719 427777501 19068 5529
19576968 447354469 18522 5477
19501919 466856388 19202 5383
17935759 484792147 30676 5069
10564851 495356998 16829 467
1013552 496370550 3699 746
5621 496376171 27 0
11794 496387965 35 0
5657 496393622 19 0
6145 496399767 16 0
5628 496405395 21 0
11826 496417221 40 0
5657 496422878 23 0
6130 496429008 34 0
5636 496434644 23 0
11818 496446462 27 0
5662 496452124 31 0
6144 496458268 22 0
5657 496463925 15 0
11815 496475740 58 0
5658 496481398 11 2
6135 496487533 30 0
5658 496493191 17 4
11816 496505007 39 1
5644 496510651 23 0
6141 496516792 31 0
5658 496522450 9 1
11810 496534260 27 0
5656 496539916 22 0
6138 496546054 14 0
5658 496551712 11 0
11830 496563542 26 0
5652 496569194 14 0
6126 496575320 23 0
5658 496580978 13 3
11822 496592800 49 0
5658 496598458 10 0
6151 496604609 17 0
5651 496610260 27 5
11818 496622078 22 0
5655 496627733 21 0
6138 496633871 16 0
5658 496639529 11 1
11813 496651342 30 0
5658 496657000 7 0
6138 496663138 16 1
5657 496668795 20 1
11817 496680612 27 0
5668 496686280 21 0
7528 496693808 85 15
5626 496699434 22 0
11812 496711246 47 1
5658 496716904 13 2
6138 496723042 16 0
6116 496729158 36 6
11821 496740979 31 0
6116 496747095 19 1
6085 496753180 27 0
6116 496759296 24 4
11796 496771092 25 0
5640 496776732 16 0
6124 496782856 27 0
5658 496788514 13 3
20938 496809452 537 367
5674 496815126 50 0
6138 496821264 17 0
5646 496826910 22 1
11818 496838728 27 1
5650 496844378 25 0
6151 496850529 17 0
5642 496856171 27 2
11811 496867982 34 2
5658 496873640 22 0
6138 496879778 21 0
5658 496885436 19 8
11828 496897264 28 0
5651 496902915 31 0
6120 496909035 19 0
5658 496914693 14 4
11812 496926505 34 0
5658 496932163 12 3
6151 496938314 17 0
6115 496944429 26 0
12986 496957415 84 5
6630 496964045 34 0
6916 496970961 52 4
6572 496977533 27 0
12245 496989778 33 0
6109 496995887 26 0
6094 497001981 30 0
6111 497008092 31 0
12231 497020323 33 0
6106 497026429 31 0
6108 497032537 26 0
6129 497038666 17 0
12207 497050873 44 0
6114 497056987 20 0
6116 497063103 22 0
6110 497069213 22 0
12211 497081424 41 0
7491 497088915 54 15
6107 497095022 36 0
6108 497101130 28 0
12211 497113341 46 0
6124 497119465 37 0
6116 497125581 20 0
6113 497131694 36 0
12245 497143939 35 0
6097 497150036 30 0
6123 497156159 17 0
6116 497162275 19 0
11790 497174065 30 0
5658 497179723 14 0
6151 497185874 17 0
5672 497191546 34 2
11812 497203358 33 1
5651 497209009 16 0
6130 497215139 25 0
5658 497220797 14 0
11824 497232621 45 0
5657 497238278 18 0
6123 497244401 29 0
5658 497250059 14 0
11771 497261830 38 0
5658 497267488 11 0
6138 497273626 20 0
5658 497279284 17 0
11852 497291136 52 0
5658 497296794 11 0
6138 497302932 23 0
5652 497308584 15 0
11798 497320382 38 0
5658 497326040 25 0
6151 497332191 17 0
5643 497337834 25 0
11811 497349645 38 0
5658 497355303 13 0
6138 497361441 19 0
5632 497367073 24 0
11807 497378880 34 0
5658 497384538 23 0
6126 497390664 21 0
5651 497396315 23 0
11804 497408119 42 0
5657 497413776 19 0
6151 497419927 19 0
5640 497425567 16 0
11827 497437394 38 0
5658 497443052 12 0
6138 497449190 14 0
5638 497454828 24 0
13202 497468030 42 0
5658 497473688 12 0
6138 497479826 16 0
5631 497485457 20 0
11818 497497275 26 0
5667 497502942 22 0
6114 497509056 20 0
5658 497514714 9 0
11841 497526555 30 0
5658 497532213 11 0
6138 497538351 14 0
5658 497544009 16 0
11805 497555814 39 0
5638 497561452 19 1
14333 497575785 320 141
5658 497581443 26 7
11812 497593255 26 0
5655 497598910 20 0
6132 497605042 19 0
5645 497610687 17 0
11817 497622504 39 0
5652 497628156 8 0
6126 497634282 19 0
5640 497639922 21 0
11816 497651738 26 0
5658 497657396 10 0
6151 497663547 12 0
5646 497669193 16 0
11818 497681011 27 0
5657 497686668 25 0
6138 497692806 13 0
5657 497698463 21 0
11813 497710276 32 0
5630 497715906 24 0
6132 497722038 16 0
5658 497727696 13 0
11816 497739512 29 0
5658 497745170 13 0
6126 497751296 19 0
5651 497756947 19 0
11828 497768775 29 0
5658 497774433 12 0
6138 497780571 17 0
5658 497786229 24 0
11808 497798037 30 0
5658 497803695 9 0
6151 497809846 16 0
5658 497815504 9 0
11812 497827316 30 0
5667 497832983 22 0
6130 497839113 20 0
5657 497844770 15 0
13201 497857971 49 0
5658 497863629 12 0
6138 497869767 14 0
5658 497875425 16 0
11808 497887233 36 0
5658 497892891 10 0
6165 497899056 18 0
5645 497904701 16 0
11811 497916512 26 0
5651 497922163 16 0
6137 497928300 18 0
5666 497933966 32 0
11825 497945791 30 0
6116 497951907 16 0
6110 497958017 21 0
5652 497963669 19 0
11793 497975462 36 0
5656 497981118 20 0
6138 497987256 14 0
5632 497992888 20 0
11831 498004719 27 0
5658 498010377 10 0
6120 498016497 17 0
5639 498022136 18 0
11818 498033954 20 0
5640 498039594 17 0
6145 498045739 21 0
5658 498051397 16 0
11818 498063215 31 0
5658 498068873 9 0
6138 498075011 15 0
5652 498080663 14 0
11831 498092494 23 0
5657 498098151 24 0
6137 498104288 26 0
5658 498109946 17 0
11818 498121764 32 0
5646 498127410 14 0
6151 498133561 17 0
5650 498139211 23 0
11794 498151005 27 0
5658 498156663 9 0
6135 498162798 25 0
5656 498168454 25 0
11812 498180266 33 0
5652 498185918 16 0
6126 498192044 23 3
5658 498197702 10 0
11818 498209520 24 0
5668 498215188 29 0
6138 498221326 16 0
7035 498228361 32 2
11807 498240168 18 0
5651 498245819 18 0
6126 498251945 16 0
11316 498263261 24 0
6160 498269421 14 0
5658 498275079 9 0
6180 498281259 24 0
11304 498292563 23 0
6160 498298723 18 0
5649 498304372 27 0
6113 498310485 29 0
11274 498321759 27 0
6155 498327914 18 0
5658 498333572 9 0
6131 498339703 24 0
11292 498350995 32 0
6160 498357155 15 0
5651 498362806 24 0
6149 498368955 29 0
11297 498380252 35 0
6136 498386388 21 0
5658 498392046 9 0
6138 498398184 17 0
11317 498409501 41 0
6173 498415674 16 0
5656 498421330 24 0
6138 498427468 15 0
11324 498438792 37 0
6160 498444952 15 0
5658 498450610 15 0
6129 498456739 30 0
11303 498468042 25 0
6161 498474203 21 0
5645 498479848 20 0
6113 498485961 27 0
11316 498497277 17 0
6141 498503418 24 0
5662 498509080 25 0
6151 498515231 16 0
11316 498526547 18 0
6146 498532693 20 0
5651 498538344 17 0
6138 498544482 16 0
11316 498555798 17 0
6173 498561971 18 0
5655 498567626 23 0
6138 498573764 12 0
11300 498585064 33 0
6154 498591218 16 0
5616 498596834 19 0
7528 498604362 29 0
11309 498615671 36 0
6160 498621831 17 0
5651 498627482 25 0
6145 498633627 17 0
11304 498644931 31 0
6185 498651116 23 0
5658 498656774 10 0
6138 498662912 16 0
11271 498674183 37 0
6136 498680319 19 0
5658 498685977 11 0
6125 498692102 30 0
11316 498703418 18 0
6172 498709590 24 0
5628 498715218 18 0
6129 498721347 30 0
11315 498732662 25 0
6160 498738822 16 0
5648 498744470 29 0
6138 498750608 23 0
11312 498761920 44 0
6153 498768073 23 0
5652 498773725 14 0
6124 498779849 26 0
917473 499697322 15922 5163
6933 499704255 82 4
6707 499710962 33 0
6746 499717708 39 6
18484 499736192 420 163
6749 499742941 33 0
6383 499749324 23 1
8294 499757618 169 36
1097937 1097937 25627 1357
5051833 6149770 77394 9679
15157949 21307719 35615 9049
18935601 40243320 20260 5278
18330932 58574252 21480 5804
19286321 77860573 18027 5343
19135243 96995816 18341 5333
19162889 116158705 19258 5257
18387098 134545803 23801 7391
18929305 153475108 18921 5271
18868504 172343612 18859 5228
19316169 191659781 20335 5479
19199756 210859537 19543 5384
19323724 230183261 18947 5445
19206645 249389906 18931 5376
18558485 267948391 24312 5394
18745112 286693503 18699 5124
19176036 305869539 19065 5476
18995602 324865141 19149 5424
19545477 344410618 19697 5445
19356176 363766794 18598 5344
19616728 383383522 18475 5406
19366731 402750253 18894 5312
19473446 422223699 19776 5516
19488154 441711853 18846 5431
19538411 461250264 19056 5325
19463441 480713705 18923 5349
12399813 493113518 29865 1633
3227743 496341261 7283 765
7807 496349068 114 52
6722 496355790 22 0
13149 496368939 42 1
6431 496375370 14 0
6425 496381795 20 2
6730 496388525 33 4
13120 496401645 45 0
6431 496408076 14 0
6431 496414507 16 0
6744 496421251 19 0
13174 496434425 51 0
6431 496440856 15 1
6431 496447287 14 0
6731 496454018 24 0
13146 496467164 34 0
6431 496473595 26 1
6431 496480026 20 0
15882 496495908 440 323
13097 496509005 51 0
6419 496515424 28 0
6430 496521854 23 0
6744 496528598 19 0
13151 496541749 42 0
6431 496548180 16 0
6431 496554611 14 0
6741 496561352 26 0
13151 496574503 35 0
6404 496580907 25 0
6430 496587337 19 0
13148 496600485 48 0
6713 496607198 31 0
6431 496613629 13 0
6431 496620060 15 0
13175 496633235 26 0
6716 496639951 21 0
6431 496646382 17 2
6431 496652813 13 0
13154 496665967 49 1
6722 496672689 19 0
6431 496679120 13 0
6425 496685545 17 1
13153 496698698 51 0
6735 496705433 23 1
6425 496711858 16 0
6417 496718275 25 0
13144 496731419 62 10
6688 496738107 30 3
6721 496744828 35 6
6441 496751269 33 0
13160 496764429 75 30
6710 496771139 21 0
8074 496779213 53 7
6431 496785644 22 3
13136 496798780 39 0
6722 496805502 20 0
6429 496811931 33 0
6431 496818362 15 0
13096 496831458 43 4
6722 496838180 16 0
6424 496844604 21 1
6431 496851035 15 0
13172 496864207 47 1
6742 496870949 21 0
6431 496877380 13 0
6430 496883810 17 0
13180 496896990 51 1
6722 496903712 17 0
6431 496910143 20 4
6570 496916713 43 11
13182 496929895 38 1
6714 496936609 36 0
6431 496943040 15 0
6431 496949471 24 0
13175 496962646 31 1
6742 496969388 26 0
6700 496976088 27 0
6593 496982681 73 14
13399 496996080 57 7
6812 497002892 29 0
6778 497009670 26 3
6673 497016343 32 0
13390 497029733 51 0
6694 497036427 29 0
6700 497043127 30 0
6684 497049811 29 0
13400 497063211 33 1
6687 497069898 25 0
6705 497076603 34 0
6705 497083308 36 0
13414 497096722 60 0
6704 497103426 30 0
6700 497110126 31 0
6700 497116826 20 1
13394 497130220 40 0
6664 497136884 28 0
6707 497143591 34 0
6694 497150285 24 0
13398 497163683 38 0
6691 497170374 33 0
6681 497177055 30 0
6712 497183767 28 0
13396 497197163 47 0
8074 497205237 49 1
6700 497211937 19 0
6431 497218368 17 0
13146 497231514 45 1
6723 497238237 29 0
6431 497244668 15 0
6430 497251098 24 0
13169 497264267 35 0
6714 497270981 36 0
6428 497277409 22 0
6431 497283840 14 0
13140 497296980 38 0
6715 497303695 23 0
6418 497310113 24 1
6419 497316532 19 0
13138 497329670 39 0
6727 497336397 36 0
6421 497342818 32 0
6419 497349237 24 0
13187 497362424 36 0
6722 497369146 21 0
6425 497375571 19 0
6425 497381996 17 0
13173 497395169 47 0
6746 497401915 31 0
6403 497408318 26 0
6429 497414747 21 0
13160 497427907 35 0
6723 497434630 34 0
6431 497441061 15 0
6410 497447471 25 0
13184 497460655 41 0
6722 497467377 16 0
6431 497473808 14 0
6434 497480242 31 0
13164 497493406 47 0
6735 497500141 20 0
6430 497506571 28 0
6444 497513015 28 0
13139 497526154 48 0
6710 497532864 21 0
6431 497539295 18 0
6427 497545722 32 0
13188 497558910 27 0
6707 497565617 31 0
6431 497572048 14 0
6431 497578479 17 0
13159 497591638 41 0
6722 497598360 18 0
6423 497604783 26 0
6413 497611196 16 0
14557 497625753 47 1
6722 497632475 19 0
6424 497638899 20 0
6425 497645324 19 0
13183 497658507 36 0
6734 497665241 30 0
6431 497671672 19 0
6430 497678102 24 0
13158 497691260 43 0
6729 497697989 19 0
6424 497704413 24 0
6416 497710829 29 0
13166 497723995 46 0
6722 497730717 20 0
6439 497737156 32 0
6413 497743569 16 0
13138 497756707 42 0
6727 497763434 34 0
6431 497769865 24 0
6424 497776289 19 0
13156 497789445 38 0
6722 497796167 21 0
6399 497802566 29 0
6425 497808991 17 0
13200 497822191 53 0
6727 497828918 28 0
6406 497835324 18 0
6431 497841755 22 0
13172 497854927 37 0
6706 497861633 30 0
6431 497868064 11 0
6436 497874500 26 0
13191 497887691 51 0
6722 497894413 17 0
6419 497900832 18 0
6434 497907266 26 0
13185 497920451 37 0
6735 497927186 20 0
6418 497933604 24 0
6418 497940022 25 0
13168 497953190 34 0
6684 497959874 29 0
6419 497966293 21 0
6427 497972720 33 0
13188 497985908 35 0
6714 497992622 32 0
6431 497999053 15 0
6432 498005485 31 0
13150 498018635 45 0
6735 498025370 20 0
6406 498031776 25 0
6431 498038207 14 0
14548 498052755 64 0
6722 498059477 19 0
6422 498065899 24 0
6424 498072323 29 0
13188 498085511 28 0
6722 498092233 21 0
6700 498098933 22 0
6418 498105351 20 0
13122 498118473 34 0
6715 498125188 29 0
6422 498131610 29 0
6431 498138041 13 0
13181 498151222 36 0
6716 498157938 20 0
6431 498164369 14 0
6420 498170789 32 2
13174 498183963 36 0
6735 498190698 19 0
6431 498197129 13 0
6431 498203560 23 0
13169 498216729 29 0
6715 498223444 25 0
6425 498229869 22 0
6428 498236297 25 0
13192 498249489 55 0
6722 498256211 18 0
6431 498262642 22 0
6429 498269071 22 0
13142 498282213 41 0
6735 498288948 17 0
6431 498295379 16 0
6450 498301829 36 0
13175 498315004 26 0
6715 498321719 25 0
6431 498328150 13 0
6405 498334555 27 0
13169 498347724 35 0
6722 498354446 21 0
6419 498360865 18 0
6431 498367296 22 0
13168 498380464 40 0
6716 498387180 24 0
6432 498393612 31 0
6431 498400043 11 0
13182 498413225 32 0
6722 498419947 21 0
6431 498426378 23 0
6430 498432808 29 0
13174 498445982 36 0
6726 498452708 31 0
6431 498459139 12 0
7808 498466947 32 1
13175 498480122 29 0
6715 498486837 33 0
6425 498493262 17 0
6430 498499692 24 0
13183 498512875 41 0
6727 498519602 31 0
6418 498526020 23 0
6430 498532450 24 0
13175 498545625 37 0
6734 498552359 31 0
6424 498558783 18 0
6435 498565218 33 0
13175 498578393 26 0
6719 498585112 34 0
6431 498591543 13 0
6425 498597968 16 0
13175 498611143 40 0
6722 498617865 20 0
6431 498624296 15 0
6432 498630728 27 0
13119 498643847 42 0
6722 498650569 19 0
6413 498656982 18 0
6440 498663422 33 0
13181 498676603 39 0
6714 498683317 27 0
6431 498689748 18 0
6426 498696174 27 0
13175 498709349 29 0
6711 498716060 27 0
6419 498722479 22 0
6431 498728910 13 0
13175 498742085 32 0
6720 498748805 31 0
6428 498755233 21 0
6424 498761657 21 0
13187 498774844 30 0
6722 498781566 19 0
6423 498787989 27 0
6413 498794402 18 0
13157 498807559 23 0
6729 498814288 17 0
6433 498820721 26 0
13163 498833884 30 0
6431 498840315 13 0
6709 498847024 22 0
6431 498853455 16 0
13176 498866631 34 0
6405 498873036 23 0
6716 498879752 20 0
7801 498887553 32 0
13150 498900703 39 0
6425 498907128 17 0
6709 498913837 31 0
6429 498920266 18 0
13174 498933440 37 0
6429 498939869 29 0
6722 498946591 17 0
6431 498953022 17 0
13169 498966191 41 0
6429 498972620 16 1
14994 498987614 340 137
6367 498993981 48 5
13170 499007151 47 0
6425 499013576 20 0
6722 499020298 20 0
6426 499026724 32 0
13188 499039912 39 0
6428 499046340 21 0
6722 499053062 20 0
866927 499919989 15269 5071
13698 499933687 639 62
6675 499940362 34 0
7893 499948255 276 122
6890 499955145 27 1
18361 499973506 167 28
6671 499980177 33 0
6923 499987100 30 0
8196 499995296 168 40
4223703 4223703 81583 5116
12202827 16426530 53240 13731
16235415 32661945 16980 5150
15792954 48454899 18060 4333
19148245 67603144 17532 5339
19316954 86920098 17342 5341
17941045 104861143 23817 7169
18665081 123526224 17915 5195
19256300 142782524 17666 5309
19313655 162096179 20182 5910
19217163 181313342 19360 5388
19104756 200418098 18499 5341
19262358 219680456 19446 5466
18711481 238391937 18691 5212
18567568 256959505 23695 5345
18545713 275505218 18829 5089
19224463 294729681 19318 5294
19411612 314141293 18598 5240
19398164 333539457 19661 5358
19441856 352981313 18669 5420
19329099 372310412 18808 5267
19460142 391770554 19123 5366
19380778 411151332 20018 5297
19368086 430519418 18848 5387
19415892 449935310 18620 5243
19364108 469299418 18815 5521
17292737 486592155 28816 4891
10225382 496817537 17147 418
477202 497294739 3109 848
11744 497306483 67 2
5663 497312146 26 1
6147 497318293 22 0
5638 497323931 22 0
11815 497335746 38 0
5652 497341398 24 0
6141 497347539 21 0
5658 497353197 11 1
11752 497364949 41 0
5657 497370606 19 0
6154 497376760 30 1
5656 497382416 28 0
11784 497394200 33 2
5652 497399852 18 0
6160 497406012 18 0
7029 497413041 104 34
11802 497424843 43 2
5658 497430501 15 0
6160 497436661 13 0
5658 497442319 15 1
11758 497454077 52 1
5666 497459743 25 0
6173 497465916 18 1
5658 497471574 10 0
11780 497483354 49 0
5658 497489012 9 0
6160 497495172 20 0
5652 497500824 15 0
11801 497512625 62 6
5655 497518280 20 0
6160 497524440 28 0
5658 497530098 11 0
11782 497541880 35 0
5658 497547538 12 0
6154 497553692 26 2
5651 497559343 30 0
11764 497571107 51 0
5658 497576765 13 0
6153 497582918 26 1
5657 497588575 30 1
11765 497600340 47 1
5657 497605997 18 0
6173 497612170 17 0
5661 497617831 34 0
12246 497630077 71 0
5655 497635732 34 6
6114 497641846 29 2
5658 497647504 28 16
12267 497659771 38 1
5652 497665423 34 1
6126 497671549 28 4
5658 497677207 20 5
11783 497688990 48 5
5658 497694648 13 0
6186 497700834 18 0
5645 497706479 23 2
11790 497718269 44 10
5658 497723927 12 0
6152 497730079 23 0
5648 497735727 29 0
11791 497747518 49 4
5658 497753176 15 0
6173 497759349 22 3
5658 497765007 13 0
11744 497776751 41 0
5658 497782409 12 0
7537 497789946 64 43
5658 497795604 14 0
11809 497807413 36 6
5658 497813071 12 0
6141 497819212 37 4
5658 497824870 13 0
12254 497837124 40 0
5639 497842763 19 0
6151 497848914 19 0
5658 497854572 23 7
13267 497867839 102 21
6367 497874206 27 2
6618 497880824 27 0
6579 497887403 24 1
12243 497899646 57 0
6089 497905735 30 0
6116 497911851 20 0
6098 497917949 21 0
12205 497930154 50 0
6110 497936264 26 0
6115 497942379 25 0
6092 497948471 26 0
12236 497960707 52 0
6115 497966822 21 0
6104 497972926 29 0
6108 497979034 32 0
12245 497991279 34 0
6116 497997395 27 0
6116 498003511 18 0
5658 498009169 14 0
12254 498021423 33 2
6114 498027537 32 0
6116 498033653 19 0
5645 498039298 20 1
12267 498051565 41 0
6115 498057680 24 0
6116 498063796 18 0
6116 498069912 19 0
12202 498082114 41 0
5640 498087754 16 0
6158 498093912 20 0
5658 498099570 16 0
11789 498111359 30 0
5658 498117017 10 0
6148 498123165 20 0
5655 498128820 32 0
11809 498140629 26 1
5658 498146287 13 0
6159 498152446 25 0
5658 498158104 14 0
11784 498169888 28 0
7035 498176923 30 0
6173 498183096 17 0
5658 498188754 16 0
11766 498200520 36 0
5657 498206177 20 0
6148 498212325 21 0
5646 498217971 18 0
11792 498229763 47 0
5646 498235409 22 0
6164 498241573 28 0
5646 498247219 16 0
11776 498258995 33 0
5658 498264653 17 0
6139 498270792 26 0
5651 498276443 24 0
11808 498288251 41 0
5658 498293909 13 0
6134 498300043 24 0
5640 498305683 16 0
11792 498317475 55 0
5658 498323133 29 14
6173 498329306 29 13
5646 498334952 13 0
11795 498346747 30 0
5658 498352405 16 0
6147 498358552 24 0
5658 498364210 19 0
11782 498375992 46 0
5644 498381636 17 0
6150 498387786 32 0
5658 498393444 26 0
11776 498405220 31 0
5658 498410878 19 0
6173 498417051 20 0
5658 498422709 14 0
11771 498434480 39 0
5646 498440126 14 0
6160 498446286 18 0
5628 498451914 21 0
11787 498463701 43 0
5651 498469352 25 0
6186 498475538 24 0
5640 498481178 18 0
11782 498492960 36 0
5656 498498616 27 0
6153 498504769 30 0
5652 498510421 15 0
11801 498522222 29 0
5657 498527879 17 0
6160 498534039 19 0
5649 498539688 29 0
13166 498552854 50 0
5658 498558512 26 0
6172 498564684 25 0
5652 498570336 19 0
11796 498582132 26 0
5658 498587790 14 0
6160 498593950 19 0
5652 498599602 19 0
11803 498611405 28 0
5666 498617071 23 0
6160 498623231 17 0
5642 498628873 24 0
11796 498640669 25 0
5658 498646327 14 0
15258 498661585 551 365
5661 498667246 55 6
11795 498679041 49 0
5652 498684693 16 0
6159 498690852 25 0
5652 498696504 17 0
11781 498708285 50 1
5658 498713943 15 0
6173 498720116 18 0
5666 498725782 28 0
11787 498737569 36 0
5658 498743227 11 0
6139 498749366 26 0
5658 498755024 12 0
11809 498766833 29 0
5658 498772491 14 0
6159 498778650 29 0
5657 498784307 33 0
11795 498796102 26 0
5652 498801754 16 0
6161 498807915 23 0
5652 498813567 18 0
11785 498825352 32 0
5658 498831010 11 0
6160 498837170 23 0
5658 498842828 10 0
13194 498856022 96 42
5647 498861669 26 0
6125 498867794 24 0
5657 498873451 24 0
11746 498885197 43 0
5658 498890855 10 0
6142 498896997 28 0
5643 498902640 27 0
11771 498914411 29 0
5658 498920069 23 0
6136 498926205 20 0
5644 498931849 29 0
13172 498945021 50 0
5658 498950679 13 0
6135 498956814 25 0
5630 498962444 25 0
11790 498974234 23 0
5658 498979892 11 0
6160 498986052 16 0
5651 498991703 23 0
11785 499003488 26 0
5658 499009146 12 0
6141 499015287 22 0
11784 499027071 35 0
5645 499032716 16 0
5652 499038368 17 0
6167 499044535 27 0
11788 499056323 39 0
5633 499061956 18 0
5658 499067614 11 0
6142 499073756 21 0
11837 499085593 46 0
5658 499091251 12 0
5667 499096918 27 0
6156 499103074 30 0
11784 499114858 40 0
5656 499120514 25 0
5658 499126172 14 0
6166 499132338 29 0
11788 499144126 35 0
5646 499149772 20 0
5658 499155430 13 0
6160 499161590 16 0
11775 499173365 39 0
5656 499179021 18 1
5658 499184679 13 0
6166 499190845 23 0
11773 499202618 36 0
5640 499208258 15 0
5658 499213916 10 0
6129 499220045 26 0
11808 499231853 51 0
5658 499237511 12 0
5645 499243156 24 0
6151 499249307 25 0
11771 499261078 39 0
5658 499266736 13 0
5657 499272393 16 0
6173 499278566 18 0
11782 499290348 36 0
5658 499296006 9 0
5652 499301658 18 0
6141 499307799 30 0
13169 499320968 54 0
5640 499326608 16 0
5649 499332257 21 0
6160 499338417 18 0
11749 499350166 39 0
5652 499355818 15 0
5658 499361476 12 0
6167 499367643 23 0
11792 499379435 39 0
5658 499385093 15 0
5644 499390737 24 0
6148 499396885 21 0
11783 499408668 24 0
5644 499414312 18 0
5658 499419970 9 0
6165 499426135 27 0
11795 499437930 34 0
5652 499443582 18 0
5658 499449240 13 0
6160 499455400 17 0
11811 499467211 49 0
5646 499472857 11 0
5646 499478503 21 0
6148 499484651 20 0
11780 499496431 38 0
5649 499502080 22 0
5656 499507736 23 0
6173 499513909 18 0
11766 499525675 49 0
5658 499531333 11 0
5658 499536991 12 0
6160 499543151 19 0
11766 499554917 39 0
5657 499560574 14 0
5658 499566232 12 0
6148 499572380 20 0
11784 499584164 25 0
5645 499589809 23 0
5651 499595460 16 0
6167 499601627 22 0
11794 499613421 42 0
5656 499619077 22 0
5645 499624722 28 0
6147 499630869 30 0
11783 499642652 36 0
5646 499648298 25 0
5658 499653956 12 0
6154 499660110 26 0
11796 499671906 29 0
910922 500582828 15450 5153
6438 500589266 54 4
6654 500595920 37 2
18558 500614478 466 186
6451 500620929 27 2
6664 500627593 24 3
8259 500635852 157 44
13272 500649124 67 0
6333 500655457 19 1
654913 654913 16048 1034
5430553 6085466 86274 9761
16264838 22350304 37531 9688
19085915 41436219 23159 6034
19017252 60453471 18135 5221
19482699 79936170 18752 5462
18869037 98805207 23976 7717
18586529 117391736 19020 5180
19036669 136428405 18712 5277
19517199 155945604 18781 5359
19378632 175324236 21799 5985
19355735 194679971 18561 5382
19551937 214231908 18937 5414
19479232 233711140 18741 5442
18931134 252642274 20678 5349
18363341 271005615 23885 5433
19058391 290064006 18996 5402
19484139 309548145 18736 5334
19549577 329097722 19190 5426
19535840 348633562 18713 5440
19608092 368241654 18369 5387
19573958 387815612 18866 5432
19500873 407316485 19421 5381
19668831 426985316 18398 5431
19767852 446753168 17811 5362
19615377 466368545 18583 5458
18129485 484498030 30580 5145
10421343 494919373 15926 493
1370338 496289711 4443 827
5645 496295356 48 3
11790 496307146 34 1
6151 496313297 11 0
5645 496318942 17 0
5658 496324600 7 0
11818 496336418 28 0
6125 496342543 21 0
5637 496348180 19 0
5658 496353838 9 2
11820 496365658 47 5
6138 496371796 18 0
5658 496377454 14 1
5652 496383106 13 0
11818 496394924 28 1
6151 496401075 16 0
5645 496406720 20 0
5658 496412378 10 0
11807 496424185 47 1
6138 496430323 16 0
5639 496435962 22 0
5658 496441620 10 0
11811 496453431 39 0
6124 496459555 22 0
7027 496466582 101 30
5645 496472227 19 0
11833 496484060 50 3
6138 496490198 12 0
5645 496495843 23 0
5649 496501492 23 0
11832 496513324 30 1
6138 496519462 17 0
5660 496525122 25 0
5658 496530780 10 0
11811 496542591 36 1
6151 496548742 16 0
5658 496554400 17 3
5658 496560058 13 0
11780 496571838 39 0
6138 496577976 17 0
5627 496583603 20 0
5658 496589261 8 0
11842 496601103 49 0
6138 496607241 14 0
5633 496612874 31 0
5659 496618533 24 1
11817 496630350 40 4
6162 496636512 28 0
5658 496642170 29 18
5658 496647828 10 0
12264 496660092 39 1
6116 496666208 18 0
6103 496672311 25 0
5646 496677957 25 9
11807 496689764 28 0
6139 496695903 34 0
5658 496701561 11 1
5658 496707219 10 0
11818 496719037 24 5
6138 496725175 15 0
5663 496730838 19 3
5658 496736496 12 0
11805 496748301 45 0
6138 496754439 18 0
5658 496760097 14 1
5658 496765755 11 0
11807 496777562 32 1
7039 496784601 101 74
5658 496790259 18 3
5658 496795917 15 0
11818 496807735 33 2
6138 496813873 14 0
5658 496819531 12 2
5658 496825189 12 0
11819 496837008 25 0
7515 496844523 54 34
6116 496850639 22 0
6344 496856983 62 0
13264 496870247 66 1
6620 496876867 27 0
6579 496883446 22 1
6116 496889562 16 0
12243 496901805 45 0
6116 496907921 19 0
6116 496914037 19 0
6119 496920156 35 0
12238 496932394 35 0
6117 496938511 21 0
6116 496944627 18 0
6116 496950743 17 0
12225 496962968 40 0
6102 496969070 28 0
6125 496975195 30 0
6123 496981318 38 0
12226 496993544 36 0
6101 496999645 31 0
6103 497005748 25 0
6102 497011850 28 0
12245 497024095 24 0
6116 497030211 19 0
6115 497036326 34 0
6110 497042436 25 0
12231 497054667 31 0
6116 497060783 15 0
6116 497066899 25 0
11791 497078690 32 0
5657 497084347 19 0
6138 497090485 17 0
5622 497096107 20 0
11811 497107918 42 0
5651 497113569 27 0
6144 497119713 25 0
5643 497125356 23 0
11818 497137174 22 0
5658 497142832 12 0
6138 497148970 17 0
5647 497154617 16 0
11831 497166448 21 0
5656 497172104 21 0
6138 497178242 17 0
5622 497183864 19 0
11811 497195675 32 0
5658 497201333 9 0
6138 497207471 17 0
5654 497213125 26 0
11817 497224942 48 0
7035 497231977 27 0
6138 497238115 18 0
5637 497243752 23 0
11820 497255572 41 0
5658 497261230 13 0
6134 497267364 22 0
5646 497273010 18 0
11803 497284813 38 0
5658 497290471 13 0
6132 497296603 19 0
5655 497302258 23 0
11820 497314078 43 0
5658 497319736 12 0
6135 497325871 22 0
5652 497331523 16 0
11804 497343327 37 0
5658 497348985 11 0
6132 497355117 20 0
5658 497360775 14 0
11817 497372592 33 0
5653 497378245 32 0
6114 497384359 20 0
5657 497390016 23 0
23254 497413270 552 96
5656 497418926 53 0
6138 497425064 15 0
5652 497430716 12 0
11806 497442522 22 0
5632 497448154 25 0
6125 497454279 25 0
5639 497459918 21 0
11830 497471748 27 0
5652 497477400 17 0
6138 497483538 19 0
5645 497489183 19 0
11832 497501015 42 0
5658 497506673 12 0
6138 497512811 22 0
5658 497518469 13 1
11799 497530268 29 0
5649 497535917 27 0
6138 497542055 16 0
5654 497547709 24 0
11824 497559533 39 0
5640 497565173 16 0
6126 497571299 18 0
5649 497576948 26 0
11818 497588766 23 0
5654 497594420 27 0
6151 497600571 18 0
5616 497606187 18 0
13185 497619372 59 3
5658 497625030 12 0
6102 497631132 26 0
5650 497636782 28 1
11830 497648612 44 0
5647 497654259 27 0
6126 497660385 21 0
5645 497666030 17 0
11812 497677842 26 0
5646 497683488 17 0
6127 497689615 18 0
5661 497695276 27 0
11822 497707098 41 0
5657 497712755 16 0
6138 497718893 19 0
5650 497724543 28 0
11822 497736365 39 0
5664 497742029 30 0
6155 497748184 33 0
5658 497753842 10 0
11809 497765651 37 0
5658 497771309 14 0
6132 497777441 20 0
5639 497783080 21 0
11824 497794904 39 0
5646 497800550 13 0
6125 497806675 24 0
5626 497812301 22 0
11805 497824106 37 0
5658 497829764 16 0
6137 497835901 22 0
6110 497842011 18 0
11771 497853782 38 0
5656 497859438 31 0
6138 497865576 17 0
5639 497871215 24 0
11793 497883008 39 0
5658 497888666 11 0
6138 497894804 17 0
5652 497900456 16 0
11812 497912268 25 0
5658 497917926 12 0
6138 497924064 17 0
5656 497929720 21 0
11836 497941556 37 0
5653 497947209 28 0
6125 497953334 24 0
5646 497958980 16 0
11812 497970792 28 0
5652 497976444 18 0
6151 497982595 18 0
7023 497989618 32 0
11817 498001435 39 0
5652 498007087 15 0
6138 498013225 16 0
5654 498018879 21 0
11808 498030687 35 0
5652 498036339 17 0
6138 498042477 15 0
5631 498048108 24 0
11817 498059925 33 0
5669 498065594 27 0
6138 498071732 26 0
5651 498077383 24 0
11800 498089183 42 0
5651 498094834 22 0
6137 498100971 30 0
5649 498106620 26 0
11831 498118451 20 0
5662 498124113 21 0
6118 498130231 29 0
5658 498135889 12 0
11806 498147695 36 0
5631 498153326 21 0
6138 498159464 15 0
5647 498165111 25 0
11829 498176940 38 0
5658 498182598 15 0
6128 498188726 29 0
5642 498194368 24 0
11792 498206160 33 0
5658 498211818 10 0
6156 498217974 27 0
5658 498223632 12 0
11805 498235437 36 0
5658 498241095 14 0
6138 498247233 26 0
5626 498252859 22 0
11829 498264688 36 0
5660 498270348 27 0
6113 498276461 27 0
5636 498282097 24 0
11804 498293901 37 0
5658 498299559 12 0
6151 498305710 17 0
5637 498311347 25 0
11794 498323141 35 0
5657 498328798 18 0
6125 498334923 23 0
5643 498340566 26 0
11831 498352397 34 0
5658 498358055 13 0
7502 498365557 35 0
5647 498371204 23 0
11818 498383022 30 0
5646 498388668 14 0
6132 498394800 19 0
5621 498400421 19 0
11844 498412265 44 0
5658 498417923 13 0
6139 498424062 18 0
5634 498429696 15 0
11799 498441495 34 0
5658 498447153 11 0
6151 498453304 15 0
5647 498458951 26 0
11793 498470744 31 0
5651 498476395 25 0
6138 498482533 18 0
5658 498488191 14 0
11835 498500026 41 0
5657 498505683 27 0
6130 498511813 21 0
5655 498517468 24 0
11809 498529277 43 0
5652 498534929 17 0
6124 498541053 23 0
5646 498546699 19 0
11804 498558503 38 0
5658 498564161 12 0
6138 498570299 16 0
5658 498575957 11 0
11830 498587787 30 0
5659 498593446 26 0
6126 498599572 23 0
5625 498605197 23 0
11817 498617014 36 0
5658 498622672 13 0
6105 498628777 25 0
5657 498634434 20 0
11830 498646264 37 0
5658 498651922 12 0
9477 498661399 168 42
886056 499547455 15334 5004
13335 499560790 633 53
6107 499566897 36 2
7732 499574629 276 116
6649 499581278 36 7
18079 499599357 191 56
6723 499606080 44 0
6393 499612473 16 0
