2657491, 2657491, 55750, 3273, 4
9052338, 11709829, 73641, 12525, 13
18689241, 30399070, 21270, 5728, 2
7150283, 37549353, 6129, 1396, 6
19141931, 56691284, 21073, 5163, 11
19533130, 76224414, 18206, 5276, 11
18261225, 94485639, 24583, 7108, 2
19326798, 113812437, 18411, 5294, 11
19077586, 132890023, 18617, 5180, 11
19412576, 152302599, 19362, 5239, 11
19707111, 172009710, 20475, 5307, 11
19509841, 191519551, 19763, 5315, 11
19514925, 211034476, 19011, 5344, 11
19389867, 230424343, 18921, 5347, 11
18905080, 249329423, 19892, 5138, 11
18631519, 267960942, 24106, 5076, 11
19090230, 287051172, 19373, 5178, 11
19569842, 306621014, 19322, 5197, 11
19532809, 326153823, 19807, 5380, 11
19567244, 345721067, 19597, 5311, 11
19476498, 365197565, 18881, 5276, 11
19660519, 384858084, 19204, 5293, 11
19431416, 404289500, 19669, 5218, 11
19616660, 423906160, 19108, 5274, 11
19620133, 443526293, 18897, 5254, 11
19480987, 463007280, 19455, 5240, 11
19542282, 482549562, 19786, 5249, 11
12579183, 495128745, 29017, 1311, 19
3250262, 498379007, 7431, 601, 5
5653, 498384660, 35, 0, 1
11808, 498396468, 48, 0, 1
6120, 498402588, 20, 0, 1
5657, 498408245, 16, 0, 1
5655, 498413900, 23, 0, 1
11815, 498425715, 41, 0, 1
6137, 498431852, 25, 0, 1
5652, 498437504, 17, 0, 1
5657, 498443161, 20, 0, 1
11824, 498454985, 31, 0, 1
6138, 498461123, 16, 0, 1
5656, 498466779, 23, 0, 1
5658, 498472437, 10, 0, 1
11792, 498484229, 51, 0, 1
6140, 498490369, 25, 0, 1
5658, 498496027, 11, 0, 1
5657, 498501684, 25, 0, 1
11806, 498513490, 37, 1, 1
6126, 498519616, 21, 0, 1
5646, 498525262, 15, 0, 1
5660, 498530922, 24, 0, 1
11807, 498542729, 58, 0, 1
6138, 498548867, 15, 0, 1
5646, 498554513, 16, 0, 1
5657, 498560170, 21, 0, 1
11797, 498571967, 44, 0, 1
6133, 498578100, 18, 0, 1
5658, 498583758, 11, 0, 1
5658, 498589416, 9, 0, 1
11786, 498601202, 41, 0, 1
6138, 498607340, 14, 0, 1
5652, 498612992, 15, 1, 1
5658, 498618650, 11, 0, 1
11828, 498630478, 33, 1, 1
6124, 498636602, 26, 0, 1
5634, 498642236, 22, 0, 1
5652, 498647888, 16, 0, 1
11786, 498659674, 45, 0, 1
7490, 498667164, 106, 4, 1
5640, 498672804, 22, 1, 1
5658, 498678462, 13, 0, 1
11830, 498690292, 56, 0, 1
6130, 498696422, 30, 0, 1
5652, 498702074, 17, 0, 1
5654, 498707728, 24, 0, 1
11828, 498719556, 52, 0, 1
6164, 498725720, 16, 0, 1
5658, 498731378, 12, 0, 1
5657, 498737035, 16, 0, 1
11816, 498748851, 48, 0, 1
6138, 498754989, 16, 0, 1
5655, 498760644, 18, 0, 1
5672, 498766316, 29, 0, 1
11822, 498778138, 40, 0, 1
6138, 498784276, 18, 0, 1
5634, 498789910, 17, 0, 1
5652, 498795562, 15, 0, 1
11815, 498807377, 37, 0, 1
6151, 498813528, 17, 0, 1
5649, 498819177, 26, 0, 1
5658, 498824835, 9, 0, 1
11825, 498836660, 40, 0, 1
6118, 498842778, 26, 0, 1
5652, 498848430, 17, 1, 1
5658, 498854088, 12, 0, 1
11821, 498865909, 50, 0, 1
6137, 498872046, 25, 0, 1
5662, 498877708, 18, 0, 1
5652, 498883360, 15, 0, 1
11812, 498895172, 25, 0, 1
6138, 498901310, 15, 0, 1
6128, 498907438, 21, 0, 1
6373, 498913811, 56, 0, 1
12991, 498926802, 44, 2, 1
9093, 498935895, 235, 17, 1
6579, 498942474, 37, 3, 1
5651, 498948125, 22, 0, 1
11800, 498959925, 41, 0, 1
6145, 498966070, 21, 0, 1
6110, 498972180, 23, 0, 1
6073, 498978253, 28, 0, 1
12230, 498990483, 33, 0, 1
6100, 498996583, 30, 0, 1
6108, 499002691, 34, 0, 1
6126, 499008817, 32, 0, 1
12224, 499021041, 33, 0, 1
6073, 499027114, 28, 0, 1
6116, 499033230, 22, 0, 1
6102, 499039332, 29, 0, 1
13609, 499052941, 60, 1, 1
6120, 499059061, 37, 0, 1
6110, 499065171, 23, 0, 1
6116, 499071287, 19, 0, 1
12231, 499083518, 44, 0, 1
6116, 499089634, 16, 0, 1
6108, 499095742, 28, 0, 1
6119, 499101861, 36, 0, 1
11799, 499113660, 31, 0, 1
6138, 499119798, 19, 0, 1
6104, 499125902, 26, 0, 1
5662, 499131564, 31, 0, 1
11793, 499143357, 38, 0, 1
6138, 499149495, 21, 0, 1
5639, 499155134, 19, 0, 1
5657, 499160791, 22, 0, 1
11827, 499172618, 39, 0, 1
6126, 499178744, 18, 0, 1
5639, 499184383, 18, 0, 1
5657, 499190040, 22, 0, 1
11817, 499201857, 37, 0, 1
6151, 499208008, 15, 0, 1
5650, 499213658, 22, 0, 1
5658, 499219316, 7, 0, 1
11805, 499231121, 40, 0, 1
6145, 499237266, 15, 0, 1
5634, 499242900, 17, 0, 1
5658, 499248558, 24, 0, 1
11809, 499260367, 43, 0, 1
6098, 499266465, 19, 0, 1
6116, 499272581, 18, 0, 1
5657, 499278238, 21, 0, 1
11799, 499290037, 40, 0, 1
6151, 499296188, 16, 0, 1
5640, 499301828, 23, 0, 1
5658, 499307486, 10, 0, 1
11805, 499319291, 35, 0, 1
6138, 499325429, 14, 0, 1
5642, 499331071, 23, 0, 1
5654, 499336725, 18, 0, 1
11796, 499348521, 42, 0, 1
6138, 499354659, 13, 0, 1
5649, 499360308, 24, 0, 1
5651, 499365959, 14, 0, 1
11809, 499377768, 36, 0, 1
6112, 499383880, 25, 0, 1
5658, 499389538, 14, 0, 1
5656, 499395194, 22, 0, 1
11819, 499407013, 27, 0, 1
6126, 499413139, 21, 0, 1
5658, 499418797, 12, 0, 1
5652, 499424449, 15, 0, 1
13170, 499437619, 55, 3, 1
6151, 499443770, 17, 0, 1
5621, 499449391, 20, 0, 1
5658, 499455049, 12, 0, 1
11813, 499466862, 35, 0, 1
6138, 499473000, 15, 0, 1
5640, 499478640, 17, 0, 1
5657, 499484297, 20, 0, 1
11795, 499496092, 32, 0, 1
6130, 499502222, 24, 0, 1
5658, 499507880, 11, 0, 1
5652, 499513532, 20, 0, 1
11795, 499525327, 45, 0, 1
6132, 499531459, 30, 0, 1
5658, 499537117, 11, 0, 1
5650, 499542767, 28, 0, 1
11794, 499554561, 31, 0, 1
6134, 499560695, 35, 0, 1
5658, 499566353, 12, 0, 1
5658, 499572011, 14, 0, 1
11823, 499583834, 34, 0, 1
6118, 499589952, 27, 0, 1
5658, 499595610, 13, 0, 1
5657, 499601267, 22, 0, 1
11787, 499613054, 33, 0, 1
6132, 499619186, 18, 0, 1
5658, 499624844, 14, 0, 1
5652, 499630496, 13, 0, 1
20888, 499651384, 345, 50, 1
6138, 499657522, 21, 0, 1
5634, 499663156, 18, 1, 1
5640, 499668796, 18, 0, 1
11805, 499680601, 41, 0, 1
6144, 499686745, 24, 0, 1
5658, 499692403, 13, 0, 1
5657, 499698060, 20, 0, 1
11810, 499709870, 37, 0, 1
6100, 499715970, 23, 0, 1
5655, 499721625, 26, 0, 1
5658, 499727283, 13, 0, 1
11828, 499739111, 29, 0, 1
6126, 499745237, 25, 0, 1
5628, 499750865, 20, 0, 1
5658, 499756523, 9, 0, 1
11788, 499768311, 44, 0, 1
6142, 499774453, 31, 0, 1
5658, 499780111, 14, 0, 1
5652, 499785763, 15, 0, 1
11814, 499797577, 41, 0, 1
6153, 499803730, 35, 0, 1
5643, 499809373, 27, 0, 1
7035, 499816408, 34, 0, 1
11807, 499828215, 34, 0, 1
6138, 499834353, 13, 0, 1
5651, 499840004, 22, 0, 1
5658, 499845662, 10, 0, 1
11808, 499857470, 50, 0, 1
6108, 499863578, 23, 0, 1
5634, 499869212, 15, 0, 1
5652, 499874864, 14, 0, 1
11844, 499886708, 24, 0, 1
6124, 499892832, 30, 0, 1
6116, 499898948, 17, 0, 1
5658, 499904606, 13, 0, 1
11776, 499916382, 29, 0, 1
6151, 499922533, 14, 0, 1
5647, 499928180, 23, 0, 1
5664, 499933844, 31, 0, 1
11817, 499945661, 44, 0, 1
6138, 499951799, 17, 0, 1
5644, 499957443, 24, 0, 1
11813, 499969256, 29, 0, 1
5652, 499974908, 15, 0, 1
6133, 499981041, 21, 0, 1
5658, 499986699, 13, 0, 1
11815, 499998514, 41, 0, 1
5674, 500004188, 36, 0, 1
6136, 500010324, 26, 0, 1
5658, 500015982, 12, 0, 1
11811, 500027793, 28, 0, 1
5651, 500033444, 28, 0, 1
6138, 500039582, 18, 0, 1
5642, 500045224, 26, 0, 1
11831, 500057055, 28, 0, 1
5646, 500062701, 16, 0, 1
6138, 500068839, 19, 0, 1
5632, 500074471, 23, 0, 1
11791, 500086262, 43, 0, 1
5657, 500091919, 17, 0, 1
6124, 500098043, 27, 0, 1
5646, 500103689, 16, 0, 1
11824, 500115513, 31, 0, 1
5652, 500121165, 16, 0, 1
6125, 500127290, 31, 0, 1
5652, 500132942, 21, 0, 1
11805, 500144747, 28, 0, 1
5658, 500150405, 11, 0, 1
6144, 500156549, 30, 0, 1
5615, 500162164, 21, 0, 1
11809, 500173973, 39, 0, 1
5663, 500179636, 20, 0, 1
6132, 500185768, 23, 0, 1
7035, 500192803, 33, 4, 1
11825, 500204628, 28, 0, 1
5658, 500210286, 19, 0, 1
6138, 500216424, 19, 0, 1
5658, 500222082, 17, 0, 1
11792, 500233874, 34, 0, 1
5658, 500239532, 10, 0, 1
6164, 500245696, 19, 0, 1
5658, 500251354, 14, 0, 1
11804, 500263158, 40, 0, 1
5658, 500268816, 16, 0, 1
6138, 500274954, 16, 0, 1
5651, 500280605, 21, 0, 1
11822, 500292427, 36, 0, 1
5632, 500298059, 23, 0, 1
6138, 500304197, 18, 0, 1
5657, 500309854, 21, 0, 1
11817, 500321671, 26, 0, 1
5657, 500327328, 16, 0, 1
6131, 500333459, 24, 0, 1
5652, 500339111, 17, 0, 1
11812, 500350923, 30, 0, 1
5658, 500356581, 20, 0, 1
6119, 500362700, 19, 0, 1
5645, 500368345, 17, 0, 1
11794, 500380139, 32, 0, 1
5656, 500385795, 15, 1, 1
14327, 500400122, 255, 94, 1
5651, 500405773, 37, 2, 1
11812, 500417585, 28, 0, 1
5658, 500423243, 12, 0, 1
6129, 500429372, 31, 1, 1
5658, 500435030, 13, 0, 1
11818, 500446848, 32, 0, 1
5658, 500452506, 20, 0, 1
6138, 500458644, 15, 0, 1
5639, 500464283, 19, 0, 1
11805, 500476088, 38, 0, 1
5652, 500481740, 15, 0, 1
6132, 500487872, 21, 0, 1
5652, 500493524, 14, 0, 1
11806, 500505330, 46, 0, 1
5652, 500510982, 18, 0, 1
6138, 500517120, 15, 0, 1
5658, 500522778, 13, 0, 1
11825, 500534603, 38, 0, 1
5657, 500540260, 21, 0, 1
6137, 500546397, 25, 0, 1
5658, 500552055, 10, 0, 1
11775, 500563830, 33, 0, 1
5646, 500569476, 18, 0, 1
7515, 500576991, 29, 0, 1
5651, 500582642, 18, 0, 1
11819, 500594461, 36, 0, 1
5658, 500600119, 12, 0, 1
6130, 500606249, 26, 0, 1
5658, 500611907, 13, 0, 1
11815, 500623722, 36, 0, 1
5657, 500629379, 19, 0, 1
6164, 500635543, 17, 0, 1
5651, 500641194, 17, 0, 1
11816, 500653010, 31, 0, 1
5658, 500658668, 11, 0, 1
6125, 500664793, 24, 0, 1
5658, 500670451, 10, 0, 1
11830, 500682281, 23, 0, 1
5658, 500687939, 7, 0, 1
6132, 500694071, 21, 0, 1
5652, 500699723, 17, 0, 1
11795, 500711518, 45, 0, 1
5658, 500717176, 22, 0, 1
9491, 500726667, 173, 19, 1
913405, 501640072, 15405, 3632, 9
13286, 501653358, 98, 6, 1
12189, 501665547, 363, 55, 1
6668, 501672215, 44, 2, 1
6449, 501678664, 21, 0, 1
14993, 501693657, 169, 13, 1
6747, 501700404, 26, 0, 1
6642, 501707046, 19, 0, 1
520363, 520363, 12423, 799, 5
5268357, 5788720, 91293, 8216, 15
16074440, 21863160, 37504, 8940, 10
9641813, 31504973, 9567, 2712, 12
15555803, 47060776, 17909, 4056, 19
19467700, 66528476, 19490, 5228, 11
18753633, 85282109, 23654, 6788, 2
19113254, 104395363, 18922, 5175, 11
18914300, 123309663, 19084, 5154, 11
19577858, 142887521, 20423, 5289, 11
19531965, 162419486, 21388, 5476, 11
19637472, 182056958, 19629, 5271, 11
19420356, 201477314, 19769, 5194, 11
19501751, 220979065, 20708, 5318, 11
18685099, 239664164, 20667, 5115, 11
18819514, 258483678, 24330, 5133, 11
19138577, 277622255, 19743, 5184, 11
19536763, 297159018, 19208, 5265, 11
19538018, 316697036, 19247, 5241, 11
19576071, 336273107, 19467, 5324, 11
19558261, 355831368, 19687, 5370, 11
19498056, 375329424, 19161, 5257, 11
19690001, 395019425, 18784, 5272, 11
19544198, 414563623, 19433, 5292, 11
19562361, 434125984, 19591, 5235, 11
19575297, 453701281, 19102, 5235, 11
19614201, 473315482, 18974, 5294, 11
17794828, 491110310, 26290, 3551, 7
7319344, 498429654, 19290, 769, 12
5658, 498435312, 26, 1, 1
6166, 498441478, 35, 0, 1
5658, 498447136, 18, 1, 1
11790, 498458926, 39, 0, 1
5652, 498464578, 13, 0, 1
6136, 498470714, 24, 0, 1
5658, 498476372, 16, 0, 1
11803, 498488175, 30, 0, 1
5658, 498493833, 12, 0, 1
6167, 498500000, 20, 0, 1
5658, 498505658, 13, 0, 1
11790, 498517448, 31, 0, 1
5658, 498523106, 13, 0, 1
6160, 498529266, 17, 0, 1
5658, 498534924, 14, 0, 1
12221, 498547145, 45, 0, 1
5652, 498552797, 24, 0, 1
6154, 498558951, 18, 0, 1
5658, 498564609, 19, 0, 1
11782, 498576391, 41, 0, 1
5658, 498582049, 13, 0, 1
6173, 498588222, 18, 0, 1
5658, 498593880, 20, 0, 1
11791, 498605671, 39, 0, 1
5657, 498611328, 23, 0, 1
6154, 498617482, 18, 0, 1
5622, 498623104, 21, 0, 1
11797, 498634901, 35, 0, 1
7028, 498641929, 102, 16, 1
6136, 498648065, 29, 0, 1
5658, 498653723, 15, 0, 1
11793, 498665516, 43, 0, 1
5652, 498671168, 18, 0, 1
6173, 498677341, 17, 0, 1
5658, 498682999, 11, 0, 1
11778, 498694777, 36, 1, 1
5651, 498700428, 16, 0, 1
6150, 498706578, 25, 0, 1
5658, 498712236, 15, 0, 1
11795, 498724031, 35, 0, 1
5651, 498729682, 21, 0, 1
6149, 498735831, 23, 0, 1
5658, 498741489, 13, 0, 1
11790, 498753279, 36, 0, 1
5658, 498758937, 20, 0, 1
6160, 498765097, 20, 1, 1
5652, 498770749, 15, 0, 1
11809, 498782558, 35, 1, 1
5658, 498788216, 13, 0, 1
6160, 498794376, 23, 1, 1
5658, 498800034, 13, 0, 1
11796, 498811830, 28, 0, 1
5658, 498817488, 13, 0, 1
6179, 498823667, 27, 0, 1
5657, 498829324, 22, 0, 1
11777, 498841101, 35, 0, 1
5658, 498846759, 13, 0, 1
6148, 498852907, 22, 0, 1
5652, 498858559, 16, 0, 1
11803, 498870362, 35, 1, 1
5658, 498876020, 14, 0, 1
6158, 498882178, 32, 0, 1
5658, 498887836, 14, 0, 1
11796, 498899632, 28, 0, 1
5658, 498905290, 15, 0, 1
6173, 498911463, 19, 0, 1
5633, 498917096, 24, 0, 1
11783, 498928879, 39, 0, 1
5658, 498934537, 13, 0, 1
6153, 498940690, 24, 0, 1
5658, 498946348, 13, 0, 1
12267, 498958615, 40, 0, 1
5658, 498964273, 14, 0, 1
6138, 498970411, 20, 0, 1
6374, 498976785, 52, 0, 1
13260, 498990045, 56, 0, 1
6327, 498996372, 18, 0, 1
6601, 499002973, 25, 0, 1
5658, 499008631, 14, 0, 1
13644, 499022275, 61, 17, 1
6116, 499028391, 19, 0, 1
6116, 499034507, 19, 0, 1
6116, 499040623, 20, 0, 1
12226, 499052849, 41, 0, 1
6128, 499058977, 24, 0, 1
6116, 499065093, 21, 0, 1
6103, 499071196, 27, 0, 1
12211, 499083407, 46, 0, 1
6116, 499089523, 19, 0, 1
6097, 499095620, 26, 0, 1
6115, 499101735, 35, 0, 1
12245, 499113980, 35, 0, 1
6116, 499120096, 17, 0, 1
6104, 499126200, 23, 0, 1
6114, 499132314, 31, 0, 1
12219, 499144533, 41, 0, 1
6116, 499150649, 17, 0, 1
6129, 499156778, 31, 0, 1
6643, 499163421, 28, 0, 1
13244, 499176665, 47, 0, 1
6327, 499182992, 24, 0, 1
6595, 499189587, 27, 0, 1
5644, 499195231, 23, 0, 1
11795, 499207026, 30, 0, 1
5574, 499212600, 11, 0, 1
6186, 499218786, 20, 0, 1
5658, 499224444, 15, 0, 1
11736, 499236180, 38, 0, 1
5657, 499241837, 19, 0, 1
6154, 499247991, 21, 0, 1
5658, 499253649, 16, 0, 1
11760, 499265409, 36, 0, 1
5658, 499271067, 12, 0, 1
6159, 499277226, 17, 0, 1
5658, 499282884, 16, 0, 1
11777, 499294661, 30, 0, 1
5658, 499300319, 13, 0, 1
6158, 499306477, 26, 0, 1
5652, 499312129, 12, 0, 1
11784, 499323913, 33, 0, 1
5651, 499329564, 14, 0, 1
6159, 499335723, 28, 0, 1
5658, 499341381, 16, 0, 1
11796, 499353177, 30, 0, 1
5652, 499358829, 15, 0, 1
6136, 499364965, 21, 0, 1
5657, 499370622, 19, 0, 1
11783, 499382405, 33, 0, 1
5646, 499388051, 19, 0, 1
6173, 499394224, 17, 0, 1
5658, 499399882, 13, 0, 1
13155, 499413037, 43, 0, 1
5657, 499418694, 20, 0, 1
6160, 499424854, 19, 0, 1
5652, 499430506, 21, 0, 1
11784, 499442290, 35, 0, 1
5651, 499447941, 17, 0, 1
6149, 499454090, 27, 0, 1
5652, 499459742, 18, 0, 1
11777, 499471519, 37, 0, 1
5652, 499477171, 19, 0, 1
6142, 499483313, 23, 0, 1
5646, 499488959, 19, 0, 1
11798, 499500757, 33, 0, 1
5658, 499506415, 13, 0, 1
6159, 499512574, 21, 0, 1
5646, 499518220, 17, 0, 1
11783, 499530003, 32, 0, 1
5658, 499535661, 14, 0, 1
6166, 499541827, 22, 0, 1
5658, 499547485, 16, 0, 1
11789, 499559274, 24, 0, 1
5658, 499564932, 14, 0, 1
6153, 499571085, 29, 0, 1
5658, 499576743, 15, 0, 1
11804, 499588547, 32, 0, 1
5657, 499594204, 23, 0, 1
6153, 499600357, 21, 0, 1
5658, 499606015, 11, 0, 1
11777, 499617792, 37, 0, 1
5657, 499623449, 18, 0, 1
6167, 499629616, 23, 0, 1
5629, 499635245, 21, 0, 1
11796, 499647041, 24, 0, 1
5658, 499652699, 16, 0, 1
6160, 499658859, 22, 0, 1
5658, 499664517, 15, 0, 1
11784, 499676301, 29, 0, 1
5658, 499681959, 20, 0, 1
6171, 499688130, 21, 0, 1
5658, 499693788, 16, 0, 1
11789, 499705577, 27, 0, 1
5658, 499711235, 16, 0, 1
6152, 499717387, 23, 0, 1
17167, 499734554, 380, 23, 1
11770, 499746324, 74, 1, 1
5658, 499751982, 11, 0, 1
6160, 499758142, 16, 0, 1
5646, 499763788, 17, 0, 1
11775, 499775563, 41, 0, 1
5652, 499781215, 18, 0, 1
7549, 499788764, 32, 0, 1
5658, 499794422, 18, 0, 1
11795, 499806217, 26, 0, 1
5657, 499811874, 19, 0, 1
6160, 499818034, 18, 0, 1
5658, 499823692, 9, 0, 1
11808, 499835500, 30, 0, 1
5658, 499841158, 23, 0, 1
6129, 499847287, 30, 0, 1
5639, 499852926, 16, 0, 1
11796, 499864722, 27, 0, 1
5658, 499870380, 14, 0, 1
6172, 499876552, 21, 0, 1
5658, 499882210, 15, 0, 1
11795, 499894005, 30, 0, 1
5658, 499899663, 13, 0, 1
6147, 499905810, 20, 0, 1
5658, 499911468, 14, 0, 1
11789, 499923257, 37, 0, 1
5658, 499928915, 10, 0, 1
6173, 499935088, 15, 0, 1
5658, 499940746, 12, 0, 1
11783, 499952529, 28, 0, 1
5658, 499958187, 13, 0, 1
6159, 499964346, 22, 0, 1
5652, 499969998, 19, 0, 1
12307, 499982305, 47, 0, 1
5658, 499987963, 18, 0, 1
6138, 499994101, 17, 0, 1
11796, 500005897, 25, 0, 1
5639, 500011536, 20, 0, 1
5646, 500017182, 18, 0, 1
6167, 500023349, 23, 0, 1
11789, 500035138, 35, 0, 1
5646, 500040784, 17, 0, 1
5657, 500046441, 14, 0, 1
6153, 500052594, 30, 0, 1
11809, 500064403, 33, 0, 1
5651, 500070054, 16, 0, 1
5657, 500075711, 17, 0, 1
6135, 500081846, 26, 0, 1
11790, 500093636, 23, 0, 1
5658, 500099294, 9, 0, 1
5658, 500104952, 12, 0, 1
6173, 500111125, 23, 0, 1
11765, 500122890, 31, 0, 1
5658, 500128548, 11, 0, 1
5652, 500134200, 17, 0, 1
6135, 500140335, 24, 0, 1
11796, 500152131, 30, 0, 1
5627, 500157758, 19, 0, 1
7028, 500164786, 29, 0, 1
6154, 500170940, 27, 0, 1
11790, 500182730, 32, 0, 1
5651, 500188381, 15, 0, 1
5658, 500194039, 12, 0, 1
6132, 500200171, 25, 0, 1
11803, 500211974, 30, 0, 1
5646, 500217620, 20, 0, 1
5658, 500223278, 14, 0, 1
6130, 500229408, 26, 0, 1
11788, 500241196, 36, 0, 1
5646, 500246842, 21, 0, 1
5658, 500252500, 20, 0, 1
6160, 500258660, 23, 0, 1
11790, 500270450, 30, 0, 1
5634, 500276084, 20, 0, 1
5658, 500281742, 20, 0, 1
6154, 500287896, 25, 0, 1
11790, 500299686, 34, 0, 1
5658, 500305344, 16, 0, 1
5658, 500311002, 12, 0, 1
6129, 500317131, 27, 0, 1
11758, 500328889, 44, 0, 1
5652, 500334541, 15, 0, 1
5658, 500340199, 11, 0, 1
6183, 500346382, 27, 0, 1
11790, 500358172, 26, 0, 1
5658, 500363830, 10, 0, 1
5658, 500369488, 11, 0, 1
6160, 500375648, 22, 0, 1
11789, 500387437, 42, 0, 1
5658, 500393095, 13, 0, 1
5658, 500398753, 19, 0, 1
6166, 500404919, 28, 0, 1
11790, 500416709, 30, 0, 1
5658, 500422367, 13, 0, 1
5658, 500428025, 14, 0, 1
6166, 500434191, 21, 0, 1
11808, 500445999, 35, 0, 1
5658, 500451657, 10, 0, 1
5658, 500457315, 19, 0, 1
6165, 500463480, 32, 0, 1
11790, 500475270, 30, 0, 1
5658, 500480928, 18, 0, 1
5652, 500486580, 20, 0, 1
6149, 500492729, 22, 0, 1
11796, 500504525, 27, 0, 1
5658, 500510183, 11, 0, 1
5658, 500515841, 14, 0, 1
6166, 500522007, 25, 0, 1
12691, 500534698, 81, 23, 1
7029, 500541727, 31, 0, 1
5657, 500547384, 19, 0, 1
6148, 500553532, 23, 0, 1
11788, 500565320, 31, 0, 1
5640, 500570960, 15, 0, 1
5657, 500576617, 16, 0, 1
6162, 500582779, 26, 0, 1
11760, 500594539, 36, 0, 1
5652, 500600191, 14, 0, 1
5658, 500605849, 14, 0, 1
6141, 500611990, 29, 0, 1
11788, 500623778, 38, 0, 1
5658, 500629436, 14, 0, 1
5658, 500635094, 14, 0, 1
6173, 500641267, 19, 0, 1
11778, 500653045, 25, 0, 1
5658, 500658703, 11, 0, 1
5657, 500664360, 15, 0, 1
6158, 500670518, 20, 0, 1
11802, 500682320, 35, 0, 1
5652, 500687972, 15, 0, 1
5658, 500693630, 10, 0, 1
6162, 500699792, 27, 0, 1
11791, 500711583, 31, 0, 1
5658, 500717241, 12, 0, 1
5658, 500722899, 18, 0, 1
6180, 500729079, 19, 0, 1
11798, 500740877, 44, 0, 1
5646, 500746523, 20, 0, 1
5658, 500752181, 18, 0, 1
910735, 501662916, 14986, 3730, 9
15081, 501677997, 807, 38, 1
6431, 501684428, 45, 0, 1
6681, 501691109, 37, 0, 1
11973, 501703082, 384, 81, 1
13530, 501716612, 67, 0, 1
6697, 501723309, 21, 0, 1
8437, 501731746, 167, 15, 1
6333, 501738079, 26, 0, 1
745736, 745736, 17295, 923, 5
4960128, 5705864, 83836, 7594, 15
15861710, 21567574, 36785, 9389, 10
19041451, 40609025, 19748, 5195, 11
18724859, 59333884, 22629, 5505, 11
19503973, 78837857, 19751, 5296, 11
19300808, 98138665, 20691, 5250, 11
19318364, 117457029, 20119, 5199, 11
18086940, 135543969, 26384, 7035, 2
19378927, 154922896, 19893, 5272, 11
19413814, 174336710, 19151, 5137, 11
19394270, 193730980, 21992, 5419, 11
19400543, 213131523, 20606, 5257, 11
19316442, 232447965, 19984, 5258, 11
18603903, 251051868, 21342, 5159, 11
18674663, 269726531, 24593, 5059, 11
19387562, 289114093, 19362, 5240, 11
19545851, 308659944, 18822, 5279, 11
19497409, 328157353, 18787, 5319, 11
19532070, 347689423, 19264, 5317, 11
19400685, 367090108, 19385, 5307, 11
19610469, 386700577, 18536, 5277, 11
19530082, 406230659, 18837, 5330, 11
19651945, 425882604, 18115, 5230, 11
19607005, 445489609, 19459, 5307, 11
19521200, 465010809, 19187, 5227, 11
18802685, 483813494, 25338, 5232, 11
10731378, 494544872, 21656, 231, 12
1831102, 496375974, 5608, 519, 5
5646, 496381620, 26, 1, 1
6125, 496387745, 30, 1, 1
5633, 496393378, 20, 0, 1
11806, 496405184, 39, 0, 1
5643, 496410827, 25, 0, 1
6138, 496416965, 18, 0, 1
5635, 496422600, 20, 0, 1
11800, 496434400, 23, 0, 1
5649, 496440049, 28, 0, 1
6138, 496446187, 19, 0, 1
5645, 496451832, 16, 0, 1
11845, 496463677, 31, 0, 1
5661, 496469338, 24, 0, 1
6138, 496475476, 18, 0, 1
5626, 496481102, 21, 0, 1
11791, 496492893, 37, 0, 1
5646, 496498539, 19, 0, 1
6151, 496504690, 16, 0, 1
5659, 496510349, 22, 0, 1
11817, 496522166, 32, 0, 1
5659, 496527825, 25, 0, 1
7496, 496535321, 103, 21, 1
11315, 496546636, 43, 0, 1
6173, 496552809, 20, 0, 1
5643, 496558452, 20, 0, 1
6126, 496564578, 22, 0, 1
11315, 496575893, 30, 0, 1
6128, 496582021, 26, 0, 1
5640, 496587661, 21, 0, 1
6151, 496593812, 16, 0, 1
11284, 496605096, 32, 0, 1
6160, 496611256, 17, 0, 1
5645, 496616901, 17, 0, 1
6142, 496623043, 24, 0, 1
11304, 496634347, 43, 0, 1
6173, 496640520, 16, 0, 1
5657, 496646177, 19, 0, 1
6114, 496652291, 22, 0, 1
11325, 496663616, 36, 0, 1
6160, 496669776, 16, 0, 1
5658, 496675434, 12, 0, 1
6136, 496681570, 25, 0, 1
11290, 496692860, 34, 0, 1
6171, 496699031, 27, 1, 1
5658, 496704689, 13, 0, 1
6125, 496710814, 21, 0, 1
11315, 496722129, 37, 2, 1
6160, 496728289, 13, 0, 1
5660, 496733949, 27, 0, 1
6132, 496740081, 24, 0, 1
11767, 496751848, 30, 0, 1
6120, 496757968, 19, 0, 1
5650, 496763618, 20, 0, 1
6138, 496769756, 17, 0, 1
11291, 496781047, 39, 1, 1
6173, 496787220, 18, 0, 1
5677, 496792897, 30, 0, 1
6138, 496799035, 15, 0, 1
11315, 496810350, 35, 0, 1
6160, 496816510, 17, 0, 1
5652, 496822162, 16, 0, 1
6152, 496828314, 23, 0, 1
11307, 496839621, 32, 0, 1
6154, 496845775, 20, 0, 1
5658, 496851433, 18, 0, 1
6120, 496857553, 19, 0, 1
11298, 496868851, 21, 0, 1
6184, 496875035, 20, 0, 1
5658, 496880693, 11, 0, 1
6137, 496886830, 19, 0, 1
11316, 496898146, 20, 1, 1
6133, 496904279, 32, 0, 1
7035, 496911314, 41, 3, 1
6665, 496917979, 57, 0, 1
12985, 496930964, 56, 0, 1
6624, 496937588, 25, 2, 1
6561, 496944149, 30, 1, 1
6116, 496950265, 18, 0, 1
11747, 496962012, 44, 0, 1
6138, 496968150, 15, 0, 1
6129, 496974279, 17, 0, 1
6110, 496980389, 27, 0, 1
12184, 496992573, 39, 0, 1
6116, 496998689, 21, 0, 1
6116, 497004805, 20, 1, 1
6110, 497010915, 19, 0, 1
12232, 497023147, 43, 0, 1
6112, 497029259, 28, 0, 1
6120, 497035379, 26, 0, 1
6103, 497041482, 23, 0, 1
12219, 497053701, 42, 0, 1
6109, 497059810, 25, 0, 1
6110, 497065920, 17, 0, 1
6115, 497072035, 22, 0, 1
12189, 497084224, 44, 0, 1
6116, 497090340, 21, 0, 1
6110, 497096450, 28, 0, 1
6115, 497102565, 20, 0, 1
11774, 497114339, 25, 1, 1
6151, 497120490, 18, 0, 1
6110, 497126600, 30, 0, 1
6117, 497132717, 25, 0, 1
11774, 497144491, 42, 0, 1
6125, 497150616, 23, 0, 1
5645, 497156261, 15, 0, 1
6138, 497162399, 16, 0, 1
11316, 497173715, 20, 0, 1
6178, 497179893, 29, 0, 1
5658, 497185551, 19, 0, 1
6138, 497191689, 17, 0, 1
11303, 497202992, 34, 0, 1
6153, 497209145, 20, 0, 1
5657, 497214802, 16, 0, 1
6152, 497220954, 19, 0, 1
11309, 497232263, 29, 0, 1
6123, 497238386, 23, 0, 1
5658, 497244044, 13, 0, 1
6119, 497250163, 22, 0, 1
11293, 497261456, 34, 0, 1
6173, 497267629, 16, 0, 1
5658, 497273287, 18, 0, 1
6132, 497279419, 21, 0, 1
11302, 497290721, 34, 0, 1
7513, 497298234, 45, 0, 1
5657, 497303891, 19, 0, 1
6138, 497310029, 27, 0, 1
11315, 497321344, 37, 0, 1
6154, 497327498, 20, 0, 1
5658, 497333156, 18, 0, 1
6137, 497339293, 26, 0, 1
11309, 497350602, 30, 0, 1
6160, 497356762, 27, 0, 1
5658, 497362420, 13, 0, 1
6137, 497368557, 26, 0, 1
11304, 497379861, 34, 0, 1
6154, 497386015, 19, 0, 1
5652, 497391667, 19, 0, 1
6138, 497397805, 19, 0, 1
11313, 497409118, 37, 0, 1
6155, 497415273, 21, 0, 1
5658, 497420931, 13, 0, 1
6132, 497427063, 21, 0, 1
11283, 497438346, 43, 0, 1
6160, 497444506, 20, 0, 1
5652, 497450158, 13, 0, 1
6127, 497456285, 22, 0, 1
11310, 497467595, 40, 0, 1
6148, 497473743, 20, 0, 1
5658, 497479401, 14, 0, 1
6120, 497485521, 22, 0, 1
11309, 497496830, 37, 0, 1
6173, 497503003, 26, 0, 1
5658, 497508661, 18, 0, 1
6126, 497514787, 19, 0, 1
11279, 497526066, 28, 0, 1
6140, 497532206, 25, 0, 1
5658, 497537864, 13, 0, 1
6138, 497544002, 23, 0, 1
11289, 497555291, 39, 0, 1
6160, 497561451, 26, 0, 1
5652, 497567103, 14, 0, 1
6132, 497573235, 23, 0, 1
11308, 497584543, 36, 0, 1
17677, 497602220, 421, 35, 1
5658, 497607878, 39, 1, 1
6138, 497614016, 17, 0, 1
11285, 497625301, 38, 0, 1
6160, 497631461, 27, 0, 1
5652, 497637113, 15, 0, 1
6137, 497643250, 24, 0, 1
11310, 497654560, 20, 0, 1
6172, 497660732, 20, 0, 1
5652, 497666384, 13, 0, 1
6118, 497672502, 26, 0, 1
12692, 497685194, 64, 2, 1
6160, 497691354, 18, 0, 1
5652, 497697006, 13, 0, 1
7027, 497704033, 72, 34, 1
11295, 497715328, 27, 0, 1
6147, 497721475, 21, 0, 1
5658, 497727133, 12, 0, 1
6129, 497733262, 29, 0, 1
11304, 497744566, 43, 0, 1
6173, 497750739, 20, 0, 1
5658, 497756397, 18, 0, 1
6132, 497762529, 22, 0, 1
11316, 497773845, 20, 0, 1
6154, 497779999, 20, 0, 1
5646, 497785645, 18, 0, 1
6139, 497791784, 23, 0, 1
11310, 497803094, 20, 0, 1
6160, 497809254, 18, 0, 1
5658, 497814912, 11, 0, 1
6131, 497821043, 23, 0, 1
11309, 497832352, 24, 0, 1
6154, 497838506, 27, 0, 1
5657, 497844163, 19, 0, 1
6119, 497850282, 21, 0, 1
11294, 497861576, 43, 0, 1
6141, 497867717, 24, 0, 1
5652, 497873369, 15, 0, 1
6145, 497879514, 16, 0, 1
11780, 497891294, 34, 0, 1
6132, 497897426, 22, 0, 1
5652, 497903078, 17, 0, 1
6132, 497909210, 18, 0, 1
11290, 497920500, 27, 0, 1
6160, 497926660, 17, 0, 1
5658, 497932318, 12, 0, 1
6151, 497938469, 19, 0, 1
11305, 497949774, 27, 0, 1
6160, 497955934, 16, 0, 1
5658, 497961592, 16, 0, 1
6108, 497967700, 20, 0, 1
11296, 497978996, 39, 0, 1
6173, 497985169, 21, 0, 1
5652, 497990821, 12, 0, 1
6131, 497996952, 25, 0, 1
11316, 498008268, 17, 0, 1
6159, 498014427, 19, 0, 1
5658, 498020085, 18, 0, 1
6132, 498026217, 22, 0, 1
11310, 498037527, 34, 0, 1
6154, 498043681, 20, 0, 1
5658, 498049339, 13, 0, 1
7515, 498056854, 32, 0, 1
11303, 498068157, 25, 0, 1
6172, 498074329, 24, 0, 1
5658, 498079987, 17, 0, 1
6126, 498086113, 20, 0, 1
11310, 498097423, 33, 0, 1
6159, 498103582, 21, 0, 1
5658, 498109240, 14, 0, 1
6101, 498115341, 23, 0, 1
11309, 498126650, 33, 0, 1
6176, 498132826, 28, 0, 1
5646, 498138472, 13, 0, 1
6126, 498144598, 20, 0, 1
11316, 498155914, 17, 0, 1
6160, 498162074, 19, 0, 1
5658, 498167732, 13, 0, 1
6121, 498173853, 23, 0, 1
11304, 498185157, 37, 0, 1
6160, 498191317, 18, 0, 1
5646, 498196963, 16, 0, 1
6126, 498203089, 23, 0, 1
11311, 498214400, 36, 0, 1
6158, 498220558, 24, 0, 1
5658, 498226216, 12, 0, 1
6138, 498232354, 17, 0, 1
11268, 498243622, 27, 0, 1
6160, 498249782, 16, 0, 1
5658, 498255440, 13, 0, 1
6156, 498261596, 20, 0, 1
11316, 498272912, 21, 0, 1
6154, 498279066, 25, 0, 1
5658, 498284724, 11, 0, 1
6137, 498290861, 25, 0, 1
11315, 498302176, 33, 0, 1
6149, 498308325, 26, 0, 1
5658, 498313983, 18, 0, 1
6132, 498320115, 23, 0, 1
11315, 498331430, 36, 0, 1
6160, 498337590, 17, 0, 1
5658, 498343248, 13, 0, 1
6138, 498349386, 18, 0, 1
11309, 498360695, 32, 0, 1
6190, 498366885, 24, 0, 1
5658, 498372543, 13, 0, 1
6126, 498378669, 20, 0, 1
11310, 498389979, 17, 0, 1
6160, 498396139, 19, 0, 1
5652, 498401791, 14, 0, 1
6144, 498407935, 19, 0, 1
11315, 498419250, 29, 0, 1
6141, 498425391, 25, 0, 1
7034, 498432425, 49, 2, 1
6114, 498438539, 25, 0, 1
11296, 498449835, 29, 0, 1
6171, 498456006, 28, 0, 1
5652, 498461658, 16, 0, 1
6126, 498467784, 22, 0, 1
11310, 498479094, 20, 0, 1
6157, 498485251, 27, 0, 1
5658, 498490909, 17, 0, 1
6139, 498497048, 23, 0, 1
11315, 498508363, 31, 0, 1
6159, 498514522, 28, 0, 1
5652, 498520174, 18, 0, 1
6138, 498526312, 16, 0, 1
11315, 498537627, 28, 0, 1
6166, 498543793, 25, 0, 1
5658, 498549451, 9, 0, 1
11759, 498561210, 34, 0, 1
5652, 498566862, 15, 0, 1
6150, 498573012, 30, 0, 1
5634, 498578646, 13, 0, 1
11790, 498590436, 26, 0, 1
5658, 498596094, 12, 0, 1
6158, 498602252, 27, 0, 1
5658, 498607910, 13, 0, 1
11803, 498619713, 30, 0, 1
5658, 498625371, 13, 0, 1
6160, 498631531, 21, 0, 1
5646, 498637177, 20, 0, 1
11791, 498648968, 34, 0, 1
5658, 498654626, 13, 0, 1
6154, 498660780, 16, 0, 1
5657, 498666437, 17, 0, 1
11777, 498678214, 33, 0, 1
5644, 498683858, 17, 0, 1
6178, 498690036, 27, 0, 1
5651, 498695687, 19, 0, 1
900334, 499596021, 15655, 3734, 9
6726, 499602747, 222, 0, 1
6668, 499609415, 33, 0, 1
10454, 499619869, 359, 63, 1
14898, 499634767, 81, 8, 1
7024, 499641791, 30, 0, 1
7873, 499649664, 131, 26, 1
6662, 499656326, 24, 0, 1
13726, 499670052, 55, 5, 1
1663849, 1663849, 37617, 1552, 4
6306043, 7969892, 84627, 12931, 13
19401824, 27371716, 20888, 5313, 11
19044207, 46415923, 20617, 5138, 11
19159470, 65575393, 21192, 5697, 11
19620275, 85195668, 18494, 5343, 11
19420108, 104615776, 19142, 5217, 11
18881991, 123497767, 24125, 7214, 2
19107873, 142605640, 18982, 5236, 11
19520399, 162126039, 19079, 5192, 11
19122679, 181248718, 20956, 5156, 11
19488519, 200737237, 19394, 5306, 11
19619669, 220356906, 18909, 5329, 11
19451604, 239808510, 19079, 5318, 11
18907969, 258716479, 25149, 5200, 11
19353214, 278069693, 19047, 5263, 11
18927307, 296997000, 18971, 5163, 11
19351890, 316348890, 18746, 5221, 11
19352801, 335701691, 20010, 5326, 11
19629883, 355331574, 18672, 5295, 11
19520987, 374852561, 19364, 5301, 11
19708532, 394561093, 18933, 5331, 11
19651257, 414212350, 19339, 5307, 11
19598594, 433810944, 18877, 5245, 11
19639953, 453450897, 18871, 5273, 11
19581944, 473032841, 19177, 5252, 11
17002574, 490035415, 32073, 3197, 7
6300224, 496335639, 11375, 568, 6
6120, 496341759, 323, 13, 1
5652, 496347411, 37, 1, 1
11771, 496359182, 57, 0, 1
6138, 496365320, 16, 0, 1
5626, 496370946, 22, 0, 1
5654, 496376600, 25, 0, 1
13204, 496389804, 133, 35, 1
6130, 496395934, 24, 0, 1
5631, 496401565, 22, 0, 1
5657, 496407222, 19, 0, 1
11811, 496419033, 36, 0, 1
6164, 496425197, 18, 0, 1
5650, 496430847, 23, 0, 1
5657, 496436504, 17, 0, 1
11795, 496448299, 30, 0, 1
6132, 496454431, 21, 0, 1
5658, 496460089, 11, 0, 1
5648, 496465737, 22, 0, 1
11796, 496477533, 49, 0, 1
6127, 496483660, 32, 0, 1
5658, 496489318, 16, 0, 1
5658, 496494976, 9, 0, 1
11776, 496506752, 33, 0, 1
6151, 496512903, 14, 0, 1
5652, 496518555, 14, 0, 1
5640, 496524195, 12, 0, 1
11783, 496535978, 34, 0, 1
6120, 496542098, 18, 0, 1
5640, 496547738, 15, 0, 1
5658, 496553396, 9, 0, 1
11826, 496565222, 29, 0, 1
6132, 496571354, 20, 0, 1
5642, 496576996, 22, 1, 1
5657, 496582653, 16, 0, 1
11828, 496594481, 43, 0, 1
6054, 496600535, 19, 0, 1
5616, 496606151, 18, 0, 1
5658, 496611809, 9, 0, 1
11812, 496623621, 43, 0, 1
6106, 496629727, 30, 0, 1
5632, 496635359, 20, 0, 1
5651, 496641010, 17, 0, 1
11813, 496652823, 42, 2, 1
14360, 496667183, 268, 87, 1
5646, 496672829, 25, 1, 1
5649, 496678478, 28, 0, 1
11828, 496690306, 45, 2, 1
6128, 496696434, 26, 0, 1
5657, 496702091, 17, 1, 1
5658, 496707749, 12, 0, 1
11802, 496719551, 53, 0, 1
6126, 496725677, 23, 0, 1
5652, 496731329, 19, 0, 1
5658, 496736987, 12, 0, 1
11832, 496748819, 40, 0, 1
6151, 496754970, 17, 0, 1
5657, 496760627, 16, 0, 1
7035, 496767662, 32, 2, 1
11812, 496779474, 36, 0, 1
6138, 496785612, 17, 0, 1
5634, 496791246, 16, 0, 1
5655, 496796901, 30, 0, 1
12725, 496809626, 95, 42, 1
6125, 496815751, 21, 0, 1
5657, 496821408, 16, 0, 1
5638, 496827046, 22, 0, 1
11818, 496838864, 27, 0, 1
6138, 496845002, 16, 0, 1
5658, 496850660, 13, 1, 1
5651, 496856311, 18, 0, 1
11831, 496868142, 22, 0, 1
6138, 496874280, 16, 0, 1
6110, 496880390, 20, 0, 1
5658, 496886048, 11, 0, 1
12505, 496898553, 76, 0, 1
10067, 496908620, 238, 25, 1
6642, 496915262, 36, 3, 1
6308, 496921570, 23, 0, 1
12238, 496933808, 58, 1, 1
6126, 496939934, 19, 0, 1
6086, 496946020, 24, 0, 1
6129, 496952149, 16, 0, 1
12229, 496964378, 30, 0, 1
6116, 496970494, 14, 0, 1
6119, 496976613, 36, 0, 1
6098, 496982711, 20, 0, 1
12226, 496994937, 37, 0, 1
6136, 497001073, 17, 0, 1
6091, 497007164, 26, 0, 1
6093, 497013257, 21, 0, 1
12232, 497025489, 27, 0, 1
6125, 497031614, 27, 0, 1
6116, 497037730, 17, 0, 1
6098, 497043828, 23, 0, 1
12230, 497056058, 49, 0, 1
6116, 497062174, 17, 0, 1
6116, 497068290, 15, 0, 1
6100, 497074390, 32, 0, 1
11737, 497086127, 38, 0, 1
6137, 497092264, 18, 0, 1
6134, 497098398, 32, 0, 1
5658, 497104056, 12, 0, 1
11771, 497115827, 33, 0, 1
6137, 497121964, 28, 0, 1
5646, 497127610, 17, 0, 1
5658, 497133268, 17, 0, 1
11826, 497145094, 50, 0, 1
6151, 497151245, 15, 0, 1
7035, 497158280, 35, 0, 1
5658, 497163938, 12, 0, 1
11813, 497175751, 44, 0, 1
6132, 497181883, 19, 0, 1
5640, 497187523, 16, 0, 1
5658, 497193181, 9, 0, 1
11831, 497205012, 42, 0, 1
6138, 497211150, 15, 0, 1
5648, 497216798, 25, 0, 1
5667, 497222465, 29, 0, 1
11811, 497234276, 33, 0, 1
6151, 497240427, 13, 0, 1
5658, 497246085, 11, 0, 1
5652, 497251737, 12, 0, 1
11817, 497263554, 43, 0, 1
6138, 497269692, 14, 0, 1
5658, 497275350, 17, 0, 1
5658, 497281008, 10, 0, 1
11818, 497292826, 29, 0, 1
6132, 497298958, 20, 0, 1
5651, 497304609, 21, 0, 1
5658, 497310267, 30, 0, 1
11795, 497322062, 45, 0, 1
6126, 497328188, 22, 0, 1
5646, 497333834, 15, 0, 1
5651, 497339485, 28, 0, 1
11831, 497351316, 19, 0, 1
6132, 497357448, 17, 0, 1
5651, 497363099, 20, 0, 1
5658, 497368757, 12, 0, 1
11814, 497380571, 33, 0, 1
6151, 497386722, 14, 0, 1
5621, 497392343, 20, 0, 1
5627, 497397970, 24, 0, 1
11811, 497409781, 35, 0, 1
6138, 497415919, 16, 0, 1
5626, 497421545, 21, 0, 1
5657, 497427202, 20, 0, 1
11831, 497439033, 21, 0, 1
6114, 497445147, 27, 0, 1
5649, 497450796, 19, 0, 1
5658, 497456454, 15, 0, 1
11802, 497468256, 40, 0, 1
17646, 497485902, 404, 42, 1
5658, 497491560, 44, 4, 1
5660, 497497220, 28, 0, 1
11805, 497509025, 25, 0, 1
6138, 497515163, 17, 0, 1
5645, 497520808, 19, 0, 1
5658, 497526466, 13, 0, 1
13208, 497539674, 51, 0, 1
6138, 497545812, 18, 0, 1
5628, 497551440, 16, 0, 1
5657, 497557097, 20, 0, 1
11782, 497568879, 33, 0, 1
6138, 497575017, 18, 0, 1
5658, 497580675, 13, 0, 1
5658, 497586333, 18, 0, 1
11831, 497598164, 34, 0, 1
6138, 497604302, 15, 0, 1
5649, 497609951, 24, 0, 1
5652, 497615603, 16, 0, 1
11793, 497627396, 38, 0, 1
6150, 497633546, 35, 1, 1
5658, 497639204, 12, 0, 1
5658, 497644862, 9, 0, 1
11799, 497656661, 28, 0, 1
6138, 497662799, 13, 0, 1
5639, 497668438, 14, 0, 1
5638, 497674076, 21, 0, 1
11821, 497685897, 40, 0, 1
6135, 497692032, 26, 0, 1
5658, 497697690, 10, 0, 1
5652, 497703342, 15, 0, 1
11815, 497715157, 45, 0, 1
6145, 497721302, 21, 0, 1
5638, 497726940, 26, 0, 1
5658, 497732598, 11, 0, 1
11781, 497744379, 32, 0, 1
6145, 497750524, 15, 0, 1
5628, 497756152, 18, 0, 1
5659, 497761811, 27, 0, 1
11825, 497773636, 34, 0, 1
6120, 497779756, 21, 0, 1
5634, 497785390, 23, 0, 1
5657, 497791047, 26, 0, 1
11806, 497802853, 44, 0, 1
6138, 497808991, 16, 0, 1
5658, 497814649, 13, 0, 1
5658, 497820307, 12, 0, 1
11799, 497832106, 30, 0, 1
6138, 497838244, 16, 0, 1
5628, 497843872, 16, 0, 1
5658, 497849530, 9, 0, 1
11818, 497861348, 24, 0, 1
6151, 497867499, 14, 0, 1
6109, 497873608, 24, 0, 1
5657, 497879265, 18, 0, 1
11795, 497891060, 29, 0, 1
6138, 497897198, 18, 0, 1
5658, 497902856, 17, 0, 1
5663, 497908519, 27, 0, 1
13160, 497921679, 44, 0, 1
6119, 497927798, 20, 0, 1
5667, 497933465, 33, 0, 1
5658, 497939123, 11, 0, 1
11817, 497950940, 29, 0, 1
6177, 497957117, 16, 0, 1
5658, 497962775, 12, 0, 1
5658, 497968433, 11, 0, 1
11804, 497980237, 35, 0, 1
6111, 497986348, 26, 0, 1
5646, 497991994, 18, 0, 1
5652, 497997646, 14, 0, 1
11830, 498009476, 32, 0, 1
6138, 498015614, 15, 0, 1
5650, 498021264, 19, 0, 1
5658, 498026922, 14, 0, 1
11820, 498038742, 35, 0, 1
6138, 498044880, 14, 0, 1
5620, 498050500, 20, 0, 1
5658, 498056158, 10, 0, 1
11825, 498067983, 42, 0, 1
6114, 498074097, 19, 0, 1
5657, 498079754, 16, 0, 1
5654, 498085408, 18, 0, 1
11813, 498097221, 38, 0, 1
6151, 498103372, 13, 0, 1
5658, 498109030, 8, 0, 1
5658, 498114688, 12, 0, 1
11817, 498126505, 36, 0, 1
6120, 498132625, 20, 0, 1
5652, 498138277, 16, 0, 1
5650, 498143927, 19, 0, 1
11834, 498155761, 35, 0, 1
6142, 498161903, 29, 0, 1
5633, 498167536, 23, 0, 1
11789, 498179325, 40, 0, 1
5658, 498184983, 13, 0, 1
6145, 498191128, 22, 0, 1
5646, 498196774, 29, 0, 1
11818, 498208592, 25, 0, 1
5654, 498214246, 22, 0, 1
6137, 498220383, 28, 0, 1
5627, 498226010, 18, 0, 1
11814, 498237824, 37, 0, 1
5640, 498243464, 13, 0, 1
6131, 498249595, 19, 0, 1
5651, 498255246, 19, 0, 1
11809, 498267055, 34, 0, 1
5656, 498272711, 21, 0, 1
6138, 498278849, 17, 0, 1
5658, 498284507, 10, 0, 1
13210, 498297717, 52, 0, 1
5639, 498303356, 18, 0, 1
6138, 498309494, 16, 0, 1
5658, 498315152, 12, 0, 1
11818, 498326970, 30, 0, 1
5657, 498332627, 16, 0, 1
6164, 498338791, 18, 0, 1
5639, 498344430, 18, 0, 1
11810, 498356240, 39, 0, 1
5657, 498361897, 22, 0, 1
6138, 498368035, 18, 0, 1
5640, 498373675, 20, 0, 1
11831, 498385506, 25, 0, 1
5652, 498391158, 15, 0, 1
6126, 498397284, 24, 0, 1
5658, 498402942, 15, 0, 1
11802, 498414744, 39, 0, 1
5656, 498420400, 17, 0, 1
6151, 498426551, 16, 0, 1
5644, 498432195, 27, 0, 1
11800, 498443995, 31, 0, 1
5658, 498449653, 13, 0, 1
6138, 498455791, 13, 0, 1
5640, 498461431, 17, 0, 1
11825, 498473256, 25, 0, 1
5652, 498478908, 14, 0, 1
6115, 498485023, 21, 0, 1
5658, 498490681, 10, 0, 1
11806, 498502487, 26, 0, 1
5658, 498508145, 14, 0, 1
6132, 498514277, 19, 0, 1
5622, 498519899, 18, 0, 1
11818, 498531717, 37, 0, 1
5658, 498537375, 16, 0, 1
6138, 498543513, 17, 0, 1
5658, 498549171, 13, 0, 1
11818, 498560989, 30, 0, 1
5658, 498566647, 15, 0, 1
6151, 498572798, 18, 0, 1
5658, 498578456, 17, 0, 1
11779, 498590235, 40, 0, 1
5658, 498595893, 20, 0, 1
6138, 498602031, 21, 0, 1
5658, 498607689, 14, 0, 1
11829, 498619518, 25, 0, 1
5646, 498625164, 16, 0, 1
6130, 498631294, 28, 0, 1
5651, 498636945, 16, 0, 1
11806, 498648751, 35, 0, 1
5657, 498654408, 20, 0, 1
6151, 498660559, 19, 0, 1
7035, 498667594, 49, 0, 1
11800, 498679394, 38, 0, 1
922920, 499602314, 15794, 3666, 9
6432, 499608746, 55, 0, 1
6923, 499615669, 50, 2, 1
18619, 499634288, 433, 81, 1
6399, 499640687, 35, 0, 1
6812, 499647499, 36, 0, 1
6661, 499654160, 25, 0, 1
14590, 499668750, 137, 15, 1
4604427, 4604427, 86277, 4294, 16
8491231, 13095658, 43326, 10747, 20
19427274, 32522932, 18967, 5294, 11
18928414, 51451346, 20735, 5101, 11
19401876, 70853222, 19421, 5280, 11
19518149, 90371371, 20754, 5294, 11
19341578, 109712949, 20485, 5223, 11
19486822, 129199771, 20339, 5261, 11
19428905, 148628676, 20763, 5209, 11
19665382, 168294058, 21420, 5282, 11
19556293, 187850351, 20245, 5260, 11
19428675, 207279026, 20734, 5326, 11
19558665, 226837691, 20709, 5312, 11
19447845, 246285536, 20951, 5298, 11
18970084, 265255620, 24396, 5115, 11
19451624, 284707244, 19358, 5310, 11
19518839, 304226083, 18576, 5202, 11
19532507, 323758590, 19218, 5304, 11
19608227, 343366817, 18472, 5310, 11
19604968, 362971785, 18575, 5361, 11
19791624, 382763409, 19127, 5302, 11
19582026, 402345435, 18590, 5265, 11
19575602, 421921037, 18991, 5234, 11
19633424, 441554461, 18447, 5218, 11
19531567, 461086028, 19350, 5201, 11
19608536, 480694564, 18939, 5295, 11
13220017, 493914581, 29372, 1787, 19
3910084, 497824665, 8288, 953, 6
11802, 497836467, 347, 45, 1
6128, 497842595, 46, 3, 1
5658, 497848253, 13, 0, 1
6119, 497854372, 23, 0, 1
11304, 497865676, 23, 0, 1
6142, 497871818, 23, 0, 1
5658, 497877476, 9, 0, 1
6121, 497883597, 22, 0, 1
11315, 497894912, 29, 0, 1
6160, 497901072, 17, 0, 1
5658, 497906730, 10, 0, 1
6126, 497912856, 26, 0, 1
11303, 497924159, 30, 0, 1
6173, 497930332, 25, 0, 1
5648, 497935980, 23, 0, 1
6132, 497942112, 19, 0, 1
11289, 497953401, 38, 1, 1
6160, 497959561, 14, 0, 1
5645, 497965206, 21, 0, 1
6151, 497971357, 17, 0, 1
11315, 497982672, 29, 0, 1
6160, 497988832, 16, 0, 1
5661, 497994493, 28, 1, 1
6136, 498000629, 34, 0, 1
11310, 498011939, 31, 0, 1
6173, 498018112, 23, 0, 1
5658, 498023770, 8, 0, 1
6127, 498029897, 31, 0, 1
11316, 498041213, 17, 0, 1
6134, 498047347, 23, 0, 1
5643, 498052990, 24, 0, 1
6138, 498059128, 16, 0, 1
11300, 498070428, 32, 0, 1
6173, 498076601, 15, 0, 1
5652, 498082253, 14, 0, 1
6123, 498088376, 32, 0, 1
11316, 498099692, 17, 1, 1
6160, 498105852, 13, 0, 1
5646, 498111498, 19, 0, 1
6151, 498117649, 17, 0, 1
11300, 498128949, 33, 0, 1
6163, 498135112, 24, 0, 1
5652, 498140764, 25, 0, 1
6138, 498146902, 14, 0, 1
12687, 498159589, 114, 7, 1
6173, 498165762, 22, 3, 1
5658, 498171420, 15, 3, 1
6136, 498177556, 34, 0, 1
11314, 498188870, 47, 1, 1
6160, 498195030, 18, 0, 1
5652, 498200682, 28, 0, 1
6139, 498206821, 21, 0, 1
11292, 498218113, 20, 0, 1
6122, 498224235, 27, 0, 1
5645, 498229880, 27, 0, 1
6132, 498236012, 19, 0, 1
11323, 498247335, 38, 0, 1
6153, 498253488, 26, 0, 1
5656, 498259144, 26, 0, 1
6138, 498265282, 16, 0, 1
11311, 498276593, 31, 3, 1
6154, 498282747, 19, 0, 1
5651, 498288398, 26, 0, 1
6138, 498294536, 18, 0, 1
11307, 498305843, 41, 0, 1
6184, 498312027, 23, 0, 1
5658, 498317685, 12, 0, 1
6126, 498323811, 23, 0, 1
11316, 498335127, 19, 0, 1
6159, 498341286, 21, 0, 1
5657, 498346943, 15, 0, 1
6148, 498353091, 34, 0, 1
11788, 498364879, 40, 0, 1
6131, 498371010, 17, 0, 1
6373, 498377383, 67, 3, 1
8856, 498386239, 194, 11, 1
12974, 498399213, 51, 1, 1
6606, 498405819, 31, 0, 1
5645, 498411464, 22, 0, 1
6142, 498417606, 37, 0, 1
12213, 498429819, 32, 0, 1
6107, 498435926, 29, 0, 1
6107, 498442033, 34, 0, 1
6123, 498448156, 23, 0, 1
12230, 498460386, 35, 0, 1
6110, 498466496, 19, 0, 1
6098, 498472594, 21, 0, 1
6106, 498478700, 28, 0, 1
12210, 498490910, 39, 0, 1
6110, 498497020, 27, 0, 1
6116, 498503136, 18, 0, 1
6112, 498509248, 28, 0, 1
12232, 498521480, 40, 0, 1
6116, 498527596, 17, 0, 1
6116, 498533712, 19, 0, 1
7469, 498541181, 43, 5, 1
12231, 498553412, 45, 0, 1
6116, 498559528, 26, 0, 1
5640, 498565168, 18, 0, 1
6131, 498571299, 21, 0, 1
11773, 498583072, 32, 0, 1
6132, 498589204, 14, 0, 1
5658, 498594862, 14, 1, 1
6145, 498601007, 16, 0, 1
11312, 498612319, 39, 0, 1
6152, 498618471, 20, 0, 1
5651, 498624122, 18, 0, 1
6114, 498630236, 25, 0, 1
11302, 498641538, 29, 0, 1
6161, 498647699, 23, 0, 1
5645, 498653344, 17, 0, 1
6138, 498659482, 17, 0, 1
11298, 498670780, 22, 0, 1
6152, 498676932, 21, 0, 1
5658, 498682590, 11, 0, 1
6151, 498688741, 22, 0, 1
11280, 498700021, 33, 0, 1
6160, 498706181, 14, 0, 1
5658, 498711839, 11, 0, 1
6138, 498717977, 14, 0, 1
11296, 498729273, 29, 0, 1
6173, 498735446, 16, 0, 1
5661, 498741107, 26, 0, 1
6137, 498747244, 25, 0, 1
11306, 498758550, 27, 0, 1
6135, 498764685, 22, 0, 1
5658, 498770343, 11, 0, 1
6113, 498776456, 27, 0, 1
11317, 498787773, 46, 0, 1
6148, 498793921, 21, 0, 1
5658, 498799579, 9, 0, 1
6125, 498805704, 18, 0, 1
11304, 498817008, 33, 0, 1
6160, 498823168, 16, 0, 1
5646, 498828814, 11, 0, 1
6138, 498834952, 21, 0, 1
11309, 498846261, 41, 0, 1
6160, 498852421, 17, 0, 1
5658, 498858079, 9, 0, 1
6123, 498864202, 20, 0, 1
11270, 498875472, 34, 0, 1
17561, 498893033, 459, 61, 1
5642, 498898675, 28, 0, 1
6134, 498904809, 30, 0, 1
11315, 498916124, 31, 0, 1
7524, 498923648, 44, 0, 1
5648, 498929296, 27, 0, 1
6143, 498935439, 21, 0, 1
11313, 498946752, 29, 0, 1
6142, 498952894, 19, 0, 1
5660, 498958554, 26, 0, 1
6138, 498964692, 13, 0, 1
11315, 498976007, 29, 0, 1
6137, 498982144, 22, 0, 1
5654, 498987798, 23, 0, 1
6114, 498993912, 25, 0, 1
11295, 499005207, 35, 0, 1
6160, 499011367, 16, 0, 1
5655, 499017022, 20, 0, 1
6138, 499023160, 16, 0, 1
11285, 499034445, 29, 0, 1
6164, 499040609, 24, 0, 1
5656, 499046265, 17, 0, 1
6129, 499052394, 29, 0, 1
11291, 499063685, 19, 0, 1
6134, 499069819, 21, 0, 1
5646, 499075465, 17, 0, 1
6164, 499081629, 16, 0, 1
11771, 499093400, 34, 0, 1
6138, 499099538, 13, 0, 1
5651, 499105189, 27, 0, 1
6136, 499111325, 33, 0, 1
11316, 499122641, 19, 0, 1
6173, 499128814, 17, 0, 1
5658, 499134472, 10, 0, 1
6149, 499140621, 29, 0, 1
11304, 499151925, 34, 0, 1
6148, 499158073, 19, 0, 1
5656, 499163729, 17, 0, 1
6132, 499169861, 23, 0, 1
11315, 499181176, 27, 0, 1
6160, 499187336, 16, 0, 1
5658, 499192994, 12, 0, 1
6131, 499199125, 28, 0, 1
11307, 499210432, 33, 0, 1
6165, 499216597, 24, 0, 1
5658, 499222255, 14, 0, 1
6141, 499228396, 35, 0, 1
11272, 499239668, 41, 0, 1
6160, 499245828, 16, 0, 1
5658, 499251486, 13, 0, 1
6120, 499257606, 28, 0, 1
11316, 499268922, 44, 0, 1
6180, 499275102, 12, 0, 1
5645, 499280747, 14, 0, 1
6148, 499286895, 28, 0, 1
12701, 499299596, 59, 0, 1
6160, 499305756, 14, 0, 1
5658, 499311414, 10, 0, 1
6131, 499317545, 20, 0, 1
11284, 499328829, 36, 0, 1
6160, 499334989, 14, 0, 1
5658, 499340647, 26, 0, 1
6138, 499346785, 20, 0, 1
11761, 499358546, 33, 0, 1
6145, 499364691, 15, 0, 1
5656, 499370347, 27, 0, 1
6138, 499376485, 16, 0, 1
11307, 499387792, 28, 0, 1
6160, 499393952, 15, 0, 1
5640, 499399592, 14, 0, 1
6139, 499405731, 22, 0, 1
11308, 499417039, 18, 0, 1
6145, 499423184, 21, 0, 1
5658, 499428842, 10, 0, 1
6138, 499434980, 16, 0, 1
11288, 499446268, 32, 0, 1
6162, 499452430, 18, 0, 1
5658, 499458088, 13, 0, 1
6106, 499464194, 26, 0, 1
11300, 499475494, 28, 0, 1
6160, 499481654, 15, 0, 1
5673, 499487327, 22, 0, 1
6127, 499493454, 30, 0, 1
11307, 499504761, 29, 0, 1
6166, 499510927, 23, 0, 1
5657, 499516584, 20, 0, 1
6138, 499522722, 17, 0, 1
11282, 499534004, 37, 0, 1
6160, 499540164, 16, 0, 1
5656, 499545820, 14, 2, 1
14771, 499560591, 296, 149, 1
11308, 499571899, 48, 0, 1
6144, 499578043, 27, 0, 1
5652, 499583695, 26, 0, 1
6139, 499589834, 29, 0, 1
11321, 499601155, 46, 0, 1
6149, 499607304, 21, 0, 1
5649, 499612953, 26, 0, 1
6138, 499619091, 15, 0, 1
11311, 499630402, 27, 0, 1
6162, 499636564, 29, 0, 1
5658, 499642222, 14, 0, 1
6151, 499648373, 15, 0, 1
11318, 499659691, 30, 0, 1
6160, 499665851, 14, 0, 1
5640, 499671491, 15, 0, 1
6138, 499677629, 19, 0, 1
12699, 499690328, 38, 0, 1
6173, 499696501, 16, 0, 1
5637, 499702138, 24, 0, 1
6120, 499708258, 22, 0, 1
11306, 499719564, 32, 0, 1
6148, 499725712, 23, 0, 1
5652, 499731364, 13, 0, 1
11794, 499743158, 29, 0, 1
5658, 499748816, 9, 0, 1
6163, 499754979, 30, 0, 1
5657, 499760636, 27, 0, 1
11777, 499772413, 41, 0, 1
5650, 499778063, 17, 0, 1
6144, 499784207, 27, 0, 1
5645, 499789852, 28, 0, 1
11771, 499801623, 36, 0, 1
5661, 499807284, 20, 0, 1
6166, 499813450, 29, 0, 1
6374, 499819824, 25, 0, 1
12979, 499832803, 42, 0, 1
6333, 499839136, 16, 0, 1
6642, 499845778, 29, 0, 1
5657, 499851435, 20, 0, 1
11776, 499863211, 45, 0, 1
5639, 499868850, 21, 0, 1
6168, 499875018, 30, 0, 1
5659, 499880677, 31, 0, 1
11803, 499892480, 24, 0, 1
5658, 499898138, 14, 0, 1
6154, 499904292, 23, 0, 1
5651, 499909943, 21, 0, 1
11805, 499921748, 40, 0, 1
5679, 499927427, 27, 0, 1
6161, 499933588, 21, 0, 1
5646, 499939234, 14, 0, 1
11753, 499950987, 31, 0, 1
5640, 499956627, 20, 0, 1
6136, 499962763, 25, 0, 1
5646, 499968409, 18, 0, 1
11789, 499980198, 39, 0, 1
5645, 499985843, 15, 0, 1
6173, 499992016, 15, 0, 1
5658, 499997674, 10, 0, 1
11784, 500009458, 26, 0, 1
5658, 500015116, 6, 0, 1
6160, 500021276, 15, 0, 1
5644, 500026920, 22, 0, 1
11796, 500038716, 45, 0, 1
5658, 500044374, 10, 0, 1
6160, 500050534, 16, 0, 1
5658, 500056192, 10, 0, 1
13147, 500069339, 44, 0, 1
5650, 500074989, 18, 0, 1
6171, 500081160, 27, 0, 1
5658, 500086818, 13, 0, 1
11805, 500098623, 38, 0, 1
5661, 500104284, 27, 0, 1
6148, 500110432, 20, 0, 1
5658, 500116090, 10, 0, 1
11785, 500127875, 26, 0, 1
5658, 500133533, 9, 0, 1
6139, 500139672, 25, 0, 1
5658, 500145330, 12, 0, 1
11796, 500157126, 21, 0, 1
5658, 500162784, 12, 0, 1
6172, 500168956, 28, 0, 1
5651, 500174607, 17, 0, 1
11782, 500186389, 44, 0, 1
5653, 500192042, 28, 0, 1
907308, 501099350, 15363, 3927, 9
6438, 501105788, 53, 4, 1
19220, 501125008, 429, 98, 1
9487, 501134495, 101, 1, 1
6721, 501141216, 26, 0, 1
6661, 501147877, 34, 1, 1
14621, 501162498, 217, 31, 1
5648, 501168146, 19, 0, 1
6498, 501174644, 21, 0, 1
