5,1.0,392563249.28000003,3889417319.267523
8,392563250.28000003,418479259.35,3021399624.513291
7,418479260.35,422901932.78000003,1078954198.302667
9,422901933.78000003,426936678.06,710127551.439987
7,426936679.06,434843433.29,1078954198.302667
9,434843434.29,438622504.73,710127551.439987
7,438622505.73,442353326.64000005,1078954198.302667
0,442353327.64000005,445885320.38000005,239763616.18792993
7,445885321.38000005,453119045.18000007,1078954198.302667
0,453119046.18000007,456527955.9000001,239763616.18792993
7,456527956.9000001,463614691.3300001,1078954198.302667
0,463614692.3300001,467028885.8600001,239763616.18792993
7,467028886.8600001,470544891.1500001,1078954198.302667
0,470544892.1500001,526582608.1700001,239763616.18792993
4,526582609.1700001,543680381.82,2021348296.0527227
1,543680382.82,801799638.57,4437195218.808543
8,801799639.57,1281163448.1899998,3021399624.513291
9,1281163449.1899998,1344896670.7499998,710127551.439987
4,1344896671.7499998,1374747743.8499997,2021348296.0527227
6,1374747744.8499997,1977970253.4599996,4889939584.3099985
2,1977970254.4599996,2013700132.3099995,3036024722.4208217
4,2013700133.3099995,2033549205.6099994,2021348296.0527227
9,2033549206.6099994,2108788394.1240072,710127551.439987
0,2108788395.1240072,2113575833.3640072,239763616.18792993
9,2113575834.3640072,2116063666.972703,710127551.439987
0,2116063667.972703,2116079666.972703,239763616.18792993
