5,1.0,392299635.98999995,3889417319.267523
4,392299636.98999995,419705424.43999994,2021348296.0527227
7,419705425.43999994,484695744.0,1078954198.302667
9,484695745.0,530880333.12,710127551.439987
8,530880334.12,572768461.01,3021399624.513291
1,572768462.01,1274949230.3999999,4437195218.808543
4,1274949231.3999999,1301430022.36,2021348296.0527227
9,1301430023.36,1338514833.74,710127551.439987
4,1338514834.74,1354944142.65,2021348296.0527227
6,1354944143.65,1990047599.6500003,4889939584.3099985
2,1990047600.6500003,2054186499.4900002,3036024722.4208217
3,2054186500.4900002,2068065179.7500002,1647012626.1522777
9,2068065180.7500002,2079963588.6500003,710127551.439987
4,2079963589.6500003,2083687572.0377555,2021348296.0527227
0,2083687573.0377555,2083691753.3710887,239763616.18792993
