23, 1, 4401654, 880330.600
28, 4401655, 11564689, 1432606.800
17, 11564690, 28154841, 1659015.100
26, 28154842, 34823011, 1333633.800
10, 34823012, 40686153, 1172628.200
3, 40686154, 639940915, 2496894.837
1, 639940916, 698314218, 2334932.080
9, 698314219, 1290190999, 2233497.283
13, 1290191000, 1299183435, 899243.500
8, 1299183436, 1563590193, 1391614.511
5, 1563590194, 1580333804, 478388.857
19, 1580333805, 1581827316, 298702.200
5, 1581827317, 1585139057, 331174.000
19, 1585139058, 1597938998, 284443.111
18, 1597938999, 1600758906, 281990.700
19, 1600758907, 1602096778, 267574.200
18, 1602096779, 1608461556, 636477.700
11, 1608461557, 1611869495, 340793.800
27, 1611869496, 1614916114, 304661.800
5, 1614916115, 1619399900, 448378.500
18, 1619399901, 1620957852, 311590.200
15, 1620957853, 1622333533, 275136.000
11, 1622333534, 1623691075, 271508.200
15, 1623691076, 1627615618, 261636.133
11, 1627615619, 1628871344, 251145.000
27, 1628871345, 1632416841, 236366.400
11, 1632416842, 1633589770, 234585.600
27, 1633589771, 1641884496, 236992.143
11, 1641884497, 1642506011, 31075.700
2, 1642506012, 1643235179, 145833.400
25, 1643235180, 1655866769, 1263158.900
6, 1655866770, 1656042697, 7037.080
