23, 1, 4737082, 947416.200
20, 4737083, 12716008, 1595785.000
17, 12716009, 29119342, 1640333.300
26, 29119343, 35294770, 1235085.400
10, 35294771, 41671141, 1275274.000
24, 41671142, 55554165, 2776604.600
3, 55554166, 209208195, 2560900.483
1, 209208196, 688667376, 2283138.952
9, 688667377, 699216289, 2109782.400
1, 699216290, 741627099, 2120540.450
9, 741627100, 794387289, 2110407.560
1, 794387290, 804866817, 2095905.400
9, 804866818, 877513885, 2075630.486
1, 877513886, 887865242, 2070271.200
9, 887865243, 970159807, 2057364.100
1, 970159808, 980313699, 2030778.200
9, 980313700, 1281827042, 2010088.947
24, 1281827043, 1291128268, 1860245.000
8, 1291128269, 1569366325, 1264718.436
5, 1569366326, 1604811843, 417006.082
15, 1604811844, 1607345641, 506759.400
27, 1607345642, 1615201185, 392777.150
5, 1615201186, 1616447081, 249179.000
18, 1616447082, 1618756252, 153944.667
5, 1618756253, 1619696711, 188091.600
27, 1619696712, 1631202412, 328734.286
4, 1631202413, 1632783043, 316126.000
27, 1632783044, 1642511501, 243211.425
2, 1642511502, 1643472572, 192214.000
25, 1643472573, 1655073412, 2320167.800
2, 1655073413, 1655919707, 169258.800
6, 1655919708, 1655949815, 2007.133
