4094597, 4094597, 78529, 344, 14
13719300, 17813897, 57428, 3002, 8
19514497, 37328394, 17551, 1772, 3
18696095, 56024489, 23770, 1016, 3
19533770, 75558259, 17976, 528, 3
19510799, 95069058, 18842, 1347, 3
18822267, 113891325, 24453, 2168, 7
18810449, 132701774, 18663, 884, 3
19285166, 151986940, 18558, 1192, 3
19673740, 171660680, 21018, 1199, 3
19585826, 191246506, 18883, 595, 3
19433759, 210680265, 18732, 2208, 3
19509458, 230189723, 19248, 1430, 3
19098753, 249288476, 20280, 634, 3
18579323, 267867799, 24472, 2013, 7
18939358, 286807157, 19077, 659, 3
19579506, 306386663, 19466, 1706, 3
19516996, 325903659, 20086, 1154, 3
19718384, 345622043, 19741, 2433, 7
19441372, 365063415, 19032, 2126, 3
19715249, 384778664, 19072, 654, 3
19458792, 404237456, 19189, 2454, 7
19684403, 423921859, 19110, 580, 3
19549133, 443470992, 19806, 1508, 3
19576397, 463047389, 19267, 2460, 7
19593674, 482641063, 19763, 3198, 7
11074963, 493716026, 28094, 173, 12
2567545, 496283571, 6339, 50, 5
5633, 496289204, 41, 0, 1
11777, 496300981, 43, 0, 1
5658, 496306639, 8, 0, 1
6143, 496312782, 30, 0, 1
5634, 496318416, 21, 0, 1
11801, 496330217, 43, 0, 1
5658, 496335875, 8, 0, 1
6131, 496342006, 20, 0, 1
5616, 496347622, 22, 0, 1
11825, 496359447, 34, 0, 1
5645, 496365092, 19, 0, 1
6138, 496371230, 17, 0, 1
5616, 496376846, 15, 0, 1
11798, 496388644, 43, 0, 1
5632, 496394276, 24, 0, 1
6138, 496400414, 17, 0, 1
5658, 496406072, 11, 0, 1
11826, 496417898, 40, 0, 1
5657, 496423555, 27, 0, 1
6138, 496429693, 15, 0, 1
5658, 496435351, 12, 0, 1
11820, 496447171, 41, 0, 1
5658, 496452829, 16, 0, 1
6203, 496459032, 22, 0, 1
6350, 496465382, 64, 0, 1
13019, 496478401, 46, 0, 1
6333, 496484734, 12, 0, 1
6651, 496491385, 28, 0, 1
9751, 496501136, 233, 0, 1
12346, 496513482, 68, 0, 1
6333, 496519815, 17, 0, 1
6587, 496526402, 39, 0, 1
5628, 496532030, 15, 0, 1
11815, 496543845, 38, 0, 1
5658, 496549503, 9, 0, 1
6127, 496555630, 19, 0, 1
5658, 496561288, 8, 0, 1
11788, 496573076, 30, 0, 1
5645, 496578721, 24, 0, 1
6138, 496584859, 17, 0, 1
5658, 496590517, 13, 0, 1
11827, 496602344, 35, 0, 1
5657, 496608001, 16, 0, 1
6138, 496614139, 13, 0, 1
5632, 496619771, 21, 0, 1
11790, 496631561, 36, 0, 1
5658, 496637219, 13, 0, 1
6138, 496643357, 16, 0, 1
5616, 496648973, 20, 0, 1
11800, 496660773, 36, 0, 1
5645, 496666418, 17, 0, 1
6138, 496672556, 17, 0, 1
5652, 496678208, 21, 0, 1
11794, 496690002, 27, 0, 1
5646, 496695648, 24, 0, 1
6125, 496701773, 28, 0, 1
5628, 496707401, 16, 0, 1
11775, 496719176, 50, 0, 1
5658, 496724834, 10, 0, 1
6145, 496730979, 34, 0, 1
5663, 496736642, 16, 0, 1
11818, 496748460, 39, 0, 1
5664, 496754124, 25, 0, 1
6138, 496760262, 15, 0, 1
5650, 496765912, 18, 0, 1
11809, 496777721, 37, 0, 1
5639, 496783360, 26, 0, 1
6138, 496789498, 22, 0, 1
5658, 496795156, 11, 0, 1
11812, 496806968, 46, 0, 1
5657, 496812625, 22, 0, 1
6665, 496819290, 24, 0, 1
6313, 496825603, 38, 0, 1
12341, 496837944, 44, 0, 1
6317, 496844261, 25, 0, 1
6601, 496850862, 24, 0, 1
6116, 496856978, 20, 0, 1
12207, 496869185, 48, 0, 1
6116, 496875301, 13, 0, 1
7475, 496882776, 38, 0, 1
6123, 496888899, 28, 0, 1
12232, 496901131, 32, 0, 1
6100, 496907231, 30, 0, 1
6110, 496913341, 23, 0, 1
6104, 496919445, 25, 0, 1
12189, 496931634, 35, 0, 1
6129, 496937763, 16, 0, 1
6103, 496943866, 21, 0, 1
6111, 496949977, 31, 0, 1
12201, 496962178, 38, 0, 1
6116, 496968294, 17, 0, 1
6131, 496974425, 32, 0, 1
6116, 496980541, 19, 0, 1
11785, 496992326, 29, 0, 1
5666, 496997992, 25, 0, 1
6119, 497004111, 21, 0, 1
5640, 497009751, 16, 0, 1
11803, 497021554, 30, 0, 1
5652, 497027206, 13, 0, 1
6143, 497033349, 18, 0, 1
5640, 497038989, 16, 0, 1
11806, 497050795, 23, 0, 1
5631, 497056426, 27, 0, 1
6100, 497062526, 24, 0, 1
5634, 497068160, 14, 0, 1
11801, 497079961, 24, 0, 1
5658, 497085619, 11, 0, 1
6145, 497091764, 17, 0, 1
5652, 497097416, 16, 0, 1
11818, 497109234, 29, 0, 1
5651, 497114885, 22, 0, 1
6138, 497121023, 16, 0, 1
5658, 497126681, 10, 0, 1
11771, 497138452, 34, 0, 1
5658, 497144110, 13, 0, 1
6119, 497150229, 26, 0, 1
5628, 497155857, 18, 0, 1
11774, 497167631, 42, 0, 1
5658, 497173289, 18, 0, 1
6142, 497179431, 31, 0, 1
5621, 497185052, 22, 0, 1
11791, 497196843, 34, 0, 1
5632, 497202475, 24, 0, 1
6138, 497208613, 17, 0, 1
5658, 497214271, 11, 0, 1
11831, 497226102, 37, 0, 1
5658, 497231760, 8, 0, 1
6108, 497237868, 19, 0, 1
5658, 497243526, 9, 0, 1
11816, 497255342, 40, 0, 1
7029, 497262371, 25, 0, 1
6151, 497268522, 17, 0, 1
5650, 497274172, 27, 0, 1
11809, 497285981, 38, 0, 1
5658, 497291639, 13, 0, 1
6138, 497297777, 17, 0, 1
5626, 497303403, 22, 0, 1
11806, 497315209, 35, 0, 1
5662, 497320871, 20, 0, 1
6138, 497327009, 16, 0, 1
5646, 497332655, 17, 0, 1
11787, 497344442, 31, 0, 1
5655, 497350097, 26, 0, 1
6138, 497356235, 18, 0, 1
5651, 497361886, 19, 0, 1
11841, 497373727, 28, 0, 1
5658, 497379385, 10, 0, 1
6138, 497385523, 16, 0, 1
5665, 497391188, 29, 0, 1
11794, 497402982, 32, 0, 1
5658, 497408640, 9, 0, 1
6138, 497414778, 26, 0, 1
5628, 497420406, 16, 0, 1
11799, 497432205, 35, 0, 1
6109, 497438314, 33, 0, 1
6116, 497444430, 19, 0, 1
6096, 497450526, 30, 0, 1
11799, 497462325, 43, 0, 1
5658, 497467983, 10, 0, 1
6107, 497474090, 25, 0, 1
5646, 497479736, 16, 0, 1
11810, 497491546, 29, 0, 1
5650, 497497196, 27, 0, 1
6145, 497503341, 25, 0, 1
6092, 497509433, 21, 0, 1
11790, 497521223, 31, 0, 1
5652, 497526875, 17, 0, 1
6126, 497533001, 19, 0, 1
6092, 497539093, 22, 0, 1
23183, 497562276, 440, 2, 1
5658, 497567934, 26, 0, 1
6138, 497574072, 18, 0, 1
5615, 497579687, 21, 0, 1
11800, 497591487, 36, 0, 1
5658, 497597145, 10, 0, 1
6095, 497603240, 22, 0, 1
5615, 497608855, 21, 0, 1
11817, 497620672, 33, 0, 1
5658, 497626330, 10, 0, 1
6138, 497632468, 14, 0, 1
5640, 497638108, 17, 0, 1
13171, 497651279, 61, 0, 1
5658, 497656937, 12, 0, 1
6151, 497663088, 14, 0, 1
5634, 497668722, 19, 0, 1
11805, 497680527, 26, 0, 1
5679, 497686206, 33, 0, 1
6114, 497692320, 25, 0, 1
5635, 497697955, 25, 0, 1
11824, 497709779, 31, 0, 1
5658, 497715437, 10, 0, 1
6138, 497721575, 18, 0, 1
5626, 497727201, 22, 0, 1
11791, 497738992, 32, 0, 1
5652, 497744644, 19, 0, 1
6151, 497750795, 18, 0, 1
6116, 497756911, 24, 0, 1
11778, 497768689, 39, 0, 1
6102, 497774791, 22, 0, 1
6103, 497780894, 20, 0, 1
5658, 497786552, 11, 0, 1
11812, 497798364, 31, 0, 1
5626, 497803990, 19, 0, 1
6114, 497810104, 22, 0, 1
5631, 497815735, 22, 0, 1
11818, 497827553, 21, 0, 1
5658, 497833211, 12, 0, 1
6145, 497839356, 15, 0, 1
5646, 497845002, 18, 0, 1
11811, 497856813, 28, 0, 1
5658, 497862471, 9, 0, 1
6132, 497868603, 16, 0, 1
5658, 497874261, 9, 0, 1
11818, 497886079, 22, 0, 1
5640, 497891719, 22, 0, 1
6151, 497897870, 15, 0, 1
11310, 497909180, 18, 0, 1
6128, 497915308, 27, 0, 1
5651, 497920959, 23, 0, 1
6114, 497927073, 22, 0, 1
11290, 497938363, 39, 0, 1
6148, 497944511, 28, 0, 1
5658, 497950169, 11, 0, 1
6138, 497956307, 17, 0, 1
11261, 497967568, 31, 0, 1
6130, 497973698, 19, 0, 1
5653, 497979351, 25, 0, 1
6164, 497985515, 18, 0, 1
11288, 497996803, 38, 0, 1
6160, 498002963, 17, 0, 1
5656, 498008619, 24, 0, 1
6138, 498014757, 18, 0, 1
12644, 498027401, 52, 0, 1
6143, 498033544, 19, 0, 1
5644, 498039188, 22, 0, 1
6153, 498045341, 37, 0, 1
11310, 498056651, 33, 0, 1
6160, 498062811, 17, 0, 1
5651, 498068462, 31, 0, 1
6114, 498074576, 24, 0, 1
11315, 498085891, 28, 0, 1
6173, 498092064, 18, 0, 1
5638, 498097702, 17, 0, 1
6171, 498103873, 39, 0, 1
11279, 498115152, 34, 0, 1
6142, 498121294, 19, 0, 1
5650, 498126944, 24, 0, 1
6130, 498133074, 30, 0, 1
11308, 498144382, 26, 0, 1
6133, 498150515, 28, 0, 1
5651, 498156166, 24, 0, 1
6119, 498162285, 24, 0, 1
11274, 498173559, 37, 0, 1
6173, 498179732, 16, 0, 1
5640, 498185372, 16, 0, 1
6118, 498191490, 28, 0, 1
11287, 498202777, 40, 0, 1
6152, 498208929, 23, 0, 1
5662, 498214591, 19, 0, 1
6151, 498220742, 17, 0, 1
11310, 498232052, 19, 0, 1
6160, 498238212, 15, 0, 1
5658, 498243870, 11, 0, 1
6125, 498249995, 20, 0, 1
11293, 498261288, 38, 0, 1
6173, 498267461, 14, 0, 1
5658, 498273119, 11, 0, 1
6132, 498279251, 14, 0, 1
11301, 498290552, 37, 0, 1
6148, 498296700, 24, 0, 1
5658, 498302358, 10, 0, 1
6126, 498308484, 17, 0, 1
11303, 498319787, 39, 0, 1
6173, 498325960, 14, 0, 1
5658, 498331618, 10, 0, 1
6129, 498337747, 26, 0, 1
11308, 498349055, 32, 0, 1
6160, 498355215, 15, 0, 1
5658, 498360873, 10, 0, 1
6164, 498367037, 15, 0, 1
11299, 498378336, 38, 0, 1
6160, 498384496, 14, 0, 1
5649, 498390145, 22, 0, 1
7515, 498397660, 26, 0, 1
11271, 498408931, 27, 0, 1
7061, 498415992, 71, 2, 1
5658, 498421650, 10, 0, 1
6138, 498427788, 15, 0, 1
11282, 498439070, 33, 0, 1
6154, 498445224, 17, 0, 1
5678, 498450902, 29, 0, 1
6151, 498457053, 19, 0, 1
11310, 498468363, 27, 0, 1
6136, 498474499, 25, 0, 1
5643, 498480142, 23, 0, 1
6138, 498486280, 15, 0, 1
11308, 498497588, 40, 0, 1
6151, 498503739, 27, 0, 1
5658, 498509397, 8, 0, 1
6132, 498515529, 17, 0, 1
11276, 498526805, 34, 0, 1
6160, 498532965, 17, 0, 1
5655, 498538620, 21, 0, 1
6124, 498544744, 28, 0, 1
11294, 498556038, 32, 0, 1
6130, 498562168, 20, 0, 1
5658, 498567826, 13, 0, 1
9470, 498577296, 184, 1, 1
902920, 499480216, 15699, 672, 5
6111, 499486327, 55, 0, 1
6721, 499493048, 33, 0, 1
6699, 499499747, 20, 0, 1
18621, 499518368, 418, 14, 1
6733, 499525101, 39, 0, 1
6386, 499531487, 29, 0, 1
8734, 499540221, 116, 2, 1
13326, 499553547, 67, 0, 1
5150513, 5150513, 96419, 1049, 16
16688275, 21838788, 40946, 3197, 7
19506134, 41344922, 20962, 1761, 3
19213401, 60558323, 17715, 957, 3
19507407, 80065730, 20993, 771, 3
19653488, 99719218, 18206, 1316, 3
19555598, 119274816, 19385, 1069, 3
19155499, 138430315, 24427, 2808, 7
19335400, 157765715, 19058, 716, 3
19313932, 177079647, 18558, 784, 3
19579378, 196659025, 18884, 886, 3
19630029, 216289054, 21205, 3049, 7
19626573, 235915627, 19359, 665, 3
19040922, 254956549, 23672, 1323, 3
19668463, 274625012, 19464, 1571, 3
19046176, 293671188, 19761, 657, 3
19553432, 313224620, 19150, 2243, 3
19166167, 332390787, 19581, 1215, 3
19710412, 352101199, 19935, 2929, 7
19652067, 371753266, 18724, 1734, 3
19881216, 391634482, 18731, 937, 3
19776315, 411410797, 18879, 2272, 3
19643884, 431054681, 19678, 586, 3
19735575, 450790256, 19203, 1631, 3
19687907, 470478163, 18947, 3535, 7
17588248, 488066411, 26359, 2160, 7
8309192, 496375603, 19477, 57, 12
6085, 496381688, 35, 0, 1
5652, 496387340, 20, 0, 1
6120, 496393460, 25, 0, 1
11296, 496404756, 39, 0, 1
6135, 496410891, 26, 0, 1
5661, 496416552, 23, 0, 1
6138, 496422690, 17, 0, 1
11298, 496433988, 22, 0, 1
6128, 496440116, 23, 0, 1
5658, 496445774, 11, 0, 1
6151, 496451925, 15, 0, 1
11294, 496463219, 39, 0, 1
6160, 496469379, 15, 0, 1
5661, 496475040, 27, 0, 1
6138, 496481178, 16, 0, 1
11304, 496492482, 24, 0, 1
6173, 496498655, 15, 0, 1
5627, 496504282, 21, 0, 1
6145, 496510427, 17, 0, 1
11285, 496521712, 28, 0, 1
6130, 496527842, 24, 0, 1
5652, 496533494, 13, 0, 1
6119, 496539613, 24, 0, 1
11316, 496550929, 17, 0, 1
6160, 496557089, 15, 0, 1
5658, 496562747, 13, 0, 1
6138, 496568885, 17, 0, 1
11280, 496580165, 24, 0, 1
6173, 496586338, 18, 0, 1
5658, 496591996, 10, 0, 1
6138, 496598134, 15, 0, 1
11291, 496609425, 39, 0, 1
6160, 496615585, 14, 0, 1
5647, 496621232, 27, 0, 1
6119, 496627351, 19, 0, 1
11296, 496638647, 22, 0, 1
7544, 496646191, 94, 0, 1
5649, 496651840, 22, 0, 1
6113, 496657953, 30, 0, 1
11306, 496669259, 39, 0, 1
6160, 496675419, 17, 0, 1
5657, 496681076, 15, 0, 1
6125, 496687201, 24, 0, 1
11316, 496698517, 19, 0, 1
6160, 496704677, 18, 0, 1
5657, 496710334, 21, 0, 1
6132, 496716466, 19, 0, 1
11315, 496727781, 33, 0, 1
6168, 496733949, 22, 0, 1
5649, 496739598, 22, 0, 1
6128, 496745726, 28, 0, 1
11303, 496757029, 29, 0, 1
6129, 496763158, 25, 0, 1
5658, 496768816, 9, 0, 1
6151, 496774967, 14, 0, 1
11284, 496786251, 40, 0, 1
6141, 496792392, 27, 0, 1
5651, 496798043, 19, 0, 1
6138, 496804181, 15, 0, 1
11303, 496815484, 19, 0, 1
6159, 496821643, 24, 0, 1
5637, 496827280, 25, 0, 1
6138, 496833418, 14, 0, 1
11291, 496844709, 27, 0, 1
6123, 496850832, 24, 0, 1
5658, 496856490, 13, 0, 1
6126, 496862616, 20, 0, 1
11307, 496873923, 28, 0, 1
6161, 496880084, 19, 0, 1
5657, 496885741, 23, 0, 1
6138, 496891879, 15, 0, 1
11288, 496903167, 33, 0, 1
6687, 496909854, 66, 0, 1
6327, 496916181, 32, 1, 1
15332, 496931513, 321, 42, 1
13271, 496944784, 115, 0, 1
6138, 496950922, 17, 0, 1
6098, 496957020, 21, 0, 1
6116, 496963136, 15, 0, 1
12196, 496975332, 43, 0, 1
6109, 496981441, 17, 0, 1
6116, 496987557, 16, 0, 1
6084, 496993641, 27, 0, 1
12189, 497005830, 41, 0, 1
6132, 497011962, 32, 0, 1
6116, 497018078, 20, 0, 1
6092, 497024170, 25, 0, 1
13552, 497037722, 61, 0, 1
6108, 497043830, 28, 0, 1
6116, 497049946, 16, 0, 1
6116, 497056062, 24, 0, 1
11747, 497067809, 31, 0, 1
6144, 497073953, 26, 0, 1
6085, 497080038, 23, 0, 1
6120, 497086158, 30, 0, 1
11767, 497097925, 34, 0, 1
6138, 497104063, 14, 0, 1
5661, 497109724, 25, 0, 1
6121, 497115845, 28, 0, 1
11293, 497127138, 37, 0, 1
6186, 497133324, 16, 0, 1
5633, 497138957, 19, 0, 1
6108, 497145065, 20, 0, 1
11272, 497156337, 36, 0, 1
6160, 497162497, 16, 0, 1
5651, 497168148, 21, 0, 1
6151, 497174299, 17, 0, 1
11285, 497185584, 42, 0, 1
6154, 497191738, 16, 0, 1
5643, 497197381, 25, 0, 1
6142, 497203523, 30, 0, 1
11316, 497214839, 17, 0, 1
6147, 497220986, 26, 0, 1
5649, 497226635, 18, 0, 1
6138, 497232773, 17, 0, 1
11284, 497244057, 23, 0, 1
6136, 497250193, 19, 0, 1
5661, 497255854, 25, 0, 1
6158, 497262012, 17, 0, 1
11285, 497273297, 40, 0, 1
6160, 497279457, 14, 0, 1
5658, 497285115, 11, 0, 1
6102, 497291217, 21, 0, 1
11300, 497302517, 43, 0, 1
6164, 497308681, 31, 0, 1
5657, 497314338, 28, 0, 1
6138, 497320476, 15, 0, 1
11296, 497331772, 26, 0, 1
6152, 497337924, 22, 0, 1
5658, 497343582, 12, 0, 1
6138, 497349720, 16, 0, 1
11296, 497361016, 41, 0, 1
6147, 497367163, 23, 0, 1
5658, 497372821, 12, 0, 1
6112, 497378933, 26, 0, 1
11283, 497390216, 28, 0, 1
6160, 497396376, 17, 0, 1
5652, 497402028, 18, 0, 1
6151, 497408179, 17, 0, 1
13150, 497421329, 42, 0, 1
6130, 497427459, 30, 0, 1
5657, 497433116, 23, 0, 1
6138, 497439254, 14, 0, 1
11292, 497450546, 33, 0, 1
6173, 497456719, 18, 0, 1
5628, 497462347, 18, 0, 1
6138, 497468485, 14, 0, 1
11285, 497479770, 38, 0, 1
6150, 497485920, 28, 0, 1
5658, 497491578, 12, 0, 1
6172, 497497750, 31, 0, 1
11316, 497509066, 20, 0, 1
6160, 497515226, 14, 0, 1
5655, 497520881, 25, 0, 1
6128, 497527009, 34, 0, 1
11304, 497538313, 33, 0, 1
6162, 497544475, 31, 0, 1
5657, 497550132, 15, 0, 1
6135, 497556267, 32, 0, 1
11309, 497567576, 29, 0, 1
6156, 497573732, 27, 0, 1
5658, 497579390, 14, 0, 1
6132, 497585522, 35, 0, 1
11260, 497596782, 29, 0, 1
6148, 497602930, 28, 0, 1
5658, 497608588, 13, 0, 1
6126, 497614714, 22, 0, 1
11761, 497626475, 38, 0, 1
6106, 497632581, 26, 0, 1
5658, 497638239, 14, 0, 1
6151, 497644390, 20, 0, 1
11782, 497656172, 52, 0, 1
6118, 497662290, 20, 0, 1
5650, 497667940, 24, 0, 1
6107, 497674047, 26, 0, 1
11767, 497685814, 34, 0, 1
15184, 497700998, 315, 3, 1
5638, 497706636, 39, 0, 1
6138, 497712774, 15, 0, 1
11766, 497724540, 37, 0, 1
6138, 497730678, 17, 0, 1
5646, 497736324, 18, 0, 1
6151, 497742475, 18, 0, 1
11304, 497753779, 31, 0, 1
6160, 497759939, 18, 0, 1
5638, 497765577, 22, 0, 1
6096, 497771673, 21, 0, 1
11290, 497782963, 32, 0, 1
6151, 497789114, 28, 0, 1
5657, 497794771, 22, 0, 1
7515, 497802286, 35, 0, 1
11306, 497813592, 36, 0, 1
6134, 497819726, 29, 0, 1
5658, 497825384, 11, 0, 1
6138, 497831522, 13, 0, 1
11272, 497842794, 28, 0, 1
7054, 497849848, 72, 1, 1
5652, 497855500, 18, 0, 1
6132, 497861632, 17, 0, 1
11746, 497873378, 49, 0, 1
6138, 497879516, 18, 0, 1
5657, 497885173, 22, 0, 1
6164, 497891337, 15, 0, 1
11730, 497903067, 39, 0, 1
6132, 497909199, 15, 0, 1
5661, 497914860, 30, 0, 1
6138, 497920998, 15, 0, 1
11309, 497932307, 28, 0, 1
6167, 497938474, 14, 0, 1
5646, 497944120, 18, 0, 1
6090, 497950210, 24, 0, 1
11310, 497961520, 32, 0, 1
6160, 497967680, 17, 0, 1
5652, 497973332, 14, 0, 1
6151, 497979483, 15, 0, 1
11309, 497990792, 31, 0, 1
6130, 497996922, 20, 0, 1
5649, 498002571, 16, 0, 1
6115, 498008686, 20, 0, 1
11290, 498019976, 20, 0, 1
6155, 498026131, 19, 0, 1
5646, 498031777, 15, 0, 1
6112, 498037889, 26, 0, 1
11296, 498049185, 34, 0, 1
6130, 498055315, 24, 0, 1
5658, 498060973, 19, 0, 1
6118, 498067091, 28, 0, 1
11273, 498078364, 38, 0, 1
6173, 498084537, 16, 0, 1
5658, 498090195, 10, 0, 1
6130, 498096325, 26, 0, 1
11261, 498107586, 30, 0, 1
6160, 498113746, 16, 0, 1
5633, 498119379, 20, 0, 1
6136, 498125515, 32, 0, 1
11291, 498136806, 29, 0, 1
6160, 498142966, 14, 0, 1
5652, 498148618, 16, 0, 1
6102, 498154720, 22, 0, 1
11292, 498166012, 19, 0, 1
6154, 498172166, 22, 0, 1
7039, 498179205, 45, 0, 1
6120, 498185325, 22, 0, 1
11283, 498196608, 23, 0, 1
6160, 498202768, 15, 0, 1
5650, 498208418, 24, 0, 1
6151, 498214569, 16, 0, 1
11300, 498225869, 34, 0, 1
6136, 498232005, 23, 0, 1
5652, 498237657, 17, 0, 1
11784, 498249441, 28, 0, 1
5657, 498255098, 26, 0, 1
6189, 498261287, 28, 0, 1
5658, 498266945, 11, 0, 1
11750, 498278695, 39, 0, 1
5646, 498284341, 18, 0, 1
6160, 498290501, 17, 0, 1
5657, 498296158, 20, 0, 1
11738, 498307896, 41, 0, 1
5651, 498313547, 20, 0, 1
6173, 498319720, 19, 0, 1
5664, 498325384, 18, 0, 1
11753, 498337137, 33, 0, 1
5655, 498342792, 28, 0, 1
6160, 498348952, 18, 0, 1
5660, 498354612, 24, 0, 1
11762, 498366374, 47, 0, 1
5651, 498372025, 19, 0, 1
6130, 498378155, 20, 0, 1
5658, 498383813, 10, 0, 1
11772, 498395585, 33, 0, 1
5658, 498401243, 11, 0, 1
6165, 498407408, 27, 0, 1
5658, 498413066, 12, 0, 1
11757, 498424823, 33, 0, 1
5658, 498430481, 16, 0, 1
6124, 498436605, 21, 0, 1
5658, 498442263, 13, 0, 1
11762, 498454025, 40, 0, 1
5658, 498459683, 10, 0, 1
6147, 498465830, 19, 0, 1
5658, 498471488, 15, 0, 1
11798, 498483286, 42, 0, 1
5651, 498488937, 24, 0, 1
6166, 498495103, 24, 0, 1
5645, 498500748, 20, 0, 1
11706, 498512454, 36, 0, 1
5649, 498518103, 27, 0, 1
6142, 498524245, 21, 0, 1
5652, 498529897, 13, 0, 1
11772, 498541669, 32, 0, 1
5658, 498547327, 11, 0, 1
7526, 498554853, 34, 0, 1
5658, 498560511, 17, 0, 1
11795, 498572306, 29, 0, 1
5658, 498577964, 11, 0, 1
6112, 498584076, 24, 0, 1
5658, 498589734, 10, 0, 1
11767, 498601501, 38, 0, 1
5652, 498607153, 15, 0, 1
6147, 498613300, 26, 0, 1
5658, 498618958, 14, 0, 1
11759, 498630717, 35, 0, 1
5652, 498636369, 15, 0, 1
6166, 498642535, 27, 0, 1
5674, 498648209, 32, 0, 1
11780, 498659989, 34, 0, 1
5658, 498665647, 12, 0, 1
6139, 498671786, 27, 0, 1
5650, 498677436, 23, 0, 1
15135, 498692571, 209, 1, 1
6110, 498698681, 21, 0, 1
898905, 499597586, 15008, 519, 5
6713, 499604299, 60, 0, 1
18720, 499623019, 388, 8, 1
6669, 499629688, 37, 0, 1
6445, 499636133, 23, 0, 1
6699, 499642832, 31, 0, 1
14370, 499657202, 168, 4, 1
6320, 499663522, 27, 0, 1
6874, 499670396, 30, 0, 1
4649699, 4649699, 90157, 500, 16
15425055, 20074754, 47899, 3220, 8
19437146, 39511900, 17172, 1550, 3
19145293, 58657193, 21096, 950, 3
19512145, 78169338, 22889, 689, 3
19693034, 97862372, 19235, 1093, 3
19545593, 117407965, 18646, 1169, 3
18744980, 136152945, 24833, 2545, 7
19282667, 155435612, 19687, 992, 3
19816237, 175251849, 19013, 624, 3
19221281, 194473130, 20894, 890, 3
19556432, 214029562, 19629, 2468, 7
19676161, 233705723, 19969, 895, 3
19275371, 252981094, 23055, 1032, 3
19096297, 272077391, 20792, 1841, 3
19292744, 291370135, 18926, 556, 3
19100999, 310471134, 19670, 1815, 3
19641721, 330112855, 18817, 1201, 3
19785885, 349898740, 19379, 2725, 7
19692552, 369591292, 18820, 1728, 3
19823473, 389414765, 19440, 984, 3
19696585, 409111350, 18970, 2075, 3
19748147, 428859497, 18774, 790, 3
19747600, 448607097, 18616, 1559, 3
19726611, 468333708, 18623, 2883, 7
17597240, 485930948, 28234, 2297, 7
9857091, 495788039, 17016, 23, 12
596139, 496384178, 3105, 21, 1
11774, 496395952, 31, 0, 1
6095, 496402047, 27, 0, 1
5642, 496407689, 25, 0, 1
5658, 496413347, 10, 0, 1
11830, 496425177, 33, 0, 1
6114, 496431291, 20, 0, 1
5632, 496436923, 24, 0, 1
5651, 496442574, 22, 0, 1
11791, 496454365, 31, 0, 1
6158, 496460523, 15, 0, 1
5634, 496466157, 13, 0, 1
5651, 496471808, 15, 0, 1
11827, 496483635, 36, 0, 1
6138, 496489773, 19, 0, 1
5658, 496495431, 13, 0, 1
5658, 496501089, 11, 0, 1
11781, 496512870, 50, 0, 1
6138, 496519008, 19, 0, 1
5621, 496524629, 18, 0, 1
5658, 496530287, 15, 0, 1
11795, 496542082, 50, 0, 1
6151, 496548233, 16, 0, 1
5658, 496553891, 9, 0, 1
5658, 496559549, 9, 0, 1
11763, 496571312, 47, 0, 1
6138, 496577450, 16, 0, 1
5631, 496583081, 18, 0, 1
7032, 496590113, 88, 0, 1
11817, 496601930, 36, 0, 1
6119, 496608049, 28, 0, 1
5642, 496613691, 25, 0, 1
5657, 496619348, 26, 0, 1
11797, 496631145, 47, 0, 1
6131, 496637276, 26, 0, 1
5658, 496642934, 12, 0, 1
5637, 496648571, 21, 0, 1
11828, 496660399, 39, 0, 1
6106, 496666505, 26, 0, 1
5658, 496672163, 11, 0, 1
5658, 496677821, 13, 0, 1
11809, 496689630, 55, 0, 1
6151, 496695781, 17, 0, 1
5621, 496701402, 16, 0, 1
5658, 496707060, 10, 0, 1
11816, 496718876, 40, 0, 1
6138, 496725014, 20, 0, 1
5643, 496730657, 23, 0, 1
5658, 496736315, 9, 0, 1
11809, 496748124, 43, 0, 1
6138, 496754262, 18, 0, 1
5655, 496759917, 18, 0, 1
5653, 496765570, 26, 0, 1
11818, 496777388, 20, 0, 1
6177, 496783565, 17, 0, 1
5622, 496789187, 18, 0, 1
5646, 496794833, 20, 0, 1
11779, 496806612, 45, 0, 1
6138, 496812750, 15, 0, 1
5652, 496818402, 14, 0, 1
5638, 496824040, 21, 0, 1
11829, 496835869, 41, 0, 1
6138, 496842007, 17, 0, 1
5658, 496847665, 10, 0, 1
5652, 496853317, 22, 0, 1
11820, 496865137, 39, 0, 1
6138, 496871275, 18, 0, 1
5658, 496876933, 12, 0, 1
5658, 496882591, 11, 0, 1
11799, 496894390, 53, 0, 1
6647, 496901037, 78, 0, 1
6327, 496907364, 35, 0, 1
5643, 496913007, 18, 0, 1
12848, 496925855, 43, 0, 1
6743, 496932598, 32, 0, 1
6578, 496939176, 19, 0, 1
6309, 496945485, 13, 0, 1
13178, 496958663, 38, 0, 1
6578, 496965241, 19, 0, 1
7947, 496973188, 51, 0, 1
6591, 496979779, 16, 0, 1
13141, 496992920, 50, 0, 1
6572, 496999492, 17, 0, 1
6578, 497006070, 17, 0, 1
6578, 497012648, 17, 0, 1
13143, 497025791, 35, 0, 1
7479, 497033270, 94, 3, 1
6541, 497039811, 26, 0, 1
6563, 497046374, 33, 0, 1
13143, 497059517, 39, 0, 1
6578, 497066095, 15, 0, 1
6536, 497072631, 26, 0, 1
12902, 497085533, 41, 0, 1
6565, 497092098, 22, 0, 1
6578, 497098676, 18, 0, 1
6271, 497104947, 25, 0, 1
12905, 497117852, 48, 0, 1
6309, 497124161, 16, 0, 1
6608, 497130769, 32, 0, 1
6309, 497137078, 17, 0, 1
12914, 497149992, 35, 0, 1
6309, 497156301, 13, 0, 1
6600, 497162901, 21, 0, 1
6278, 497169179, 22, 0, 1
12916, 497182095, 45, 0, 1
6302, 497188397, 18, 0, 1
6595, 497194992, 30, 0, 1
6303, 497201295, 19, 0, 1
12895, 497214190, 38, 0, 1
6290, 497220480, 25, 0, 1
6607, 497227087, 19, 0, 1
6309, 497233396, 15, 0, 1
12934, 497246330, 56, 0, 1
6303, 497252633, 15, 0, 1
6600, 497259233, 16, 0, 1
6312, 497265545, 45, 2, 1
12918, 497278463, 29, 0, 1
6309, 497284772, 13, 0, 1
6613, 497291385, 16, 0, 1
6309, 497297694, 13, 0, 1
12888, 497310582, 36, 0, 1
6302, 497316884, 27, 0, 1
6587, 497323471, 25, 0, 1
6309, 497329780, 12, 0, 1
12916, 497342696, 36, 0, 1
6286, 497348982, 25, 0, 1
6592, 497355574, 31, 0, 1
6309, 497361883, 18, 0, 1
12900, 497374783, 37, 0, 1
6311, 497381094, 34, 0, 1
7977, 497389071, 32, 0, 1
6309, 497395380, 12, 0, 1
12938, 497408318, 30, 0, 1
6266, 497414584, 24, 0, 1
6600, 497421184, 18, 0, 1
6279, 497427463, 20, 0, 1
12894, 497440357, 40, 0, 1
6309, 497446666, 11, 0, 1
6613, 497453279, 17, 0, 1
6291, 497459570, 22, 0, 1
12918, 497472488, 31, 0, 1
6287, 497478775, 25, 0, 1
6594, 497485369, 22, 0, 1
6303, 497491672, 16, 0, 1
12952, 497504624, 38, 0, 1
6308, 497510932, 22, 0, 1
6586, 497517518, 29, 0, 1
6296, 497523814, 21, 0, 1
12913, 497536727, 30, 0, 1
6291, 497543018, 20, 0, 1
6613, 497549631, 19, 0, 1
6291, 497555922, 13, 0, 1
12914, 497568836, 38, 0, 1
6303, 497575139, 13, 0, 1
6600, 497581739, 16, 0, 1
6299, 497588038, 27, 0, 1
12937, 497600975, 34, 0, 1
6296, 497607271, 22, 0, 1
6600, 497613871, 18, 0, 1
6577, 497620448, 20, 0, 1
12902, 497633350, 31, 0, 1
6309, 497639659, 14, 0, 1
6600, 497646259, 18, 0, 1
15665, 497661924, 327, 3, 1
12880, 497674804, 45, 0, 1
6302, 497681106, 19, 0, 1
6597, 497687703, 33, 0, 1
6578, 497694281, 18, 0, 1
12897, 497707178, 29, 0, 1
6309, 497713487, 12, 0, 1
6588, 497720075, 26, 0, 1
6309, 497726384, 12, 0, 1
12900, 497739284, 38, 0, 1
6302, 497745586, 16, 0, 1
6579, 497752165, 27, 0, 1
6291, 497758456, 17, 0, 1
12923, 497771379, 33, 0, 1
6295, 497777674, 24, 0, 1
6552, 497784226, 25, 0, 1
6296, 497790522, 18, 0, 1
12918, 497803440, 31, 0, 1
7686, 497811126, 26, 0, 1
6613, 497817739, 18, 0, 1
6305, 497824044, 25, 0, 1
12921, 497836965, 50, 0, 1
6322, 497843287, 28, 0, 1
6600, 497849887, 18, 0, 1
6261, 497856148, 19, 0, 1
12838, 497868986, 44, 0, 1
6303, 497875289, 16, 0, 1
6582, 497881871, 22, 0, 1
6309, 497888180, 14, 0, 1
12915, 497901095, 44, 0, 1
6284, 497907379, 24, 0, 1
6576, 497913955, 24, 0, 1
6278, 497920233, 23, 0, 1
12944, 497933177, 36, 0, 1
6309, 497939486, 13, 0, 1
6594, 497946080, 19, 0, 1
6309, 497952389, 11, 0, 1
12905, 497965294, 34, 0, 1
6303, 497971597, 15, 0, 1
6601, 497978198, 19, 0, 1
6272, 497984470, 22, 0, 1
12913, 497997383, 28, 0, 1
6303, 498003686, 21, 0, 1
6600, 498010286, 17, 0, 1
6278, 498016564, 21, 0, 1
12953, 498029517, 41, 0, 1
6285, 498035802, 17, 0, 1
6601, 498042403, 24, 0, 1
6273, 498048676, 21, 0, 1
12881, 498061557, 42, 0, 1
6309, 498067866, 11, 0, 1
6589, 498074455, 24, 0, 1
6297, 498080752, 17, 0, 1
12895, 498093647, 35, 0, 1
6291, 498099938, 24, 0, 1
6581, 498106519, 30, 0, 1
6284, 498112803, 18, 0, 1
12932, 498125735, 34, 0, 1
6297, 498132032, 15, 0, 1
6600, 498138632, 17, 0, 1
6296, 498144928, 37, 5, 1
12900, 498157828, 57, 0, 1
6303, 498164131, 20, 0, 1
6600, 498170731, 20, 0, 1
6276, 498177007, 22, 0, 1
12916, 498189923, 43, 0, 1
6303, 498196226, 22, 0, 1
6594, 498202820, 24, 0, 1
6261, 498209081, 22, 0, 1
14308, 498223389, 38, 0, 1
6309, 498229698, 11, 0, 1
6613, 498236311, 16, 0, 1
6261, 498242572, 21, 0, 1
12889, 498255461, 31, 0, 1
6309, 498261770, 11, 0, 1
6600, 498268370, 17, 0, 1
6296, 498274666, 19, 0, 1
12952, 498287618, 44, 0, 1
6309, 498293927, 16, 0, 1
6591, 498300518, 26, 0, 1
6272, 498306790, 20, 0, 1
12919, 498319709, 32, 0, 1
6302, 498326011, 28, 0, 1
6613, 498332624, 19, 0, 1
6285, 498338909, 16, 0, 1
12894, 498351803, 33, 0, 1
6309, 498358112, 9, 0, 1
6593, 498364705, 21, 0, 1
6309, 498371014, 13, 0, 1
12931, 498383945, 41, 0, 1
6309, 498390254, 12, 0, 1
6574, 498396828, 29, 0, 1
6309, 498403137, 11, 0, 1
12912, 498416049, 40, 0, 1
6309, 498422358, 12, 0, 1
6581, 498428939, 22, 0, 1
6304, 498435243, 30, 0, 1
12951, 498448194, 31, 0, 1
6308, 498454502, 19, 0, 1
6594, 498461096, 20, 0, 1
6297, 498467393, 17, 0, 1
12907, 498480300, 37, 0, 1
6300, 498486600, 24, 1, 1
14836, 498501436, 249, 7, 1
6280, 498507716, 25, 0, 1
12899, 498520615, 40, 0, 1
6309, 498526924, 11, 0, 1
6600, 498533524, 17, 0, 1
6289, 498539813, 23, 0, 1
12907, 498552720, 43, 0, 1
6319, 498559039, 29, 0, 1
6593, 498565632, 30, 0, 1
6303, 498571935, 18, 0, 1
12925, 498584860, 34, 0, 1
6302, 498591162, 19, 0, 1
6572, 498597734, 24, 0, 1
6303, 498604037, 17, 0, 1
12905, 498616942, 41, 0, 1
6301, 498623243, 25, 0, 1
6600, 498629843, 20, 0, 1
6306, 498636149, 26, 0, 1
14289, 498650438, 52, 0, 1
6301, 498656739, 21, 0, 1
6600, 498663339, 19, 0, 1
6296, 498669635, 26, 0, 1
12894, 498682529, 37, 0, 1
6303, 498688832, 17, 0, 1
6603, 498695435, 33, 0, 1
6309, 498701744, 11, 0, 1
12930, 498714674, 36, 0, 1
6309, 498720983, 11, 0, 1
6586, 498727569, 34, 0, 1
6291, 498733860, 21, 0, 1
12894, 498746754, 39, 0, 1
6288, 498753042, 21, 0, 1
6607, 498759649, 22, 0, 1
6278, 498765927, 19, 0, 1
12916, 498778843, 46, 0, 1
6309, 498785152, 9, 0, 1
6600, 498791752, 17, 0, 1
6313, 498798065, 26, 0, 1
12918, 498810983, 42, 0, 1
6308, 498817291, 23, 0, 1
6600, 498823891, 18, 0, 1
9641, 498833532, 207, 1, 1
903701, 499737233, 15410, 598, 5
6730, 499743963, 67, 0, 1
6694, 499750657, 44, 0, 1
12558, 499763215, 385, 8, 1
13391, 499776606, 73, 0, 1
6661, 499783267, 32, 0, 1
6076, 499789343, 33, 0, 1
9167, 499798510, 156, 2, 1
13171, 499811681, 55, 0, 1
3876824, 3876824, 75676, 308, 14
13006919, 16883743, 58941, 3343, 8
19588364, 36472107, 18819, 1483, 3
18174630, 54646737, 22826, 1271, 3
19492697, 74139434, 17494, 1255, 3
19563896, 93703330, 17792, 2134, 3
18843416, 112546746, 23748, 2995, 7
18840313, 131387059, 18615, 2127, 7
19298998, 150686057, 18174, 1760, 3
19798261, 170484318, 18432, 2288, 3
19480998, 189965316, 20366, 1520, 3
19363954, 209329270, 19073, 3268, 7
19524624, 228853894, 18451, 3024, 7
19459522, 248313416, 18634, 1927, 3
18434510, 266747926, 24627, 3065, 7
19143217, 285891143, 18695, 1979, 3
19305645, 305196788, 19350, 2558, 7
19685706, 324882494, 18970, 2667, 7
19732948, 344615442, 19675, 3694, 7
19572245, 364187687, 18780, 3035, 7
19776586, 383964273, 18352, 2728, 7
19555443, 403519716, 18816, 3310, 7
19670281, 423189997, 19559, 2091, 3
19675787, 442865784, 19056, 2951, 7
19596180, 462461964, 18989, 3521, 7
19632168, 482094132, 19012, 4192, 7
11469923, 493564055, 29242, 241, 19
2876351, 496440406, 6605, 47, 5
5643, 496446049, 36, 0, 1
5658, 496451707, 13, 0, 1
11774, 496463481, 38, 0, 1
6134, 496469615, 24, 1, 1
5658, 496475273, 14, 0, 1
5658, 496480931, 9, 0, 1
11795, 496492726, 38, 0, 1
6126, 496498852, 21, 0, 1
5658, 496504510, 14, 0, 1
5658, 496510168, 14, 0, 1
13148, 496523316, 121, 0, 1
6138, 496529454, 19, 0, 1
5642, 496535096, 28, 0, 1
5643, 496540739, 21, 0, 1
11760, 496552499, 41, 0, 1
6151, 496558650, 16, 0, 1
5657, 496564307, 19, 0, 1
5658, 496569965, 11, 0, 1
11805, 496581770, 34, 0, 1
6138, 496587908, 16, 0, 1
5658, 496593566, 8, 0, 1
5658, 496599224, 7, 0, 1
11794, 496611018, 41, 0, 1
6113, 496617131, 25, 0, 1
5658, 496622789, 13, 0, 1
5658, 496628447, 10, 0, 1
11804, 496640251, 32, 0, 1
6138, 496646389, 31, 0, 1
5620, 496652009, 22, 0, 1
5658, 496657667, 13, 0, 1
11805, 496669472, 41, 0, 1
6126, 496675598, 21, 0, 1
5645, 496681243, 18, 0, 1
5643, 496686886, 26, 0, 1
11793, 496698679, 41, 0, 1
6151, 496704830, 18, 0, 1
5658, 496710488, 16, 0, 1
5638, 496716126, 24, 0, 1
11818, 496727944, 26, 0, 1
6090, 496734034, 22, 0, 1
5646, 496739680, 15, 0, 1
5652, 496745332, 15, 0, 1
11817, 496757149, 43, 0, 1
6138, 496763287, 19, 0, 1
5633, 496768920, 17, 0, 1
5658, 496774578, 12, 0, 1
11818, 496786396, 20, 0, 1
6145, 496792541, 20, 0, 1
5610, 496798151, 18, 0, 1
11811, 496809962, 28, 0, 1
5661, 496815623, 21, 0, 1
6138, 496821761, 16, 0, 1
5645, 496827406, 24, 0, 1
11835, 496839241, 32, 0, 1
5658, 496844899, 11, 0, 1
6120, 496851019, 18, 0, 1
5610, 496856629, 17, 0, 1
11806, 496868435, 31, 0, 1
5658, 496874093, 8, 0, 1
6138, 496880231, 12, 0, 1
5658, 496885889, 14, 0, 1
13193, 496899082, 55, 0, 1
5664, 496904746, 22, 0, 1
6108, 496910854, 22, 0, 1
5658, 496916512, 11, 0, 1
11780, 496928292, 37, 0, 1
5652, 496933944, 21, 0, 1
6151, 496940095, 14, 0, 1
5639, 496945734, 18, 0, 1
11794, 496957528, 33, 0, 1
6371, 496963899, 61, 0, 1
9536, 496973435, 185, 0, 1
6373, 496979808, 24, 0, 1
12938, 496992746, 44, 0, 1
5658, 496998404, 13, 0, 1
6108, 497004512, 24, 0, 1
6088, 497010600, 28, 0, 1
12210, 497022810, 37, 0, 1
6104, 497028914, 20, 0, 1
6106, 497035020, 22, 0, 1
6074, 497041094, 23, 0, 1
12222, 497053316, 44, 0, 1
6073, 497059389, 21, 0, 1
6097, 497065486, 28, 0, 1
6116, 497071602, 18, 0, 1
12207, 497083809, 47, 0, 1
6104, 497089913, 22, 0, 1
6123, 497096036, 30, 0, 1
6116, 497102152, 16, 0, 1
12190, 497114342, 45, 0, 1
6116, 497120458, 18, 0, 1
6101, 497126559, 31, 0, 1
6129, 497132688, 17, 0, 1
11778, 497144466, 27, 0, 1
5646, 497150112, 22, 0, 1
6145, 497156257, 15, 0, 1
5658, 497161915, 9, 0, 1
11804, 497173719, 34, 0, 1
5651, 497179370, 18, 0, 1
6119, 497185489, 24, 0, 1
5658, 497191147, 10, 0, 1
11805, 497202952, 28, 0, 1
5649, 497208601, 19, 0, 1
6126, 497214727, 22, 0, 1
5658, 497220385, 12, 0, 1
11831, 497232216, 29, 0, 1
5633, 497237849, 21, 0, 1
6126, 497243975, 17, 0, 1
5652, 497249627, 11, 0, 1
11822, 497261449, 28, 0, 1
5647, 497267096, 27, 0, 1
6142, 497273238, 30, 0, 1
5652, 497278890, 15, 0, 1
13166, 497292056, 61, 0, 1
5640, 497297696, 14, 0, 1
6119, 497303815, 24, 0, 1
5637, 497309452, 20, 0, 1
11812, 497321264, 40, 0, 1
5632, 497326896, 22, 0, 1
6138, 497333034, 18, 0, 1
5658, 497338692, 12, 0, 1
11804, 497350496, 37, 0, 1
5654, 497356150, 24, 0, 1
6112, 497362262, 27, 0, 1
5657, 497367919, 14, 0, 1
11827, 497379746, 39, 0, 1
5645, 497385391, 18, 0, 1
6136, 497391527, 22, 0, 1
5658, 497397185, 8, 0, 1
11796, 497408981, 46, 0, 1
5655, 497414636, 22, 0, 1
6139, 497420775, 22, 0, 1
5658, 497426433, 12, 0, 1
11823, 497438256, 32, 0, 1
5652, 497443908, 16, 0, 1
6157, 497450065, 30, 0, 1
5660, 497455725, 23, 0, 1
11812, 497467537, 27, 0, 1
5646, 497473183, 14, 0, 1
6090, 497479273, 20, 0, 1
5646, 497484919, 10, 0, 1
11810, 497496729, 38, 0, 1
5649, 497502378, 17, 0, 1
6133, 497508511, 25, 0, 1
5646, 497514157, 15, 0, 1
11818, 497525975, 24, 0, 1
6137, 497532112, 28, 0, 1
6116, 497538228, 16, 0, 1
6110, 497544338, 16, 0, 1
11764, 497556102, 39, 0, 1
5658, 497561760, 12, 0, 1
6131, 497567891, 30, 0, 1
6116, 497574007, 20, 0, 1
11772, 497585779, 29, 0, 1
5652, 497591431, 13, 0, 1
6138, 497597569, 18, 0, 1
6141, 497603710, 23, 0, 1
11791, 497615501, 38, 0, 1
5658, 497621159, 9, 0, 1
6138, 497627297, 16, 0, 1
5651, 497632948, 19, 0, 1
11810, 497644758, 30, 0, 1
5636, 497650394, 24, 0, 1
18916, 497669310, 466, 9, 1
5651, 497674961, 24, 0, 1
11811, 497686772, 37, 0, 1
5660, 497692432, 30, 0, 1
6138, 497698570, 18, 0, 1
5654, 497704224, 24, 0, 1
11799, 497716023, 41, 0, 1
5656, 497721679, 21, 0, 1
6132, 497727811, 21, 0, 1
5615, 497733426, 18, 0, 1
11816, 497745242, 31, 0, 1
5657, 497750899, 21, 0, 1
6151, 497757050, 18, 0, 1
5644, 497762694, 22, 0, 1
11793, 497774487, 35, 0, 1
5658, 497780145, 14, 0, 1
6120, 497786265, 20, 0, 1
5667, 497791932, 21, 0, 1
11816, 497803748, 46, 0, 1
5637, 497809385, 23, 0, 1
6129, 497815514, 29, 0, 1
5658, 497821172, 13, 0, 1
11808, 497832980, 39, 0, 1
5637, 497838617, 25, 0, 1
6138, 497844755, 16, 0, 1
6121, 497850876, 29, 0, 1
11782, 497862658, 36, 0, 1
5640, 497868298, 10, 0, 1
6102, 497874400, 25, 0, 1
5658, 497880058, 13, 0, 1
11804, 497891862, 30, 0, 1
5625, 497897487, 20, 0, 1
6154, 497903641, 28, 0, 1
5640, 497909281, 15, 0, 1
11798, 497921079, 29, 0, 1
5645, 497926724, 20, 0, 1
6138, 497932862, 14, 0, 1
5650, 497938512, 16, 0, 1
11810, 497950322, 45, 0, 1
5658, 497955980, 13, 0, 1
6121, 497962101, 28, 0, 1
5632, 497967733, 24, 0, 1
11799, 497979532, 34, 0, 1
5658, 497985190, 9, 0, 1
6152, 497991342, 34, 0, 1
6098, 497997440, 24, 0, 1
11780, 498009220, 37, 0, 1
5637, 498014857, 16, 0, 1
6136, 498020993, 32, 0, 1
5658, 498026651, 17, 0, 1
11788, 498038439, 36, 0, 1
7035, 498045474, 25, 0, 1
6126, 498051600, 21, 0, 1
5658, 498057258, 14, 0, 1
11818, 498069076, 31, 0, 1
5656, 498074732, 24, 0, 1
6134, 498080866, 29, 0, 1
5655, 498086521, 28, 0, 1
11831, 498098352, 24, 0, 1
5643, 498103995, 26, 0, 1
6138, 498110133, 18, 0, 1
5620, 498115753, 19, 0, 1
11818, 498127571, 23, 0, 1
5639, 498133210, 24, 0, 1
6151, 498139361, 18, 0, 1
5658, 498145019, 11, 0, 1
11781, 498156800, 46, 0, 1
5661, 498162461, 24, 0, 1
6105, 498168566, 25, 0, 1
5626, 498174192, 17, 0, 1
11811, 498186003, 42, 0, 1
5667, 498191670, 21, 0, 1
6138, 498197808, 15, 0, 1
5620, 498203428, 18, 0, 1
11806, 498215234, 29, 0, 1
5651, 498220885, 19, 0, 1
6109, 498226994, 23, 0, 1
5621, 498232615, 20, 0, 1
11814, 498244429, 39, 0, 1
5645, 498250074, 19, 0, 1
6138, 498256212, 19, 0, 1
5658, 498261870, 10, 0, 1
11794, 498273664, 37, 0, 1
5657, 498279321, 21, 0, 1
6125, 498285446, 26, 0, 1
5650, 498291096, 17, 0, 1
11792, 498302888, 41, 0, 1
5646, 498308534, 15, 0, 1
6126, 498314660, 26, 0, 1
5658, 498320318, 14, 0, 1
11798, 498332116, 35, 0, 1
5658, 498337774, 14, 0, 1
6105, 498343879, 28, 0, 1
5640, 498349519, 18, 0, 1
11792, 498361311, 31, 0, 1
5645, 498366956, 21, 0, 1
6162, 498373118, 30, 0, 1
5658, 498378776, 11, 0, 1
11793, 498390569, 39, 0, 1
5631, 498396200, 23, 0, 1
6125, 498402325, 19, 0, 1
5637, 498407962, 20, 0, 1
13190, 498421152, 45, 0, 1
5658, 498426810, 11, 0, 1
6125, 498432935, 22, 0, 1
5658, 498438593, 15, 0, 1
11803, 498450396, 33, 0, 1
5663, 498456059, 28, 0, 1
6151, 498462210, 18, 0, 1
5622, 498467832, 17, 0, 1
11790, 498479622, 34, 0, 1
5650, 498485272, 18, 0, 1
6138, 498491410, 17, 0, 1
5639, 498497049, 20, 0, 1
11807, 498508856, 33, 0, 1
5645, 498514501, 19, 0, 1
6138, 498520639, 15, 0, 1
5658, 498526297, 12, 0, 1
11791, 498538088, 32, 0, 1
5657, 498543745, 23, 0, 1
6132, 498549877, 22, 0, 1
5627, 498555504, 21, 0, 1
11825, 498567329, 25, 0, 1
5658, 498572987, 11, 0, 1
6137, 498579124, 22, 0, 1
5646, 498584770, 17, 0, 1
11795, 498596565, 41, 0, 1
5661, 498602226, 25, 0, 1
6171, 498608397, 33, 0, 1
5633, 498614030, 30, 0, 1
11789, 498625819, 48, 0, 1
5658, 498631477, 12, 0, 1
6142, 498637619, 29, 0, 1
5658, 498643277, 13, 0, 1
11833, 498655110, 36, 0, 1
5658, 498660768, 12, 0, 1
6114, 498666882, 24, 0, 1
5658, 498672540, 10, 0, 1
11816, 498684356, 39, 0, 1
5654, 498690010, 27, 0, 1
6151, 498696161, 16, 0, 1
5658, 498701819, 12, 0, 1
11812, 498713631, 24, 0, 1
5658, 498719289, 11, 0, 1
6111, 498725400, 29, 0, 1
5627, 498731027, 22, 0, 1
11836, 498742863, 35, 0, 1
5640, 498748503, 16, 0, 1
6138, 498754641, 16, 0, 1
5658, 498760299, 10, 0, 1
710284, 499470583, 12153, 761, 5
207465, 499678048, 3364, 58, 1
8087, 499686135, 125, 1, 1
13133, 499699268, 70, 0, 1
12297, 499711565, 423, 16, 1
6401, 499717966, 31, 0, 1
6753, 499724719, 37, 0, 1
14649, 499739368, 157, 3, 1
6624, 499745992, 25, 0, 1
6655, 499752647, 18, 0, 1
2404560, 2404560, 50235, 218, 4
9458346, 11862906, 79084, 3733, 8
19190353, 31053259, 18283, 1618, 3
19120828, 50174087, 20167, 1954, 3
18621708, 68795795, 20546, 1472, 3
19377194, 88172989, 20077, 882, 3
19346480, 107519469, 18769, 1236, 3
18577733, 126097202, 24699, 2407, 7
16096836, 142194038, 16313, 1313, 19
3953526, 146147564, 5219, 54, 6
19182685, 165330249, 21438, 1006, 3
19552308, 184882557, 19355, 452, 3
19378985, 204261542, 19296, 1358, 3
19440472, 223702014, 20867, 2090, 3
19181065, 242883079, 19803, 573, 3
18660343, 261543422, 23764, 1785, 3
18765228, 280308650, 18779, 426, 3
19253409, 299562059, 18709, 1923, 3
19450309, 319012368, 18901, 1344, 3
19453097, 338465465, 19579, 1223, 3
19516560, 357982025, 18774, 1835, 3
19459178, 377441203, 19330, 1414, 3
19527042, 396968245, 18580, 1083, 3
19594273, 416562518, 18700, 1437, 3
19508843, 436071361, 18732, 948, 3
19467574, 455538935, 19642, 1436, 3
19495882, 475034817, 18971, 2154, 3
16024934, 491059751, 30501, 934, 3
5795870, 496855621, 11068, 42, 6
12248, 496867869, 369, 0, 1
5651, 496873520, 21, 0, 1
5662, 496879182, 35, 2, 1
6186, 496885368, 21, 0, 1
11783, 496897151, 30, 0, 1
5656, 496902807, 30, 0, 1
5658, 496908465, 10, 0, 1
6160, 496914625, 21, 0, 1
11814, 496926439, 27, 0, 1
5658, 496932097, 9, 0, 1
5650, 496937747, 16, 0, 1
6123, 496943870, 24, 0, 1
11799, 496955669, 53, 0, 1
5646, 496961315, 12, 0, 1
5645, 496966960, 23, 0, 1
6142, 496973102, 25, 0, 1
11776, 496984878, 44, 0, 1
5658, 496990536, 9, 0, 1
5658, 496996194, 10, 0, 1
6147, 497002341, 19, 0, 1
11772, 497014113, 27, 0, 1
5651, 497019764, 29, 0, 1
5658, 497025422, 13, 0, 1
6155, 497031577, 19, 0, 1
11754, 497043331, 30, 0, 1
5638, 497048969, 21, 0, 1
5649, 497054618, 27, 0, 1
6118, 497060736, 21, 0, 1
11802, 497072538, 28, 0, 1
5633, 497078171, 16, 0, 1
5642, 497083813, 25, 0, 1
6124, 497089937, 23, 0, 1
11782, 497101719, 35, 0, 1
5626, 497107345, 18, 0, 1
5658, 497113003, 8, 0, 1
6173, 497119176, 15, 0, 1
11786, 497130962, 30, 0, 1
5652, 497136614, 13, 0, 1
5658, 497142272, 8, 0, 1
6117, 497148389, 24, 0, 1
11791, 497160180, 35, 0, 1
5633, 497165813, 15, 0, 1
5658, 497171471, 8, 0, 1
11773, 497183244, 37, 0, 1
6101, 497189345, 25, 0, 1
7029, 497196374, 91, 0, 1
5649, 497202023, 21, 0, 1
11819, 497213842, 45, 0, 1
6140, 497219982, 33, 0, 1
5658, 497225640, 14, 0, 1
5658, 497231298, 9, 0, 1
11811, 497243109, 29, 0, 1
6138, 497249247, 14, 0, 1
5633, 497254880, 14, 0, 1
5662, 497260542, 24, 0, 1
11857, 497272399, 24, 0, 1
6138, 497278537, 29, 0, 1
5658, 497284195, 11, 0, 1
5658, 497289853, 11, 0, 1
11785, 497301638, 37, 0, 1
6151, 497307789, 19, 0, 1
5658, 497313447, 10, 0, 1
5669, 497319116, 24, 0, 1
11818, 497330934, 31, 0, 1
6138, 497337072, 14, 0, 1
5652, 497342724, 20, 0, 1
5658, 497348382, 11, 0, 1
11811, 497360193, 40, 0, 1
6138, 497366331, 15, 0, 1
5652, 497371983, 15, 0, 1
5658, 497377641, 11, 0, 1
13020, 497390661, 81, 0, 1
6677, 497397338, 19, 0, 1
6296, 497403634, 23, 0, 1
5643, 497409277, 19, 0, 1
12720, 497421997, 40, 0, 1
6110, 497428107, 22, 0, 1
6110, 497434217, 16, 0, 1
6115, 497440332, 20, 0, 1
12238, 497452570, 38, 0, 1
6123, 497458693, 19, 0, 1
6113, 497464806, 33, 0, 1
6110, 497470916, 21, 0, 1
12234, 497483150, 59, 0, 1
6116, 497489266, 19, 0, 1
6103, 497495369, 26, 0, 1
6109, 497501478, 25, 0, 1
12239, 497513717, 48, 0, 1
6116, 497519833, 19, 0, 1
6109, 497525942, 25, 0, 1
6116, 497532058, 18, 0, 1
11752, 497543810, 39, 0, 1
6151, 497549961, 16, 0, 1
6116, 497556077, 16, 0, 1
5657, 497561734, 23, 0, 1
11777, 497573511, 26, 0, 1
7509, 497581020, 33, 0, 1
5658, 497586678, 10, 0, 1
5658, 497592336, 13, 0, 1
11821, 497604157, 40, 0, 1
6132, 497610289, 20, 0, 1
5652, 497615941, 15, 0, 1
5658, 497621599, 10, 0, 1
11795, 497633394, 40, 0, 1
6164, 497639558, 18, 0, 1
5658, 497645216, 14, 0, 1
5644, 497650860, 18, 0, 1
11818, 497662678, 21, 0, 1
6138, 497668816, 19, 0, 1
5658, 497674474, 12, 0, 1
5658, 497680132, 10, 0, 1
11824, 497691956, 34, 0, 1
6138, 497698094, 16, 0, 1
5658, 497703752, 13, 0, 1
5658, 497709410, 11, 0, 1
11812, 497721222, 20, 0, 1
6138, 497727360, 17, 0, 1
5646, 497733006, 14, 0, 1
5651, 497738657, 15, 0, 1
11826, 497750483, 26, 0, 1
6138, 497756621, 14, 0, 1
5658, 497762279, 13, 0, 1
5658, 497767937, 12, 0, 1
11817, 497779754, 30, 0, 1
6145, 497785899, 18, 0, 1
5658, 497791557, 10, 0, 1
5658, 497797215, 8, 0, 1
11818, 497809033, 24, 0, 1
6138, 497815171, 15, 0, 1
5634, 497820805, 24, 0, 1
5646, 497826451, 18, 0, 1
11824, 497838275, 35, 0, 1
6132, 497844407, 22, 0, 1
5658, 497850065, 14, 0, 1
5658, 497855723, 14, 0, 1
11818, 497867541, 24, 0, 1
6145, 497873686, 16, 0, 1
5658, 497879344, 14, 0, 1
5646, 497884990, 19, 0, 1
12272, 497897262, 47, 0, 1
6098, 497903360, 26, 0, 1
6107, 497909467, 28, 0, 1
5658, 497915125, 15, 0, 1
23053, 497938178, 450, 3, 1
6131, 497944309, 28, 0, 1
5652, 497949961, 16, 0, 1
5658, 497955619, 10, 0, 1
13189, 497968808, 53, 0, 1
6138, 497974946, 17, 0, 1
5658, 497980604, 13, 0, 1
5658, 497986262, 12, 0, 1
11830, 497998092, 38, 0, 1
6138, 498004230, 18, 0, 1
5658, 498009888, 16, 0, 1
5658, 498015546, 10, 0, 1
11818, 498027364, 19, 0, 1
6164, 498033528, 19, 0, 1
5658, 498039186, 14, 0, 1
5651, 498044837, 15, 0, 1
11818, 498056655, 21, 0, 1
6138, 498062793, 18, 0, 1
5622, 498068415, 20, 0, 1
5658, 498074073, 12, 0, 1
11831, 498085904, 21, 0, 1
6138, 498092042, 17, 0, 1
6116, 498098158, 20, 0, 1
5658, 498103816, 13, 0, 1
11753, 498115569, 40, 0, 1
6132, 498121701, 21, 0, 1
6098, 498127799, 23, 0, 1
5658, 498133457, 14, 0, 1
11796, 498145253, 26, 0, 1
6132, 498151385, 19, 0, 1
5658, 498157043, 13, 0, 1
5658, 498162701, 13, 0, 1
11830, 498174531, 32, 0, 1
6138, 498180669, 21, 0, 1
5658, 498186327, 13, 0, 1
5658, 498191985, 13, 0, 1
11799, 498203784, 31, 0, 1
6145, 498209929, 14, 0, 1
5646, 498215575, 20, 0, 1
5658, 498221233, 15, 0, 1
11830, 498233063, 24, 0, 1
6138, 498239201, 19, 0, 1
5620, 498244821, 21, 0, 1
5651, 498250472, 15, 0, 1
11773, 498262245, 50, 0, 1
6151, 498268396, 17, 0, 1
5646, 498274042, 15, 0, 1
5658, 498279700, 13, 0, 1
11770, 498291470, 29, 0, 1
6138, 498297608, 16, 0, 1
5658, 498303266, 15, 0, 1
5658, 498308924, 14, 0, 1
11824, 498320748, 29, 0, 1
6132, 498326880, 18, 0, 1
6116, 498332996, 19, 0, 1
7035, 498340031, 34, 0, 1
11796, 498351827, 23, 0, 1
6151, 498357978, 16, 0, 1
5658, 498363636, 13, 0, 1
5652, 498369288, 25, 0, 1
11806, 498381094, 34, 1, 1
6138, 498387232, 17, 0, 1
5640, 498392872, 16, 0, 1
5658, 498398530, 13, 0, 1
11818, 498410348, 42, 0, 1
6131, 498416479, 23, 0, 1
5658, 498422137, 14, 0, 1
5646, 498427783, 19, 0, 1
11805, 498439588, 36, 0, 1
6138, 498445726, 16, 0, 1
5652, 498451378, 15, 0, 1
5658, 498457036, 14, 0, 1
11829, 498468865, 38, 0, 1
6126, 498474991, 20, 0, 1
5658, 498480649, 13, 0, 1
5652, 498486301, 23, 0, 1
11816, 498498117, 39, 0, 1
6151, 498504268, 17, 0, 1
5643, 498509911, 19, 0, 1
5658, 498515569, 10, 0, 1
11818, 498527387, 23, 0, 1
6138, 498533525, 15, 0, 1
5652, 498539177, 15, 0, 1
5658, 498544835, 14, 0, 1
11806, 498556641, 35, 0, 1
6132, 498562773, 19, 0, 1
5658, 498568431, 10, 0, 1
5658, 498574089, 18, 0, 1
11818, 498585907, 23, 0, 1
6145, 498592052, 18, 0, 1
5652, 498597704, 13, 0, 1
5657, 498603361, 16, 0, 1
11818, 498615179, 28, 0, 1
6132, 498621311, 21, 0, 1
5640, 498626951, 16, 0, 1
5658, 498632609, 12, 0, 1
11828, 498644437, 33, 0, 1
6120, 498650557, 19, 0, 1
5652, 498656209, 15, 0, 1
5658, 498661867, 12, 0, 1
11805, 498673672, 31, 0, 1
6132, 498679804, 19, 0, 1
5652, 498685456, 14, 0, 1
5652, 498691108, 19, 0, 1
11836, 498702944, 35, 0, 1
6114, 498709058, 19, 0, 1
7029, 498716087, 32, 0, 1
5658, 498721745, 11, 0, 1
11788, 498733533, 23, 0, 1
6151, 498739684, 16, 0, 1
5658, 498745342, 8, 0, 1
5652, 498750994, 15, 0, 1
11824, 498762818, 25, 0, 1
6138, 498768956, 17, 0, 1
5640, 498774596, 19, 0, 1
5652, 498780248, 16, 0, 1
11819, 498792067, 38, 0, 1
6138, 498798205, 21, 0, 1
5658, 498803863, 14, 0, 1
5646, 498809509, 15, 0, 1
11817, 498821326, 26, 0, 1
6151, 498827477, 18, 0, 1
5658, 498833135, 12, 0, 1
5658, 498838793, 10, 0, 1
11764, 498850557, 35, 0, 1
6132, 498856689, 20, 0, 1
5656, 498862345, 19, 0, 1
5658, 498868003, 14, 0, 1
11771, 498879774, 40, 0, 1
6120, 498885894, 21, 0, 1
5658, 498891552, 8, 0, 1
5652, 498897204, 13, 0, 1
11782, 498908986, 30, 0, 1
6136, 498915122, 25, 0, 1
5658, 498920780, 15, 0, 1
5658, 498926438, 10, 0, 1
11824, 498938262, 37, 0, 1
6139, 498944401, 22, 0, 1
5658, 498950059, 11, 0, 1
5651, 498955710, 15, 0, 1
11818, 498967528, 29, 0, 1
6151, 498973679, 16, 0, 1
5622, 498979301, 18, 0, 1
5658, 498984959, 14, 0, 1
11817, 498996776, 27, 0, 1
6132, 499002908, 18, 0, 1
5657, 499008565, 16, 0, 1
5658, 499014223, 12, 0, 1
11831, 499026054, 22, 0, 1
6096, 499032150, 23, 0, 1
5658, 499037808, 10, 0, 1
5652, 499043460, 18, 0, 1
11824, 499055284, 31, 0, 1
6151, 499061435, 16, 0, 1
5658, 499067093, 10, 0, 1
5651, 499072744, 15, 0, 1
11794, 499084538, 34, 0, 1
7509, 499092047, 27, 0, 1
5652, 499097699, 14, 0, 1
5658, 499103357, 11, 0, 1
11818, 499115175, 28, 0, 1
6138, 499121313, 16, 0, 1
5658, 499126971, 13, 0, 1
5658, 499132629, 15, 0, 1
921817, 500054446, 15375, 456, 5
6721, 500061167, 72, 0, 1
6801, 500067968, 40, 0, 1
6670, 500074638, 33, 0, 1
18518, 500093156, 380, 6, 1
6770, 500099926, 37, 0, 1
6393, 500106319, 19, 0, 1
6106, 500112425, 27, 0, 1
15682, 500128107, 173, 1, 1
