1822242, 1822242, 42157, 72, 4
7882855, 9705097, 84399, 1654, 16
19161081, 28866178, 19266, 1231, 3
19107485, 47973663, 23704, 1558, 3
18972939, 66946602, 18503, 1173, 3
19503357, 86449959, 18402, 525, 3
19381070, 105831029, 18896, 1450, 3
19054590, 124885619, 25117, 2090, 7
18924853, 143810472, 19518, 1187, 3
19677478, 163487950, 18946, 942, 3
19151494, 182639444, 19245, 953, 3
19520037, 202159481, 21968, 1404, 3
19578269, 221737750, 19526, 1639, 3
19530668, 241268418, 19075, 1203, 3
18834539, 260102957, 24412, 1286, 3
19500017, 279602974, 22185, 1020, 3
18935002, 298537976, 20137, 1422, 3
19512816, 318050792, 20207, 1580, 3
19212333, 337263125, 20862, 1445, 3
19680425, 356943550, 21189, 1311, 3
19702060, 376645610, 20428, 1624, 3
19714896, 396360506, 20869, 1204, 3
19692283, 416052789, 20552, 900, 3
19688445, 435741234, 20901, 845, 3
19718719, 455459953, 20757, 1524, 3
19679029, 475138982, 20812, 1702, 3
15640832, 490779814, 30985, 696, 19
5530911, 496310725, 11342, 14, 6
5658, 496316383, 39, 0, 1
5661, 496322044, 25, 0, 1
6159, 496328203, 16, 0, 1
11792, 496339995, 51, 0, 1
5658, 496345653, 14, 0, 1
5658, 496351311, 16, 0, 1
6136, 496357447, 22, 0, 1
11777, 496369224, 35, 0, 1
5658, 496374882, 14, 0, 1
5657, 496380539, 19, 0, 1
6153, 496386692, 17, 0, 1
11797, 496398489, 38, 0, 1
5650, 496404139, 17, 0, 1
5652, 496409791, 16, 0, 1
6160, 496415951, 19, 0, 1
11796, 496427747, 24, 0, 1
5652, 496433399, 15, 0, 1
5651, 496439050, 14, 0, 1
6143, 496445193, 24, 0, 1
11775, 496456968, 30, 0, 1
5658, 496462626, 11, 0, 1
5658, 496468284, 11, 0, 1
6154, 496474438, 17, 0, 1
11809, 496486247, 25, 0, 1
5645, 496491892, 23, 0, 1
5651, 496497543, 18, 0, 1
6154, 496503697, 19, 0, 1
11768, 496515465, 41, 0, 1
5652, 496521117, 20, 0, 1
5658, 496526775, 11, 0, 1
6173, 496532948, 16, 0, 1
11772, 496544720, 37, 0, 1
5658, 496550378, 16, 0, 1
5646, 496556024, 17, 0, 1
6159, 496562183, 22, 0, 1
11796, 496573979, 23, 0, 1
5658, 496579637, 14, 0, 1
5658, 496585295, 12, 0, 1
6173, 496591468, 15, 0, 1
11796, 496603264, 23, 0, 1
5658, 496608922, 12, 0, 1
5658, 496614580, 11, 0, 1
6153, 496620733, 19, 0, 1
11760, 496632493, 38, 0, 1
5658, 496638151, 15, 0, 1
5658, 496643809, 12, 0, 1
6156, 496649965, 28, 0, 1
11788, 496661753, 34, 0, 1
5621, 496667374, 23, 0, 1
7028, 496674402, 102, 0, 1
6167, 496680569, 20, 0, 1
11782, 496692351, 43, 0, 1
5645, 496697996, 18, 0, 1
5658, 496703654, 12, 0, 1
6141, 496709795, 22, 0, 1
11785, 496721580, 29, 0, 1
5651, 496727231, 17, 0, 1
5658, 496732889, 10, 0, 1
6142, 496739031, 25, 0, 1
11770, 496750801, 36, 0, 1
5651, 496756452, 17, 0, 1
5658, 496762110, 9, 0, 1
6199, 496768309, 17, 0, 1
11796, 496780105, 25, 0, 1
5658, 496785763, 17, 0, 1
5651, 496791414, 18, 0, 1
6129, 496797543, 24, 0, 1
11776, 496809319, 55, 0, 1
5658, 496814977, 12, 0, 1
5652, 496820629, 14, 0, 1
6167, 496826796, 19, 0, 1
12966, 496839762, 102, 0, 1
6373, 496846135, 16, 0, 1
6333, 496852468, 18, 0, 1
6617, 496859085, 26, 0, 1
11796, 496870881, 44, 0, 1
6109, 496876990, 24, 0, 1
5658, 496882648, 12, 0, 1
6131, 496888779, 27, 0, 1
12170, 496900949, 40, 0, 1
6116, 496907065, 16, 0, 1
6122, 496913187, 25, 0, 1
6098, 496919285, 19, 0, 1
12213, 496931498, 36, 0, 1
6110, 496937608, 23, 0, 1
6115, 496943723, 21, 0, 1
6109, 496949832, 21, 0, 1
12245, 496962077, 31, 0, 1
6116, 496968193, 17, 0, 1
5657, 496973850, 27, 0, 1
6130, 496979980, 26, 0, 1
12214, 496992194, 37, 0, 1
6104, 496998298, 23, 0, 1
5652, 497003950, 13, 0, 1
6150, 497010100, 37, 0, 1
12975, 497023075, 35, 0, 1
6372, 497029447, 23, 0, 1
6333, 497035780, 16, 0, 1
6617, 497042397, 25, 0, 1
11795, 497054192, 25, 0, 1
7035, 497061227, 32, 0, 1
5652, 497066879, 14, 0, 1
6143, 497073022, 23, 0, 1
11795, 497084817, 28, 0, 1
5656, 497090473, 15, 0, 1
5658, 497096131, 7, 0, 1
11806, 497107937, 27, 0, 1
6145, 497114082, 22, 0, 1
5658, 497119740, 10, 0, 1
5658, 497125398, 10, 0, 1
11798, 497137196, 40, 0, 1
6132, 497143328, 23, 0, 1
5652, 497148980, 10, 0, 1
5651, 497154631, 16, 0, 1
11826, 497166457, 36, 0, 1
6132, 497172589, 16, 0, 1
5651, 497178240, 17, 0, 1
5658, 497183898, 8, 0, 1
11817, 497195715, 28, 0, 1
6151, 497201866, 25, 0, 1
5658, 497207524, 11, 0, 1
5651, 497213175, 16, 0, 1
11799, 497224974, 31, 0, 1
6138, 497231112, 15, 0, 1
5640, 497236752, 17, 0, 1
5658, 497242410, 10, 0, 1
11789, 497254199, 34, 0, 1
6137, 497260336, 27, 0, 1
5651, 497265987, 18, 0, 1
5652, 497271639, 17, 0, 1
11818, 497283457, 28, 0, 1
6143, 497289600, 24, 0, 1
5658, 497295258, 9, 0, 1
5657, 497300915, 13, 0, 1
11788, 497312703, 36, 0, 1
6132, 497318835, 25, 0, 1
5658, 497324493, 13, 0, 1
5657, 497330150, 21, 0, 1
11806, 497341956, 23, 0, 1
6151, 497348107, 16, 0, 1
5646, 497353753, 14, 0, 1
5658, 497359411, 10, 0, 1
11812, 497371223, 25, 0, 1
6119, 497377342, 24, 0, 1
5658, 497383000, 17, 0, 1
5657, 497388657, 14, 0, 1
11806, 497400463, 31, 0, 1
6138, 497406601, 23, 0, 1
5658, 497412259, 11, 0, 1
5658, 497417917, 9, 0, 1
11823, 497429740, 28, 0, 1
7515, 497437255, 35, 0, 1
5634, 497442889, 18, 0, 1
5658, 497448547, 12, 0, 1
11788, 497460335, 31, 0, 1
6126, 497466461, 15, 0, 1
5638, 497472099, 20, 0, 1
5651, 497477750, 14, 0, 1
11798, 497489548, 35, 0, 1
6107, 497495655, 22, 0, 1
5640, 497501295, 16, 0, 1
5657, 497506952, 12, 0, 1
11787, 497518739, 28, 0, 1
6138, 497524877, 20, 0, 1
5640, 497530517, 14, 0, 1
5646, 497536163, 16, 0, 1
11812, 497547975, 36, 0, 1
6126, 497554101, 20, 0, 1
5628, 497559729, 12, 0, 1
5651, 497565380, 16, 0, 1
11810, 497577190, 29, 0, 1
17420, 497594610, 422, 1, 1
5656, 497600266, 24, 0, 1
5658, 497605924, 11, 0, 1
11787, 497617711, 39, 0, 1
6108, 497623819, 23, 0, 1
5652, 497629471, 11, 0, 1
5645, 497635116, 15, 0, 1
11818, 497646934, 22, 0, 1
6138, 497653072, 17, 0, 1
5658, 497658730, 7, 0, 1
5652, 497664382, 13, 0, 1
11809, 497676191, 40, 0, 1
6151, 497682342, 19, 0, 1
5658, 497688000, 19, 0, 1
5646, 497693646, 14, 0, 1
11799, 497705445, 34, 0, 1
6137, 497711582, 21, 0, 1
5658, 497717240, 10, 0, 1
5646, 497722886, 15, 0, 1
11806, 497734692, 40, 0, 1
6142, 497740834, 24, 0, 1
6104, 497746938, 22, 0, 1
5640, 497752578, 13, 0, 1
11783, 497764361, 32, 0, 1
6138, 497770499, 22, 0, 1
5658, 497776157, 11, 0, 1
5652, 497781809, 15, 0, 1
11812, 497793621, 37, 0, 1
6137, 497799758, 22, 0, 1
5658, 497805416, 13, 0, 1
5646, 497811062, 14, 0, 1
13182, 497824244, 48, 0, 1
6152, 497830396, 24, 0, 1
5658, 497836054, 8, 0, 1
5658, 497841712, 8, 0, 1
11806, 497853518, 33, 0, 1
6133, 497859651, 36, 0, 1
5658, 497865309, 21, 0, 1
5651, 497870960, 19, 0, 1
11801, 497882761, 28, 0, 1
6138, 497888899, 18, 0, 1
5656, 497894555, 21, 0, 1
5658, 497900213, 9, 0, 1
11785, 497911998, 36, 0, 1
6156, 497918154, 24, 0, 1
5652, 497923806, 14, 0, 1
5644, 497929450, 18, 0, 1
11806, 497941256, 31, 0, 1
6126, 497947382, 20, 0, 1
5640, 497953022, 16, 0, 1
5658, 497958680, 14, 0, 1
11822, 497970502, 26, 0, 1
6126, 497976628, 21, 0, 1
5652, 497982280, 13, 0, 1
5652, 497987932, 14, 0, 1
11775, 497999707, 33, 0, 1
6132, 498005839, 14, 0, 1
5628, 498011467, 17, 0, 1
5658, 498017125, 14, 0, 1
11812, 498028937, 40, 0, 1
6132, 498035069, 20, 0, 1
5652, 498040721, 15, 0, 1
5657, 498046378, 19, 0, 1
11805, 498058183, 27, 0, 1
6151, 498064334, 17, 0, 1
5646, 498069980, 14, 0, 1
5651, 498075631, 15, 0, 1
11794, 498087425, 25, 0, 1
6138, 498093563, 17, 0, 1
5652, 498099215, 12, 0, 1
5639, 498104854, 18, 0, 1
11817, 498116671, 30, 0, 1
6138, 498122809, 19, 0, 1
5652, 498128461, 18, 0, 1
5658, 498134119, 13, 0, 1
11797, 498145916, 37, 0, 1
6150, 498152066, 18, 0, 1
5646, 498157712, 15, 0, 1
5652, 498163364, 17, 0, 1
11799, 498175163, 28, 0, 1
6137, 498181300, 20, 0, 1
5658, 498186958, 11, 0, 1
7034, 498193992, 34, 0, 1
11792, 498205784, 38, 0, 1
6126, 498211910, 21, 0, 1
5658, 498217568, 10, 0, 1
5651, 498223219, 18, 0, 1
11804, 498235023, 38, 0, 1
6132, 498241155, 22, 0, 1
5658, 498246813, 14, 0, 1
5658, 498252471, 12, 0, 1
11831, 498264302, 29, 0, 1
6138, 498270440, 15, 0, 1
5651, 498276091, 16, 0, 1
5652, 498281743, 19, 0, 1
11818, 498293561, 25, 0, 1
6158, 498299719, 18, 0, 1
5651, 498305370, 18, 0, 1
5652, 498311022, 15, 0, 1
11800, 498322822, 28, 0, 1
6138, 498328960, 18, 0, 1
5652, 498334612, 18, 0, 1
5658, 498340270, 12, 0, 1
11819, 498352089, 29, 0, 1
6138, 498358227, 17, 0, 1
5656, 498363883, 20, 0, 1
5658, 498369541, 14, 0, 1
11785, 498381326, 44, 0, 1
7027, 498388353, 79, 1, 1
5658, 498394011, 13, 0, 1
5655, 498399666, 19, 0, 1
11806, 498411472, 30, 0, 1
6138, 498417610, 22, 0, 1
5652, 498423262, 17, 0, 1
5658, 498428920, 12, 0, 1
11810, 498440730, 42, 0, 1
6131, 498446861, 25, 0, 1
5634, 498452495, 21, 0, 1
5651, 498458146, 18, 0, 1
11805, 498469951, 35, 0, 1
6120, 498476071, 22, 0, 1
5651, 498481722, 18, 0, 1
5658, 498487380, 13, 0, 1
11817, 498499197, 42, 0, 1
6132, 498505329, 22, 0, 1
5658, 498510987, 12, 0, 1
5651, 498516638, 17, 0, 1
11818, 498528456, 29, 0, 1
6151, 498534607, 16, 0, 1
5658, 498540265, 11, 0, 1
566082, 499106347, 10232, 130, 5
358911, 499465258, 5631, 88, 1
6395, 499471653, 67, 0, 1
10524, 499482177, 350, 8, 1
6385, 499488562, 40, 0, 1
14785, 499503347, 73, 5, 1
7792, 499511139, 125, 1, 1
6662, 499517801, 24, 0, 1
7078, 499524879, 40, 1, 1
2555181, 2555181, 54790, 131, 4
10585105, 13140286, 75105, 1820, 8
19450344, 32590630, 19152, 1243, 3
19219876, 51810506, 21477, 1305, 3
19202109, 71012615, 20873, 1452, 3
19684666, 90697281, 17714, 870, 3
19529087, 110226368, 18336, 1048, 3
19184483, 129410851, 25026, 1998, 3
18972171, 148383022, 19169, 873, 3
19804757, 168187779, 18672, 1188, 3
19339545, 187527324, 19615, 962, 3
19555369, 207082693, 21586, 1538, 3
19661175, 226743868, 19429, 1581, 3
19626566, 246370434, 18882, 1150, 3
18802890, 265173324, 24805, 1123, 3
19430498, 284603822, 19440, 1542, 3
18909956, 303513778, 18397, 778, 3
19683417, 323197195, 18793, 1733, 3
19817606, 343014801, 19046, 1601, 3
19714508, 362729309, 18622, 1256, 3
19821740, 382551049, 18406, 1462, 3
19700268, 402251317, 18275, 1016, 3
19804420, 422055737, 18300, 1119, 3
19680774, 441736511, 19122, 970, 3
19707461, 461443972, 18405, 1684, 3
19686820, 481130792, 18470, 1752, 3
12098470, 493229262, 29367, 153, 19
3041284, 496270546, 7623, 14, 5
5652, 496276198, 22, 0, 1
5658, 496281856, 15, 0, 1
6125, 496287981, 21, 0, 1
11778, 496299759, 27, 0, 1
5657, 496305416, 15, 0, 1
5640, 496311056, 14, 0, 1
6160, 496317216, 17, 0, 1
11765, 496328981, 35, 0, 1
5651, 496334632, 17, 0, 1
5652, 496340284, 16, 0, 1
6160, 496346444, 16, 0, 1
11788, 496358232, 43, 0, 1
5639, 496363871, 19, 0, 1
5658, 496369529, 11, 0, 1
6161, 496375690, 25, 0, 1
11776, 496387466, 40, 0, 1
5651, 496393117, 14, 0, 1
5641, 496398758, 22, 0, 1
7537, 496406295, 103, 0, 1
11798, 496418093, 44, 0, 1
5652, 496423745, 21, 0, 1
5658, 496429403, 10, 0, 1
6167, 496435570, 17, 0, 1
11803, 496447373, 38, 0, 1
5658, 496453031, 10, 0, 1
5657, 496458688, 25, 0, 1
6135, 496464823, 22, 0, 1
11781, 496476604, 53, 0, 1
5658, 496482262, 9, 0, 1
5658, 496487920, 10, 0, 1
6160, 496494080, 18, 0, 1
11753, 496505833, 31, 0, 1
5645, 496511478, 19, 0, 1
5658, 496517136, 11, 0, 1
6154, 496523290, 20, 0, 1
11796, 496535086, 20, 0, 1
5633, 496540719, 17, 0, 1
5644, 496546363, 16, 0, 1
6160, 496552523, 14, 0, 1
11761, 496564284, 29, 0, 1
5651, 496569935, 14, 0, 1
5637, 496575572, 19, 0, 1
6160, 496581732, 15, 0, 1
11758, 496593490, 28, 0, 1
5644, 496599134, 22, 0, 1
5658, 496604792, 12, 0, 1
6149, 496610941, 26, 0, 1
11763, 496622704, 42, 0, 1
5650, 496628354, 24, 0, 1
5657, 496634011, 16, 0, 1
6160, 496640171, 16, 0, 1
11809, 496651980, 32, 0, 1
5628, 496657608, 13, 0, 1
5652, 496663260, 12, 0, 1
6139, 496669399, 21, 0, 1
11796, 496681195, 30, 0, 1
5616, 496686811, 18, 0, 1
5650, 496692461, 22, 0, 1
6173, 496698634, 17, 0, 1
11776, 496710410, 28, 0, 1
5633, 496716043, 18, 0, 1
5646, 496721689, 18, 0, 1
6160, 496727849, 15, 0, 1
11805, 496739654, 41, 0, 1
5663, 496745317, 18, 0, 1
5658, 496750975, 8, 0, 1
6136, 496757111, 26, 0, 1
11772, 496768883, 30, 0, 1
5657, 496774540, 13, 0, 1
7011, 496781551, 45, 0, 1
6674, 496788225, 56, 0, 1
12961, 496801186, 45, 0, 1
6296, 496807482, 22, 0, 1
5638, 496813120, 26, 0, 1
6623, 496819743, 22, 0, 1
11784, 496831527, 27, 0, 1
6104, 496837631, 23, 0, 1
5652, 496843283, 13, 0, 1
6144, 496849427, 22, 0, 1
12208, 496861635, 32, 0, 1
6119, 496867754, 27, 0, 1
6090, 496873844, 26, 0, 1
6115, 496879959, 27, 0, 1
12203, 496892162, 36, 0, 1
6079, 496898241, 24, 0, 1
6090, 496904331, 26, 0, 1
6104, 496910435, 23, 0, 1
12187, 496922622, 48, 1, 1
6110, 496928732, 14, 0, 1
5640, 496934372, 14, 0, 1
6151, 496940523, 16, 0, 1
12220, 496952743, 34, 0, 1
6089, 496958832, 27, 0, 1
5661, 496964493, 19, 0, 1
6124, 496970617, 25, 0, 1
11772, 496982389, 43, 0, 1
5658, 496988047, 9, 0, 1
5650, 496993697, 21, 0, 1
6174, 496999871, 19, 0, 1
11781, 497011652, 39, 0, 1
5657, 497017309, 18, 0, 1
5666, 497022975, 24, 0, 1
6146, 497029121, 23, 0, 1
11809, 497040930, 22, 0, 1
5648, 497046578, 24, 0, 1
5669, 497052247, 27, 0, 1
6160, 497058407, 26, 0, 1
11763, 497070170, 42, 0, 1
5658, 497075828, 10, 0, 1
5658, 497081486, 15, 0, 1
6156, 497087642, 21, 0, 1
11769, 497099411, 34, 0, 1
5634, 497105045, 14, 0, 1
5652, 497110697, 13, 0, 1
6117, 497116814, 25, 0, 1
11802, 497128616, 41, 0, 1
5652, 497134268, 12, 0, 1
5652, 497139920, 12, 0, 1
6147, 497146067, 23, 0, 1
11783, 497157850, 25, 0, 1
7038, 497164888, 37, 0, 1
5649, 497170537, 27, 0, 1
11806, 497182343, 33, 0, 1
6145, 497188488, 19, 0, 1
5652, 497194140, 20, 0, 1
5658, 497199798, 13, 0, 1
11788, 497211586, 33, 0, 1
6100, 497217686, 25, 0, 1
5646, 497223332, 12, 0, 1
5655, 497228987, 17, 0, 1
11817, 497240804, 30, 0, 1
6138, 497246942, 18, 0, 1
5622, 497252564, 18, 0, 1
5651, 497258215, 13, 0, 1
11786, 497270001, 34, 0, 1
6127, 497276128, 18, 0, 1
5658, 497281786, 12, 0, 1
5658, 497287444, 10, 0, 1
11804, 497299248, 37, 0, 1
6138, 497305386, 20, 0, 1
5658, 497311044, 11, 0, 1
5658, 497316702, 9, 0, 1
11819, 497328521, 30, 0, 1
6113, 497334634, 23, 0, 1
5658, 497340292, 17, 0, 1
5651, 497345943, 13, 0, 1
11792, 497357735, 35, 0, 1
6146, 497363881, 19, 0, 1
5658, 497369539, 14, 0, 1
5658, 497375197, 12, 0, 1
11785, 497386982, 33, 0, 1
6132, 497393114, 22, 0, 1
5640, 497398754, 15, 0, 1
5651, 497404405, 15, 0, 1
11794, 497416199, 35, 0, 1
6138, 497422337, 17, 0, 1
5657, 497427994, 20, 0, 1
5658, 497433652, 12, 0, 1
11793, 497445445, 39, 0, 1
6107, 497451552, 23, 0, 1
5634, 497457186, 19, 0, 1
5651, 497462837, 14, 0, 1
11793, 497474630, 32, 0, 1
6132, 497480762, 22, 0, 1
5658, 497486420, 10, 0, 1
5651, 497492071, 14, 0, 1
11798, 497503869, 36, 0, 1
6139, 497510008, 20, 0, 1
5658, 497515666, 12, 0, 1
5650, 497521316, 15, 0, 1
11817, 497533133, 28, 0, 1
7515, 497540648, 30, 0, 1
5651, 497546299, 20, 0, 1
5658, 497551957, 11, 0, 1
11831, 497563788, 31, 0, 1
6138, 497569926, 17, 0, 1
5658, 497575584, 13, 0, 1
5650, 497581234, 17, 0, 1
11805, 497593039, 32, 0, 1
15208, 497608247, 316, 0, 1
5645, 497613892, 40, 0, 1
5657, 497619549, 17, 0, 1
11792, 497631341, 35, 0, 1
6131, 497637472, 29, 0, 1
5658, 497643130, 11, 0, 1
5655, 497648785, 16, 0, 1
11789, 497660574, 31, 0, 1
6138, 497666712, 16, 0, 1
5651, 497672363, 21, 0, 1
5657, 497678020, 13, 0, 1
11793, 497689813, 37, 0, 1
6112, 497695925, 21, 0, 1
6105, 497702030, 23, 0, 1
5640, 497707670, 14, 0, 1
11784, 497719454, 27, 0, 1
6120, 497725574, 18, 0, 1
5664, 497731238, 16, 0, 1
5658, 497736896, 16, 0, 1
11827, 497748723, 44, 0, 1
7014, 497755737, 91, 1, 1
5646, 497761383, 15, 0, 1
5646, 497767029, 11, 0, 1
11810, 497778839, 35, 0, 1
6132, 497784971, 26, 0, 1
5658, 497790629, 11, 0, 1
5646, 497796275, 14, 0, 1
11804, 497808079, 38, 0, 1
6126, 497814205, 20, 0, 1
5657, 497819862, 19, 0, 1
5652, 497825514, 14, 0, 1
11802, 497837316, 35, 0, 1
6145, 497843461, 17, 0, 1
5658, 497849119, 12, 0, 1
5658, 497854777, 8, 0, 1
11814, 497866591, 45, 0, 1
6126, 497872717, 16, 0, 1
5574, 497878291, 12, 0, 1
5652, 497883943, 19, 0, 1
11812, 497895755, 28, 0, 1
6132, 497901887, 18, 0, 1
5639, 497907526, 16, 0, 1
5652, 497913178, 14, 0, 1
13176, 497926354, 46, 0, 1
6145, 497932499, 18, 0, 1
5652, 497938151, 14, 0, 1
5650, 497943801, 15, 0, 1
11830, 497955631, 32, 0, 1
6132, 497961763, 21, 0, 1
5658, 497967421, 15, 0, 1
5658, 497973079, 11, 0, 1
11800, 497984879, 38, 0, 1
6114, 497990993, 21, 0, 1
5646, 497996639, 14, 0, 1
5646, 498002285, 17, 0, 1
11805, 498014090, 24, 0, 1
6138, 498020228, 19, 0, 1
5663, 498025891, 34, 0, 1
5658, 498031549, 11, 0, 1
11805, 498043354, 35, 0, 1
6126, 498049480, 20, 0, 1
5658, 498055138, 8, 0, 1
5657, 498060795, 17, 0, 1
11798, 498072593, 31, 0, 1
6151, 498078744, 19, 0, 1
5658, 498084402, 11, 0, 1
5658, 498090060, 9, 0, 1
11802, 498101862, 36, 0, 1
6132, 498107994, 22, 0, 1
5658, 498113652, 12, 0, 1
5651, 498119303, 17, 0, 1
11831, 498131134, 32, 0, 1
6138, 498137272, 18, 0, 1
5658, 498142930, 12, 0, 1
5658, 498148588, 10, 0, 1
11757, 498160345, 41, 0, 1
6137, 498166482, 24, 0, 1
5652, 498172134, 14, 0, 1
5651, 498177785, 17, 0, 1
11818, 498189603, 33, 0, 1
6127, 498195730, 17, 0, 1
5652, 498201382, 13, 0, 1
5658, 498207040, 8, 0, 1
11781, 498218821, 39, 0, 1
6151, 498224972, 14, 0, 1
5652, 498230624, 13, 0, 1
5657, 498236281, 17, 0, 1
11805, 498248086, 27, 0, 1
6132, 498254218, 21, 0, 1
5651, 498259869, 15, 0, 1
5657, 498265526, 15, 0, 1
11817, 498277343, 41, 0, 1
6136, 498283479, 22, 0, 1
5652, 498289131, 10, 0, 1
5651, 498294782, 17, 0, 1
13182, 498307964, 49, 0, 1
6150, 498314114, 21, 0, 1
5658, 498319772, 11, 0, 1
5657, 498325429, 16, 0, 1
11781, 498337210, 36, 0, 1
6132, 498343342, 22, 0, 1
5652, 498348994, 13, 0, 1
5651, 498354645, 19, 0, 1
11801, 498366446, 30, 0, 1
6132, 498372578, 19, 0, 1
5640, 498378218, 16, 0, 1
5658, 498383876, 11, 0, 1
11785, 498395661, 38, 0, 1
6132, 498401793, 21, 0, 1
5652, 498407445, 19, 0, 1
5644, 498413089, 16, 0, 1
11817, 498424906, 30, 0, 1
6126, 498431032, 20, 0, 1
5658, 498436690, 10, 0, 1
5658, 498442348, 10, 0, 1
11817, 498454165, 40, 0, 1
6132, 498460297, 21, 0, 1
5651, 498465948, 15, 0, 1
5644, 498471592, 17, 0, 1
11803, 498483395, 26, 0, 1
6138, 498489533, 16, 0, 1
5658, 498495191, 14, 0, 1
5658, 498500849, 13, 0, 1
898561, 499399410, 15372, 224, 5
6706, 499406116, 54, 0, 1
6434, 499412550, 28, 0, 1
6813, 499419363, 65, 0, 1
18869, 499438232, 411, 13, 1
6753, 499444985, 33, 0, 1
6662, 499451647, 21, 0, 1
7988, 499459635, 148, 1, 1
3006904, 3006904, 58913, 144, 14
10790833, 13797737, 71393, 1775, 8
19431303, 33229040, 19538, 1225, 3
18567453, 51796493, 24882, 1294, 3
19342100, 71138593, 20223, 1321, 3
19666714, 90805307, 20575, 893, 3
19489180, 110294487, 20783, 1054, 3
18485601, 128780088, 27361, 1950, 7
19094247, 147874335, 20972, 1010, 3
19799136, 167673471, 21508, 1111, 3
19583468, 187256939, 22846, 1060, 3
19468858, 206725797, 22047, 1555, 3
19662499, 226388296, 21404, 1598, 3
19574202, 245962498, 21243, 1192, 3
18201095, 264163593, 25838, 1222, 3
19454790, 283618383, 20054, 1348, 3
19324488, 302942871, 19034, 1014, 3
19691331, 322634202, 19118, 1694, 3
19802858, 342437060, 19476, 1660, 3
19741303, 362178363, 19348, 1176, 3
19751792, 381930155, 19633, 1592, 3
19698713, 401628868, 19032, 949, 3
19780703, 421409571, 19038, 1196, 3
19727406, 441136977, 20040, 951, 3
19627621, 460764598, 19142, 1559, 3
19621818, 480386416, 20608, 1663, 3
12569603, 492956019, 29764, 297, 19
3431805, 496387824, 7993, 11, 6
5652, 496393476, 21, 0, 1
5652, 496399128, 14, 0, 1
6154, 496405282, 23, 0, 1
11803, 496417085, 27, 0, 1
5644, 496422729, 16, 0, 1
5652, 496428381, 13, 0, 1
6122, 496434503, 23, 0, 1
11748, 496446251, 28, 0, 1
5651, 496451902, 14, 0, 1
5674, 496457576, 37, 0, 1
6173, 496463749, 18, 0, 1
11796, 496475545, 22, 0, 1
5628, 496481173, 16, 0, 1
5638, 496486811, 21, 0, 1
6112, 496492923, 24, 0, 1
11800, 496504723, 41, 0, 1
5658, 496510381, 9, 0, 1
5658, 496516039, 14, 0, 1
6160, 496522199, 17, 0, 1
11771, 496533970, 31, 0, 1
5634, 496539604, 24, 0, 1
5658, 496545262, 10, 0, 1
6125, 496551387, 25, 0, 1
11796, 496563183, 25, 0, 1
5652, 496568835, 13, 0, 1
5658, 496574493, 10, 0, 1
6160, 496580653, 13, 0, 1
11787, 496592440, 30, 0, 1
5632, 496598072, 16, 0, 1
5656, 496603728, 17, 0, 1
6186, 496609914, 17, 0, 1
11790, 496621704, 24, 0, 1
5645, 496627349, 24, 0, 1
5652, 496633001, 12, 0, 1
6160, 496639161, 13, 0, 1
11801, 496650962, 52, 0, 1
7029, 496657991, 81, 0, 1
5631, 496663622, 21, 0, 1
6151, 496669773, 25, 0, 1
11788, 496681561, 50, 0, 1
5634, 496687195, 15, 0, 1
5632, 496692827, 21, 0, 1
6125, 496698952, 21, 0, 1
11817, 496710769, 39, 0, 1
5658, 496716427, 13, 0, 1
5658, 496722085, 10, 0, 1
6160, 496728245, 13, 0, 1
11786, 496740031, 44, 0, 1
5658, 496745689, 11, 0, 1
5658, 496751347, 11, 0, 1
6141, 496757488, 21, 0, 1
11777, 496769265, 39, 0, 1
5646, 496774911, 15, 0, 1
5658, 496780569, 9, 0, 1
6135, 496786704, 25, 0, 1
11765, 496798469, 39, 0, 1
5641, 496804110, 22, 0, 1
5658, 496809768, 9, 0, 1
6154, 496815922, 20, 0, 1
11796, 496827718, 27, 0, 1
5663, 496833381, 18, 0, 1
5651, 496839032, 17, 0, 1
6167, 496845199, 18, 0, 1
11752, 496856951, 31, 0, 1
5634, 496862585, 21, 0, 1
5658, 496868243, 8, 0, 1
6160, 496874403, 19, 0, 1
11797, 496886200, 29, 0, 1
5652, 496891852, 20, 0, 1
5658, 496897510, 9, 0, 1
6645, 496904155, 77, 0, 1
13690, 496917845, 71, 0, 1
6371, 496924216, 24, 0, 1
6344, 496930560, 27, 0, 1
6600, 496937160, 27, 0, 1
11754, 496948914, 31, 0, 1
6116, 496955030, 30, 0, 1
5658, 496960688, 12, 0, 1
6148, 496966836, 36, 0, 1
12257, 496979093, 31, 0, 1
6110, 496985203, 18, 0, 1
6108, 496991311, 23, 0, 1
12225, 497003536, 33, 0, 1
6104, 497009640, 16, 0, 1
6116, 497015756, 14, 0, 1
6097, 497021853, 25, 0, 1
12221, 497034074, 37, 0, 1
7493, 497041567, 27, 0, 1
6116, 497047683, 18, 0, 1
5644, 497053327, 25, 0, 1
12253, 497065580, 29, 0, 1
6116, 497071696, 13, 0, 1
6116, 497077812, 27, 0, 1
5658, 497083470, 13, 0, 1
11773, 497095243, 40, 0, 1
6120, 497101363, 18, 0, 1
5644, 497107007, 24, 0, 1
5649, 497112656, 18, 0, 1
11783, 497124439, 34, 1, 1
14765, 497139204, 300, 23, 1
5658, 497144862, 34, 0, 1
5650, 497150512, 18, 0, 1
11803, 497162315, 36, 0, 1
6138, 497168453, 15, 0, 1
5636, 497174089, 23, 0, 1
5649, 497179738, 26, 0, 1
11800, 497191538, 29, 0, 1
6126, 497197664, 24, 0, 1
5636, 497203300, 22, 0, 1
5658, 497208958, 12, 0, 1
11792, 497220750, 30, 0, 1
6139, 497226889, 21, 0, 1
5633, 497232522, 16, 0, 1
5652, 497238174, 14, 0, 1
11795, 497249969, 35, 0, 1
6138, 497256107, 17, 0, 1
5636, 497261743, 22, 0, 1
5656, 497267399, 31, 0, 1
12680, 497280079, 115, 0, 1
6148, 497286227, 26, 0, 1
5645, 497291872, 20, 0, 1
5658, 497297530, 16, 0, 1
11794, 497309324, 47, 0, 1
6138, 497315462, 19, 0, 1
5658, 497321120, 11, 0, 1
5658, 497326778, 15, 0, 1
11804, 497338582, 32, 0, 1
6138, 497344720, 14, 0, 1
5634, 497350354, 15, 0, 1
5652, 497356006, 13, 0, 1
11800, 497367806, 25, 0, 1
6169, 497373975, 26, 0, 1
5658, 497379633, 11, 0, 1
5652, 497385285, 12, 0, 1
11812, 497397097, 28, 0, 1
6138, 497403235, 18, 0, 1
5637, 497408872, 21, 0, 1
5649, 497414521, 28, 0, 1
13196, 497427717, 52, 0, 1
6138, 497433855, 20, 0, 1
5640, 497439495, 19, 0, 1
5650, 497445145, 21, 0, 1
11790, 497456935, 34, 0, 1
6158, 497463093, 19, 0, 1
5642, 497468735, 27, 0, 1
5658, 497474393, 15, 0, 1
11788, 497486181, 28, 0, 1
6138, 497492319, 19, 0, 1
5610, 497497929, 17, 0, 1
5669, 497503598, 26, 0, 1
11818, 497515416, 28, 0, 1
6134, 497521550, 28, 0, 1
5652, 497527202, 17, 0, 1
5652, 497532854, 16, 0, 1
11784, 497544638, 50, 0, 1
6138, 497550776, 17, 0, 1
5652, 497556428, 13, 0, 1
5686, 497562114, 24, 0, 1
11806, 497573920, 35, 0, 1
6120, 497580040, 17, 0, 1
5656, 497585696, 32, 0, 1
5658, 497591354, 12, 0, 1
11803, 497603157, 34, 0, 1
6132, 497609289, 26, 0, 1
5642, 497614931, 19, 0, 1
5639, 497620570, 21, 0, 1
11783, 497632353, 49, 0, 1
6138, 497638491, 19, 0, 1
5621, 497644112, 19, 0, 1
5662, 497649774, 29, 0, 1
11794, 497661568, 39, 0, 1
6138, 497667706, 19, 0, 1
5658, 497673364, 9, 0, 1
5652, 497679016, 23, 0, 1
11792, 497690808, 36, 0, 1
6144, 497696952, 33, 0, 1
5640, 497702592, 15, 0, 1
5616, 497708208, 21, 0, 1
11801, 497720009, 45, 0, 1
6142, 497726151, 29, 0, 1
5652, 497731803, 12, 0, 1
5658, 497737461, 10, 0, 1
11799, 497749260, 38, 0, 1
6120, 497755380, 17, 0, 1
5650, 497761030, 29, 0, 1
5658, 497766688, 11, 0, 1
11794, 497778482, 27, 0, 1
6126, 497784608, 21, 0, 1
5631, 497790239, 22, 0, 1
5642, 497795881, 23, 0, 1
13192, 497809073, 45, 0, 1
6138, 497815211, 16, 0, 1
5656, 497820867, 23, 0, 1
5633, 497826500, 25, 0, 1
11818, 497838318, 25, 0, 1
6150, 497844468, 25, 0, 1
5658, 497850126, 12, 0, 1
5628, 497855754, 20, 0, 1
11789, 497867543, 43, 0, 1
6138, 497873681, 16, 0, 1
5645, 497879326, 20, 0, 1
5658, 497884984, 11, 0, 1
20958, 497905942, 306, 0, 1
6138, 497912080, 20, 0, 1
5649, 497917729, 26, 0, 1
5658, 497923387, 13, 0, 1
11809, 497935196, 38, 0, 1
6141, 497941337, 30, 0, 1
5652, 497946989, 15, 0, 1
5657, 497952646, 16, 0, 1
11780, 497964426, 30, 0, 1
6138, 497970564, 16, 0, 1
5622, 497976186, 19, 0, 1
5658, 497981844, 20, 0, 1
11779, 497993623, 40, 0, 1
6138, 497999761, 19, 0, 1
5642, 498005403, 24, 0, 1
5658, 498011061, 15, 0, 1
11801, 498022862, 44, 0, 1
6138, 498029000, 16, 0, 1
5652, 498034652, 11, 0, 1
5658, 498040310, 22, 0, 1
11794, 498052104, 35, 0, 1
6138, 498058242, 14, 0, 1
5657, 498063899, 27, 0, 1
5658, 498069557, 11, 0, 1
11794, 498081351, 37, 0, 1
6137, 498087488, 29, 0, 1
5628, 498093116, 15, 0, 1
5658, 498098774, 12, 0, 1
11787, 498110561, 39, 0, 1
6138, 498116699, 16, 0, 1
5652, 498122351, 16, 0, 1
5622, 498127973, 21, 0, 1
11810, 498139783, 47, 0, 1
6138, 498145921, 16, 0, 1
5658, 498151579, 14, 0, 1
5664, 498157243, 24, 0, 1
11809, 498169052, 37, 0, 1
6151, 498175203, 12, 0, 1
5639, 498180842, 16, 0, 1
7035, 498187877, 29, 0, 1
11817, 498199694, 30, 0, 1
6145, 498205839, 14, 0, 1
5650, 498211489, 20, 0, 1
5657, 498217146, 30, 0, 1
11762, 498228908, 38, 0, 1
6132, 498235040, 20, 0, 1
5615, 498240655, 19, 0, 1
5666, 498246321, 23, 0, 1
11818, 498258139, 21, 0, 1
6138, 498264277, 14, 0, 1
5628, 498269905, 16, 0, 1
5646, 498275551, 12, 0, 1
11810, 498287361, 38, 0, 1
6101, 498293462, 25, 0, 1
5616, 498299078, 15, 0, 1
5658, 498304736, 10, 0, 1
11779, 498316515, 31, 0, 1
6151, 498322666, 17, 0, 1
5630, 498328296, 23, 0, 1
5648, 498333944, 24, 0, 1
11779, 498345723, 37, 0, 1
6138, 498351861, 19, 0, 1
5658, 498357519, 12, 0, 1
5662, 498363181, 23, 0, 1
11816, 498374997, 33, 0, 1
6106, 498381103, 25, 0, 1
5645, 498386748, 19, 0, 1
5658, 498392406, 10, 0, 1
11761, 498404167, 38, 0, 1
6155, 498410322, 31, 0, 1
5658, 498415980, 18, 0, 1
5658, 498421638, 9, 0, 1
11782, 498433420, 41, 0, 1
6113, 498439533, 24, 0, 1
5652, 498445185, 14, 0, 1
5658, 498450843, 16, 0, 1
11821, 498462664, 47, 0, 1
6138, 498468802, 17, 0, 1
5652, 498474454, 20, 0, 1
5643, 498480097, 20, 0, 1
11790, 498491887, 41, 0, 1
6138, 498498025, 15, 0, 1
5652, 498503677, 11, 0, 1
5632, 498509309, 25, 0, 1
11780, 498521089, 46, 0, 1
6132, 498527221, 31, 0, 1
5658, 498532879, 12, 0, 1
5658, 498538537, 12, 0, 1
11782, 498550319, 34, 0, 1
6123, 498556442, 27, 0, 1
7034, 498563476, 29, 0, 1
5658, 498569134, 12, 0, 1
11818, 498580952, 24, 0, 1
6138, 498587090, 18, 0, 1
5651, 498592741, 25, 0, 1
5658, 498598399, 11, 0, 1
11830, 498610229, 35, 0, 1
6138, 498616367, 19, 0, 1
5641, 498622008, 23, 0, 1
5658, 498627666, 19, 0, 1
11811, 498639477, 37, 0, 1
6120, 498645597, 22, 0, 1
901122, 499546719, 15247, 253, 5
6683, 499553402, 72, 0, 1
18932, 499572334, 438, 7, 1
6668, 499579002, 36, 0, 1
6712, 499585714, 27, 0, 1
6648, 499592362, 25, 0, 1
14603, 499606965, 184, 2, 1
6122, 499613087, 33, 0, 1
3060328, 3060328, 60358, 149, 14
11082476, 14142804, 69440, 1801, 8
19442522, 33585326, 18974, 1198, 3
19268747, 52854073, 20842, 1253, 3
19043136, 71897209, 22176, 1322, 3
19601659, 91498868, 18427, 847, 3
19654984, 111153852, 18068, 1178, 3
18705046, 129858898, 25032, 1868, 3
19244501, 149103399, 19369, 779, 3
19834689, 168938088, 19195, 1225, 3
19316931, 188255019, 20862, 872, 3
19731499, 207986518, 18955, 1459, 3
19615949, 227602467, 19782, 1761, 3
19647416, 247249883, 19938, 1139, 3
18798668, 266048551, 24222, 1040, 3
19284494, 285333045, 19082, 1514, 3
19113417, 304446462, 20255, 746, 3
19640852, 324087314, 19139, 1801, 3
19842515, 343929829, 19471, 1576, 3
19719305, 363649134, 19012, 1291, 3
19844921, 383494055, 19205, 1336, 3
19714310, 403208365, 19045, 1076, 3
19819849, 423028214, 18990, 951, 3
19751035, 442779249, 19181, 954, 3
19703394, 462482643, 19610, 1662, 3
19750808, 482233451, 19394, 1686, 3
11467630, 493701081, 28517, 51, 19
2616695, 496317776, 6443, 12, 5
11755, 496329531, 52, 0, 1
6137, 496335668, 30, 0, 1
5657, 496341325, 20, 0, 1
5658, 496346983, 14, 0, 1
11781, 496358764, 48, 0, 1
6127, 496364891, 22, 0, 1
5620, 496370511, 21, 0, 1
5658, 496376169, 14, 0, 1
13159, 496389328, 110, 0, 1
6137, 496395465, 33, 0, 1
5658, 496401123, 12, 0, 1
5658, 496406781, 12, 0, 1
11799, 496418580, 47, 0, 1
6138, 496424718, 18, 0, 1
5631, 496430349, 24, 0, 1
5637, 496435986, 21, 0, 1
11788, 496447774, 44, 0, 1
6164, 496453938, 17, 0, 1
5646, 496459584, 18, 0, 1
5627, 496465211, 20, 0, 1
11808, 496477019, 48, 0, 1
6138, 496483157, 19, 0, 1
5653, 496488810, 21, 0, 1
5658, 496494468, 12, 0, 1
20870, 496515338, 366, 1, 1
6132, 496521470, 23, 0, 1
5616, 496527086, 21, 0, 1
5640, 496532726, 16, 0, 1
11808, 496544534, 43, 0, 1
6102, 496550636, 29, 0, 1
5626, 496556262, 19, 0, 1
5652, 496561914, 13, 0, 1
11812, 496573726, 53, 0, 1
6101, 496579827, 26, 0, 1
5640, 496585467, 14, 0, 1
5645, 496591112, 16, 0, 1
11812, 496602924, 35, 0, 1
6151, 496609075, 15, 0, 1
5633, 496614708, 23, 0, 1
5658, 496620366, 10, 0, 1
11807, 496632173, 40, 0, 1
6129, 496638302, 23, 0, 1
5640, 496643942, 16, 0, 1
5658, 496649600, 13, 0, 1
11798, 496661398, 55, 0, 1
6132, 496667530, 16, 0, 1
5652, 496673182, 18, 0, 1
5645, 496678827, 26, 0, 1
11800, 496690627, 32, 0, 1
7015, 496697642, 104, 0, 1
5634, 496703276, 22, 0, 1
5658, 496708934, 13, 0, 1
11753, 496720687, 39, 0, 1
6132, 496726819, 22, 0, 1
5658, 496732477, 21, 0, 1
5634, 496738111, 21, 0, 1
11708, 496749819, 45, 0, 1
6138, 496755957, 17, 0, 1
5640, 496761597, 24, 0, 1
5658, 496767255, 11, 0, 1
13194, 496780449, 60, 0, 1
6138, 496786587, 19, 0, 1
5633, 496792220, 19, 0, 1
5645, 496797865, 16, 0, 1
11830, 496809695, 36, 0, 1
6113, 496815808, 29, 0, 1
5658, 496821466, 14, 0, 1
5658, 496827124, 13, 0, 1
11988, 496839112, 51, 0, 1
6171, 496845283, 26, 0, 1
6374, 496851657, 55, 0, 1
6333, 496857990, 32, 0, 1
12983, 496870973, 41, 0, 1
6588, 496877561, 28, 0, 1
5646, 496883207, 16, 0, 1
5662, 496888869, 26, 0, 1
11832, 496900701, 34, 0, 1
6138, 496906839, 14, 0, 1
6116, 496912955, 14, 0, 1
6116, 496919071, 16, 0, 1
12182, 496931253, 41, 0, 1
6126, 496937379, 26, 0, 1
6085, 496943464, 29, 0, 1
6073, 496949537, 26, 0, 1
12225, 496961762, 56, 0, 1
6116, 496967878, 16, 0, 1
6116, 496973994, 17, 0, 1
6090, 496980084, 24, 0, 1
11755, 496991839, 33, 0, 1
6126, 496997965, 29, 0, 1
6116, 497004081, 19, 0, 1
5658, 497009739, 15, 0, 1
11766, 497021505, 30, 0, 1
6138, 497027643, 15, 0, 1
5626, 497033269, 17, 0, 1
5644, 497038913, 25, 0, 1
11823, 497050736, 36, 0, 1
6138, 497056874, 16, 0, 1
5644, 497062518, 20, 0, 1
5658, 497068176, 7, 0, 1
11775, 497079951, 31, 0, 1
6151, 497086102, 14, 0, 1
5658, 497091760, 9, 0, 1
5654, 497097414, 24, 0, 1
11823, 497109237, 53, 0, 1
6124, 497115361, 22, 0, 1
5655, 497121016, 30, 0, 1
5640, 497126656, 15, 0, 1
11815, 497138471, 35, 0, 1
6138, 497144609, 17, 0, 1
5658, 497150267, 11, 0, 1
7033, 497157300, 46, 0, 1
11817, 497169117, 33, 0, 1
6151, 497175268, 14, 0, 1
5652, 497180920, 10, 0, 1
5658, 497186578, 14, 0, 1
11799, 497198377, 30, 0, 1
6112, 497204489, 27, 0, 1
5658, 497210147, 9, 0, 1
5652, 497215799, 14, 0, 1
11776, 497227575, 35, 0, 1
6090, 497233665, 25, 0, 1
5632, 497239297, 22, 0, 1
5658, 497244955, 17, 0, 1
11800, 497256755, 45, 0, 1
6138, 497262893, 16, 0, 1
5658, 497268551, 13, 0, 1
5652, 497274203, 15, 0, 1
11809, 497286012, 53, 0, 1
6126, 497292138, 19, 0, 1
5647, 497297785, 20, 0, 1
5637, 497303422, 24, 0, 1
11808, 497315230, 55, 0, 1
6151, 497321381, 17, 0, 1
5658, 497327039, 12, 0, 1
5658, 497332697, 11, 0, 1
11756, 497344453, 37, 0, 1
6126, 497350579, 21, 0, 1
5610, 497356189, 20, 0, 1
5651, 497361840, 18, 0, 1
11807, 497373647, 29, 0, 1
6138, 497379785, 16, 0, 1
5637, 497385422, 23, 0, 1
5658, 497391080, 10, 0, 1
11806, 497402886, 28, 0, 1
6151, 497409037, 14, 0, 1
5651, 497414688, 10, 0, 1
5640, 497420328, 13, 0, 1
11818, 497432146, 18, 0, 1
6138, 497438284, 17, 0, 1
5626, 497443910, 20, 0, 1
5650, 497449560, 29, 0, 1
11819, 497461379, 25, 0, 1
6138, 497467517, 17, 0, 1
5639, 497473156, 16, 0, 1
5626, 497478782, 24, 0, 1
11806, 497490588, 30, 0, 1
6107, 497496695, 25, 0, 1
5615, 497502310, 22, 0, 1
5647, 497507957, 22, 0, 1
11813, 497519770, 42, 0, 1
6138, 497525908, 18, 0, 1
7011, 497532919, 36, 0, 1
5652, 497538571, 16, 0, 1
11822, 497550393, 39, 0, 1
6151, 497556544, 15, 0, 1
5627, 497562171, 22, 0, 1
5657, 497567828, 19, 0, 1
11775, 497579603, 38, 0, 1
6145, 497585748, 16, 0, 1
5658, 497591406, 12, 0, 1
5657, 497597063, 17, 0, 1
11808, 497608871, 32, 0, 1
6124, 497614995, 33, 0, 1
5658, 497620653, 12, 0, 1
5649, 497626302, 24, 0, 1
11804, 497638106, 37, 0, 1
6151, 497644257, 17, 0, 1
5646, 497649903, 23, 0, 1
5655, 497655558, 19, 0, 1
11800, 497667358, 32, 0, 1
6138, 497673496, 15, 0, 1
5651, 497679147, 15, 0, 1
5649, 497684796, 19, 0, 1
11810, 497696606, 39, 0, 1
6132, 497702738, 20, 0, 1
5640, 497708378, 18, 0, 1
5658, 497714036, 16, 0, 1
11789, 497725825, 46, 0, 1
6138, 497731963, 16, 0, 1
5639, 497737602, 24, 0, 1
5652, 497743254, 16, 0, 1
11819, 497755073, 38, 0, 1
6126, 497761199, 20, 0, 1
5640, 497766839, 18, 0, 1
5658, 497772497, 12, 0, 1
11761, 497784258, 45, 0, 1
6143, 497790401, 22, 0, 1
5610, 497796011, 18, 0, 1
5649, 497801660, 23, 0, 1
11810, 497813470, 43, 0, 1
6125, 497819595, 23, 0, 1
5646, 497825241, 15, 0, 1
5648, 497830889, 24, 0, 1
11820, 497842709, 40, 0, 1
6138, 497848847, 18, 0, 1
5633, 497854480, 15, 0, 1
5652, 497860132, 18, 0, 1
11787, 497871919, 29, 0, 1
6144, 497878063, 25, 0, 1
5646, 497883709, 18, 0, 1
5638, 497889347, 22, 0, 1
11763, 497901110, 39, 0, 1
7489, 497908599, 38, 0, 1
5620, 497914219, 20, 0, 1
5650, 497919869, 20, 0, 1
11788, 497931657, 36, 0, 1
6119, 497937776, 24, 0, 1
5646, 497943422, 15, 0, 1
5640, 497949062, 13, 0, 1
11806, 497960868, 28, 0, 1
6132, 497967000, 18, 0, 1
5634, 497972634, 14, 0, 1
5651, 497978285, 14, 0, 1
11819, 497990104, 39, 0, 1
6138, 497996242, 17, 0, 1
5652, 498001894, 13, 0, 1
5658, 498007552, 9, 0, 1
11825, 498019377, 30, 0, 1
6132, 498025509, 20, 0, 1
5658, 498031167, 9, 0, 1
5658, 498036825, 8, 0, 1
11806, 498048631, 22, 0, 1
6138, 498054769, 14, 0, 1
5645, 498060414, 14, 0, 1
5658, 498066072, 12, 0, 1
11823, 498077895, 31, 0, 1
6132, 498084027, 20, 0, 1
5621, 498089648, 25, 0, 1
5658, 498095306, 12, 0, 1
11791, 498107097, 31, 0, 1
6133, 498113230, 18, 0, 1
5656, 498118886, 17, 0, 1
11803, 498130689, 36, 0, 1
5638, 498136327, 25, 0, 1
6124, 498142451, 33, 0, 1
5652, 498148103, 14, 0, 1
11787, 498159890, 32, 0, 1
5668, 498165558, 19, 0, 1
6107, 498171665, 30, 0, 1
5658, 498177323, 9, 0, 1
11776, 498189099, 32, 0, 1
5640, 498194739, 25, 0, 1
6128, 498200867, 26, 0, 1
5632, 498206499, 20, 0, 1
11824, 498218323, 26, 0, 1
5658, 498223981, 11, 0, 1
6138, 498230119, 19, 0, 1
5637, 498235756, 26, 0, 1
11785, 498247541, 35, 0, 1
5661, 498253202, 26, 0, 1
6124, 498259326, 28, 0, 1
5643, 498264969, 20, 0, 1
11781, 498276750, 33, 0, 1
7035, 498283785, 26, 0, 1
6126, 498289911, 21, 0, 1
5625, 498295536, 22, 0, 1
11835, 498307371, 41, 0, 1
5646, 498313017, 20, 0, 1
6132, 498319149, 25, 0, 1
5638, 498324787, 22, 0, 1
11816, 498336603, 33, 0, 1
5658, 498342261, 12, 0, 1
6166, 498348427, 27, 0, 1
5658, 498354085, 10, 0, 1
11805, 498365890, 33, 0, 1
5651, 498371541, 22, 0, 1
6130, 498377671, 29, 0, 1
5651, 498383322, 17, 0, 1
11811, 498395133, 33, 0, 1
5632, 498400765, 20, 0, 1
6114, 498406879, 21, 0, 1
5658, 498412537, 12, 0, 1
11808, 498424345, 40, 0, 1
5638, 498429983, 21, 0, 1
6138, 498436121, 18, 0, 1
5645, 498441766, 20, 0, 1
11800, 498453566, 28, 0, 1
5658, 498459224, 19, 0, 1
6124, 498465348, 26, 0, 1
5640, 498470988, 15, 0, 1
11818, 498482806, 27, 0, 1
5651, 498488457, 13, 0, 1
6150, 498494607, 22, 0, 1
5658, 498500265, 15, 0, 1
11782, 498512047, 29, 0, 1
5652, 498517699, 15, 0, 1
6138, 498523837, 21, 0, 1
5639, 498529476, 20, 0, 1
11812, 498541288, 28, 0, 1
5658, 498546946, 13, 0, 1
6138, 498553084, 17, 0, 1
5658, 498558742, 11, 0, 1
894695, 499453437, 15368, 246, 5
6706, 499460143, 70, 0, 1
6383, 499466526, 41, 0, 1
12006, 499478532, 353, 7, 1
13141, 499491673, 50, 0, 1
6595, 499498268, 26, 0, 1
8602, 499506870, 157, 3, 1
7051, 499513921, 28, 0, 1
13664, 499527585, 44, 0, 1
3326777, 3326777, 63642, 140, 14
11743598, 15070375, 67447, 1802, 8
19451804, 34522179, 17317, 1290, 3
19360958, 53883137, 20329, 1244, 3
19077031, 72960168, 20693, 1289, 3
19683894, 92644062, 18811, 1021, 3
19660324, 112304386, 17572, 1208, 3
18933264, 131237650, 23980, 1890, 3
19271094, 150508744, 18360, 642, 3
19920998, 170429742, 19445, 1242, 3
19263342, 189693084, 21163, 938, 3
19711976, 209405060, 18746, 1520, 3
19675236, 229080296, 18640, 1749, 3
19594759, 248675055, 20079, 1039, 3
15074907, 263749962, 20477, 835, 19
4131495, 267881457, 4863, 167, 6
18907994, 286789451, 19154, 1517, 3
19606464, 306395915, 19011, 790, 3
19725913, 326121828, 18539, 1619, 3
19869951, 345991779, 18828, 1576, 3
19683035, 365674814, 18430, 1316, 3
19777364, 385452178, 19064, 1312, 3
19716494, 405168672, 18074, 1307, 3
19812691, 424981363, 18416, 588, 3
19793638, 444775001, 18202, 1022, 3
19663408, 464438409, 19231, 1718, 3
19441084, 483879493, 21163, 1549, 3
10730143, 494609636, 25620, 24, 12
2122569, 496732205, 5409, 18, 5
12254, 496744459, 351, 1, 1
5652, 496750111, 25, 0, 1
5658, 496755769, 13, 0, 1
6136, 496761905, 18, 0, 1
11790, 496773695, 37, 0, 1
5633, 496779328, 13, 0, 1
5640, 496784968, 17, 0, 1
6160, 496791128, 16, 0, 1
11763, 496802891, 37, 0, 1
5633, 496808524, 13, 0, 1
5652, 496814176, 13, 0, 1
6152, 496820328, 25, 0, 1
11774, 496832102, 44, 0, 1
5658, 496837760, 14, 0, 1
5650, 496843410, 18, 0, 1
6160, 496849570, 16, 0, 1
11778, 496861348, 31, 0, 1
5651, 496866999, 21, 0, 1
5658, 496872657, 10, 0, 1
6124, 496878781, 27, 0, 1
11782, 496890563, 39, 0, 1
5655, 496896218, 19, 0, 1
5653, 496901871, 30, 0, 1
6155, 496908026, 28, 0, 1
11788, 496919814, 28, 0, 1
5639, 496925453, 15, 0, 1
5627, 496931080, 22, 0, 1
6159, 496937239, 26, 0, 1
11796, 496949035, 23, 0, 1
5658, 496954693, 10, 0, 1
5658, 496960351, 10, 0, 1
13192, 496973543, 110, 0, 1
6138, 496979681, 17, 0, 1
5658, 496985339, 11, 0, 1
5650, 496990989, 15, 0, 1
11818, 497002807, 22, 0, 1
6138, 497008945, 19, 0, 1
5646, 497014591, 19, 0, 1
5658, 497020249, 12, 0, 1
11782, 497032031, 32, 0, 1
6130, 497038161, 26, 0, 1
5628, 497043789, 12, 0, 1
5615, 497049404, 23, 0, 1
11765, 497061169, 41, 0, 1
6152, 497067321, 38, 0, 1
5658, 497072979, 13, 0, 1
5662, 497078641, 28, 0, 1
11780, 497090421, 42, 0, 1
15189, 497105610, 309, 1, 1
5657, 497111267, 34, 0, 1
5648, 497116915, 24, 0, 1
11773, 497128688, 48, 0, 1
6138, 497134826, 15, 0, 1
5656, 497140482, 18, 0, 1
5651, 497146133, 13, 0, 1
11790, 497157923, 41, 0, 1
6138, 497164061, 17, 0, 1
5651, 497169712, 17, 0, 1
5658, 497175370, 10, 0, 1
11814, 497187184, 27, 0, 1
6138, 497193322, 17, 0, 1
5640, 497198962, 19, 0, 1
5658, 497204620, 9, 0, 1
11819, 497216439, 39, 0, 1
6132, 497222571, 23, 0, 1
5658, 497228229, 16, 0, 1
5658, 497233887, 12, 0, 1
11806, 497245693, 38, 0, 1
6109, 497251802, 22, 0, 1
5656, 497257458, 14, 0, 1
5658, 497263116, 10, 0, 1
12992, 497276108, 103, 0, 1
6652, 497282760, 29, 0, 1
6296, 497289056, 26, 0, 1
5649, 497294705, 13, 0, 1
12263, 497306968, 38, 0, 1
6113, 497313081, 27, 0, 1
6107, 497319188, 26, 0, 1
6116, 497325304, 17, 0, 1
12214, 497337518, 52, 0, 1
6129, 497343647, 14, 0, 1
6100, 497349747, 24, 0, 1
6096, 497355843, 27, 0, 1
13602, 497369445, 58, 0, 1
6116, 497375561, 18, 0, 1
6116, 497381677, 15, 0, 1
6119, 497387796, 37, 0, 1
12245, 497400041, 29, 0, 1
6112, 497406153, 31, 0, 1
6116, 497412269, 25, 0, 1
5658, 497417927, 13, 0, 1
11788, 497429715, 32, 0, 1
6145, 497435860, 13, 0, 1
5610, 497441470, 17, 0, 1
5638, 497447108, 19, 0, 1
11794, 497458902, 42, 0, 1
6138, 497465040, 16, 0, 1
5622, 497470662, 18, 0, 1
5651, 497476313, 12, 0, 1
11751, 497488064, 40, 0, 1
6151, 497494215, 20, 0, 1
5645, 497499860, 22, 0, 1
5658, 497505518, 13, 0, 1
11763, 497517281, 34, 0, 1
6138, 497523419, 17, 0, 1
5658, 497529077, 10, 0, 1
5651, 497534728, 18, 0, 1
11830, 497546558, 46, 0, 1
6138, 497552696, 15, 0, 1
5658, 497558354, 11, 0, 1
5651, 497564005, 16, 0, 1
11779, 497575784, 41, 0, 1
6151, 497581935, 19, 0, 1
5658, 497587593, 12, 0, 1
5634, 497593227, 15, 0, 1
11805, 497605032, 52, 0, 1
6138, 497611170, 17, 0, 1
5658, 497616828, 8, 0, 1
5651, 497622479, 11, 0, 1
11817, 497634296, 37, 0, 1
6138, 497640434, 17, 0, 1
5639, 497646073, 23, 0, 1
5673, 497651746, 29, 0, 1
11821, 497663567, 43, 0, 1
6138, 497669705, 16, 0, 1
5616, 497675321, 21, 0, 1
5652, 497680973, 16, 0, 1
11818, 497692791, 30, 0, 1
6138, 497698929, 17, 0, 1
5652, 497704581, 15, 0, 1
5657, 497710238, 22, 0, 1
11805, 497722043, 30, 0, 1
6145, 497728188, 17, 0, 1
5646, 497733834, 13, 0, 1
7035, 497740869, 31, 0, 1
11780, 497752649, 33, 0, 1
6132, 497758781, 12, 0, 1
5634, 497764415, 16, 0, 1
5651, 497770066, 16, 0, 1
11825, 497781891, 31, 0, 1
6138, 497788029, 15, 0, 1
5646, 497793675, 18, 0, 1
5646, 497799321, 17, 0, 1
11818, 497811139, 25, 0, 1
6151, 497817290, 18, 0, 1
5627, 497822917, 17, 0, 1
5652, 497828569, 14, 0, 1
11797, 497840366, 35, 0, 1
6138, 497846504, 17, 0, 1
5658, 497852162, 9, 0, 1
5646, 497857808, 11, 0, 1
11835, 497869643, 38, 0, 1
6138, 497875781, 16, 0, 1
5661, 497881442, 21, 0, 1
5652, 497887094, 16, 0, 1
11776, 497898870, 31, 0, 1
6138, 497905008, 15, 0, 1
5652, 497910660, 13, 0, 1
5651, 497916311, 20, 0, 1
11832, 497928143, 32, 0, 1
6142, 497934285, 25, 0, 1
5632, 497939917, 23, 0, 1
5657, 497945574, 13, 0, 1
11806, 497957380, 25, 0, 1
6151, 497963531, 14, 0, 1
5634, 497969165, 11, 0, 1
5643, 497974808, 21, 0, 1
11787, 497986595, 40, 0, 1
6126, 497992721, 18, 0, 1
5645, 497998366, 16, 0, 1
5646, 498004012, 11, 0, 1
11830, 498015842, 22, 0, 1
6122, 498021964, 27, 0, 1
5645, 498027609, 18, 0, 1
5648, 498033257, 20, 0, 1
11749, 498045006, 43, 0, 1
6133, 498051139, 22, 0, 1
5645, 498056784, 20, 0, 1
5636, 498062420, 24, 0, 1
11780, 498074200, 41, 0, 1
6132, 498080332, 21, 0, 1
5626, 498085958, 18, 0, 1
5662, 498091620, 22, 0, 1
11811, 498103431, 41, 0, 1
6112, 498109543, 30, 0, 1
7035, 498116578, 34, 0, 1
5646, 498122224, 15, 0, 1
11783, 498134007, 47, 0, 1
6138, 498140145, 17, 0, 1
5652, 498145797, 13, 0, 1
5658, 498151455, 10, 0, 1
11807, 498163262, 34, 0, 1
6145, 498169407, 19, 0, 1
5658, 498175065, 14, 0, 1
5658, 498180723, 11, 0, 1
11811, 498192534, 30, 0, 1
6151, 498198685, 17, 0, 1
5633, 498204318, 22, 0, 1
5658, 498209976, 10, 0, 1
11772, 498221748, 45, 0, 1
6132, 498227880, 21, 0, 1
5610, 498233490, 17, 0, 1
5652, 498239142, 14, 0, 1
11834, 498250976, 42, 0, 1
6132, 498257108, 20, 0, 1
5639, 498262747, 18, 0, 1
5651, 498268398, 19, 0, 1
11788, 498280186, 30, 0, 1
6203, 498286389, 17, 0, 1
5627, 498292016, 18, 0, 1
5631, 498297647, 26, 0, 1
11804, 498309451, 40, 0, 1
6138, 498315589, 18, 0, 1
5645, 498321234, 16, 0, 1
5658, 498326892, 9, 0, 1
11798, 498338690, 40, 0, 1
6138, 498344828, 13, 0, 1
5632, 498350460, 18, 0, 1
5662, 498356122, 21, 0, 1
11806, 498367928, 27, 0, 1
6118, 498374046, 24, 0, 1
5658, 498379704, 9, 0, 1
5656, 498385360, 21, 0, 1
11823, 498397183, 37, 0, 1
6126, 498403309, 21, 0, 1
5658, 498408967, 15, 0, 1
5627, 498414594, 22, 0, 1
11791, 498426385, 36, 0, 1
6151, 498432536, 16, 0, 1
5646, 498438182, 22, 0, 1
5656, 498443838, 20, 0, 1
11800, 498455638, 30, 0, 1
6132, 498461770, 20, 0, 1
5658, 498467428, 12, 0, 1
5661, 498473089, 21, 0, 1
11813, 498484902, 30, 0, 1
7515, 498492417, 26, 0, 1
5658, 498498075, 13, 0, 1
5627, 498503702, 20, 0, 1
11785, 498515487, 32, 0, 1
6151, 498521638, 13, 0, 1
5658, 498527296, 9, 0, 1
5633, 498532929, 15, 0, 1
11804, 498544733, 32, 0, 1
6119, 498550852, 23, 0, 1
5615, 498556467, 15, 0, 1
5641, 498562108, 26, 0, 1
11815, 498573923, 35, 0, 1
6113, 498580036, 25, 0, 1
5658, 498585694, 13, 0, 1
5650, 498591344, 20, 0, 1
11818, 498603162, 24, 0, 1
6132, 498609294, 21, 0, 1
5634, 498614928, 13, 0, 1
5652, 498620580, 23, 0, 1
11825, 498632405, 25, 0, 1
6117, 498638522, 24, 0, 1
5628, 498644150, 20, 0, 1
5657, 498649807, 20, 0, 1
11770, 498661577, 30, 0, 1
6152, 498667729, 17, 0, 1
5658, 498673387, 10, 0, 1
5633, 498679020, 17, 0, 1
11758, 498690778, 31, 0, 1
6132, 498696910, 19, 0, 1
5652, 498702562, 14, 0, 1
5654, 498708216, 21, 0, 1
11793, 498720009, 37, 0, 1
6138, 498726147, 16, 0, 1
5638, 498731785, 21, 0, 1
5646, 498737431, 21, 0, 1
11791, 498749222, 45, 0, 1
6151, 498755373, 16, 0, 1
5651, 498761024, 20, 0, 1
5658, 498766682, 20, 0, 1
11814, 498778496, 40, 0, 1
6138, 498784634, 15, 0, 1
5652, 498790286, 10, 0, 1
5646, 498795932, 14, 0, 1
11829, 498807761, 38, 0, 1
6138, 498813899, 19, 0, 1
5651, 498819550, 18, 0, 1
5658, 498825208, 13, 0, 1
11797, 498837005, 32, 0, 1
6138, 498843143, 15, 0, 1
5652, 498848795, 12, 0, 1
5639, 498854434, 16, 0, 1
13179, 498867613, 64, 0, 1
6136, 498873749, 26, 0, 1
5658, 498879407, 9, 0, 1
5658, 498885065, 8, 0, 1
11771, 498896836, 40, 0, 1
6165, 498903001, 16, 0, 1
5639, 498908640, 18, 0, 1
5658, 498914298, 12, 0, 1
11799, 498926097, 33, 0, 1
6106, 498932203, 26, 0, 1
5658, 498937861, 10, 0, 1
5658, 498943519, 12, 0, 1
11831, 498955350, 38, 0, 1
6138, 498961488, 17, 0, 1
8996, 498970484, 203, 0, 1
897975, 499868459, 14542, 174, 5
13433, 499881892, 661, 4, 1
423368, 500305260, 91, 0, 1
11836, 500317096, 359, 11, 1
13385, 500330481, 66, 0, 1
6655, 500337136, 25, 0, 1
6107, 500343243, 26, 0, 1
8256, 500351499, 122, 1, 1
