2, 1, 1610976, 322195.000
20, 1610977, 7886365, 1255077.600
17, 7886366, 24016031, 1612966.500
26, 24016032, 36881111, 1286507.900
28, 36881112, 45023180, 1628413.600
3, 45023181, 198576816, 2559227.250
1, 198576817, 698296020, 2271450.923
9, 698296021, 708676553, 2076106.400
1, 708676554, 802548318, 2086039.200
9, 802548319, 812863573, 2063050.800
1, 812863574, 823158500, 2058985.200
9, 823158501, 884672081, 2050452.667
1, 884672082, 894897103, 2045004.200
9, 894897104, 915325718, 2042861.400
1, 915325719, 925461602, 2027176.600
9, 925461603, 1283424126, 1988680.683
24, 1283424127, 1291760075, 1667189.600
8, 1291760076, 1412613737, 1208536.610
26, 1412613738, 1418782834, 1233819.200
8, 1418782835, 1569032894, 1252083.825
5, 1569032895, 1572164074, 626235.800
7, 1572164075, 1601581197, 452571.108
5, 1601581198, 1642391410, 742003.855
27, 1642391411, 1643498992, 221516.200
25, 1643498993, 1655828861, 2465973.600
6, 1655828862, 1655851323, 1497.400
2, 1655851324, 1656000021, 29739.400
