2112202, 2112202, 45650, 494, 4
8330481, 10442683, 82476, 4733, 16
19319388, 29762071, 19491, 2675, 7
19263476, 49025547, 20365, 2997, 7
19153687, 68179234, 21148, 2159, 7
19602395, 87781629, 19528, 1803, 3
19527552, 107309181, 18241, 2565, 7
18844721, 126153902, 24466, 3163, 7
18953825, 145107727, 18872, 2223, 7
19769877, 164877604, 19449, 2659, 7
19715455, 184593059, 20424, 982, 3
19655082, 204248141, 18810, 2535, 7
19521016, 223769157, 18544, 3173, 7
19316156, 243085313, 20540, 918, 3
18204595, 261289908, 24612, 3277, 7
19409136, 280699044, 19887, 2175, 3
19590042, 300289086, 19380, 2831, 7
19680972, 319970058, 20464, 2619, 7
19702885, 339672943, 20101, 2742, 7
19616191, 359289134, 20123, 3202, 7
19662679, 378951813, 19903, 2519, 7
19715578, 398667391, 20256, 2711, 7
19749361, 418416752, 19964, 2363, 7
19726970, 438143722, 20054, 2814, 7
19602788, 457746510, 20439, 3516, 7
19694721, 477441231, 20917, 3948, 7
14261989, 491703220, 30259, 1304, 19
4695426, 496398646, 9471, 90, 6
6129, 496404775, 323, 2, 1
11782, 496416557, 54, 0, 1
5633, 496422190, 23, 0, 1
5652, 496427842, 13, 0, 1
6160, 496434002, 17, 0, 1
11776, 496445778, 34, 0, 1
5658, 496451436, 12, 0, 1
5652, 496457088, 25, 0, 1
6118, 496463206, 23, 0, 1
11781, 496474987, 41, 0, 1
5662, 496480649, 21, 0, 1
5661, 496486310, 25, 0, 1
6167, 496492477, 25, 0, 1
11731, 496504208, 42, 0, 1
5634, 496509842, 13, 0, 1
5652, 496515494, 13, 0, 1
6118, 496521612, 22, 0, 1
11779, 496533391, 36, 0, 1
5646, 496539037, 19, 0, 1
5658, 496544695, 12, 0, 1
6149, 496550844, 33, 0, 1
11775, 496562619, 55, 0, 1
5645, 496568264, 20, 0, 1
5658, 496573922, 10, 0, 1
6155, 496580077, 23, 0, 1
11765, 496591842, 35, 0, 1
5633, 496597475, 16, 0, 1
5651, 496603126, 28, 0, 1
6160, 496609286, 18, 0, 1
11796, 496621082, 47, 0, 1
5652, 496626734, 17, 0, 1
5658, 496632392, 12, 0, 1
6173, 496638565, 16, 0, 1
11796, 496650361, 24, 0, 1
7029, 496657390, 99, 0, 1
5651, 496663041, 15, 0, 1
6130, 496669171, 19, 0, 1
11779, 496680950, 41, 0, 1
5638, 496686588, 18, 0, 1
5658, 496692246, 13, 0, 1
6136, 496698382, 22, 0, 1
11794, 496710176, 37, 0, 1
5622, 496715798, 22, 0, 1
5652, 496721450, 14, 0, 1
6143, 496727593, 23, 0, 1
11777, 496739370, 47, 0, 1
5652, 496745022, 16, 0, 1
5652, 496750674, 16, 0, 1
6130, 496756804, 25, 0, 1
11791, 496768595, 37, 0, 1
5658, 496774253, 13, 0, 1
5652, 496779905, 17, 0, 1
6140, 496786045, 25, 0, 1
11796, 496797841, 24, 0, 1
5658, 496803499, 12, 0, 1
5658, 496809157, 11, 0, 1
6149, 496815306, 20, 0, 1
11775, 496827081, 35, 0, 1
5631, 496832712, 21, 0, 1
5658, 496838370, 11, 0, 1
6159, 496844529, 23, 0, 1
11795, 496856324, 37, 0, 1
5639, 496861963, 16, 0, 1
5652, 496867615, 15, 0, 1
6212, 496873827, 29, 0, 1
11796, 496885623, 25, 0, 1
5658, 496891281, 12, 0, 1
5658, 496896939, 13, 0, 1
6160, 496903099, 21, 0, 1
11800, 496914899, 38, 0, 1
5658, 496920557, 13, 0, 1
5658, 496926215, 12, 0, 1
6687, 496932902, 63, 0, 1
12997, 496945899, 40, 0, 1
6326, 496952225, 18, 0, 1
5649, 496957874, 23, 0, 1
6624, 496964498, 28, 0, 1
12192, 496976690, 48, 0, 1
6085, 496982775, 24, 0, 1
6104, 496988879, 23, 0, 1
6103, 496994982, 23, 0, 1
12225, 497007207, 43, 0, 1
6116, 497013323, 15, 0, 1
6116, 497019439, 17, 0, 1
6110, 497025549, 21, 0, 1
13571, 497039120, 53, 0, 1
6104, 497045224, 23, 0, 1
6089, 497051313, 27, 0, 1
6121, 497057434, 28, 0, 1
12188, 497069622, 38, 0, 1
6098, 497075720, 25, 0, 1
5658, 497081378, 14, 0, 1
6137, 497087515, 21, 0, 1
12232, 497099747, 30, 0, 1
6129, 497105876, 20, 0, 1
5652, 497111528, 15, 0, 1
6137, 497117665, 28, 0, 1
11772, 497129437, 39, 0, 1
5652, 497135089, 19, 0, 1
5656, 497140745, 17, 0, 1
6153, 497146898, 25, 0, 1
11803, 497158701, 36, 0, 1
6094, 497164795, 23, 0, 1
5652, 497170447, 14, 0, 1
6138, 497176585, 20, 0, 1
11783, 497188368, 34, 0, 1
5658, 497194026, 10, 0, 1
5654, 497199680, 22, 0, 1
6143, 497205823, 21, 0, 1
11796, 497217619, 23, 0, 1
6116, 497223735, 14, 0, 1
5657, 497229392, 18, 0, 1
6108, 497235500, 21, 0, 1
11805, 497247305, 42, 0, 1
5658, 497252963, 14, 0, 1
5639, 497258602, 18, 0, 1
6154, 497264756, 17, 0, 1
11781, 497276537, 39, 0, 1
5658, 497282195, 12, 0, 1
5652, 497287847, 24, 0, 1
6164, 497294011, 38, 0, 1
12984, 497306995, 44, 0, 1
6361, 497313356, 22, 0, 1
6326, 497319682, 23, 0, 1
6617, 497326299, 24, 0, 1
11790, 497338089, 28, 0, 1
5658, 497343747, 12, 0, 1
5657, 497349404, 20, 0, 1
6155, 497355559, 17, 0, 1
11797, 497367356, 25, 0, 1
5658, 497373014, 10, 0, 1
5658, 497378672, 10, 0, 1
6118, 497384790, 21, 0, 1
11795, 497396585, 36, 0, 1
5640, 497402225, 18, 0, 1
5658, 497407883, 10, 0, 1
6130, 497414013, 23, 0, 1
13159, 497427172, 47, 0, 1
5634, 497432806, 13, 0, 1
5656, 497438462, 22, 0, 1
6143, 497444605, 19, 0, 1
11776, 497456381, 34, 0, 1
5646, 497462027, 13, 0, 1
5658, 497467685, 12, 0, 1
6160, 497473845, 22, 0, 1
11809, 497485654, 21, 0, 1
5658, 497491312, 11, 0, 1
5658, 497496970, 12, 0, 1
6153, 497503123, 26, 0, 1
11784, 497514907, 27, 0, 1
6116, 497521023, 16, 0, 1
5640, 497526663, 18, 0, 1
6139, 497532802, 20, 0, 1
11796, 497544598, 25, 0, 1
6098, 497550696, 23, 0, 1
5658, 497556354, 12, 0, 1
6138, 497562492, 18, 0, 1
11783, 497574275, 32, 0, 1
5652, 497579927, 17, 0, 1
5651, 497585578, 13, 0, 1
6179, 497591757, 21, 0, 1
11796, 497603553, 25, 0, 1
5646, 497609199, 14, 0, 1
5656, 497614855, 23, 0, 1
6132, 497620987, 27, 0, 1
11810, 497632797, 39, 0, 1
5658, 497638455, 15, 0, 1
5658, 497644113, 11, 0, 1
6154, 497650267, 18, 0, 1
11796, 497662063, 24, 0, 1
5658, 497667721, 13, 0, 1
5644, 497673365, 17, 0, 1
6155, 497679520, 18, 0, 1
11776, 497691296, 32, 0, 1
5658, 497696954, 11, 0, 1
5650, 497702604, 22, 0, 1
6112, 497708716, 23, 0, 1
11808, 497720524, 39, 0, 1
5652, 497726176, 10, 0, 1
5658, 497731834, 15, 0, 1
6148, 497737982, 17, 0, 1
11796, 497749778, 25, 0, 1
5652, 497755430, 16, 0, 1
5651, 497761081, 14, 0, 1
15236, 497776317, 356, 0, 1
11771, 497788088, 56, 0, 1
5634, 497793722, 19, 0, 1
5657, 497799379, 13, 0, 1
13153, 497812532, 54, 0, 1
6114, 497818646, 24, 0, 1
5658, 497824304, 10, 0, 1
5658, 497829962, 14, 0, 1
11819, 497841781, 31, 0, 1
6120, 497847901, 18, 0, 1
5622, 497853523, 16, 0, 1
5657, 497859180, 14, 0, 1
11808, 497870988, 38, 0, 1
6151, 497877139, 14, 0, 1
6122, 497883261, 21, 0, 1
5658, 497888919, 13, 0, 1
11748, 497900667, 39, 0, 1
6114, 497906781, 21, 0, 1
5652, 497912433, 13, 0, 1
5652, 497918085, 13, 0, 1
11801, 497929886, 33, 0, 1
6138, 497936024, 17, 0, 1
5651, 497941675, 17, 0, 1
5658, 497947333, 11, 0, 1
11763, 497959096, 33, 0, 1
6126, 497965222, 26, 0, 1
5658, 497970880, 17, 0, 1
5652, 497976532, 18, 0, 1
11805, 497988337, 30, 0, 1
6138, 497994475, 14, 0, 1
5640, 498000115, 15, 0, 1
5652, 498005767, 21, 0, 1
11793, 498017560, 34, 0, 1
6113, 498023673, 21, 0, 1
5652, 498029325, 11, 0, 1
5652, 498034977, 18, 0, 1
11787, 498046764, 28, 0, 1
6113, 498052877, 22, 0, 1
5646, 498058523, 13, 0, 1
5658, 498064181, 14, 0, 1
11813, 498075994, 26, 0, 1
6112, 498082106, 21, 0, 1
5658, 498087764, 10, 0, 1
5652, 498093416, 12, 0, 1
11818, 498105234, 22, 0, 1
6138, 498111372, 25, 0, 1
5646, 498117018, 14, 0, 1
5652, 498122670, 13, 0, 1
11781, 498134451, 32, 0, 1
6107, 498140558, 21, 0, 1
5646, 498146204, 14, 0, 1
5651, 498151855, 17, 0, 1
11775, 498163630, 34, 0, 1
6130, 498169760, 22, 0, 1
5652, 498175412, 14, 0, 1
7035, 498182447, 20, 0, 1
11812, 498194259, 27, 0, 1
6144, 498200403, 23, 0, 1
5646, 498206049, 17, 0, 1
5658, 498211707, 14, 0, 1
11775, 498223482, 34, 0, 1
6090, 498229572, 24, 0, 1
5652, 498235224, 15, 0, 1
5652, 498240876, 20, 0, 1
11777, 498252653, 32, 0, 1
6138, 498258791, 16, 0, 1
5646, 498264437, 13, 0, 1
5652, 498270089, 20, 0, 1
11793, 498281882, 25, 0, 1
6138, 498288020, 15, 0, 1
5646, 498293666, 12, 0, 1
5658, 498299324, 17, 0, 1
11803, 498311127, 40, 0, 1
6138, 498317265, 21, 0, 1
5651, 498322916, 15, 0, 1
5658, 498328574, 14, 0, 1
11774, 498340348, 35, 0, 1
6139, 498346487, 23, 0, 1
5658, 498352145, 10, 0, 1
5652, 498357797, 13, 0, 1
11782, 498369579, 33, 0, 1
6132, 498375711, 18, 0, 1
5639, 498381350, 13, 0, 1
5658, 498387008, 11, 0, 1
11814, 498398822, 28, 0, 1
6107, 498404929, 23, 0, 1
5622, 498410551, 16, 0, 1
5651, 498416202, 21, 0, 1
11781, 498427983, 34, 0, 1
6151, 498434134, 18, 0, 1
5658, 498439792, 12, 0, 1
5652, 498445444, 16, 0, 1
11746, 498457190, 30, 0, 1
6130, 498463320, 28, 0, 1
5651, 498468971, 20, 0, 1
5657, 498474628, 19, 0, 1
11824, 498486452, 33, 0, 1
6114, 498492566, 23, 0, 1
5646, 498498212, 16, 0, 1
5658, 498503870, 11, 0, 1
11818, 498515688, 24, 0, 1
6138, 498521826, 17, 0, 1
5658, 498527484, 10, 0, 1
5658, 498533142, 13, 0, 1
11801, 498544943, 27, 0, 1
6138, 498551081, 16, 0, 1
7487, 498558568, 33, 0, 1
5658, 498564226, 14, 0, 1
11795, 498576021, 31, 0, 1
6125, 498582146, 21, 0, 1
6086, 498588232, 21, 0, 1
5640, 498593872, 18, 0, 1
11776, 498605648, 45, 0, 1
6132, 498611780, 21, 0, 1
5658, 498617438, 17, 0, 1
5658, 498623096, 13, 0, 1
12064, 498635160, 40, 0, 1
6138, 498641298, 14, 0, 1
5644, 498646942, 18, 0, 1
5652, 498652594, 14, 0, 1
11811, 498664405, 40, 0, 1
7033, 498671438, 87, 4, 1
5664, 498677102, 22, 0, 1
5658, 498682760, 11, 0, 1
879037, 499561797, 15544, 720, 5
6707, 499568504, 51, 0, 1
7151, 499575655, 42, 0, 1
6650, 499582305, 41, 0, 1
18379, 499600684, 387, 22, 1
6739, 499607423, 37, 0, 1
6841, 499614264, 29, 0, 1
7988, 499622252, 136, 3, 1
4354977, 4354977, 84274, 653, 16
14454528, 18809505, 52467, 5264, 10
19692901, 38502406, 18188, 3386, 7
18689848, 57192254, 23909, 2150, 7
19463919, 76656173, 18191, 1649, 3
19513128, 96169301, 19234, 2039, 3
19511040, 115680341, 18220, 2302, 7
18710386, 134390727, 24672, 3447, 7
19322390, 153713117, 18238, 1923, 3
19413727, 173126844, 19148, 2789, 7
19440192, 192567036, 20605, 1001, 3
19567581, 212134617, 18801, 3220, 7
19532466, 231667083, 18664, 2099, 3
19287540, 250954623, 20729, 2278, 7
18763117, 269717740, 23708, 3028, 7
18859688, 288577428, 18265, 2353, 7
19333452, 307910880, 18206, 2585, 7
19376423, 327287303, 18927, 1953, 3
19603942, 346891245, 19021, 3570, 7
19518126, 366409371, 18470, 2963, 7
19664516, 386073887, 18355, 2000, 3
19502750, 405576637, 19762, 3740, 7
19642574, 425219211, 17927, 1799, 3
19670015, 444889226, 18274, 2896, 7
19478540, 464367766, 18767, 3986, 7
19150301, 483518067, 22543, 4030, 7
10814739, 494332806, 24975, 56, 12
2006198, 496339004, 5423, 85, 5
11303, 496350307, 47, 0, 1
6160, 496356467, 24, 0, 1
5658, 496362125, 15, 1, 1
6132, 496368257, 26, 0, 1
11297, 496379554, 22, 0, 1
6167, 496385721, 22, 0, 1
5658, 496391379, 9, 0, 1
6131, 496397510, 25, 0, 1
11310, 496408820, 23, 0, 1
6154, 496414974, 23, 0, 1
5652, 496420626, 10, 0, 1
6132, 496426758, 21, 0, 1
11316, 496438074, 28, 0, 1
6173, 496444247, 16, 0, 1
5645, 496449892, 20, 0, 1
6138, 496456030, 17, 0, 1
11303, 496467333, 44, 0, 1
6159, 496473492, 19, 0, 1
5647, 496479139, 23, 0, 1
6151, 496485290, 18, 0, 1
11291, 496496581, 25, 0, 1
6160, 496502741, 19, 0, 1
5658, 496508399, 10, 0, 1
6138, 496514537, 15, 0, 1
11316, 496525853, 24, 0, 1
6167, 496532020, 22, 0, 1
5652, 496537672, 16, 0, 1
6138, 496543810, 16, 0, 1
11316, 496555126, 16, 0, 1
6159, 496561285, 18, 0, 1
5633, 496566918, 19, 0, 1
6144, 496573062, 26, 0, 1
11316, 496584378, 18, 0, 1
6159, 496590537, 21, 0, 1
5658, 496596195, 10, 0, 1
6144, 496602339, 20, 0, 1
11304, 496613643, 22, 0, 1
7544, 496621187, 102, 0, 1
5658, 496626845, 11, 0, 1
6126, 496632971, 18, 0, 1
11316, 496644287, 18, 0, 1
6148, 496650435, 22, 0, 1
5658, 496656093, 15, 0, 1
6138, 496662231, 17, 0, 1
11310, 496673541, 20, 0, 1
6173, 496679714, 20, 0, 1
5658, 496685372, 12, 0, 1
6138, 496691510, 18, 0, 1
11316, 496702826, 16, 0, 1
6160, 496708986, 15, 0, 1
5658, 496714644, 15, 0, 1
6126, 496720770, 28, 0, 1
11316, 496732086, 18, 0, 1
6160, 496738246, 22, 0, 1
5658, 496743904, 14, 0, 1
6138, 496750042, 19, 0, 1
11309, 496761351, 25, 0, 1
6173, 496767524, 18, 0, 1
5658, 496773182, 14, 0, 1
6138, 496779320, 17, 0, 1
11308, 496790628, 23, 0, 1
6154, 496796782, 18, 0, 1
5652, 496802434, 13, 0, 1
6151, 496808585, 14, 0, 1
11308, 496819893, 27, 0, 1
6148, 496826041, 23, 0, 1
5628, 496831669, 20, 0, 1
6119, 496837788, 28, 0, 1
11315, 496849103, 26, 0, 1
6173, 496855276, 19, 0, 1
5657, 496860933, 16, 0, 1
6659, 496867592, 25, 0, 1
11975, 496879567, 31, 0, 1
6661, 496886228, 28, 0, 1
6333, 496892561, 15, 0, 1
6600, 496899161, 23, 0, 1
11781, 496910942, 24, 0, 1
6136, 496917078, 23, 0, 1
6116, 496923194, 20, 0, 1
6116, 496929310, 18, 0, 1
12216, 496941526, 44, 0, 1
6116, 496947642, 21, 0, 1
6140, 496953782, 32, 0, 1
6114, 496959896, 24, 0, 1
12214, 496972110, 38, 0, 1
6116, 496978226, 16, 0, 1
6116, 496984342, 19, 0, 1
6116, 496990458, 18, 0, 1
13622, 497004080, 43, 0, 1
6103, 497010183, 22, 0, 1
6110, 497016293, 18, 1, 1
6116, 497022409, 18, 0, 1
11773, 497034182, 29, 0, 1
6120, 497040302, 21, 0, 1
6107, 497046409, 26, 0, 1
6123, 497052532, 22, 0, 1
11767, 497064299, 34, 0, 1
6137, 497070436, 19, 0, 1
5658, 497076094, 14, 0, 1
6138, 497082232, 17, 0, 1
11298, 497093530, 29, 0, 1
6166, 497099696, 20, 0, 1
5621, 497105317, 18, 0, 1
6138, 497111455, 19, 0, 1
11774, 497123229, 23, 0, 1
6126, 497129355, 23, 0, 1
5640, 497134995, 15, 0, 1
6132, 497141127, 19, 0, 1
11774, 497152901, 29, 0, 1
6108, 497159009, 27, 0, 1
5658, 497164667, 13, 0, 1
6138, 497170805, 18, 0, 1
11753, 497182558, 39, 0, 1
6132, 497188690, 21, 0, 1
5646, 497194336, 16, 0, 1
6150, 497200486, 34, 0, 1
11310, 497211796, 32, 0, 1
6148, 497217944, 25, 0, 1
5646, 497223590, 19, 0, 1
6119, 497229709, 28, 0, 1
11755, 497241464, 29, 0, 1
6139, 497247603, 19, 0, 1
5658, 497253261, 17, 0, 1
6129, 497259390, 27, 0, 1
11309, 497270699, 36, 0, 1
6140, 497276839, 27, 0, 1
5658, 497282497, 33, 4, 1
6151, 497288648, 29, 0, 1
11316, 497299964, 18, 0, 1
6136, 497306100, 26, 0, 1
5658, 497311758, 13, 0, 1
6132, 497317890, 21, 0, 1
11755, 497329645, 48, 0, 1
6164, 497335809, 19, 0, 1
5652, 497341461, 21, 0, 1
6139, 497347600, 16, 0, 1
11296, 497358896, 35, 0, 1
6136, 497365032, 18, 0, 1
5658, 497370690, 13, 0, 1
6126, 497376816, 25, 0, 1
13158, 497389974, 42, 0, 1
6129, 497396103, 28, 0, 1
5652, 497401755, 16, 0, 1
6138, 497407893, 17, 0, 1
11759, 497419652, 38, 0, 1
6131, 497425783, 24, 0, 1
5658, 497431441, 16, 0, 1
6115, 497437556, 25, 0, 1
11742, 497449298, 40, 0, 1
6102, 497455400, 25, 0, 1
5658, 497461058, 16, 0, 1
6132, 497467190, 22, 0, 1
11316, 497478506, 16, 0, 1
6173, 497484679, 20, 0, 1
5651, 497490330, 17, 0, 1
6126, 497496456, 24, 0, 1
11293, 497507749, 34, 0, 1
6154, 497513903, 18, 0, 1
5657, 497519560, 17, 0, 1
6121, 497525681, 20, 0, 1
11295, 497536976, 29, 0, 1
6160, 497543136, 20, 0, 1
5658, 497548794, 15, 0, 1
6138, 497554932, 19, 0, 1
11315, 497566247, 30, 0, 1
6167, 497572414, 23, 0, 1
5658, 497578072, 16, 0, 1
6114, 497584186, 26, 0, 1
11297, 497595483, 37, 0, 1
6160, 497601643, 14, 0, 1
5658, 497607301, 12, 0, 1
6138, 497613439, 19, 0, 1
11279, 497624718, 36, 0, 1
6173, 497630891, 16, 0, 1
5658, 497636549, 13, 0, 1
6137, 497642686, 17, 0, 1
11316, 497654002, 15, 0, 1
6160, 497660162, 19, 0, 1
5658, 497665820, 15, 0, 1
6150, 497671970, 31, 0, 1
11316, 497683286, 19, 0, 1
6154, 497689440, 18, 0, 1
5658, 497695098, 9, 0, 1
6120, 497701218, 18, 0, 1
11297, 497712515, 29, 0, 1
6162, 497718677, 21, 0, 1
5658, 497724335, 13, 0, 1
6113, 497730448, 27, 0, 1
11316, 497741764, 18, 0, 1
6141, 497747905, 22, 0, 1
5653, 497753558, 29, 0, 1
16590, 497770148, 401, 1, 1
11298, 497781446, 36, 0, 1
6153, 497787599, 25, 0, 1
5652, 497793251, 17, 0, 1
6126, 497799377, 24, 0, 1
11310, 497810687, 32, 0, 1
6160, 497816847, 22, 0, 1
5658, 497822505, 12, 0, 1
6138, 497828643, 16, 0, 1
11316, 497839959, 18, 0, 1
6159, 497846118, 22, 0, 1
5658, 497851776, 11, 0, 1
6132, 497857908, 18, 0, 1
11316, 497869224, 20, 0, 1
6149, 497875373, 22, 0, 1
5652, 497881025, 16, 0, 1
6114, 497887139, 19, 0, 1
11316, 497898455, 17, 0, 1
6159, 497904614, 18, 0, 1
5658, 497910272, 20, 0, 1
7038, 497917310, 92, 3, 1
11315, 497928625, 25, 0, 1
6160, 497934785, 15, 0, 1
5658, 497940443, 10, 0, 1
6119, 497946562, 24, 0, 1
11299, 497957861, 34, 0, 1
6173, 497964034, 17, 0, 1
5658, 497969692, 18, 0, 1
6131, 497975823, 20, 0, 1
11299, 497987122, 32, 0, 1
6148, 497993270, 19, 0, 1
5640, 497998910, 17, 0, 1
6151, 498005061, 17, 0, 1
11280, 498016341, 33, 0, 1
6136, 498022477, 18, 0, 1
5657, 498028134, 17, 0, 1
6120, 498034254, 18, 0, 1
11310, 498045564, 22, 0, 1
6173, 498051737, 19, 0, 1
5658, 498057395, 16, 0, 1
6119, 498063514, 24, 0, 1
11315, 498074829, 27, 0, 1
6154, 498080983, 18, 0, 1
5652, 498086635, 14, 0, 1
6121, 498092756, 21, 0, 1
11292, 498104048, 20, 0, 1
6168, 498110216, 21, 0, 1
5652, 498115868, 16, 0, 1
6132, 498122000, 19, 0, 1
11279, 498133279, 31, 0, 1
6130, 498139409, 21, 0, 1
7035, 498146444, 28, 0, 1
6109, 498152553, 22, 0, 1
11303, 498163856, 35, 0, 1
6153, 498170009, 22, 0, 1
5658, 498175667, 13, 0, 1
6132, 498181799, 16, 0, 1
11309, 498193108, 36, 0, 1
6149, 498199257, 21, 0, 1
5658, 498204915, 18, 0, 1
6138, 498211053, 15, 0, 1
11315, 498222368, 32, 0, 1
6130, 498228498, 21, 0, 1
5652, 498234150, 16, 0, 1
6145, 498240295, 20, 0, 1
11314, 498251609, 40, 0, 1
6160, 498257769, 17, 0, 1
5658, 498263427, 14, 0, 1
6138, 498269565, 15, 0, 1
11299, 498280864, 35, 0, 1
6173, 498287037, 22, 0, 1
5658, 498292695, 14, 0, 1
6138, 498298833, 19, 0, 1
11316, 498310149, 20, 0, 1
6154, 498316303, 18, 0, 1
5657, 498321960, 21, 0, 1
6132, 498328092, 23, 0, 1
11297, 498339389, 30, 0, 1
6155, 498345544, 20, 0, 1
5658, 498351202, 13, 0, 1
6138, 498357340, 25, 0, 1
11309, 498368649, 25, 0, 1
6136, 498374785, 19, 0, 1
5652, 498380437, 19, 0, 1
6151, 498386588, 19, 0, 1
11304, 498397892, 29, 0, 1
6145, 498404037, 27, 0, 1
5658, 498409695, 14, 0, 1
6137, 498415832, 17, 0, 1
11316, 498427148, 11, 0, 1
6173, 498433321, 18, 0, 1
5658, 498438979, 14, 0, 1
11796, 498450775, 28, 0, 1
5657, 498456432, 19, 0, 1
6142, 498462574, 20, 0, 1
5658, 498468232, 13, 0, 1
11835, 498480067, 26, 0, 1
5657, 498485724, 15, 0, 1
6140, 498491864, 25, 0, 1
5658, 498497522, 12, 0, 1
11754, 498509276, 36, 0, 1
5651, 498514927, 19, 0, 1
7544, 498522471, 27, 0, 1
5656, 498528127, 20, 0, 1
11784, 498539911, 28, 0, 1
5658, 498545569, 13, 0, 1
6146, 498551715, 26, 0, 1
5658, 498557373, 14, 0, 1
11765, 498569138, 40, 0, 1
5646, 498574784, 19, 0, 1
6166, 498580950, 17, 0, 1
5658, 498586608, 17, 0, 1
11766, 498598374, 30, 0, 1
5652, 498604026, 18, 0, 1
6154, 498610180, 17, 0, 1
5658, 498615838, 13, 0, 1
120976, 498736814, 5042, 350, 1
805882, 499542696, 10846, 547, 5
6690, 499549386, 46, 0, 1
7723, 499557109, 252, 9, 1
18090, 499575199, 159, 6, 1
6684, 499581883, 31, 0, 1
6451, 499588334, 19, 0, 1
6686, 499595020, 23, 0, 1
15775, 499610795, 137, 2, 1
2291873, 2291873, 48583, 753, 4
9134349, 11426222, 79730, 5427, 17
19305806, 30732028, 19518, 2653, 7
19206437, 49938465, 21199, 3068, 7
19101235, 69039700, 21492, 1708, 3
19570415, 88610115, 19894, 1701, 3
19439980, 108050095, 19124, 2414, 7
18741135, 126791230, 24906, 3419, 7
15098132, 141889362, 15639, 2474, 19
3230806, 145120168, 4565, 32, 5
19230473, 164350641, 21879, 2900, 7
19679808, 184030449, 19180, 924, 3
19636861, 203667310, 18867, 2372, 7
19559079, 223226389, 20834, 3574, 7
19381920, 242608309, 19324, 1085, 3
18642157, 261250466, 24263, 3556, 7
18804822, 280055288, 19131, 1650, 3
19397645, 299452933, 18966, 2552, 7
19651375, 319104308, 19044, 2850, 7
19665977, 338770285, 19050, 3000, 7
19642204, 358412489, 18813, 3187, 7
19550366, 377962855, 20015, 2578, 7
19662753, 397625608, 18918, 2687, 7
19685365, 417310973, 18669, 2567, 7
19637041, 436948014, 18916, 2402, 7
19612712, 456560726, 19317, 3428, 7
19599956, 476160682, 19196, 3873, 7
15326535, 491487217, 30629, 1670, 19
5291644, 496778861, 10702, 98, 6
13577, 496792438, 476, 3, 1
5652, 496798090, 17, 0, 1
5650, 496803740, 31, 0, 1
15206, 496818946, 307, 4, 1
11789, 496830735, 48, 0, 1
5622, 496836357, 18, 0, 1
5648, 496842005, 27, 0, 1
6160, 496848165, 16, 0, 1
11803, 496859968, 25, 0, 1
5640, 496865608, 22, 0, 1
5656, 496871264, 25, 0, 1
6156, 496877420, 32, 0, 1
11771, 496889191, 45, 0, 1
5652, 496894843, 14, 0, 1
5647, 496900490, 27, 0, 1
6173, 496906663, 17, 0, 1
11788, 496918451, 36, 0, 1
5615, 496924066, 21, 0, 1
5650, 496929716, 18, 0, 1
6160, 496935876, 19, 0, 1
11796, 496947672, 28, 0, 1
5628, 496953300, 18, 0, 1
5648, 496958948, 24, 0, 1
6141, 496965089, 28, 0, 1
11775, 496976864, 34, 0, 1
5658, 496982522, 11, 0, 1
5658, 496988180, 9, 0, 1
6167, 496994347, 14, 0, 1
11775, 497006122, 29, 0, 1
5652, 497011774, 17, 0, 1
5657, 497017431, 14, 0, 1
6122, 497023553, 27, 0, 1
11769, 497035322, 34, 0, 1
5643, 497040965, 26, 0, 1
5645, 497046610, 20, 0, 1
6149, 497052759, 20, 0, 1
11788, 497064547, 34, 0, 1
5628, 497070175, 15, 0, 1
5651, 497075826, 17, 0, 1
6154, 497081980, 23, 0, 1
11808, 497093788, 33, 0, 1
5658, 497099446, 9, 0, 1
5654, 497105100, 22, 0, 1
6159, 497111259, 17, 0, 1
11787, 497123046, 33, 0, 1
5617, 497128663, 19, 0, 1
5648, 497134311, 20, 0, 1
6155, 497140466, 21, 0, 1
11797, 497152263, 28, 0, 1
5622, 497157885, 17, 0, 1
5658, 497163543, 9, 0, 1
7542, 497171085, 43, 0, 1
11803, 497182888, 23, 0, 1
5637, 497188525, 19, 0, 1
5658, 497194183, 11, 0, 1
6160, 497200343, 19, 0, 1
11777, 497212120, 30, 0, 1
5633, 497217753, 18, 0, 1
5658, 497223411, 7, 0, 1
6143, 497229554, 24, 0, 1
11753, 497241307, 28, 0, 1
5616, 497246923, 15, 0, 1
5652, 497252575, 13, 0, 1
6154, 497258729, 17, 0, 1
11796, 497270525, 19, 0, 1
5657, 497276182, 28, 0, 1
5658, 497281840, 9, 0, 1
6173, 497288013, 15, 0, 1
11767, 497299780, 35, 0, 1
5656, 497305436, 20, 0, 1
5658, 497311094, 7, 0, 1
6686, 497317780, 66, 0, 1
15048, 497332828, 169, 0, 1
6297, 497339125, 32, 0, 1
5624, 497344749, 18, 0, 1
6623, 497351372, 22, 0, 1
12226, 497363598, 33, 0, 1
6103, 497369701, 23, 0, 1
6112, 497375813, 29, 0, 1
6115, 497381928, 24, 0, 1
12223, 497394151, 40, 0, 1
6110, 497400261, 21, 0, 1
6084, 497406345, 27, 0, 1
12207, 497418552, 53, 0, 1
6111, 497424663, 23, 0, 1
6116, 497430779, 18, 0, 1
6074, 497436853, 23, 0, 1
12229, 497449082, 47, 0, 1
6108, 497455190, 23, 0, 1
6115, 497461305, 19, 0, 1
5650, 497466955, 24, 0, 1
12242, 497479197, 40, 0, 1
6074, 497485271, 22, 0, 1
6102, 497491373, 28, 0, 1
5638, 497497011, 27, 0, 1
11779, 497508790, 48, 0, 1
6133, 497514923, 15, 0, 1
5636, 497520559, 22, 0, 1
5658, 497526217, 8, 0, 1
11818, 497538035, 34, 0, 1
6138, 497544173, 16, 0, 1
5657, 497549830, 16, 0, 1
7029, 497556859, 30, 0, 1
11756, 497568615, 42, 0, 1
14345, 497582960, 284, 31, 1
5622, 497588582, 32, 0, 1
5658, 497594240, 8, 0, 1
11774, 497606014, 43, 0, 1
6134, 497612148, 32, 0, 1
5622, 497617770, 21, 0, 1
5649, 497623419, 29, 0, 1
11842, 497635261, 41, 0, 1
6112, 497641373, 22, 0, 1
5638, 497647011, 16, 0, 1
5648, 497652659, 21, 0, 1
11821, 497664480, 43, 0, 1
6151, 497670631, 15, 0, 1
5652, 497676283, 12, 0, 1
5643, 497681926, 18, 0, 1
11806, 497693732, 20, 0, 1
6125, 497699857, 21, 0, 1
6108, 497705965, 29, 0, 1
5651, 497711616, 25, 0, 1
12669, 497724285, 111, 5, 1
6126, 497730411, 23, 0, 1
5651, 497736062, 20, 0, 1
5652, 497741714, 13, 0, 1
11805, 497753519, 23, 0, 1
6131, 497759650, 22, 0, 1
6123, 497765773, 18, 0, 1
5658, 497771431, 12, 0, 1
11780, 497783211, 35, 0, 1
6090, 497789301, 25, 0, 1
5632, 497794933, 20, 0, 1
5657, 497800590, 14, 0, 1
11790, 497812380, 42, 0, 1
6151, 497818531, 18, 0, 1
5640, 497824171, 15, 0, 1
5658, 497829829, 10, 0, 1
11775, 497841604, 35, 0, 1
6138, 497847742, 15, 0, 1
5632, 497853374, 19, 0, 1
5652, 497859026, 14, 0, 1
11818, 497870844, 33, 0, 1
6138, 497876982, 16, 0, 1
5626, 497882608, 20, 0, 1
5621, 497888229, 20, 0, 1
11808, 497900037, 38, 0, 1
6143, 497906180, 23, 0, 1
5626, 497911806, 21, 0, 1
5633, 497917439, 15, 0, 1
11799, 497929238, 33, 0, 1
6138, 497935376, 14, 0, 1
7032, 497942408, 48, 1, 1
5656, 497948064, 21, 0, 1
11828, 497959892, 43, 0, 1
6138, 497966030, 14, 0, 1
6116, 497972146, 16, 0, 1
5637, 497977783, 25, 0, 1
11784, 497989567, 25, 0, 1
6138, 497995705, 18, 0, 1
6129, 498001834, 25, 0, 1
5652, 498007486, 13, 0, 1
11749, 498019235, 43, 0, 1
6126, 498025361, 20, 0, 1
5658, 498031019, 12, 0, 1
5654, 498036673, 26, 0, 1
11799, 498048472, 37, 0, 1
6151, 498054623, 15, 0, 1
5652, 498060275, 14, 0, 1
5626, 498065901, 20, 0, 1
11770, 498077671, 27, 0, 1
6108, 498083779, 17, 0, 1
5621, 498089400, 16, 0, 1
5652, 498095052, 12, 0, 1
11831, 498106883, 22, 0, 1
6138, 498113021, 11, 0, 1
5631, 498118652, 19, 0, 1
5658, 498124310, 9, 0, 1
11790, 498136100, 39, 0, 1
6151, 498142251, 15, 0, 1
5621, 498147872, 20, 0, 1
5656, 498153528, 20, 0, 1
11835, 498165363, 40, 0, 1
6112, 498171475, 21, 0, 1
5658, 498177133, 13, 0, 1
5658, 498182791, 10, 0, 1
11812, 498194603, 34, 0, 1
6120, 498200723, 21, 0, 1
5637, 498206360, 24, 0, 1
5658, 498212018, 11, 0, 1
11793, 498223811, 31, 0, 1
6138, 498229949, 15, 0, 1
5655, 498235604, 19, 0, 1
5658, 498241262, 11, 0, 1
11824, 498253086, 30, 0, 1
6147, 498259233, 31, 0, 1
5634, 498264867, 15, 0, 1
5622, 498270489, 19, 0, 1
11780, 498282269, 42, 0, 1
6144, 498288413, 32, 0, 1
5658, 498294071, 9, 0, 1
5646, 498299717, 18, 0, 1
11762, 498311479, 38, 0, 1
7509, 498318988, 35, 0, 1
5622, 498324610, 16, 0, 1
5667, 498330277, 26, 0, 1
11830, 498342107, 44, 0, 1
6138, 498348245, 16, 0, 1
5667, 498353912, 28, 0, 1
5652, 498359564, 19, 0, 1
11790, 498371354, 33, 0, 1
6164, 498377518, 15, 0, 1
5616, 498383134, 18, 0, 1
5662, 498388796, 30, 0, 1
11812, 498400608, 34, 0, 1
6138, 498406746, 15, 0, 1
5634, 498412380, 15, 0, 1
5652, 498418032, 18, 0, 1
11818, 498429850, 37, 0, 1
6138, 498435988, 15, 0, 1
5649, 498441637, 23, 0, 1
5658, 498447295, 8, 0, 1
11820, 498459115, 43, 0, 1
6102, 498465217, 19, 0, 1
5662, 498470879, 28, 0, 1
5658, 498476537, 6, 0, 1
11829, 498488366, 34, 0, 1
6126, 498494492, 19, 0, 1
5652, 498500144, 13, 0, 1
5632, 498505776, 23, 0, 1
11798, 498517574, 43, 0, 1
6144, 498523718, 15, 0, 1
5626, 498529344, 23, 0, 1
5648, 498534992, 26, 0, 1
11811, 498546803, 42, 0, 1
6119, 498552922, 24, 0, 1
5658, 498558580, 11, 0, 1
5658, 498564238, 10, 0, 1
11799, 498576037, 34, 0, 1
6138, 498582175, 15, 0, 1
5639, 498587814, 16, 0, 1
5651, 498593465, 15, 0, 1
11806, 498605271, 36, 0, 1
6151, 498611422, 17, 0, 1
5643, 498617065, 20, 0, 1
5645, 498622710, 24, 0, 1
11809, 498634519, 36, 0, 1
6115, 498640634, 22, 0, 1
5658, 498646292, 10, 0, 1
5652, 498651944, 13, 0, 1
11815, 498663759, 40, 0, 1
6138, 498669897, 16, 0, 1
5633, 498675530, 15, 0, 1
5651, 498681181, 19, 0, 1
13194, 498694375, 42, 0, 1
6145, 498700520, 17, 0, 1
5625, 498706145, 20, 0, 1
5650, 498711795, 14, 0, 1
11830, 498723625, 27, 0, 1
6138, 498729763, 15, 0, 1
5615, 498735378, 18, 0, 1
5658, 498741036, 9, 0, 1
11803, 498752839, 50, 0, 1
6164, 498759003, 16, 0, 1
5626, 498764629, 23, 0, 1
5658, 498770287, 9, 0, 1
11792, 498782079, 37, 0, 1
6138, 498788217, 17, 0, 1
5636, 498793853, 22, 0, 1
5662, 498799515, 28, 0, 1
11811, 498811326, 40, 0, 1
6138, 498817464, 15, 0, 1
5639, 498823103, 18, 0, 1
5650, 498828753, 16, 0, 1
11791, 498840544, 33, 0, 1
6136, 498846680, 24, 0, 1
5652, 498852332, 13, 0, 1
5631, 498857963, 21, 0, 1
11791, 498869754, 38, 0, 1
6138, 498875892, 16, 0, 1
5620, 498881512, 18, 0, 1
5684, 498887196, 32, 0, 1
11830, 498899026, 25, 0, 1
6138, 498905164, 14, 0, 1
5646, 498910810, 23, 0, 1
5658, 498916468, 8, 0, 1
11812, 498928280, 40, 0, 1
6138, 498934418, 17, 0, 1
5631, 498940049, 19, 0, 1
5651, 498945700, 20, 0, 1
11808, 498957508, 46, 0, 1
6138, 498963646, 19, 0, 1
5639, 498969285, 17, 0, 1
5658, 498974943, 8, 0, 1
11812, 498986755, 28, 0, 1
6151, 498992906, 22, 0, 1
5658, 498998564, 12, 0, 1
5638, 499004202, 25, 0, 1
11814, 499016016, 36, 0, 1
6138, 499022154, 16, 0, 1
5658, 499027812, 11, 0, 1
5658, 499033470, 8, 0, 1
11782, 499045252, 48, 0, 1
6114, 499051366, 18, 0, 1
5646, 499057012, 17, 0, 1
609563, 499666575, 11404, 526, 5
309719, 499976294, 4956, 259, 1
6633, 499982927, 90, 0, 1
10494, 499993421, 366, 14, 1
6645, 500000066, 48, 0, 1
14927, 500014993, 70, 2, 1
7779, 500022772, 120, 1, 1
6662, 500029434, 28, 0, 1
7078, 500036512, 56, 4, 1
782246, 782246, 17903, 194, 5
6267413, 7049659, 90923, 5542, 15
17412473, 24462132, 31567, 3224, 7
19408128, 43870260, 20237, 3534, 7
18996125, 62866385, 21224, 2230, 7
19688648, 82555033, 17976, 1815, 3
19601434, 102156467, 17999, 3227, 7
18653116, 120809583, 24209, 3475, 7
19052140, 139861723, 18985, 3247, 7
19760367, 159622090, 18625, 1960, 3
19706489, 179328579, 20782, 2258, 3
19647173, 198975752, 18664, 1761, 3
19569150, 218544902, 19185, 3442, 7
19633562, 238178464, 18299, 1674, 3
18395230, 256573694, 23760, 2685, 7
19559741, 276133435, 19825, 3201, 7
18948019, 295081454, 20406, 2481, 7
19682357, 314763811, 19512, 2822, 7
19698225, 334462036, 19583, 2978, 7
19673649, 354135685, 19606, 3386, 7
19556874, 373692559, 20605, 2429, 7
19830323, 393522882, 19501, 2636, 7
19731003, 413253885, 19112, 3255, 7
19697061, 432950946, 19212, 2048, 3
19639720, 452590666, 19968, 3769, 7
19584369, 472175035, 19701, 4436, 11
17554344, 489729379, 32107, 2144, 7
6608384, 496337763, 12390, 114, 6
11766, 496349529, 397, 3, 1
5645, 496355174, 21, 0, 1
6142, 496361316, 22, 0, 1
5638, 496366954, 19, 0, 1
11760, 496378714, 37, 0, 1
5657, 496384371, 24, 0, 1
6165, 496390536, 29, 0, 1
5639, 496396175, 23, 0, 1
11760, 496407935, 40, 0, 1
5646, 496413581, 17, 0, 1
6134, 496419715, 28, 0, 1
5658, 496425373, 14, 0, 1
13160, 496438533, 127, 0, 1
5646, 496444179, 20, 0, 1
6160, 496450339, 16, 0, 1
5626, 496455965, 24, 0, 1
11778, 496467743, 42, 0, 1
5646, 496473389, 18, 0, 1
15253, 496488642, 340, 5, 1
5637, 496494279, 43, 0, 1
11796, 496506075, 38, 0, 1
5626, 496511701, 24, 0, 1
6160, 496517861, 16, 0, 1
5651, 496523512, 18, 0, 1
11782, 496535294, 39, 0, 1
5646, 496540940, 25, 0, 1
6161, 496547101, 22, 0, 1
5644, 496552745, 16, 0, 1
11760, 496564505, 38, 0, 1
5658, 496570163, 14, 0, 1
6160, 496576323, 16, 0, 1
5658, 496581981, 13, 0, 1
11778, 496593759, 37, 0, 1
5652, 496599411, 13, 0, 1
6160, 496605571, 14, 0, 1
5652, 496611223, 17, 0, 1
11796, 496623019, 24, 0, 1
5658, 496628677, 13, 0, 1
6179, 496634856, 22, 0, 1
5652, 496640508, 28, 0, 1
11796, 496652304, 23, 0, 1
5651, 496657955, 17, 0, 1
6127, 496664082, 27, 0, 1
5645, 496669727, 19, 0, 1
13148, 496682875, 96, 6, 1
5640, 496688515, 26, 0, 1
6138, 496694653, 18, 0, 1
11778, 496706431, 27, 0, 1
5646, 496712077, 22, 0, 1
5658, 496717735, 12, 0, 1
6167, 496723902, 26, 0, 1
11780, 496735682, 37, 0, 1
5658, 496741340, 12, 0, 1
5643, 496746983, 22, 0, 1
6154, 496753137, 18, 0, 1
11774, 496764911, 38, 0, 1
5640, 496770551, 20, 0, 1
5658, 496776209, 9, 0, 1
6141, 496782350, 28, 0, 1
11778, 496794128, 47, 0, 1
5634, 496799762, 17, 0, 1
5656, 496805418, 19, 0, 1
6160, 496811578, 15, 0, 1
13193, 496824771, 52, 0, 1
5658, 496830429, 13, 0, 1
5610, 496836039, 21, 0, 1
6148, 496842187, 20, 0, 1
11795, 496853982, 49, 0, 1
5658, 496859640, 13, 0, 1
5644, 496865284, 22, 0, 1
6161, 496871445, 23, 0, 1
12293, 496883738, 76, 0, 1
6327, 496890065, 34, 0, 1
5649, 496895714, 14, 0, 1
6685, 496902399, 21, 0, 1
12929, 496915328, 38, 0, 1
6104, 496921432, 25, 0, 1
5652, 496927084, 14, 0, 1
6132, 496933216, 20, 0, 1
12218, 496945434, 41, 0, 1
6103, 496951537, 25, 0, 1
6116, 496957653, 17, 0, 1
6107, 496963760, 24, 0, 1
12231, 496975991, 29, 0, 1
6090, 496982081, 24, 0, 1
6116, 496988197, 22, 0, 1
6103, 496994300, 22, 0, 1
12188, 497006488, 37, 0, 1
6123, 497012611, 20, 0, 1
6116, 497018727, 15, 0, 1
6090, 497024817, 22, 0, 1
12231, 497037048, 32, 0, 1
6116, 497043164, 20, 0, 1
5646, 497048810, 19, 0, 1
6138, 497054948, 16, 0, 1
12232, 497067180, 38, 1, 1
6116, 497073296, 15, 0, 1
5640, 497078936, 16, 0, 1
6117, 497085053, 23, 0, 1
11784, 497096837, 30, 0, 1
6116, 497102953, 19, 0, 1
5658, 497108611, 11, 0, 1
6151, 497114762, 16, 0, 1
11782, 497126544, 37, 0, 1
5658, 497132202, 11, 0, 1
5657, 497137859, 18, 0, 1
6160, 497144019, 13, 0, 1
11807, 497155826, 37, 0, 1
5622, 497161448, 11, 0, 1
5658, 497167106, 10, 0, 1
6154, 497173260, 16, 0, 1
11766, 497185026, 28, 0, 1
6116, 497191142, 14, 0, 1
5634, 497196776, 17, 0, 1
6151, 497202927, 16, 0, 1
13168, 497216095, 54, 0, 1
5658, 497221753, 11, 0, 1
5658, 497227411, 10, 0, 1
6160, 497233571, 15, 0, 1
11783, 497245354, 35, 0, 1
5658, 497251012, 11, 0, 1
5646, 497256658, 15, 0, 1
6167, 497262825, 16, 0, 1
11790, 497274615, 31, 0, 1
5648, 497280263, 26, 0, 1
5646, 497285909, 15, 0, 1
6124, 497292033, 20, 0, 1
11807, 497303840, 36, 0, 1
5658, 497309498, 11, 0, 1
5658, 497315156, 13, 0, 1
6147, 497321303, 20, 0, 1
11776, 497333079, 31, 0, 1
6116, 497339195, 17, 0, 1
5632, 497344827, 24, 0, 1
6151, 497350978, 16, 0, 1
11790, 497362768, 23, 0, 1
5620, 497368388, 18, 0, 1
5662, 497374050, 28, 0, 1
6148, 497380198, 22, 0, 1
11796, 497391994, 36, 0, 1
6115, 497398109, 23, 0, 1
5658, 497403767, 10, 0, 1
6124, 497409891, 24, 0, 1
11783, 497421674, 27, 0, 1
6116, 497427790, 19, 0, 1
5625, 497433415, 23, 0, 1
6138, 497439553, 23, 0, 1
11805, 497451358, 39, 0, 1
6104, 497457462, 27, 0, 1
5652, 497463114, 12, 0, 1
6138, 497469252, 15, 0, 1
11748, 497481000, 32, 0, 1
6117, 497487117, 20, 0, 1
5655, 497492772, 17, 0, 1
6138, 497498910, 16, 0, 1
11783, 497510693, 41, 0, 1
6092, 497516785, 22, 0, 1
5651, 497522436, 15, 0, 1
6138, 497528574, 15, 0, 1
11778, 497540352, 28, 0, 1
6113, 497546465, 32, 0, 1
5658, 497552123, 11, 0, 1
6128, 497558251, 32, 0, 1
11785, 497570036, 33, 0, 1
6104, 497576140, 21, 0, 1
5652, 497581792, 12, 0, 1
7528, 497589320, 30, 0, 1
11792, 497601112, 40, 0, 1
6104, 497607216, 16, 0, 1
5616, 497612832, 19, 0, 1
6111, 497618943, 28, 0, 1
11809, 497630752, 28, 0, 1
6074, 497636826, 22, 0, 1
5621, 497642447, 20, 0, 1
6136, 497648583, 21, 0, 1
11790, 497660373, 32, 0, 1
5658, 497666031, 13, 0, 1
5610, 497671641, 20, 0, 1
6166, 497677807, 20, 0, 1
11765, 497689572, 34, 0, 1
5640, 497695212, 19, 0, 1
5634, 497700846, 17, 0, 1
6160, 497707006, 17, 0, 1
11796, 497718802, 27, 0, 1
6129, 497724931, 17, 0, 1
5652, 497730583, 17, 0, 1
6131, 497736714, 25, 0, 1
11789, 497748503, 30, 0, 1
5658, 497754161, 9, 0, 1
5658, 497759819, 11, 0, 1
6154, 497765973, 21, 0, 1
11804, 497777777, 31, 0, 1
6104, 497783881, 26, 0, 1
5658, 497789539, 11, 0, 1
6112, 497795651, 26, 0, 1
11784, 497807435, 29, 0, 1
6085, 497813520, 27, 0, 1
5657, 497819177, 18, 0, 1
6151, 497825328, 15, 0, 1
11792, 497837120, 48, 0, 1
6116, 497843236, 16, 0, 1
5658, 497848894, 11, 0, 1
6138, 497855032, 16, 0, 1
11797, 497866829, 29, 0, 1
6104, 497872933, 22, 0, 1
5610, 497878543, 16, 0, 1
6126, 497884669, 20, 0, 1
12243, 497896912, 35, 0, 1
5658, 497902570, 11, 0, 1
5662, 497908232, 23, 0, 1
6167, 497914399, 20, 0, 1
11800, 497926199, 27, 0, 1
6116, 497932315, 13, 0, 1
5652, 497937967, 11, 0, 1
6102, 497944069, 22, 0, 1
11795, 497955864, 27, 0, 1
5633, 497961497, 19, 0, 1
7035, 497968532, 24, 0, 1
6172, 497974704, 21, 0, 1
11795, 497986499, 27, 0, 1
5658, 497992157, 16, 0, 1
5658, 497997815, 9, 0, 1
6136, 498003951, 20, 0, 1
11808, 498015759, 29, 0, 1
5653, 498021412, 30, 0, 1
5658, 498027070, 10, 0, 1
6160, 498033230, 15, 0, 1
11752, 498044982, 75, 4, 1
5615, 498050597, 18, 0, 1
5657, 498056254, 23, 0, 1
6173, 498062427, 11, 0, 1
11754, 498074181, 31, 0, 1
5634, 498079815, 22, 0, 1
5640, 498085455, 17, 0, 1
6160, 498091615, 17, 0, 1
11810, 498103425, 42, 0, 1
5652, 498109077, 24, 0, 1
5658, 498114735, 7, 0, 1
6139, 498120874, 23, 0, 1
11778, 498132652, 31, 0, 1
5652, 498138304, 14, 0, 1
5657, 498143961, 20, 0, 1
6186, 498150147, 16, 0, 1
11776, 498161923, 34, 0, 1
5628, 498167551, 19, 0, 1
5649, 498173200, 29, 0, 1
6159, 498179359, 20, 0, 1
11786, 498191145, 40, 0, 1
5639, 498196784, 16, 0, 1
5655, 498202439, 31, 0, 1
6173, 498208612, 15, 0, 1
11796, 498220408, 24, 0, 1
5644, 498226052, 22, 0, 1
5651, 498231703, 19, 0, 1
6160, 498237863, 16, 0, 1
11802, 498249665, 41, 0, 1
5646, 498255311, 13, 0, 1
5626, 498260937, 20, 0, 1
6160, 498267097, 16, 0, 1
11772, 498278869, 30, 0, 1
5645, 498284514, 17, 0, 1
5646, 498290160, 19, 0, 1
6166, 498296326, 20, 0, 1
11796, 498308122, 27, 0, 1
5643, 498313765, 22, 0, 1
5658, 498319423, 8, 0, 1
6152, 498325575, 27, 0, 1
11783, 498337358, 43, 0, 1
7035, 498344393, 25, 0, 1
5646, 498350039, 14, 0, 1
6147, 498356186, 20, 0, 1
11766, 498367952, 28, 0, 1
5658, 498373610, 13, 0, 1
5652, 498379262, 14, 0, 1
6160, 498385422, 23, 0, 1
11771, 498397193, 29, 0, 1
5651, 498402844, 20, 0, 1
5643, 498408487, 25, 0, 1
6160, 498414647, 16, 0, 1
11772, 498426419, 27, 0, 1
5652, 498432071, 9, 0, 1
5652, 498437723, 15, 0, 1
6173, 498443896, 14, 0, 1
11774, 498455670, 38, 0, 1
5658, 498461328, 11, 0, 1
5652, 498466980, 14, 0, 1
6160, 498473140, 16, 0, 1
11781, 498484921, 39, 0, 1
5658, 498490579, 12, 0, 1
5646, 498496225, 19, 0, 1
6127, 498502352, 26, 0, 1
11770, 498514122, 30, 0, 1
5639, 498519761, 19, 0, 1
5661, 498525422, 25, 0, 1
6150, 498531572, 24, 0, 1
11797, 498543369, 53, 0, 1
5658, 498549027, 9, 0, 1
5658, 498554685, 10, 0, 1
6122, 498560807, 24, 0, 1
11793, 498572600, 35, 0, 1
5634, 498578234, 17, 0, 1
5644, 498583878, 17, 0, 1
6118, 498589996, 22, 0, 1
11770, 498601766, 31, 0, 1
5628, 498607394, 17, 0, 1
5646, 498613040, 15, 0, 1
6154, 498619194, 21, 0, 1
11789, 498630983, 34, 0, 1
5658, 498636641, 18, 0, 1
5646, 498642287, 16, 0, 1
6118, 498648405, 24, 0, 1
11790, 498660195, 25, 0, 1
5658, 498665853, 13, 0, 1
5649, 498671502, 23, 0, 1
6161, 498677663, 23, 0, 1
11778, 498689441, 27, 0, 1
5658, 498695099, 12, 0, 1
5658, 498700757, 9, 0, 1
889108, 499589865, 14864, 1037, 5
21381, 499611246, 897, 47, 1
6703, 499617949, 51, 0, 1
6683, 499624632, 39, 0, 1
18134, 499642766, 378, 8, 1
6725, 499649491, 38, 0, 1
8258, 499657749, 142, 1, 1
6333, 499664082, 21, 0, 1
13251, 499677333, 41, 0, 1
165132, 165132, 5474, 68, 1
5354303, 5519435, 95077, 2042, 16
16546029, 22065464, 39937, 4252, 2
18944524, 41009988, 20185, 2901, 7
19376875, 60386863, 20946, 2479, 7
19690401, 80077264, 17631, 1478, 3
19534376, 99611640, 18803, 2686, 7
18782507, 118394147, 23927, 3805, 7
19143494, 137537641, 18917, 3126, 7
19223112, 156760753, 18485, 1710, 3
19654341, 176415094, 21038, 1940, 3
19601999, 196017093, 18855, 1086, 3
19647091, 215664184, 18540, 3299, 7
19578053, 235242237, 18799, 1884, 3
18738618, 253980855, 25510, 2129, 7
18879920, 272860775, 18913, 2540, 7
19331387, 292192162, 18941, 1901, 3
19405834, 311597996, 19389, 2752, 7
19650632, 331248628, 19757, 3101, 7
19623265, 350871893, 18968, 3286, 7
19560610, 370432503, 18710, 2706, 7
19744764, 390177267, 18597, 2427, 7
19575395, 409752662, 20324, 2851, 7
19657358, 429410020, 18772, 1840, 3
19633999, 449044019, 18619, 2843, 7
19656439, 468700458, 18575, 3786, 7
17387707, 486088165, 28887, 3066, 7
10093333, 496181498, 17435, 52, 12
130670, 496312168, 2617, 81, 1
6116, 496318284, 33, 0, 1
11780, 496330064, 43, 0, 1
5658, 496335722, 10, 0, 1
5652, 496341374, 25, 0, 1
11804, 496353178, 49, 0, 1
6153, 496359331, 43, 0, 1
5632, 496364963, 25, 0, 1
5658, 496370621, 12, 0, 1
13172, 496383793, 134, 1, 1
6125, 496389918, 25, 0, 1
5640, 496395558, 15, 0, 1
5657, 496401215, 20, 0, 1
11818, 496413033, 35, 0, 1
6120, 496419153, 18, 0, 1
5652, 496424805, 13, 0, 1
5658, 496430463, 12, 0, 1
11781, 496442244, 48, 0, 1
15202, 496457446, 342, 8, 1
5627, 496463073, 34, 0, 1
5645, 496468718, 27, 0, 1
11811, 496480529, 35, 0, 1
6138, 496486667, 20, 0, 1
5658, 496492325, 9, 0, 1
5652, 496497977, 14, 0, 1
11812, 496509789, 37, 0, 1
6138, 496515927, 16, 0, 1
5627, 496521554, 21, 0, 1
5658, 496527212, 11, 0, 1
11793, 496539005, 44, 0, 1
6138, 496545143, 19, 0, 1
5633, 496550776, 22, 0, 1
5652, 496556428, 16, 0, 1
11801, 496568229, 41, 0, 1
6138, 496574367, 15, 0, 1
5652, 496580019, 14, 0, 1
5652, 496585671, 13, 0, 1
11775, 496597446, 37, 0, 1
6151, 496603597, 20, 0, 1
5646, 496609243, 16, 0, 1
5627, 496614870, 21, 0, 1
11788, 496626658, 39, 0, 1
6138, 496632796, 18, 0, 1
5646, 496638442, 18, 0, 1
5645, 496644087, 18, 0, 1
11831, 496655918, 27, 0, 1
6138, 496662056, 17, 0, 1
5633, 496667689, 21, 0, 1
5634, 496673323, 21, 0, 1
11775, 496685098, 36, 0, 1
6164, 496691262, 17, 0, 1
5642, 496696904, 23, 0, 1
5658, 496702562, 13, 0, 1
11770, 496714332, 35, 0, 1
6132, 496720464, 19, 0, 1
5650, 496726114, 17, 0, 1
5645, 496731759, 20, 0, 1
11813, 496743572, 32, 0, 1
6138, 496749710, 17, 0, 1
5645, 496755355, 20, 0, 1
7028, 496762383, 42, 0, 1
11832, 496774215, 45, 0, 1
6144, 496780359, 31, 0, 1
5658, 496786017, 14, 0, 1
5652, 496791669, 15, 0, 1
11818, 496803487, 39, 0, 1
6113, 496809600, 27, 0, 1
5652, 496815252, 17, 0, 1
5652, 496820904, 15, 0, 1
11817, 496832721, 29, 0, 1
6643, 496839364, 70, 0, 1
6327, 496845691, 25, 0, 1
5649, 496851340, 18, 0, 1
12995, 496864335, 34, 0, 1
6508, 496870843, 35, 0, 1
6567, 496877410, 25, 0, 1
5658, 496883068, 11, 0, 1
12213, 496895281, 38, 0, 1
6118, 496901399, 29, 0, 1
6090, 496907489, 23, 0, 1
6073, 496913562, 23, 0, 1
12207, 496925769, 39, 0, 1
6115, 496931884, 25, 0, 1
6114, 496937998, 28, 0, 1
6090, 496944088, 24, 0, 1
12214, 496956302, 31, 0, 1
6113, 496962415, 34, 0, 1
6110, 496968525, 19, 0, 1
6104, 496974629, 24, 0, 1
12220, 496986849, 36, 0, 1
6109, 496992958, 29, 0, 1
6116, 496999074, 19, 0, 1
5658, 497004732, 14, 0, 1
11770, 497016502, 41, 0, 1
6138, 497022640, 18, 0, 1
5643, 497028283, 25, 0, 1
5652, 497033935, 15, 0, 1
11808, 497045743, 51, 0, 1
6138, 497051881, 16, 0, 1
5658, 497057539, 10, 0, 1
5646, 497063185, 19, 0, 1
11823, 497075008, 40, 0, 1
6164, 497081172, 15, 0, 1
5628, 497086800, 15, 0, 1
5645, 497092445, 25, 0, 1
11811, 497104256, 30, 0, 1
6138, 497110394, 18, 0, 1
5620, 497116014, 17, 0, 1
5661, 497121675, 30, 0, 1
11793, 497133468, 43, 0, 1
6138, 497139606, 15, 0, 1
7010, 497146616, 31, 0, 1
5658, 497152274, 13, 0, 1
11775, 497164049, 33, 0, 1
6151, 497170200, 17, 0, 1
5634, 497175834, 16, 0, 1
5652, 497181486, 12, 0, 1
11781, 497193267, 41, 0, 1
6132, 497199399, 21, 0, 1
5644, 497205043, 24, 0, 1
5651, 497210694, 17, 0, 1
11825, 497222519, 34, 0, 1
6130, 497228649, 33, 0, 1
5645, 497234294, 19, 0, 1
5652, 497239946, 14, 0, 1
11784, 497251730, 40, 0, 1
6138, 497257868, 17, 0, 1
5658, 497263526, 8, 0, 1
5652, 497269178, 13, 0, 1
11769, 497280947, 40, 0, 1
6138, 497287085, 18, 0, 1
5646, 497292731, 11, 0, 1
5628, 497298359, 21, 0, 1
11810, 497310169, 38, 0, 1
6143, 497316312, 29, 0, 1
6116, 497322428, 18, 0, 1
5664, 497328092, 25, 0, 1
11796, 497339888, 24, 0, 1
6138, 497346026, 18, 0, 1
6109, 497352135, 23, 0, 1
5652, 497357787, 23, 0, 1
11809, 497369596, 23, 0, 1
6107, 497375703, 25, 0, 1
6116, 497381819, 20, 0, 1
5632, 497387451, 22, 0, 1
11796, 497399247, 29, 0, 1
6116, 497405363, 18, 0, 1
6151, 497411514, 18, 0, 1
5640, 497417154, 25, 0, 1
11789, 497428943, 38, 0, 1
6126, 497435069, 22, 0, 1
5658, 497440727, 13, 0, 1
5657, 497446384, 13, 0, 1
11840, 497458224, 42, 0, 1
6114, 497464338, 20, 0, 1
5658, 497469996, 12, 0, 1
5650, 497475646, 25, 0, 1
11802, 497487448, 43, 0, 1
6137, 497493585, 23, 0, 1
5658, 497499243, 9, 0, 1
5645, 497504888, 23, 0, 1
11812, 497516700, 35, 0, 1
7522, 497524222, 29, 0, 1
5658, 497529880, 12, 0, 1
5650, 497535530, 26, 0, 1
11813, 497547343, 32, 0, 1
6145, 497553488, 16, 0, 1
5658, 497559146, 13, 0, 1
5658, 497564804, 13, 0, 1
11793, 497576597, 44, 0, 1
6138, 497582735, 15, 0, 1
5639, 497588374, 25, 0, 1
5626, 497594000, 24, 0, 1
11794, 497605794, 28, 0, 1
6108, 497611902, 18, 0, 1
5652, 497617554, 13, 0, 1
5650, 497623204, 25, 0, 1
11776, 497634980, 43, 0, 1
6130, 497641110, 35, 0, 1
5645, 497646755, 29, 0, 1
5646, 497652401, 19, 0, 1
11799, 497664200, 38, 0, 1
6138, 497670338, 17, 0, 1
6116, 497676454, 18, 0, 1
5615, 497682069, 23, 0, 1
11804, 497693873, 35, 0, 1
6132, 497700005, 19, 0, 1
5658, 497705663, 13, 0, 1
5658, 497711321, 18, 0, 1
11782, 497723103, 28, 0, 1
6138, 497729241, 13, 0, 1
5657, 497734898, 19, 0, 1
5646, 497740544, 14, 0, 1
11810, 497752354, 43, 0, 1
6138, 497758492, 14, 0, 1
6090, 497764582, 28, 0, 1
5658, 497770240, 13, 0, 1
11758, 497781998, 40, 0, 1
6120, 497788118, 24, 0, 1
5638, 497793756, 23, 0, 1
5655, 497799411, 31, 0, 1
11800, 497811211, 33, 0, 1
6136, 497817347, 22, 0, 1
5654, 497823001, 30, 0, 1
5658, 497828659, 13, 0, 1
11811, 497840470, 43, 0, 1
6100, 497846570, 24, 0, 1
5656, 497852226, 18, 0, 1
5658, 497857884, 10, 0, 1
11781, 497869665, 38, 0, 1
6151, 497875816, 17, 0, 1
5645, 497881461, 21, 0, 1
5643, 497887104, 25, 0, 1
13201, 497900305, 57, 0, 1
6138, 497906443, 18, 0, 1
5639, 497912082, 15, 0, 1
5658, 497917740, 8, 0, 1
11833, 497929573, 35, 0, 1
6138, 497935711, 16, 0, 1
5655, 497941366, 20, 0, 1
5658, 497947024, 10, 0, 1
11792, 497958816, 40, 0, 1
6113, 497964929, 21, 0, 1
5652, 497970581, 17, 0, 1
5658, 497976239, 9, 0, 1
11787, 497988026, 39, 0, 1
6120, 497994146, 23, 0, 1
5657, 497999803, 15, 0, 1
5637, 498005440, 20, 0, 1
11780, 498017220, 27, 0, 1
6137, 498023357, 23, 0, 1
5627, 498028984, 21, 0, 1
5651, 498034635, 17, 0, 1
11811, 498046446, 25, 0, 1
6131, 498052577, 20, 0, 1
5658, 498058235, 10, 0, 1
5652, 498063887, 16, 0, 1
11812, 498075699, 34, 0, 1
6132, 498081831, 15, 0, 1
5656, 498087487, 28, 0, 1
5658, 498093145, 10, 0, 1
11758, 498104903, 47, 0, 1
6146, 498111049, 34, 0, 1
5658, 498116707, 13, 0, 1
5658, 498122365, 11, 0, 1
11800, 498134165, 27, 0, 1
6138, 498140303, 17, 0, 1
5643, 498145946, 23, 0, 1
5658, 498151604, 11, 0, 1
11830, 498163434, 38, 0, 1
6137, 498169571, 23, 0, 1
5634, 498175205, 20, 0, 1
5646, 498180851, 19, 0, 1
11805, 498192656, 31, 0, 1
6123, 498198779, 22, 0, 1
5656, 498204435, 26, 0, 1
5658, 498210093, 13, 0, 1
11806, 498221899, 43, 0, 1
6054, 498227953, 19, 0, 1
5642, 498233595, 23, 0, 1
5652, 498239247, 15, 0, 1
11817, 498251064, 29, 0, 1
6158, 498257222, 16, 0, 1
5632, 498262854, 22, 0, 1
5658, 498268512, 12, 0, 1
13186, 498281698, 44, 0, 1
6096, 498287794, 27, 0, 1
5659, 498293453, 25, 0, 1
5661, 498299114, 27, 0, 1
11820, 498310934, 31, 0, 1
6138, 498317072, 14, 0, 1
5644, 498322716, 16, 0, 1
11787, 498334503, 29, 0, 1
5658, 498340161, 11, 0, 1
6139, 498346300, 18, 0, 1
5615, 498351915, 20, 0, 1
11817, 498363732, 28, 0, 1
5658, 498369390, 11, 0, 1
6154, 498375544, 27, 0, 1
5634, 498381178, 14, 0, 1
11831, 498393009, 25, 0, 1
5638, 498398647, 26, 0, 1
6117, 498404764, 30, 0, 1
5622, 498410386, 19, 0, 1
11818, 498422204, 21, 0, 1
5658, 498427862, 9, 0, 1
6138, 498434000, 17, 0, 1
5631, 498439631, 21, 0, 1
11824, 498451455, 30, 0, 1
5652, 498457107, 14, 0, 1
6138, 498463245, 16, 0, 1
5646, 498468891, 18, 0, 1
11804, 498480695, 71, 3, 1
5649, 498486344, 24, 0, 1
6139, 498492483, 18, 0, 1
5652, 498498135, 19, 0, 1
11805, 498509940, 31, 0, 1
5652, 498515592, 13, 0, 1
6137, 498521729, 27, 0, 1
5652, 498527381, 13, 0, 1
11819, 498539200, 33, 0, 1
5658, 498544858, 8, 0, 1
6138, 498550996, 16, 0, 1
5639, 498556635, 16, 0, 1
11808, 498568443, 35, 0, 1
890111, 499458554, 15201, 782, 5
6747, 499465301, 99, 0, 1
6397, 499471698, 25, 0, 1
18884, 499490582, 465, 13, 1
6724, 499497306, 54, 0, 1
6664, 499503970, 22, 0, 1
8257, 499512227, 158, 4, 1
12966, 499525193, 41, 0, 1
6595, 499531788, 29, 1, 1
