3373954, 3373954, 65980, 175, 14
11191180, 14565134, 65631, 1767, 8
19356699, 33921833, 18897, 1201, 3
18643641, 52565474, 23272, 1329, 3
19474298, 72039772, 18259, 1266, 3
19712256, 91752028, 17972, 860, 3
19565767, 111317795, 17694, 1144, 3
18660546, 129978341, 25539, 1926, 7
19122593, 149100934, 18588, 709, 3
19894234, 168995168, 18585, 1161, 3
19629741, 188624909, 20998, 922, 3
19689180, 208314089, 19415, 1501, 3
19552933, 227867022, 18655, 1726, 3
19651047, 247518069, 18459, 1201, 3
18230827, 265748896, 24947, 952, 3
19453421, 285202317, 19502, 1523, 3
19320204, 304522521, 18675, 816, 3
19732268, 324254789, 18423, 1853, 3
19780446, 344035235, 18852, 1576, 3
19673464, 363708699, 19298, 1367, 3
19890573, 383599272, 18135, 1389, 3
19608243, 403207515, 18895, 998, 3
19785490, 422993005, 18382, 923, 3
19765082, 442758087, 18790, 877, 3
19721418, 462479505, 18482, 1581, 3
19710644, 482190149, 18726, 1586, 3
11533453, 493723602, 29162, 53, 19
2742735, 496466337, 7363, 14, 5
5658, 496471995, 29, 0, 1
5652, 496477647, 18, 0, 1
6136, 496483783, 23, 0, 1
11785, 496495568, 26, 0, 1
5646, 496501214, 13, 0, 1
5658, 496506872, 8, 0, 1
6146, 496513018, 18, 0, 1
11796, 496524814, 20, 0, 1
5627, 496530441, 20, 0, 1
5659, 496536100, 25, 0, 1
6151, 496542251, 25, 0, 1
11796, 496554047, 20, 0, 1
5650, 496559697, 15, 0, 1
5662, 496565359, 15, 0, 1
6160, 496571519, 15, 0, 1
11809, 496583328, 29, 0, 1
5661, 496588989, 24, 0, 1
5627, 496594616, 18, 0, 1
6160, 496600776, 19, 0, 1
11783, 496612559, 49, 0, 1
5634, 496618193, 15, 0, 1
5658, 496623851, 8, 0, 1
6160, 496630011, 23, 0, 1
11781, 496641792, 36, 0, 1
5658, 496647450, 11, 0, 1
5658, 496653108, 11, 0, 1
7532, 496660640, 109, 0, 1
11786, 496672426, 50, 7, 1
5658, 496678084, 11, 0, 1
5658, 496683742, 10, 0, 1
15248, 496698990, 306, 0, 1
11789, 496710779, 52, 0, 1
5658, 496716437, 10, 0, 1
5658, 496722095, 10, 0, 1
6128, 496728223, 23, 0, 1
11780, 496740003, 44, 0, 1
5632, 496745635, 19, 0, 1
5653, 496751288, 25, 0, 1
6147, 496757435, 22, 0, 1
11772, 496769207, 27, 0, 1
5658, 496774865, 12, 0, 1
5658, 496780523, 10, 0, 1
6157, 496786680, 28, 0, 1
11764, 496798444, 44, 0, 1
5641, 496804085, 18, 0, 1
5658, 496809743, 9, 0, 1
6154, 496815897, 15, 0, 1
11782, 496827679, 55, 0, 1
5633, 496833312, 19, 0, 1
5658, 496838970, 11, 0, 1
6144, 496845114, 27, 0, 1
11778, 496856892, 28, 0, 1
5645, 496862537, 24, 0, 1
5658, 496868195, 11, 0, 1
6160, 496874355, 24, 0, 1
11795, 496886150, 40, 0, 1
5650, 496891800, 20, 0, 1
5652, 496897452, 16, 0, 1
6112, 496903564, 22, 0, 1
11790, 496915354, 27, 0, 1
5655, 496921009, 20, 0, 1
5652, 496926661, 24, 0, 1
6166, 496932827, 25, 0, 1
11789, 496944616, 45, 0, 1
5658, 496950274, 11, 0, 1
5658, 496955932, 9, 0, 1
6160, 496962092, 23, 0, 1
11811, 496973903, 29, 0, 1
5658, 496979561, 12, 0, 1
5658, 496985219, 9, 0, 1
6649, 496991868, 66, 0, 1
12955, 497004823, 49, 0, 1
6315, 497011138, 23, 0, 1
5649, 497016787, 14, 0, 1
6637, 497023424, 37, 0, 1
11773, 497035197, 26, 0, 1
6115, 497041312, 19, 0, 1
7029, 497048341, 33, 0, 1
6120, 497054461, 20, 0, 1
12224, 497066685, 37, 0, 1
6116, 497072801, 16, 0, 1
6074, 497078875, 23, 0, 1
6112, 497084987, 30, 0, 1
12206, 497097193, 37, 0, 1
6116, 497103309, 15, 0, 1
6116, 497109425, 16, 0, 1
6117, 497115542, 23, 0, 1
12213, 497127755, 35, 0, 1
6095, 497133850, 27, 0, 1
5658, 497139508, 10, 0, 1
6138, 497145646, 15, 0, 1
12212, 497157858, 37, 0, 1
6107, 497163965, 27, 0, 1
5658, 497169623, 11, 0, 1
6130, 497175753, 26, 0, 1
11787, 497187540, 46, 0, 1
5658, 497193198, 7, 0, 1
5658, 497198856, 10, 0, 1
6123, 497204979, 25, 0, 1
11777, 497216756, 39, 0, 1
5637, 497222393, 23, 0, 1
5645, 497228038, 25, 0, 1
6160, 497234198, 15, 0, 1
11794, 497245992, 29, 0, 1
5658, 497251650, 16, 0, 1
5658, 497257308, 9, 0, 1
6143, 497263451, 18, 0, 1
11760, 497275211, 27, 0, 1
5632, 497280843, 20, 0, 1
5658, 497286501, 15, 0, 1
6146, 497292647, 25, 0, 1
11790, 497304437, 27, 0, 1
5658, 497310095, 10, 0, 1
5656, 497315751, 24, 0, 1
6160, 497321911, 18, 0, 1
11764, 497333675, 41, 0, 1
5658, 497339333, 10, 0, 1
5621, 497344954, 16, 0, 1
6156, 497351110, 21, 0, 1
11758, 497362868, 29, 0, 1
5652, 497368520, 11, 0, 1
5646, 497374166, 27, 0, 1
6136, 497380302, 27, 0, 1
11796, 497392098, 24, 0, 1
5658, 497397756, 12, 0, 1
5656, 497403412, 20, 0, 1
6146, 497409558, 27, 0, 1
11777, 497421335, 48, 0, 1
7035, 497428370, 31, 0, 1
5658, 497434028, 11, 0, 1
6147, 497440175, 27, 0, 1
19998, 497460173, 284, 24, 1
5646, 497465819, 25, 0, 1
5659, 497471478, 27, 0, 1
6160, 497477638, 15, 0, 1
11781, 497489419, 35, 0, 1
5658, 497495077, 10, 0, 1
5658, 497500735, 8, 0, 1
6164, 497506899, 24, 0, 1
11789, 497518688, 30, 0, 1
5628, 497524316, 16, 0, 1
5645, 497529961, 23, 0, 1
6135, 497536096, 27, 0, 1
11809, 497547905, 21, 0, 1
5634, 497553539, 25, 0, 1
5644, 497559183, 25, 0, 1
11776, 497570959, 32, 0, 1
6102, 497577061, 25, 0, 1
5616, 497582677, 18, 0, 1
5651, 497588328, 13, 0, 1
12707, 497601035, 99, 3, 1
6120, 497607155, 20, 0, 1
5652, 497612807, 15, 0, 1
5658, 497618465, 10, 0, 1
11804, 497630269, 32, 0, 1
6120, 497636389, 20, 0, 1
5639, 497642028, 21, 0, 1
5645, 497647673, 15, 0, 1
11812, 497659485, 37, 0, 1
6138, 497665623, 14, 0, 1
5638, 497671261, 28, 0, 1
5658, 497676919, 12, 0, 1
11806, 497688725, 25, 0, 1
6137, 497694862, 26, 0, 1
5646, 497700508, 12, 0, 1
5662, 497706170, 26, 0, 1
11776, 497717946, 27, 0, 1
6138, 497724084, 17, 0, 1
5658, 497729742, 10, 0, 1
5639, 497735381, 22, 0, 1
11798, 497747179, 44, 0, 1
6138, 497753317, 16, 0, 1
5644, 497758961, 19, 0, 1
5671, 497764632, 34, 0, 1
11775, 497776407, 31, 0, 1
6140, 497782547, 19, 0, 1
5645, 497788192, 18, 0, 1
5656, 497793848, 17, 0, 1
11812, 497805660, 23, 0, 1
7491, 497813151, 33, 0, 1
5654, 497818805, 23, 0, 1
5632, 497824437, 24, 0, 1
11819, 497836256, 22, 0, 1
6138, 497842394, 14, 0, 1
5652, 497848046, 11, 0, 1
5658, 497853704, 9, 0, 1
11776, 497865480, 33, 0, 1
6138, 497871618, 15, 0, 1
5645, 497877263, 19, 0, 1
5638, 497882901, 21, 0, 1
11830, 497894731, 37, 0, 1
6126, 497900857, 20, 0, 1
6115, 497906972, 21, 0, 1
5645, 497912617, 16, 0, 1
11800, 497924417, 42, 0, 1
6151, 497930568, 16, 0, 1
5658, 497936226, 12, 0, 1
5658, 497941884, 9, 0, 1
11784, 497953668, 43, 0, 1
6138, 497959806, 18, 0, 1
5640, 497965446, 15, 0, 1
5658, 497971104, 12, 0, 1
11819, 497982923, 34, 0, 1
6124, 497989047, 23, 0, 1
5652, 497994699, 14, 0, 1
5658, 498000357, 8, 0, 1
11805, 498012162, 31, 0, 1
6151, 498018313, 18, 0, 1
5637, 498023950, 22, 0, 1
5663, 498029613, 26, 0, 1
11818, 498041431, 22, 0, 1
6132, 498047563, 20, 0, 1
5649, 498053212, 26, 0, 1
5650, 498058862, 24, 0, 1
11795, 498070657, 28, 0, 1
6138, 498076795, 18, 0, 1
5620, 498082415, 18, 0, 1
5646, 498088061, 15, 0, 1
11771, 498099832, 49, 0, 1
6120, 498105952, 21, 0, 1
5646, 498111598, 16, 0, 1
5658, 498117256, 12, 0, 1
11832, 498129088, 24, 0, 1
6138, 498135226, 16, 0, 1
5651, 498140877, 20, 0, 1
5643, 498146520, 29, 0, 1
11779, 498158299, 45, 0, 1
6166, 498164465, 29, 0, 1
5658, 498170123, 12, 0, 1
5622, 498175745, 19, 0, 1
13195, 498188940, 37, 0, 1
6132, 498195072, 15, 0, 1
5627, 498200699, 18, 0, 1
5658, 498206357, 8, 0, 1
11803, 498218160, 39, 0, 1
6132, 498224292, 19, 0, 1
5639, 498229931, 17, 0, 1
5655, 498235586, 26, 0, 1
11816, 498247402, 37, 0, 1
6143, 498253545, 21, 0, 1
5651, 498259196, 13, 0, 1
5652, 498264848, 12, 0, 1
11798, 498276646, 35, 0, 1
6138, 498282784, 13, 0, 1
5622, 498288406, 19, 0, 1
5632, 498294038, 20, 0, 1
11804, 498305842, 30, 0, 1
6138, 498311980, 17, 0, 1
5632, 498317612, 23, 0, 1
5658, 498323270, 10, 0, 1
11803, 498335073, 32, 0, 1
6119, 498341192, 21, 0, 1
5634, 498346826, 14, 0, 1
5658, 498352484, 8, 0, 1
11794, 498364278, 36, 0, 1
6102, 498370380, 21, 0, 1
5658, 498376038, 14, 0, 1
5650, 498381688, 20, 0, 1
11805, 498393493, 30, 0, 1
6142, 498399635, 25, 0, 1
5658, 498405293, 12, 0, 1
5658, 498410951, 10, 0, 1
11807, 498422758, 52, 0, 1
6113, 498428871, 27, 0, 1
5638, 498434509, 20, 0, 1
5658, 498440167, 14, 0, 1
11785, 498451952, 48, 0, 1
6132, 498458084, 21, 0, 1
5646, 498463730, 15, 0, 1
5658, 498469388, 14, 0, 1
11790, 498481178, 44, 0, 1
6164, 498487342, 16, 0, 1
5646, 498492988, 19, 0, 1
5646, 498498634, 14, 0, 1
11812, 498510446, 30, 0, 1
6134, 498516580, 36, 0, 1
5621, 498522201, 21, 0, 1
5649, 498527850, 23, 0, 1
11787, 498539637, 36, 0, 1
6132, 498545769, 20, 0, 1
5658, 498551427, 9, 0, 1
5658, 498557085, 14, 0, 1
13180, 498570265, 70, 0, 1
6132, 498576397, 18, 0, 1
5642, 498582039, 25, 0, 1
5656, 498587695, 29, 0, 1
11814, 498599509, 37, 0, 1
6138, 498605647, 18, 0, 1
5658, 498611305, 11, 0, 1
5652, 498616957, 12, 0, 1
11788, 498628745, 40, 0, 1
6151, 498634896, 16, 0, 1
5635, 498640531, 20, 0, 1
5658, 498646189, 16, 0, 1
11816, 498658005, 45, 0, 1
6090, 498664095, 22, 0, 1
5658, 498669753, 10, 0, 1
5658, 498675411, 10, 0, 1
11793, 498687204, 43, 0, 1
6138, 498693342, 16, 0, 1
5650, 498698992, 24, 0, 1
5658, 498704650, 11, 0, 1
15119, 498719769, 202, 0, 1
895312, 499615081, 14474, 251, 5
6701, 499621782, 626, 0, 1
6434, 499628216, 28, 0, 1
18370, 499646586, 413, 15, 1
6668, 499653254, 31, 0, 1
6740, 499659994, 31, 0, 1
6393, 499666387, 19, 0, 1
14872, 499681259, 166, 5, 1
2935880, 2935880, 57320, 165, 4
11105984, 14041864, 72501, 1844, 8
19225912, 33267776, 19402, 1145, 3
19188737, 52456513, 24139, 1378, 3
19253975, 71710488, 18479, 1279, 3
19620942, 91331430, 18256, 878, 3
19612250, 110943680, 18121, 1090, 3
18555949, 129499629, 25102, 1971, 7
19171985, 148671614, 19295, 799, 3
19917205, 168588819, 18757, 1110, 3
19712579, 188301398, 20835, 978, 3
19544512, 207845910, 19685, 1531, 3
19694297, 227540207, 19000, 1670, 3
19586287, 247126494, 19229, 1118, 3
18284315, 265410809, 24794, 1087, 3
19448876, 284859685, 19685, 1464, 3
19296782, 304156467, 19034, 934, 3
19782279, 323938746, 18972, 1822, 3
19780358, 343719104, 19393, 1591, 3
19683572, 363402676, 19547, 1380, 3
19857783, 383260459, 18527, 1439, 3
19698502, 402958961, 18795, 1029, 3
19769459, 422728420, 18755, 930, 3
19757667, 442486087, 19531, 898, 3
19652661, 462138748, 19377, 1566, 3
19711336, 481850084, 19205, 1619, 3
11646730, 493496814, 29073, 60, 19
2844003, 496340817, 7253, 23, 5
5637, 496346454, 30, 0, 1
5658, 496352112, 15, 1, 1
6160, 496358272, 20, 0, 1
11787, 496370059, 39, 0, 1
7035, 496377094, 94, 0, 1
5658, 496382752, 11, 0, 1
6143, 496388895, 25, 0, 1
11785, 496400680, 28, 0, 1
5656, 496406336, 21, 0, 1
5654, 496411990, 19, 0, 1
6154, 496418144, 22, 0, 1
11815, 496429959, 57, 0, 1
5642, 496435601, 22, 0, 1
5651, 496441252, 14, 0, 1
6151, 496447403, 31, 0, 1
11796, 496459199, 27, 0, 1
5658, 496464857, 9, 0, 1
5646, 496470503, 14, 0, 1
6155, 496476658, 27, 0, 1
11769, 496488427, 42, 0, 1
5650, 496494077, 23, 0, 1
5658, 496499735, 11, 0, 1
6160, 496505895, 17, 0, 1
11791, 496517686, 30, 0, 1
5615, 496523301, 20, 0, 1
5646, 496528947, 16, 0, 1
6160, 496535107, 18, 0, 1
11760, 496546867, 55, 0, 1
5645, 496552512, 16, 0, 1
5644, 496558156, 28, 0, 1
6173, 496564329, 21, 0, 1
11775, 496576104, 48, 0, 1
5658, 496581762, 10, 0, 1
5658, 496587420, 12, 0, 1
6160, 496593580, 18, 0, 1
11801, 496605381, 39, 0, 1
5648, 496611029, 30, 0, 1
5651, 496616680, 19, 0, 1
6173, 496622853, 32, 0, 1
11796, 496634649, 33, 0, 1
5639, 496640288, 21, 0, 1
5616, 496645904, 17, 0, 1
6153, 496652057, 20, 0, 1
11816, 496663873, 43, 0, 1
5657, 496669530, 20, 0, 1
5658, 496675188, 10, 0, 1
6118, 496681306, 24, 0, 1
11799, 496693105, 46, 0, 1
5651, 496698756, 14, 0, 1
5658, 496704414, 9, 0, 1
6149, 496710563, 23, 0, 1
11788, 496722351, 51, 0, 1
5645, 496727996, 15, 0, 1
5657, 496733653, 31, 0, 1
6148, 496739801, 21, 0, 1
13148, 496752949, 46, 0, 1
5634, 496758583, 21, 0, 1
5658, 496764241, 9, 0, 1
6147, 496770388, 25, 0, 1
11777, 496782165, 34, 0, 1
5658, 496787823, 9, 0, 1
5658, 496793481, 9, 0, 1
15251, 496808732, 310, 0, 1
11778, 496820510, 40, 0, 1
5651, 496826161, 18, 0, 1
5658, 496831819, 11, 0, 1
6130, 496837949, 21, 0, 1
11766, 496849715, 37, 0, 1
5658, 496855373, 12, 0, 1
5658, 496861031, 11, 0, 1
6700, 496867731, 60, 0, 1
13149, 496880880, 81, 0, 1
6319, 496887199, 21, 0, 1
5643, 496892842, 18, 0, 1
6575, 496899417, 29, 0, 1
11802, 496911219, 30, 0, 1
6095, 496917314, 25, 0, 1
5652, 496922966, 18, 0, 1
6126, 496929092, 20, 0, 1
11747, 496940839, 35, 0, 1
6116, 496946955, 15, 0, 1
6086, 496953041, 26, 0, 1
6103, 496959144, 27, 0, 1
12225, 496971369, 35, 0, 1
6080, 496977449, 26, 0, 1
6116, 496983565, 18, 0, 1
6103, 496989668, 24, 0, 1
13118, 497002786, 115, 1, 1
6110, 497008896, 20, 0, 1
5640, 497014536, 19, 0, 1
6130, 497020666, 34, 0, 1
12225, 497032891, 33, 0, 1
5651, 497038542, 16, 0, 1
5658, 497044200, 13, 0, 1
6161, 497050361, 27, 0, 1
11796, 497062157, 14, 0, 1
5658, 497067815, 12, 0, 1
5662, 497073477, 27, 0, 1
11797, 497085274, 32, 0, 1
6120, 497091394, 20, 0, 1
5648, 497097042, 21, 0, 1
5645, 497102687, 17, 0, 1
11822, 497114509, 35, 0, 1
6138, 497120647, 17, 0, 1
5620, 497126267, 21, 0, 1
5632, 497131899, 23, 0, 1
13180, 497145079, 74, 0, 1
6152, 497151231, 17, 0, 1
5658, 497156889, 14, 0, 1
5658, 497162547, 11, 0, 1
11758, 497174305, 40, 0, 1
6138, 497180443, 18, 0, 1
5658, 497186101, 11, 0, 1
5651, 497191752, 21, 0, 1
11835, 497203587, 45, 0, 1
6138, 497209725, 16, 0, 1
5658, 497215383, 10, 0, 1
5652, 497221035, 12, 0, 1
11786, 497232821, 31, 0, 1
6125, 497238946, 25, 0, 1
5633, 497244579, 17, 0, 1
5659, 497250238, 27, 0, 1
11806, 497262044, 26, 0, 1
6138, 497268182, 15, 0, 1
5648, 497273830, 22, 0, 1
5631, 497279461, 24, 0, 1
11811, 497291272, 33, 0, 1
6138, 497297410, 17, 0, 1
5658, 497303068, 12, 0, 1
5648, 497308716, 23, 0, 1
11783, 497320499, 45, 0, 1
6138, 497326637, 15, 0, 1
5658, 497332295, 12, 0, 1
5660, 497337955, 20, 0, 1
11793, 497349748, 25, 0, 1
6138, 497355886, 14, 0, 1
5667, 497361553, 29, 0, 1
5654, 497367207, 28, 0, 1
11794, 497379001, 38, 0, 1
6125, 497385126, 21, 0, 1
5643, 497390769, 24, 0, 1
5645, 497396414, 17, 0, 1
11788, 497408202, 27, 0, 1
6107, 497414309, 25, 0, 1
5658, 497419967, 22, 0, 1
5658, 497425625, 8, 0, 1
11818, 497437443, 33, 0, 1
6114, 497443557, 21, 0, 1
5626, 497449183, 19, 0, 1
5673, 497454856, 28, 0, 1
11815, 497466671, 39, 0, 1
6151, 497472822, 17, 0, 1
5658, 497478480, 10, 0, 1
5658, 497484138, 11, 0, 1
11818, 497495956, 32, 0, 1
6125, 497502081, 23, 0, 1
5616, 497507697, 20, 0, 1
5659, 497513356, 29, 0, 1
13200, 497526556, 63, 0, 1
6108, 497532664, 24, 0, 1
5633, 497538297, 21, 0, 1
5658, 497543955, 12, 0, 1
11792, 497555747, 37, 0, 1
6138, 497561885, 14, 0, 1
5652, 497567537, 11, 0, 1
5638, 497573175, 21, 0, 1
11844, 497585019, 22, 0, 1
6114, 497591133, 17, 0, 1
5628, 497596761, 15, 0, 1
5657, 497602418, 27, 0, 1
11764, 497614182, 39, 0, 1
6145, 497620327, 16, 0, 1
5647, 497625974, 24, 0, 1
5653, 497631627, 26, 0, 1
11811, 497643438, 45, 0, 1
6138, 497649576, 17, 0, 1
5652, 497655228, 12, 0, 1
5636, 497660864, 24, 0, 1
11793, 497672657, 37, 0, 1
6154, 497678811, 33, 0, 1
5645, 497684456, 16, 0, 1
5658, 497690114, 10, 0, 1
11740, 497701854, 41, 0, 1
6133, 497707987, 22, 0, 1
5639, 497713626, 18, 0, 1
5652, 497719278, 16, 0, 1
11781, 497731059, 37, 0, 1
6138, 497737197, 16, 0, 1
5652, 497742849, 15, 0, 1
5658, 497748507, 13, 0, 1
11769, 497760276, 47, 0, 1
6131, 497766407, 24, 0, 1
6108, 497772515, 27, 0, 1
5658, 497778173, 15, 0, 1
11747, 497789920, 39, 0, 1
6138, 497796058, 15, 0, 1
5622, 497801680, 17, 0, 1
5644, 497807324, 28, 0, 1
11801, 497819125, 30, 0, 1
6106, 497825231, 24, 0, 1
5651, 497830882, 13, 0, 1
5658, 497836540, 12, 0, 1
11764, 497848304, 31, 0, 1
6145, 497854449, 17, 0, 1
5639, 497860088, 21, 0, 1
5652, 497865740, 14, 0, 1
11782, 497877522, 41, 0, 1
6142, 497883664, 32, 0, 1
5658, 497889322, 13, 0, 1
7035, 497896357, 30, 0, 1
11817, 497908174, 42, 0, 1
6138, 497914312, 15, 0, 1
5633, 497919945, 16, 0, 1
5652, 497925597, 12, 0, 1
11800, 497937397, 26, 0, 1
6164, 497943561, 17, 0, 1
5633, 497949194, 17, 0, 1
5651, 497954845, 16, 0, 1
11814, 497966659, 47, 0, 1
6138, 497972797, 17, 0, 1
5626, 497978423, 17, 0, 1
5645, 497984068, 19, 0, 1
11822, 497995890, 35, 0, 1
6138, 498002028, 18, 0, 1
5658, 498007686, 9, 0, 1
5652, 498013338, 12, 0, 1
11797, 498025135, 31, 0, 1
6138, 498031273, 16, 0, 1
5658, 498036931, 9, 0, 1
5649, 498042580, 17, 0, 1
11803, 498054383, 43, 0, 1
6120, 498060503, 19, 0, 1
5646, 498066149, 23, 0, 1
5643, 498071792, 27, 0, 1
11817, 498083609, 33, 0, 1
6151, 498089760, 15, 0, 1
5645, 498095405, 20, 0, 1
5645, 498101050, 18, 0, 1
11813, 498112863, 47, 0, 1
6102, 498118965, 20, 0, 1
5652, 498124617, 15, 0, 1
5658, 498130275, 17, 0, 1
11835, 498142110, 54, 0, 1
6102, 498148212, 23, 0, 1
5652, 498153864, 15, 0, 1
5649, 498159513, 22, 0, 1
11790, 498171303, 40, 0, 1
6151, 498177454, 14, 0, 1
5658, 498183112, 10, 0, 1
5652, 498188764, 12, 0, 1
11769, 498200533, 32, 0, 1
6126, 498206659, 18, 0, 1
5633, 498212292, 20, 0, 1
5645, 498217937, 18, 0, 1
11783, 498229720, 26, 0, 1
6138, 498235858, 12, 0, 1
5668, 498241526, 26, 0, 1
5647, 498247173, 25, 0, 1
11816, 498258989, 28, 0, 1
6138, 498265127, 16, 0, 1
7035, 498272162, 28, 0, 1
5649, 498277811, 23, 0, 1
11806, 498289617, 26, 0, 1
6138, 498295755, 14, 0, 1
5629, 498301384, 15, 0, 1
5648, 498307032, 17, 0, 1
11806, 498318838, 27, 0, 1
6161, 498324999, 31, 0, 1
5658, 498330657, 13, 0, 1
5642, 498336299, 28, 0, 1
11809, 498348108, 40, 0, 1
6138, 498354246, 19, 0, 1
5628, 498359874, 18, 0, 1
5658, 498365532, 14, 0, 1
11814, 498377346, 42, 0, 1
6138, 498383484, 16, 0, 1
5627, 498389111, 16, 0, 1
5658, 498394769, 9, 0, 1
11800, 498406569, 40, 0, 1
6151, 498412720, 17, 0, 1
5658, 498418378, 8, 0, 1
5652, 498424030, 14, 0, 1
11802, 498435832, 37, 0, 1
6138, 498441970, 15, 0, 1
5652, 498447622, 11, 0, 1
5652, 498453274, 14, 0, 1
11813, 498465087, 27, 0, 1
6138, 498471225, 16, 0, 1
5627, 498476852, 20, 0, 1
5669, 498482521, 24, 0, 1
11811, 498494332, 32, 0, 1
6118, 498500450, 24, 0, 1
5663, 498506113, 19, 0, 1
5652, 498511765, 16, 0, 1
11804, 498523569, 38, 0, 1
6125, 498529694, 17, 0, 1
5621, 498535315, 18, 0, 1
5637, 498540952, 21, 0, 1
11790, 498552742, 47, 0, 1
6151, 498558893, 18, 0, 1
5638, 498564531, 21, 0, 1
5658, 498570189, 9, 0, 1
908724, 499478913, 15097, 324, 5
6695, 499485608, 49, 0, 1
6434, 499492042, 32, 0, 1
6660, 499498702, 42, 0, 1
18254, 499516956, 372, 8, 1
6729, 499523685, 35, 0, 1
6661, 499530346, 23, 0, 1
5643, 499535989, 22, 0, 1
2107021, 2107021, 45594, 75, 4
8708960, 10815981, 80774, 1589, 8
19383973, 30199954, 18777, 1246, 3
19339654, 49539608, 19741, 1351, 3
18947506, 68487114, 20822, 1426, 3
19569309, 88056423, 18916, 605, 3
19556922, 107613345, 18202, 1122, 3
18761811, 126375156, 24429, 1732, 3
19210294, 145585450, 18807, 1064, 3
19689302, 165274752, 19943, 946, 3
19279506, 184554258, 21030, 863, 3
19593806, 204148064, 18992, 1485, 3
19689918, 223837982, 18895, 1513, 3
19464173, 243302155, 20131, 1246, 3
18845044, 262147199, 24350, 1226, 3
19358898, 281506097, 18718, 1134, 3
18926830, 300432927, 18845, 1088, 3
19514938, 319947865, 18815, 1605, 3
19735492, 339683357, 19055, 1785, 3
19818730, 359502087, 18708, 1180, 3
19703695, 379205782, 19140, 1896, 3
19807462, 399013244, 19204, 775, 3
19772147, 418785391, 18521, 1142, 3
19809966, 438595357, 18527, 644, 3
19697889, 458293246, 18578, 1562, 3
19681327, 477974573, 19707, 1551, 3
13972353, 491946926, 29724, 417, 19
4407925, 496354851, 9123, 7, 6
6125, 496360976, 345, 0, 1
11786, 496372762, 53, 1, 1
5638, 496378400, 19, 0, 1
5632, 496384032, 24, 0, 1
6160, 496390192, 28, 0, 1
11779, 496401971, 40, 0, 1
5658, 496407629, 14, 0, 1
5649, 496413278, 26, 0, 1
6156, 496419434, 30, 0, 1
11791, 496431225, 39, 0, 1
5648, 496436873, 29, 0, 1
5658, 496442531, 10, 0, 1
6141, 496448672, 26, 0, 1
11772, 496460444, 35, 0, 1
5622, 496466066, 21, 0, 1
5649, 496471715, 25, 0, 1
6160, 496477875, 29, 0, 1
12688, 496490563, 131, 0, 1
5658, 496496221, 15, 0, 1
5658, 496501879, 12, 0, 1
6118, 496507997, 22, 0, 1
11782, 496519779, 32, 0, 1
5622, 496525401, 18, 0, 1
5653, 496531054, 26, 0, 1
6172, 496537226, 20, 0, 1
11796, 496549022, 18, 0, 1
5658, 496554680, 12, 0, 1
5658, 496560338, 14, 0, 1
6142, 496566480, 20, 0, 1
11809, 496578289, 25, 0, 1
5616, 496583905, 22, 0, 1
5651, 496589556, 16, 0, 1
6154, 496595710, 20, 0, 1
11796, 496607506, 20, 0, 1
7035, 496614541, 91, 0, 1
5652, 496620193, 18, 0, 1
11806, 496631999, 39, 0, 1
6114, 496638113, 25, 0, 1
5645, 496643758, 22, 0, 1
5651, 496649409, 21, 0, 1
11793, 496661202, 39, 0, 1
6138, 496667340, 19, 0, 1
5652, 496672992, 17, 0, 1
5658, 496678650, 15, 0, 1
11822, 496690472, 47, 0, 1
6138, 496696610, 17, 0, 1
5652, 496702262, 17, 0, 1
5657, 496707919, 19, 0, 1
11781, 496719700, 48, 0, 1
6151, 496725851, 19, 0, 1
5652, 496731503, 17, 0, 1
5658, 496737161, 10, 0, 1
11784, 496748945, 46, 0, 1
6138, 496755083, 20, 0, 1
5658, 496760741, 13, 0, 1
5657, 496766398, 18, 0, 1
11812, 496778210, 38, 0, 1
6138, 496784348, 18, 0, 1
5658, 496790006, 15, 0, 1
5658, 496795664, 12, 0, 1
11800, 496807464, 28, 0, 1
6139, 496813603, 25, 0, 1
5649, 496819252, 26, 0, 1
5640, 496824892, 19, 0, 1
11791, 496836683, 53, 0, 1
6132, 496842815, 21, 0, 1
5658, 496848473, 15, 0, 1
5658, 496854131, 10, 0, 1
11830, 496865961, 44, 0, 1
6653, 496872614, 75, 0, 1
6309, 496878923, 26, 0, 1
5637, 496884560, 19, 0, 1
13001, 496897561, 41, 0, 1
6563, 496904124, 31, 0, 1
5646, 496909770, 24, 0, 1
5658, 496915428, 16, 0, 1
11807, 496927235, 30, 0, 1
6131, 496933366, 21, 0, 1
6116, 496939482, 18, 0, 1
6116, 496945598, 19, 0, 1
12227, 496957825, 38, 0, 1
6097, 496963922, 23, 0, 1
6116, 496970038, 16, 0, 1
6116, 496976154, 19, 0, 1
11802, 496987956, 35, 0, 1
7451, 496995407, 33, 0, 1
6098, 497001505, 21, 0, 1
6117, 497007622, 26, 0, 1
11741, 497019363, 43, 0, 1
6138, 497025501, 17, 0, 1
6116, 497031617, 18, 0, 1
5658, 497037275, 12, 0, 1
11805, 497049080, 34, 0, 1
15196, 497064276, 307, 1, 1
5658, 497069934, 31, 0, 1
5658, 497075592, 15, 0, 1
11818, 497087410, 30, 0, 1
6138, 497093548, 16, 0, 1
5658, 497099206, 13, 0, 1
5658, 497104864, 11, 0, 1
11831, 497116695, 24, 0, 1
6138, 497122833, 16, 0, 1
5658, 497128491, 13, 0, 1
5658, 497134149, 7, 0, 1
11812, 497145961, 23, 0, 1
6138, 497152099, 18, 0, 1
5658, 497157757, 14, 0, 1
5658, 497163415, 12, 0, 1
11844, 497175259, 21, 0, 1
6138, 497181397, 16, 0, 1
5639, 497187036, 15, 0, 1
5658, 497192694, 12, 0, 1
11818, 497204512, 24, 0, 1
6145, 497210657, 18, 0, 1
5658, 497216315, 13, 0, 1
5646, 497221961, 13, 0, 1
11818, 497233779, 20, 0, 1
6138, 497239917, 19, 0, 1
5640, 497245557, 18, 0, 1
5658, 497251215, 14, 0, 1
11783, 497262998, 31, 0, 1
6120, 497269118, 20, 0, 1
5652, 497274770, 12, 0, 1
5634, 497280404, 16, 0, 1
11811, 497292215, 32, 0, 1
6151, 497298366, 20, 0, 1
5640, 497304006, 14, 0, 1
5658, 497309664, 10, 0, 1
11818, 497321482, 24, 0, 1
6138, 497327620, 14, 0, 1
5658, 497333278, 9, 0, 1
5658, 497338936, 10, 0, 1
11825, 497350761, 26, 0, 1
6096, 497356857, 21, 0, 1
5658, 497362515, 9, 0, 1
5657, 497368172, 14, 0, 1
13155, 497381327, 60, 0, 1
6139, 497387466, 21, 0, 1
5658, 497393124, 12, 0, 1
5658, 497398782, 11, 0, 1
11831, 497410613, 22, 0, 1
6138, 497416751, 17, 0, 1
5658, 497422409, 9, 0, 1
5658, 497428067, 11, 0, 1
11804, 497439871, 31, 0, 1
6145, 497446016, 23, 0, 1
5658, 497451674, 15, 0, 1
5645, 497457319, 17, 0, 1
11788, 497469107, 36, 0, 1
6132, 497475239, 18, 0, 1
5628, 497480867, 15, 0, 1
5652, 497486519, 8, 0, 1
11825, 497498344, 40, 0, 1
6126, 497504470, 20, 0, 1
5651, 497510121, 17, 0, 1
5655, 497515776, 19, 0, 1
11812, 497527588, 19, 0, 1
6177, 497533765, 16, 0, 1
5658, 497539423, 13, 0, 1
5646, 497545069, 15, 0, 1
11793, 497556862, 33, 0, 1
6122, 497562984, 26, 0, 1
5644, 497568628, 19, 0, 1
5651, 497574279, 15, 0, 1
11788, 497586067, 34, 0, 1
6138, 497592205, 18, 0, 1
5657, 497597862, 22, 0, 1
5658, 497603520, 12, 0, 1
11818, 497615338, 23, 0, 1
6138, 497621476, 16, 0, 1
5639, 497627115, 18, 0, 1
5651, 497632766, 18, 0, 1
11806, 497644572, 31, 0, 1
6132, 497650704, 19, 0, 1
5646, 497656350, 16, 0, 1
5658, 497662008, 10, 0, 1
11787, 497673795, 33, 0, 1
6133, 497679928, 21, 0, 1
5658, 497685586, 11, 0, 1
5658, 497691244, 13, 0, 1
11794, 497703038, 36, 0, 1
6125, 497709163, 19, 0, 1
5640, 497714803, 18, 0, 1
5658, 497720461, 12, 0, 1
11830, 497732291, 24, 0, 1
6138, 497738429, 14, 0, 1
5658, 497744087, 13, 0, 1
5658, 497749745, 12, 0, 1
13156, 497762901, 63, 0, 1
6151, 497769052, 18, 0, 1
5646, 497774698, 19, 0, 1
5658, 497780356, 11, 0, 1
11809, 497792165, 42, 0, 1
6120, 497798285, 21, 0, 1
5658, 497803943, 14, 0, 1
5652, 497809595, 13, 0, 1
11805, 497821400, 31, 0, 1
6138, 497827538, 18, 0, 1
5658, 497833196, 11, 0, 1
5658, 497838854, 12, 0, 1
11818, 497850672, 25, 0, 1
6138, 497856810, 18, 0, 1
5658, 497862468, 14, 0, 1
5658, 497868126, 13, 0, 1
11810, 497879936, 33, 0, 1
6137, 497886073, 21, 0, 1
5658, 497891731, 11, 0, 1
5634, 497897365, 18, 0, 1
11792, 497909157, 39, 0, 1
6164, 497915321, 25, 0, 1
5652, 497920973, 11, 0, 1
5640, 497926613, 17, 0, 1
11786, 497938399, 38, 0, 1
6132, 497944531, 21, 0, 1
5651, 497950182, 21, 0, 1
5658, 497955840, 14, 0, 1
11791, 497967631, 40, 0, 1
6131, 497973762, 23, 0, 1
5658, 497979420, 14, 0, 1
5657, 497985077, 19, 0, 1
11803, 497996880, 29, 0, 1
6145, 498003025, 20, 0, 1
5646, 498008671, 14, 0, 1
5658, 498014329, 14, 0, 1
11815, 498026144, 37, 0, 1
6138, 498032282, 18, 0, 1
5646, 498037928, 15, 0, 1
5652, 498043580, 14, 0, 1
11807, 498055387, 35, 0, 1
6114, 498061501, 21, 0, 1
5652, 498067153, 15, 0, 1
5658, 498072811, 14, 0, 1
11818, 498084629, 18, 0, 1
6138, 498090767, 17, 0, 1
5658, 498096425, 12, 0, 1
5652, 498102077, 12, 0, 1
11814, 498113891, 43, 0, 1
6139, 498120030, 21, 0, 1
5658, 498125688, 11, 0, 1
7034, 498132722, 36, 0, 1
11806, 498144528, 31, 0, 1
6145, 498150673, 19, 0, 1
5640, 498156313, 16, 0, 1
5658, 498161971, 12, 0, 1
11818, 498173789, 27, 0, 1
6138, 498179927, 15, 0, 1
5658, 498185585, 13, 0, 1
5658, 498191243, 9, 0, 1
11801, 498203044, 27, 0, 1
6138, 498209182, 18, 0, 1
5658, 498214840, 12, 0, 1
5658, 498220498, 13, 0, 1
11818, 498232316, 32, 0, 1
6133, 498238449, 20, 0, 1
5622, 498244071, 20, 0, 1
5651, 498249722, 17, 0, 1
11800, 498261522, 27, 0, 1
6132, 498267654, 16, 0, 1
5646, 498273300, 15, 0, 1
5658, 498278958, 13, 0, 1
11844, 498290802, 20, 0, 1
6132, 498296934, 19, 0, 1
5658, 498302592, 13, 0, 1
5658, 498308250, 10, 0, 1
11785, 498320035, 40, 0, 1
6132, 498326167, 18, 0, 1
5645, 498331812, 20, 0, 1
5658, 498337470, 15, 0, 1
11799, 498349269, 37, 0, 1
6120, 498355389, 21, 0, 1
5658, 498361047, 10, 0, 1
5651, 498366698, 16, 0, 1
11801, 498378499, 30, 0, 1
6144, 498384643, 23, 0, 1
5645, 498390288, 16, 0, 1
5658, 498395946, 10, 0, 1
11785, 498407731, 31, 0, 1
6096, 498413827, 26, 0, 1
5658, 498419485, 16, 0, 1
5652, 498425137, 22, 0, 1
11806, 498436943, 31, 0, 1
6143, 498443086, 21, 0, 1
5658, 498448744, 14, 0, 1
5658, 498454402, 8, 0, 1
11806, 498466208, 33, 0, 1
6127, 498472335, 19, 0, 1
5658, 498477993, 21, 0, 1
5658, 498483651, 13, 0, 1
11802, 498495453, 41, 0, 1
6138, 498501591, 16, 0, 1
7035, 498508626, 23, 0, 1
5658, 498514284, 11, 0, 1
11825, 498526109, 26, 0, 1
6138, 498532247, 20, 0, 1
5658, 498537905, 14, 0, 1
5651, 498543556, 17, 0, 1
11815, 498555371, 29, 0, 1
6138, 498561509, 18, 0, 1
5650, 498567159, 20, 0, 1
5658, 498572817, 12, 0, 1
11825, 498584642, 28, 0, 1
906445, 499491087, 14869, 372, 5
498224, 499989311, 820, 1, 1
6722, 499996033, 37, 0, 1
13266, 500009299, 68, 0, 1
23168, 500032467, 795, 11, 1
6687, 500039154, 59, 0, 1
13378, 500052532, 37, 0, 1
7988, 500060520, 113, 4, 1
3175331, 3175331, 61306, 123, 14
11315421, 14490752, 68596, 1720, 8
19242534, 33733286, 18878, 1191, 3
19190321, 52923607, 23821, 1402, 3
19199143, 72122750, 18086, 1331, 3
19667375, 91790125, 19030, 958, 3
19525032, 111315157, 17931, 1184, 3
18531097, 129846254, 24767, 1977, 7
19232022, 149078276, 18544, 730, 3
19833573, 168911849, 19064, 1112, 3
19640331, 188552180, 20753, 1043, 3
19581822, 208134002, 19538, 1517, 3
19688507, 227822509, 19014, 1663, 3
19652243, 247474752, 18849, 1309, 3
18254844, 265729596, 24747, 940, 3
19376597, 285106193, 19461, 1569, 3
19415355, 304521548, 18570, 848, 3
19746798, 324268346, 18533, 1828, 3
19848391, 344116737, 18719, 1607, 3
19624969, 363741706, 19432, 1275, 3
19853285, 383594991, 18288, 1305, 3
19681652, 403276643, 18504, 1024, 3
19783327, 423059970, 18440, 858, 3
19750077, 442810047, 19058, 942, 3
19676543, 462486590, 18717, 1549, 3
19663241, 482149831, 18993, 1559, 3
11428173, 493578004, 29035, 56, 19
2711486, 496289490, 7034, 12, 5
5658, 496295148, 30, 0, 1
5658, 496300806, 11, 0, 1
6181, 496306987, 23, 0, 1
11796, 496318783, 27, 0, 1
5652, 496324435, 17, 0, 1
5657, 496330092, 35, 7, 1
6160, 496336252, 17, 0, 1
11788, 496348040, 33, 0, 1
5634, 496353674, 19, 0, 1
5673, 496359347, 28, 0, 1
6154, 496365501, 17, 0, 1
11777, 496377278, 36, 0, 1
5654, 496382932, 22, 0, 1
5658, 496388590, 12, 0, 1
6161, 496394751, 27, 0, 1
11778, 496406529, 31, 0, 1
5645, 496412174, 19, 0, 1
7020, 496419194, 105, 0, 1
6148, 496425342, 21, 0, 1
11775, 496437117, 43, 0, 1
5650, 496442767, 24, 0, 1
5658, 496448425, 6, 0, 1
6167, 496454592, 15, 0, 1
11790, 496466382, 28, 0, 1
5628, 496472010, 16, 0, 1
5658, 496477668, 8, 0, 1
6160, 496483828, 16, 0, 1
20431, 496504259, 304, 21, 1
5620, 496509879, 45, 0, 1
5658, 496515537, 11, 0, 1
6160, 496521697, 12, 0, 1
11796, 496533493, 20, 0, 1
5661, 496539154, 28, 0, 1
5658, 496544812, 9, 0, 1
6135, 496550947, 23, 0, 1
11766, 496562713, 25, 0, 1
5640, 496568353, 14, 0, 1
5640, 496573993, 23, 0, 1
6118, 496580111, 20, 0, 1
11783, 496591894, 30, 0, 1
5658, 496597552, 11, 0, 1
5658, 496603210, 8, 0, 1
6138, 496609348, 26, 0, 1
11788, 496621136, 30, 0, 1
5638, 496626774, 21, 0, 1
5652, 496632426, 16, 0, 1
11833, 496644259, 36, 0, 1
6100, 496650359, 25, 0, 1
5652, 496656011, 14, 0, 1
5658, 496661669, 15, 0, 1
11818, 496673487, 24, 0, 1
6114, 496679601, 20, 0, 1
5658, 496685259, 11, 0, 1
5658, 496690917, 9, 0, 1
11831, 496702748, 34, 0, 1
6138, 496708886, 14, 0, 1
5644, 496714530, 24, 0, 1
5657, 496720187, 19, 0, 1
11774, 496731961, 39, 0, 1
6151, 496738112, 16, 0, 1
5610, 496743722, 18, 0, 1
5658, 496749380, 9, 0, 1
11808, 496761188, 37, 0, 1
6138, 496767326, 13, 0, 1
5646, 496772972, 13, 0, 1
5640, 496778612, 14, 0, 1
11810, 496790422, 34, 0, 1
6106, 496796528, 22, 0, 1
7034, 496803562, 38, 0, 1
5658, 496809220, 11, 0, 1
13019, 496822239, 93, 0, 1
6678, 496828917, 26, 0, 1
6313, 496835230, 16, 0, 1
5649, 496840879, 11, 0, 1
12275, 496853154, 45, 0, 1
6128, 496859282, 25, 0, 1
6116, 496865398, 18, 0, 1
5663, 496871061, 27, 0, 1
12239, 496883300, 44, 0, 1
6108, 496889408, 26, 0, 1
6116, 496895524, 16, 0, 1
6078, 496901602, 24, 0, 1
12174, 496913776, 58, 0, 1
6112, 496919888, 29, 0, 1
6115, 496926003, 26, 0, 1
5646, 496931649, 14, 0, 1
12224, 496943873, 34, 0, 1
6102, 496949975, 26, 0, 1
5652, 496955627, 14, 0, 1
5658, 496961285, 13, 0, 1
12262, 496973547, 34, 0, 1
6101, 496979648, 30, 0, 1
6092, 496985740, 18, 0, 1
5646, 496991386, 15, 0, 1
11765, 497003151, 32, 0, 1
6138, 497009289, 13, 0, 1
5672, 497014961, 30, 0, 1
5632, 497020593, 18, 0, 1
11819, 497032412, 26, 0, 1
6106, 497038518, 23, 0, 1
5638, 497044156, 20, 0, 1
5658, 497049814, 11, 0, 1
11810, 497061624, 37, 0, 1
6139, 497067763, 23, 0, 1
5652, 497073415, 8, 0, 1
5652, 497079067, 20, 0, 1
11782, 497090849, 32, 0, 1
6138, 497096987, 16, 0, 1
5658, 497102645, 10, 0, 1
5658, 497108303, 10, 0, 1
11831, 497120134, 18, 0, 1
6138, 497126272, 14, 0, 1
5646, 497131918, 15, 0, 1
5621, 497137539, 19, 0, 1
11811, 497149350, 31, 0, 1
6138, 497155488, 14, 0, 1
5650, 497161138, 16, 0, 1
5652, 497166790, 13, 0, 1
11831, 497178621, 32, 0, 1
7472, 497186093, 39, 0, 1
5639, 497191732, 17, 0, 1
5645, 497197377, 13, 0, 1
11818, 497209195, 23, 0, 1
6148, 497215343, 29, 0, 1
5658, 497221001, 9, 0, 1
5658, 497226659, 13, 0, 1
11812, 497238471, 27, 0, 1
6138, 497244609, 18, 0, 1
5658, 497250267, 11, 0, 1
5646, 497255913, 13, 0, 1
20848, 497276761, 356, 3, 1
6138, 497282899, 20, 0, 1
5620, 497288519, 20, 0, 1
5658, 497294177, 10, 0, 1
11795, 497305972, 42, 0, 1
6139, 497312111, 20, 0, 1
5652, 497317763, 13, 0, 1
5658, 497323421, 10, 0, 1
11763, 497335184, 36, 0, 1
6138, 497341322, 17, 0, 1
5652, 497346974, 13, 0, 1
5652, 497352626, 14, 0, 1
11825, 497364451, 23, 0, 1
6129, 497370580, 27, 0, 1
5633, 497376213, 24, 0, 1
5658, 497381871, 12, 0, 1
11813, 497393684, 49, 0, 1
6138, 497399822, 18, 0, 1
5658, 497405480, 13, 0, 1
5658, 497411138, 10, 0, 1
11799, 497422937, 36, 0, 1
6138, 497429075, 18, 0, 1
5621, 497434696, 23, 0, 1
5637, 497440333, 24, 0, 1
11825, 497452158, 37, 0, 1
6164, 497458322, 15, 0, 1
5645, 497463967, 15, 0, 1
5637, 497469604, 25, 0, 1
11817, 497481421, 32, 0, 1
6132, 497487553, 17, 0, 1
5658, 497493211, 10, 0, 1
5658, 497498869, 11, 0, 1
11816, 497510685, 29, 0, 1
6138, 497516823, 17, 0, 1
5658, 497522481, 12, 0, 1
5656, 497528137, 23, 0, 1
11819, 497539956, 35, 0, 1
6151, 497546107, 19, 0, 1
5658, 497551765, 13, 0, 1
5658, 497557423, 9, 0, 1
13188, 497570611, 54, 0, 1
6138, 497576749, 21, 0, 1
5658, 497582407, 15, 0, 1
5652, 497588059, 14, 0, 1
11830, 497599889, 32, 0, 1
6138, 497606027, 17, 0, 1
5622, 497611649, 17, 0, 1
5638, 497617287, 19, 0, 1
11828, 497629115, 39, 0, 1
6133, 497635248, 20, 0, 1
5658, 497640906, 13, 0, 1
5658, 497646564, 11, 0, 1
11788, 497658352, 34, 0, 1
6126, 497664478, 26, 0, 1
5658, 497670136, 11, 0, 1
5658, 497675794, 11, 0, 1
11814, 497687608, 33, 0, 1
6113, 497693721, 26, 0, 1
5644, 497699365, 19, 0, 1
5658, 497705023, 8, 0, 1
11758, 497716781, 38, 0, 1
6138, 497722919, 12, 0, 1
6110, 497729029, 17, 0, 1
5658, 497734687, 11, 0, 1
11771, 497746458, 33, 0, 1
6125, 497752583, 22, 0, 1
5660, 497758243, 24, 0, 1
5658, 497763901, 10, 0, 1
11774, 497775675, 42, 0, 1
6137, 497781812, 31, 0, 1
5638, 497787450, 24, 0, 1
5658, 497793108, 11, 0, 1
11790, 497804898, 35, 0, 1
6138, 497811036, 16, 0, 1
5649, 497816685, 25, 0, 1
5645, 497822330, 20, 0, 1
11809, 497834139, 35, 0, 1
6102, 497840241, 18, 0, 1
5652, 497845893, 9, 0, 1
5652, 497851545, 17, 0, 1
11813, 497863358, 38, 0, 1
6138, 497869496, 14, 0, 1
5658, 497875154, 13, 0, 1
5657, 497880811, 19, 0, 1
11818, 497892629, 31, 0, 1
6102, 497898731, 23, 0, 1
5620, 497904351, 22, 0, 1
5657, 497910008, 17, 0, 1
11781, 497921789, 43, 0, 1
6144, 497927933, 27, 0, 1
5663, 497933596, 32, 0, 1
5651, 497939247, 19, 0, 1
13193, 497952440, 55, 0, 1
6138, 497958578, 16, 0, 1
5650, 497964228, 23, 0, 1
5658, 497969886, 11, 0, 1
11791, 497981677, 38, 0, 1
6102, 497987779, 22, 0, 1
5658, 497993437, 11, 0, 1
5645, 497999082, 24, 0, 1
11811, 498010893, 37, 0, 1
6103, 498016996, 24, 0, 1
5667, 498022663, 29, 0, 1
5658, 498028321, 11, 0, 1
11801, 498040122, 47, 0, 1
6090, 498046212, 25, 0, 1
5652, 498051864, 16, 0, 1
5658, 498057522, 9, 0, 1
11792, 498069314, 38, 0, 1
6138, 498075452, 17, 0, 1
5656, 498081108, 17, 0, 1
5652, 498086760, 14, 0, 1
11818, 498098578, 24, 0, 1
6096, 498104674, 25, 0, 1
5651, 498110325, 20, 0, 1
5627, 498115952, 19, 0, 1
11788, 498127740, 32, 0, 1
6090, 498133830, 23, 0, 1
5658, 498139488, 13, 0, 1
5644, 498145132, 25, 0, 1
11800, 498156932, 24, 0, 1
6119, 498163051, 30, 0, 1
5638, 498168689, 20, 0, 1
5640, 498174329, 14, 0, 1
11815, 498186144, 38, 0, 1
6138, 498192282, 19, 0, 1
5658, 498197940, 13, 0, 1
5658, 498203598, 10, 0, 1
11808, 498215406, 41, 0, 1
6138, 498221544, 18, 0, 1
5610, 498227154, 19, 0, 1
5658, 498232812, 21, 0, 1
11799, 498244611, 39, 0, 1
6151, 498250762, 15, 0, 1
5658, 498256420, 9, 0, 1
5650, 498262070, 25, 0, 1
11779, 498273849, 41, 0, 1
6116, 498279965, 26, 0, 1
5658, 498285623, 10, 0, 1
5658, 498291281, 15, 0, 1
11800, 498303081, 29, 0, 1
6145, 498309226, 14, 0, 1
5640, 498314866, 23, 0, 1
7035, 498321901, 23, 0, 1
11780, 498333681, 31, 0, 1
6116, 498339797, 30, 0, 1
5658, 498345455, 9, 0, 1
5658, 498351113, 10, 0, 1
11810, 498362923, 39, 0, 1
6138, 498369061, 16, 0, 1
5633, 498374694, 17, 0, 1
5658, 498380352, 13, 0, 1
11779, 498392131, 33, 0, 1
6151, 498398282, 16, 0, 1
5651, 498403933, 16, 0, 1
5652, 498409585, 14, 0, 1
11788, 498421373, 40, 0, 1
6126, 498427499, 18, 0, 1
5643, 498433142, 15, 0, 1
5642, 498438784, 21, 0, 1
11830, 498450614, 32, 0, 1
6138, 498456752, 15, 0, 1
5634, 498462386, 16, 0, 1
5651, 498468037, 11, 0, 1
11806, 498479843, 37, 0, 1
6151, 498485994, 18, 0, 1
5638, 498491632, 15, 0, 1
5615, 498497247, 17, 0, 1
11818, 498509065, 23, 0, 1
6102, 498515167, 21, 0, 1
909104, 499424271, 15236, 180, 5
6419, 499430690, 47, 0, 1
18739, 499449429, 389, 5, 1
6693, 499456122, 32, 0, 1
6720, 499462842, 32, 0, 1
6393, 499469235, 23, 0, 1
14772, 499484007, 171, 2, 1
6664, 499490671, 32, 0, 1
2125700, 2125700, 46798, 87, 4
9361531, 11487231, 79993, 1648, 8
19343906, 30831137, 19589, 1293, 3
19163470, 49994607, 24366, 1516, 3
19175910, 69170517, 17481, 1416, 3
19662363, 88832880, 17889, 734, 3
19652654, 108485534, 17688, 1253, 3
18598436, 127083970, 24531, 1990, 7
19256993, 146340963, 18055, 1149, 3
19881415, 166222378, 18257, 978, 3
19735687, 185958065, 20308, 1112, 3
19584341, 205542406, 19128, 1707, 3
19675818, 225218224, 18896, 1448, 3
19688299, 244906523, 18071, 1256, 3
18312971, 263219494, 24678, 1224, 3
19461940, 282681434, 20268, 1714, 3
19234628, 301916062, 19686, 1071, 3
19711167, 321627229, 19064, 1608, 3
19791660, 341418889, 19441, 1839, 3
19785281, 361204170, 19846, 1153, 3
19782417, 380986587, 19018, 1669, 3
19721834, 400708421, 19219, 895, 3
19790034, 420498455, 19134, 1073, 3
19688548, 440187003, 20056, 986, 3
19699218, 459886221, 19301, 1423, 3
19714126, 479600347, 19287, 1500, 3
12919844, 492520191, 29450, 411, 19
3786403, 496306594, 8731, 14, 6
5658, 496312252, 34, 0, 1
5658, 496317910, 12, 0, 1
6170, 496324080, 24, 0, 1
11787, 496335867, 33, 0, 1
5651, 496341518, 26, 0, 1
5632, 496347150, 25, 0, 1
6160, 496353310, 17, 0, 1
11809, 496365119, 21, 0, 1
5650, 496370769, 16, 0, 1
5658, 496376427, 6, 0, 1
6142, 496382569, 21, 0, 1
11760, 496394329, 32, 0, 1
5658, 496399987, 10, 0, 1
5649, 496405636, 18, 0, 1
6167, 496411803, 19, 0, 1
11760, 496423563, 31, 0, 1
5632, 496429195, 23, 0, 1
5646, 496434841, 11, 0, 1
6124, 496440965, 23, 0, 1
11794, 496452759, 40, 0, 1
5633, 496458392, 15, 0, 1
5652, 496464044, 11, 0, 1
6173, 496470217, 16, 0, 1
11787, 496482004, 32, 0, 1
5658, 496487662, 9, 0, 1
5658, 496493320, 10, 0, 1
6140, 496499460, 24, 0, 1
11789, 496511249, 35, 0, 1
5666, 496516915, 19, 0, 1
5658, 496522573, 7, 0, 1
6124, 496528697, 24, 0, 1
11781, 496540478, 44, 0, 1
5658, 496546136, 9, 0, 1
5657, 496551793, 22, 0, 1
6173, 496557966, 19, 0, 1
11770, 496569736, 34, 0, 1
5634, 496575370, 13, 0, 1
5661, 496581031, 19, 0, 1
6160, 496587191, 15, 0, 1
11821, 496599012, 39, 0, 1
5651, 496604663, 18, 0, 1
7004, 496611667, 89, 0, 1
6160, 496617827, 16, 0, 1
11755, 496629582, 44, 0, 1
5658, 496635240, 10, 0, 1
5651, 496640891, 11, 0, 1
6154, 496647045, 20, 0, 1
11778, 496658823, 37, 0, 1
5646, 496664469, 16, 0, 1
5658, 496670127, 13, 0, 1
6147, 496676274, 20, 0, 1
11783, 496688057, 31, 0, 1
5634, 496693691, 19, 0, 1
5650, 496699341, 20, 0, 1
6158, 496705499, 27, 0, 1
11796, 496717295, 22, 0, 1
5621, 496722916, 16, 0, 1
5634, 496728550, 13, 0, 1
6160, 496734710, 16, 0, 1
11802, 496746512, 38, 0, 1
5652, 496752164, 13, 0, 1
5658, 496757822, 8, 0, 1
6159, 496763981, 24, 0, 1
11778, 496775759, 25, 0, 1
5652, 496781411, 15, 0, 1
5656, 496787067, 22, 0, 1
6173, 496793240, 17, 0, 1
11783, 496805023, 43, 0, 1
5658, 496810681, 13, 0, 1
5658, 496816339, 9, 0, 1
6142, 496822481, 24, 0, 1
13577, 496836058, 121, 0, 1
6373, 496842431, 17, 0, 1
6307, 496848738, 26, 0, 1
6586, 496855324, 31, 0, 1
11790, 496867114, 28, 0, 1
6116, 496873230, 16, 0, 1
5655, 496878885, 25, 0, 1
6147, 496885032, 28, 0, 1
12174, 496897206, 41, 0, 1
6110, 496903316, 20, 0, 1
6079, 496909395, 25, 0, 1
6116, 496915511, 16, 0, 1
12214, 496927725, 27, 0, 1
6114, 496933839, 28, 0, 1
6090, 496939929, 28, 0, 1
6116, 496946045, 18, 0, 1
12232, 496958277, 28, 0, 1
6074, 496964351, 19, 0, 1
5658, 496970009, 11, 0, 1
6118, 496976127, 22, 0, 1
12251, 496988378, 34, 0, 1
7470, 496995848, 49, 0, 1
5651, 497001499, 15, 0, 1
11789, 497013288, 31, 0, 1
6139, 497019427, 14, 0, 1
5640, 497025067, 16, 0, 1
5652, 497030719, 13, 0, 1
11782, 497042501, 30, 0, 1
6119, 497048620, 24, 0, 1
5644, 497054264, 23, 0, 1
5632, 497059896, 23, 0, 1
11802, 497071698, 44, 0, 1
6145, 497077843, 22, 0, 1
5632, 497083475, 23, 0, 1
5667, 497089142, 30, 0, 1
11806, 497100948, 29, 0, 1
6138, 497107086, 20, 0, 1
5616, 497112702, 18, 0, 1
5645, 497118347, 25, 0, 1
11831, 497130178, 28, 0, 1
6138, 497136316, 16, 0, 1
5634, 497141950, 19, 0, 1
5658, 497147608, 11, 0, 1
11812, 497159420, 20, 0, 1
6132, 497165552, 17, 0, 1
5637, 497171189, 21, 0, 1
5638, 497176827, 24, 0, 1
11831, 497188658, 36, 0, 1
6138, 497194796, 18, 0, 1
5634, 497200430, 18, 0, 1
5658, 497206088, 11, 0, 1
11798, 497217886, 30, 0, 1
6121, 497224007, 17, 0, 1
5628, 497229635, 16, 0, 1
5658, 497235293, 21, 0, 1
11793, 497247086, 35, 0, 1
6117, 497253203, 27, 0, 1
5643, 497258846, 26, 0, 1
5658, 497264504, 11, 0, 1
11823, 497276327, 32, 0, 1
6114, 497282441, 26, 0, 1
5657, 497288098, 21, 0, 1
5663, 497293761, 17, 0, 1
11782, 497305543, 29, 0, 1
6151, 497311694, 15, 0, 1
5643, 497317337, 23, 0, 1
5643, 497322980, 20, 0, 1
11796, 497334776, 36, 0, 1
6138, 497340914, 16, 0, 1
5627, 497346541, 24, 0, 1
5658, 497352199, 9, 0, 1
11832, 497364031, 27, 0, 1
7515, 497371546, 31, 0, 1
5615, 497377161, 21, 0, 1
5643, 497382804, 28, 0, 1
11800, 497394604, 26, 0, 1
6118, 497400722, 20, 0, 1
5638, 497406360, 21, 0, 1
5632, 497411992, 18, 0, 1
11798, 497423790, 35, 0, 1
6122, 497429912, 24, 0, 1
5658, 497435570, 9, 0, 1
5658, 497441228, 9, 0, 1
11782, 497453010, 32, 0, 1
6145, 497459155, 16, 0, 1
5642, 497464797, 20, 0, 1
5645, 497470442, 18, 0, 1
11780, 497482222, 30, 0, 1
6138, 497488360, 15, 0, 1
5616, 497493976, 17, 0, 1
17149, 497511125, 405, 7, 1
11840, 497522965, 66, 0, 1
6132, 497529097, 15, 0, 1
5621, 497534718, 21, 0, 1
5658, 497540376, 11, 0, 1
11797, 497552173, 30, 0, 1
6151, 497558324, 13, 0, 1
5646, 497563970, 22, 0, 1
5653, 497569623, 29, 0, 1
11822, 497581445, 37, 0, 1
6126, 497587571, 22, 0, 1
5627, 497593198, 17, 0, 1
5649, 497598847, 27, 0, 1
11823, 497610670, 30, 0, 1
6138, 497616808, 15, 0, 1
5663, 497622471, 24, 0, 1
5667, 497628138, 25, 0, 1
11798, 497639936, 42, 0, 1
6119, 497646055, 22, 0, 1
5650, 497651705, 18, 0, 1
5658, 497657363, 8, 0, 1
11794, 497669157, 42, 0, 1
6138, 497675295, 19, 0, 1
5628, 497680923, 16, 0, 1
5662, 497686585, 27, 0, 1
11775, 497698360, 26, 0, 1
6138, 497704498, 20, 0, 1
5645, 497710143, 14, 0, 1
5645, 497715788, 15, 0, 1
11810, 497727598, 37, 0, 1
6135, 497733733, 32, 0, 1
6116, 497739849, 16, 0, 1
5634, 497745483, 21, 0, 1
13196, 497758679, 68, 0, 1
6145, 497764824, 17, 0, 1
5658, 497770482, 10, 0, 1
5652, 497776134, 14, 0, 1
11786, 497787920, 36, 0, 1
6151, 497794071, 17, 0, 1
5652, 497799723, 13, 0, 1
5661, 497805384, 24, 0, 1
11806, 497817190, 27, 0, 1
6138, 497823328, 16, 0, 1
5626, 497828954, 22, 0, 1
5658, 497834612, 10, 0, 1
11816, 497846428, 36, 0, 1
6125, 497852553, 19, 0, 1
5656, 497858209, 28, 0, 1
5652, 497863861, 15, 0, 1
11794, 497875655, 43, 0, 1
6138, 497881793, 18, 0, 1
5610, 497887403, 15, 0, 1
5652, 497893055, 15, 0, 1
11813, 497904868, 35, 0, 1
6115, 497910983, 25, 0, 1
5658, 497916641, 13, 0, 1
5658, 497922299, 8, 0, 1
11804, 497934103, 43, 0, 1
6139, 497940242, 21, 0, 1
5656, 497945898, 16, 0, 1
5658, 497951556, 8, 0, 1
11791, 497963347, 32, 0, 1
6138, 497969485, 14, 0, 1
5648, 497975133, 26, 0, 1
5652, 497980785, 16, 0, 1
11783, 497992568, 47, 0, 1
6108, 497998676, 20, 0, 1
5658, 498004334, 11, 0, 1
5657, 498009991, 24, 0, 1
11817, 498021808, 49, 0, 1
6130, 498027938, 26, 0, 1
5645, 498033583, 17, 0, 1
5649, 498039232, 22, 0, 1
11817, 498051049, 25, 0, 1
6138, 498057187, 15, 0, 1
5661, 498062848, 22, 0, 1
5642, 498068490, 20, 0, 1
11838, 498080328, 45, 0, 1
6138, 498086466, 17, 0, 1
5658, 498092124, 12, 0, 1
5651, 498097775, 21, 0, 1
11817, 498109592, 33, 0, 1
6114, 498115706, 22, 0, 1
5658, 498121364, 11, 0, 1
7035, 498128399, 23, 0, 1
11847, 498140246, 39, 0, 1
6123, 498146369, 27, 0, 1
5658, 498152027, 10, 0, 1
5658, 498157685, 10, 0, 1
11766, 498169451, 38, 1, 1
14756, 498184207, 290, 19, 1
5650, 498189857, 31, 0, 1
5626, 498195483, 25, 0, 1
11815, 498207298, 46, 0, 1
6138, 498213436, 18, 0, 1
5659, 498219095, 24, 0, 1
5652, 498224747, 11, 0, 1
11819, 498236566, 25, 0, 1
6141, 498242707, 24, 0, 1
5679, 498248386, 36, 0, 1
5658, 498254044, 13, 0, 1
11800, 498265844, 27, 0, 1
6130, 498271974, 24, 0, 1
5646, 498277620, 20, 0, 1
5644, 498283264, 19, 0, 1
11785, 498295049, 49, 0, 1
6138, 498301187, 16, 0, 1
5652, 498306839, 13, 0, 1
5639, 498312478, 18, 0, 1
11812, 498324290, 48, 0, 1
6138, 498330428, 19, 0, 1
5634, 498336062, 17, 0, 1
5658, 498341720, 11, 0, 1
11776, 498353496, 33, 0, 1
6096, 498359592, 22, 0, 1
5628, 498365220, 21, 0, 1
5652, 498370872, 15, 0, 1
11823, 498382695, 33, 0, 1
6138, 498388833, 17, 0, 1
5658, 498394491, 10, 0, 1
5644, 498400135, 19, 0, 1
11803, 498411938, 38, 0, 1
6151, 498418089, 16, 0, 1
5646, 498423735, 25, 0, 1
5658, 498429393, 9, 0, 1
11812, 498441205, 31, 0, 1
6126, 498447331, 19, 0, 1
5651, 498452982, 19, 0, 1
5652, 498458634, 13, 0, 1
11819, 498470453, 38, 0, 1
6138, 498476591, 16, 0, 1
5644, 498482235, 22, 0, 1
5658, 498487893, 9, 0, 1
11727, 498499620, 29, 0, 1
6171, 498505791, 15, 0, 1
7025, 498512816, 47, 0, 1
5658, 498518474, 12, 0, 1
11819, 498530293, 35, 0, 1
6133, 498536426, 31, 0, 1
5644, 498542070, 27, 0, 1
5651, 498547721, 17, 0, 1
896884, 499444605, 15623, 302, 5
6425, 499451030, 43, 0, 1
6703, 499457733, 32, 0, 1
6672, 499464405, 42, 0, 1
18535, 499482940, 362, 11, 1
6706, 499489646, 32, 0, 1
6661, 499496307, 28, 0, 1
7987, 499504294, 157, 6, 1
