505590 505590 11991 549
5660621 6166211 90291 8274
16112554 22278765 35947 8616
19117450 41396215 23973 5892
18943160 60339375 19380 5130
19422669 79762044 18833 5263
19358754 99120798 19478 5259
18718391 117839189 25264 7327
19035504 136874693 19546 5191
19428715 156303408 19851 5341
19140152 175443560 19520 5199
19367450 194811010 22157 5550
19515738 214326748 20064 5359
19496576 233823324 20106 5360
19074824 252898148 23769 5154
19202714 272100862 20987 5433
18864978 290965840 18705 5104
19246104 310211944 18531 5223
19202459 329414403 18503 5269
19637205 349051608 19316 5312
19506334 368557942 18207 5275
19597173 388155115 18747 5347
19566919 407722034 18302 5270
19575858 427297892 18895 5274
19605575 446903467 17902 5321
19532077 466435544 18553 5271
18112254 484547798 29751 4974
10571794 495119592 17312 267
1194265 496313857 4085 719
5655 496319512 40 0
6138 496325650 20 0
11791 496337441 31 0
5634 496343075 14 0
5658 496348733 20 0
6171 496354904 27 0
11784 496366688 23 0
5639 496372327 13 0
5658 496377985 10 0
6153 496384138 26 0
11798 496395936 38 0
5647 496401583 22 0
5652 496407235 11 0
6160 496413395 15 1
11796 496425191 19 0
5661 496430852 30 0
5657 496436509 19 0
6155 496442664 19 0
11780 496454444 40 0
5644 496460088 16 0
5652 496465740 12 0
6141 496471881 25 1
11788 496483669 27 0
5642 496489311 19 0
5671 496494982 30 0
6173 496501155 16 0
11783 496512938 27 0
5661 496518599 25 0
5657 496524256 18 0
11805 496536061 38 0
6144 496542205 19 0
7010 496549215 101 41
5656 496554871 27 0
11820 496566691 40 0
6132 496572823 19 0
5643 496578466 24 0
5651 496584117 19 0
12255 496596372 39 0
6138 496602510 16 0
5657 496608167 34 0
5658 496613825 12 0
11817 496625642 30 1
6151 496631793 15 0
5656 496637449 23 0
5639 496643088 13 0
11794 496654882 30 1
6114 496660996 18 0
5657 496666653 15 1
5658 496672311 11 0
11837 496684148 53 1
6125 496690273 24 0
5658 496695931 18 0
5658 496701589 9 0
11782 496713371 32 0
6112 496719483 24 0
5658 496725141 10 0
5658 496730799 10 0
20878 496751677 406 143
6126 496757803 27 1
5639 496763442 18 1
5645 496769087 15 0
11817 496780904 26 0
6145 496787049 20 0
5643 496792692 24 0
5658 496798350 11 0
11806 496810156 48 0
6132 496816288 19 0
5658 496821946 20 1
5658 496827604 12 0
11814 496839418 39 0
6129 496845547 32 0
6116 496851663 16 0
5658 496857321 16 0
11789 496869110 33 0
6521 496875631 50 0
6643 496882274 47 0
6292 496888566 54 3
13232 496901798 42 0
6571 496908369 35 1
6103 496914472 26 0
5637 496920109 25 0
12256 496932365 46 0
7478 496939843 58 14
6102 496945945 27 0
6115 496952060 24 0
12231 496964291 52 0
6105 496970396 28 0
6143 496976539 37 0
6115 496982654 23 0
12213 496994867 45 0
6116 497000983 23 0
6080 497007063 27 0
6109 497013172 28 0
12247 497025419 42 0
6107 497031526 28 0
6121 497037647 26 0
6116 497043763 22 0
12218 497055981 37 0
6121 497062102 24 0
6079 497068181 27 0
5671 497073852 29 0
12267 497086119 33 0
6096 497092215 27 0
6107 497098322 30 0
5658 497103980 15 0
11800 497115780 32 0
6151 497121931 17 0
5661 497127592 21 0
5658 497133250 11 0
11817 497145067 51 0
6126 497151193 18 0
5648 497156841 25 0
5658 497162499 12 0
11820 497174319 44 0
6124 497180443 28 0
5644 497186087 27 0
5657 497191744 20 0
11815 497203559 41 0
6138 497209697 14 0
5622 497215319 18 0
5655 497220974 28 0
11824 497232798 31 0
6152 497238950 38 0
5634 497244584 16 0
5639 497250223 20 0
11802 497262025 42 0
6149 497268174 23 0
5653 497273827 25 0
5657 497279484 17 0
11797 497291281 38 0
6131 497297412 22 0
5651 497303063 20 0
5661 497308724 31 0
13210 497321934 62 0
6138 497328072 15 0
5643 497333715 20 0
5651 497339366 21 0
11800 497351166 44 0
6151 497357317 15 0
5658 497362975 16 0
5652 497368627 19 0
11817 497380444 29 0
6130 497386574 30 0
5658 497392232 10 0
5658 497397890 22 0
11806 497409696 30 0
6129 497415825 32 0
5658 497421483 22 0
5655 497427138 25 0
11800 497438938 32 0
6114 497445052 23 0
5610 497450662 20 0
5658 497456320 15 0
11828 497468148 41 0
6131 497474279 21 0
5648 497479927 25 0
5658 497485585 12 0
11821 497497406 30 1
14345 497511751 271 115
5645 497517396 37 2
5657 497523053 21 0
11808 497534861 39 0
6138 497540999 15 0
5638 497546637 22 0
5645 497552282 18 0
11813 497564095 33 0
6136 497570231 25 0
5650 497575881 21 0
5657 497581538 23 0
11805 497593343 40 0
6151 497599494 13 0
5643 497605137 22 0
5657 497610794 19 0
11813 497622607 41 0
6125 497628732 22 0
5672 497634404 28 0
5658 497640062 11 0
11828 497651890 38 0
6125 497658015 25 0
5658 497663673 15 0
5657 497669330 21 0
11810 497681140 40 0
6138 497687278 16 0
5662 497692940 26 0
5645 497698585 22 0
13197 497711782 64 1
6130 497717912 25 0
5658 497723570 15 0
5645 497729215 17 0
11816 497741031 33 0
6151 497747182 15 0
5640 497752822 15 0
5657 497758479 19 0
11805 497770284 29 0
6132 497776416 19 0
5648 497782064 23 0
5658 497787722 12 0
11821 497799543 38 0
6147 497805690 29 0
5639 497811329 21 0
5652 497816981 16 0
11805 497828786 45 0
6171 497834957 15 0
5630 497840587 24 0
5652 497846239 17 0
11806 497858045 48 0
6138 497864183 16 0
6109 497870292 25 0
5654 497875946 28 0
11804 497887750 41 0
6138 497893888 17 0
5655 497899543 24 0
5658 497905201 12 0
11814 497917015 43 0
6138 497923153 16 0
5637 497928790 24 0
5651 497934441 18 0
11799 497946240 29 0
6123 497952363 27 0
5638 497958001 28 0
5658 497963659 13 0
11791 497975450 37 0
6149 497981599 22 0
5658 497987257 13 0
5652 497992909 16 0
11824 498004733 49 0
6138 498010871 16 0
5658 498016529 11 0
5652 498022181 13 0
11811 498033992 42 0
6131 498040123 20 0
5633 498045756 20 0
5652 498051408 20 0
11826 498063234 40 0
6151 498069385 17 0
5661 498075046 21 0
7029 498082075 28 0
11804 498093879 28 0
6138 498100017 17 0
5643 498105660 28 0
5656 498111316 17 0
11814 498123130 46 0
6138 498129268 16 0
5645 498134913 16 0
5657 498140570 17 0
11810 498152380 32 0
6138 498158518 20 0
5661 498164179 26 0
5652 498169831 11 0
11824 498181655 38 0
6138 498187793 32 0
5646 498193439 28 0
5658 498199097 13 0
11817 498210914 33 0
6148 498217062 26 0
5645 498222707 25 0
5661 498228368 22 0
11818 498240186 23 0
6132 498246318 22 0
5658 498251976 13 0
5644 498257620 29 0
11830 498269450 31 0
6138 498275588 13 0
5659 498281247 27 0
5652 498286899 26 0
11809 498298708 44 0
6151 498304859 14 0
5628 498310487 21 0
5647 498316134 28 0
11805 498327939 29 0
6138 498334077 14 0
5639 498339716 22 0
5651 498345367 17 0
11825 498357192 34 0
6138 498363330 15 0
5655 498368985 28 0
5647 498374632 22 0
11822 498386454 27 0
6126 498392580 19 0
5658 498398238 12 0
5667 498403905 20 0
12716 498416621 105 44
6138 498422759 15 0
5651 498428410 26 0
5653 498434063 29 0
11822 498445885 31 0
6151 498452036 17 0
7017 498459053 36 0
11812 498470865 29 0
5652 498476517 16 0
6136 498482653 36 0
5645 498488298 17 0
11831 498500129 31 0
5648 498505777 27 0
6138 498511915 13 0
5639 498517554 19 0
11807 498529361 43 0
5652 498535013 15 0
6142 498541155 30 0
5657 498546812 21 0
11801 498558613 43 0
5655 498564268 26 0
6160 498570428 30 0
5657 498576085 21 0
11800 498587885 42 0
5643 498593528 27 0
6131 498599659 23 0
5639 498605298 20 0
11822 498617120 38 0
5658 498622778 13 0
6119 498628897 24 0
5645 498634542 17 0
11831 498646373 31 0
5658 498652031 11 0
6126 498658157 28 0
5658 498663815 11 0
11817 498675632 31 0
5657 498681289 20 0
6138 498687427 24 0
8997 498696424 192 43
907177 499603601 15328 4457
6703 499610304 55 0
6826 499617130 44 3
12187 499629317 409 98
13134 499642451 55 0
6693 499649144 34 1
8241 499657385 163 13
6601 499663986 30 0
13003 499676989 30 0
2203435 2203435 48674 2611
6227167 8430602 76705 12689
19028968 27459570 19418 5231
18711270 46170840 20929 5088
18832547 65003387 21540 5749
19399476 84402863 17921 5232
19209673 103612536 18033 5255
18130788 121743324 23547 7049
19033170 140776494 19096 5190
19280378 160056872 18514 5206
18952882 179009754 20935 5444
19352701 198362455 18438 5230
19379027 217741482 19026 5262
19330941 237072423 19330 5370
18717513 255789936 23361 5232
19031633 274821569 19070 5215
18873950 293695519 19313 5086
19065768 312761287 18367 5135
19361664 332122951 18978 5299
19540592 351663543 18711 5296
19393326 371056869 19233 5266
19596004 390652873 18899 5340
19483390 410136263 18695 5293
19522191 429658454 18759 5210
19460751 449119205 19622 5228
19566520 468685725 18863 5283
17306889 485992614 27927 4384
9912091 495904705 17231 296
458048 496362753 3291 589
6116 496368869 35 1
5650 496374519 25 0
5662 496380181 27 0
11781 496391962 39 0
6141 496398103 34 0
7028 496405131 111 35
5658 496410789 12 0
11835 496422624 51 0
6117 496428741 32 0
5658 496434399 12 0
5658 496440057 11 0
11804 496451861 46 0
6151 496458012 19 0
5658 496463670 12 0
5658 496469328 13 0
11791 496481119 36 0
6132 496487251 20 0
5628 496492879 20 1
5686 496498565 30 0
11825 496510390 42 0
6126 496516516 20 0
5639 496522155 22 0
5646 496527801 16 0
11838 496539639 54 0
6113 496545752 27 0
5627 496551379 21 1
5658 496557037 9 0
11778 496568815 49 0
6138 496574953 15 0
5642 496580595 23 0
5655 496586250 26 0
20889 496607139 345 53
6138 496613277 18 0
5653 496618930 30 0
5652 496624582 16 0
11810 496636392 56 0
6138 496642530 20 0
5632 496648162 23 0
5658 496653820 11 0
11834 496665654 51 0
6119 496671773 30 0
5658 496677431 13 0
5663 496683094 28 0
11775 496694869 35 0
6139 496701008 21 0
6114 496707122 27 1
5640 496712762 21 0
11784 496724546 33 0
6138 496730684 18 0
6116 496736800 24 0
5645 496742445 19 0
11777 496754222 46 0
6138 496760360 16 0
5649 496766009 26 0
5658 496771667 17 0
11818 496783485 36 0
7509 496790994 69 2
5658 496796652 14 0
5658 496802310 13 0
11818 496814128 48 0
6113 496820241 24 0
5651 496825892 33 0
5658 496831550 12 0
11825 496843375 27 0
6128 496849503 28 0
5663 496855166 23 0
5637 496860803 27 0
11818 496872621 31 0
6138 496878759 19 0
5658 496884417 21 2
5658 496890075 14 0
11831 496901906 23 0
6138 496908044 19 0
5658 496913702 11 0
5658 496919360 12 0
13296 496932656 83 3
6643 496939299 26 0
6602 496945901 25 0
12445 496958346 44 0
6116 496964462 33 0
6116 496970578 27 0
6102 496976680 35 0
12234 496988914 41 0
6103 496995017 27 0
6086 497001103 25 0
6116 497007219 19 0
12223 497019442 43 0
6115 497025557 28 0
6131 497031688 33 0
6110 497037798 16 0
12214 497050012 39 0
6113 497056125 30 0
6104 497062229 25 0
6110 497068339 28 0
12214 497080553 37 0
6102 497086655 25 0
6080 497092735 24 0
6111 497098846 29 0
11770 497110616 49 0
6098 497116714 25 0
6097 497122811 25 0
6109 497128920 30 0
11782 497140702 31 0
5649 497146351 22 0
6126 497152477 28 0
5658 497158135 15 0
11812 497169947 27 0
7007 497176954 60 6
6150 497183104 22 0
5626 497188730 21 0
11811 497200541 35 0
5658 497206199 12 0
6138 497212337 15 0
5651 497217988 18 0
11825 497229813 29 0
5658 497235471 10 0
6117 497241588 30 0
5638 497247226 23 0
11811 497259037 36 0
5652 497264689 17 0
6153 497270842 33 0
5626 497276468 20 0
11827 497288295 41 0
5646 497293941 15 0
6108 497300049 26 0
5652 497305701 18 0
11829 497317530 34 0
5663 497323193 24 0
6135 497329328 35 0
5658 497334986 11 0
11809 497346795 38 0
5651 497352446 19 0
6137 497358583 25 0
5627 497364210 20 0
11808 497376018 45 0
5660 497381678 33 0
6123 497387801 31 0
5652 497393453 50 26
11816 497405269 65 6
5658 497410927 12 0
6145 497417072 22 0
5644 497422716 28 0
11811 497434527 34 0
5652 497440179 16 0
6142 497446321 36 0
5628 497451949 23 0
11829 497463778 47 0
5658 497469436 13 0
6138 497475574 18 0
5655 497481229 25 0
11812 497493041 28 0
5651 497498692 17 0
7039 497505731 99 54
5643 497511374 26 0
11812 497523186 33 0
5644 497528830 26 0
6138 497534968 19 0
5650 497540618 27 0
13188 497553806 53 1
5649 497559455 29 0
6138 497565593 19 0
5653 497571246 28 0
11800 497583046 39 0
5660 497588706 31 0
6125 497594831 26 0
5628 497600459 20 0
11823 497612282 38 0
5664 497617946 26 0
6138 497624084 18 0
5632 497629716 25 0
11812 497641528 33 0
5655 497647183 27 0
6121 497653304 32 0
5643 497658947 26 0
11787 497670734 35 0
5658 497676392 10 0
6120 497682512 30 0
5633 497688145 25 0
11816 497699961 38 0
5652 497705613 17 0
6123 497711736 31 0
5632 497717368 24 0
11780 497729148 42 0
5658 497734806 12 0
6143 497740949 37 0
5645 497746594 24 0
11807 497758401 42 0
5652 497764053 18 0
6138 497770191 19 0
5646 497775837 18 0
11843 497787680 35 0
5658 497793338 11 0
6153 497799491 39 0
5658 497805149 13 0
11792 497816941 45 0
5640 497822581 15 0
6154 497828735 34 0
5658 497834393 20 0
11827 497846220 46 0
5658 497851878 12 0
6138 497858016 16 0
5658 497863674 15 0
11805 497875479 38 0
5657 497881136 18 0
6151 497887287 17 0
5644 497892931 27 0
11813 497904744 52 0
5627 497910371 25 0
6126 497916497 25 0
5646 497922143 19 0
13206 497935349 64 2
5655 497941004 26 0
6125 497947129 28 0
5658 497952787 14 0
11814 497964601 39 0
5658 497970259 16 0
6144 497976403 24 0
5639 497982042 19 0
11811 497993853 31 0
5658 497999511 11 0
6138 498005649 17 0
5657 498011306 15 0
11822 498023128 40 0
5657 498028785 21 0
6138 498034923 20 0
5658 498040581 13 0
11715 498052296 38 0
5658 498057954 12 0
6138 498064092 18 0
5658 498069750 14 0
11831 498081581 34 0
5658 498087239 14 0
6138 498093377 19 0
5658 498099035 15 0
11800 498110835 35 0
5639 498116474 18 0
6150 498122624 22 0
5651 498128275 22 0
11818 498140093 27 0
5652 498145745 16 0
6114 498151859 23 0
5621 498157480 20 0
11837 498169317 34 0
5658 498174975 11 0
6138 498181113 18 0
5646 498186759 14 0
11817 498198576 30 0
5652 498204228 14 0
6127 498210355 23 0
5658 498216013 13 0
11812 498227825 30 0
5658 498233483 12 0
6138 498239621 18 0
5651 498245272 18 0
11823 498257095 31 0
5658 498262753 14 0
6119 498268872 21 0
5644 498274516 20 0
11800 498286316 33 0
5658 498291974 13 0
6138 498298112 18 0
7028 498305140 49 8
11831 498316971 27 0
5658 498322629 13 0
6137 498328766 27 0
5658 498334424 16 1
11824 498346248 29 0
5657 498351905 17 0
6151 498358056 18 0
5658 498363714 15 0
11818 498375532 30 0
5651 498381183 23 0
6114 498387297 23 0
5658 498392955 15 0
11829 498404784 44 0
5652 498410436 15 0
6145 498416581 19 0
5638 498422219 23 0
11812 498434031 25 0
5658 498439689 15 0
6151 498445840 20 0
5658 498451498 13 0
11812 498463310 27 0
5657 498468967 22 0
6138 498475105 16 0
5658 498480763 24 0
11831 498492594 28 0
5658 498498252 12 0
6138 498504390 19 0
5639 498510029 16 0
11803 498521832 38 0
5658 498527490 13 0
6131 498533621 24 0
5628 498539249 21 0
11819 498551068 36 0
5658 498556726 12 0
6138 498562864 22 0
5658 498568522 12 0
11818 498580340 26 0
5658 498585998 11 0
6151 498592149 20 0
5658 498597807 13 0
11812 498609619 36 0
5658 498615277 13 0
6138 498621415 18 0
5658 498627073 14 0
11831 498638904 22 0
5658 498644562 18 0
6138 498650700 16 0
5646 498656346 19 0
11817 498668163 36 0
5657 498673820 24 0
7528 498681348 34 0
8997 498690345 177 21
894155 499584500 15090 3976
6707 499591207 58 2
6397 499597604 35 0
6481 499604085 38 0
19124 499623209 385 53
6820 499630029 37 2
6448 499636477 32 0
6824 499643301 24 0
4498168 4498168 87899 4992
14055746 18553914 46676 12660
19638421 38192335 18468 5426
18706885 56899220 20934 5019
19347814 76247034 22396 5900
19381306 95628340 18186 5253
19453973 115082313 18479 5296
18450345 133532658 24141 7038
19463817 152996475 19161 5320
19180925 172177400 18748 5313
19481443 191658843 19335 5334
19370296 211029139 20899 5525
19472819 230501958 20128 5329
19475105 249977063 19216 5301
18864702 268841765 24281 5376
18825115 287666880 20247 5172
19520857 307187737 19898 5283
18951757 326139494 18922 5122
19692430 345831924 19632 5387
19427419 365259343 19589 5309
19665242 384924585 19760 5350
19543992 404468577 18560 5263
19663506 424132083 18919 5349
19627218 443759301 18740 5278
19545286 463304587 19579 5278
19577430 482882017 19171 5351
10775023 493657040 27562 836
2563999 496221039 6284 655
11764 496232803 349 17
6126 496238929 28 0
5658 496244587 12 0
6151 496250738 16 0
11289 496262027 29 0
6160 496268187 18 0
5667 496273854 26 0
6120 496279974 26 0
11277 496291251 47 0
6154 496297405 23 0
5651 496303056 24 0
6136 496309192 30 0
11274 496320466 25 0
6128 496326594 25 0
5651 496332245 28 0
15225 496347470 345 58
11302 496358772 64 0
6136 496364908 32 1
5652 496370560 18 0
6146 496376706 31 0
11321 496388027 35 1
6173 496394200 22 1
5657 496399857 20 0
6126 496405983 25 0
11283 496417266 43 0
6124 496423390 21 0
5645 496429035 21 0
6138 496435173 18 0
11303 496446476 25 0
6165 496452641 22 0
5651 496458292 16 0
6119 496464411 25 0
11310 496475721 25 0
6154 496481875 28 0
5650 496487525 31 0
7054 496494579 109 53
12686 496507265 110 1
6160 496513425 17 0
5660 496519085 30 0
6113 496525198 30 0
11306 496536504 37 0
6173 496542677 19 0
5670 496548347 31 0
6138 496554485 18 0
11299 496565784 35 0
6147 496571931 32 2
5658 496577589 14 0
6142 496583731 35 0
11298 496595029 28 4
6160 496601189 16 0
5649 496606838 30 0
6134 496612972 31 0
11750 496624722 35 0
6131 496630853 27 0
5638 496636491 24 0
6125 496642616 31 0
11316 496653932 19 1
6154 496660086 25 0
5645 496665731 20 0
6121 496671852 26 0
11309 496683161 29 0
6167 496689328 20 1
5658 496694986 13 1
6135 496701121 31 0
11325 496712446 37 0
6164 496718610 26 0
5661 496724271 20 0
6136 496730407 31 0
11298 496741705 22 0
6159 496747864 18 0
5658 496753522 16 0
11792 496765314 42 0
5652 496770966 19 0
6151 496777117 30 0
5664 496782781 20 0
13248 496796029 91 1
6360 496802389 24 1
6624 496809013 27 0
6589 496815602 47 0
12249 496827851 45 0
5658 496833509 14 0
6138 496839647 16 0
6116 496845763 20 0
12189 496857952 45 0
6130 496864082 40 0
6142 496870224 18 0
6097 496876321 25 0
13590 496889911 59 3
6115 496896026 31 0
6096 496902122 29 0
6103 496908225 21 0
12223 496920448 45 0
6108 496926556 27 0
6110 496932666 36 0
6116 496938782 23 0
12217 496950999 53 0
6116 496957115 17 0
6116 496963231 19 0
6110 496969341 28 0
12219 496981560 37 0
5658 496987218 9 0
6137 496993355 18 0
6116 496999471 16 0
12216 497011687 53 0
5658 497017345 12 0
6138 497023483 28 0
5638 497029121 19 0
11763 497040884 39 0
5658 497046542 10 0
6128 497052670 28 0
5652 497058322 22 0
11779 497070101 36 0
5658 497075759 10 0
6147 497081906 25 0
5672 497087578 30 0
11784 497099362 45 0
5658 497105020 12 0
6167 497111187 29 0
5649 497116836 26 0
11784 497128620 35 0
5658 497134278 13 0
6139 497140417 32 0
5658 497146075 14 0
11801 497157876 35 0
5658 497163534 11 0
6137 497169671 27 0
5652 497175323 18 0
11764 497187087 40 0
5658 497192745 8 0
6130 497198875 23 0
5652 497204527 17 0
11807 497216334 48 0
5660 497221994 34 0
6124 497228118 24 0
5640 497233758 19 0
11795 497245553 35 0
5658 497251211 9 0
6185 497257396 24 0
5631 497263027 25 0
13171 497276198 62 4
5657 497281855 19 0
6118 497287973 28 0
5656 497293629 22 0
11782 497305411 33 0
5656 497311067 19 0
6130 497317197 25 0
5660 497322857 30 0
11782 497334639 44 0
5658 497340297 13 0
6161 497346458 23 0
5651 497352109 17 0
11764 497363873 43 0
5655 497369528 25 0
6166 497375694 21 0
5625 497381319 23 0
11803 497393122 38 0
5658 497398780 12 0
6131 497404911 27 0
5646 497410557 15 0
11742 497422299 40 0
5662 497427961 24 0
6160 497434121 20 0
5673 497439794 32 0
11778 497451572 48 0
5658 497457230 11 0
6133 497463363 31 0
5645 497469008 21 0
11805 497480813 37 0
5658 497486471 12 0
6142 497492613 25 0
5658 497498271 12 0
11783 497510054 34 0
5664 497515718 27 0
6166 497521884 29 0
5638 497527522 23 0
11809 497539331 27 0
5658 497544989 10 0
6149 497551138 32 0
5657 497556795 23 0
11776 497568571 40 0
5658 497574229 14 0
6155 497580384 19 0
5653 497586037 29 0
11762 497597799 44 0
5658 497603457 8 0
6135 497609592 27 0
5661 497615253 34 0
11782 497627035 45 0
5660 497632695 28 0
6186 497638881 16 0
7028 497645909 37 0
11796 497657705 29 0
5663 497663368 26 0
6157 497669525 26 0
5658 497675183 10 0
11790 497686973 36 0
5645 497692618 21 0
6148 497698766 21 0
5670 497704436 30 0
11758 497716194 33 0
5658 497721852 10 0
6173 497728025 18 0
5646 497733671 20 0
11804 497745475 41 0
5658 497751133 15 0
6154 497757287 21 0
5651 497762938 21 0
11789 497774727 37 0
5658 497780385 9 0
6124 497786509 27 0
5648 497792157 30 2
11785 497803942 44 0
5662 497809604 24 0
6149 497815753 22 0
5658 497821411 25 0
11761 497833172 50 0
5646 497838818 15 0
6140 497844958 27 0
5651 497850609 24 0
11800 497862409 40 0
5658 497868067 9 0
6135 497874202 27 0
5645 497879847 20 0
11754 497891601 37 0
5658 497897259 17 0
6160 497903419 15 0
5657 497909076 19 0
11778 497920854 35 0
5658 497926512 12 0
6153 497932665 20 0
5651 497938316 22 0
11800 497950116 47 0
5658 497955774 13 0
6155 497961929 20 0
5649 497967578 28 0
11769 497979347 42 0
5658 497985005 11 0
6158 497991163 29 0
5655 497996818 28 0
11797 498008615 48 0
5658 498014273 15 0
7516 498021789 40 0
5663 498027452 28 0
11764 498039216 46 0
5658 498044874 12 0
6186 498051060 19 0
5651 498056711 16 0
11771 498068482 31 0
5645 498074127 19 0
6148 498080275 25 0
5657 498085932 16 0
11772 498097704 25 0
5661 498103365 25 0
6184 498109549 21 0
5658 498115207 17 0
11795 498127002 42 0
5658 498132660 12 0
6141 498138801 21 0
5651 498144452 22 0
11802 498156254 29 0
5662 498161916 22 0
6162 498168078 27 0
5652 498173730 15 0
11789 498185519 35 0
5658 498191177 14 0
6169 498197346 31 0
5652 498202998 20 0
11778 498214776 29 0
5658 498220434 14 0
6146 498226580 27 0
5658 498232238 18 0
11809 498244047 30 0
5658 498249705 12 0
6159 498255864 18 0
5652 498261516 25 0
11766 498273282 40 0
5657 498278939 20 0
6161 498285100 22 0
5658 498290758 16 0
11787 498302545 29 0
5658 498308203 12 0
6153 498314356 32 0
5658 498320014 19 0
11789 498331803 35 0
5650 498337453 20 0
6173 498343626 21 0
5652 498349278 17 0
11783 498361061 37 0
5658 498366719 19 0
6124 498372843 27 0
5652 498378495 24 0
11822 498390317 25 0
7028 498397345 32 0
6160 498403505 25 0
5658 498409163 17 0
11796 498420959 25 0
5652 498426611 17 0
6173 498432784 18 0
11788 498444572 41 0
5658 498450230 14 0
5651 498455881 20 0
6141 498462022 22 0
11800 498473822 35 0
5640 498479462 18 0
5658 498485120 17 0
6148 498491268 24 0
11783 498503051 32 0
5658 498508709 14 0
5658 498514367 13 0
6154 498520521 25 0
11782 498532303 44 0
5652 498537955 17 0
5652 498543607 13 0
6164 498549771 27 0
11778 498561549 26 0
164654 498726203 5162 2407
736057 499462260 10559 1993
6733 499468993 54 0
13781 499482774 78 3
11973 499494747 347 90
6686 499501433 44 1
6450 499507883 35 0
14690 499522573 182 15
6624 499529197 23 0
3820711 3820711 75458 4422
10866687 14687398 55810 12569
19174460 33861858 18858 5300
18308545 52170403 24704 5619
19287883 71458286 19591 5242
19343818 90802104 20120 5252
19212103 110014207 19696 5242
18764625 128778832 25080 7238
18743467 147522299 20836 5131
19159182 166681481 19876 5230
19146280 185827761 20167 5203
19287917 205115678 22531 5599
19416385 224532063 20305 5374
19235562 243767625 20089 5242
18714031 262481656 24643 5339
19085012 281566668 20589 5245
19198532 300765200 19139 5201
19039991 319805191 18484 5186
19219407 339024598 19335 5261
19570067 358594665 20343 5317
19503722 378098387 18986 5281
19549472 397647859 19120 5265
19587505 417235364 18744 5266
19608771 436844135 19640 5334
19539289 456383424 18913 5255
19630333 476013757 19153 5335
15177418 491191175 30354 2619
5144791 496335966 10895 668
5646 496341612 48 1
6132 496347744 22 0
5646 496353390 20 0
11800 496365190 37 0
5658 496370848 10 0
6120 496376968 20 0
5633 496382601 23 0
11778 496394379 50 0
5660 496400039 33 0
7515 496407554 93 42
5652 496413206 14 0
11828 496425034 49 0
5661 496430695 26 0
6102 496436797 27 0
5648 496442445 23 0
11794 496454239 29 0
5652 496459891 14 0
6135 496466026 37 0
5658 496471684 12 0
11796 496483480 39 0
5651 496489131 21 0
6138 496495269 19 0
5646 496500915 19 0
11844 496512759 22 0
5658 496518417 11 0
6138 496524555 20 0
5554 496530109 23 1
11812 496541921 27 0
5659 496547580 27 0
6125 496553705 28 0
5659 496559364 28 0
11808 496571172 37 0
5658 496576830 15 0
6145 496582975 17 0
5640 496588615 21 0
11817 496600432 41 0
5658 496606090 15 0
6129 496612219 25 0
5639 496617858 22 1
11822 496629680 45 0
5657 496635337 17 0
6138 496641475 19 0
5658 496647133 13 1
11828 496658961 39 0
5657 496664618 24 0
6136 496670754 28 0
6114 496676868 29 1
11778 496688646 37 1
5657 496694303 26 0
6166 496700469 41 0
6114 496706583 31 0
11788 496718371 40 0
5658 496724029 12 0
6121 496730150 31 0
5657 496735807 24 0
11825 496747632 33 0
5652 496753284 19 0
6138 496759422 15 0
5658 496765080 14 0
11818 496776898 33 0
7035 496783933 37 5
6151 496790084 18 0
5658 496795742 14 1
11818 496807560 22 0
5652 496813212 17 0
6132 496819344 20 0
5658 496825002 10 0
11831 496836833 26 0
5658 496842491 17 0
6135 496848626 25 0
5658 496854284 12 0
11805 496866089 34 0
5658 496871747 20 0
6125 496877872 30 0
6142 496884014 19 0
12998 496897012 47 1
6373 496903385 18 2
6624 496910009 23 0
6566 496916575 27 0
12226 496928801 44 0
5652 496934453 21 0
6151 496940604 22 0
6103 496946707 31 0
12229 496958936 40 0
6115 496965051 26 0
6116 496971167 18 0
6116 496977283 18 0
12206 496989489 48 0
6116 496995605 18 0
6118 497001723 29 0
6109 497007832 28 0
12205 497020037 41 0
6116 497026153 15 0
6129 497032282 19 0
6116 497038398 20 0
12226 497050624 31 0
6116 497056740 19 0
6115 497062855 25 0
6116 497068971 19 0
12233 497081204 45 0
5652 497086856 16 0
6132 497092988 21 0
6108 497099096 24 0
11768 497110864 42 0
5640 497116504 16 0
6138 497122642 17 0
5658 497128300 13 0
11824 497140124 39 0
5658 497145782 12 0
6125 497151907 20 0
5646 497157553 17 0
13195 497170748 40 0
5646 497176394 21 0
6151 497182545 21 0
5658 497188203 13 0
11818 497200021 24 0
5646 497205667 16 0
6138 497211805 16 0
5658 497217463 13 0
11833 497229296 37 0
5640 497234936 18 0
6132 497241068 21 0
5652 497246720 13 0
11818 497258538 25 0
5658 497264196 13 0
6158 497270354 23 0
5652 497276006 12 0
11817 497287823 27 0
5658 497293481 15 0
6138 497299619 19 0
5653 497305272 25 0
11831 497317103 23 0
5651 497322754 19 0
6145 497328899 18 0
11297 497340196 26 0
6160 497346356 18 0
5658 497352014 14 0
6138 497358152 19 0
11316 497369468 18 0
6172 497375640 22 0
5658 497381298 14 0
6138 497387436 20 0
11297 497398733 27 0
6154 497404887 16 0
5658 497410545 13 0
6139 497416684 24 0
11303 497427987 27 0
6160 497434147 17 0
5658 497439805 14 0
6138 497445943 19 0
11290 497457233 31 0
6172 497463405 18 0
5658 497469063 12 0
6119 497475182 24 0
11313 497486495 35 0
6118 497492613 24 0
5640 497498253 17 0
6132 497504385 22 0
11316 497515701 25 0
6147 497521848 27 0
5646 497527494 17 0
6132 497533626 21 0
12678 497546304 44 0
6184 497552488 27 0
5652 497558140 16 0
6126 497564266 22 0
11287 497575553 31 0
6160 497581713 17 0
5640 497587353 18 0
6126 497593479 20 0
11283 497604762 43 0
6146 497610908 26 0
5646 497616554 16 0
6138 497622692 18 0
11316 497634008 23 0
6160 497640168 22 0
5658 497645826 15 0
6164 497651990 16 0
11316 497663306 22 0
6142 497669448 23 0
5652 497675100 17 0
6138 497681238 19 0
11316 497692554 22 0
6173 497698727 20 0
5658 497704385 16 0
6138 497710523 17 0
11316 497721839 19 0
6160 497727999 17 0
5657 497733656 17 0
15195 497748851 414 124
11298 497760149 43 0
6160 497766309 23 0
5652 497771961 17 0
6137 497778098 20 0
11316 497789414 20 0
6173 497795587 17 0
5658 497801245 13 0
6126 497807371 24 0
11304 497818675 26 0
6160 497824835 20 0
5658 497830493 15 0
6126 497836619 24 0
11310 497847929 37 0
6161 497854090 21 0
5658 497859748 13 0
6126 497865874 24 0
11315 497877189 34 0
6135 497883324 24 0
5646 497888970 20 0
6138 497895108 22 0
11774 497906882 28 0
6113 497912995 25 0
5652 497918647 17 0
6138 497924785 20 0
12693 497937478 44 0
6173 497943651 22 0
5658 497949309 15 0
6138 497955447 21 0
11316 497966763 23 0
6160 497972923 17 0
5646 497978569 18 0
6145 497984714 20 0
11303 497996017 26 0
6153 498002170 23 0
5652 498007822 18 0
6114 498013936 24 0
11289 498025225 30 0
6180 498031405 20 0
5646 498037051 12 0
6138 498043189 18 0
11316 498054505 23 0
6159 498060664 20 0
5658 498066322 15 0
6145 498072467 19 0
11267 498083734 33 0
6173 498089907 17 0
5658 498095565 13 0
6138 498101703 18 0
11316 498113019 21 0
6148 498119167 22 0
5645 498124812 22 0
6151 498130963 22 0
11285 498142248 29 0
6154 498148402 19 0
5658 498154060 15 0
6138 498160198 18 0
11292 498171490 27 0
6178 498177668 23 0
5658 498183326 15 0
6150 498189476 26 0
11304 498200780 35 0
6152 498206932 25 0
5652 498212584 14 0
6147 498218731 27 0
11303 498230034 27 0
6153 498236187 19 0
5657 498241844 20 0
6132 498247976 18 0
11316 498259292 17 0
6173 498265465 16 0
5658 498271123 12 0
6138 498277261 17 0
11316 498288577 24 0
6148 498294725 23 0
5658 498300383 15 0
7503 498307886 42 0
11307 498319193 37 0
6149 498325342 22 0
5646 498330988 19 0
6132 498337120 20 0
11286 498348406 29 0
6142 498354548 21 0
5646 498360194 16 0
6145 498366339 20 0
11304 498377643 38 0
6153 498383796 19 0
5658 498389454 20 0
6119 498395573 25 0
11316 498406889 23 0
6180 498413069 19 0
5658 498418727 14 0
6138 498424865 21 0
11316 498436181 23 0
6159 498442340 20 0
5658 498447998 15 0
6151 498454149 21 0
11299 498465448 39 0
6153 498471601 23 0
5652 498477253 17 0
6132 498483385 21 0
11306 498494691 30 0
6161 498500852 22 0
5657 498506509 20 0
6132 498512641 20 0
11310 498523951 44 0
6147 498530098 25 0
5658 498535756 14 0
6138 498541894 21 0
11290 498553184 31 0
6167 498559351 20 0
5658 498565009 15 0
6138 498571147 17 0
11303 498582450 27 0
6159 498588609 21 0
5646 498594255 19 0
6151 498600406 18 0
11286 498611692 32 0
6154 498617846 19 0
5657 498623503 20 0
6132 498629635 22 0
11273 498640908 34 0
6173 498647081 22 0
5646 498652727 21 0
6132 498658859 23 0
11319 498670178 34 0
6160 498676338 15 0
7041 498683379 34 0
6151 498689530 20 0
11316 498700846 21 0
6160 498707006 16 0
5658 498712664 15 0
6138 498718802 23 0
11316 498730118 21 0
698286 499428404 12103 4029
404568 499832972 3567 329
6711 499839683 62 1
13817 499853500 79 0
12185 499865685 398 107
6674 499872359 47 0
6451 499878810 28 0
15136 499893946 170 16
6601 499900547 29 0
3570128 3570128 70305 3927
10460475 14030603 59735 12613
18349676 32380279 20670 5594
7543206 39923485 6405 1535
18981037 58904522 21508 5086
19566162 78470684 18700 5297
18211650 96682334 25122 7048
19289870 115972204 19264 5200
19034997 135007201 18754 5251
19546243 154553444 20128 5307
19499514 174052958 21635 5464
19449677 193502635 19258 5240
19449943 212952578 19550 5355
19285247 232237825 20504 5329
18860596 251098421 21133 5158
18780988 269879409 24081 5210
19542348 289421757 18566 5333
19352275 308774032 19060 5177
19564747 328338779 19097 5330
19576798 347915577 18891 5398
19490856 367406433 18618 5268
19562248 386968681 18616 5270
19536581 406505262 18665 5272
19524278 426029540 18686 5230
19600982 445630522 19269 5344
19594721 465225243 18677 5245
19573918 484799161 19311 5293
10976523 495775684 28107 886
2632028 498407712 6326 642
6325 498414037 57 1
12998 498427035 39 0
6595 498433630 33 0
5644 498439274 31 0
5661 498444935 24 0
11814 498456749 33 0
6151 498462900 16 0
5632 498468532 22 0
5658 498474190 10 0
11776 498485966 32 0
6138 498492104 18 0
5658 498497762 11 0
5652 498503414 12 0
11806 498515220 41 0
6145 498521365 14 0
5657 498527022 28 0
5658 498532680 10 0
11780 498544460 35 0
6164 498550624 13 0
5648 498556272 25 0
5658 498561930 13 0
11782 498573712 51 0
6113 498579825 21 0
5635 498585460 21 2
5658 498591118 10 0
11810 498602928 43 0
6116 498609044 28 1
5637 498614681 25 0
5658 498620339 12 0
11829 498632168 62 0
6138 498638306 17 0
5652 498643958 17 0
5657 498649615 15 0
11806 498661421 41 0
6125 498667546 31 0
5658 498673204 13 1
5661 498678865 26 0
11768 498690633 38 0
7522 498698155 99 23
5633 498703788 23 1
5649 498709437 26 0
11817 498721254 44 0
6138 498727392 18 0
5642 498733034 25 0
5658 498738692 10 0
11821 498750513 54 2
6138 498756651 15 0
5639 498762290 19 1
5658 498767948 11 0
12276 498780224 33 3
6115 498786339 30 0
5658 498791997 18 0
5651 498797648 15 0
11822 498809470 48 0
6138 498815608 17 0
5650 498821258 22 1
5664 498826922 23 0
11814 498838736 47 0
6100 498844836 23 0
5658 498850494 20 1
5654 498856148 29 0
11794 498867942 39 0
6134 498874076 35 0
5651 498879727 23 0
5658 498885385 11 0
11812 498897197 42 0
6138 498903335 17 0
5658 498908993 12 1
5659 498914652 33 0
11808 498926460 41 1
14792 498941252 367 209
6116 498947368 37 1
5658 498953026 14 0
11788 498964814 41 0
6652 498971466 36 2
6601 498978067 22 0
6373 498984440 15 0
13540 498997980 90 12
6109 499004089 25 0
6116 499010205 15 0
5647 499015852 28 0
12252 499028104 50 0
6123 499034227 15 0
6109 499040336 27 0
6116 499046452 16 0
12225 499058677 31 0
6103 499064780 27 0
6110 499070890 21 0
6110 499077000 22 0
13567 499090567 73 14
6079 499096646 23 0
6116 499102762 16 0
6116 499108878 16 0
12216 499121094 43 0
6097 499127191 21 0
6129 499133320 16 0
6110 499139430 20 0
12220 499151650 30 0
6098 499157748 22 0
6078 499163826 24 0
5632 499169458 23 0
12266 499181724 34 0
6116 499187840 16 0
6116 499193956 23 0
5658 499199614 24 0
12505 499212119 46 0
6622 499218741 25 0
6371 499225112 35 0
6333 499231445 14 0
12280 499243725 45 0
6138 499249863 18 0
5654 499255517 26 0
5658 499261175 10 0
11780 499272955 48 0
6158 499279113 18 0
5637 499284750 21 0
5649 499290399 26 0
11803 499302202 42 0
6138 499308340 13 0
5649 499313989 24 0
5658 499319647 12 0
11813 499331460 36 0
6138 499337598 16 0
5679 499343277 24 0
5643 499348920 22 0
11812 499360732 30 0
6137 499366869 19 0
5655 499372524 16 0
5657 499378181 19 0
11820 499390001 44 0
6138 499396139 16 0
5639 499401778 21 0
5658 499407436 9 0
11774 499419210 40 0
6167 499425377 35 0
5646 499431023 21 0
5657 499436680 18 0
11802 499448482 37 0
6116 499454598 28 0
5646 499460244 15 0
5658 499465902 13 0
13217 499479119 50 0
6138 499485257 17 0
5657 499490914 23 0
5658 499496572 10 0
11812 499508384 30 0
6151 499514535 17 0
5638 499520173 24 1
5652 499525825 14 0
11790 499537615 35 0
6138 499543753 18 0
5649 499549402 21 0
5651 499555053 17 0
11815 499566868 43 0
6138 499573006 15 0
5644 499578650 20 0
5658 499584308 10 0
11812 499596120 26 0
6135 499602255 24 0
5652 499607907 13 0
5643 499613550 20 0
11829 499625379 35 0
6138 499631517 16 0
5657 499637174 14 0
5658 499642832 13 0
11828 499654660 32 0
6151 499660811 15 0
5627 499666438 18 0
5657 499672095 18 0
11812 499683907 25 0
6114 499690021 23 0
5640 499695661 14 0
20897 499716558 347 69
5657 499722215 39 0
6138 499728353 16 0
5658 499734011 22 0
11798 499745809 32 0
5657 499751466 15 0
6153 499757619 34 0
5652 499763271 18 0
11810 499775081 48 0
5658 499780739 10 0
6135 499786874 21 0
5644 499792518 21 0
11816 499804334 52 0
5658 499809992 8 0
6135 499816127 24 0
5622 499821749 20 0
11818 499833567 28 0
5641 499839208 25 0
6138 499845346 17 0
5658 499851004 12 0
13200 499864204 52 0
5658 499869862 11 0
6113 499875975 23 0
5658 499881633 11 0
11799 499893432 29 0
5651 499899083 14 0
6151 499905234 18 0
5659 499910893 26 0
11810 499922703 36 0
5658 499928361 10 0
6126 499934487 17 0
6122 499940609 22 0
11812 499952421 42 0
5658 499958079 13 0
6138 499964217 16 0
5656 499969873 18 0
11817 499981690 30 0
5667 499987357 25 0
6124 499993481 30 0
5657 499999138 25 0
11828 500010966 42 0
5639 500016605 26 0
6143 500022748 25 0
5646 500028394 19 0
11805 500040199 42 0
5658 500045857 12 0
6132 500051989 18 0
5652 500057641 17 0
11814 500069455 34 0
5658 500075113 14 0
6132 500081245 19 0
5657 500086902 25 0
11842 500098744 38 0
5634 500104378 15 0
6139 500110517 30 0
5658 500116175 12 0
11829 500128004 40 0
5644 500133648 15 0
6125 500139773 19 0
5622 500145395 18 0
11805 500157200 29 0
5644 500162844 26 0
6119 500168963 21 0
5640 500174603 14 0
11825 500186428 24 0
5649 500192077 23 0
6130 500198207 32 0
5640 500203847 15 0
11800 500215647 38 0
5656 500221303 19 0
6144 500227447 24 0
7011 500234458 33 0
11812 500246270 26 0
5655 500251925 27 0
6125 500258050 24 0
5658 500263708 9 0
11811 500275519 31 0
5638 500281157 21 0
6138 500287295 18 0
5646 500292941 14 0
11795 500304736 47 0
5639 500310375 28 0
6138 500316513 15 0
5633 500322146 19 0
11810 500333956 35 0
5640 500339596 16 0
6135 500345731 25 0
5658 500351389 14 0
11818 500363207 31 0
5649 500368856 22 0
6151 500375007 17 0
5658 500380665 13 0
11816 500392481 34 0
5658 500398139 9 0
6111 500404250 25 0
5658 500409908 10 0
11796 500421704 36 0
5658 500427362 10 0
6119 500433481 25 0
5658 500439139 9 0
11804 500450943 33 0
5645 500456588 17 0
6152 500462740 21 0
5645 500468385 18 0
11802 500480187 39 0
5663 500485850 23 0
6113 500491963 25 0
5646 500497609 10 0
11810 500509419 42 0
5664 500515083 22 0
6138 500521221 16 0
5639 500526860 14 0
11810 500538670 30 0
5658 500544328 10 0
6124 500550452 27 0
5645 500556097 18 0
11830 500567927 39 0
5652 500573579 15 0
6140 500579719 34 0
5658 500585377 10 0
11812 500597189 30 0
5648 500602837 24 0
8429 500611266 131 51
5658 500616924 14 0
11806 500628730 22 0
5646 500634376 13 0
6154 500640530 35 0
5640 500646170 16 0
11815 500657985 36 0
5658 500663643 9 0
6120 500669763 32 0
5627 500675390 18 0
11813 500687203 27 0
5668 500692871 27 0
6125 500698996 26 0
5658 500704654 10 0
11817 500716471 28 0
5650 500722121 24 0
6118 500728239 27 0
5658 500733897 10 0
11806 500745703 44 0
5658 500751361 7 0
6113 500757474 26 0
894152 501651626 15181 4468
14809 501666435 806 30
6707 501673142 49 0
6689 501679831 40 0
12124 501691955 375 133
13421 501705376 55 1
6660 501712036 33 3
6101 501718137 27 0
