5,1.0,393833755.05,3889417319.267523
4,393833756.05,422722512.91,2021348296.0527227
7,422722513.91,481467545.96000004,1078954198.302667
4,481467546.96000004,493470979.96000004,2021348296.0527227
3,493470980.96000004,526635328.7900001,1647012626.1522777
2,526635329.7900001,561548574.72,3036024722.4208217
1,561548575.72,1278267086.2900002,4437195218.808543
2,1278267087.2900002,1354565377.9800003,3036024722.4208217
6,1354565378.9800003,2001444778.1699998,4889939584.3099985
2,2001444779.1699998,2090174021.0899997,3036024722.4208217
0,2090174022.0899997,2090683304.6152523,239763616.18792993
