2456036 2456036 52452 93
10439549 12895585 76825 1734
19334862 32230447 20393 1297
19124199 51354646 25190 1369
19366046 70720692 19085 1362
19704950 90425642 19006 838
19566611 109992253 19414 903
18561137 128553390 25984 1917
19179555 147732945 20127 1040
19891955 167624900 19710 1009
19662157 187287057 21862 959
19527798 206814855 21521 1604
19685312 226500167 20120 1698
19668453 246168620 19665 1060
18238989 264407609 25811 1074
19504003 283911612 20555 1311
19328163 303239775 19525 932
19734805 322974580 19492 1761
19798397 342772977 20160 1560
19750518 362523495 19867 1222
19831573 382355068 19708 1465
19712396 402067464 19538 983
19803772 421871236 19845 1037
19775423 441646659 20316 816
19669922 461316581 20242 1488
19729483 481046064 19969 1581
12206229 493252293 29586 193
3132005 496384298 7658 19
5644 496389942 30 0
5649 496395591 19 0
6173 496401764 17 0
11784 496413548 23 0
5650 496419198 15 0
5622 496424820 17 0
6127 496430947 29 0
11774 496442721 36 0
5658 496448379 9 0
5652 496454031 13 0
6192 496460223 27 0
11776 496471999 34 0
5622 496477621 19 0
5657 496483278 24 0
6146 496489424 28 0
11784 496501208 36 0
5634 496506842 17 0
5652 496512494 13 0
6160 496518654 17 0
11767 496530421 52 0
5658 496536079 9 0
5647 496541726 18 0
6173 496547899 16 0
11786 496559685 44 0
5658 496565343 11 0
5650 496570993 23 0
6145 496577138 28 0
11806 496588944 41 0
5658 496594602 11 0
5658 496600260 9 0
6135 496606395 24 0
11789 496618184 40 0
5639 496623823 20 0
5633 496629456 18 0
6173 496635629 16 0
11748 496647377 26 0
5658 496653035 10 0
5652 496658687 13 0
6117 496664804 27 0
11777 496676581 29 0
5627 496682208 19 0
5657 496687865 18 0
6173 496694038 15 0
11795 496705833 28 0
5657 496711490 11 0
7035 496718525 86 0
6133 496724658 28 0
11794 496736452 38 0
5621 496742073 19 0
5657 496747730 18 0
6153 496753883 23 0
11779 496765662 56 0
5662 496771324 26 0
5658 496776982 8 0
6130 496783112 22 0
11775 496794887 31 0
5640 496800527 19 0
5574 496806101 8 0
6154 496812255 18 0
11801 496824056 32 0
5650 496829706 17 0
5658 496835364 26 0
6154 496841518 17 0
11788 496853306 34 0
5640 496858946 13 0
5658 496864604 11 0
6173 496870777 16 0
11782 496882559 31 0
5658 496888217 10 0
5658 496893875 11 0
6160 496900035 17 0
12972 496913007 91 0
6335 496919342 26 0
6333 496925675 15 0
6618 496932293 29 0
11788 496944081 33 0
6104 496950185 21 0
5640 496955825 13 0
6119 496961944 17 0
12220 496974164 31 0
6097 496980261 22 0
6080 496986341 21 0
6112 496992453 33 0
12202 497004655 33 0
6100 497010755 32 0
6105 497016860 25 0
12232 497029092 30 0
6068 497035160 24 0
6116 497041276 16 0
5641 497046917 25 0
12236 497059153 39 0
6110 497065263 23 0
6103 497071366 22 0
5643 497077009 27 0
11764 497088773 32 0
6120 497094893 18 0
7003 497101896 39 0
5657 497107553 19 0
11789 497119342 32 0
6119 497125461 23 0
5625 497131086 20 0
5636 497136722 25 0
11817 497148539 27 0
6138 497154677 18 0
5658 497160335 11 0
5651 497165986 20 0
11817 497177803 40 0
6126 497183929 23 0
5652 497189581 16 0
5652 497195233 15 0
11808 497207041 30 0
6150 497213191 28 0
5645 497218836 21 0
5658 497224494 9 0
11815 497236309 33 0
6138 497242447 17 0
5654 497248101 23 0
5661 497253762 30 0
11816 497265578 30 0
6138 497271716 16 0
5655 497277371 28 0
5664 497283035 22 0
11810 497294845 33 0
6143 497300988 27 0
5649 497306637 20 0
5659 497312296 26 0
11803 497324099 30 0
6129 497330228 26 0
5628 497335856 20 0
5661 497341517 27 0
11811 497353328 36 0
6138 497359466 17 0
5626 497365092 20 0
5650 497370742 24 0
11800 497382542 29 0
6131 497388673 22 0
5650 497394323 27 0
5652 497399975 9 0
11791 497411766 40 0
6138 497417904 15 0
5652 497423556 15 0
5656 497429212 28 0
11800 497441012 31 0
6132 497447144 30 0
5637 497452781 24 0
5646 497458427 20 0
11806 497470233 24 0
7515 497477748 32 0
5610 497483358 20 0
5658 497489016 8 0
11823 497500839 31 0
6120 497506959 20 0
5657 497512616 16 0
5654 497518270 26 0
11800 497530070 27 0
6120 497536190 22 0
5652 497541842 15 0
5646 497547488 20 0
11782 497559270 33 0
6118 497565388 27 0
5651 497571039 17 0
5636 497576675 24 0
11819 497588494 36 0
6113 497594607 26 0
5646 497600253 21 0
5632 497605885 23 0
11749 497617634 38 0
6138 497623772 14 0
5622 497629394 21 0
5657 497635051 19 0
20863 497655914 381 0
6131 497662045 30 0
5634 497667679 21 0
5658 497673337 12 0
11791 497685128 30 0
6145 497691273 20 0
5654 497696927 25 0
5661 497702588 30 0
11787 497714375 38 0
6138 497720513 14 0
5646 497726159 15 0
5655 497731814 27 0
11815 497743629 34 0
6138 497749767 14 0
5658 497755425 27 0
5658 497761083 9 0
11769 497772852 42 0
6145 497778997 28 0
5638 497784635 21 0
5658 497790293 8 0
11807 497802100 38 0
6139 497808239 19 0
5640 497813879 14 0
5645 497819524 16 0
11812 497831336 27 0
6106 497837442 24 0
5658 497843100 10 0
5658 497848758 11 0
13186 497861944 60 0
6125 497868069 26 0
5658 497873727 10 0
5652 497879379 16 0
11803 497891182 38 0
6138 497897320 17 0
5622 497902942 16 0
5651 497908593 20 0
11786 497920379 37 0
6124 497926503 30 0
5658 497932161 13 0
5652 497937813 13 0
11800 497949613 26 0
6096 497955709 24 0
5655 497961364 26 0
5648 497967012 25 0
11803 497978815 44 0
6147 497984962 34 0
5658 497990620 11 0
5658 497996278 11 0
11807 498008085 41 0
6138 498014223 19 0
5645 498019868 18 0
5658 498025526 10 0
11775 498037301 36 0
6125 498043426 24 0
5663 498049089 32 0
5651 498054740 20 0
11831 498066571 28 0
6126 498072697 31 0
5652 498078349 20 0
5652 498084001 17 0
11785 498095786 41 0
6152 498101938 35 0
5650 498107588 21 0
5645 498113233 16 0
11793 498125026 45 0
6132 498131158 19 0
5635 498136793 20 0
5656 498142449 27 0
11763 498154212 45 0
6155 498160367 30 0
5658 498166025 12 0
5658 498171683 12 0
11794 498183477 31 0
6114 498189591 19 0
5633 498195224 19 0
5631 498200855 24 0
11817 498212672 39 0
6140 498218812 37 0
5639 498224451 18 0
5658 498230109 9 0
13194 498243303 44 0
6151 498249454 16 0
5645 498255099 18 0
5646 498260745 19 0
11810 498272555 42 0
6129 498278684 33 0
5651 498284335 23 0
5650 498289985 23 0
11822 498301807 33 0
6132 498307939 36 0
5649 498313588 29 0
5658 498319246 8 0
11804 498331050 52 0
6102 498337152 26 0
5634 498342786 14 0
5651 498348437 20 0
11831 498360268 28 0
6125 498366393 25 0
5622 498372015 16 0
5659 498377674 27 0
11778 498389452 48 1
14350 498403802 243 10
5658 498409460 25 0
5646 498415106 14 0
11793 498426899 28 0
6138 498433037 18 0
5622 498438659 23 0
5651 498444310 21 0
11806 498456116 47 0
6138 498462254 17 0
5658 498467912 13 0
5652 498473564 13 0
11803 498485367 28 0
6156 498491523 25 0
5677 498497200 33 0
5658 498502858 12 0
11800 498514658 25 0
6138 498520796 17 0
5640 498526436 19 0
5658 498532094 13 0
11817 498543911 39 0
6122 498550033 30 0
5650 498555683 24 0
5643 498561326 20 0
11818 498573144 25 0
6096 498579240 26 0
5658 498584898 9 0
5652 498590550 13 0
11781 498602331 37 0
6132 498608463 19 0
5623 498614086 18 0
7035 498621121 22 0
11804 498632925 39 0
6113 498639038 29 0
9441 498648479 203 0
902378 499550857 14425 264
13415 499564272 664 0
6665 499570937 31 0
11851 499582788 359 6
6675 499589463 55 0
13366 499602829 50 0
6071 499608900 36 0
8260 499617160 120 2
6535 499623695 25 0
2095591 2095591 46227 73
8980841 11076432 80892 1629
19374419 30450851 18994 1331
19168297 49619148 23653 1435
19097870 68717018 17277 1339
19609998 88327016 17756 664
19562082 107889098 18207 1070
19014054 126903152 24158 1982
19180823 146083975 18631 1080
19655202 165739177 18067 1011
19361895 185101072 18172 854
19417895 204518967 21623 1504
19752109 224271076 18498 1530
19580371 243851447 18280 1353
18847543 262698990 24681 1175
19301322 282000312 20585 1203
19014313 301014625 19556 974
19700464 320715089 18794 1512
19748857 340463946 19268 1708
19739035 360202981 20307 1225
19734736 379937717 19925 1555
19750918 399688635 19019 795
19686684 419375319 19368 1277
19741186 439116505 19693 575
19721592 458838097 19283 1529
19705238 478543335 19480 1575
13612464 492155799 29756 437
4232552 496388351 9436 16
5638 496393989 38 0
5658 496399647 15 0
11808 496411455 37 0
6138 496417593 17 0
5628 496423221 17 0
5651 496428872 19 0
11840 496440712 38 0
6117 496446829 29 0
5647 496452476 22 0
5652 496458128 15 0
11802 496469930 47 0
7528 496477458 89 0
5658 496483116 13 0
5658 496488774 12 0
11810 496500584 30 0
6138 496506722 13 0
5646 496512368 19 0
5658 496518026 15 0
11816 496529842 39 0
6120 496535962 21 0
5616 496541578 17 0
5651 496547229 24 0
11817 496559046 32 0
6151 496565197 16 0
5639 496570836 17 0
5658 496576494 12 0
11811 496588305 37 0
6138 496594443 17 0
5632 496600075 21 0
5651 496605726 20 0
11805 496617531 40 0
6131 496623662 23 0
5658 496629320 12 0
5652 496634972 16 0
11797 496646769 43 0
6145 496652914 17 0
5640 496658554 15 0
5649 496664203 27 0
11803 496676006 37 0
6138 496682144 17 0
5646 496687790 15 0
5661 496693451 28 0
11796 496705247 51 0
6122 496711369 25 0
5650 496717019 18 0
5651 496722670 14 0
11799 496734469 39 0
6132 496740601 19 0
5628 496746229 24 0
5655 496751884 20 0
11802 496763686 49 0
6128 496769814 28 0
5643 496775457 22 0
5658 496781115 9 0
11782 496792897 37 0
6151 496799048 17 0
5650 496804698 18 0
5631 496810329 21 0
11806 496822135 37 0
6138 496828273 15 0
5661 496833934 26 0
5656 496839590 24 0
13178 496852768 52 0
6138 496858906 15 0
5646 496864552 18 0
5652 496870204 16 0
11818 496882022 30 0
6138 496888160 18 0
5652 496893812 21 0
5658 496899470 12 0
12497 496911967 78 0
6640 496918607 52 0
6373 496924980 17 0
6333 496931313 13 0
12281 496943594 32 0
6148 496949742 26 0
6104 496955846 20 0
5658 496961504 13 0
12241 496973745 37 0
6109 496979854 22 0
6103 496985957 22 0
6115 496992072 22 0
12184 497004256 29 0
6107 497010363 28 0
6104 497016467 17 0
6103 497022570 22 0
12219 497034789 42 0
6129 497040918 16 0
6104 497047022 21 0
5657 497052679 26 0
12254 497064933 28 0
6116 497071049 17 0
6116 497077165 16 0
5657 497082822 26 0
11765 497094587 40 0
6138 497100725 16 0
5635 497106360 19 0
5652 497112012 15 0
11780 497123792 39 0
6126 497129918 19 0
5616 497135534 20 0
5652 497141186 14 0
11777 497152963 41 0
6138 497159101 15 0
5644 497164745 24 0
5658 497170403 12 0
11809 497182212 42 0
6151 497188363 16 0
5658 497194021 10 0
5646 497199667 22 0
11804 497211471 36 0
6137 497217608 31 0
5616 497223224 19 0
5644 497228868 26 0
13177 497242045 49 0
6124 497248169 29 0
5658 497253827 13 0
5634 497259461 25 0
11769 497271230 35 0
6145 497277375 34 0
5646 497283021 14 0
5636 497288657 23 0
11817 497300474 36 0
6138 497306612 14 0
5637 497312249 22 0
5626 497317875 22 0
11819 497329694 25 0
6132 497335826 21 0
5652 497341478 17 0
5658 497347136 11 0
11805 497358941 33 0
6138 497365079 18 0
5663 497370742 31 0
5652 497376394 14 0
11817 497388211 37 0
6117 497394328 30 0
5658 497399986 13 0
5658 497405644 10 0
11816 497417460 35 0
6151 497423611 16 0
5649 497429260 25 0
5646 497434906 20 0
11794 497446700 36 0
6102 497452802 24 0
5658 497458460 16 0
5658 497464118 13 0
11806 497475924 36 0
6142 497482066 33 0
5642 497487708 28 0
5656 497493364 25 0
11824 497505188 41 0
6127 497511315 22 0
5658 497516973 11 0
5632 497522605 18 0
11786 497534391 34 0
6140 497540531 30 0
5658 497546189 13 0
5646 497551835 13 0
11786 497563621 39 0
6126 497569747 27 0
5658 497575405 12 0
5658 497581063 12 0
11791 497592854 43 0
6138 497598992 17 0
5648 497604640 25 0
7035 497611675 23 0
11784 497623459 51 0
6138 497629597 15 0
5658 497635255 9 0
5650 497640905 24 0
11779 497652684 44 0
6151 497658835 14 0
5615 497664450 23 0
5652 497670102 12 0
11822 497681924 32 0
6138 497688062 17 0
5658 497693720 13 0
5657 497699377 15 0
11840 497711217 43 0
6138 497717355 19 0
5638 497722993 28 0
5662 497728655 30 0
11800 497740455 22 0
6136 497746591 32 0
5644 497752235 24 0
5652 497757887 13 0
11783 497769670 45 0
6113 497775783 24 0
5622 497781405 20 0
5657 497787062 16 0
20874 497807936 388 1
6137 497814073 26 0
6114 497820187 21 0
5658 497825845 9 0
11788 497837633 33 0
6138 497843771 14 0
5645 497849416 14 0
5658 497855074 11 0
11837 497866911 29 0
6138 497873049 15 0
5621 497878670 19 0
5657 497884327 19 0
11805 497896132 34 0
6139 497902271 18 0
5627 497907898 22 0
5658 497913556 10 0
11799 497925355 33 0
6120 497931475 19 0
5657 497937132 18 0
5651 497942783 16 0
11800 497954583 37 0
6138 497960721 13 0
5653 497966374 28 0
5637 497972011 24 0
11821 497983832 42 0
6139 497989971 21 0
7022 497996993 37 0
5652 498002645 24 0
11816 498014461 52 0
6138 498020599 15 0
5628 498026227 18 0
5658 498031885 13 0
11791 498043676 51 0
6138 498049814 15 0
5631 498055445 19 0
5660 498061105 27 0
11800 498072905 25 0
6102 498079007 22 0
5634 498084641 16 0
5642 498090283 25 0
11817 498102100 32 0
6114 498108214 21 0
5636 498113850 21 0
5652 498119502 14 0
11798 498131300 34 0
6122 498137422 24 0
5658 498143080 15 0
5645 498148725 21 0
11812 498160537 27 0
6150 498166687 32 0
5646 498172333 18 0
5634 498177967 15 0
11805 498189772 35 0
6107 498195879 20 0
5627 498201506 21 0
5658 498207164 11 0
11808 498218972 40 0
6177 498225149 19 0
6116 498231265 21 0
5658 498236923 10 0
11746 498248669 34 0
6138 498254807 16 0
5658 498260465 13 0
5657 498266122 15 0
11824 498277946 47 0
6138 498284084 16 0
5628 498289712 16 0
5639 498295351 27 0
11799 498307150 33 0
6138 498313288 18 0
5652 498318940 14 0
5640 498324580 17 0
11793 498336373 25 0
6124 498342497 22 0
5631 498348128 22 0
5654 498353782 31 0
11806 498365588 25 0
7498 498373086 34 0
5650 498378736 18 0
5666 498384402 26 0
11806 498396208 24 0
6138 498402346 16 0
5650 498407996 18 0
11812 498419808 22 0
5652 498425460 15 0
6138 498431598 15 0
5651 498437249 25 0
11787 498449036 32 0
5648 498454684 26 0
6151 498460835 17 0
5630 498466465 21 0
11805 498478270 36 0
5633 498483903 15 0
6138 498490041 16 0
5628 498495669 16 0
11822 498507491 35 0
5657 498513148 12 0
6096 498519244 23 0
5626 498524870 20 0
11797 498536667 33 0
5627 498542294 19 0
6126 498548420 17 0
5628 498554048 16 0
11806 498565854 30 0
5658 498571512 10 0
6144 498577656 21 0
5658 498583314 10 0
11794 498595108 43 0
5650 498600758 24 0
6155 498606913 24 0
5622 498612535 21 0
892888 499505423 15461 279
6461 499511884 160 2
6701 499518585 38 0
11374 499529959 380 9
13815 499543774 88 1
6655 499550429 31 0
7810 499558239 112 1
7349 499565588 73 1
2234155 2234155 48769 81
9500252 11734407 80051 1739
19365076 31099483 18738 1315
19323097 50422580 20265 1303
18822001 69244581 20704 1480
19617818 88862399 19047 648
19586787 108449186 18276 1130
18772119 127221305 25404 1840
19161022 146382327 18984 1121
19698689 166081016 19973 1023
19307981 185388997 20846 882
19592605 204981602 19332 1542
19684525 224666127 19600 1453
19461743 244127870 20653 1311
18835004 262962874 24052 1185
19491512 282454386 18643 1257
18974401 301428787 18432 924
19566006 320994793 18963 1534
19724624 340719417 19478 1783
19766732 360486149 18441 1199
19783925 380270074 18629 1620
19747237 400017311 19154 777
19778817 419796128 18669 1290
19720950 439517078 18894 702
19690959 459208037 18578 1497
19695790 478903827 19440 1501
13420188 492324015 28891 439
4034268 496358283 8297 11
6118 496364401 339 1
11774 496376175 60 1
5632 496381807 22 0
5645 496387452 18 0
6128 496393580 26 0
11771 496405351 29 0
5628 496410979 19 0
5652 496416631 17 0
6155 496422786 21 0
11783 496434569 31 0
5621 496440190 19 0
5658 496445848 11 0
6130 496451978 24 0
11775 496463753 46 0
5639 496469392 22 0
5658 496475050 11 0
6161 496481211 23 0
11784 496492995 55 0
5633 496498628 18 0
5634 496504262 24 0
6160 496510422 17 0
11784 496522206 27 0
5658 496527864 11 0
5639 496533503 26 0
6154 496539657 21 0
11779 496551436 36 0
5627 496557063 19 0
5650 496562713 32 0
15239 496577952 319 0
11790 496589742 43 0
5615 496595357 23 0
5658 496601015 7 0
6142 496607157 23 0
11796 496618953 35 0
5649 496624602 21 0
5640 496630242 20 0
6160 496636402 15 0
11769 496648171 41 0
5658 496653829 11 0
5658 496659487 8 0
6186 496665673 13 0
11767 496677440 44 0
5633 496683073 20 0
5652 496688725 13 0
6118 496694843 20 0
13160 496708003 120 0
5640 496713643 19 0
5658 496719301 9 0
6155 496725456 26 0
11790 496737246 29 0
5652 496742898 16 0
5645 496748543 26 0
6160 496754703 17 0
11777 496766480 33 0
5657 496772137 13 0
5658 496777795 11 0
6154 496783949 23 0
11783 496795732 30 0
5640 496801372 29 0
5658 496807030 11 0
6136 496813166 27 0
11779 496824945 45 0
5621 496830566 19 0
5658 496836224 9 0
6142 496842366 20 0
11809 496854175 25 0
5651 496859826 18 0
5657 496865483 19 0
6160 496871643 19 0
11771 496883414 36 0
5643 496889057 18 0
5658 496894715 9 0
6676 496901391 64 0
15015 496916406 174 1
6321 496922727 23 0
5641 496928368 27 0
12263 496940631 38 0
6132 496946763 14 0
6093 496952856 24 0
6116 496958972 17 0
12164 496971136 40 0
6109 496977245 21 0
6068 496983313 25 0
6098 496989411 20 0
12232 497001643 34 0
6092 497007735 19 0
6090 497013825 25 0
6079 497019904 23 0
11718 497031622 39 0
6138 497037760 15 0
6110 497043870 26 0
5658 497049528 10 0
11807 497061335 32 0
6138 497067473 16 0
5640 497073113 14 0
5651 497078764 15 0
13161 497091925 54 0
6151 497098076 16 0
5634 497103710 19 0
5658 497109368 13 0
11786 497121154 38 0
6138 497127292 16 0
5649 497132941 27 0
5651 497138592 19 0
11830 497150422 41 0
6149 497156571 28 0
5633 497162204 22 0
5658 497167862 14 0
11757 497179619 34 0
6138 497185757 15 0
5633 497191390 18 0
5646 497197036 20 0
11831 497208867 19 0
6102 497214969 22 0
5634 497220603 23 0
5658 497226261 10 0
11794 497238055 38 0
6151 497244206 16 0
5660 497249866 29 0
5643 497255509 24 0
11807 497267316 40 0
6136 497273452 26 0
5658 497279110 11 0
5658 497284768 9 0
11819 497296587 30 0
6130 497302717 29 0
5658 497308375 14 0
5658 497314033 9 0
11787 497325820 33 0
6151 497331971 15 0
5626 497337597 22 0
5658 497343255 11 0
11819 497355074 36 0
6102 497361176 23 0
5640 497366816 18 0
5652 497372468 15 0
11777 497384245 33 0
6138 497390383 13 0
5651 497396034 20 0
5634 497401668 17 0
11802 497413470 36 0
6138 497419608 18 0
5652 497425260 13 0
5652 497430912 15 0
11836 497442748 22 0
6138 497448886 16 0
5642 497454528 21 0
5662 497460190 24 0
13174 497473364 56 0
6151 497479515 18 0
5640 497485155 15 0
5661 497490816 29 0
11796 497502612 48 0
6138 497508750 16 0
5646 497514396 16 0
5658 497520054 9 0
11801 497531855 29 0
6138 497537993 15 0
5616 497543609 18 0
5656 497549265 25 0
11787 497561052 35 0
6109 497567161 20 0
5646 497572807 15 0
5658 497578465 7 0
11808 497590273 42 0
6138 497596411 18 0
5658 497602069 11 0
5651 497607720 19 0
11824 497619544 26 0
6145 497625689 13 0
5621 497631310 22 0
5621 497636931 20 0
11776 497648707 32 0
6131 497654838 31 0
5640 497660478 19 0
5658 497666136 13 0
11830 497677966 37 0
6138 497684104 15 0
5637 497689741 23 0
5652 497695393 19 0
11775 497707168 33 0
6103 497713271 21 0
5658 497718929 12 0
5643 497724572 22 0
11812 497736384 25 0
6090 497742474 22 0
5650 497748124 29 0
5628 497753752 22 0
11818 497765570 25 0
6138 497771708 16 0
5633 497777341 20 0
5644 497782985 22 0
11816 497794801 46 0
6156 497800957 21 0
5658 497806615 12 0
5652 497812267 16 0
11794 497824061 53 0
6126 497830187 26 0
5679 497835866 34 0
7034 497842900 30 0
11829 497854729 50 0
6101 497860830 25 0
5652 497866482 17 0
5652 497872134 14 0
11796 497883930 41 0
6130 497890060 24 0
5658 497895718 10 0
5658 497901376 9 0
11789 497913165 34 0
6138 497919303 17 0
5662 497924965 24 0
5658 497930623 9 0
11817 497942440 35 0
6151 497948591 13 0
5633 497954224 15 0
5656 497959880 27 0
11816 497971696 32 0
6096 497977792 21 0
5645 497983437 30 0
5652 497989089 16 0
11812 498000901 37 0
6138 498007039 14 0
5655 498012694 21 0
5658 498018352 10 0
11828 498030180 41 0
6145 498036325 19 0
5649 498041974 23 0
5638 498047612 23 0
11817 498059429 29 0
6138 498065567 16 0
5658 498071225 13 0
5649 498076874 17 0
11768 498088642 34 0
6102 498094744 23 0
5638 498100382 22 0
5621 498106003 21 0
11775 498117778 37 0
6138 498123916 14 0
5640 498129556 18 0
5652 498135208 12 0
11800 498147008 31 0
6096 498153104 24 0
5658 498158762 11 0
5658 498164420 11 0
11803 498176223 44 0
6156 498182379 26 0
5616 498187995 20 0
5640 498193635 16 0
11797 498205432 44 0
6138 498211570 15 0
7038 498218608 44 0
5651 498224259 21 0
11827 498236086 42 0
6138 498242224 17 0
5658 498247882 8 0
5652 498253534 17 0
11763 498265297 37 0
6147 498271444 30 0
5652 498277096 13 0
5648 498282744 21 0
11810 498294554 38 0
6096 498300650 18 0
5631 498306281 25 0
5658 498311939 9 0
11820 498323759 40 0
6126 498329885 22 0
5622 498335507 13 0
5645 498341152 26 0
11788 498352940 34 0
6145 498359085 15 0
5652 498364737 15 0
5658 498370395 11 0
11798 498382193 35 0
6114 498388307 21 0
5628 498393935 15 0
5658 498399593 13 0
11769 498411362 32 0
6151 498417513 15 0
5645 498423158 20 0
5658 498428816 11 0
11722 498440538 35 0
6132 498446670 18 0
5658 498452328 14 0
5658 498457986 11 0
11831 498469817 24 0
6119 498475936 28 0
5650 498481586 22 0
5658 498487244 9 0
11773 498499017 48 0
6151 498505168 15 0
5640 498510808 17 0
5658 498516466 9 0
11803 498528269 32 0
6113 498534382 24 0
5621 498540003 19 0
5651 498545654 15 0
11823 498557477 44 0
6138 498563615 14 0
5658 498569273 11 0
5647 498574920 20 0
11822 498586742 46 0
10812 498597554 199 0
907148 499504702 15363 307
6430 499511132 68 0
13360 499524492 60 0
11987 499536479 349 6
6393 499542872 37 0
6728 499549600 26 0
14649 499564249 182 4
6639 499570888 44 0
1620936 1620936 37194 68
8222223 9843159 88342 1705
19395889 29239048 20131 1415
19290819 48529867 21962 1376
13900628 62430495 14457 575
5395152 67825647 4135 142
19669478 87495125 18446 855
19160711 106655836 24320 2021
18984980 125640816 18978 1195
19628048 145268864 18404 1407
19434033 164702897 18581 811
19625002 184327899 21947 1007
19669110 203997009 18770 1396
19694186 223691195 18624 1719
19322339 243013534 19891 1280
18844542 261858076 24594 953
18871143 280729219 19538 932
19592627 300321846 19591 1570
19713405 320035251 19010 1359
19686432 339721683 20028 1541
19692061 359413744 19154 1352
19689165 379102909 19330 1541
19722370 398825279 19521 1270
19733622 418558901 20052 980
19681024 438239925 18960 777
19710076 457950001 19180 1444
19686231 477636232 19520 1515
16145285 493781517 31547 685
5732802 499514319 10872 12
6151 499520470 295 0
6116 499526586 33 0
11775 499538361 40 0
5640 499544001 13 0
5645 499549646 21 0
6160 499555806 18 0
11770 499567576 38 0
5645 499573221 18 0
5632 499578853 22 0
6160 499585013 22 0
11775 499596788 35 0
5632 499602420 23 0
5658 499608078 8 0
6173 499614251 19 0
11793 499626044 38 0
6087 499632131 21 0
6362 499638493 70 0
6599 499645092 40 0
13433 499658525 88 0
6176 499664701 26 0
6373 499671074 15 0
6719 499677793 27 0
12902 499690695 31 0
7678 499698373 101 0
6303 499704676 15 0
6622 499711298 17 0
12914 499724212 38 0
6302 499730514 18 0
6303 499736817 15 0
6622 499743439 17 0
12908 499756347 33 0
6295 499762642 26 0
6302 499768944 24 0
6648 499775592 15 0
12897 499788489 25 0
6303 499794792 12 0
6308 499801100 17 0
6622 499807722 17 0
12903 499820625 32 0
6295 499826920 20 0
6306 499833226 34 0
6622 499839848 19 0
12898 499852746 45 0
6303 499859049 15 0
6309 499865358 14 0
6604 499871962 26 0
12902 499884864 37 0
6309 499891173 11 0
6313 499897486 22 0
6622 499904108 23 0
12899 499917007 55 0
6309 499923316 12 0
6304 499929620 26 0
15739 499945359 296 0
12858 499958217 53 0
6267 499964484 20 0
6309 499970793 14 0
6604 499977397 20 0
12921 499990318 38 0
6309 499996627 15 0
6309 500002936 13 0
6610 500009546 19 0
12879 500022425 29 0
6267 500028692 17 0
6303 500034995 15 0
6635 500041630 23 0
12897 500054527 32 0
6302 500060829 21 0
6294 500067123 25 0
6622 500073745 18 0
12901 500086646 36 0
6285 500092931 24 0
6273 500099204 19 0
6692 500105896 28 0
16426 500122322 213 0
6333 500128655 20 0
5637 500134292 18 0
6636 500140928 27 0
11760 500152688 36 0
6104 500158792 31 0
6105 500164897 33 0
6116 500171013 16 0
12196 500183209 53 0
6142 500189351 17 0
6109 500195460 18 0
6085 500201545 26 0
12208 500213753 37 0
6114 500219867 28 0
6116 500225983 19 0
6110 500232093 20 0
11802 500243895 40 0
6116 500250011 22 0
5652 500255663 23 0
6119 500261782 29 0
11785 500273567 35 0
5658 500279225 11 0
5658 500284883 11 0
6141 500291024 30 0
11785 500302809 32 0
5646 500308455 16 0
5652 500314107 12 0
6160 500320267 15 0
11816 500332083 23 0
5658 500337741 10 0
5657 500343398 27 0
6142 500349540 17 0
11786 500361326 30 0
5658 500366984 11 0
5658 500372642 8 0
6137 500378779 21 0
11789 500390568 16 0
5628 500396196 19 0
5645 500401841 23 0
11774 500413615 40 0
6126 500419741 22 0
5658 500425399 13 0
5658 500431057 11 0
11828 500442885 41 0
6117 500449002 25 0
5657 500454659 21 0
5652 500460311 16 0
11786 500472097 29 0
6145 500478242 16 0
5640 500483882 21 0
5652 500489534 15 0
13162 500502696 51 0
6138 500508834 16 0
5621 500514455 18 0
5632 500520087 21 0
11790 500531877 43 0
6138 500538015 14 0
5646 500543661 12 0
5651 500549312 20 0
11775 500561087 42 0
6162 500567249 22 0
5639 500572888 25 0
5634 500578522 17 0
11788 500590310 34 0
6123 500596433 29 0
5661 500602094 18 0
5658 500607752 12 0
11793 500619545 49 0
6132 500625677 22 0
5651 500631328 20 0
5658 500636986 10 0
11801 500648787 41 0
6113 500654900 25 0
5658 500660558 9 0
5658 500666216 9 0
11781 500677997 37 0
6125 500684122 28 0
5640 500689762 15 0
5658 500695420 10 0
11777 500707197 47 1
14344 500721541 272 17
5645 500727186 35 0
5658 500732844 9 0
11800 500744644 28 0
6138 500750782 17 0
5645 500756427 22 0
5645 500762072 21 0
11813 500773885 25 0
6132 500780017 13 0
5644 500785661 25 0
5645 500791306 18 0
11818 500803124 19 0
6133 500809257 17 0
5633 500814890 14 0
5627 500820517 18 0
11779 500832296 40 0
6138 500838434 19 0
5621 500844055 20 0
5658 500849713 9 0
11813 500861526 23 0
6112 500867638 28 0
5627 500873265 18 0
5657 500878922 17 0
13206 500892128 53 0
6136 500898264 23 0
5628 500903892 14 0
5658 500909550 11 0
11801 500921351 47 0
6124 500927475 33 0
5633 500933108 21 0
5640 500938748 19 0
11806 500950554 29 0
6164 500956718 17 0
5640 500962358 12 0
5638 500967996 24 0
11800 500979796 38 0
6138 500985934 14 0
5646 500991580 20 0
5652 500997232 15 0
11828 501009060 35 0
6138 501015198 16 0
5616 501020814 18 0
5652 501026466 12 0
11809 501038275 37 0
6158 501044433 17 0
5652 501050085 16 0
5652 501055737 21 0
11782 501067519 33 0
6120 501073639 19 0
5639 501079278 27 0
5634 501084912 13 0
11827 501096739 38 0
6132 501102871 20 0
5621 501108492 22 0
5658 501114150 10 0
11806 501125956 30 0
6100 501132056 27 0
5637 501137693 23 0
5639 501143332 17 0
11831 501155163 21 0
6138 501161301 17 0
5649 501166950 22 0
5651 501172601 18 0
11827 501184428 37 0
6143 501190571 29 0
5658 501196229 11 0
5658 501201887 11 0
11811 501213698 31 0
6126 501219824 19 0
5652 501225476 11 0
5645 501231121 25 0
11810 501242931 34 0
6117 501249048 29 0
5658 501254706 10 0
7035 501261741 24 0
11802 501273543 46 0
6133 501279676 18 0
5640 501285316 12 0
5651 501290967 29 0
11809 501302776 35 0
6138 501308914 17 0
5666 501314580 29 0
5658 501320238 11 0
11793 501332031 45 0
6138 501338169 18 0
5631 501343800 24 0
5658 501349458 9 0
11795 501361253 44 0
6131 501367384 30 0
5644 501373028 28 0
5652 501378680 15 0
11840 501390520 39 0
6117 501396637 32 0
5646 501402283 18 0
5651 501407934 28 0
11784 501419718 48 0
6145 501425863 18 0
5649 501431512 27 0
5658 501437170 10 0
11818 501448988 22 0
6138 501455126 16 0
5621 501460747 22 0
5645 501466392 17 0
11831 501478223 34 0
6138 501484361 18 0
5622 501489983 20 0
5637 501495620 25 0
11720 501507340 33 0
6151 501513491 17 0
5631 501519122 25 0
5640 501524762 16 0
11806 501536568 25 0
6138 501542706 17 0
5637 501548343 23 0
5652 501553995 14 0
11809 501565804 36 0
6111 501571915 25 0
5615 501577530 19 0
5646 501583176 24 0
11812 501594988 27 0
6127 501601115 32 0
5657 501606772 24 0
5651 501612423 12 0
12698 501625121 105 0
6120 501631241 19 0
7011 501638252 31 0
5652 501643904 16 0
11806 501655710 43 0
6142 501661852 34 0
5652 501667504 10 0
5649 501673153 22 0
11815 501684968 39 0
6123 501691091 25 0
5658 501696749 9 0
5643 501702392 21 0
11842 501714234 31 0
6147 501720381 34 0
5634 501726015 15 0
5667 501731682 25 0
11817 501743499 24 0
6115 501749614 23 0
5630 501755244 21 0
5658 501760902 9 0
11807 501772709 47 0
6145 501778854 18 0
5639 501784493 20 0
5658 501790151 10 0
11789 501801940 37 0
6095 501808035 21 0
8997 501817032 189 0
903272 502720304 14629 328
13140 502733444 616 0
6662 502740106 34 0
11837 502751943 374 8
6661 502758604 41 0
13361 502771965 52 0
6107 502778072 33 0
7988 502786060 115 0
1588023 1588023 28007 101
10552006 12140029 69741 1771
19657613 31797642 19846 1303
18676645 50474287 25360 1399
19676235 70150522 18788 1266
18964088 89114610 24390 1406
18996698 108111308 19361 1005
19194331 127305639 20175 1468
19584460 146890099 21991 995
19869957 166760056 19593 1141
19717642 186477698 19639 919
19567345 206045043 21049 1659
19348031 225393074 20906 1682
18950125 244343199 19862 1063
18792025 263135224 24448 1159
19351132 282486356 20657 1285
19619291 302105647 19781 992
19668590 321774237 19499 1803
19797866 341572103 19834 1637
19642401 361214504 19871 1194
19791791 381006295 19570 1572
19642388 400648683 19418 933
19716915 420365598 19774 1047
19698869 440064467 19961 905
19674678 459739145 19462 1504
19679062 479418207 19707 1607
12265001 491683208 29366 163
3147382 494830590 7665 17
6128 494836718 46 0
5658 494842376 18 0
5656 494848032 23 0
11794 494859826 34 0
6132 494865958 19 0
5645 494871603 16 0
5647 494877250 20 0
12535 494889785 98 0
6617 494896402 36 0
6367 494902769 24 0
6331 494909100 26 0
12256 494921356 49 0
6132 494927488 20 0
5645 494933133 16 0
5651 494938784 15 0
11820 494950604 32 0
6139 494956743 21 0
5652 494962395 24 0
5652 494968047 12 0
11786 494979833 37 0
6145 494985978 17 0
5640 494991618 14 0
5658 494997276 9 0
11818 495009094 25 0
6138 495015232 17 0
5646 495020878 20 0
5656 495026534 21 0
11805 495038339 31 0
6138 495044477 20 0
5645 495050122 17 0
5658 495055780 10 0
11806 495067586 30 0
6138 495073724 24 0
5652 495079376 15 0
5645 495085021 16 0
11793 495096814 39 0
6138 495102952 16 0
5652 495108604 17 0
5658 495114262 10 0
11824 495126086 32 0
7509 495133595 94 0
5658 495139253 16 0
5646 495144899 13 0
11809 495156708 38 0
6137 495162845 20 0
5658 495168503 9 0
5646 495174149 18 0
11802 495185951 40 0
6132 495192083 21 0
5645 495197728 20 0
5650 495203378 17 0
11805 495215183 29 0
6151 495221334 23 0
5658 495226992 13 0
5652 495232644 14 0
11792 495244436 35 0
6132 495250568 20 0
5628 495256196 22 0
5657 495261853 18 0
11812 495273665 23 0
6138 495279803 18 0
5658 495285461 12 0
5658 495291119 11 0
11793 495302912 29 0
6164 495309076 16 0
5658 495314734 12 0
5652 495320386 18 0
11818 495332204 27 0
6131 495338335 23 0
5658 495343993 10 0
5658 495349651 9 0
22104 495371755 364 0
6658 495378413 29 0
6333 495384746 19 0
5607 495390353 20 0
12245 495402598 33 0
6138 495408736 17 0
6129 495414865 18 0
5652 495420517 14 0
12187 495432704 40 0
6104 495438808 20 0
6104 495444912 23 0
6091 495451003 21 0
11790 495462793 33 0
6110 495468903 20 0
6107 495475010 29 0
6116 495481126 17 0
12219 495493345 37 0
6108 495499453 22 0
6115 495505568 29 0
5658 495511226 11 0
13186 495524412 49 0
6126 495530538 23 0
5652 495536190 11 0
5658 495541848 12 0
11806 495553654 34 0
6132 495559786 22 0
5628 495565414 20 0
5651 495571065 20 0
11812 495582877 31 0
6131 495589008 20 0
5658 495594666 13 0
5658 495600324 14 0
11788 495612112 31 0
6125 495618237 26 0
5646 495623883 13 0
5652 495629535 17 0
11810 495641345 45 0
6138 495647483 15 0
5651 495653134 18 0
5658 495658792 12 0
11818 495670610 32 0
6132 495676742 22 0
5646 495682388 17 0
5652 495688040 15 0
11798 495699838 38 0
6171 495706009 18 0
5652 495711661 11 0
5658 495717319 11 0
11817 495729136 31 0
6132 495735268 25 0
5640 495740908 15 0
5651 495746559 17 0
11812 495758371 37 0
6138 495764509 20 0
5645 495770154 18 0
5658 495775812 14 0
11799 495787611 37 0
6144 495793755 26 0
5658 495799413 18 0
5651 495805064 20 0
11799 495816863 36 0
6114 495822977 19 0
5652 495828629 15 0
5658 495834287 12 0
11805 495846092 41 0
6120 495852212 23 0
5622 495857834 17 0
5663 495863497 17 0
11785 495875282 41 0
6132 495881414 23 0
5658 495887072 11 0
5658 495892730 11 0
13196 495905926 47 0
6113 495912039 20 0
5663 495917702 16 0
5657 495923359 20 0
11799 495935158 28 0
6145 495941303 15 0
5658 495946961 17 0
5658 495952619 10 0
11800 495964419 24 0
6138 495970557 18 0
5622 495976179 18 0
5646 495981825 14 0
11801 495993626 36 0
6132 495999758 25 0
5658 496005416 8 0
5646 496011062 13 0
11775 496022837 37 0
6145 496028982 19 0
5652 496034634 13 0
5662 496040296 22 0
11800 496052096 37 0
6132 496058228 18 0
5645 496063873 18 0
5658 496069531 10 0
11839 496081370 29 0
6113 496087483 26 0
5652 496093135 14 0
5656 496098791 20 0
11809 496110600 32 0
6132 496116732 21 0
5658 496122390 13 0
5657 496128047 19 0
11813 496139860 31 0
6130 496145990 27 0
5652 496151642 13 0
5658 496157300 16 0
11775 496169075 32 0
6145 496175220 18 0
5650 496180870 22 0
5646 496186516 16 0
11805 496198321 30 0
6126 496204447 21 0
5628 496210075 14 0
5658 496215733 14 0
11805 496227538 32 0
6138 496233676 17 0
5646 496239322 16 0
5658 496244980 16 0
11818 496256798 22 0
7039 496263837 84 2
5658 496269495 13 0
7035 496276530 22 0
11817 496288347 26 0
6138 496294485 22 0
5657 496300142 18 0
5658 496305800 16 0
11824 496317624 30 0
6120 496323744 20 0
5658 496329402 11 0
5658 496335060 12 0
11811 496346871 29 0
6138 496353009 19 0
5628 496358637 14 0
11823 496370460 38 0
5658 496376118 15 0
6126 496382244 23 0
5652 496387896 12 0
11775 496399671 33 0
5651 496405322 18 0
6145 496411467 22 0
5646 496417113 17 0
11817 496428930 21 0
5652 496434582 16 0
6132 496440714 22 0
5640 496446354 13 0
11817 496458171 37 0
5657 496463828 19 0
6132 496469960 17 0
5658 496475618 15 0
11818 496487436 33 0
5658 496493094 12 0
6138 496499232 24 0
5640 496504872 17 0
11788 496516660 35 0
5658 496522318 9 0
6138 496528456 21 0
5658 496534114 10 0
11823 496545937 34 0
5651 496551588 14 0
6126 496557714 20 0
5650 496563364 19 0
11792 496575156 39 0
5652 496580808 16 0
6132 496586940 18 0
5646 496592586 19 0
11818 496604404 29 0
5657 496610061 17 0
6107 496616168 23 0
5657 496621825 20 0
11794 496633619 35 0
5652 496639271 21 0
6151 496645422 15 0
7029 496652451 26 0
11824 496664275 25 0
5658 496669933 11 0
6132 496676065 22 0
5622 496681687 18 0
11799 496693486 43 0
5663 496699149 19 0
6114 496705263 20 0
5633 496710896 17 0
11805 496722701 34 0
5658 496728359 19 0
6151 496734510 15 0
5657 496740167 14 0
11800 496751967 36 0
5658 496757625 11 0
6138 496763763 23 0
5658 496769421 10 0
11824 496781245 35 0
5658 496786903 15 0
6126 496793029 22 0
5658 496798687 12 0
11792 496810479 40 0
5650 496816129 17 0
6132 496822261 15 0
5628 496827889 16 0
11844 496839733 35 0
5657 496845390 13 0
6126 496851516 22 0
5651 496857167 12 0
11788 496868955 37 0
5658 496874613 22 0
6151 496880764 21 0
5646 496886410 15 0
11817 496898227 38 0
5658 496903885 14 0
6138 496910023 14 0
5640 496915663 14 0
11818 496927481 35 0
5651 496933132 17 0
6143 496939275 16 0
5640 496944915 14 0
11826 496956741 36 0
5658 496962399 10 0
6109 496968508 22 0
5646 496974154 13 0
11992 496986146 53 0
5652 496991798 19 0
6132 496997930 15 0
5647 497003577 22 0
11813 497015390 26 0
5658 497021048 10 0
7515 497028563 26 0
5658 497034221 13 0
11793 497046014 36 0
5657 497051671 19 0
6126 497057797 20 0
5639 497063436 17 0
922798 497986234 15774 366
6623 497992857 369 1
5650 497998507 36 0
6920 498005427 45 0
18592 498024019 372 13
6696 498030715 34 0
6717 498037432 38 0
6667 498044099 24 0
