23, 1, 2305152, 461030.200
20, 2305153, 9033634, 1345696.200
17, 9033635, 25719755, 1668612.000
26, 25719756, 33357529, 1527554.600
5, 33357530, 38719746, 1072443.200
10, 38719747, 50859416, 2427933.800
3, 50859417, 775212310, 2497768.597
9, 775212311, 787033062, 2364150.200
3, 787033063, 810703765, 2367070.200
9, 810703766, 822476425, 2354531.800
3, 822476426, 834200423, 2344799.400
9, 834200424, 857677552, 2347712.800
3, 857677553, 869274658, 2319421.000
9, 869274659, 1281016773, 2287456.189
21, 1281016774, 1291271267, 2050898.600
8, 1291271268, 1568722663, 1460270.500
5, 1568722664, 1572510424, 757552.000
7, 1572510425, 1602786494, 550473.982
5, 1602786495, 1609989293, 1440559.600
15, 1609989294, 1613649535, 732048.200
5, 1613649536, 1621309845, 766030.900
18, 1621309846, 1625014282, 740887.200
15, 1625014283, 1641816271, 560066.267
27, 1641816272, 1642328433, 51216.100
2, 1642328434, 1643294076, 193128.400
25, 1643294077, 1655091948, 2359574.200
2, 1655091949, 1655725380, 126686.200
6, 1655725381, 1655896519, 8556.900
2, 1655896520, 1656663649, 153425.800
6, 1656663650, 1656670348, 1339.600
