4540846 4540846 86976 440
13167434 17708280 49013 2196
19844351 37552631 16982 1181
18729705 56282336 24217 566
19528705 75811041 19228 342
19626319 95437360 20551 480
19020466 114457826 25023 1419
18841250 133299076 19173 433
19600642 152899718 19789 656
19742494 172642212 22218 572
19735920 192378132 20091 124
19502715 211880847 20563 991
19642366 231523213 20256 517
19218135 250741348 21697 186
18645967 269387315 25365 534
19080438 288467753 20167 451
19640939 308108692 19990 990
19710910 327819602 20740 353
19815249 347634851 20299 1272
19658852 367293703 20026 732
19797773 387091476 19736 252
19602663 406694139 20650 1178
19761002 426455141 19818 140
19755588 446210729 19313 809
19652957 465863686 19811 1683
18489271 484352957 31935 1052
10714422 495067379 16064 15
1297279 496364658 4367 20
5646 496370304 26 0
11769 496382073 51 0
5658 496387731 12 0
6138 496393869 15 0
5646 496399515 18 0
11807 496411322 32 0
5646 496416968 18 0
6131 496423099 22 0
5640 496428739 24 0
11797 496440536 41 0
5633 496446169 19 0
6129 496452298 32 0
5621 496457919 20 0
11818 496469737 32 0
5652 496475389 17 0
6132 496481521 21 0
5652 496487173 15 0
11804 496498977 45 0
5658 496504635 12 0
6164 496510799 14 0
5649 496516448 25 0
11799 496528247 33 0
5652 496533899 14 0
6138 496540037 18 0
5632 496545669 19 0
11807 496557476 31 0
5649 496563125 21 0
6135 496569260 30 0
5633 496574893 25 0
11798 496586691 38 0
5632 496592323 20 0
6151 496598474 19 0
5610 496604084 20 0
11806 496615890 34 0
5658 496621548 13 0
6126 496627674 22 0
5626 496633300 20 0
11831 496645131 24 0
5632 496650763 22 0
6138 496656901 14 0
5645 496662546 17 0
13177 496675723 111 0
5658 496681381 13 0
6108 496687489 20 0
5637 496693126 25 0
20906 496714032 331 2
5651 496719683 33 0
6120 496725803 22 0
5628 496731431 16 0
11799 496743230 31 0
5650 496748880 23 0
6139 496755019 33 0
5657 496760676 15 0
11818 496772494 24 0
5658 496778152 26 0
6138 496784290 16 0
5658 496789948 13 0
11819 496801767 31 0
5645 496807412 20 0
6111 496813523 26 0
5628 496819151 15 0
11794 496830945 31 0
5652 496836597 14 0
6127 496842724 20 0
5646 496848370 18 0
11821 496860191 45 0
5625 496865816 24 0
6138 496871954 15 0
5640 496877594 14 0
12348 496889942 94 0
6332 496896274 21 0
6664 496902938 26 0
6328 496909266 29 0
12272 496921538 40 0
5658 496927196 11 0
6138 496933334 31 0
6123 496939457 24 0
12235 496951692 47 0
6106 496957798 32 0
6112 496963910 33 0
6116 496970026 20 0
12232 496982258 33 0
6129 496988387 18 0
6113 496994500 28 0
6116 497000616 30 0
12201 497012817 41 0
6104 497018921 24 0
6116 497025037 19 0
6116 497031153 18 0
12227 497043380 41 0
6110 497049490 22 0
6123 497055613 19 0
7493 497063106 39 0
11795 497074901 30 0
6092 497080993 24 0
6115 497087108 27 0
6116 497093224 17 0
11758 497104982 39 0
5658 497110640 14 0
6139 497116779 33 0
5610 497122389 23 0
11831 497134220 34 0
5658 497139878 13 0
6125 497146003 31 0
5658 497151661 11 0
11806 497163467 31 0
5639 497169106 29 0
6105 497175211 26 0
5658 497180869 13 0
11823 497192692 40 0
5658 497198350 13 0
6108 497204458 24 0
5645 497210103 19 0
11805 497221908 26 0
5632 497227540 21 0
6144 497233684 26 0
5626 497239310 23 0
11792 497251102 42 0
5657 497256759 17 0
6132 497262891 19 0
6114 497269005 32 0
11784 497280789 33 0
5658 497286447 11 0
6131 497292578 21 0
6110 497298688 23 0
11768 497310456 46 0
5653 497316109 27 0
6138 497322247 21 0
5630 497327877 24 0
11782 497339659 31 0
5644 497345303 26 0
6138 497351441 18 0
5633 497357074 17 0
11831 497368905 25 0
5643 497374548 28 0
6117 497380665 30 0
5658 497386323 15 0
11793 497398116 33 0
5658 497403774 11 0
6141 497409915 30 0
5658 497415573 11 0
11830 497427403 32 0
5644 497433047 23 0
7479 497440526 42 0
5658 497446184 14 0
11818 497458002 21 0
5637 497463639 23 0
14351 497477990 250 13
11301 497489291 50 0
6154 497495445 18 0
5634 497501079 15 0
6120 497507199 24 0
11301 497518500 28 0
6155 497524655 23 0
5661 497530316 27 0
6128 497536444 32 0
11315 497547759 28 0
6154 497553913 17 0
5668 497559581 28 0
6139 497565720 32 0
11302 497577022 32 0
6160 497583182 15 0
5652 497588834 14 0
6138 497594972 15 0
11286 497606258 24 0
6152 497612410 21 0
5637 497618047 27 0
6108 497624155 22 0
11310 497635465 33 0
6141 497641606 20 0
5659 497647265 31 0
6114 497653379 25 0
11301 497664680 41 0
6162 497670842 23 0
5658 497676500 7 0
6114 497682614 23 0
11312 497693926 36 0
6112 497700038 27 0
5666 497705704 32 0
6136 497711840 29 0
11315 497723155 35 0
6118 497729273 23 0
5645 497734918 22 0
6108 497741026 21 0
11300 497752326 31 0
6130 497758456 23 0
5638 497764094 24 0
6122 497770216 29 0
11315 497781531 31 0
6130 497787661 18 0
5652 497793313 15 0
6126 497799439 26 0
11311 497810750 34 0
6136 497816886 21 0
7040 497823926 39 0
6138 497830064 19 0
11734 497841798 44 0
6151 497847949 18 0
5655 497853604 28 0
6138 497859742 16 0
11306 497871048 29 0
6160 497877208 14 0
5645 497882853 23 0
6141 497888994 32 0
11294 497900288 39 0
6166 497906454 24 0
5655 497912109 24 0
6138 497918247 17 0
11273 497929520 31 0
6160 497935680 18 0
5645 497941325 22 0
6121 497947446 21 0
11286 497958732 36 0
6154 497964886 16 0
5652 497970538 16 0
6138 497976676 16 0
11259 497987935 40 0
6173 497994108 15 0
5658 497999766 9 0
6114 498005880 20 0
11255 498017135 35 0
6160 498023295 15 0
5649 498028944 27 0
6140 498035084 21 0
11267 498046351 32 0
6148 498052499 21 0
5667 498058166 23 0
6118 498064284 30 0
11275 498075559 44 0
6156 498081715 27 0
5657 498087372 23 0
6106 498093478 28 0
11283 498104761 33 0
6160 498110921 17 0
5646 498116567 15 0
6130 498122697 22 0
11301 498133998 35 0
6173 498140171 16 0
5651 498145822 21 0
6138 498151960 18 0
11290 498163250 25 0
6142 498169392 19 0
5663 498175055 30 0
6114 498181169 26 0
11310 498192479 36 0
7501 498199980 40 0
5630 498205610 25 0
6131 498211741 27 0
11298 498223039 47 0
6149 498229188 24 0
5657 498234845 28 0
6126 498240971 20 0
11265 498252236 28 0
6160 498258396 16 0
5645 498264041 20 0
6151 498270192 17 0
11254 498281446 36 0
6160 498287606 17 0
5640 498293246 13 0
6129 498299375 32 0
11306 498310681 39 0
6173 498316854 18 0
5658 498322512 10 0
6105 498328617 24 0
11317 498339934 35 0
6160 498346094 17 0
5661 498351755 31 0
6132 498357887 20 0
11271 498369158 35 0
7035 498376193 109 1
5658 498381851 16 0
6120 498387971 24 0
11262 498399233 41 0
6154 498405387 19 0
5656 498411043 20 0
6171 498417214 22 0
11291 498428505 24 0
6141 498434646 27 0
5658 498440304 11 0
6129 498446433 24 0
11310 498457743 17 0
6166 498463909 26 0
5658 498469567 8 0
6126 498475693 22 0
11316 498487009 29 0
6160 498493169 17 0
5622 498498791 21 0
6145 498504936 19 0
11310 498516246 31 0
6148 498522394 21 0
5634 498528028 20 0
6145 498534173 19 0
11760 498545933 30 0
6130 498552063 26 0
5658 498557721 16 0
6138 498563859 17 0
12661 498576520 47 0
6160 498582680 17 0
5658 498588338 8 0
6106 498594444 25 0
11310 498605754 35 0
6131 498611885 24 0
5652 498617537 15 0
6131 498623668 32 0
11314 498634982 26 0
896902 499531884 14672 529
6713 499538597 657 0
6689 499545286 42 0
13090 499558376 64 0
12067 499570443 415 8
6666 499577109 45 0
6705 499583814 29 0
14626 499598440 160 1
6625 499605065 39 0
1754348 1754348 32325 115
14284067 16038415 53037 1084
19733957 35772372 19121 774
18524224 54296596 28012 527
19418178 73714774 22535 407
19460519 93175293 22596 555
18546465 111721758 28392 1424
19131458 130853216 23401 376
19538955 150392171 22677 398
19398744 169790915 24693 445
19647616 189438531 23136 174
19535279 208973810 23587 1101
19484579 228458389 24646 563
19405175 247863564 22804 192
18646711 266510275 24629 662
19143574 285653849 19955 567
19246634 304900483 19081 973
19653575 324554058 19092 623
19810119 344364177 19203 1215
19650719 364014896 19429 848
19789760 383804656 18769 243
19627380 403432036 18951 1249
19770506 423202542 18711 198
19704340 442906882 19251 730
19708316 462615198 18726 1568
18729497 481344695 27684 1127
10681200 492025895 19241 13
1756934 493782829 5662 20
6700 493789529 37 0
6425 493795954 35 0
6404 493802358 27 0
13107 493815465 52 0
6704 493822169 25 0
6431 493828600 9 0
6425 493835025 20 0
13162 493848187 49 0
6722 493854909 20 0
6411 493861320 19 0
6418 493867738 21 0
13161 493880899 44 0
6693 493887592 28 0
6401 493893993 21 0
6425 493900418 18 0
13137 493913555 53 0
6710 493920265 22 0
6431 493926696 11 0
6418 493933114 23 0
13178 493946292 47 0
6703 493952995 31 0
6418 493959413 27 0
6429 493965842 30 0
13156 493978998 44 0
6714 493985712 33 0
6431 493992143 15 0
6431 493998574 16 0
13175 494011749 60 0
6722 494018471 18 0
6425 494024896 17 0
6425 494031321 17 0
13138 494044459 35 0
6698 494051157 28 0
6431 494057588 13 0
6424 494064012 29 0
13125 494077137 45 0
6721 494083858 24 0
6418 494090276 18 0
6431 494096707 15 0
13165 494109872 54 0
6697 494116569 29 0
6409 494122978 20 0
6425 494129403 17 0
13135 494142538 44 0
6734 494149272 23 0
7787 494157059 95 0
6412 494163471 31 0
13150 494176621 39 0
6722 494183343 22 0
6431 494189774 12 0
6425 494196199 19 0
22263 494218462 313 3
6716 494225178 26 0
6417 494231595 23 0
6410 494238005 32 0
13153 494251158 41 0
6704 494257862 25 0
6431 494264293 12 0
6431 494270724 16 0
13145 494283869 47 0
6722 494290591 18 0
6425 494297016 23 0
6423 494303439 29 0
13162 494316601 47 0
6729 494323330 25 0
6425 494329755 15 0
6431 494336186 16 0
13175 494349361 34 0
6716 494356077 34 0
6419 494362496 16 0
6429 494368925 20 0
13422 494382347 76 0
6857 494389204 28 0
6502 494395706 24 0
6402 494402108 19 0
13479 494415587 40 0
6711 494422298 35 0
6676 494428974 23 0
6694 494435668 22 0
13387 494449055 42 0
6663 494455718 28 0
6658 494462376 24 0
6700 494469076 17 0
13394 494482470 36 0
6700 494489170 16 0
6682 494495852 21 0
13400 494509252 32 0
6697 494515949 36 0
6700 494522649 17 0
6739 494529388 19 0
13374 494542762 43 0
6404 494549166 24 0
6696 494555862 24 0
6682 494562544 28 0
13129 494575673 33 0
6413 494582086 14 0
8077 494590163 40 0
6687 494596850 25 0
13125 494609975 35 0
6430 494616405 16 0
6722 494623127 19 0
6694 494629821 20 0
13159 494642980 31 0
6434 494649414 24 0
6707 494656121 34 0
6425 494662546 17 0
13169 494675715 33 0
6416 494682131 25 0
6721 494688852 25 0
6425 494695277 19 0
13159 494708436 41 0
6406 494714842 23 0
6686 494721528 28 0
6448 494727976 30 0
13178 494741154 38 0
6431 494747585 15 0
6722 494754307 18 0
6400 494760707 23 0
13157 494773864 28 0
6417 494780281 24 0
6692 494786973 23 0
6412 494793385 21 0
13160 494806545 40 0
6425 494812970 17 0
6722 494819692 17 0
6383 494826075 21 0
13175 494839250 24 0
6425 494845675 16 0
6709 494852384 26 0
6413 494858797 21 0
13133 494871930 32 0
6431 494878361 13 0
6721 494885082 30 0
6429 494891511 28 0
13175 494904686 39 0
6428 494911114 23 0
6606 494917720 29 0
6395 494924115 20 0
13163 494937278 32 0
6412 494943690 28 0
6729 494950419 31 0
6700 494957119 19 0
13154 494970273 40 0
6431 494976704 13 0
6710 494983414 30 0
6694 494990108 20 0
13142 495003250 32 0
7808 495011058 32 0
6722 495017780 18 0
6418 495024198 25 0
13172 495037370 29 0
6431 495043801 28 0
6722 495050523 18 0
6383 495056906 19 0
13169 495070075 34 0
6412 495076487 24 0
6722 495083209 20 0
6413 495089622 16 0
13162 495102784 29 0
6415 495109199 24 0
6735 495115934 19 0
6445 495122379 38 0
13157 495135536 28 0
6427 495141963 58 0
6722 495148685 28 0
6413 495155098 18 0
13161 495168259 46 0
6431 495174690 9 0
6722 495181412 18 0
6393 495187805 25 0
13168 495200973 39 0
6431 495207404 11 0
7623 495215027 99 2
6431 495221458 15 0
13139 495234597 32 0
6431 495241028 11 0
6703 495247731 22 0
6405 495254136 17 0
13157 495267293 42 0
6423 495273716 17 0
6722 495280438 20 0
6431 495286869 12 0
13169 495300038 29 0
6424 495306462 21 0
6722 495313184 17 0
6431 495319615 10 0
13148 495332763 45 0
6431 495339194 10 0
6680 495345874 25 0
6413 495352287 19 0
13166 495365453 37 0
6418 495371871 20 0
6748 495378619 18 0
6428 495385047 25 0
13138 495398185 46 0
6419 495404604 12 0
6708 495411312 28 0
6688 495418000 23 0
14499 495432499 63 0
6431 495438930 12 0
6722 495445652 19 0
6388 495452040 21 0
13151 495465191 37 0
6428 495471619 27 0
6710 495478329 26 0
6406 495484735 20 0
13154 495497889 36 0
6406 495504295 18 0
6680 495510975 25 0
6428 495517403 22 0
13127 495530530 39 0
6424 495536954 18 0
6722 495543676 19 0
6413 495550089 16 0
13169 495563258 39 0
6423 495569681 25 0
6674 495576355 26 0
6407 495582762 20 0
13182 495595944 37 0
6431 495602375 11 0
6679 495609054 22 0
6431 495615485 13 0
13143 495628628 44 0
6411 495635039 26 0
6721 495641760 33 0
6417 495648177 24 0
13169 495661346 28 0
6431 495667777 14 0
6686 495674463 24 0
6406 495680869 22 0
13189 495694058 47 0
6431 495700489 12 0
6722 495707211 17 0
6412 495713623 19 0
13163 495726786 39 0
6424 495733210 22 0
6687 495739897 26 0
6431 495746328 13 0
13150 495759478 35 0
6427 495765905 25 0
6686 495772591 27 0
6435 495779026 32 0
13183 495792209 30 0
6425 495798634 18 0
6722 495805356 20 0
6406 495811762 19 0
13150 495824912 43 0
6425 495831337 18 0
6703 495838040 24 0
6412 495844452 15 0
14559 495859011 44 0
6431 495865442 10 0
6703 495872145 26 0
6412 495878557 20 0
13169 495891726 25 0
6431 495898157 11 0
6728 495904885 24 0
6431 495911316 10 0
13174 495924490 31 0
6417 495930907 21 0
6704 495937611 23 0
6407 495944018 20 0
13175 495957193 35 0
6418 495963611 17 0
6709 495970320 25 0
6431 495976751 14 0
13150 495989901 40 0
6416 495996317 26 0
6727 496003044 31 0
6424 496009468 24 0
13151 496022619 31 0
6431 496029050 12 0
6716 496035766 22 0
6419 496042185 16 0
13167 496055352 41 0
6424 496061776 19 0
6722 496068498 19 0
6383 496074881 20 0
13159 496088040 37 0
6429 496094469 34 0
6722 496101191 19 0
6425 496107616 17 0
13173 496120789 43 0
6418 496127207 22 0
6704 496133911 24 0
6401 496140312 19 0
13137 496153449 31 0
6421 496159870 28 0
6735 496166605 17 0
6431 496173036 14 0
13141 496186177 49 0
6388 496192565 25 0
6721 496199286 26 0
6405 496205691 22 0
13201 496218892 27 0
6412 496225304 16 0
6687 496231991 23 0
6419 496238410 19 0
13173 496251583 31 0
6421 496258004 22 0
6735 496264739 17 0
7776 496272515 36 0
13113 496285628 38 0
6431 496292059 17 0
6691 496298750 28 0
6393 496305143 19 0
609450 496914593 11018 279
309947 497224540 4571 180
6910 497231450 49 0
6637 497238087 25 0
504448 497742535 435 7
6851 497749386 52 0
6919 497756305 26 0
6877 497763182 37 0
14861 497778043 157 2
2321534 2321534 49402 132
9722961 12044495 79957 1358
19467817 31512312 18558 559
19228403 50740715 20160 859
19275257 70015972 20056 659
19714493 89730465 18976 234
19556379 109286844 17733 675
18901051 128187895 24152 1428
19098679 147286574 18027 561
19835771 167122345 19041 546
19379238 186501583 20087 184
19636974 206138557 18678 622
19734139 225872696 18279 1382
19600001 245472697 19904 178
18878903 264351600 23259 882
19410070 283761670 18588 579
18973882 302735552 18918 1238
19568243 322303795 19518 850
19848338 342152133 18753 899
19794001 361946134 18661 1606
19874890 381821024 18777 422
19633261 401454285 19297 1095
19756093 421210378 19156 397
19782082 440992460 18655 781
19735717 460728177 18902 1253
19690592 480418769 19660 1819
12570294 492989063 29311 229
3444052 496433115 7254 18
6107 496439222 286 0
11754 496450976 42 0
5658 496456634 14 0
5658 496462292 13 0
6133 496468425 26 0
13163 496481588 118 0
5654 496487242 25 0
5651 496492893 23 0
6173 496499066 17 0
11795 496510861 35 0
5658 496516519 12 0
5658 496522177 8 0
6128 496528305 27 0
11733 496540038 42 0
5653 496545691 30 0
5651 496551342 15 0
6161 496557503 25 0
11769 496569272 41 0
5643 496574915 23 0
5651 496580566 18 0
6160 496586726 18 0
11778 496598504 31 0
5658 496604162 13 0
5657 496609819 15 0
6142 496615961 24 0
11801 496627762 28 0
5616 496633378 18 0
5658 496639036 14 0
6143 496645179 19 0
11796 496656975 40 0
5646 496662621 16 0
5658 496668279 11 0
6112 496674391 24 0
11809 496686200 19 0
5634 496691834 20 0
5655 496697489 27 0
6150 496703639 28 0
11770 496715409 33 0
5658 496721067 14 0
5654 496726721 25 0
6136 496732857 25 0
11794 496744651 32 0
5658 496750309 15 0
5658 496755967 9 0
6135 496762102 26 0
11788 496773890 29 0
5627 496779517 19 0
5651 496785168 15 0
11812 496796980 50 0
6138 496803118 20 0
5658 496808776 12 0
5620 496814396 21 0
11816 496826212 40 0
6151 496832363 16 0
5632 496837995 20 0
5658 496843653 12 0
13169 496856822 59 0
6133 496862955 35 0
5658 496868613 18 0
5658 496874271 11 0
11840 496886111 38 0
6120 496892231 26 0
5651 496897882 20 0
5644 496903526 28 0
11780 496915306 46 0
15229 496930535 341 3
5627 496936162 37 0
5650 496941812 16 0
11818 496953630 22 0
6138 496959768 17 0
5658 496965426 15 0
5658 496971084 11 0
12990 496984074 89 0
6664 496990738 19 0
6828 496997566 73 1
6232 497003798 32 0
12666 497016464 44 0
6104 497022568 18 0
6097 497028665 28 0
6098 497034763 19 0
12214 497046977 32 0
6074 497053051 26 0
6079 497059130 31 0
6074 497065204 22 0
13127 497078331 112 2
6098 497084429 26 0
6110 497090539 25 0
6108 497096647 22 0
12225 497108872 32 0
6102 497114974 26 0
6116 497121090 17 0
5639 497126729 20 0
12267 497138996 25 0
6102 497145098 30 0
6116 497151214 17 0
5661 497156875 25 0
11788 497168663 36 0
6151 497174814 15 0
5637 497180451 21 0
5640 497186091 14 0
11792 497197883 29 0
6139 497204022 30 0
6116 497210138 13 0
5645 497215783 16 0
11808 497227591 40 0
6138 497233729 16 0
5652 497239381 17 0
5639 497245020 13 0
13165 497258185 61 0
6145 497264330 14 0
5631 497269961 19 0
5658 497275619 12 0
11809 497287428 39 0
6138 497293566 14 0
6097 497299663 25 0
5658 497305321 13 0
11785 497317106 41 0
6157 497323263 17 0
6094 497329357 29 0
5655 497335012 25 0
11786 497346798 44 0
6138 497352936 14 0
5622 497358558 16 0
5651 497364209 17 0
11807 497376016 23 0
6139 497382155 29 0
5658 497387813 10 0
5646 497393459 11 0
11798 497405257 38 0
6151 497411408 16 0
5658 497417066 11 0
5648 497422714 28 0
11781 497434495 34 0
6138 497440633 13 0
5657 497446290 18 0
5657 497451947 26 0
11810 497463757 46 0
6138 497469895 17 0
5662 497475557 23 0
5639 497481196 20 0
11799 497492995 29 0
6114 497499109 22 0
5657 497504766 12 0
5621 497510387 19 0
11831 497522218 29 0
6138 497528356 17 0
5652 497534008 14 0
5658 497539666 13 0
11817 497551483 33 0
6130 497557613 27 0
6096 497563709 27 0
5634 497569343 18 0
11776 497581119 37 0
6125 497587244 21 0
5611 497592855 20 0
5656 497598511 19 0
11827 497610338 35 0
6113 497616451 19 0
5658 497622109 10 0
7035 497629144 24 0
11799 497640943 28 0
6143 497647086 26 0
5645 497652731 18 0
5651 497658382 12 0
11818 497670200 23 0
6131 497676331 18 0
5639 497681970 16 0
5651 497687621 14 0
11836 497699457 30 0
6132 497705589 19 0
5658 497711247 12 0
5658 497716905 9 0
11775 497728680 34 0
6138 497734818 16 0
5645 497740463 16 0
5646 497746109 13 0
11781 497757890 30 0
6107 497763997 22 0
5658 497769655 12 0
5651 497775306 19 0
11794 497787100 30 0
6151 497793251 20 0
5658 497798909 13 0
5658 497804567 17 0
11762 497816329 40 0
6126 497822455 22 0
5658 497828113 12 0
5651 497833764 17 0
11813 497845577 30 0
6138 497851715 14 0
5652 497857367 15 0
5646 497863013 17 0
11812 497874825 43 0
6151 497880976 24 0
5651 497886627 14 0
5652 497892279 14 0
11800 497904079 38 0
6138 497910217 20 0
6103 497916320 24 0
5652 497921972 13 0
11806 497933778 39 0
6126 497939904 18 0
5658 497945562 10 0
5652 497951214 12 0
11780 497962994 42 0
6143 497969137 18 0
5633 497974770 17 0
5663 497980433 14 0
11818 497992251 42 0
6127 497998378 21 0
7034 498005412 31 0
5658 498011070 24 0
11792 498022862 37 0
6145 498029007 22 0
5652 498034659 11 0
5658 498040317 9 0
11806 498052123 35 0
6096 498058219 21 0
5622 498063841 17 0
5657 498069498 18 0
11800 498081298 40 0
6138 498087436 17 0
5640 498093076 16 0
5658 498098734 8 0
11822 498110556 32 0
6151 498116707 17 0
5658 498122365 12 0
5658 498128023 12 0
11796 498139819 42 0
6138 498145957 15 0
5645 498151602 15 0
5657 498157259 13 0
11804 498169063 39 0
6120 498175183 16 0
5658 498180841 11 0
5645 498186486 19 0
11814 498198300 40 0
6138 498204438 16 0
5652 498210090 13 0
5645 498215735 18 0
11813 498227548 37 0
6126 498233674 22 0
5658 498239332 12 0
5657 498244989 18 0
11805 498256794 35 0
6145 498262939 18 0
5640 498268579 21 0
5658 498274237 13 0
11779 498286016 35 0
6132 498292148 24 0
5652 498297800 15 0
5658 498303458 14 0
11823 498315281 31 0
6137 498321418 20 0
5639 498327057 17 0
5658 498332715 17 0
11813 498344528 45 0
6145 498350673 25 0
5652 498356325 12 0
5658 498361983 12 0
11812 498373795 20 0
7473 498381268 38 0
5640 498386908 14 0
5658 498392566 12 0
11812 498404378 25 0
6119 498410497 21 0
5646 498416143 17 0
5652 498421795 15 0
11818 498433613 23 0
6138 498439751 18 0
5645 498445396 17 0
5658 498451054 12 0
11848 498462902 30 0
6130 498469032 22 0
5651 498474683 22 0
5657 498480340 18 0
11791 498492131 32 0
6150 498498281 20 0
5651 498503932 18 0
5658 498509590 18 0
11786 498521376 41 0
6142 498527518 24 0
5658 498533176 12 0
5664 498538840 20 0
11805 498550645 36 0
6138 498556783 17 0
5652 498562435 14 0
5658 498568093 14 0
11806 498579899 43 0
6150 498586049 21 0
5646 498591695 14 0
5657 498597352 21 0
11813 498609165 40 0
6138 498615303 17 0
5651 498620954 18 0
5658 498626612 16 0
11788 498638400 35 0
6132 498644532 19 0
5658 498650190 10 0
5652 498655842 18 0
11817 498667659 27 0
6120 498673779 22 0
5658 498679437 9 0
5646 498685083 19 0
11830 498696913 24 0
6113 498703026 23 0
5646 498708672 15 0
5652 498714324 13 0
11818 498726142 23 0
6145 498732287 24 0
892472 499624759 14788 375
10154 499634913 856 0
13425 499648338 87 0
11685 499660023 359 12
6933 499666956 39 0
13470 499680426 37 0
8257 499688683 156 2
6607 499695290 32 0
6187 499701477 22 0
13359 499714836 41 0
2600314 2600314 55236 266
10556834 13157148 74409 1475
19440192 32597340 19347 463
18909370 51506710 25326 887
19449772 70956482 19101 468
19662720 90619202 19143 567
19513345 110132547 19206 478
18463229 128595776 25974 1400
19122021 147717797 20120 467
19851302 167569099 19527 424
19621202 187190301 20962 95
19676678 206866979 20655 733
19501006 226367985 19722 1133
19462610 245830595 19753 175
13104792 258935387 19809 585
4320180 263255567 5750 137
19377491 282633058 19583 504
19701385 302334443 19410 1251
19697802 322032245 19114 845
19743167 341775412 20231 930
19678070 361453482 19698 1352
19721566 381175048 19195 562
19708316 400883364 19296 764
19741408 420624772 19897 625
19710923 440335695 18930 681
19650867 459986562 19365 1105
19635247 479621809 19551 1736
13158775 492780584 29940 222
3919131 496699715 8162 17
5658 496705373 30 0
6138 496711511 16 0
11784 496723295 37 0
5658 496728953 9 0
5638 496734591 22 0
6117 496740708 24 0
11783 496752491 31 0
5640 496758131 21 0
5645 496763776 22 0
6117 496769893 25 0
11796 496781689 19 0
5628 496787317 14 0
6998 496794315 100 0
11819 496806134 36 0
6128 496812262 32 0
5643 496817905 15 0
5655 496823560 34 0
11818 496835378 26 0
6158 496841536 16 0
5628 496847164 17 0
5652 496852816 13 0
11799 496864615 35 0
6138 496870753 17 0
5646 496876399 15 0
5648 496882047 24 0
11839 496893886 40 0
6132 496900018 19 0
5658 496905676 13 0
5658 496911334 10 0
11808 496923142 43 0
6135 496929277 23 0
5658 496934935 9 0
5646 496940581 18 0
11795 496952376 37 0
6138 496958514 15 0
5627 496964141 19 0
5658 496969799 10 0
11794 496981593 49 0
6155 496987748 29 0
5658 496993406 14 0
5658 496999064 10 0
11795 497010859 46 0
6138 497016997 15 0
5640 497022637 17 0
5652 497028289 14 0
11835 497040124 37 0
6138 497046262 17 0
5628 497051890 19 0
5638 497057528 22 0
11798 497069326 37 0
6114 497075440 24 0
5610 497081050 19 0
5655 497086705 22 0
11784 497098489 52 0
6138 497104627 15 0
5616 497110243 17 0
5655 497115898 23 0
11810 497127708 40 0
6114 497133822 25 0
5658 497139480 12 0
5658 497145138 12 0
11788 497156926 37 0
6138 497163064 15 0
7011 497170075 27 0
5665 497175740 31 0
11806 497187546 36 0
6138 497193684 15 0
5658 497199342 9 0
5658 497205000 9 0
11779 497216779 40 0
6642 497223421 76 0
6320 497229741 34 0
5643 497235384 21 0
12857 497248241 36 0
6732 497254973 25 0
6572 497261545 18 0
6294 497267839 25 0
22248 497290087 341 1
6578 497296665 22 0
6536 497303201 26 0
6542 497309743 24 0
13144 497322887 30 0
6591 497329478 17 0
6552 497336030 28 0
6578 497342608 19 0
13136 497355744 39 0
6553 497362297 22 0
6554 497368851 25 0
6578 497375429 18 0
13155 497388584 39 0
6578 497395162 18 0
6551 497401713 30 0
6309 497408022 15 0
13160 497421182 35 0
6582 497427764 28 0
6583 497434347 25 0
6297 497440644 15 0
12906 497453550 44 0
6594 497460144 22 0
6291 497466435 24 0
6308 497472743 17 0
12891 497485634 39 0
6613 497492247 17 0
6297 497498544 14 0
6309 497504853 14 0
12929 497517782 41 0
6582 497524364 29 0
6309 497530673 13 0
6309 497536982 15 0
12926 497549908 31 0
6594 497556502 20 0
6578 497563080 17 0
6294 497569374 23 0
12908 497582282 36 0
7947 497590229 38 0
6569 497596798 32 0
6309 497603107 17 0
12909 497616016 24 0
6601 497622617 22 0
6309 497628926 12 0
6278 497635204 22 0
12938 497648142 28 0
6600 497654742 20 0
6302 497661044 28 0
6303 497667347 17 0
12912 497680259 36 0
6552 497686811 25 0
6309 497693120 13 0
6284 497699404 19 0
12907 497712311 44 0
6600 497718911 16 0
6291 497725202 24 0
6309 497731511 13 0
12900 497744411 34 0
6612 497751023 30 0
6279 497757302 15 0
6309 497763611 15 0
12925 497776536 29 0
6600 497783136 18 0
6309 497789445 10 0
6300 497795745 27 0
12964 497808709 29 0
6600 497815309 16 0
6291 497821600 16 0
6309 497827909 13 0
12876 497840785 42 0
6613 497847398 19 0
6285 497853683 24 0
6309 497859992 14 0
12907 497872899 31 0
6576 497879475 23 0
6558 497886033 19 0
6276 497892309 24 0
12921 497905230 28 0
6552 497911782 24 0
6554 497918336 27 0
6296 497924632 19 0
12889 497937521 30 0
6600 497944121 16 0
6304 497950425 29 0
6302 497956727 23 0
12944 497969671 24 0
6600 497976271 14 0
6279 497982550 17 0
6271 497988821 23 0
14252 498003073 49 0
6588 498009661 24 0
6281 498015942 22 0
6300 498022242 28 0
12906 498035148 39 0
6594 498041742 20 0
6309 498048051 12 0
6309 498054360 14 0
12878 498067238 34 0
6600 498073838 14 0
6279 498080117 18 0
6276 498086393 25 0
12919 498099312 36 0
6613 498105925 19 0
6309 498112234 12 0
6284 498118518 24 0
12876 498131394 43 0
6600 498137994 16 0
6291 498144285 17 0
6314 498150599 30 0
12914 498163513 33 0
6600 498170113 19 0
6307 498176420 35 0
6277 498182697 25 0
12912 498195609 29 0
6596 498202205 27 0
6296 498208501 16 0
6309 498214810 13 0
12923 498227733 39 0
6603 498234336 34 0
6309 498240645 9 0
6309 498246954 13 0
12914 498259868 52 0
6607 498266475 23 0
6309 498272784 12 0
6312 498279096 27 0
12938 498292034 29 0
6600 498298634 18 0
6271 498304905 21 0
6295 498311200 26 0
12901 498324101 41 0
6588 498330689 23 0
6279 498336968 19 0
6309 498343277 10 0
12898 498356175 35 0
6613 498362788 15 0
6266 498369054 20 0
6308 498375362 18 0
12882 498388244 43 0
6600 498394844 18 0
6296 498401140 22 0
6293 498407433 26 0
14308 498421741 52 0
6588 498428329 23 0
6309 498434638 11 0
6272 498440910 23 0
12883 498453793 32 0
6600 498460393 15 0
6273 498466666 16 0
6288 498472954 22 0
12908 498485862 37 0
6579 498492441 34 0
6282 498498723 24 0
6294 498505017 26 0
12924 498517941 26 0
6613 498524554 18 0
6305 498530859 24 0
6309 498537168 11 0
12931 498550099 34 0
6585 498556684 26 0
6302 498562986 21 0
6309 498569295 20 0
12917 498582212 43 0
6600 498588812 15 0
6309 498595121 11 0
6308 498601429 19 0
12930 498614359 36 0
6626 498620985 14 0
6284 498627269 15 0
6267 498633536 24 0
12924 498646460 40 0
6600 498653060 16 0
6309 498659369 11 0
6301 498665670 29 0
12923 498678593 38 0
6592 498685185 24 0
6309 498691494 9 0
6302 498697796 30 0
12919 498710715 31 0
6585 498717300 23 0
6290 498723590 21 0
6313 498729903 34 0
12943 498742846 34 0
6600 498749446 15 0
6291 498755737 12 0
6295 498762032 25 0
12924 498774956 34 0
6600 498781556 20 0
6309 498787865 9 0
6302 498794167 29 0
12876 498807043 47 0
6570 498813613 24 0
6272 498819885 26 0
7680 498827565 34 0
12911 498840476 34 0
6600 498847076 16 0
6284 498853360 16 0
6303 498859663 17 0
12919 498872582 25 0
6613 498879195 15 0
6309 498885504 11 0
6292 498891796 28 0
12911 498904707 35 0
6600 498911307 17 0
6288 498917595 21 0
6297 498923892 19 0
12944 498936836 25 0
6600 498943436 17 0
6282 498949718 26 0
12899 498962617 50 0
6309 498968926 16 0
6609 498975535 33 0
6291 498981826 15 0
12907 498994733 33 0
6309 499001042 13 0
6579 499007621 30 0
6296 499013917 22 0
12894 499026811 39 0
6309 499033120 15 0
6608 499039728 28 0
6309 499046037 11 0
12910 499058947 45 0
6309 499065256 14 0
6600 499071856 18 0
6301 499078157 20 0
12921 499091078 38 0
6283 499097361 27 0
6600 499103961 17 0
6302 499110263 20 0
12911 499123174 41 0
6309 499129483 10 0
6617 499136100 34 0
892706 500028806 15158 418
13129 500041935 82 0
11588 500053523 363 9
6659 500060182 37 0
6741 500066923 27 0
14683 500081606 157 4
6600 500088206 35 0
6091 500094297 38 0
6373 500100670 16 0
3042317 3042317 57611 381
13366679 16408996 62074 1841
19608778 36017774 20372 854
19050233 55068007 21142 899
19609611 74677618 18481 588
19538633 94216251 21280 1027
18655908 112872159 22073 1303
19646924 132519083 18433 727
19505565 152024648 19065 624
19600884 171625532 21792 609
19789978 191415510 19132 160
19722650 211138160 18978 1309
19637577 230775737 20292 729
19458424 250234161 19697 445
18235377 268469538 24356 872
19586762 288056300 19062 674
19530964 307587264 18883 1247
19783806 327371070 19098 955
19785390 347156460 19085 1722
19644598 366801058 18848 844
19791981 386593039 18688 708
19692374 406285413 19197 1547
19837757 426123170 18799 553
19814826 445937996 17958 1160
19693511 465631507 18669 1941
18215781 483847288 30875 1261
10505364 494352652 16457 13
1233511 495586163 4272 36
6688 495592851 41 0
12823 495605674 45 0
6757 495612431 19 0
6422 495618853 31 0
6722 495625575 23 0
12976 495638551 67 0
6744 495645295 14 0
6431 495651726 13 0
6709 495658435 27 0
12835 495671270 47 0
6726 495677996 28 0
6431 495684427 15 0
6703 495691130 34 0
12841 495703971 36 0
6764 495710735 20 0
6425 495717160 20 0
6722 495723882 20 0
12840 495736722 35 0
6744 495743466 26 0
6431 495749897 14 0
6864 495756761 33 0
12820 495769581 41 0
6757 495776338 19 0
7812 495784150 113 0
6701 495790851 31 0
12843 495803694 38 0
6720 495810414 22 0
6410 495816824 32 0
6732 495823556 34 0
12803 495836359 40 0
6744 495843103 20 0
6406 495849509 23 0
6711 495856220 27 0
12961 495869181 33 0
6757 495875938 19 0
6428 495882366 25 0
6723 495889089 30 0
12829 495901918 34 0
6744 495908662 22 0
6416 495915078 25 0
6731 495921809 31 0
12978 495934787 52 0
6738 495941525 20 0
6431 495947956 17 0
6725 495954681 33 0
12838 495967519 27 0
6757 495974276 21 0
6406 495980682 25 0
6722 495987404 20 0
12861 496000265 36 0
6744 496007009 20 0
6431 496013440 22 0
6708 496020148 30 0
12849 496032997 39 0
6757 496039754 20 0
6424 496046178 24 0
6709 496052887 24 0
12832 496065719 42 0
6711 496072430 29 0
6429 496078859 28 0
6735 496085594 18 0
12831 496098425 32 0
6744 496105169 20 0
6431 496111600 18 0
6722 496118322 19 0
12862 496131184 25 0
6762 496137946 34 0
6431 496144377 16 0
6722 496151099 19 0
12849 496163948 38 0
6860 496170808 49 0
6525 496177333 39 0
6876 496184209 24 0
12934 496197143 29 0
8193 496205336 40 0
6700 496212036 19 0
6700 496218736 21 0
13400 496232136 46 0
6713 496238849 19 0
6700 496245549 22 0
6694 496252243 21 0
13394 496265637 32 0
6700 496272337 17 0
6700 496279037 19 0
6700 496285737 18 0
22458 496308195 363 5
6693 496314888 37 0
6694 496321582 19 0
6658 496328240 24 0
13370 496341610 46 0
6676 496348286 25 0
6419 496354705 22 0
6729 496361434 21 0
13093 496374527 40 0
6707 496381234 25 0
6431 496387665 15 0
6722 496394387 17 0
12862 496407249 23 0
6756 496414005 19 0
6431 496420436 13 0
6722 496427158 16 0
12843 496440001 35 0
6732 496446733 17 0
6431 496453164 15 0
6735 496459899 19 0
12838 496472737 43 0
6738 496479475 19 0
6431 496485906 14 0
6722 496492628 17 0
12862 496505490 20 0
6757 496512247 16 0
6430 496518677 27 0
6722 496525399 21 0
12825 496538224 32 0
6738 496544962 21 0
6431 496551393 15 0
6704 496558097 25 0
12850 496570947 34 0
6770 496577717 16 0
6431 496584148 14 0
6722 496590870 19 0
12862 496603732 23 0
6738 496610470 20 0
6431 496616901 13 0
6735 496623636 19 0
14232 496637868 48 0
6744 496644612 18 0
6431 496651043 16 0
6716 496657759 20 0
13098 496670857 36 0
6711 496677568 23 0
6413 496683981 19 0
6729 496690710 18 0
12862 496703572 33 0
6744 496710316 19 0
6431 496716747 15 0
6735 496723482 16 0
13118 496736600 43 0
6716 496743316 18 0
6425 496749741 15 0
6722 496756463 17 0
12862 496769325 22 0
6756 496776081 19 0
6419 496782500 21 0
6716 496789216 26 0
12813 496802029 35 0
6744 496808773 26 0
6398 496815171 25 0
6710 496821881 18 0
12862 496834743 20 0
6751 496841494 20 0
6407 496847901 20 0
6822 496854723 31 0
12831 496867554 36 0
6737 496874291 25 0
6431 496880722 13 0
6735 496887457 18 0
12862 496900319 22 0
6724 496907043 26 0
6431 496913474 14 0
6716 496920190 23 0
12801 496932991 37 0
6751 496939742 18 0
6431 496946173 17 0
6715 496952888 22 0
12819 496965707 39 0
6708 496972415 22 0
6425 496978840 19 0
6748 496985588 18 0
12826 496998414 30 0
6744 497005158 17 0
6431 497011589 12 0
6717 497018306 19 0
12841 497031147 39 0
6727 497037874 20 0
6431 497044305 17 0
6716 497051021 21 0
14220 497065241 46 0
6744 497071985 16 0
6425 497078410 16 0
6708 497085118 26 0
13130 497098248 35 0
6710 497104958 26 0
6418 497111376 24 0
6704 497118080 21 0
12862 497130942 20 0
6714 497137656 21 0
6417 497144073 20 0
14949 497159022 243 12
12781 497171803 54 0
6708 497178511 21 0
6424 497184935 15 0
6716 497191651 19 0
12862 497204513 22 0
6739 497211252 21 0
6431 497217683 16 0
6722 497224405 20 0
13130 497237535 38 0
6716 497244251 19 0
6431 497250682 14 0
6722 497257404 29 0
12856 497270260 22 0
6737 497276997 20 0
6431 497283428 15 0
6722 497290150 20 0
12862 497303012 18 0
6757 497309769 15 0
6431 497316200 10 0
6704 497322904 22 0
12855 497335759 26 0
6738 497342497 20 0
6418 497348915 21 0
6716 497355631 22 0
12862 497368493 20 0
6756 497375249 20 0
6407 497381656 18 0
6716 497388372 20 0
12850 497401222 18 0
6744 497407966 17 0
6431 497414397 11 0
13136 497427533 41 0
6431 497433964 16 0
6730 497440694 33 0
6573 497447267 33 0
13375 497460642 39 0
6532 497467174 18 0
6811 497473985 25 0
6406 497480391 24 0
14500 497494891 46 0
6430 497501321 20 0
6713 497508034 23 0
6424 497514458 24 0
13167 497527625 28 0
6431 497534056 15 0
6744 497540800 18 0
6431 497547231 17 0
13139 497560370 45 0
6431 497566801 13 0
6727 497573528 23 0
6431 497579959 17 0
13147 497593106 30 0
6431 497599537 15 0
6731 497606268 30 0
6431 497612699 15 0
13135 497625834 34 0
6431 497632265 19 0
6745 497639010 23 0
6430 497645440 20 0
13137 497658577 37 0
6425 497665002 23 0
6738 497671740 17 0
6431 497678171 17 0
13160 497691331 29 0
6431 497697762 15 0
6738 497704500 22 0
6431 497710931 20 0
13147 497724078 29 0
6431 497730509 14 0
6751 497737260 23 0
6431 497743691 14 0
13153 497756844 28 0
6423 497763267 21 0
6738 497770005 21 0
6430 497776435 23 0
13130 497789565 34 0
6418 497795983 18 0
6738 497802721 22 0
6431 497809152 14 0
13129 497822281 38 0
6430 497828711 18 0
6764 497835475 20 0
6431 497841906 20 0
13138 497855044 39 0
6388 497861432 23 0
6731 497868163 19 0
6430 497874593 18 0
13150 497887743 41 0
6436 497894179 18 0
6757 497900936 17 0
7796 497908732 36 0
13123 497921855 30 0
6431 497928286 11 0
6737 497935023 23 0
6431 497941454 15 0
13166 497954620 29 0
6431 497961051 14 0
6744 497967795 20 0
6419 497974214 21 0
13129 497987343 38 0
6419 497993762 19 0
6751 498000513 21 0
6431 498006944 14 0
13153 498020097 34 0
6431 498026528 15 0
6743 498033271 23 0
6425 498039696 19 0
13160 498052856 42 0
6431 498059287 15 0
6744 498066031 14 0
6431 498072462 14 0
13123 498085585 34 0
6419 498092004 17 0
6757 498098761 18 0
6431 498105192 12 0
13153 498118345 30 0
6431 498124776 12 0
6738 498131514 22 0
6419 498137933 15 0
912350 499050283 15392 559
6905 499057188 62 0
6633 499063821 32 0
6882 499070703 46 0
19045 499089748 395 9
6933 499096681 41 0
6854 499103535 31 0
8175 499111710 136 3
13382 499125092 53 0
