23, 1, 3467699, 693539.600
20, 3467700, 10669568, 1440373.600
17, 10669569, 27535613, 1686604.400
26, 27535614, 34628901, 1418657.400
5, 34628902, 40376543, 1149528.200
10, 40376544, 54630773, 2850845.800
3, 54630774, 759174554, 2516227.786
9, 759174555, 771160343, 2397157.600
3, 771160344, 783166883, 2401307.800
9, 783166884, 795161411, 2398905.400
3, 795161412, 807135469, 2394811.400
9, 807135470, 831031499, 2389602.900
3, 831031500, 842911212, 2375942.400
9, 842911213, 1286068551, 2332407.042
21, 1286068552, 1294140520, 1614393.600
8, 1294140521, 1564845778, 1546887.183
5, 1564845779, 1571296038, 1290051.800
7, 1571296039, 1600342655, 645480.356
5, 1600342656, 1642447691, 1403501.167
25, 1642447692, 1655691792, 1324410.000
6, 1655691793, 1655829865, 5522.880
2, 1655829866, 1656589517, 151930.200
6, 1656589518, 1656609323, 1980.500
