1811554, 1811554, 41874, 1122, 4
6762540, 8574094, 83281, 11087, 13
19339679, 27913773, 19428, 5103, 11
19028522, 46942295, 19920, 4922, 11
19152103, 66094398, 21174, 5342, 11
19591992, 85686390, 18735, 5329, 11
19420329, 105106719, 17900, 5007, 11
18507208, 123613927, 23859, 6852, 2
19222195, 142836122, 19267, 5008, 11
19686208, 162522330, 18649, 5066, 11
19185585, 181707915, 20492, 5113, 11
19488845, 201196760, 19009, 5108, 11
19556776, 220753536, 19306, 5162, 11
19474447, 240227983, 19573, 5087, 11
18838918, 259066901, 23648, 4899, 11
19250823, 278317724, 18214, 4826, 11
19017468, 297335192, 19460, 4943, 11
19368725, 316703917, 19364, 4811, 11
19642590, 336346507, 19307, 5227, 11
19662011, 356008518, 19090, 5074, 11
19564788, 375573306, 19738, 5013, 11
19691640, 395264946, 19109, 5153, 11
19626809, 414891755, 18982, 5187, 11
19618897, 434510652, 19142, 4860, 11
19612976, 454123628, 19451, 5030, 11
19613938, 473737566, 19025, 5309, 11
16595162, 490332728, 31405, 2862, 7
6083896, 496416624, 11826, 371, 6
11794, 496428418, 383, 5, 1
6138, 496434556, 21, 0, 1
5626, 496440182, 24, 0, 1
5644, 496445826, 29, 0, 1
11788, 496457614, 37, 0, 1
6147, 496463761, 29, 0, 1
5648, 496469409, 25, 0, 1
5658, 496475067, 15, 0, 1
11799, 496486866, 53, 0, 1
6118, 496492984, 30, 0, 1
5657, 496498641, 18, 0, 1
5644, 496504285, 25, 0, 1
11825, 496516110, 32, 0, 1
6138, 496522248, 16, 0, 1
5650, 496527898, 17, 0, 1
5646, 496533544, 27, 0, 1
11778, 496545322, 75, 8, 1
6138, 496551460, 24, 0, 1
5658, 496557118, 14, 0, 1
5657, 496562775, 30, 0, 1
11802, 496574577, 39, 0, 1
6114, 496580691, 22, 0, 1
5610, 496586301, 19, 0, 1
5646, 496591947, 19, 0, 1
11802, 496603749, 39, 1, 1
6151, 496609900, 16, 0, 1
5639, 496615539, 24, 0, 1
5658, 496621197, 11, 0, 1
11807, 496633004, 40, 0, 1
6132, 496639136, 22, 0, 1
5647, 496644783, 23, 0, 1
7036, 496651819, 112, 2, 1
11830, 496663649, 29, 0, 1
6138, 496669787, 14, 0, 1
5638, 496675425, 24, 0, 1
5647, 496681072, 27, 0, 1
11773, 496692845, 38, 0, 1
15232, 496708077, 314, 9, 1
5628, 496713705, 31, 0, 1
5657, 496719362, 15, 0, 1
11818, 496731180, 25, 0, 1
6132, 496737312, 22, 0, 1
5645, 496742957, 26, 0, 1
5642, 496748599, 19, 0, 1
11829, 496760428, 30, 0, 1
6130, 496766558, 36, 0, 1
5658, 496772216, 13, 0, 1
5659, 496777875, 26, 0, 1
11805, 496789680, 40, 0, 1
6132, 496795812, 21, 0, 1
5658, 496801470, 14, 0, 1
5652, 496807122, 15, 0, 1
11819, 496818941, 30, 0, 1
6138, 496825079, 17, 0, 1
5655, 496830734, 20, 0, 1
5656, 496836390, 34, 0, 1
11798, 496848188, 41, 0, 1
6127, 496854315, 21, 0, 1
5657, 496859972, 21, 0, 1
5646, 496865618, 23, 0, 1
11790, 496877408, 37, 0, 1
6138, 496883546, 16, 0, 1
5658, 496889204, 17, 0, 1
5658, 496894862, 13, 0, 1
11800, 496906662, 42, 0, 1
6138, 496912800, 14, 0, 1
5658, 496918458, 13, 0, 1
5654, 496924112, 28, 0, 1
11818, 496935930, 31, 0, 1
6162, 496942092, 33, 0, 1
5658, 496947750, 16, 1, 1
5658, 496953408, 15, 0, 1
12512, 496965920, 84, 0, 1
6624, 496972544, 35, 0, 1
6642, 496979186, 25, 0, 1
8366, 496987552, 150, 4, 1
12263, 496999815, 50, 0, 1
6138, 497005953, 19, 0, 1
6116, 497012069, 21, 0, 1
6068, 497018137, 27, 0, 1
12226, 497030363, 36, 0, 1
6110, 497036473, 19, 0, 1
7506, 497043979, 38, 0, 1
6116, 497050095, 18, 0, 1
12213, 497062308, 42, 0, 1
6102, 497068410, 30, 0, 1
6116, 497074526, 18, 0, 1
6118, 497080644, 34, 0, 1
12231, 497092875, 54, 0, 1
6079, 497098954, 26, 0, 1
6107, 497105061, 27, 0, 1
6097, 497111158, 27, 0, 1
12226, 497123384, 30, 0, 1
6116, 497129500, 15, 0, 1
6116, 497135616, 16, 0, 1
6132, 497141748, 36, 0, 1
11776, 497153524, 48, 0, 1
6126, 497159650, 23, 0, 1
6084, 497165734, 23, 0, 1
5637, 497171371, 24, 0, 1
11810, 497183181, 35, 0, 1
6139, 497189320, 20, 0, 1
5646, 497194966, 14, 0, 1
5652, 497200618, 18, 0, 1
11773, 497212391, 34, 0, 1
6113, 497218504, 20, 0, 1
5638, 497224142, 21, 0, 1
5652, 497229794, 14, 0, 1
11819, 497241613, 25, 0, 1
6124, 497247737, 32, 0, 1
5633, 497253370, 18, 0, 1
5660, 497259030, 28, 0, 1
11815, 497270845, 39, 0, 1
6143, 497276988, 26, 0, 1
5637, 497282625, 19, 0, 1
5658, 497288283, 11, 0, 1
11841, 497300124, 28, 0, 1
6124, 497306248, 28, 0, 1
5658, 497311906, 10, 0, 1
5658, 497317564, 12, 0, 1
11803, 497329367, 25, 0, 1
6164, 497335531, 17, 0, 1
5639, 497341170, 19, 0, 1
11800, 497352970, 28, 0, 1
5658, 497358628, 11, 0, 1
6148, 497364776, 32, 0, 1
5643, 497370419, 23, 0, 1
11812, 497382231, 33, 0, 1
5658, 497387889, 11, 0, 1
6119, 497394008, 21, 0, 1
5615, 497399623, 22, 0, 1
11798, 497411421, 32, 0, 1
5658, 497417079, 10, 0, 1
7509, 497424588, 38, 0, 1
5651, 497430239, 21, 0, 1
11802, 497442041, 44, 0, 1
5646, 497447687, 14, 0, 1
6140, 497453827, 33, 0, 1
5650, 497459477, 24, 0, 1
11830, 497471307, 29, 0, 1
5652, 497476959, 17, 0, 1
6140, 497483099, 33, 0, 1
5657, 497488756, 22, 0, 1
11806, 497500562, 35, 0, 1
5653, 497506215, 28, 0, 1
6137, 497512352, 21, 0, 1
5646, 497517998, 18, 0, 1
11825, 497529823, 32, 0, 1
5663, 497535486, 16, 0, 1
6127, 497541613, 30, 0, 1
5628, 497547241, 15, 0, 1
11818, 497559059, 20, 0, 1
5658, 497564717, 13, 0, 1
6139, 497570856, 22, 0, 1
5657, 497576513, 15, 0, 1
11816, 497588329, 43, 0, 1
5667, 497593996, 27, 0, 1
6138, 497600134, 16, 0, 1
5646, 497605780, 14, 0, 1
11775, 497617555, 39, 0, 1
5658, 497623213, 23, 0, 1
6134, 497629347, 33, 0, 1
5652, 497634999, 19, 0, 1
11776, 497646775, 34, 0, 1
5652, 497652427, 17, 0, 1
6137, 497658564, 29, 0, 1
5657, 497664221, 25, 0, 1
11805, 497676026, 28, 0, 1
5668, 497681694, 25, 0, 1
6119, 497687813, 23, 0, 1
5622, 497693435, 16, 0, 1
11835, 497705270, 58, 0, 1
6374, 497711644, 23, 0, 1
6597, 497718241, 31, 0, 1
6373, 497724614, 19, 0, 1
12923, 497737537, 44, 0, 1
5658, 497743195, 14, 0, 1
6138, 497749333, 17, 0, 1
5644, 497754977, 22, 0, 1
11834, 497766811, 33, 0, 1
5648, 497772459, 23, 0, 1
6124, 497778583, 29, 0, 1
5658, 497784241, 14, 0, 1
11812, 497796053, 31, 0, 1
7034, 497803087, 31, 0, 1
6151, 497809238, 19, 0, 1
5658, 497814896, 12, 0, 1
11816, 497826712, 41, 0, 1
5643, 497832355, 26, 0, 1
6138, 497838493, 19, 0, 1
5662, 497844155, 22, 0, 1
11828, 497855983, 39, 0, 1
5652, 497861635, 14, 0, 1
6138, 497867773, 20, 0, 1
5645, 497873418, 21, 0, 1
11818, 497885236, 23, 0, 1
5658, 497890894, 10, 0, 1
6166, 497897060, 34, 0, 1
5658, 497902718, 12, 0, 1
11818, 497914536, 22, 0, 1
5640, 497920176, 19, 0, 1
6120, 497926296, 22, 0, 1
5658, 497931954, 16, 0, 1
11842, 497943796, 30, 0, 1
5652, 497949448, 17, 0, 1
6138, 497955586, 19, 0, 1
5647, 497961233, 25, 0, 1
11822, 497973055, 37, 0, 1
5658, 497978713, 10, 0, 1
6138, 497984851, 17, 0, 1
5642, 497990493, 23, 0, 1
11831, 498002324, 23, 0, 1
5645, 498007969, 20, 0, 1
6118, 498014087, 23, 0, 1
5652, 498019739, 17, 0, 1
11796, 498031535, 33, 0, 1
5649, 498037184, 25, 0, 1
6151, 498043335, 18, 0, 1
5645, 498048980, 25, 0, 1
11829, 498060809, 39, 0, 1
5638, 498066447, 24, 0, 1
6122, 498072569, 31, 0, 1
5658, 498078227, 14, 0, 1
11813, 498090040, 33, 0, 1
5671, 498095711, 26, 0, 1
6138, 498101849, 16, 0, 1
5637, 498107486, 24, 0, 1
11818, 498119304, 22, 0, 1
5658, 498124962, 13, 0, 1
6144, 498131106, 24, 0, 1
5658, 498136764, 12, 0, 1
11804, 498148568, 37, 0, 1
5657, 498154225, 15, 0, 1
6121, 498160346, 32, 0, 1
5651, 498165997, 22, 0, 1
13182, 498179179, 52, 0, 1
5658, 498184837, 12, 0, 1
6138, 498190975, 16, 0, 1
5645, 498196620, 16, 0, 1
11805, 498208425, 24, 0, 1
5646, 498214071, 12, 0, 1
6096, 498220167, 20, 0, 1
5652, 498225819, 12, 0, 1
11798, 498237617, 41, 0, 1
5658, 498243275, 14, 0, 1
6126, 498249401, 22, 0, 1
5620, 498255021, 21, 0, 1
11810, 498266831, 48, 0, 1
5652, 498272483, 22, 0, 1
6127, 498278610, 21, 0, 1
5628, 498284238, 18, 0, 1
11782, 498296020, 33, 0, 1
5645, 498301665, 19, 0, 1
6158, 498307823, 33, 0, 1
5634, 498313457, 24, 0, 1
11803, 498325260, 38, 0, 1
5652, 498330912, 14, 0, 1
6134, 498337046, 27, 0, 1
5658, 498342704, 11, 0, 1
11806, 498354510, 29, 0, 1
5656, 498360166, 25, 0, 1
6130, 498366296, 27, 0, 1
5674, 498371970, 32, 0, 1
11818, 498383788, 24, 0, 1
5658, 498389446, 13, 0, 1
6138, 498395584, 18, 0, 1
5658, 498401242, 13, 0, 1
11811, 498413053, 32, 0, 1
5646, 498418699, 15, 0, 1
6112, 498424811, 29, 0, 1
5628, 498430439, 15, 0, 1
11800, 498442239, 28, 0, 1
5658, 498447897, 13, 0, 1
6132, 498454029, 32, 0, 1
5658, 498459687, 14, 0, 1
11829, 498471516, 30, 0, 1
5658, 498477174, 10, 0, 1
6137, 498483311, 25, 0, 1
5658, 498488969, 14, 0, 1
11794, 498500763, 32, 0, 1
5656, 498506419, 18, 0, 1
6158, 498512577, 18, 0, 1
5658, 498518235, 12, 0, 1
11774, 498530009, 32, 0, 1
5640, 498535649, 19, 0, 1
6138, 498541787, 17, 0, 1
5658, 498547445, 9, 0, 1
13194, 498560639, 51, 0, 1
5658, 498566297, 14, 0, 1
6114, 498572411, 24, 0, 1
5658, 498578069, 15, 0, 1
11789, 498589858, 45, 0, 1
5658, 498595516, 13, 0, 1
6151, 498601667, 33, 0, 1
5658, 498607325, 12, 0, 1
11799, 498619124, 28, 0, 1
5663, 498624787, 26, 0, 1
6138, 498630925, 19, 0, 1
5639, 498636564, 18, 0, 1
11834, 498648398, 40, 0, 1
5658, 498654056, 11, 0, 1
6126, 498660182, 21, 0, 1
5633, 498665815, 22, 0, 1
11810, 498677625, 34, 0, 1
5658, 498683283, 11, 0, 1
6138, 498689421, 18, 0, 1
5658, 498695079, 17, 0, 1
11831, 498706910, 23, 0, 1
5658, 498712568, 12, 0, 1
6114, 498718682, 24, 0, 1
5658, 498724340, 15, 0, 1
11814, 498736154, 44, 0, 1
5658, 498741812, 13, 0, 1
6151, 498747963, 18, 0, 1
5664, 498753627, 28, 0, 1
11831, 498765458, 54, 0, 1
889487, 499654945, 15832, 2744, 9
6715, 499661660, 88, 1, 1
6666, 499668326, 34, 0, 1
18855, 499687181, 385, 37, 1
6720, 499693901, 27, 0, 1
6650, 499700551, 31, 0, 1
8382, 499708933, 164, 7, 1
12997, 499721930, 43, 0, 1
6326, 499728256, 27, 0, 1
6690, 499734946, 21, 0, 1
4434785, 4434785, 86034, 3673, 16
13706555, 18141340, 50679, 11207, 20
13049948, 31191288, 13013, 3503, 19
6332432, 37523720, 5232, 1148, 6
19114230, 56637950, 21780, 4900, 11
19508766, 76146716, 20175, 5124, 11
19441623, 95588339, 19758, 5198, 11
19464374, 115052713, 19877, 4830, 11
18376860, 133429573, 25181, 6699, 2
19302927, 152732500, 21343, 5040, 11
19272305, 172004805, 20494, 4865, 11
19591171, 191595976, 20218, 5040, 11
19359117, 210955093, 22440, 5347, 11
19413137, 230368230, 21146, 5110, 11
19422798, 249791028, 20233, 5148, 11
18857297, 268648325, 24703, 4810, 11
18825678, 287474003, 20261, 5005, 11
19303287, 306777290, 19555, 4796, 11
19230356, 326007646, 19099, 4823, 11
19692357, 345700003, 19350, 5317, 11
19607439, 365307442, 18319, 5093, 11
19571170, 384878612, 20400, 5048, 11
19575063, 404453675, 19102, 5168, 11
19656784, 424110459, 18701, 5106, 11
19649295, 443759754, 18541, 5007, 11
19590218, 463349972, 19486, 5016, 11
19633023, 482982995, 18954, 5314, 11
12820699, 495803694, 29721, 1200, 19
3659655, 499463349, 8124, 352, 6
12274, 499475623, 390, 6, 1
5658, 499481281, 17, 0, 1
5658, 499486939, 12, 0, 1
11810, 499498749, 41, 0, 1
6112, 499504861, 27, 0, 1
5658, 499510519, 9, 0, 1
5658, 499516177, 13, 0, 1
11776, 499527953, 49, 0, 1
6130, 499534083, 27, 0, 1
5658, 499539741, 10, 0, 1
5656, 499545397, 22, 0, 1
11805, 499557202, 33, 0, 1
6131, 499563333, 25, 0, 1
5639, 499568972, 18, 0, 1
5658, 499574630, 8, 0, 1
11829, 499586459, 35, 0, 1
7489, 499593948, 116, 7, 1
5626, 499599574, 20, 0, 1
5658, 499605232, 11, 0, 1
11815, 499617047, 42, 0, 1
6164, 499623211, 15, 0, 1
5656, 499628867, 26, 0, 1
5657, 499634524, 29, 0, 1
11814, 499646338, 41, 0, 1
6126, 499652464, 20, 0, 1
5658, 499658122, 9, 0, 1
5658, 499663780, 8, 0, 1
20882, 499684662, 354, 14, 1
6131, 499690793, 25, 0, 1
5658, 499696451, 12, 0, 1
5658, 499702109, 11, 0, 1
11774, 499713883, 38, 0, 1
6141, 499720024, 28, 0, 1
5658, 499725682, 10, 0, 1
5646, 499731328, 23, 0, 1
11780, 499743108, 40, 0, 1
6138, 499749246, 19, 0, 1
5652, 499754898, 15, 0, 1
5644, 499760542, 22, 0, 1
11831, 499772373, 30, 0, 1
6114, 499778487, 22, 0, 1
5639, 499784126, 21, 0, 1
5652, 499789778, 13, 0, 1
11800, 499801578, 33, 0, 1
6153, 499807731, 39, 0, 1
5658, 499813389, 12, 1, 1
5658, 499819047, 12, 0, 1
11776, 499830823, 52, 0, 1
6138, 499836961, 15, 0, 1
5633, 499842594, 22, 0, 1
5657, 499848251, 20, 0, 1
11809, 499860060, 35, 0, 1
6151, 499866211, 19, 0, 1
5652, 499871863, 19, 0, 1
5658, 499877521, 12, 0, 1
11773, 499889294, 52, 0, 1
6138, 499895432, 17, 0, 1
5658, 499901090, 20, 0, 1
5658, 499906748, 12, 0, 1
11823, 499918571, 32, 1, 1
6138, 499924709, 15, 0, 1
5658, 499930367, 12, 0, 1
5646, 499936013, 15, 0, 1
11782, 499947795, 48, 0, 1
6138, 499953933, 24, 0, 1
5658, 499959591, 13, 0, 1
5658, 499965249, 11, 0, 1
13199, 499978448, 74, 0, 1
6145, 499984593, 20, 0, 1
5657, 499990250, 15, 0, 1
5655, 499995905, 27, 0, 1
12560, 500008465, 58, 0, 1
6605, 500015070, 35, 0, 1
6635, 500021705, 30, 0, 1
6333, 500028038, 13, 0, 1
12234, 500040272, 37, 0, 1
6132, 500046404, 21, 0, 1
6129, 500052533, 16, 0, 1
6103, 500058636, 26, 0, 1
12235, 500070871, 46, 0, 1
6115, 500076986, 34, 0, 1
6116, 500083102, 17, 0, 1
6092, 500089194, 21, 0, 1
12245, 500101439, 28, 0, 1
6116, 500107555, 13, 0, 1
6097, 500113652, 28, 0, 1
6104, 500119756, 21, 0, 1
12213, 500131969, 37, 0, 1
6116, 500138085, 18, 0, 1
6104, 500144189, 22, 0, 1
6129, 500150318, 17, 0, 1
12232, 500162550, 34, 0, 1
6097, 500168647, 27, 0, 1
6095, 500174742, 26, 0, 1
5652, 500180394, 17, 0, 1
12241, 500192635, 36, 0, 1
6129, 500198764, 18, 0, 1
6078, 500204842, 25, 0, 1
5652, 500210494, 14, 0, 1
11744, 500222238, 40, 0, 1
6132, 500228370, 18, 0, 1
5640, 500234010, 17, 0, 1
5658, 500239668, 7, 0, 1
11830, 500251498, 39, 0, 1
6138, 500257636, 15, 0, 1
5658, 500263294, 9, 0, 1
5652, 500268946, 12, 0, 1
11786, 500280732, 42, 0, 1
6101, 500286833, 27, 0, 1
5658, 500292491, 11, 0, 1
5657, 500298148, 15, 0, 1
11797, 500309945, 45, 0, 1
6126, 500316071, 23, 0, 1
5658, 500321729, 12, 0, 1
5658, 500327387, 11, 0, 1
11804, 500339191, 29, 0, 1
6151, 500345342, 17, 0, 1
5628, 500350970, 16, 0, 1
5657, 500356627, 22, 0, 1
13163, 500369790, 50, 0, 1
6138, 500375928, 11, 0, 1
5658, 500381586, 10, 0, 1
5658, 500387244, 8, 0, 1
11827, 500399071, 36, 0, 1
6126, 500405197, 22, 0, 1
5674, 500410871, 32, 0, 1
5649, 500416520, 23, 0, 1
11813, 500428333, 36, 0, 1
6151, 500434484, 15, 0, 1
5642, 500440126, 26, 0, 1
5634, 500445760, 18, 0, 1
11786, 500457546, 35, 0, 1
6138, 500463684, 16, 0, 1
5658, 500469342, 12, 0, 1
5653, 500474995, 18, 0, 1
11787, 500486782, 38, 0, 1
6138, 500492920, 14, 0, 1
5615, 500498535, 21, 0, 1
5655, 500504190, 29, 0, 1
11818, 500516008, 21, 0, 1
6090, 500522098, 23, 0, 1
5658, 500527756, 15, 0, 1
5649, 500533405, 33, 0, 1
11830, 500545235, 29, 0, 1
6138, 500551373, 13, 0, 1
5655, 500557028, 23, 0, 1
5657, 500562685, 21, 0, 1
11799, 500574484, 27, 0, 1
6125, 500580609, 34, 0, 1
5646, 500586255, 18, 0, 1
5657, 500591912, 27, 0, 1
11826, 500603738, 39, 0, 1
6138, 500609876, 17, 0, 1
5658, 500615534, 12, 0, 1
5658, 500621192, 12, 0, 1
11819, 500633011, 32, 0, 1
6126, 500639137, 23, 0, 1
5658, 500644795, 10, 0, 1
5658, 500650453, 11, 0, 1
11767, 500662220, 37, 0, 1
6151, 500668371, 17, 0, 1
5658, 500674029, 12, 0, 1
5657, 500679686, 16, 0, 1
11769, 500691455, 33, 0, 1
6108, 500697563, 21, 0, 1
5652, 500703215, 16, 0, 1
5651, 500708866, 15, 0, 1
11818, 500720684, 32, 0, 1
6139, 500726823, 20, 0, 1
5645, 500732468, 16, 0, 1
7035, 500739503, 25, 0, 1
11818, 500751321, 21, 0, 1
6138, 500757459, 19, 0, 1
5651, 500763110, 14, 0, 1
5658, 500768768, 10, 0, 1
11802, 500780570, 30, 0, 1
6132, 500786702, 20, 0, 1
5651, 500792353, 20, 0, 1
5657, 500798010, 14, 0, 1
11782, 500809792, 41, 0, 1
6139, 500815931, 19, 0, 1
5658, 500821589, 13, 0, 1
5657, 500827246, 22, 0, 1
11776, 500839022, 31, 0, 1
6138, 500845160, 21, 0, 1
5653, 500850813, 18, 0, 1
5658, 500856471, 12, 0, 1
11829, 500868300, 38, 0, 1
6119, 500874419, 26, 0, 1
5652, 500880071, 15, 0, 1
5657, 500885728, 17, 0, 1
11804, 500897532, 36, 0, 1
6139, 500903671, 21, 0, 1
5645, 500909316, 18, 0, 1
5658, 500914974, 11, 0, 1
11812, 500926786, 24, 0, 1
6138, 500932924, 14, 0, 1
6100, 500939024, 30, 0, 1
5645, 500944669, 20, 0, 1
11794, 500956463, 33, 0, 1
6138, 500962601, 18, 0, 1
5640, 500968241, 20, 0, 1
5658, 500973899, 11, 0, 1
11793, 500985692, 42, 0, 1
6143, 500991835, 19, 0, 1
5657, 500997492, 14, 0, 1
5658, 501003150, 21, 0, 1
11811, 501014961, 36, 0, 1
6131, 501021092, 22, 0, 1
5658, 501026750, 9, 0, 1
5658, 501032408, 11, 0, 1
11806, 501044214, 31, 0, 1
6145, 501050359, 23, 0, 1
5658, 501056017, 10, 0, 1
5657, 501061674, 20, 0, 1
11788, 501073462, 31, 0, 1
6138, 501079600, 23, 0, 1
5658, 501085258, 14, 0, 1
5652, 501090910, 22, 0, 1
11816, 501102726, 51, 0, 1
6132, 501108858, 21, 0, 1
7004, 501115862, 34, 0, 1
5657, 501121519, 18, 0, 1
11804, 501133323, 35, 0, 1
6164, 501139487, 25, 0, 1
5658, 501145145, 12, 0, 1
5658, 501150803, 9, 0, 1
11818, 501162621, 25, 0, 1
6138, 501168759, 19, 0, 1
5658, 501174417, 12, 0, 1
5658, 501180075, 10, 0, 1
11824, 501191899, 31, 0, 1
6112, 501198011, 28, 0, 1
5652, 501203663, 16, 0, 1
5657, 501209320, 19, 0, 1
11817, 501221137, 32, 0, 1
6126, 501227263, 17, 0, 1
5616, 501232879, 18, 0, 1
5639, 501238518, 16, 0, 1
11824, 501250342, 37, 0, 1
6138, 501256480, 23, 0, 1
5646, 501262126, 17, 0, 1
5658, 501267784, 17, 0, 1
11796, 501279580, 40, 0, 1
6995, 501286575, 93, 34, 1
5646, 501292221, 15, 0, 1
5657, 501297878, 22, 0, 1
11805, 501309683, 34, 0, 1
6138, 501315821, 15, 0, 1
5658, 501321479, 12, 0, 1
5658, 501327137, 10, 0, 1
11825, 501338962, 23, 0, 1
6138, 501345100, 17, 0, 1
5651, 501350751, 20, 0, 1
5658, 501356409, 22, 0, 1
11811, 501368220, 30, 0, 1
6145, 501374365, 22, 0, 1
5658, 501380023, 11, 0, 1
5658, 501385681, 13, 0, 1
11818, 501397499, 18, 0, 1
6127, 501403626, 19, 0, 1
5658, 501409284, 12, 0, 1
11812, 501421096, 34, 0, 1
5652, 501426748, 19, 0, 1
6132, 501432880, 18, 0, 1
5640, 501438520, 14, 0, 1
11818, 501450338, 26, 0, 1
5658, 501455996, 13, 0, 1
6133, 501462129, 24, 0, 1
5658, 501467787, 16, 0, 1
11807, 501479594, 37, 0, 1
5652, 501485246, 16, 0, 1
7515, 501492761, 30, 0, 1
5639, 501498400, 20, 0, 1
11811, 501510211, 31, 0, 1
5657, 501515868, 15, 0, 1
6144, 501522012, 24, 0, 1
5634, 501527646, 15, 0, 1
11786, 501539432, 35, 0, 1
5662, 501545094, 20, 0, 1
6126, 501551220, 18, 0, 1
5634, 501556854, 15, 0, 1
11807, 501568661, 32, 0, 1
5652, 501574313, 15, 0, 1
6138, 501580451, 18, 0, 1
5634, 501586085, 17, 0, 1
11793, 501597878, 38, 0, 1
5658, 501603536, 19, 0, 1
6145, 501609681, 18, 0, 1
5645, 501615326, 15, 0, 1
11810, 501627136, 32, 0, 1
5652, 501632788, 14, 0, 1
6138, 501638926, 16, 0, 1
5652, 501644578, 18, 0, 1
11816, 501656394, 38, 0, 1
5646, 501662040, 15, 0, 1
6132, 501668172, 19, 0, 1
5658, 501673830, 10, 0, 1
11811, 501685641, 33, 0, 1
5652, 501691293, 14, 0, 1
6102, 501697395, 22, 0, 1
5640, 501703035, 16, 0, 1
11817, 501714852, 38, 0, 1
5650, 501720502, 19, 0, 1
6132, 501726634, 20, 0, 1
5652, 501732286, 19, 0, 1
11799, 501744085, 34, 0, 1
909669, 502653754, 15824, 2690, 9
6714, 502660468, 71, 0, 1
6662, 502667130, 31, 0, 1
19148, 502686278, 404, 28, 1
6718, 502692996, 29, 0, 1
6702, 502699698, 24, 1, 1
8263, 502707961, 124, 9, 1
13249, 502721210, 65, 0, 1
6595, 502727805, 26, 0, 1
3036729, 3036729, 57937, 2061, 14
9673521, 12710250, 71920, 11092, 13
19687037, 32397287, 20277, 5053, 11
18798497, 51195784, 23931, 5196, 11
19616127, 70811911, 19020, 5172, 11
19573184, 90385095, 19947, 5284, 11
19317508, 109702603, 21384, 5195, 11
18444566, 128147169, 23414, 6357, 2
19474857, 147622026, 19636, 5092, 11
19485362, 167107388, 20042, 4914, 11
19420676, 186528064, 22445, 5071, 11
19559450, 206087514, 19843, 5273, 11
19622418, 225709932, 19970, 5135, 11
19484822, 245194754, 20938, 5033, 11
18691573, 263886327, 25222, 4956, 11
18850132, 282736459, 19028, 4803, 11
19438079, 302174538, 18972, 4932, 11
19408451, 321582989, 19068, 5029, 11
19629785, 341212774, 19399, 5258, 11
19597613, 360810387, 19231, 5122, 11
19678584, 380488971, 18957, 5087, 11
19613345, 400102316, 19149, 5215, 11
19690727, 419793043, 19506, 5198, 11
19698018, 439491061, 18966, 4913, 11
19649402, 459140463, 19061, 5022, 11
19591010, 478731473, 19698, 5306, 11
13545868, 492277341, 29942, 1474, 19
4089577, 496366918, 8563, 310, 6
5658, 496372576, 19, 0, 1
6138, 496378714, 20, 0, 1
11316, 496390030, 16, 0, 1
6159, 496396189, 28, 0, 1
5649, 496401838, 24, 0, 1
6096, 496407934, 27, 0, 1
11305, 496419239, 40, 0, 1
6160, 496425399, 19, 0, 1
5644, 496431043, 19, 0, 1
6151, 496437194, 18, 0, 1
11288, 496448482, 33, 0, 1
6141, 496454623, 22, 0, 1
5658, 496460281, 21, 0, 1
6107, 496466388, 21, 0, 1
11310, 496477698, 22, 0, 1
6167, 496483865, 17, 0, 1
5652, 496489517, 13, 0, 1
6132, 496495649, 19, 0, 1
11296, 496506945, 37, 0, 1
6136, 496513081, 23, 0, 1
5658, 496518739, 13, 0, 1
6121, 496524860, 23, 0, 1
11290, 496536150, 51, 0, 1
6152, 496542302, 20, 0, 1
5652, 496547954, 13, 0, 1
6138, 496554092, 14, 0, 1
11316, 496565408, 19, 0, 1
7523, 496572931, 111, 4, 1
5643, 496578574, 24, 0, 1
6138, 496584712, 15, 0, 1
11304, 496596016, 27, 0, 1
6160, 496602176, 22, 0, 1
5662, 496607838, 33, 0, 1
6108, 496613946, 28, 0, 1
11306, 496625252, 31, 0, 1
15242, 496640494, 317, 11, 1
5658, 496646152, 26, 0, 1
6126, 496652278, 20, 0, 1
11294, 496663572, 30, 0, 1
6160, 496669732, 16, 0, 1
5658, 496675390, 13, 0, 1
6145, 496681535, 19, 0, 1
11284, 496692819, 35, 0, 1
6142, 496698961, 17, 0, 1
5646, 496704607, 28, 0, 1
6095, 496710702, 26, 0, 1
11307, 496722009, 35, 0, 1
6186, 496728195, 17, 0, 1
5643, 496733838, 23, 0, 1
6135, 496739973, 24, 0, 1
11285, 496751258, 42, 0, 1
6148, 496757406, 26, 0, 1
5658, 496763064, 11, 0, 1
6138, 496769202, 25, 0, 1
11278, 496780480, 31, 0, 1
6117, 496786597, 23, 0, 1
5643, 496792240, 25, 0, 1
6138, 496798378, 19, 0, 1
11282, 496809660, 39, 0, 1
6173, 496815833, 18, 1, 1
5640, 496821473, 20, 0, 1
6130, 496827603, 34, 0, 1
11309, 496838912, 38, 0, 1
6160, 496845072, 17, 0, 1
5646, 496850718, 19, 0, 1
6126, 496856844, 20, 0, 1
11316, 496868160, 29, 0, 1
6173, 496874333, 19, 0, 1
5658, 496879991, 14, 0, 1
6131, 496886122, 26, 0, 1
11316, 496897438, 23, 0, 1
6160, 496903598, 19, 0, 1
6374, 496909972, 53, 0, 1
6774, 496916746, 50, 0, 1
12975, 496929721, 38, 0, 1
6601, 496936322, 20, 0, 1
5636, 496941958, 26, 0, 1
6125, 496948083, 22, 0, 1
13600, 496961683, 70, 0, 1
6090, 496967773, 26, 0, 1
6092, 496973865, 27, 0, 1
6123, 496979988, 17, 0, 1
12205, 496992193, 36, 0, 1
6116, 496998309, 19, 0, 1
6105, 497004414, 30, 0, 1
6121, 497010535, 26, 0, 1
12218, 497022753, 32, 0, 1
6107, 497028860, 27, 0, 1
6116, 497034976, 17, 0, 1
6116, 497041092, 14, 0, 1
12233, 497053325, 40, 0, 1
6123, 497059448, 14, 0, 1
6097, 497065545, 23, 0, 1
6095, 497071640, 28, 0, 1
12206, 497083846, 33, 0, 1
6098, 497089944, 23, 0, 1
5661, 497095605, 21, 0, 1
6138, 497101743, 16, 0, 1
11775, 497113518, 37, 0, 1
6138, 497119656, 17, 0, 1
5646, 497125302, 18, 0, 1
6128, 497131430, 26, 0, 1
11303, 497142733, 37, 0, 1
6160, 497148893, 15, 0, 1
5645, 497154538, 20, 0, 1
6151, 497160689, 15, 0, 1
11303, 497171992, 23, 0, 1
6160, 497178152, 13, 0, 1
5658, 497183810, 12, 0, 1
6135, 497189945, 32, 0, 1
11303, 497201248, 21, 0, 1
6173, 497207421, 21, 0, 1
5643, 497213064, 26, 0, 1
6138, 497219202, 16, 0, 1
11322, 497230524, 34, 0, 1
6160, 497236684, 16, 0, 1
5658, 497242342, 14, 0, 1
6145, 497248487, 19, 0, 1
11305, 497259792, 25, 0, 1
6160, 497265952, 15, 0, 1
5650, 497271602, 25, 0, 1
6127, 497277729, 31, 0, 1
11316, 497289045, 14, 0, 1
6173, 497295218, 17, 0, 1
5642, 497300860, 23, 0, 1
6132, 497306992, 20, 0, 1
11309, 497318301, 33, 0, 1
6163, 497324464, 29, 0, 1
5655, 497330119, 15, 0, 1
6122, 497336241, 31, 0, 1
12693, 497348934, 32, 0, 1
6137, 497355071, 24, 0, 1
5640, 497360711, 17, 0, 1
6132, 497366843, 20, 0, 1
11290, 497378133, 23, 0, 1
6152, 497384285, 24, 0, 1
5656, 497389941, 11, 1, 1
14338, 497404279, 274, 92, 1
11301, 497415580, 50, 0, 1
6160, 497421740, 15, 0, 1
5640, 497427380, 17, 0, 1
6128, 497433508, 24, 0, 1
11309, 497444817, 29, 0, 1
6173, 497450990, 16, 0, 1
5658, 497456648, 13, 0, 1
6126, 497462774, 16, 0, 1
11310, 497474084, 32, 0, 1
6153, 497480237, 22, 0, 1
5661, 497485898, 27, 0, 1
6161, 497492059, 34, 0, 1
11310, 497503369, 23, 0, 1
6154, 497509523, 19, 0, 1
5661, 497515184, 16, 0, 1
6128, 497521312, 31, 0, 1
11303, 497532615, 25, 0, 1
7061, 497539676, 92, 27, 1
5645, 497545321, 20, 0, 1
6107, 497551428, 24, 0, 1
11309, 497562737, 24, 0, 1
6163, 497568900, 21, 0, 1
5637, 497574537, 22, 0, 1
6125, 497580662, 17, 0, 1
11292, 497591954, 37, 0, 1
6156, 497598110, 30, 0, 1
5646, 497603756, 17, 0, 1
6114, 497609870, 19, 0, 1
11308, 497621178, 29, 0, 1
6159, 497627337, 22, 0, 1
5661, 497632998, 32, 0, 1
6151, 497639149, 17, 0, 1
11310, 497650459, 33, 0, 1
6160, 497656619, 17, 0, 1
5658, 497662277, 17, 0, 1
6126, 497668403, 22, 0, 1
11279, 497679682, 26, 0, 1
6173, 497685855, 13, 0, 1
5646, 497691501, 15, 0, 1
6119, 497697620, 20, 0, 1
11316, 497708936, 28, 0, 1
6160, 497715096, 12, 0, 1
5658, 497720754, 10, 0, 1
7535, 497728289, 32, 0, 1
11316, 497739605, 16, 0, 1
6160, 497745765, 16, 0, 1
5667, 497751432, 22, 0, 1
6138, 497757570, 26, 0, 1
11298, 497768868, 26, 0, 1
6173, 497775041, 16, 0, 1
5658, 497780699, 25, 0, 1
6138, 497786837, 17, 0, 1
11280, 497798117, 27, 0, 1
6154, 497804271, 15, 0, 1
5653, 497809924, 24, 0, 1
6138, 497816062, 15, 0, 1
11310, 497827372, 30, 0, 1
6167, 497833539, 16, 0, 1
5657, 497839196, 18, 0, 1
6141, 497845337, 23, 0, 1
11304, 497856641, 44, 0, 1
6160, 497862801, 15, 0, 1
5663, 497868464, 16, 0, 1
6177, 497874641, 15, 0, 1
11778, 497886419, 38, 0, 1
6124, 497892543, 26, 0, 1
5657, 497898200, 19, 0, 1
6130, 497904330, 27, 0, 1
11301, 497915631, 36, 0, 1
6173, 497921804, 17, 0, 1
5643, 497927447, 22, 0, 1
6138, 497933585, 16, 0, 1
11295, 497944880, 31, 0, 1
6160, 497951040, 15, 0, 1
5658, 497956698, 11, 0, 1
6130, 497962828, 27, 0, 1
11316, 497974144, 23, 0, 1
6153, 497980297, 23, 0, 1
5658, 497985955, 12, 0, 1
6129, 497992084, 28, 0, 1
11325, 498003409, 32, 0, 1
6167, 498009576, 19, 0, 1
5679, 498015255, 29, 0, 1
6138, 498021393, 17, 0, 1
11303, 498032696, 17, 0, 1
6160, 498038856, 17, 0, 1
5652, 498044508, 13, 0, 1
6151, 498050659, 33, 0, 1
11316, 498061975, 10, 0, 1
6159, 498068134, 28, 0, 1
5658, 498073792, 11, 0, 1
11777, 498085569, 28, 0, 1
5666, 498091235, 19, 0, 1
6160, 498097395, 15, 0, 1
7035, 498104430, 25, 0, 1
11808, 498116238, 25, 0, 1
5658, 498121896, 11, 0, 1
6154, 498128050, 22, 0, 1
5647, 498133697, 27, 0, 1
11759, 498145456, 34, 0, 1
5652, 498151108, 15, 0, 1
6143, 498157251, 24, 0, 1
5638, 498162889, 21, 0, 1
11796, 498174685, 17, 0, 1
5660, 498180345, 27, 0, 1
6160, 498186505, 17, 0, 1
5658, 498192163, 10, 0, 1
11789, 498203952, 30, 0, 1
5662, 498209614, 22, 0, 1
6160, 498215774, 17, 0, 1
5645, 498221419, 16, 0, 1
11769, 498233188, 33, 0, 1
5669, 498238857, 17, 0, 1
6179, 498245036, 24, 0, 1
5648, 498250684, 22, 0, 1
11796, 498262480, 20, 0, 1
5646, 498268126, 14, 0, 1
6162, 498274288, 31, 0, 1
5658, 498279946, 9, 0, 1
11787, 498291733, 39, 0, 1
5659, 498297392, 25, 0, 1
6149, 498303541, 18, 0, 1
5654, 498309195, 30, 0, 1
11796, 498320991, 17, 0, 1
5658, 498326649, 13, 0, 1
6152, 498332801, 26, 0, 1
5648, 498338449, 23, 0, 1
11802, 498350251, 28, 0, 1
5632, 498355883, 23, 0, 1
6157, 498362040, 29, 0, 1
5658, 498367698, 10, 0, 1
11770, 498379468, 40, 0, 1
5634, 498385102, 14, 0, 1
6173, 498391275, 16, 0, 1
5658, 498396933, 10, 0, 1
11748, 498408681, 32, 0, 1
5657, 498414338, 16, 0, 1
6160, 498420498, 19, 0, 1
5639, 498426137, 23, 0, 1
11797, 498437934, 25, 0, 1
5652, 498443586, 13, 0, 1
6160, 498449746, 24, 0, 1
5662, 498455408, 22, 0, 1
11800, 498467208, 42, 0, 1
5655, 498472863, 24, 0, 1
7550, 498480413, 28, 0, 1
5658, 498486071, 13, 0, 1
11759, 498497830, 33, 0, 1
5658, 498503488, 10, 0, 1
6152, 498509640, 26, 0, 1
5658, 498515298, 14, 0, 1
11790, 498527088, 23, 0, 1
5652, 498532740, 16, 0, 1
6161, 498538901, 16, 0, 1
5662, 498544563, 22, 0, 1
11753, 498556316, 33, 0, 1
5657, 498561973, 15, 0, 1
6142, 498568115, 21, 0, 1
5658, 498573773, 11, 0, 1
11778, 498585551, 36, 0, 1
5646, 498591197, 17, 0, 1
6148, 498597345, 19, 0, 1
5658, 498603003, 15, 0, 1
11796, 498614799, 31, 0, 1
5658, 498620457, 14, 0, 1
6192, 498626649, 20, 0, 1
5658, 498632307, 12, 0, 1
11788, 498644095, 28, 0, 1
5658, 498649753, 11, 0, 1
6154, 498655907, 22, 0, 1
5640, 498661547, 17, 0, 1
11796, 498673343, 30, 0, 1
5651, 498678994, 16, 0, 1
6142, 498685136, 23, 0, 1
5652, 498690788, 13, 0, 1
127077, 498817865, 4424, 1311, 1
796987, 499614852, 11351, 1417, 5
6738, 499621590, 64, 0, 1
6393, 499627983, 27, 0, 1
19089, 499647072, 401, 37, 1
6449, 499653521, 27, 0, 1
6660, 499660181, 27, 0, 1
8262, 499668443, 137, 7, 1
13004, 499681447, 46, 0, 1
6333, 499687780, 11, 0, 1
6642, 499694422, 23, 0, 1
1224224, 1224224, 27889, 722, 5
6017753, 7241977, 85422, 9596, 15
17862420, 25104397, 27977, 6080, 2
19266746, 44371143, 20229, 5040, 11
18876365, 63247508, 20701, 5072, 11
19503593, 82751101, 19706, 5282, 11
19423882, 102174983, 18045, 5075, 11
18568493, 120743476, 24086, 6572, 2
19039475, 139782951, 18606, 5004, 11
19665779, 159448730, 18985, 4957, 11
19050032, 178498762, 20676, 4904, 11
19500836, 197999598, 18888, 5048, 11
19546569, 217546167, 18839, 5140, 11
19482603, 237028770, 19945, 5175, 11
18712081, 255740851, 23847, 4844, 11
19325041, 275065892, 18715, 4911, 11
18965885, 294031777, 19095, 5002, 11
19302240, 313334017, 19201, 4941, 11
19629362, 332963379, 19112, 5263, 11
19667449, 352630828, 18991, 5107, 11
19518999, 372149827, 18973, 5043, 11
19635714, 391785541, 19915, 5208, 11
19634636, 411420177, 18770, 5207, 11
19626152, 431046329, 18771, 5086, 11
19660059, 450706388, 18836, 4974, 11
19617571, 470323959, 19390, 5232, 11
17262667, 487586626, 26753, 3635, 7
8733926, 496320552, 19161, 440, 12
6126, 496326678, 380, 5, 1
11789, 496338467, 46, 0, 1
5658, 496344125, 18, 0, 1
5652, 496349777, 15, 0, 1
6193, 496355970, 21, 0, 1
11795, 496367765, 34, 0, 1
5651, 496373416, 19, 0, 1
5657, 496379073, 15, 0, 1
6118, 496385191, 23, 0, 1
11809, 496397000, 20, 0, 1
5658, 496402658, 12, 0, 1
5658, 496408316, 11, 0, 1
6136, 496414452, 17, 0, 1
11771, 496426223, 38, 0, 1
5645, 496431868, 17, 0, 1
5658, 496437526, 11, 0, 1
6165, 496443691, 23, 0, 1
11790, 496455481, 30, 0, 1
7029, 496462510, 101, 8, 1
5658, 496468168, 14, 0, 1
6160, 496474328, 17, 0, 1
11797, 496486125, 37, 0, 1
5651, 496491776, 19, 0, 1
5652, 496497428, 13, 0, 1
6148, 496503576, 21, 0, 1
11778, 496515354, 24, 0, 1
5634, 496520988, 16, 0, 1
5646, 496526634, 15, 0, 1
20877, 496547511, 360, 10, 1
6126, 496553637, 27, 0, 1
5658, 496559295, 14, 0, 1
5658, 496564953, 17, 0, 1
11798, 496576751, 28, 0, 1
6132, 496582883, 21, 0, 1
5658, 496588541, 14, 0, 1
5658, 496594199, 10, 0, 1
11812, 496606011, 30, 0, 1
6138, 496612149, 22, 0, 1
5658, 496617807, 10, 0, 1
5633, 496623440, 17, 0, 1
11794, 496635234, 44, 0, 1
6139, 496641373, 25, 0, 1
5658, 496647031, 15, 0, 1
5657, 496652688, 14, 0, 1
11812, 496664500, 33, 0, 1
6132, 496670632, 23, 0, 1
5658, 496676290, 14, 0, 1
5658, 496681948, 14, 0, 1
11824, 496693772, 28, 0, 1
6132, 496699904, 24, 0, 1
5623, 496705527, 19, 0, 1
5645, 496711172, 17, 0, 1
11787, 496722959, 32, 0, 1
7052, 496730011, 94, 21, 1
5634, 496735645, 26, 0, 1
5658, 496741303, 9, 0, 1
11818, 496753121, 26, 0, 1
6138, 496759259, 14, 0, 1
5658, 496764917, 12, 0, 1
5658, 496770575, 13, 0, 1
11831, 496782406, 19, 0, 1
6138, 496788544, 16, 0, 1
5658, 496794202, 13, 0, 1
5658, 496799860, 14, 0, 1
11818, 496811678, 38, 0, 1
6136, 496817814, 27, 0, 1
5658, 496823472, 14, 1, 1
5658, 496829130, 12, 0, 1
11798, 496840928, 54, 0, 1
7508, 496848436, 46, 0, 1
5658, 496854094, 12, 0, 1
5658, 496859752, 16, 0, 1
12534, 496872286, 79, 1, 1
6644, 496878930, 32, 0, 1
6367, 496885297, 19, 0, 1
6333, 496891630, 19, 0, 1
12275, 496903905, 28, 0, 1
6138, 496910043, 18, 0, 1
6116, 496916159, 19, 0, 1
6123, 496922282, 20, 0, 1
12202, 496934484, 40, 0, 1
6116, 496940600, 18, 0, 1
6106, 496946706, 27, 0, 1
6116, 496952822, 20, 0, 1
12224, 496965046, 47, 0, 1
6129, 496971175, 19, 0, 1
6116, 496977291, 18, 0, 1
6116, 496983407, 20, 0, 1
12225, 496995632, 43, 0, 1
6116, 497001748, 17, 0, 1
6068, 497007816, 25, 0, 1
6103, 497013919, 29, 0, 1
12221, 497026140, 39, 0, 1
6116, 497032256, 19, 0, 1
6116, 497038372, 20, 0, 1
6097, 497044469, 23, 0, 1
11761, 497056230, 35, 0, 1
6138, 497062368, 17, 0, 1
6123, 497068491, 21, 0, 1
5634, 497074125, 19, 0, 1
11770, 497085895, 28, 0, 1
6132, 497092027, 19, 0, 1
5638, 497097665, 20, 0, 1
5658, 497103323, 14, 0, 1
11787, 497115110, 37, 0, 1
6152, 497121262, 20, 0, 1
5652, 497126914, 13, 0, 1
5651, 497132565, 21, 0, 1
11788, 497144353, 33, 0, 1
6120, 497150473, 21, 0, 1
5658, 497156131, 21, 0, 1
5652, 497161783, 17, 0, 1
11809, 497173592, 44, 0, 1
6126, 497179718, 22, 0, 1
5640, 497185358, 18, 0, 1
5652, 497191010, 17, 0, 1
11794, 497202804, 32, 0, 1
6151, 497208955, 22, 0, 1
5658, 497214613, 15, 0, 1
5657, 497220270, 20, 0, 1
13179, 497233449, 55, 0, 1
6118, 497239567, 26, 0, 1
5652, 497245219, 13, 0, 1
5658, 497250877, 11, 0, 1
11788, 497262665, 34, 0, 1
6138, 497268803, 18, 0, 1
5645, 497274448, 16, 0, 1
5658, 497280106, 14, 0, 1
11805, 497291911, 31, 0, 1
6090, 497298001, 20, 0, 1
5658, 497303659, 12, 0, 1
5649, 497309308, 20, 0, 1
11812, 497321120, 31, 0, 1
6132, 497327252, 22, 0, 1
5658, 497332910, 14, 0, 1
5658, 497338568, 11, 0, 1
11818, 497350386, 20, 0, 1
6151, 497356537, 13, 0, 1
5658, 497362195, 14, 0, 1
5658, 497367853, 10, 0, 1
11792, 497379645, 45, 0, 1
6126, 497385771, 24, 0, 1
5658, 497391429, 13, 0, 1
5658, 497397087, 13, 0, 1
11807, 497408894, 30, 0, 1
6119, 497415013, 23, 0, 1
5658, 497420671, 14, 0, 1
5658, 497426329, 11, 0, 1
11803, 497438132, 38, 0, 1
6151, 497444283, 26, 0, 1
5652, 497449935, 19, 0, 1
5657, 497455592, 20, 0, 1
11810, 497467402, 37, 0, 1
6132, 497473534, 24, 0, 1
5652, 497479186, 13, 0, 1
5651, 497484837, 21, 0, 1
11819, 497496656, 43, 0, 1
6138, 497502794, 21, 0, 1
5658, 497508452, 14, 0, 1
5657, 497514109, 18, 0, 1
11799, 497525908, 39, 0, 1
6113, 497532021, 28, 0, 1
5652, 497537673, 13, 0, 1
5658, 497543331, 23, 0, 1
11812, 497555143, 40, 0, 1
6132, 497561275, 18, 0, 1
5621, 497566896, 22, 0, 1
5652, 497572548, 15, 0, 1
11799, 497584347, 39, 0, 1
6144, 497590491, 26, 0, 1
5647, 497596138, 15, 0, 1
5658, 497601796, 19, 0, 1
13181, 497614977, 49, 1, 1
6145, 497621122, 17, 0, 1
5652, 497626774, 21, 0, 1
5658, 497632432, 14, 0, 1
11800, 497644232, 38, 0, 1
6130, 497650362, 25, 0, 1
5658, 497656020, 14, 0, 1
5658, 497661678, 16, 0, 1
11812, 497673490, 38, 0, 1
6151, 497679641, 19, 0, 1
5658, 497685299, 12, 0, 1
5658, 497690957, 9, 0, 1
11805, 497702762, 29, 0, 1
6114, 497708876, 22, 0, 1
5646, 497714522, 19, 0, 1
5651, 497720173, 16, 0, 1
11823, 497731996, 40, 0, 1
6132, 497738128, 17, 0, 1
5652, 497743780, 15, 0, 1
5657, 497749437, 14, 0, 1
11802, 497761239, 36, 0, 1
6096, 497767335, 25, 0, 1
5651, 497772986, 19, 0, 1
5632, 497778618, 21, 0, 1
11819, 497790437, 29, 0, 1
6131, 497796568, 19, 0, 1
5658, 497802226, 22, 0, 1
5652, 497807878, 23, 0, 1
11818, 497819696, 24, 0, 1
6151, 497825847, 16, 0, 1
5658, 497831505, 14, 0, 1
5658, 497837163, 14, 0, 1
11786, 497848949, 39, 0, 1
6138, 497855087, 19, 0, 1
5639, 497860726, 16, 0, 1
5658, 497866384, 19, 0, 1
11818, 497878202, 36, 0, 1
6119, 497884321, 20, 0, 1
5633, 497889954, 20, 0, 1
5658, 497895612, 24, 0, 1
11776, 497907388, 30, 0, 1
6139, 497913527, 16, 0, 1
5645, 497919172, 18, 0, 1
5652, 497924824, 17, 0, 1
11804, 497936628, 45, 0, 1
6114, 497942742, 22, 0, 1
5658, 497948400, 13, 0, 1
5658, 497954058, 14, 0, 1
11817, 497965875, 32, 0, 1
6138, 497972013, 23, 0, 1
5658, 497977671, 12, 0, 1
7035, 497984706, 29, 1, 1
11810, 497996516, 31, 0, 1
6131, 498002647, 21, 0, 1
5657, 498008304, 19, 0, 1
5657, 498013961, 20, 0, 1
11807, 498025768, 36, 0, 1
6137, 498031905, 25, 0, 1
5658, 498037563, 14, 0, 1
5658, 498043221, 19, 0, 1
11805, 498055026, 41, 0, 1
6145, 498061171, 21, 0, 1
5651, 498066822, 21, 0, 1
5658, 498072480, 18, 0, 1
11803, 498084283, 32, 0, 1
6137, 498090420, 23, 0, 1
5658, 498096078, 13, 0, 1
5658, 498101736, 12, 0, 1
11831, 498113567, 24, 0, 1
6138, 498119705, 19, 0, 1
5658, 498125363, 14, 0, 1
5658, 498131021, 15, 0, 1
11805, 498142826, 33, 0, 1
6151, 498148977, 21, 0, 1
5658, 498154635, 13, 0, 1
5658, 498160293, 13, 0, 1
11818, 498172111, 25, 0, 1
6138, 498178249, 21, 0, 1
5652, 498183901, 15, 0, 1
5651, 498189552, 19, 0, 1
11830, 498201382, 35, 0, 1
6138, 498207520, 14, 0, 1
5645, 498213165, 18, 0, 1
5658, 498218823, 13, 0, 1
11811, 498230634, 31, 0, 1
6132, 498236766, 22, 0, 1
5568, 498242334, 14, 0, 1
5652, 498247986, 14, 0, 1
11843, 498259829, 22, 0, 1
6114, 498265943, 21, 0, 1
5646, 498271589, 22, 0, 1
5652, 498277241, 16, 0, 1
11793, 498289034, 28, 0, 1
6151, 498295185, 15, 0, 1
5633, 498300818, 19, 0, 1
5633, 498306451, 25, 0, 1
11792, 498318243, 36, 0, 1
6138, 498324381, 17, 0, 1
5626, 498330007, 18, 0, 1
5658, 498335665, 11, 0, 1
11831, 498347496, 24, 0, 1
6145, 498353641, 18, 0, 1
7035, 498360676, 29, 0, 1
5658, 498366334, 14, 0, 1
11811, 498378145, 36, 0, 1
6145, 498384290, 19, 0, 1
5645, 498389935, 18, 0, 1
5646, 498395581, 16, 0, 1
11812, 498407393, 22, 0, 1
6138, 498413531, 16, 0, 1
5640, 498419171, 18, 0, 1
5651, 498424822, 20, 0, 1
11813, 498436635, 24, 0, 1
6138, 498442773, 16, 0, 1
5658, 498448431, 16, 0, 1
5657, 498454088, 19, 0, 1
11818, 498465906, 17, 0, 1
6138, 498472044, 17, 0, 1
5658, 498477702, 12, 0, 1
5658, 498483360, 13, 0, 1
11819, 498495179, 29, 0, 1
6131, 498501310, 29, 0, 1
5658, 498506968, 12, 0, 1
5658, 498512626, 12, 0, 1
11817, 498524443, 19, 0, 1
6151, 498530594, 20, 0, 1
5628, 498536222, 22, 0, 1
11798, 498548020, 32, 0, 1
5658, 498553678, 17, 0, 1
6132, 498559810, 17, 0, 1
5651, 498565461, 19, 0, 1
11836, 498577297, 30, 0, 1
5652, 498582949, 15, 0, 1
6131, 498589080, 24, 0, 1
5651, 498594731, 16, 0, 1
11798, 498606529, 46, 0, 1
5651, 498612180, 21, 0, 1
9503, 498621683, 182, 3, 1
869444, 499491127, 15308, 2423, 9
13345, 499504472, 118, 0, 1
12029, 499516501, 391, 34, 1
6664, 499523165, 40, 0, 1
7094, 499530259, 25, 0, 1
15080, 499545339, 143, 8, 1
6603, 499551942, 24, 0, 1
6202, 499558144, 28, 0, 1
2067631, 2067631, 46453, 1560, 4
7275995, 9343626, 81477, 10753, 13
19384818, 28728444, 19497, 5122, 11
18884759, 47613203, 22524, 5215, 11
19353049, 66966252, 17933, 5097, 11
19517541, 86483793, 18405, 5262, 11
19410818, 105894611, 17604, 5091, 11
18395023, 124289634, 24381, 6437, 2
19353172, 143642806, 18173, 5131, 11
19632888, 163275694, 18142, 5021, 11
19309045, 182584739, 20263, 5067, 11
19464210, 202048949, 19429, 5169, 11
19615068, 221664017, 18423, 5216, 11
19453421, 241117438, 18458, 5151, 11
18671432, 259788870, 24397, 4863, 11
19035040, 278823910, 18875, 4950, 11
19161657, 297985567, 19138, 5044, 11
19447017, 317432584, 18612, 4970, 11
19654743, 337087327, 18770, 5306, 11
19589059, 356676386, 19057, 5175, 11
19634574, 376310960, 18433, 5130, 11
19635637, 395946597, 18417, 5147, 11
19645683, 415592280, 18475, 5152, 11
19558550, 435150830, 18971, 4967, 11
19627402, 454778232, 18496, 4943, 11
19585411, 474363643, 18393, 5244, 11
16223013, 490586656, 31010, 2732, 7
5836842, 496423498, 11455, 345, 6
5644, 496429142, 38, 0, 1
6125, 496435267, 26, 0, 1
5658, 496440925, 14, 1, 1
11818, 496452743, 26, 0, 1
5646, 496458389, 17, 0, 1
6156, 496464545, 29, 0, 1
5658, 496470203, 9, 0, 1
11818, 496482021, 25, 0, 1
5658, 496487679, 12, 0, 1
6126, 496493805, 31, 0, 1
5655, 496499460, 18, 0, 1
11818, 496511278, 27, 0, 1
5650, 496516928, 17, 0, 1
6133, 496523061, 34, 0, 1
5658, 496528719, 12, 0, 1
11818, 496540537, 22, 0, 1
5658, 496546195, 13, 0, 1
6137, 496552332, 25, 0, 1
5622, 496557954, 20, 0, 1
11801, 496569755, 37, 0, 1
5631, 496575386, 19, 0, 1
6138, 496581524, 13, 0, 1
5643, 496587167, 25, 0, 1
13189, 496600356, 109, 5, 1
5658, 496606014, 15, 0, 1
6164, 496612178, 17, 0, 1
5627, 496617805, 21, 0, 1
11806, 496629611, 34, 0, 1
5658, 496635269, 12, 0, 1
6138, 496641407, 17, 0, 1
5656, 496647063, 24, 0, 1
11819, 496658882, 34, 0, 1
5640, 496664522, 20, 0, 1
6138, 496670660, 19, 0, 1
5658, 496676318, 10, 0, 1
11807, 496688125, 42, 0, 1
5636, 496693761, 23, 0, 1
15231, 496708992, 330, 13, 1
5651, 496714643, 28, 0, 1
11800, 496726443, 33, 0, 1
5659, 496732102, 16, 1, 1
6114, 496738216, 23, 0, 1
5628, 496743844, 17, 0, 1
11831, 496755675, 31, 0, 1
5651, 496761326, 20, 0, 1
6138, 496767464, 15, 0, 1
5646, 496773110, 11, 0, 1
11770, 496784880, 27, 0, 1
5652, 496790532, 11, 0, 1
6108, 496796640, 20, 0, 1
5640, 496802280, 14, 0, 1
11825, 496814105, 31, 0, 1
5658, 496819763, 10, 0, 1
6133, 496825896, 30, 0, 1
5657, 496831553, 23, 0, 1
11800, 496843353, 24, 0, 1
5656, 496849009, 21, 0, 1
6151, 496855160, 17, 0, 1
5651, 496860811, 19, 0, 1
11814, 496872625, 33, 0, 1
5646, 496878271, 12, 0, 1
6126, 496884397, 24, 0, 1
5651, 496890048, 22, 0, 1
11810, 496901858, 38, 0, 1
5644, 496907502, 23, 0, 1
6138, 496913640, 15, 0, 1
5658, 496919298, 13, 0, 1
11818, 496931116, 27, 0, 1
5658, 496936774, 22, 0, 1
6143, 496942917, 23, 0, 1
5658, 496948575, 11, 0, 1
11803, 496960378, 44, 0, 1
6374, 496966752, 60, 0, 1
6839, 496973591, 63, 0, 1
6624, 496980215, 33, 0, 1
14379, 496994594, 82, 0, 1
5652, 497000246, 30, 0, 1
6102, 497006348, 28, 0, 1
6116, 497012464, 19, 0, 1
12188, 497024652, 52, 0, 1
6116, 497030768, 19, 0, 1
6123, 497036891, 19, 0, 1
6129, 497043020, 18, 0, 1
12226, 497055246, 32, 0, 1
6086, 497061332, 21, 0, 1
6116, 497067448, 19, 0, 1
6104, 497073552, 22, 0, 1
12225, 497085777, 39, 0, 1
6129, 497091906, 18, 0, 1
6080, 497097986, 27, 0, 1
6105, 497104091, 33, 0, 1
12223, 497116314, 38, 0, 1
6086, 497122400, 24, 0, 1
6116, 497128516, 18, 0, 1
6095, 497134611, 28, 0, 1
12219, 497146830, 47, 0, 1
5656, 497152486, 23, 0, 1
6138, 497158624, 18, 0, 1
6119, 497164743, 26, 0, 1
11753, 497176496, 30, 0, 1
5646, 497182142, 15, 0, 1
6149, 497188291, 29, 0, 1
5646, 497193937, 26, 0, 1
11818, 497205755, 26, 0, 1
5654, 497211409, 24, 0, 1
6131, 497217540, 24, 0, 1
5652, 497223192, 22, 0, 1
11831, 497235023, 22, 0, 1
5658, 497240681, 13, 0, 1
6130, 497246811, 29, 0, 1
5658, 497252469, 12, 0, 1
11793, 497264262, 29, 0, 1
5645, 497269907, 18, 0, 1
6120, 497276027, 21, 0, 1
5658, 497281685, 14, 0, 1
11813, 497293498, 28, 0, 1
5648, 497299146, 28, 0, 1
6138, 497305284, 17, 0, 1
5645, 497310929, 19, 0, 1
11818, 497322747, 26, 0, 1
5634, 497328381, 23, 0, 1
6151, 497334532, 20, 0, 1
5658, 497340190, 14, 0, 1
11799, 497351989, 27, 0, 1
5661, 497357650, 24, 0, 1
6138, 497363788, 18, 0, 1
5651, 497369439, 27, 0, 1
13203, 497382642, 45, 0, 1
5643, 497388285, 26, 0, 1
6138, 497394423, 18, 0, 1
5645, 497400068, 15, 0, 1
11805, 497411873, 42, 0, 1
5658, 497417531, 10, 0, 1
6149, 497423680, 28, 0, 1
5643, 497429323, 23, 0, 1
11820, 497441143, 47, 0, 1
5658, 497446801, 13, 0, 1
6125, 497452926, 21, 0, 1
5661, 497458587, 23, 0, 1
11791, 497470378, 44, 0, 1
5652, 497476030, 14, 0, 1
6144, 497482174, 33, 0, 1
5658, 497487832, 11, 0, 1
11812, 497499644, 29, 0, 1
5651, 497505295, 18, 0, 1
6138, 497511433, 19, 0, 1
5646, 497517079, 13, 0, 1
11830, 497528909, 29, 0, 1
5662, 497534571, 26, 0, 1
6108, 497540679, 25, 0, 1
5658, 497546337, 15, 0, 1
11802, 497558139, 42, 0, 1
5658, 497563797, 10, 0, 1
6142, 497569939, 30, 0, 1
5643, 497575582, 24, 0, 1
11818, 497587400, 22, 0, 1
5658, 497593058, 10, 0, 1
6138, 497599196, 18, 0, 1
5658, 497604854, 14, 0, 1
11831, 497616685, 24, 0, 1
5652, 497622337, 23, 0, 1
6138, 497628475, 19, 0, 1
5621, 497634096, 20, 0, 1
11803, 497645899, 42, 0, 1
5678, 497651577, 30, 0, 1
6151, 497657728, 18, 0, 1
11319, 497669047, 39, 0, 1
6160, 497675207, 16, 0, 1
5637, 497680844, 20, 0, 1
6101, 497686945, 24, 0, 1
11315, 497698260, 24, 0, 1
6165, 497704425, 27, 0, 1
5658, 497710083, 10, 0, 1
6144, 497716227, 32, 0, 1
11316, 497727543, 17, 0, 1
6160, 497733703, 17, 0, 1
5661, 497739364, 26, 0, 1
6125, 497745489, 22, 0, 1
12692, 497758181, 44, 0, 1
6186, 497764367, 19, 0, 1
5667, 497770034, 32, 0, 1
6145, 497776179, 20, 0, 1
11316, 497787495, 19, 0, 1
6151, 497793646, 25, 0, 1
5657, 497799303, 19, 0, 1
6146, 497805449, 28, 0, 1
11309, 497816758, 24, 0, 1
6153, 497822911, 23, 0, 1
5646, 497828557, 15, 0, 1
6120, 497834677, 23, 0, 1
11280, 497845957, 24, 0, 1
6167, 497852124, 20, 0, 1
5643, 497857767, 26, 0, 1
6132, 497863899, 20, 0, 1
11316, 497875215, 20, 0, 1
6142, 497881357, 21, 0, 1
5658, 497887015, 12, 0, 1
6148, 497893163, 29, 0, 1
11291, 497904454, 27, 0, 1
6160, 497910614, 13, 0, 1
5640, 497916254, 14, 0, 1
6125, 497922379, 22, 0, 1
11770, 497934149, 42, 0, 1
6133, 497940282, 21, 0, 1
5658, 497945940, 10, 0, 1
6120, 497952060, 23, 0, 1
11301, 497963361, 38, 0, 1
6129, 497969490, 23, 0, 1
5651, 497975141, 20, 0, 1
6137, 497981278, 23, 0, 1
11327, 497992605, 43, 0, 1
6165, 497998770, 26, 0, 1
5658, 498004428, 14, 0, 1
6124, 498010552, 31, 0, 1
11316, 498021868, 24, 0, 1
6142, 498028010, 19, 0, 1
5627, 498033637, 21, 0, 1
6151, 498039788, 18, 0, 1
11283, 498051071, 34, 0, 1
6160, 498057231, 17, 0, 1
5651, 498062882, 21, 0, 1
6138, 498069020, 19, 0, 1
11310, 498080330, 42, 0, 1
6173, 498086503, 18, 0, 1
5658, 498092161, 10, 0, 1
6120, 498098281, 22, 0, 1
11315, 498109596, 36, 0, 1
6159, 498115755, 24, 0, 1
5641, 498121396, 25, 0, 1
7542, 498128938, 36, 0, 1
11274, 498140212, 34, 0, 1
6146, 498146358, 26, 0, 1
5640, 498151998, 19, 0, 1
6143, 498158141, 23, 0, 1
11303, 498169444, 25, 0, 1
6173, 498175617, 15, 0, 1
5650, 498181267, 27, 0, 1
6125, 498187392, 23, 0, 1
11310, 498198702, 23, 0, 1
6160, 498204862, 13, 0, 1
5646, 498210508, 17, 0, 1
6124, 498216632, 32, 0, 1
11309, 498227941, 30, 0, 1
6171, 498234112, 22, 0, 1
5659, 498239771, 28, 0, 1
6116, 498245887, 30, 0, 1
11316, 498257203, 19, 0, 1
6145, 498263348, 27, 0, 1
5642, 498268990, 25, 0, 1
6144, 498275134, 27, 0, 1
11311, 498286445, 38, 0, 1
6160, 498292605, 16, 0, 1
5658, 498298263, 14, 0, 1
6127, 498304390, 33, 0, 1
11257, 498315647, 41, 0, 1
6173, 498321820, 15, 0, 1
5658, 498327478, 11, 0, 1
6141, 498333619, 35, 0, 1
11298, 498344917, 25, 0, 1
6160, 498351077, 17, 0, 1
5651, 498356728, 19, 0, 1
6151, 498362879, 18, 0, 1
11309, 498374188, 27, 0, 1
6160, 498380348, 16, 0, 1
5651, 498385999, 23, 0, 1
6121, 498392120, 30, 0, 1
11297, 498403417, 27, 0, 1
6153, 498409570, 24, 0, 1
5642, 498415212, 26, 0, 1
6125, 498421337, 22, 0, 1
11304, 498432641, 24, 0, 1
6159, 498438800, 24, 0, 1
5657, 498444457, 22, 0, 1
6131, 498450588, 25, 0, 1
11310, 498461898, 29, 0, 1
6173, 498468071, 15, 0, 1
5657, 498473728, 22, 0, 1
6124, 498479852, 28, 0, 1
11297, 498491149, 30, 0, 1
6142, 498497291, 21, 0, 1
7016, 498504307, 34, 0, 1
6140, 498510447, 34, 0, 1
11794, 498522241, 46, 0, 1
6101, 498528342, 26, 0, 1
5652, 498533994, 20, 0, 1
6125, 498540119, 25, 0, 1
11307, 498551426, 29, 0, 1
6173, 498557599, 16, 0, 1
5651, 498563250, 18, 0, 1
6114, 498569364, 23, 0, 1
11310, 498580674, 22, 0, 1
6156, 498586830, 26, 0, 1
5654, 498592484, 24, 0, 1
6151, 498598635, 17, 0, 1
11291, 498609926, 25, 0, 1
6154, 498616080, 14, 0, 1
5656, 498621736, 19, 0, 1
6125, 498627861, 21, 0, 1
11264, 498639125, 39, 0, 1
6173, 498645298, 15, 0, 1
5657, 498650955, 20, 0, 1
6136, 498657091, 26, 0, 1
11308, 498668399, 27, 0, 1
6132, 498674531, 25, 0, 1
5658, 498680189, 16, 0, 1
6138, 498686327, 13, 0, 1
11312, 498697639, 36, 0, 1
6173, 498703812, 15, 0, 1
5658, 498709470, 14, 0, 1
6138, 498715608, 17, 0, 1
11324, 498726932, 41, 0, 1
6160, 498733092, 17, 0, 1
5633, 498738725, 21, 0, 1
6151, 498744876, 18, 0, 1
11311, 498756187, 37, 0, 1
702542, 499458729, 12358, 2515, 9
201447, 499660176, 3308, 161, 1
6442, 499666618, 41, 0, 1
13408, 499680026, 54, 0, 1
12084, 499692110, 366, 44, 1
6659, 499698769, 48, 0, 1
6701, 499705470, 31, 0, 1
14654, 499720124, 149, 9, 1
6625, 499726749, 27, 0, 1
