0,1,183062625.08,2967176654.3650727
11,183062626.08,220667356.87,3671114250.0599723
0,220667357.87,283567023.14,2967176654.3650727
5,283567024.14,3529696791.95,2889592776.231653
13,3529696792.95,3613033356.5999994,2697371521.4486256
5,3613033357.5999994,3640749679.549999,2889592776.231653
13,3640749680.549999,3832855905.099999,2697371521.4486256
2,3832855906.099999,3851040979.5499988,2644991375.7880425
6,3851040980.5499988,3875248122.559999,2131834795.7711167
14,3875248123.559999,3895454163.869999,2446824213.8627768
3,3895454164.869999,3906973325.239999,1443023607.5620902
8,3906973326.239999,3927704487.099999,498751948.10867727
10,3927704488.099999,3960929233.159999,797661017.4990699
12,3960929234.159999,3972483033.819999,746610001.8476557
10,3972483034.819999,3979233072.307724,797661017.4990699
8,3979233073.307724,3990853886.807724,498751948.10867727
10,3990853887.807724,4016158137.807724,797661017.4990699
12,4016158138.807724,4032848862.807724,746610001.8476557
10,4032848863.807724,4032857776.807724,797661017.4990699
