3539966 3539966 70058 4121
9967134 13507100 60048 13089
19271749 32778849 20265 5394
18553030 51331879 23905 5930
19333434 70665313 18233 5357
19451709 90117022 17053 5436
18273402 108390424 23417 7601
18598561 126988985 18273 5189
19318770 146307755 18769 5481
19518833 165826588 20154 5858
19459672 185286260 18146 5471
19232569 204518829 18822 5409
19407613 223926442 18841 5402
18832748 242759190 19766 5370
18815280 261574470 23768 5398
18621117 280195587 19614 5144
19356708 299552295 19814 5387
19577204 319129499 19660 5423
19566912 338696411 19509 5446
19516948 358213359 19195 5518
19521650 377735009 19763 5460
19555254 397290263 19214 5465
19554933 416845196 19506 5432
19543108 436388304 19308 5324
19517664 455905968 20573 5400
19536380 475442348 19423 5494
15426661 490869009 30807 3169
5481778 496350787 10750 848
11796 496362583 415 45
6145 496368728 27 0
5654 496374382 23 0
11778 496386160 41 0
5652 496391812 13 0
6136 496397948 28 2
5636 496403584 24 0
11778 496415362 36 0
5652 496421014 15 0
6142 496427156 27 0
5651 496432807 16 0
13163 496445970 137 37
5663 496451633 20 0
6124 496457757 29 0
5658 496463415 14 0
11808 496475223 42 2
5651 496480874 20 0
6160 496487034 15 0
5654 496492688 29 0
11772 496504460 59 0
5658 496510118 11 0
6173 496516291 20 2
5651 496521942 28 0
11748 496533690 50 4
5658 496539348 9 0
6160 496545508 14 0
5678 496551186 31 0
11809 496562995 37 0
5658 496568653 10 0
6160 496574813 21 2
5641 496580454 30 0
11765 496592219 32 0
5656 496597875 22 0
6173 496604048 19 0
5658 496609706 14 0
11780 496621486 50 2
5658 496627144 12 0
6149 496633293 31 1
5632 496638925 26 0
11784 496650709 34 0
5658 496656367 12 0
6186 496662553 15 0
5656 496668209 30 0
11796 496680005 28 1
5652 496685657 17 0
6159 496691816 31 0
5649 496697465 42 7
11797 496709262 48 16
5633 496714895 27 0
6133 496721028 30 0
6109 496727137 34 3
12220 496739357 54 0
5659 496745016 35 16
6151 496751167 23 2
5658 496756825 13 1
11816 496768641 59 6
5658 496774299 12 0
6128 496780427 34 0
5652 496786079 13 0
20900 496806979 623 503
5652 496812631 15 0
6140 496818771 34 0
5658 496824429 19 3
13141 496837570 95 14
5652 496843222 19 0
6173 496849395 18 1
5658 496855053 15 0
11787 496866840 48 3
5658 496872498 10 0
6136 496878634 30 1
5658 496884292 27 7
11796 496896088 37 4
5652 496901740 18 0
6173 496907913 23 0
5656 496913569 28 1
12262 496925831 60 0
6374 496932205 69 2
6612 496938817 43 5
6655 496945472 33 9
16507 496961979 256 64
6116 496968095 19 0
6116 496974211 20 0
6108 496980319 28 0
12214 496992533 46 0
6087 496998620 27 0
6116 497004736 20 0
6116 497010852 19 0
12219 497023071 46 0
6106 497029177 34 0
6102 497035279 31 0
6116 497041395 27 0
12249 497053644 42 0
6097 497059741 25 0
6115 497065856 30 0
6103 497071959 25 0
12217 497084176 53 0
6116 497090292 18 0
6129 497096421 21 0
6124 497102545 32 0
12225 497114770 36 0
6115 497120885 26 0
6116 497127001 20 0
6116 497133117 18 0
12246 497145363 39 0
5658 497151021 15 0
6138 497157159 19 0
5658 497162817 15 0
11784 497174601 30 0
5658 497180259 12 0
6160 497186419 18 0
5658 497192077 13 0
11809 497203886 29 0
5652 497209538 16 0
6154 497215692 25 0
7035 497222727 63 8
11778 497234505 37 0
5671 497240176 31 0
6166 497246342 29 0
5658 497252000 14 0
11791 497263791 47 1
5650 497269441 24 0
6160 497275601 17 0
5658 497281259 16 0
11811 497293070 43 0
5663 497298733 23 0
6148 497304881 24 0
5651 497310532 18 0
11777 497322309 45 0
5648 497327957 25 0
6170 497334127 29 0
5658 497339785 13 0
11799 497351584 41 0
5658 497357242 14 0
6142 497363384 24 0
5658 497369042 14 0
11798 497380840 45 0
5658 497386498 12 0
6177 497392675 33 0
5658 497398333 21 0
11798 497410131 39 0
5656 497415787 23 0
6151 497421938 30 0
5657 497427595 22 0
11814 497439409 48 8
5658 497445067 8 0
6160 497451227 16 0
5658 497456885 12 0
11795 497468680 34 0
5652 497474332 13 0
6153 497480485 25 0
5650 497486135 20 0
11794 497497929 36 0
5651 497503580 16 0
6141 497509721 23 0
5646 497515367 18 0
11803 497527170 35 0
5644 497532814 24 0
6145 497538959 33 0
5652 497544611 21 0
11796 497556407 38 16
5659 497562066 31 3
6173 497568239 25 0
5658 497573897 14 0
11789 497585686 33 0
5658 497591344 11 0
7537 497598881 55 9
5665 497604546 31 0
11796 497616342 24 0
5662 497622004 18 0
6173 497628177 22 0
5648 497633825 26 0
11795 497645620 31 0
5652 497651272 12 0
6152 497657424 33 0
5658 497663082 14 0
11785 497674867 33 0
5646 497680513 18 0
6135 497686648 25 0
5646 497692294 20 0
11778 497704072 37 0
5652 497709724 12 0
6173 497715897 19 0
5651 497721548 20 0
11791 497733339 46 0
5658 497738997 9 0
6146 497745143 29 0
5655 497750798 25 0
11809 497762607 24 0
5655 497768262 20 0
6157 497774419 28 0
5658 497780077 13 0
11777 497791854 38 0
5658 497797512 11 0
6186 497803698 25 0
6374 497810072 20 1
16233 497826305 156 12
6327 497832632 21 0
6604 497839236 33 0
5658 497844894 16 0
11793 497856687 36 0
5658 497862345 12 0
6173 497868518 14 0
5658 497874176 13 0
11803 497885979 21 0
5658 497891637 11 0
6148 497897785 25 0
5658 497903443 23 0
11822 497915265 46 0
5657 497920922 25 0
6160 497927082 29 0
5652 497932734 15 0
12220 497944954 54 0
5663 497950617 24 0
6139 497956756 20 0
5651 497962407 15 0
11783 497974190 31 0
7033 497981223 57 1
6141 497987364 38 2
5657 497993021 18 0
11802 498004823 27 0
5658 498010481 10 0
6129 498016610 28 0
5667 498022277 19 0
11794 498034071 24 0
5657 498039728 17 0
6149 498045877 22 0
11787 498057664 36 0
5628 498063292 14 0
5663 498068955 21 0
6142 498075097 17 0
11777 498086874 42 0
5643 498092517 25 0
5649 498098166 21 0
6173 498104339 17 0
11799 498116138 39 0
5652 498121790 18 0
5657 498127447 22 0
6160 498133607 16 0
11791 498145398 26 0
5634 498151032 19 0
5657 498156689 16 0
6135 498162824 28 0
11796 498174620 34 0
5628 498180248 17 0
5652 498185900 22 0
6171 498192071 30 0
11798 498203869 35 0
5658 498209527 13 0
5637 498215164 21 0
6156 498221320 31 0
11808 498233128 35 0
5658 498238786 11 0
5658 498244444 12 0
6148 498250592 20 0
11775 498262367 38 0
5633 498268000 22 0
5663 498273663 26 0
6173 498279836 18 0
11766 498291602 36 0
5652 498297254 20 0
5658 498302912 13 0
6160 498309072 18 0
11764 498320836 38 0
5658 498326494 12 0
5661 498332155 19 0
6170 498338325 25 0
11784 498350109 32 0
7022 498357131 56 1
5658 498362789 10 0
6151 498368940 28 0
11779 498380719 31 0
5658 498386377 18 0
5651 498392028 19 0
6154 498398182 19 0
11768 498409950 43 0
5656 498415606 23 0
5658 498421264 13 0
6176 498427440 26 0
11796 498439236 33 0
5658 498444894 13 0
5652 498450546 13 0
6153 498456699 22 0
11825 498468524 50 0
5658 498474182 10 1
5657 498479839 17 0
6147 498485986 28 0
11777 498497763 35 0
5658 498503421 12 0
5658 498509079 10 0
6172 498515251 19 0
11794 498527045 38 0
5658 498532703 14 0
5658 498538361 11 0
6160 498544521 17 0
11796 498556317 23 0
5634 498561951 16 0
5657 498567608 16 0
6188 498573796 22 0
11786 498585582 44 0
5648 498591230 22 0
5658 498596888 11 0
6148 498603036 27 0
11803 498614839 32 0
5658 498620497 10 0
5658 498626155 11 0
6122 498632277 21 0
11783 498644060 27 0
5652 498649712 11 0
5633 498655345 20 0
6173 498661518 15 0
11795 498673313 32 0
5658 498678971 10 0
5652 498684623 15 0
6142 498690765 20 0
11797 498702562 30 0
5646 498708208 16 0
5658 498713866 12 0
6154 498720020 28 0
13159 498733179 63 1
5645 498738824 17 0
5658 498744482 10 0
6173 498750655 16 0
11802 498762457 37 0
5658 498768115 10 0
5652 498773767 14 0
6135 498779902 21 0
11778 498791680 33 0
891360 499683040 15546 5170
6413 499689453 52 2
6827 499696280 58 1
18369 499714649 445 175
6742 499721391 34 0
6647 499728038 35 2
7988 499736026 145 19
13281 499749307 57 0
6602 499755909 26 0
3360977 3360977 65171 4982
9271039 12632016 65463 13084
17163999 29796015 19456 5387
8389999 38186014 7282 1867
18911809 57097823 20617 5211
19299907 76397730 17565 5435
18067148 94464878 23902 7156
18983537 113448415 17576 5291
18948572 132396987 18200 5231
19301139 151698126 17987 5300
19369239 171067365 20879 5867
19173981 190241346 18899 5334
19204527 209445873 18319 5337
19191642 228637515 18180 5293
18723202 247360717 20263 5266
18373991 265734708 23335 5243
18966302 284701010 19243 5236
19314755 304015765 18960 5338
19321751 323337516 19092 5295
19432824 342770340 18967 5481
19394942 362165282 18658 5380
19381493 381546775 18839 5416
19359098 400905873 19599 5494
19447857 420353730 18603 5424
19444808 439798538 18512 5374
19336214 459134752 18652 5347
19398719 478533471 19371 5346
14836629 493370100 30164 2656
5011668 498381768 10079 888
6132 498387900 335 37
11775 498399675 49 2
6138 498405813 18 0
5628 498411441 24 1
5658 498417099 10 0
11811 498428910 46 0
6138 498435048 15 0
5641 498440689 26 0
5658 498446347 11 0
11822 498458169 40 0
6113 498464282 25 0
5658 498469940 15 0
5658 498475598 12 0
11804 498487402 37 0
6164 498493566 16 0
5646 498499212 18 0
5658 498504870 15 0
11774 498516644 47 2
6138 498522782 18 0
5642 498528424 26 0
5651 498534075 18 0
20902 498554977 502 308
7515 498562492 96 17
5658 498568150 14 0
5658 498573808 9 0
11794 498585602 31 3
6151 498591753 18 0
5658 498597411 12 0
5658 498603069 11 0
11806 498614875 33 2
6138 498621013 15 0
5627 498626640 23 2
5658 498632298 16 0
11813 498644111 39 0
6138 498650249 20 0
5658 498655907 16 3
5658 498661565 24 0
11793 498673358 31 1
6138 498679496 17 0
5658 498685154 15 1
5667 498690821 22 0
11824 498702645 35 0
6138 498708783 16 0
5646 498714429 15 0
5658 498720087 12 0
11817 498731904 38 6
6151 498738055 19 0
6116 498744171 33 5
5656 498749827 29 0
12244 498762071 67 1
6109 498768180 27 0
6115 498774295 28 2
5658 498779953 23 1
11811 498791764 40 3
6106 498797870 31 0
5658 498803528 17 6
5658 498809186 10 0
11818 498821004 34 0
6151 498827155 19 0
5638 498832793 28 1
5658 498838451 11 0
11800 498850251 41 0
6132 498856383 24 0
5632 498862015 25 2
5652 498867667 15 0
11843 498879510 44 0
6113 498885623 21 0
5658 498891281 20 7
5658 498896939 10 0
11797 498908736 70 4
6132 498914868 23 0
5658 498920526 24 11
5662 498926188 20 0
13208 498939396 73 35
6138 498945534 35 0
6116 498951650 23 0
6355 498958005 74 2
13271 498971276 70 17
6596 498977872 22 0
6579 498984451 23 0
6097 498990548 28 0
12212 499002760 47 0
6129 499008889 37 0
6116 499015005 19 0
6139 499021144 33 0
12231 499033375 39 0
6115 499039490 23 0
6107 499045597 26 0
6116 499051713 32 0
12232 499063945 34 0
6109 499070054 24 0
6106 499076160 27 0
6110 499082270 24 0
12231 499094501 30 0
6102 499100603 27 0
6116 499106719 19 0
6116 499112835 16 0
12221 499125056 38 1
6116 499131172 18 0
6116 499137288 16 0
12198 499149486 40 0
6116 499155602 16 0
6116 499161718 17 0
6129 499167847 17 0
11796 499179643 28 0
5652 499185295 11 0
6132 499191427 18 0
5622 499197049 22 0
11818 499208867 31 0
5640 499214507 17 0
6125 499220632 26 0
5627 499226259 20 0
11818 499238077 27 0
5658 499243735 11 0
6138 499249873 16 0
5656 499255529 22 0
11814 499267343 44 0
5658 499273001 14 0
6138 499279139 19 0
5652 499284791 13 0
11794 499296585 27 0
5658 499302243 12 0
6139 499308382 23 0
5658 499314040 12 0
13186 499327226 48 0
5652 499332878 15 0
6138 499339016 15 0
5657 499344673 22 0
11819 499356492 25 0
5658 499362150 11 0
6138 499368288 17 0
5631 499373919 25 0
11778 499385697 39 0
5658 499391355 14 0
6138 499397493 18 0
5658 499403151 12 1
11811 499414962 33 0
5658 499420620 12 0
6118 499426738 27 0
5626 499432364 20 0
11818 499444182 24 0
5652 499449834 16 0
6124 499455958 26 0
5616 499461574 23 0
11804 499473378 42 0
5658 499479036 13 0
6138 499485174 15 0
5633 499490807 20 0
11831 499502638 23 0
5658 499508296 11 0
6121 499514417 32 0
5652 499520069 17 0
11813 499531882 49 0
5658 499537540 10 0
6135 499543675 28 0
5646 499549321 15 0
11817 499561138 32 0
5652 499566790 18 0
6138 499572928 17 0
5658 499578586 11 0
11822 499590408 27 0
5658 499596066 11 0
6145 499602211 14 0
5658 499607869 13 0
11812 499619681 50 0
5658 499625339 9 0
6138 499631477 15 0
5625 499637102 22 1
11846 499648948 40 0
5658 499654606 14 0
6138 499660744 14 0
5631 499666375 20 0
11811 499678186 33 0
5632 499683818 24 0
6151 499689969 16 0
5651 499695620 20 0
13184 499708804 51 0
5658 499714462 11 0
6132 499720594 19 0
5656 499726250 22 0
11821 499738071 40 0
5657 499743728 26 0
6138 499749866 17 0
5658 499755524 13 0
11830 499767354 51 0
5661 499773015 22 0
6151 499779166 18 0
5642 499784808 25 0
11812 499796620 27 0
5658 499802278 13 0
6134 499808412 29 0
5658 499814070 13 0
11825 499825895 25 0
5658 499831553 12 0
6138 499837691 18 0
5651 499843342 18 0
11812 499855154 39 0
5658 499860812 13 0
6141 499866953 24 0
5652 499872605 20 0
11831 499884436 29 4
5662 499890098 30 0
6138 499896236 17 0
5658 499901894 14 0
11823 499913717 37 0
5658 499919375 12 2
6156 499925531 23 0
6115 499931646 27 0
11772 499943418 38 0
5658 499949076 13 0
6131 499955207 22 0
5658 499960865 11 0
11831 499972696 28 0
5658 499978354 15 0
6120 499984474 20 0
5646 499990120 20 0
11812 500001932 31 0
5652 500007584 14 0
6164 500013748 17 0
5658 500019406 11 0
11794 500031200 32 0
5658 500036858 12 0
6125 500042983 24 0
5657 500048640 18 0
11820 500060460 27 0
5658 500066118 11 0
6138 500072256 17 0
7023 500079279 27 0
11801 500091080 44 0
5652 500096732 16 0
6132 500102864 17 0
5652 500108516 17 0
11811 500120327 34 0
5658 500125985 12 0
6138 500132123 15 0
5658 500137781 12 0
11800 500149581 34 0
5645 500155226 19 0
7044 500162270 98 50
5657 500167927 23 0
11818 500179745 22 0
5658 500185403 13 0
6114 500191517 25 0
5658 500197175 18 0
11817 500208992 41 0
5646 500214638 27 0
6138 500220776 17 0
5658 500226434 14 0
11806 500238240 34 0
5658 500243898 15 0
6145 500250043 20 0
5652 500255695 15 0
11802 500267497 39 0
5658 500273155 12 0
6138 500279293 17 0
5620 500284913 18 0
11824 500296737 32 0
5658 500302395 16 0
6138 500308533 17 0
5657 500314190 19 0
11794 500325984 38 0
5651 500331635 15 0
6143 500337778 31 0
5646 500343424 13 0
11819 500355243 30 0
5652 500360895 15 0
6138 500367033 16 0
5640 500372673 17 0
11806 500384479 38 0
5651 500390130 25 0
6164 500396294 21 0
5634 500401928 21 0
11817 500413745 42 0
5657 500419402 17 0
6138 500425540 19 0
5657 500431197 21 0
11824 500443021 43 0
5628 500448649 21 0
7515 500456164 29 0
5645 500461809 23 0
11800 500473609 28 0
5658 500479267 15 1
6151 500485418 14 0
5658 500491076 13 0
11818 500502894 22 0
5658 500508552 12 0
6138 500514690 16 0
5658 500520348 13 0
11831 500532179 29 0
5658 500537837 10 0
6138 500543975 16 0
5652 500549627 16 0
11817 500561444 37 0
5658 500567102 11 0
6138 500573240 15 0
5658 500578898 15 0
11831 500590729 26 0
5658 500596387 13 0
6138 500602525 15 0
5658 500608183 15 0
11805 500619988 32 0
5656 500625644 32 0
6145 500631789 22 0
5652 500637441 12 0
11818 500649259 25 0
5652 500654911 14 0
6137 500661048 22 0
5658 500666706 13 0
11813 500678519 27 0
5646 500684165 20 0
6138 500690303 18 0
5638 500695941 24 0
11805 500707746 33 0
5652 500713398 15 0
6121 500719519 22 0
5657 500725176 15 0
11799 500736975 46 0
902790 501639765 15755 5167
6439 501646204 60 10
6662 501652866 33 6
18271 501671137 410 153
6399 501677536 36 6
7052 501684588 46 7
6393 501690981 16 1
14904 501705885 185 34
2500497 2500497 51686 3880
8329813 10830310 76444 14070
19256319 30086629 19102 5373
6641958 36728587 7919 2057
19250989 55979576 21208 5307
19552068 75531644 18102 5345
18474893 94006537 24011 7535
19125121 113131658 19162 5374
19112842 132244500 18668 5359
19418827 151663327 18431 5363
19630307 171293634 20143 5760
19527159 190820793 19527 5418
19536978 210357771 18570 5418
19453773 229811544 18649 5456
18936649 248748193 18978 5201
18568230 267316423 24788 5385
19020818 286337241 19247 5256
19568785 305906026 18843 5249
19569088 325475114 18899 5457
19597363 345072477 19884 5476
19533724 364606201 18549 5366
19581796 384187997 19129 5464
19469578 403657575 18802 5432
19608041 423265616 19286 5367
19616362 442881978 18522 5303
19509985 462391963 19820 5467
19484569 481876532 19345 5369
12990862 494867394 29976 1889
3591440 498458834 7775 802
6999 498465833 123 35
6138 498471971 25 1
11788 498483759 46 1
5658 498489417 13 0
5652 498495069 19 0
6160 498501229 17 0
11766 498512995 36 0
5658 498518653 14 0
5658 498524311 15 0
6186 498530497 17 0
11788 498542285 34 0
5640 498547925 23 2
5658 498553583 9 0
6160 498559743 18 0
11784 498571527 46 0
5643 498577170 30 0
5658 498582828 12 0
6160 498588988 18 1
11790 498600778 37 0
5651 498606429 23 1
5658 498612087 13 0
6173 498618260 22 3
11769 498630029 45 0
5655 498635684 29 0
5658 498641342 17 0
6142 498647484 22 0
11790 498659274 35 0
5658 498664932 13 0
5658 498670590 11 2
6160 498676750 24 0
11783 498688533 30 0
5658 498694191 13 3
5660 498699851 28 0
6128 498705979 26 0
11818 498717797 37 0
5658 498723455 13 1
5658 498729113 12 0
11815 498740928 44 1
6121 498747049 27 1
5652 498752701 17 0
5658 498758359 12 0
11830 498770189 35 0
6121 498776310 22 0
5658 498781968 14 1
5658 498787626 20 0
11817 498799443 51 18
6138 498805581 21 0
5646 498811227 39 23
5658 498816885 11 0
12246 498829131 48 1
6116 498835247 19 0
7471 498842718 61 22
5658 498848376 18 0
11802 498860178 48 0
6138 498866316 19 0
5646 498871962 21 0
5658 498877620 12 0
11807 498889427 54 1
6138 498895565 19 0
5650 498901215 24 4
5658 498906873 13 0
11832 498918705 30 1
6132 498924837 24 0
5646 498930483 22 3
5658 498936141 14 0
11794 498947935 27 0
6137 498954072 31 0
5658 498959730 18 4
5658 498965388 12 0
11823 498977211 71 3
6119 498983330 26 0
5658 498988988 16 2
5658 498994646 13 0
11825 499006471 38 0
6127 499012598 32 0
6116 499018714 21 1
6367 499025081 71 7
13259 499038340 72 13
6589 499044929 30 0
6572 499051501 27 0
6111 499057612 32 0
12220 499069832 28 0
6092 499075924 23 0
6091 499082015 19 0
6116 499088131 18 0
12213 499100344 52 0
6101 499106445 31 0
6110 499112555 20 0
6092 499118647 21 0
12208 499130855 36 0
6078 499136933 25 0
6129 499143062 16 0
6110 499149172 20 0
12232 499161404 33 0
6104 499167508 21 0
6110 499173618 22 0
6116 499179734 16 0
12242 499191976 44 1
14736 499206712 505 395
6116 499212828 35 11
6110 499218938 26 0
12226 499231164 34 0
7493 499238657 34 6
6116 499244773 17 0
5656 499250429 26 0
11805 499262234 44 2
6138 499268372 14 0
5656 499274028 26 0
5658 499279686 10 0
11794 499291480 44 0
6164 499297644 16 0
5658 499303302 11 0
5652 499308954 13 0
11816 499320770 42 0
6138 499326908 17 0
5658 499332566 11 0
5658 499338224 12 0
12721 499350945 124 63
6138 499357083 16 0
5652 499362735 14 0
5657 499368392 18 0
11817 499380209 45 0
6138 499386347 15 0
5661 499392008 29 0
5658 499397666 14 0
11853 499409519 41 0
6138 499415657 13 0
5648 499421305 20 0
5648 499426953 25 0
11818 499438771 35 0
6151 499444922 17 0
5658 499450580 12 0
5658 499456238 12 0
11802 499468040 45 0
6132 499474172 18 0
5664 499479836 24 0
5652 499485488 11 0
11787 499497275 46 0
6118 499503393 20 0
5646 499509039 14 0
5657 499514696 15 0
11818 499526514 30 0
6128 499532642 25 0
5658 499538300 9 0
5658 499543958 15 0
11794 499555752 37 0
6138 499561890 15 0
5655 499567545 24 0
5649 499573194 32 0
11784 499584978 37 0
6138 499591116 17 0
5634 499596750 21 0
5658 499602408 22 0
13195 499615603 40 1
6138 499621741 17 0
5652 499627393 15 0
5658 499633051 9 0
11830 499644881 28 0
6138 499651019 15 0
5632 499656651 22 0
5657 499662308 17 0
11812 499674120 26 0
6155 499680275 28 0
5627 499685902 21 0
5633 499691535 20 0
11812 499703347 27 0
6138 499709485 17 0
5656 499715141 28 0
5638 499720779 19 0
11819 499732598 35 0
6138 499738736 17 0
5658 499744394 14 0
5658 499750052 9 0
11818 499761870 22 0
6150 499768020 24 0
5658 499773678 11 0
5658 499779336 10 0
11776 499791112 51 0
6138 499797250 19 0
5658 499802908 12 0
5658 499808566 10 0
11782 499820348 33 0
6138 499826486 16 0
5627 499832113 19 0
5647 499837760 24 0
11804 499849564 46 0
6138 499855702 19 0
5662 499861364 22 0
5644 499867008 28 0
11818 499878826 39 0
6134 499884960 28 0
5650 499890610 21 0
5657 499896267 16 0
11770 499908037 31 0
6145 499914182 18 0
5646 499919828 11 0
5658 499925486 8 0
11700 499937186 41 0
6114 499943300 18 0
5658 499948958 12 0
5658 499954616 13 0
20866 499975482 390 126
6132 499981614 27 0
5652 499987266 22 0
5658 499992924 15 0
13168 500006092 60 0
6130 500012222 25 0
6115 500018337 27 0
5658 500023995 11 0
11750 500035745 46 0
6138 500041883 18 0
5658 500047541 10 0
5658 500053199 11 0
11829 500065028 35 0
6138 500071166 16 0
5658 500076824 11 0
5658 500082482 13 0
11796 500094278 39 0
6138 500100416 16 0
5639 500106055 20 0
5644 500111699 25 0
11818 500123517 51 1
6102 500129619 24 0
5658 500135277 10 0
5658 500140935 11 0
11838 500152773 49 0
6137 500158910 29 0
5661 500164571 27 0
5656 500170227 26 0
11808 500182035 39 0
6132 500188167 21 0
5652 500193819 15 0
5657 500199476 16 0
11821 500211297 54 0
6138 500217435 19 0
5651 500223086 20 0
5658 500228744 9 0
11820 500240564 52 0
6151 500246715 18 0
5645 500252360 18 0
5658 500258018 10 0
11817 500269835 27 0
6145 500275980 17 0
5651 500281631 23 0
5652 500287283 12 0
11811 500299094 34 0
6138 500305232 15 0
5658 500310890 13 0
5658 500316548 10 0
11817 500328365 29 0
6138 500334503 13 0
5658 500340161 8 0
5658 500345819 14 0
11818 500357637 38 0
6138 500363775 18 0
5662 500369437 24 0
7035 500376472 27 0
11817 500388289 26 0
6151 500394440 16 0
5658 500400098 16 0
5657 500405755 20 0
11816 500417571 34 1
6138 500423709 17 0
5640 500429349 13 0
5651 500435000 15 0
11842 500446842 40 0
6126 500452968 19 0
5652 500458620 21 0
5658 500464278 13 0
11810 500476088 42 0
6150 500482238 23 0
5658 500487896 11 0
5658 500493554 19 0
11793 500505347 35 0
6132 500511479 18 0
5639 500517118 17 0
5658 500522776 10 0
11817 500534593 40 0
6114 500540707 24 0
5652 500546359 15 0
5652 500552011 14 0
11817 500563828 23 0
6138 500569966 16 0
5658 500575624 10 0
5651 500581275 13 0
11831 500593106 21 0
6132 500599238 19 0
5658 500604896 9 0
5658 500610554 7 0
11817 500622371 19 0
6151 500628522 16 0
5658 500634180 18 0
5657 500639837 14 0
11792 500651629 34 0
6130 500657759 24 0
5652 500663411 8 0
5651 500669062 11 0
11819 500680881 25 0
6138 500687019 19 0
5645 500692664 19 0
5658 500698322 11 0
11817 500710139 33 0
6132 500716271 24 0
5652 500721923 13 0
5651 500727574 13 0
11818 500739392 22 0
6137 500745529 22 0
7035 500752564 26 0
11836 500764400 32 0
5658 500770058 12 0
6114 500776172 23 0
5652 500781824 16 0
11803 500793627 36 0
5631 500799258 21 0
6126 500805384 18 0
5658 500811042 13 0
11843 500822885 32 0
5658 500828543 13 0
6132 500834675 23 0
890639 501725314 15170 5202
13361 501738675 658 74
6107 501744782 30 2
7900 501752682 268 120
6662 501759344 29 3
17373 501776717 194 37
6740 501783457 32 0
6655 501790112 27 0
463180 463180 10740 755
4769919 5233099 89256 7555
15573192 20806291 39087 11905
19189653 39995944 19930 6099
18757784 58753728 21613 5125
19387807 78141535 20187 5356
18556593 96698128 24105 7403
18940201 115638329 19385 5289
19172689 134811018 19902 5306
19111216 153922234 20207 5320
19436506 173358740 22677 5877
19397336 192756076 20004 5390
19305559 212061635 20192 5411
10424274 222485909 11236 2823
6993229 229479138 9503 2041
19043102 248522240 20226 5249
18415880 266938120 24196 5214
18946545 285884665 19804 5335
19519205 305403870 18887 5318
19457098 324860968 18611 5671
19530718 344391686 19053 5479
19443034 363834720 19396 5395
19619643 383454363 18010 5326
19427451 402881814 18745 5488
19574135 422455949 18537 5447
19543558 441999507 19024 5352
19491374 461490881 19086 5384
19510197 481001078 18769 5340
12302772 493303850 29200 2805
3497869 496801719 8201 874
6090 496807809 33 0
5651 496813460 13 1
5652 496819112 13 0
11805 496830917 41 0
6132 496837049 22 0
5640 496842689 15 0
5651 496848340 19 2
11813 496860153 32 0
6138 496866291 18 0
5652 496871943 15 0
5658 496877601 10 0
11818 496889419 23 1
6128 496895547 24 0
5658 496901205 16 0
5658 496906863 11 0
11793 496918656 44 0
6132 496924788 19 0
5622 496930410 24 0
5658 496936068 10 0
13172 496949240 113 43
6129 496955369 30 0
5652 496961021 21 1
5658 496966679 11 0
11817 496978496 31 3
6151 496984647 15 1
5652 496990299 14 0
5652 496995951 13 0
11818 497007769 20 0
6138 497013907 17 0
5652 497019559 16 0
5658 497025217 14 0
11830 497037047 41 4
6137 497043184 25 0
5640 497048824 22 4
5646 497054470 17 0
11794 497066264 30 0
6138 497072402 17 1
5657 497078059 15 0
5658 497083717 9 0
11806 497095523 29 0
6131 497101654 23 0
5658 497107312 11 0
5656 497112968 20 1
11793 497124761 35 0
6171 497130932 18 0
6098 497137030 28 2
5652 497142682 17 0
11793 497154475 44 10
6137 497160612 17 0
6122 497166734 33 0
5658 497172392 12 0
12267 497184659 35 1
6116 497190775 19 0
5646 497196421 17 2
5658 497202079 9 0
11818 497213897 18 0
6151 497220048 22 0
5645 497225693 24 0
5658 497231351 9 0
11818 497243169 21 0
6120 497249289 22 0
5658 497254947 14 1
5658 497260605 15 0
11831 497272436 20 0
6138 497278574 16 0
5658 497284232 22 13
11793 497296025 40 0
5658 497301683 12 3
6138 497307821 14 0
5658 497313479 16 6
13208 497326687 67 30
5658 497332345 14 1
6138 497338483 20 0
6116 497344599 26 0
11796 497356395 27 0
5658 497362053 12 2
6678 497368731 65 0
6602 497375333 54 27
12997 497388330 41 5
6577 497394907 27 0
6104 497401011 21 0
6110 497407121 25 3
12239 497419360 35 1
6109 497425469 21 0
6110 497431579 22 0
6116 497437695 18 0
12224 497449919 52 0
6116 497456035 17 0
6129 497462164 21 0
6116 497468280 21 0
12200 497480480 42 0
6113 497486593 24 0
6104 497492697 20 0
6110 497498807 21 0
12251 497511058 38 0
6116 497517174 17 0
6116 497523290 22 0
6116 497529406 18 0
12226 497541632 31 0
6116 497547748 16 0
6102 497553850 26 0
6129 497559979 18 0
11796 497571775 32 0
6080 497577855 27 0
6110 497583965 18 0
6116 497590081 24 0
11790 497601871 37 0
5658 497607529 13 0
6132 497613661 24 0
5640 497619301 24 1
11793 497631094 34 0
5650 497636744 18 0
6145 497642889 18 0
5651 497648540 22 0
11838 497660378 43 0
5658 497666036 13 0
6138 497672174 18 0
5658 497677832 13 0
11799 497689631 27 0
5652 497695283 17 0
6150 497701433 17 0
7035 497708468 31 1
11811 497720279 29 0
5657 497725936 15 0
6131 497732067 17 0
5658 497737725 9 0
11819 497749544 25 0
5658 497755202 12 0
6138 497761340 14 0
5628 497766968 16 0
11817 497778785 22 0
5658 497784443 11 0
6120 497790563 21 0
5643 497796206 21 0
11831 497808037 23 0
5658 497813695 10 0
6138 497819833 19 0
5658 497825491 12 0
11793 497837284 32 0
5658 497842942 11 0
6151 497849093 16 0
5658 497854751 14 0
11817 497866568 25 0
5657 497872225 16 0
6138 497878363 18 0
5658 497884021 15 0
11849 497895870 25 0
5658 497901528 12 0
6138 497907666 18 0
5658 497913324 13 0
11800 497925124 26 0
5658 497930782 19 0
6151 497936933 17 0
5645 497942578 22 0
11817 497954395 26 0
5658 497960053 9 0
6138 497966191 19 0
5658 497971849 14 0
11824 497983673 32 0
5650 497989323 16 0
6138 497995461 16 0
5658 498001119 13 0
11818 498012937 23 0
5658 498018595 12 0
6138 498024733 14 0
5658 498030391 15 0
20874 498051265 524 231
5662 498056927 29 2
6137 498063064 19 0
5651 498068715 10 0
11793 498080508 30 0
5640 498086148 14 0
7528 498093676 30 0
5657 498099333 19 0
11823 498111156 29 0
5658 498116814 12 0
6138 498122952 16 0
5658 498128610 11 0
11812 498140422 28 0
5644 498146066 17 0
6138 498152204 16 0
5640 498157844 16 0
11803 498169647 31 0
5658 498175305 11 0
6151 498181456 17 0
5658 498187114 11 0
11818 498198932 20 0
5658 498204590 12 0
6138 498210728 15 0
5658 498216386 11 0
11830 498228216 23 0
5658 498233874 14 0
6138 498240012 15 0
5658 498245670 10 0
11800 498257470 34 0
5658 498263128 12 0
6120 498269248 17 0
5658 498274906 11 0
11844 498286750 25 0
5664 498292414 17 0
6132 498298546 19 0
5652 498304198 10 0
11800 498315998 25 0
5658 498321656 13 0
6151 498327807 14 0
5658 498333465 10 0
11812 498345277 32 0
5633 498350910 18 0
6138 498357048 14 0
5657 498362705 48 26
11831 498374536 32 0
5658 498380194 12 1
6133 498386327 20 0
5646 498391973 16 0
11817 498403790 25 0
5658 498409448 10 0
6151 498415599 14 0
5658 498421257 9 0
11798 498433055 30 0
5658 498438713 11 0
6135 498444848 24 0
5658 498450506 10 0
11813 498462319 34 0
7029 498469348 24 0
6132 498475480 26 0
5658 498481138 12 0
11800 498492938 26 0
5640 498498578 16 0
6138 498504716 15 0
5658 498510374 10 0
11831 498522205 22 0
5646 498527851 16 0
6126 498533977 19 0
5658 498539635 11 0
11805 498551440 33 0
5663 498557103 18 0
6151 498563254 17 0
5658 498568912 9 0
11811 498580723 28 0
5658 498586381 11 0
6138 498592519 16 0
5658 498598177 12 0
11835 498610012 32 0
5658 498615670 12 0
6137 498621807 19 0
5646 498627453 17 0
11822 498639275 30 0
5658 498644933 8 0
6164 498651097 15 0
5658 498656755 11 0
11806 498668561 29 0
5658 498674219 12 0
6138 498680357 16 0
5657 498686014 20 0
11824 498697838 26 0
5658 498703496 10 0
6138 498709634 18 0
5658 498715292 11 0
11811 498727103 26 0
5658 498732761 15 0
6137 498738898 20 0
5658 498744556 10 0
11825 498756381 20 0
5658 498762039 10 0
6138 498768177 16 0
5658 498773835 11 0
11808 498785643 30 0
5662 498791305 23 1
14355 498805660 289 147
5658 498811318 16 0
11824 498823142 26 0
5658 498828800 10 0
6138 498834938 16 0
5639 498840577 15 0
13208 498853785 40 0
5658 498859443 12 0
6138 498865581 14 0
5639 498871220 16 0
11806 498883026 29 0
5662 498888688 17 0
6145 498894833 19 0
5651 498900484 18 0
11824 498912308 32 0
5658 498917966 12 0
6138 498924104 15 0
5658 498929762 12 0
11825 498941587 23 0
5658 498947245 12 0
6132 498953377 21 0
5650 498959027 20 0
11804 498970831 26 0
5657 498976488 17 0
6132 498982620 20 0
5646 498988266 17 0
11816 499000082 28 0
5658 499005740 12 0
6114 499011854 20 0
5646 499017500 17 0
11800 499029300 28 0
5658 499034958 13 0
6164 499041122 14 0
5658 499046780 11 0
11818 499058598 41 0
6374 499064972 28 0
6617 499071589 29 0
6355 499077944 21 0
12961 499090905 43 0
5658 499096563 13 0
6120 499102683 20 0
5652 499108335 16 0
11816 499120151 33 0
5658 499125809 12 0
6157 499131966 27 0
5658 499137624 18 0
11816 499149440 41 0
5658 499155098 10 0
6138 499161236 15 0
5653 499166889 11 0
11813 499178702 29 0
5640 499184342 12 0
6138 499190480 15 0
5652 499196132 12 0
11806 499207938 23 0
5652 499213590 18 0
6138 499219728 16 0
10374 499230102 235 35
913896 500143998 15599 5021
6694 500150692 79 5
6666 500157358 47 0
18725 500176083 408 157
6480 500182563 39 0
6718 500189281 24 2
8278 500197559 177 31
13300 500210859 64 2
6596 500217455 25 0
431412 431412 9437 692
4723021 5154433 87815 6219
14575017 19729450 41838 12976
19095795 38825245 16820 5274
13242068 52067313 17651 4177
19439608 71506921 17584 5360
19451918 90958839 17930 5338
18482755 109441594 23235 7414
18945934 128387528 18500 5235
19032781 147420309 18025 5260
19580462 167000771 19975 5610
19479325 186480096 18476 5406
19302433 205782529 18688 5425
19456375 225238904 18570 5632
19362813 244601717 19067 5509
18243632 262845349 23768 5269
19196941 282042290 19840 5375
18926432 300968722 19196 5258
19611501 320580223 20115 5557
19602169 340182392 19927 5374
19582008 359764400 19343 5466
19559649 379324049 19522 5389
19572074 398896123 19914 5333
19580739 418476862 19789 5353
19556371 438033233 19686 5494
19533888 457567121 19887 5423
19582122 477149243 20123 5311
15007529 492156772 31144 2871
5183445 497340217 10345 901
6129 497346346 393 30
11802 497358148 40 0
5658 497363806 12 0
5658 497369464 10 0
6130 497375594 29 0
11792 497387386 40 0
5657 497393043 17 0
5658 497398701 11 0
6155 497404856 18 0
11783 497416639 31 0
5616 497422255 21 0
5663 497427918 34 0
6141 497434059 29 1
11772 497445831 29 0
5622 497451453 23 0
5651 497457104 20 0
6171 497463275 21 0
11790 497475065 29 0
5640 497480705 19 2
5658 497486363 10 0
6136 497492499 29 0
11791 497504290 27 0
5636 497509926 24 0
5658 497515584 12 0
11805 497527389 34 0
6138 497533527 17 0
5652 497539179 23 1
5658 497544837 12 0
11844 497556681 26 1
6138 497562819 16 0
5658 497568477 10 0
5662 497574139 28 0
11794 497585933 26 0
6151 497592084 17 0
5652 497597736 22 2
5658 497603394 13 1
13075 497616469 128 30
6130 497622599 29 0
5652 497628251 18 0
5667 497633918 35 0
11829 497645747 45 1
6138 497651885 18 0
5658 497657543 17 1
5650 497663193 28 0
11818 497675011 36 2
6138 497681149 17 0
6126 497687275 52 1
5658 497692933 15 0
11785 497704718 63 7
6138 497710856 21 1
6114 497716970 36 0
5652 497722622 19 2
11796 497734418 39 5
6144 497740562 26 0
5646 497746208 23 3
5658 497751866 11 0
11818 497763684 45 2
6126 497769810 28 4
5645 497775455 27 0
5658 497781113 11 0
11825 497792938 26 1
6112 497799050 26 0
5655 497804705 40 8
5658 497810363 12 0
11786 497822149 40 0
6145 497828294 23 0
5640 497833934 25 1
5658 497839592 17 0
11805 497851397 45 7
6132 497857529 19 0
5657 497863186 29 15
5658 497868844 11 0
11831 497880675 45 2
6118 497886793 32 0
6116 497892909 20 0
5656 497898565 30 0
13965 497912530 112 31
6624 497919154 21 0
6659 497925813 35 0
6596 497932409 23 0
12194 497944603 39 0
6586 497951189 19 1
6101 497957290 27 0
6103 497963393 24 0
12245 497975638 36 0
6105 497981743 34 0
6116 497987859 20 0
6090 497993949 25 0
13603 498007552 78 28
6110 498013662 23 0
6113 498019775 37 0
6105 498025880 26 0
12232 498038112 37 0
6116 498044228 21 0
6088 498050316 30 0
6116 498056432 19 0
12231 498068663 39 0
6113 498074776 30 0
6102 498080878 27 0
6110 498086988 24 0
12232 498099220 35 0
6126 498105346 35 0
6116 498111462 20 0
5658 498117120 19 0
12260 498129380 39 0
6104 498135484 25 0
6116 498141600 18 0
5652 498147252 17 0
11778 498159030 45 0
6138 498165168 18 0
5658 498170826 15 0
5658 498176484 11 0
11826 498188310 33 0
6138 498194448 16 0
5658 498200106 10 1
5652 498205758 18 0
11788 498217546 35 0
6151 498223697 17 0
5646 498229343 17 0
5658 498235001 11 0
11797 498246798 40 0
6120 498252918 26 0
5658 498258576 15 0
5651 498264227 20 0
11831 498276058 25 0
6138 498282196 14 0
5646 498287842 17 0
5658 498293500 14 0
11799 498305299 33 0
6191 498311490 35 0
5656 498317146 32 0
5658 498322804 13 0
11786 498334590 43 0
6138 498340728 18 0
5658 498346386 14 0
5654 498352040 25 0
11829 498363869 49 0
6138 498370007 16 0
5658 498375665 13 0
7035 498382700 44 0
11799 498394499 33 0
6138 498400637 16 0
5658 498406295 14 0
5658 498411953 11 0
11814 498423767 42 0
6138 498429905 15 0
5658 498435563 13 0
5652 498441215 23 0
11814 498453029 36 0
17679 498470708 611 98
5657 498476365 21 0
5658 498482023 12 0
11816 498493839 40 0
6138 498499977 16 0
5658 498505635 19 0
5658 498511293 16 0
11826 498523119 45 0
6138 498529257 18 0
5658 498534915 16 1
5658 498540573 15 0
11806 498552379 53 0
6145 498558524 20 0
5645 498564169 17 0
5658 498569827 15 0
11791 498581618 36 0
6138 498587756 32 0
5657 498593413 25 1
5652 498599065 17 0
11814 498610879 31 0
6138 498617017 18 0
5658 498622675 12 0
5652 498628327 14 0
11804 498640131 37 0
6125 498646256 24 0
5640 498651896 19 0
5658 498657554 13 0
11819 498669373 30 0
6138 498675511 15 0
5652 498681163 17 1
5658 498686821 8 0
11811 498698632 36 1
6149 498704781 17 0
6118 498710899 30 0
5658 498716557 13 0
11778 498728335 28 0
6138 498734473 20 0
5658 498740131 13 0
5658 498745789 12 0
11829 498757618 50 1
7515 498765133 51 3
5658 498770791 14 0
5652 498776443 15 0
11813 498788256 47 0
6144 498794400 23 0
5643 498800043 24 0
5658 498805701 12 0
11818 498817519 40 0
6119 498823638 22 0
5659 498829297 32 0
5657 498834954 23 0
11810 498846764 38 0
6124 498852888 31 0
5658 498858546 27 0
5658 498864204 11 0
11803 498876007 32 1
6138 498882145 16 0
5627 498887772 21 0
5650 498893422 20 0
11831 498905253 38 0
6125 498911378 22 0
5658 498917036 12 0
5653 498922689 22 0
11817 498934506 47 0
6151 498940657 17 0
5658 498946315 14 0
5658 498951973 12 0
11818 498963791 38 0
6138 498969929 15 0
5658 498975587 12 0
5658 498981245 11 0
11833 498993078 37 0
6138 498999216 16 0
5677 499004893 28 0
5652 499010545 20 0
11793 499022338 42 0
6151 499028489 16 0
5658 499034147 14 0
5658 499039805 14 0
11809 499051614 48 0
6130 499057744 27 0
5651 499063395 24 0
5632 499069027 24 0
11819 499080846 45 0
6136 499086982 25 0
5651 499092633 25 0
5639 499098272 24 0
11818 499110090 38 0
6125 499116215 28 0
5657 499121872 21 0
5658 499127530 12 0
13188 499140718 55 1
6138 499146856 19 0
5680 499152536 36 0
5652 499158188 13 0
11783 499169971 51 0
6151 499176122 14 0
5645 499181767 27 0
5663 499187430 26 0
11809 499199239 33 0
6138 499205377 17 0
5645 499211022 19 0
5658 499216680 11 0
11819 499228499 28 0
6132 499234631 18 0
5658 499240289 15 0
5658 499245947 16 0
11815 499257762 44 0
6151 499263913 16 0
5658 499269571 16 0
5651 499275222 23 0
11811 499287033 36 0
6132 499293165 21 0
5637 499298802 22 0
5658 499304460 8 0
11830 499316290 29 1
6118 499322408 29 0
5640 499328048 16 1
5646 499333694 21 0
11806 499345500 45 0
6101 499351601 26 0
5651 499357252 33 0
5652 499362904 16 0
11835 499374739 39 0
6132 499380871 20 0
5650 499386521 20 0
5658 499392179 14 0
11816 499403995 42 0
6151 499410146 33 0
5658 499415804 10 0
5658 499421462 12 0
11819 499433281 51 0
6145 499439426 16 0
5658 499445084 13 0
5658 499450742 14 0
11822 499462564 44 0
6138 499468702 17 0
5632 499474334 27 0
5622 499479956 21 0
11818 499491774 33 0
6151 499497925 16 0
5645 499503570 17 0
5652 499509222 17 0
13180 499522402 44 1
6132 499528534 22 0
5651 499534185 23 0
11825 499546010 32 0
5656 499551666 21 0
6138 499557804 14 0
5639 499563443 18 0
11818 499575261 26 0
5658 499580919 12 0
6131 499587050 25 0
5658 499592708 12 0
11830 499604538 30 0
5658 499610196 11 0
6100 499616296 28 0
5646 499621942 14 0
11805 499633747 26 0
5651 499639398 21 0
6150 499645548 23 0
5633 499651181 17 0
11817 499662998 32 0
5658 499668656 14 0
6128 499674784 33 0
5646 499680430 11 0
11818 499692248 29 0
5657 499697905 23 0
6138 499704043 17 0
5658 499709701 10 0
11817 499721518 35 0
5653 499727171 25 0
9475 499736646 203 57
888958 500625604 15720 5167
13119 500638723 113 28
11920 500650643 387 147
6690 500657333 43 0
6715 500664048 30 1
14688 500678736 122 27
6606 500685342 40 0
6643 500691985 25 0
