3052005, 3052005, 59018, 133, 14
11305952, 14357957, 71191, 1406, 8
19492443, 33850400, 18686, 608, 3
19319787, 53170187, 20364, 647, 3
19037693, 72207880, 22056, 949, 3
19590839, 91798719, 19182, 559, 3
19659787, 111458506, 18288, 276, 3
18721176, 130179682, 24459, 797, 3
19305343, 149485025, 19607, 300, 3
19837716, 169322741, 19705, 744, 3
19317389, 188640130, 21225, 245, 3
19707329, 208347459, 19093, 717, 3
19684869, 228032328, 19718, 659, 3
19653057, 247685385, 20138, 415, 3
18805081, 266490466, 24208, 469, 3
19412990, 285903456, 18776, 630, 3
19056678, 304960134, 19488, 412, 3
19639617, 324599751, 18921, 285, 3
19830630, 344430381, 19018, 809, 3
19697069, 364127450, 18918, 341, 3
19821427, 383948877, 18843, 573, 3
19697879, 403646756, 18877, 361, 3
19823483, 423470239, 18497, 340, 3
19814383, 443284622, 18517, 235, 3
19693221, 462977843, 19325, 700, 3
19657548, 482635391, 19509, 719, 3
11005506, 493640897, 27876, 29, 12
2701400, 496342297, 6307, 21, 5
11737, 496354034, 59, 0, 1
6151, 496360185, 22, 0, 1
5649, 496365834, 26, 0, 1
5654, 496371488, 30, 0, 1
11817, 496383305, 37, 0, 1
6126, 496389431, 24, 0, 1
5658, 496395089, 10, 0, 1
5639, 496400728, 24, 0, 1
11796, 496412524, 49, 0, 1
6138, 496418662, 18, 0, 1
5650, 496424312, 21, 0, 1
5638, 496429950, 20, 0, 1
11804, 496441754, 44, 0, 1
6151, 496447905, 19, 0, 1
5646, 496453551, 13, 0, 1
5652, 496459203, 13, 0, 1
13190, 496472393, 117, 0, 1
6106, 496478499, 28, 0, 1
5567, 496484066, 23, 0, 1
5658, 496489724, 12, 0, 1
11794, 496501518, 44, 0, 1
6132, 496507650, 26, 0, 1
5650, 496513300, 21, 0, 1
5652, 496518952, 14, 0, 1
11817, 496530769, 38, 0, 1
6126, 496536895, 20, 0, 1
5645, 496542540, 17, 0, 1
5652, 496548192, 14, 0, 1
20885, 496569077, 370, 0, 1
6138, 496575215, 28, 0, 1
5639, 496580854, 19, 0, 1
5644, 496586498, 24, 0, 1
11812, 496598310, 33, 0, 1
6137, 496604447, 26, 0, 1
5646, 496610093, 15, 0, 1
5658, 496615751, 9, 0, 1
11800, 496627551, 39, 0, 1
6138, 496633689, 15, 0, 1
5648, 496639337, 27, 0, 1
5658, 496644995, 7, 0, 1
11833, 496656828, 46, 0, 1
6138, 496662966, 15, 0, 1
5621, 496668587, 20, 0, 1
5651, 496674238, 24, 0, 1
11818, 496686056, 22, 0, 1
6151, 496692207, 21, 0, 1
5654, 496697861, 23, 0, 1
5652, 496703513, 25, 0, 1
11781, 496715294, 39, 0, 1
6138, 496721432, 17, 0, 1
5651, 496727083, 22, 0, 1
5657, 496732740, 18, 0, 1
11819, 496744559, 48, 0, 1
6138, 496750697, 20, 0, 1
5658, 496756355, 12, 0, 1
5658, 496762013, 12, 0, 1
11796, 496773809, 43, 0, 1
6113, 496779922, 29, 0, 1
5658, 496785580, 18, 0, 1
5658, 496791238, 11, 0, 1
11799, 496803037, 39, 1, 1
6138, 496809175, 18, 0, 1
5648, 496814823, 29, 0, 1
5657, 496820480, 21, 0, 1
11797, 496832277, 42, 0, 1
6151, 496838428, 18, 0, 1
5659, 496844087, 28, 0, 1
7040, 496851127, 39, 0, 1
11806, 496862933, 35, 0, 1
6653, 496869586, 68, 0, 1
6333, 496875919, 23, 0, 1
5634, 496881553, 25, 0, 1
13159, 496894712, 63, 0, 1
6590, 496901302, 23, 0, 1
5658, 496906960, 12, 0, 1
5667, 496912627, 25, 0, 1
11811, 496924438, 37, 0, 1
6151, 496930589, 15, 0, 1
6110, 496936699, 15, 0, 1
6106, 496942805, 31, 0, 1
12189, 496954994, 40, 0, 1
6116, 496961110, 18, 0, 1
6116, 496967226, 20, 0, 1
6086, 496973312, 29, 0, 1
12240, 496985552, 47, 0, 1
6116, 496991668, 18, 0, 1
6116, 496997784, 21, 0, 1
6113, 497003897, 33, 0, 1
11764, 497015661, 44, 0, 1
6138, 497021799, 16, 0, 1
6129, 497027928, 19, 0, 1
5650, 497033578, 32, 0, 1
11760, 497045338, 28, 0, 1
6135, 497051473, 28, 0, 1
5658, 497057131, 12, 0, 1
5658, 497062789, 12, 0, 1
11770, 497074559, 35, 0, 1
6143, 497080702, 30, 0, 1
5658, 497086360, 14, 0, 1
5658, 497092018, 13, 0, 1
11781, 497103799, 37, 0, 1
6102, 497109901, 23, 0, 1
5658, 497115559, 9, 0, 1
5646, 497121205, 18, 0, 1
11830, 497133035, 28, 0, 1
6138, 497139173, 16, 0, 1
5645, 497144818, 22, 0, 1
5639, 497150457, 19, 0, 1
11818, 497162275, 37, 0, 1
6164, 497168439, 19, 0, 1
5658, 497174097, 12, 0, 1
5658, 497179755, 10, 0, 1
11805, 497191560, 28, 0, 1
6117, 497197677, 30, 0, 1
5637, 497203314, 24, 0, 1
5658, 497208972, 14, 0, 1
11807, 497220779, 34, 0, 1
6107, 497226886, 27, 0, 1
7035, 497233921, 25, 0, 1
5658, 497239579, 13, 0, 1
11808, 497251387, 46, 0, 1
6138, 497257525, 16, 0, 1
5658, 497263183, 11, 0, 1
5642, 497268825, 21, 0, 1
11819, 497280644, 28, 0, 1
6120, 497286764, 19, 0, 1
5615, 497292379, 19, 0, 1
5658, 497298037, 13, 0, 1
11762, 497309799, 50, 0, 1
14332, 497324131, 247, 14, 1
5657, 497329788, 38, 0, 1
5658, 497335446, 17, 0, 1
11775, 497347221, 41, 0, 1
6138, 497353359, 14, 0, 1
5644, 497359003, 27, 0, 1
5658, 497364661, 12, 0, 1
11818, 497376479, 35, 0, 1
6130, 497382609, 32, 0, 1
5616, 497388225, 21, 0, 1
5654, 497393879, 30, 0, 1
11791, 497405670, 42, 0, 1
6139, 497411809, 23, 0, 1
5637, 497417446, 21, 0, 1
5658, 497423104, 12, 0, 1
11798, 497434902, 33, 0, 1
6119, 497441021, 27, 0, 1
5662, 497446683, 29, 0, 1
5661, 497452344, 26, 0, 1
11830, 497464174, 32, 0, 1
6107, 497470281, 22, 0, 1
5662, 497475943, 17, 0, 1
5644, 497481587, 23, 0, 1
11809, 497493396, 36, 0, 1
6138, 497499534, 18, 0, 1
5660, 497505194, 33, 0, 1
5651, 497510845, 21, 0, 1
11817, 497522662, 40, 0, 1
6138, 497528800, 15, 0, 1
5661, 497534461, 31, 0, 1
5633, 497540094, 21, 0, 1
11768, 497551862, 43, 0, 1
6164, 497558026, 35, 0, 1
5632, 497563658, 22, 0, 1
5652, 497569310, 17, 0, 1
11809, 497581119, 51, 0, 1
6126, 497587245, 15, 0, 1
5652, 497592897, 17, 0, 1
5658, 497598555, 11, 0, 1
11824, 497610379, 37, 0, 1
7518, 497617897, 42, 0, 1
5651, 497623548, 18, 0, 1
5639, 497629187, 19, 0, 1
11826, 497641013, 55, 0, 1
6162, 497647175, 38, 0, 1
5658, 497652833, 12, 0, 1
5658, 497658491, 12, 0, 1
11769, 497670260, 45, 0, 1
6138, 497676398, 19, 0, 1
5656, 497682054, 21, 0, 1
5646, 497687700, 13, 0, 1
11810, 497699510, 39, 0, 1
6136, 497705646, 34, 0, 1
5658, 497711304, 18, 0, 1
5652, 497716956, 13, 0, 1
11774, 497728730, 36, 0, 1
6138, 497734868, 14, 0, 1
5648, 497740516, 27, 0, 1
5634, 497746150, 15, 0, 1
11806, 497757956, 42, 0, 1
6126, 497764082, 23, 0, 1
5646, 497769728, 16, 0, 1
5652, 497775380, 15, 0, 1
11828, 497787208, 55, 0, 1
6151, 497793359, 20, 0, 1
5667, 497799026, 28, 0, 1
5642, 497804668, 23, 0, 1
11805, 497816473, 45, 0, 1
6138, 497822611, 18, 0, 1
5643, 497828254, 29, 0, 1
5640, 497833894, 17, 0, 1
11810, 497845704, 31, 0, 1
6138, 497851842, 17, 0, 1
5675, 497857517, 37, 0, 1
5645, 497863162, 22, 0, 1
11815, 497874977, 42, 0, 1
6158, 497881135, 15, 0, 1
5658, 497886793, 15, 0, 1
5655, 497892448, 22, 0, 1
11791, 497904239, 51, 0, 1
6138, 497910377, 16, 0, 1
5646, 497916023, 17, 0, 1
5634, 497921657, 24, 0, 1
11848, 497933505, 29, 0, 1
6119, 497939624, 24, 0, 1
5622, 497945246, 22, 0, 1
5656, 497950902, 20, 0, 1
11806, 497962708, 23, 0, 1
6114, 497968822, 24, 0, 1
5648, 497974470, 32, 0, 1
5640, 497980110, 17, 0, 1
13201, 497993311, 37, 0, 1
6138, 497999449, 17, 0, 1
5652, 498005101, 15, 0, 1
5658, 498010759, 10, 0, 1
11806, 498022565, 20, 0, 1
6151, 498028716, 19, 0, 1
5651, 498034367, 24, 0, 1
11804, 498046171, 44, 0, 1
5640, 498051811, 14, 0, 1
6138, 498057949, 18, 0, 1
5646, 498063595, 17, 0, 1
11831, 498075426, 25, 0, 1
5652, 498081078, 14, 0, 1
6119, 498087197, 22, 0, 1
5652, 498092849, 11, 0, 1
11798, 498104647, 35, 0, 1
5658, 498110305, 15, 0, 1
6139, 498116444, 20, 0, 1
5646, 498122090, 21, 0, 1
11816, 498133906, 36, 0, 1
5652, 498139558, 16, 0, 1
6136, 498145694, 23, 0, 1
5646, 498151340, 13, 0, 1
11816, 498163156, 44, 0, 1
5652, 498168808, 15, 0, 1
6138, 498174946, 16, 0, 1
5641, 498180587, 17, 0, 1
11810, 498192397, 32, 0, 1
5652, 498198049, 15, 0, 1
6138, 498204187, 18, 0, 1
5652, 498209839, 13, 0, 1
12664, 498222503, 130, 1, 1
5646, 498228149, 22, 0, 1
6138, 498234287, 23, 0, 1
5658, 498239945, 15, 0, 1
11800, 498251745, 33, 0, 1
5658, 498257403, 12, 0, 1
6139, 498263542, 24, 0, 1
5658, 498269200, 13, 0, 1
11788, 498280988, 35, 0, 1
5652, 498286640, 21, 0, 1
6138, 498292778, 16, 0, 1
5658, 498298436, 9, 0, 1
11844, 498310280, 26, 0, 1
5658, 498315938, 10, 0, 1
6138, 498322076, 15, 0, 1
5646, 498327722, 13, 0, 1
11799, 498339521, 38, 0, 1
5652, 498345173, 16, 0, 1
6145, 498351318, 22, 0, 1
5652, 498356970, 16, 0, 1
13193, 498370163, 49, 0, 1
5658, 498375821, 16, 0, 1
6145, 498381966, 18, 0, 1
5658, 498387624, 13, 0, 1
11823, 498399447, 33, 0, 1
5658, 498405105, 13, 0, 1
6132, 498411237, 19, 0, 1
5646, 498416883, 19, 0, 1
11804, 498428687, 35, 0, 1
5658, 498434345, 13, 0, 1
6108, 498440453, 22, 0, 1
5658, 498446111, 12, 0, 1
11794, 498457905, 32, 0, 1
5658, 498463563, 12, 0, 1
6119, 498469682, 23, 0, 1
5658, 498475340, 13, 0, 1
11818, 498487158, 28, 0, 1
5658, 498492816, 9, 0, 1
6151, 498498967, 19, 0, 1
5628, 498504595, 20, 0, 1
11787, 498516382, 38, 0, 1
5658, 498522040, 24, 0, 1
6131, 498528171, 24, 0, 1
5652, 498533823, 19, 0, 1
11830, 498545653, 24, 0, 1
5657, 498551310, 19, 0, 1
6119, 498557429, 24, 0, 1
5627, 498563056, 22, 0, 1
11770, 498574826, 36, 0, 1
883419, 499458245, 15198, 477, 5
6879, 499465124, 83, 0, 1
6397, 499471521, 27, 0, 1
18579, 499490100, 370, 6, 1
6720, 499496820, 28, 0, 1
6664, 499503484, 20, 0, 1
7987, 499511471, 155, 6, 1
12724, 499524195, 56, 0, 1
2775792, 2775792, 57108, 114, 4
10903153, 13678945, 72213, 1185, 8
12674483, 26353428, 13127, 470, 12
3765690, 30119118, 7701, 176, 6
19035511, 49154629, 19500, 449, 3
19659932, 68814561, 17354, 491, 3
19647067, 88461628, 17448, 473, 3
18358320, 106819948, 24449, 914, 3
19162110, 125982058, 18228, 289, 3
19639030, 145621088, 17856, 210, 3
19767238, 165388326, 20137, 517, 3
19623756, 185012082, 18816, 358, 3
19637206, 204649288, 17970, 571, 3
19682873, 224332161, 18540, 729, 3
18846780, 243178941, 19492, 255, 3
18796076, 261975017, 24178, 478, 3
19178345, 281153362, 18880, 271, 3
19633187, 300786549, 18634, 368, 3
19832108, 320618657, 18255, 468, 3
19705884, 340324541, 19824, 686, 3
19820842, 360145383, 18737, 354, 3
19742859, 379888242, 18659, 491, 3
19801300, 399689542, 18605, 329, 3
19741976, 419431518, 19296, 438, 3
19735437, 439166955, 18863, 198, 3
19744655, 458911610, 18504, 475, 3
19739349, 478650959, 18794, 722, 3
13750790, 492401749, 29811, 72, 19
4271347, 496673096, 8594, 16, 6
5658, 496678754, 25, 0, 1
6138, 496684892, 19, 0, 1
11788, 496696680, 36, 0, 1
5656, 496702336, 25, 0, 1
5651, 496707987, 12, 0, 1
6160, 496714147, 16, 0, 1
11764, 496725911, 30, 0, 1
5658, 496731569, 9, 0, 1
5658, 496737227, 10, 0, 1
6148, 496743375, 19, 0, 1
11795, 496755170, 30, 0, 1
5658, 496760828, 11, 0, 1
5658, 496766486, 10, 0, 1
11791, 496778277, 45, 0, 1
6151, 496784428, 12, 0, 1
5644, 496790072, 23, 0, 1
5658, 496795730, 7, 0, 1
11818, 496807548, 23, 0, 1
6131, 496813679, 20, 0, 1
5658, 496819337, 9, 0, 1
5666, 496825003, 28, 0, 1
11821, 496836824, 30, 0, 1
6138, 496842962, 13, 0, 1
5658, 496848620, 20, 0, 1
5652, 496854272, 12, 0, 1
11798, 496866070, 32, 0, 1
6132, 496872202, 17, 0, 1
5658, 496877860, 7, 0, 1
5652, 496883512, 13, 0, 1
11835, 496895347, 35, 0, 1
6138, 496901485, 16, 0, 1
5656, 496907141, 18, 0, 1
5657, 496912798, 27, 0, 1
11812, 496924610, 46, 0, 1
6151, 496930761, 14, 0, 1
5652, 496936413, 11, 0, 1
5658, 496942071, 7, 0, 1
11808, 496953879, 40, 0, 1
6137, 496960016, 22, 0, 1
5658, 496965674, 9, 0, 1
5658, 496971332, 9, 0, 1
13179, 496984511, 118, 0, 1
6138, 496990649, 18, 0, 1
5658, 496996307, 11, 0, 1
5658, 497001965, 13, 0, 1
11816, 497013781, 40, 0, 1
6164, 497019945, 17, 0, 1
5656, 497025601, 16, 0, 1
5669, 497031270, 19, 0, 1
11756, 497043026, 38, 0, 1
6132, 497049158, 16, 0, 1
5631, 497054789, 19, 0, 1
5655, 497060444, 22, 0, 1
20886, 497081330, 375, 0, 1
6120, 497087450, 24, 0, 1
5645, 497093095, 18, 0, 1
5622, 497098717, 20, 0, 1
11799, 497110516, 42, 0, 1
6118, 497116634, 29, 0, 1
5649, 497122283, 22, 0, 1
5658, 497127941, 8, 0, 1
11831, 497139772, 30, 0, 1
6125, 497145897, 20, 0, 1
5610, 497151507, 21, 0, 1
5658, 497157165, 16, 0, 1
11806, 497168971, 31, 0, 1
6151, 497175122, 13, 0, 1
5640, 497180762, 15, 0, 1
5652, 497186414, 13, 0, 1
11801, 497198215, 37, 0, 1
6646, 497204861, 65, 0, 1
6333, 497211194, 20, 0, 1
5634, 497216828, 28, 0, 1
12984, 497229812, 46, 0, 1
6595, 497236407, 26, 0, 1
5658, 497242065, 12, 0, 1
5652, 497247717, 12, 0, 1
12243, 497259960, 48, 0, 1
6129, 497266089, 20, 0, 1
6109, 497272198, 29, 0, 1
6096, 497278294, 27, 0, 1
12217, 497290511, 38, 0, 1
6074, 497296585, 25, 0, 1
6109, 497302694, 21, 0, 1
6116, 497308810, 17, 0, 1
12208, 497321018, 42, 0, 1
6079, 497327097, 28, 0, 1
6116, 497333213, 16, 0, 1
5652, 497338865, 17, 0, 1
11784, 497350649, 27, 0, 1
6138, 497356787, 18, 0, 1
6129, 497362916, 17, 0, 1
7023, 497369939, 39, 0, 1
11756, 497381695, 47, 0, 1
6138, 497387833, 13, 0, 1
5658, 497393491, 9, 0, 1
5651, 497399142, 19, 0, 1
11817, 497410959, 24, 0, 1
6171, 497417130, 16, 0, 1
5652, 497422782, 14, 0, 1
5646, 497428428, 23, 0, 1
11814, 497440242, 35, 0, 1
6138, 497446380, 15, 0, 1
5634, 497452014, 15, 0, 1
5649, 497457663, 22, 0, 1
11819, 497469482, 28, 0, 1
6138, 497475620, 18, 0, 1
5644, 497481264, 22, 0, 1
5658, 497486922, 12, 0, 1
11798, 497498720, 30, 0, 1
6151, 497504871, 16, 0, 1
5650, 497510521, 16, 0, 1
5658, 497516179, 5, 0, 1
11818, 497527997, 22, 0, 1
6120, 497534117, 19, 0, 1
5652, 497539769, 16, 0, 1
5658, 497545427, 12, 0, 1
11815, 497557242, 35, 0, 1
6138, 497563380, 15, 0, 1
5658, 497569038, 13, 0, 1
5646, 497574684, 26, 0, 1
11805, 497586489, 46, 0, 1
6132, 497592621, 19, 0, 1
5616, 497598237, 21, 0, 1
5658, 497603895, 8, 0, 1
11794, 497615689, 28, 0, 1
6138, 497621827, 15, 0, 1
5658, 497627485, 14, 0, 1
5658, 497633143, 10, 0, 1
11797, 497644940, 36, 0, 1
6151, 497651091, 17, 0, 1
5658, 497656749, 9, 0, 1
5657, 497662406, 18, 0, 1
11780, 497674186, 47, 0, 1
6138, 497680324, 17, 0, 1
5658, 497685982, 12, 0, 1
5658, 497691640, 10, 0, 1
11815, 497703455, 41, 0, 1
6138, 497709593, 16, 0, 1
5640, 497715233, 12, 0, 1
5644, 497720877, 23, 0, 1
11803, 497732680, 40, 0, 1
6151, 497738831, 17, 0, 1
7028, 497745859, 39, 0, 1
5664, 497751523, 24, 0, 1
11811, 497763334, 29, 0, 1
6138, 497769472, 16, 0, 1
5658, 497775130, 12, 0, 1
5658, 497780788, 9, 0, 1
11816, 497792604, 48, 0, 1
6138, 497798742, 18, 0, 1
5657, 497804399, 17, 0, 1
5651, 497810050, 14, 0, 1
11773, 497821823, 34, 0, 1
6090, 497827913, 22, 0, 1
5646, 497833559, 19, 0, 1
5651, 497839210, 22, 0, 1
11807, 497851017, 33, 0, 1
6138, 497857155, 16, 0, 1
5640, 497862795, 16, 0, 1
5645, 497868440, 19, 0, 1
11813, 497880253, 40, 0, 1
6151, 497886404, 16, 0, 1
5645, 497892049, 20, 0, 1
5658, 497897707, 9, 0, 1
11812, 497909519, 20, 0, 1
6107, 497915626, 24, 0, 1
5658, 497921284, 8, 0, 1
5648, 497926932, 21, 0, 1
11823, 497938755, 38, 0, 1
6102, 497944857, 22, 0, 1
5640, 497950497, 15, 0, 1
5651, 497956148, 24, 0, 1
11775, 497967923, 44, 0, 1
7039, 497974962, 99, 3, 1
5650, 497980612, 21, 0, 1
5661, 497986273, 22, 0, 1
11827, 497998100, 52, 0, 1
6138, 498004238, 15, 0, 1
5658, 498009896, 9, 0, 1
5648, 498015544, 25, 0, 1
11788, 498027332, 27, 0, 1
6138, 498033470, 18, 0, 1
5650, 498039120, 22, 0, 1
5638, 498044758, 21, 0, 1
11822, 498056580, 31, 0, 1
6138, 498062718, 14, 0, 1
5616, 498068334, 18, 0, 1
5650, 498073984, 19, 0, 1
11821, 498085805, 41, 0, 1
6137, 498091942, 25, 0, 1
6116, 498098058, 18, 0, 1
5658, 498103716, 11, 0, 1
11781, 498115497, 35, 0, 1
7528, 498123025, 31, 0, 1
5658, 498128683, 12, 0, 1
5658, 498134341, 11, 0, 1
11780, 498146121, 34, 0, 1
6145, 498152266, 16, 0, 1
5627, 498157893, 17, 0, 1
5658, 498163551, 8, 0, 1
11842, 498175393, 39, 0, 1
6132, 498181525, 20, 0, 1
5652, 498187177, 15, 0, 1
5639, 498192816, 20, 0, 1
11781, 498204597, 35, 0, 1
6151, 498210748, 18, 0, 1
5634, 498216382, 18, 0, 1
5652, 498222034, 12, 0, 1
11812, 498233846, 44, 0, 1
6138, 498239984, 16, 0, 1
5640, 498245624, 15, 0, 1
5646, 498251270, 21, 0, 1
11822, 498263092, 35, 0, 1
6138, 498269230, 17, 0, 1
5634, 498274864, 26, 0, 1
5651, 498280515, 20, 0, 1
11799, 498292314, 37, 0, 1
6129, 498298443, 32, 0, 1
5658, 498304101, 11, 0, 1
5646, 498309747, 18, 0, 1
11831, 498321578, 30, 0, 1
6138, 498327716, 16, 0, 1
5644, 498333360, 18, 0, 1
5649, 498339009, 19, 0, 1
11764, 498350773, 31, 0, 1
6151, 498356924, 16, 0, 1
5658, 498362582, 9, 0, 1
5646, 498368228, 19, 0, 1
11820, 498380048, 37, 0, 1
6125, 498386173, 26, 0, 1
5658, 498391831, 13, 0, 1
5658, 498397489, 11, 0, 1
11822, 498409311, 37, 0, 1
6138, 498415449, 16, 0, 1
5621, 498421070, 17, 0, 1
5663, 498426733, 16, 0, 1
11811, 498438544, 28, 0, 1
6151, 498444695, 15, 0, 1
5632, 498450327, 23, 0, 1
5644, 498455971, 23, 0, 1
11805, 498467776, 29, 0, 1
6120, 498473896, 19, 0, 1
5632, 498479528, 20, 0, 1
5658, 498485186, 13, 0, 1
13185, 498498371, 70, 0, 1
6138, 498504509, 16, 0, 1
5658, 498510167, 15, 0, 1
5658, 498515825, 9, 0, 1
11786, 498527611, 36, 0, 1
6138, 498533749, 17, 0, 1
5640, 498539389, 14, 0, 1
5658, 498545047, 8, 0, 1
11831, 498556878, 34, 0, 1
6141, 498563019, 33, 0, 1
5658, 498568677, 11, 0, 1
5645, 498574322, 21, 0, 1
11811, 498586133, 28, 0, 1
6151, 498592284, 15, 0, 1
5620, 498597904, 19, 0, 1
5660, 498603564, 21, 0, 1
11803, 498615367, 37, 0, 1
6138, 498621505, 16, 0, 1
5672, 498627177, 30, 0, 1
5658, 498632835, 11, 0, 1
11819, 498644654, 33, 0, 1
6138, 498650792, 18, 0, 1
5622, 498656414, 17, 0, 1
5658, 498662072, 10, 0, 1
11818, 498673890, 48, 0, 1
6151, 498680041, 16, 0, 1
5658, 498685699, 13, 0, 1
5650, 498691349, 26, 0, 1
11817, 498703166, 36, 0, 1
6138, 498709304, 19, 0, 1
5610, 498714914, 19, 0, 1
5664, 498720578, 23, 0, 1
11830, 498732408, 35, 0, 1
6138, 498738546, 17, 0, 1
5651, 498744197, 19, 0, 1
5651, 498749848, 20, 0, 1
11817, 498761665, 33, 0, 1
6138, 498767803, 14, 0, 1
5658, 498773461, 9, 0, 1
5651, 498779112, 11, 0, 1
11819, 498790931, 20, 0, 1
6138, 498797069, 20, 0, 1
5634, 498802703, 22, 0, 1
5660, 498808363, 27, 0, 1
11805, 498820168, 26, 0, 1
6151, 498826319, 17, 0, 1
5651, 498831970, 19, 0, 1
5649, 498837619, 30, 0, 1
11811, 498849430, 39, 0, 1
6138, 498855568, 16, 0, 1
5640, 498861208, 15, 0, 1
13206, 498874414, 56, 0, 1
5658, 498880072, 9, 0, 1
6126, 498886198, 23, 0, 1
5640, 498891838, 19, 0, 1
11811, 498903649, 30, 0, 1
8996, 498912645, 207, 0, 1
889132, 499801777, 14198, 430, 5
6699, 499808476, 625, 0, 1
13135, 499821611, 61, 0, 1
6683, 499828294, 38, 0, 1
11864, 499840158, 380, 12, 1
6656, 499846814, 42, 0, 1
13146, 499859960, 38, 0, 1
7988, 499867948, 129, 4, 1
6790, 499874738, 37, 0, 1
3231093, 3231093, 63198, 161, 14
10770896, 14001989, 67150, 1244, 8
19361377, 33363366, 19239, 638, 3
18977091, 52340457, 24194, 630, 3
19463927, 71804384, 18291, 712, 3
19715445, 91519829, 18018, 540, 3
19579521, 111099350, 17537, 231, 3
18620587, 129719937, 25220, 796, 3
19123228, 148843165, 18487, 300, 3
19857098, 168700263, 18907, 676, 3
19609606, 188309869, 20854, 224, 3
19577409, 207887278, 19425, 706, 3
19647862, 227535140, 18635, 609, 3
19699289, 247234429, 18524, 307, 3
18359180, 265593609, 25312, 473, 3
19479607, 285073216, 19348, 531, 3
19171019, 304244235, 18929, 416, 3
19781028, 324025263, 18875, 299, 3
19830766, 343856029, 19343, 845, 3
19646626, 363502655, 19652, 286, 3
19780479, 383283134, 18255, 467, 3
19643895, 402927029, 18654, 240, 3
19795175, 422722204, 18790, 472, 3
19751596, 442473800, 19135, 203, 3
19726305, 462200105, 18906, 546, 3
19674649, 481874754, 19336, 678, 3
11546369, 493421123, 28768, 27, 19
2936150, 496357273, 7353, 22, 5
5645, 496362918, 27, 0, 1
5658, 496368576, 13, 0, 1
6160, 496374736, 18, 0, 1
11776, 496386512, 43, 0, 1
5651, 496392163, 17, 0, 1
5640, 496397803, 18, 0, 1
6161, 496403964, 19, 0, 1
11747, 496415711, 39, 0, 1
5663, 496421374, 21, 0, 1
5658, 496427032, 11, 0, 1
6148, 496433180, 23, 0, 1
13143, 496446323, 130, 0, 1
5634, 496451957, 18, 0, 1
5652, 496457609, 14, 0, 1
6160, 496463769, 17, 0, 1
11784, 496475553, 52, 0, 1
5658, 496481211, 10, 0, 1
5658, 496486869, 9, 0, 1
6159, 496493028, 29, 0, 1
11803, 496504831, 25, 0, 1
5640, 496510471, 14, 0, 1
5658, 496516129, 9, 0, 1
6152, 496522281, 27, 0, 1
11774, 496534055, 45, 0, 1
5633, 496539688, 18, 0, 1
5647, 496545335, 24, 0, 1
6154, 496551489, 20, 0, 1
11777, 496563266, 34, 0, 1
5645, 496568911, 15, 0, 1
5661, 496574572, 33, 0, 1
6160, 496580732, 20, 0, 1
11807, 496592539, 52, 0, 1
5656, 496598195, 25, 0, 1
5658, 496603853, 9, 0, 1
6134, 496609987, 28, 0, 1
11772, 496621759, 50, 0, 1
5658, 496627417, 11, 0, 1
5646, 496633063, 13, 0, 1
6149, 496639212, 20, 0, 1
11764, 496650976, 42, 0, 1
5640, 496656616, 10, 0, 1
5658, 496662274, 9, 0, 1
6136, 496668410, 24, 0, 1
11773, 496680183, 32, 0, 1
5652, 496685835, 18, 0, 1
5658, 496691493, 8, 0, 1
6154, 496697647, 17, 0, 1
11795, 496709442, 35, 0, 1
5651, 496715093, 26, 0, 1
5648, 496720741, 23, 0, 1
6167, 496726908, 20, 0, 1
11790, 496738698, 26, 0, 1
5628, 496744326, 18, 0, 1
5658, 496749984, 10, 0, 1
6142, 496756126, 28, 0, 1
11800, 496767926, 50, 0, 1
5658, 496773584, 10, 0, 1
5651, 496779235, 17, 0, 1
6173, 496785408, 17, 0, 1
11795, 496797203, 34, 0, 1
5652, 496802855, 13, 0, 1
5657, 496808512, 23, 0, 1
7500, 496816012, 42, 0, 1
11778, 496827790, 36, 0, 1
5645, 496833435, 14, 0, 1
5646, 496839081, 16, 0, 1
6154, 496845235, 21, 0, 1
11778, 496857013, 27, 0, 1
5652, 496862665, 13, 0, 1
5652, 496868317, 15, 0, 1
6530, 496874847, 57, 0, 1
13034, 496887881, 47, 0, 1
6333, 496894214, 22, 0, 1
5649, 496899863, 14, 0, 1
6617, 496906480, 29, 0, 1
20848, 496927328, 387, 1, 1
6096, 496933424, 50, 0, 1
5658, 496939082, 14, 0, 1
6095, 496945177, 25, 0, 1
12223, 496957400, 38, 0, 1
6112, 496963512, 29, 0, 1
6116, 496969628, 22, 0, 1
6141, 496975769, 18, 0, 1
12222, 496987991, 40, 0, 1
6097, 496994088, 21, 0, 1
6104, 497000192, 18, 0, 1
6089, 497006281, 28, 0, 1
12230, 497018511, 36, 0, 1
6105, 497024616, 22, 0, 1
5652, 497030268, 18, 0, 1
6125, 497036393, 24, 0, 1
11762, 497048155, 39, 0, 1
5650, 497053805, 17, 0, 1
5648, 497059453, 21, 0, 1
6160, 497065613, 17, 0, 1
12663, 497078276, 111, 3, 1
5658, 497083934, 9, 0, 1
5658, 497089592, 11, 0, 1
6160, 497095752, 16, 0, 1
11773, 497107525, 38, 0, 1
5656, 497113181, 20, 0, 1
5668, 497118849, 33, 0, 1
6173, 497125022, 17, 0, 1
11796, 497136818, 25, 0, 1
5645, 497142463, 22, 0, 1
5649, 497148112, 28, 0, 1
6154, 497154266, 18, 0, 1
11789, 497166055, 37, 0, 1
5658, 497171713, 17, 0, 1
5658, 497177371, 12, 0, 1
6154, 497183525, 17, 0, 1
11779, 497195304, 44, 0, 1
5652, 497200956, 22, 0, 1
7035, 497207991, 43, 0, 1
6173, 497214164, 15, 0, 1
11784, 497225948, 47, 0, 1
5633, 497231581, 17, 0, 1
5638, 497237219, 23, 0, 1
6156, 497243375, 28, 0, 1
11795, 497255170, 51, 0, 1
5651, 497260821, 18, 0, 1
5657, 497266478, 15, 0, 1
6159, 497272637, 22, 0, 1
11804, 497284441, 41, 0, 1
5658, 497290099, 11, 0, 1
5658, 497295757, 9, 0, 1
6160, 497301917, 17, 0, 1
11820, 497313737, 43, 0, 1
5658, 497319395, 8, 0, 1
5657, 497325052, 13, 0, 1
6147, 497331199, 17, 0, 1
11796, 497342995, 22, 0, 1
5622, 497348617, 18, 0, 1
5652, 497354269, 30, 0, 1
6198, 497360467, 22, 1, 1
11793, 497372260, 30, 0, 1
5628, 497377888, 17, 0, 1
5656, 497383544, 25, 0, 1
6118, 497389662, 23, 0, 1
11809, 497401471, 20, 0, 1
5652, 497407123, 18, 0, 1
5656, 497412779, 27, 0, 1
6157, 497418936, 24, 0, 1
11763, 497430699, 35, 0, 1
5636, 497436335, 23, 0, 1
5657, 497441992, 16, 0, 1
6173, 497448165, 16, 0, 1
11796, 497459961, 21, 0, 1
5652, 497465613, 12, 0, 1
5658, 497471271, 12, 0, 1
6127, 497477398, 28, 0, 1
11778, 497489176, 29, 0, 1
5632, 497494808, 20, 0, 1
5685, 497500493, 30, 0, 1
6154, 497506647, 27, 0, 1
11780, 497518427, 38, 0, 1
5658, 497524085, 9, 0, 1
5651, 497529736, 13, 0, 1
11770, 497541506, 30, 0, 1
6127, 497547633, 21, 0, 1
5653, 497553286, 33, 0, 1
5662, 497558948, 25, 0, 1
11797, 497570745, 40, 0, 1
6138, 497576883, 18, 0, 1
7019, 497583902, 36, 0, 1
5656, 497589558, 20, 0, 1
11811, 497601369, 34, 0, 1
6138, 497607507, 19, 0, 1
5650, 497613157, 27, 0, 1
5637, 497618794, 22, 0, 1
11806, 497630600, 30, 0, 1
6151, 497636751, 17, 0, 1
5646, 497642397, 14, 0, 1
5668, 497648065, 30, 0, 1
11756, 497659821, 43, 0, 1
6119, 497665940, 30, 0, 1
5657, 497671597, 23, 0, 1
5646, 497677243, 15, 0, 1
11801, 497689044, 36, 0, 1
6125, 497695169, 24, 0, 1
5648, 497700817, 24, 0, 1
5657, 497706474, 19, 0, 1
11820, 497718294, 39, 0, 1
6138, 497724432, 16, 0, 1
5639, 497730071, 17, 0, 1
5652, 497735723, 21, 0, 1
11832, 497747555, 28, 0, 1
6126, 497753681, 19, 0, 1
5658, 497759339, 12, 0, 1
5658, 497764997, 13, 0, 1
11785, 497776782, 35, 0, 1
6151, 497782933, 14, 0, 1
6092, 497789025, 20, 0, 1
5639, 497794664, 18, 0, 1
11788, 497806452, 35, 0, 1
6138, 497812590, 15, 0, 1
5630, 497818220, 22, 0, 1
5649, 497823869, 22, 0, 1
11834, 497835703, 46, 0, 1
6132, 497841835, 22, 0, 1
5634, 497847469, 16, 0, 1
5658, 497853127, 15, 0, 1
11791, 497864918, 38, 0, 1
6151, 497871069, 15, 0, 1
5658, 497876727, 14, 0, 1
5658, 497882385, 11, 0, 1
11814, 497894199, 48, 0, 1
6114, 497900313, 23, 0, 1
5658, 497905971, 11, 0, 1
5656, 497911627, 18, 0, 1
11831, 497923458, 26, 0, 1
6132, 497929590, 22, 0, 1
5632, 497935222, 19, 0, 1
5660, 497940882, 20, 0, 1
11809, 497952691, 36, 0, 1
7503, 497960194, 33, 0, 1
5633, 497965827, 16, 0, 1
5658, 497971485, 14, 0, 1
11830, 497983315, 49, 0, 1
6146, 497989461, 31, 0, 1
5640, 497995101, 13, 0, 1
5658, 498000759, 16, 0, 1
11818, 498012577, 26, 0, 1
6151, 498018728, 16, 0, 1
5662, 498024390, 19, 0, 1
5657, 498030047, 16, 0, 1
11791, 498041838, 40, 0, 1
6138, 498047976, 15, 0, 1
5658, 498053634, 10, 0, 1
5657, 498059291, 18, 0, 1
11811, 498071102, 29, 0, 1
6126, 498077228, 19, 0, 1
5639, 498082867, 18, 0, 1
5657, 498088524, 19, 0, 1
11806, 498100330, 32, 0, 1
6164, 498106494, 16, 0, 1
5645, 498112139, 20, 0, 1
5658, 498117797, 8, 0, 1
11804, 498129601, 39, 0, 1
6137, 498135738, 23, 0, 1
5658, 498141396, 9, 0, 1
5652, 498147048, 13, 0, 1
11788, 498158836, 39, 0, 1
6138, 498164974, 18, 0, 1
5658, 498170632, 10, 0, 1
5658, 498176290, 21, 0, 1
11780, 498188070, 42, 0, 1
6138, 498194208, 14, 0, 1
5643, 498199851, 19, 0, 1
5658, 498205509, 9, 0, 1
11840, 498217349, 51, 0, 1
6138, 498223487, 15, 0, 1
5637, 498229124, 23, 0, 1
5661, 498234785, 22, 0, 1
11814, 498246599, 39, 0, 1
6151, 498252750, 14, 0, 1
5640, 498258390, 18, 0, 1
5658, 498264048, 10, 0, 1
11780, 498275828, 39, 0, 1
6138, 498281966, 14, 0, 1
5650, 498287616, 28, 0, 1
5658, 498293274, 9, 0, 1
11825, 498305099, 27, 0, 1
6138, 498311237, 18, 0, 1
5616, 498316853, 20, 0, 1
5652, 498322505, 14, 0, 1
13169, 498335674, 59, 0, 1
6148, 498341822, 22, 0, 1
5652, 498347474, 11, 0, 1
5661, 498353135, 25, 0, 1
11829, 498364964, 52, 0, 1
6128, 498371092, 26, 0, 1
5645, 498376737, 28, 0, 1
5658, 498382395, 15, 0, 1
11802, 498394197, 40, 0, 1
6113, 498400310, 25, 0, 1
5658, 498405968, 11, 0, 1
5652, 498411620, 12, 0, 1
11768, 498423388, 34, 0, 1
6138, 498429526, 14, 0, 1
5645, 498435171, 18, 0, 1
5658, 498440829, 30, 0, 1
11825, 498452654, 30, 0, 1
6138, 498458792, 16, 0, 1
5650, 498464442, 24, 0, 1
5644, 498470086, 24, 0, 1
11751, 498481837, 39, 0, 1
6166, 498488003, 37, 0, 1
5651, 498493654, 22, 0, 1
5658, 498499312, 14, 0, 1
11780, 498511092, 34, 0, 1
6138, 498517230, 15, 0, 1
5647, 498522877, 28, 0, 1
5658, 498528535, 10, 0, 1
11764, 498540299, 39, 0, 1
6138, 498546437, 17, 0, 1
5652, 498552089, 13, 0, 1
5651, 498557740, 18, 0, 1
11794, 498569534, 26, 0, 1
6151, 498575685, 15, 0, 1
5632, 498581317, 21, 0, 1
5645, 498586962, 18, 0, 1
11811, 498598773, 33, 0, 1
9477, 498608250, 185, 1, 1
913385, 499521635, 15354, 430, 5
6706, 499528341, 48, 0, 1
13131, 499541472, 74, 0, 1
6085, 499547557, 38, 0, 1
12223, 499559780, 383, 16, 1
6656, 499566436, 38, 0, 1
13111, 499579547, 36, 0, 1
5644, 499585191, 23, 0, 1
4629955, 4629955, 88693, 302, 16
15256738, 19886693, 48298, 1147, 8
19223568, 39110261, 17817, 505, 3
6587044, 45697305, 10890, 156, 6
19486666, 65183971, 19320, 392, 3
19668274, 84852245, 18412, 510, 3
18589799, 103442044, 24835, 833, 3
19346237, 122788281, 19984, 271, 3
19156846, 141945127, 19588, 220, 3
19817632, 161762759, 18816, 252, 3
19682999, 181445758, 21460, 602, 3
19520468, 200966226, 20111, 314, 3
19677766, 220643992, 19580, 790, 3
19654678, 240298670, 19108, 260, 3
18123581, 258422251, 25762, 572, 3
19460578, 277882829, 20536, 256, 3
19214873, 297097702, 19768, 440, 3
19773269, 316870971, 19788, 450, 3
19708796, 336579767, 20010, 450, 3
19680781, 356260548, 21609, 416, 3
19708378, 375968926, 20115, 426, 3
19851565, 395820491, 19458, 208, 3
19779823, 415600314, 19770, 455, 3
19694991, 435295305, 20281, 239, 3
19718071, 455013376, 20140, 285, 3
19758862, 474772238, 19837, 757, 3
17276493, 492048731, 32004, 291, 3
6408422, 498457153, 12423, 13, 6
5610, 498462763, 28, 0, 1
5658, 498468421, 15, 0, 1
6136, 498474557, 21, 0, 1
11794, 498486351, 40, 0, 1
5658, 498492009, 14, 0, 1
5652, 498497661, 15, 0, 1
6154, 498503815, 22, 0, 1
11770, 498515585, 30, 0, 1
5651, 498521236, 16, 0, 1
5634, 498526870, 20, 0, 1
7062, 498533932, 109, 3, 1
11774, 498545706, 42, 0, 1
5627, 498551333, 23, 0, 1
5658, 498556991, 9, 0, 1
6160, 498563151, 15, 0, 1
11788, 498574939, 35, 0, 1
5639, 498580578, 17, 0, 1
5649, 498586227, 25, 0, 1
6149, 498592376, 20, 0, 1
11775, 498604151, 47, 0, 1
5645, 498609796, 25, 0, 1
5658, 498615454, 11, 0, 1
6160, 498621614, 14, 0, 1
11796, 498633410, 28, 0, 1
5639, 498639049, 23, 0, 1
7028, 498646077, 93, 0, 1
6146, 498652223, 23, 0, 1
11778, 498664001, 28, 0, 1
5634, 498669635, 20, 0, 1
5658, 498675293, 12, 0, 1
6173, 498681466, 15, 0, 1
11793, 498693259, 41, 0, 1
5658, 498698917, 14, 0, 1
5658, 498704575, 11, 0, 1
6140, 498710715, 25, 0, 1
11792, 498722507, 40, 0, 1
5640, 498728147, 20, 0, 1
5658, 498733805, 10, 0, 1
6160, 498739965, 17, 0, 1
11766, 498751731, 35, 0, 1
5658, 498757389, 11, 0, 1
5658, 498763047, 9, 0, 1
6149, 498769196, 22, 0, 1
11766, 498780962, 44, 0, 1
5610, 498786572, 18, 0, 1
5657, 498792229, 16, 0, 1
6142, 498798371, 19, 0, 1
11803, 498810174, 42, 0, 1
5644, 498815818, 21, 0, 1
5651, 498821469, 21, 0, 1
6167, 498827636, 18, 0, 1
11786, 498839422, 36, 0, 1
5658, 498845080, 10, 0, 1
5663, 498850743, 28, 0, 1
6160, 498856903, 17, 0, 1
11790, 498868693, 30, 0, 1
5644, 498874337, 24, 0, 1
5652, 498879989, 14, 0, 1
6160, 498886149, 17, 0, 1
11775, 498897924, 47, 0, 1
5652, 498903576, 15, 0, 1
5658, 498909234, 12, 0, 1
6160, 498915394, 23, 0, 1
11778, 498927172, 26, 0, 1
5645, 498932817, 18, 0, 1
5658, 498938475, 8, 0, 1
6158, 498944633, 20, 0, 1
11806, 498956439, 44, 0, 1
5658, 498962097, 13, 0, 1
5658, 498967755, 11, 0, 1
6639, 498974394, 65, 0, 1
12990, 498987384, 70, 0, 1
6337, 498993721, 23, 0, 1
6333, 499000054, 17, 0, 1
6629, 499006683, 27, 0, 1
11755, 499018438, 46, 0, 1
7021, 499025459, 46, 0, 1
5658, 499031117, 8, 0, 1
6160, 499037277, 15, 0, 1
12219, 499049496, 38, 0, 1
6105, 499055601, 21, 0, 1
6103, 499061704, 27, 0, 1
6104, 499067808, 22, 0, 1
12247, 499080055, 47, 0, 1
6115, 499086170, 21, 0, 1
6115, 499092285, 23, 0, 1
6104, 499098389, 20, 0, 1
12239, 499110628, 32, 0, 1
6116, 499116744, 17, 0, 1
5651, 499122395, 19, 0, 1
6126, 499128521, 25, 0, 1
12234, 499140755, 44, 0, 1
6092, 499146847, 21, 0, 1
5658, 499152505, 12, 0, 1
15202, 499167707, 318, 1, 1
11752, 499179459, 54, 0, 1
5658, 499185117, 12, 0, 1
5658, 499190775, 8, 0, 1
6123, 499196898, 27, 0, 1
11802, 499208700, 37, 0, 1
5658, 499214358, 13, 0, 1
5657, 499220015, 28, 0, 1
6112, 499226127, 22, 0, 1
11796, 499237923, 26, 0, 1
5628, 499243551, 14, 0, 1
5658, 499249209, 17, 0, 1
6160, 499255369, 21, 0, 1
11777, 499267146, 21, 0, 1
5658, 499272804, 11, 0, 1
5658, 499278462, 11, 0, 1
11789, 499290251, 42, 0, 1
6138, 499296389, 16, 0, 1
5651, 499302040, 17, 0, 1
5658, 499307698, 9, 0, 1
11829, 499319527, 44, 0, 1
6138, 499325665, 15, 0, 1
5658, 499331323, 10, 0, 1
5668, 499336991, 18, 0, 1
11822, 499348813, 44, 0, 1
6121, 499354934, 22, 0, 1
5642, 499360576, 21, 0, 1
5665, 499366241, 24, 0, 1
11820, 499378061, 50, 0, 1
6138, 499384199, 18, 0, 1
5658, 499389857, 13, 0, 1
5658, 499395515, 11, 0, 1
11831, 499407346, 26, 0, 1
7503, 499414849, 42, 0, 1
5658, 499420507, 13, 0, 1
5649, 499426156, 24, 0, 1
11817, 499437973, 30, 0, 1
6151, 499444124, 25, 0, 1
5658, 499449782, 12, 0, 1
5658, 499455440, 9, 0, 1
11815, 499467255, 37, 0, 1
6145, 499473400, 16, 0, 1
5628, 499479028, 24, 0, 1
5658, 499484686, 11, 0, 1
11837, 499496523, 38, 0, 1
6138, 499502661, 17, 0, 1
5640, 499508301, 12, 0, 1
5651, 499513952, 28, 0, 1
11816, 499525768, 37, 0, 1
6116, 499531884, 27, 0, 1
5658, 499537542, 18, 0, 1
5648, 499543190, 20, 0, 1
11821, 499555011, 52, 0, 1
6138, 499561149, 18, 0, 1
5658, 499566807, 11, 0, 1
5660, 499572467, 24, 0, 1
11804, 499584271, 31, 0, 1
6144, 499590415, 21, 0, 1
5645, 499596060, 20, 0, 1
5646, 499601706, 21, 0, 1
11810, 499613516, 28, 0, 1
6119, 499619635, 27, 0, 1
5658, 499625293, 11, 0, 1
5649, 499630942, 23, 0, 1
11788, 499642730, 40, 0, 1
6138, 499648868, 18, 0, 1
5634, 499654502, 19, 0, 1
5652, 499660154, 16, 0, 1
11792, 499671946, 42, 0, 1
6164, 499678110, 18, 0, 1
5621, 499683731, 19, 0, 1
5658, 499689389, 12, 0, 1
11792, 499701181, 35, 0, 1
6126, 499707307, 21, 0, 1
5640, 499712947, 16, 0, 1
5651, 499718598, 17, 0, 1
11821, 499730419, 39, 0, 1
6138, 499736557, 16, 0, 1
5649, 499742206, 26, 0, 1
5658, 499747864, 11, 0, 1
11806, 499759670, 47, 0, 1
6138, 499765808, 16, 0, 1
5658, 499771466, 10, 0, 1
5654, 499777120, 22, 0, 1
13202, 499790322, 42, 0, 1
6125, 499796447, 25, 0, 1
5621, 499802068, 20, 0, 1
5658, 499807726, 12, 0, 1
11791, 499819517, 38, 0, 1
6151, 499825668, 19, 0, 1
5638, 499831306, 20, 0, 1
5652, 499836958, 13, 0, 1
11809, 499848767, 38, 0, 1
6138, 499854905, 13, 0, 1
5639, 499860544, 18, 0, 1
5652, 499866196, 10, 0, 1
11744, 499877940, 34, 0, 1
6138, 499884078, 16, 0, 1
6130, 499890208, 41, 0, 1
5646, 499895854, 18, 0, 1
11795, 499907649, 33, 0, 1
6151, 499913800, 16, 0, 1
5658, 499919458, 20, 0, 1
5658, 499925116, 11, 0, 1
11762, 499936878, 41, 0, 1
6139, 499943017, 29, 0, 1
5654, 499948671, 26, 0, 1
5658, 499954329, 5, 0, 1
11825, 499966154, 37, 0, 1
6138, 499972292, 16, 0, 1
5655, 499977947, 22, 0, 1
5651, 499983598, 12, 0, 1
11818, 499995416, 20, 0, 1
6132, 500001548, 13, 0, 1
5658, 500007206, 7, 0, 1
5652, 500012858, 12, 0, 1
11799, 500024657, 40, 0, 1
6135, 500030792, 25, 0, 1
5658, 500036450, 11, 0, 1
5658, 500042108, 14, 0, 1
11791, 500053899, 43, 0, 1
6164, 500060063, 18, 0, 1
5645, 500065708, 14, 0, 1
5652, 500071360, 13, 0, 1
11818, 500083178, 31, 0, 1
6138, 500089316, 16, 0, 1
5638, 500094954, 22, 0, 1
5650, 500100604, 24, 0, 1
11808, 500112412, 47, 0, 1
6138, 500118550, 16, 0, 1
5658, 500124208, 13, 0, 1
5658, 500129866, 8, 0, 1
11780, 500141646, 33, 0, 1
6151, 500147797, 16, 0, 1
5652, 500153449, 14, 0, 1
5658, 500159107, 8, 0, 1
13169, 500172276, 57, 0, 1
6114, 500178390, 20, 0, 1
5639, 500184029, 17, 0, 1
5646, 500189675, 22, 0, 1
11840, 500201515, 31, 0, 1
6133, 500207648, 25, 0, 1
5658, 500213306, 11, 0, 1
5652, 500218958, 13, 0, 1
11775, 500230733, 38, 0, 1
6138, 500236871, 17, 0, 1
5652, 500242523, 13, 0, 1
5651, 500248174, 19, 0, 1
11793, 500259967, 42, 0, 1
6138, 500266105, 15, 0, 1
5658, 500271763, 9, 0, 1
5657, 500277420, 20, 0, 1
11820, 500289240, 39, 0, 1
6151, 500295391, 16, 0, 1
5625, 500301016, 21, 0, 1
5657, 500306673, 20, 0, 1
11789, 500318462, 48, 0, 1
6130, 500324592, 23, 0, 1
5657, 500330249, 18, 0, 1
5658, 500335907, 9, 0, 1
11799, 500347706, 38, 0, 1
6120, 500353826, 27, 0, 1
5658, 500359484, 12, 0, 1
5652, 500365136, 13, 0, 1
11790, 500376926, 39, 0, 1
6127, 500383053, 23, 0, 1
5652, 500388705, 17, 0, 1
5646, 500394351, 12, 0, 1
11770, 500406121, 27, 0, 1
6138, 500412259, 19, 0, 1
5615, 500417874, 20, 0, 1
5658, 500423532, 10, 0, 1
11802, 500435334, 34, 0, 1
6132, 500441466, 21, 0, 1
5627, 500447093, 19, 0, 1
5652, 500452745, 16, 0, 1
11763, 500464508, 35, 0, 1
6111, 500470619, 29, 0, 1
5658, 500476277, 11, 0, 1
5657, 500481934, 19, 0, 1
11789, 500493723, 27, 0, 1
6138, 500499861, 18, 0, 1
5633, 500505494, 18, 0, 1
5652, 500511146, 13, 0, 1
11775, 500522921, 35, 0, 1
6151, 500529072, 18, 0, 1
5621, 500534693, 20, 0, 1
7023, 500541716, 27, 0, 1
11792, 500553508, 31, 0, 1
6138, 500559646, 17, 0, 1
5658, 500565304, 10, 0, 1
5658, 500570962, 9, 0, 1
11807, 500582769, 25, 0, 1
6122, 500588891, 26, 0, 1
5658, 500594549, 12, 0, 1
5626, 500600175, 19, 0, 1
11769, 500611944, 38, 0, 1
6144, 500618088, 21, 0, 1
5645, 500623733, 18, 0, 1
5658, 500629391, 11, 0, 1
11813, 500641204, 49, 0, 1
6096, 500647300, 20, 0, 1
5658, 500652958, 11, 0, 1
5657, 500658615, 24, 0, 1
11774, 500670389, 44, 0, 1
6138, 500676527, 15, 0, 1
5656, 500682183, 26, 0, 1
5651, 500687834, 19, 0, 1
895576, 501583410, 15351, 410, 5
6711, 501590121, 55, 0, 1
6707, 501596828, 35, 0, 1
6682, 501603510, 37, 0, 1
18690, 501622200, 358, 9, 1
6740, 501628940, 31, 0, 1
6655, 501635595, 23, 0, 1
7988, 501643583, 145, 8, 1
2495209, 2495209, 52207, 89, 4
10633564, 13128773, 76397, 1097, 8
19189451, 32318224, 19524, 611, 3
19327772, 51645996, 20963, 465, 3
19201180, 70847176, 21171, 531, 3
19654124, 90501300, 17697, 483, 3
19636835, 110138135, 18140, 181, 3
19677636, 129815771, 18979, 249, 3
19138870, 148954641, 24239, 684, 3
19384170, 168338811, 18798, 498, 3
19243530, 187582341, 19042, 238, 3
19619350, 207201691, 21518, 612, 3
19757801, 226959492, 19017, 505, 3
19695111, 246654603, 18548, 209, 3
19067224, 265721827, 24267, 461, 3
19520245, 285242072, 20888, 408, 3
19026344, 304268416, 19557, 336, 3
19664776, 323933192, 19205, 279, 3
19459882, 343393074, 19682, 677, 3
19709454, 363102528, 19496, 260, 3
19851021, 382953549, 19143, 475, 3
19637643, 402591192, 19602, 226, 3
19844485, 422435677, 19131, 390, 3
19789088, 442224765, 19646, 177, 3
19756997, 461981762, 19227, 451, 3
19752236, 481733998, 19387, 516, 3
11762014, 493496012, 29294, 19, 19
2862388, 496358400, 7448, 6, 5
5652, 496364052, 43, 0, 1
5646, 496369698, 22, 0, 1
6160, 496375858, 15, 0, 1
11742, 496387600, 35, 0, 1
5673, 496393273, 35, 0, 1
7035, 496400308, 90, 0, 1
6155, 496406463, 25, 0, 1
11781, 496418244, 41, 0, 1
5634, 496423878, 15, 0, 1
5652, 496429530, 21, 0, 1
6158, 496435688, 26, 0, 1
11796, 496447484, 35, 0, 1
5628, 496453112, 15, 0, 1
5657, 496458769, 16, 0, 1
6160, 496464929, 18, 0, 1
11787, 496476716, 45, 0, 1
5652, 496482368, 14, 0, 1
5658, 496488026, 9, 0, 1
6148, 496494174, 29, 0, 1
11766, 496505940, 40, 0, 1
5658, 496511598, 11, 0, 1
5658, 496517256, 10, 0, 1
6160, 496523416, 18, 0, 1
11805, 496535221, 51, 0, 1
5658, 496540879, 11, 0, 1
5658, 496546537, 12, 0, 1
6149, 496552686, 21, 0, 1
11769, 496564455, 46, 0, 1
5640, 496570095, 15, 0, 1
5648, 496575743, 23, 0, 1
6160, 496581903, 19, 0, 1
11807, 496593710, 35, 0, 1
5658, 496599368, 11, 0, 1
5657, 496605025, 16, 0, 1
6154, 496611179, 19, 0, 1
11781, 496622960, 48, 0, 1
5633, 496628593, 18, 0, 1
5658, 496634251, 16, 0, 1
6167, 496640418, 21, 0, 1
11790, 496652208, 35, 0, 1
5658, 496657866, 13, 0, 1
5658, 496663524, 15, 0, 1
6159, 496669683, 20, 0, 1
11801, 496681484, 29, 0, 1
5637, 496687121, 20, 0, 1
5658, 496692779, 8, 0, 1
6160, 496698939, 16, 0, 1
11777, 496710716, 37, 0, 1
5645, 496716361, 24, 0, 1
5646, 496722007, 12, 0, 1
6147, 496728154, 28, 0, 1
11774, 496739928, 38, 0, 1
5645, 496745573, 18, 0, 1
5658, 496751231, 10, 0, 1
6160, 496757391, 19, 0, 1
11776, 496769167, 32, 0, 1
7035, 496776202, 25, 0, 1
5658, 496781860, 14, 0, 1
6173, 496788033, 22, 0, 1
11790, 496799823, 27, 0, 1
5637, 496805460, 23, 0, 1
5658, 496811118, 5, 0, 1
6147, 496817265, 19, 0, 1
11773, 496829038, 33, 0, 1
5657, 496834695, 21, 0, 1
5656, 496840351, 14, 0, 1
6154, 496846505, 21, 0, 1
11790, 496858295, 31, 0, 1
5646, 496863941, 15, 0, 1
5658, 496869599, 8, 0, 1
6693, 496876292, 58, 0, 1
12996, 496889288, 52, 0, 1
6309, 496895597, 20, 0, 1
5642, 496901239, 23, 0, 1
6604, 496907843, 27, 0, 1
11780, 496919623, 39, 0, 1
5640, 496925263, 11, 0, 1
5645, 496930908, 20, 0, 1
6148, 496937056, 27, 0, 1
12234, 496949290, 47, 0, 1
6107, 496955397, 26, 0, 1
6116, 496961513, 19, 0, 1
6123, 496967636, 22, 0, 1
12217, 496979853, 34, 0, 1
6116, 496985969, 17, 0, 1
6104, 496992073, 18, 0, 1
6116, 496998189, 16, 0, 1
12185, 497010374, 46, 0, 1
6105, 497016479, 23, 0, 1
5658, 497022137, 11, 0, 1
6132, 497028269, 25, 0, 1
11758, 497040027, 37, 0, 1
5656, 497045683, 23, 0, 1
5645, 497051328, 12, 0, 1
6154, 497057482, 18, 0, 1
11803, 497069285, 24, 0, 1
5622, 497074907, 14, 0, 1
5658, 497080565, 11, 0, 1
6153, 497086718, 19, 0, 1
11787, 497098505, 35, 0, 1
5640, 497104145, 13, 0, 1
5645, 497109790, 23, 0, 1
6173, 497115963, 15, 0, 1
11784, 497127747, 29, 0, 1
5631, 497133378, 22, 0, 1
5658, 497139036, 15, 0, 1
6146, 497145182, 21, 0, 1
13199, 497158381, 32, 0, 1
5615, 497163996, 18, 0, 1
5651, 497169647, 28, 0, 1
11817, 497181464, 32, 0, 1
6138, 497187602, 19, 0, 1
5661, 497193263, 28, 0, 1
5651, 497198914, 16, 0, 1
11806, 497210720, 37, 0, 1
6138, 497216858, 15, 0, 1
5643, 497222501, 21, 0, 1
5656, 497228157, 21, 0, 1
11818, 497239975, 22, 0, 1
6136, 497246111, 32, 0, 1
5610, 497251721, 20, 0, 1
5658, 497257379, 10, 0, 1
20881, 497278260, 358, 1, 1
6138, 497284398, 22, 0, 1
5652, 497290050, 19, 0, 1
5645, 497295695, 21, 0, 1
11817, 497307512, 46, 0, 1
6139, 497313651, 18, 0, 1
5639, 497319290, 21, 0, 1
5638, 497324928, 27, 0, 1
11803, 497336731, 43, 0, 1
6130, 497342861, 21, 0, 1
5631, 497348492, 22, 0, 1
5658, 497354150, 26, 0, 1
11788, 497365938, 32, 0, 1
6120, 497372058, 25, 0, 1
5650, 497377708, 19, 0, 1
5658, 497383366, 9, 0, 1
11811, 497395177, 35, 0, 1
6151, 497401328, 16, 0, 1
5649, 497406977, 22, 0, 1
5653, 497412630, 27, 0, 1
11806, 497424436, 32, 0, 1
6118, 497430554, 29, 0, 1
5628, 497436182, 18, 0, 1
5658, 497441840, 9, 0, 1
11793, 497453633, 32, 0, 1
6138, 497459771, 16, 0, 1
5650, 497465421, 28, 0, 1
5634, 497471055, 17, 0, 1
11788, 497482843, 33, 0, 1
6138, 497488981, 16, 0, 1
5646, 497494627, 17, 0, 1
5646, 497500273, 11, 0, 1
11831, 497512104, 19, 0, 1
6138, 497518242, 14, 0, 1
5628, 497523870, 14, 0, 1
5661, 497529531, 21, 0, 1
13194, 497542725, 54, 0, 1
6164, 497548889, 17, 0, 1
5632, 497554521, 21, 0, 1
5650, 497560171, 30, 0, 1
11778, 497571949, 45, 0, 1
6138, 497578087, 16, 0, 1
5658, 497583745, 13, 0, 1
5658, 497589403, 13, 0, 1
11817, 497601220, 39, 0, 1
6129, 497607349, 33, 0, 1
5658, 497613007, 12, 0, 1
5656, 497618663, 23, 0, 1
11785, 497630448, 37, 0, 1
6151, 497636599, 16, 0, 1
5622, 497642221, 22, 0, 1
5658, 497647879, 13, 0, 1
11805, 497659684, 30, 0, 1
6138, 497665822, 17, 0, 1
5632, 497671454, 19, 0, 1
5637, 497677091, 23, 0, 1
11791, 497688882, 43, 0, 1
6120, 497695002, 18, 0, 1
5620, 497700622, 22, 0, 1
5658, 497706280, 9, 0, 1
11761, 497718041, 42, 0, 1
6138, 497724179, 17, 0, 1
5648, 497729827, 24, 0, 1
5655, 497735482, 25, 0, 1
11825, 497747307, 28, 0, 1
6127, 497753434, 33, 0, 1
5654, 497759088, 31, 0, 1
5646, 497764734, 19, 0, 1
11817, 497776551, 46, 0, 1
6131, 497782682, 31, 0, 1
6106, 497788788, 20, 0, 1
5658, 497794446, 12, 0, 1
11796, 497806242, 21, 0, 1
6131, 497812373, 24, 0, 1
5658, 497818031, 15, 0, 1
5645, 497823676, 26, 0, 1
11822, 497835498, 35, 0, 1
6138, 497841636, 15, 0, 1
5615, 497847251, 22, 0, 1
5643, 497852894, 19, 0, 1
11790, 497864684, 45, 0, 1
6139, 497870823, 22, 0, 1
5640, 497876463, 15, 0, 1
5658, 497882121, 12, 0, 1
11803, 497893924, 35, 0, 1
6138, 497900062, 17, 0, 1
5651, 497905713, 19, 0, 1
5643, 497911356, 23, 0, 1
13220, 497924576, 77, 1, 1
6138, 497930714, 16, 0, 1
5648, 497936362, 25, 0, 1
5647, 497942009, 24, 0, 1
11802, 497953811, 45, 0, 1
6135, 497959946, 24, 0, 1
5658, 497965604, 11, 0, 1
5658, 497971262, 10, 0, 1
11796, 497983058, 47, 0, 1
6138, 497989196, 17, 0, 1
5658, 497994854, 16, 0, 1
5657, 498000511, 17, 0, 1
11750, 498012261, 35, 0, 1
14345, 498026606, 255, 8, 1
5644, 498032250, 30, 0, 1
5657, 498037907, 20, 0, 1
11794, 498049701, 36, 0, 1
6102, 498055803, 21, 0, 1
5639, 498061442, 17, 0, 1
5657, 498067099, 19, 0, 1
11823, 498078922, 41, 0, 1
6138, 498085060, 18, 0, 1
5658, 498090718, 13, 0, 1
5660, 498096378, 26, 0, 1
11817, 498108195, 32, 0, 1
6145, 498114340, 18, 0, 1
5633, 498119973, 17, 0, 1
5638, 498125611, 23, 0, 1
11794, 498137405, 45, 0, 1
6138, 498143543, 17, 0, 1
5657, 498149200, 16, 0, 1
5656, 498154856, 23, 0, 1
11820, 498166676, 36, 0, 1
6138, 498172814, 16, 0, 1
5649, 498178463, 17, 0, 1
5658, 498184121, 10, 0, 1
11799, 498195920, 40, 0, 1
6137, 498202057, 25, 0, 1
5652, 498207709, 15, 0, 1
5649, 498213358, 22, 0, 1
11835, 498225193, 51, 0, 1
6138, 498231331, 15, 0, 1
5651, 498236982, 14, 0, 1
5658, 498242640, 10, 0, 1
11806, 498254446, 30, 0, 1
6151, 498260597, 16, 0, 1
5645, 498266242, 19, 0, 1
5651, 498271893, 19, 0, 1
12498, 498284391, 63, 0, 1
6591, 498290982, 30, 0, 1
6361, 498297343, 24, 0, 1
7710, 498305053, 34, 0, 1
12291, 498317344, 56, 0, 1
6138, 498323482, 20, 0, 1
5651, 498329133, 17, 0, 1
5656, 498334789, 27, 0, 1
11770, 498346559, 35, 0, 1
6158, 498352717, 17, 0, 1
5643, 498358360, 23, 0, 1
5658, 498364018, 14, 0, 1
11818, 498375836, 48, 0, 1
6138, 498381974, 14, 0, 1
5652, 498387626, 10, 0, 1
5646, 498393272, 18, 0, 1
11801, 498405073, 31, 0, 1
6147, 498411220, 36, 0, 1
5658, 498416878, 11, 0, 1
5658, 498422536, 11, 0, 1
11817, 498434353, 39, 0, 1
6132, 498440485, 26, 0, 1
5640, 498446125, 12, 0, 1
5652, 498451777, 25, 0, 1
11783, 498463560, 35, 0, 1
6138, 498469698, 14, 0, 1
5658, 498475356, 12, 0, 1
5656, 498481012, 15, 0, 1
11817, 498492829, 25, 0, 1
6151, 498498980, 17, 0, 1
5633, 498504613, 22, 0, 1
5658, 498510271, 10, 0, 1
11805, 498522076, 45, 0, 1
6138, 498528214, 16, 0, 1
5646, 498533860, 17, 0, 1
5639, 498539499, 15, 0, 1
11824, 498551323, 44, 0, 1
6120, 498557443, 18, 0, 1
5658, 498563101, 10, 0, 1
5652, 498568753, 11, 0, 1
11770, 498580523, 30, 0, 1
6142, 498586665, 24, 0, 1
5657, 498592322, 13, 0, 1
8997, 498601319, 167, 0, 1
899676, 499500995, 15081, 363, 5
6683, 499507678, 62, 0, 1
6434, 499514112, 38, 0, 1
6662, 499520774, 32, 0, 1
18753, 499539527, 392, 6, 1
6107, 499545634, 32, 0, 1
6718, 499552352, 21, 0, 1
