3487685 3487685 68129 192
11493471 14981156 64697 2206
19401284 34382440 18762 1330
19152479 53534919 20840 1782
19280059 72814978 21757 1450
19615452 92430430 19872 1091
19552351 111982781 19107 1315
19675501 131658282 19055 969
18674814 150333096 25612 1401
19618433 169951529 20323 1052
19120905 189072434 19251 254
19626621 208699055 19393 1402
19557170 228256225 21439 1314
19657776 247914001 20198 927
18952847 266866848 24371 787
19618894 286485742 19231 1130
18898743 305384485 20308 989
19623486 325007971 19667 1170
19376944 344384915 19898 1485
19660533 364045448 19377 1095
19886717 383932165 18764 725
19680964 403613129 19798 1046
19853489 423466618 19011 661
19804819 443271437 18827 766
19653163 462924600 19467 1159
19741442 482666042 19851 1277
11043616 493709658 27935 47
2649442 496359100 6369 9
6116 496365216 39 0
13140 496378356 118 0
5658 496384014 10 0
5652 496389666 13 0
6160 496395826 17 0
11808 496407634 31 0
5646 496413280 18 0
5658 496418938 12 0
6145 496425083 27 0
11757 496436840 37 0
5655 496442495 26 0
5652 496448147 12 0
6131 496454278 20 0
11771 496466049 35 0
5645 496471694 21 0
5645 496477339 17 0
6156 496483495 34 0
11746 496495241 42 0
5652 496500893 27 0
5658 496506551 11 0
6142 496512693 20 0
11770 496524463 40 0
5652 496530115 16 0
5638 496535753 26 0
15241 496550994 309 0
11780 496562774 57 0
5658 496568432 10 0
5652 496574084 13 0
6129 496580213 22 0
11783 496591996 28 0
5616 496597612 17 0
5645 496603257 17 0
6179 496609436 23 0
11796 496621232 19 0
5640 496626872 13 0
5650 496632522 21 0
6160 496638682 14 0
11803 496650485 23 0
5644 496656129 17 0
5649 496661778 26 0
6160 496667938 15 0
11772 496679710 43 0
5643 496685353 25 0
5658 496691011 10 0
6161 496697172 21 0
11781 496708953 34 0
5645 496714598 22 0
5658 496720256 9 0
6145 496726401 28 0
11770 496738171 37 0
5651 496743822 20 0
5658 496749480 12 0
6112 496755592 23 0
13170 496768762 49 0
5639 496774401 23 0
5658 496780059 8 0
6160 496786219 21 0
11769 496797988 35 0
5658 496803646 17 0
5646 496809292 12 0
6134 496815426 25 0
11795 496827221 34 0
5658 496832879 15 0
5663 496838542 28 0
6173 496844715 18 0
11769 496856484 39 0
5647 496862131 15 0
5649 496867780 25 0
6160 496873940 16 0
12342 496886282 45 0
6321 496892603 25 0
5636 496898239 19 0
6680 496904919 25 0
12924 496917843 38 0
5622 496923465 20 0
5657 496929122 13 0
6173 496935295 15 0
12200 496947495 45 0
6116 496953611 18 0
6098 496959709 21 0
6113 496965822 31 0
12228 496978050 42 0
6116 496984166 16 0
6116 496990282 19 0
6104 496996386 24 0
12166 497008552 39 0
6090 497014642 28 0
6116 497020758 17 0
6098 497026856 23 0
11777 497038633 40 0
6116 497044749 18 0
5648 497050397 29 0
6138 497056535 16 0
11777 497068312 33 0
5633 497073945 21 0
5651 497079596 18 0
6173 497085769 16 0
11793 497097562 37 0
5658 497103220 13 0
5657 497108877 22 0
6160 497115037 16 0
11790 497126827 26 0
5652 497132479 15 0
5652 497138131 19 0
7537 497145668 27 0
11787 497157455 46 0
5651 497163106 21 0
5663 497168769 30 0
6173 497174942 16 0
11783 497186725 24 0
5649 497192374 26 0
5648 497198022 26 0
6160 497204182 18 0
11797 497215979 29 0
5639 497221618 15 0
5652 497227270 15 0
6117 497233387 25 0
11776 497245163 21 0
5633 497250796 17 0
5651 497256447 11 0
11806 497268253 31 0
6138 497274391 15 0
5622 497280013 19 0
5644 497285657 27 0
11796 497297453 42 0
6138 497303591 19 0
5658 497309249 12 0
5658 497314907 9 0
11800 497326707 34 0
6138 497332845 15 0
5645 497338490 21 0
5658 497344148 10 0
11790 497355938 41 0
6164 497362102 14 0
5658 497367760 11 0
5651 497373411 25 0
11825 497385236 45 0
6138 497391374 15 0
5658 497397032 10 0
5660 497402692 24 0
11795 497414487 41 0
6138 497420625 15 0
5640 497426265 14 0
5657 497431922 22 0
11776 497443698 33 0
7031 497450729 94 1
5623 497456352 18 0
5649 497462001 31 0
11818 497473819 16 0
6138 497479957 15 0
5653 497485610 28 0
5643 497491253 22 0
11787 497503040 35 0
6138 497509178 14 0
5658 497514836 12 0
7029 497521865 26 0
11782 497533647 41 0
6138 497539785 15 0
5632 497545417 21 0
5663 497551080 26 0
11812 497562892 46 0
6138 497569030 14 0
5639 497574669 17 0
5658 497580327 8 0
11803 497592130 44 0
6145 497598275 21 0
5626 497603901 19 0
5641 497609542 27 0
11783 497621325 44 0
6145 497627470 18 0
5652 497633122 15 0
5634 497638756 16 0
11823 497650579 35 0
6138 497656717 16 0
5658 497662375 11 0
5657 497668032 19 0
11809 497679841 47 0
6145 497685986 20 0
5639 497691625 16 0
5646 497697271 24 0
11819 497709090 32 0
6138 497715228 16 0
5645 497720873 16 0
5651 497726524 20 0
11844 497738368 21 0
6119 497744487 21 0
5646 497750133 15 0
5657 497755790 14 0
11820 497767610 41 0
6105 497773715 26 0
5631 497779346 24 0
5658 497785004 29 0
11791 497796795 46 0
6120 497802915 19 0
5650 497808565 25 0
5658 497814223 9 0
11779 497826002 44 0
6138 497832140 27 0
5658 497837798 10 0
5651 497843449 14 0
11813 497855262 47 0
6128 497861390 27 0
5652 497867042 14 0
5649 497872691 23 0
11791 497884482 42 0
6096 497890578 23 0
7035 497897613 31 0
5649 497903262 19 0
11798 497915060 48 0
6127 497921187 22 0
5630 497926817 22 0
5631 497932448 21 0
11805 497944253 27 0
6140 497950393 33 0
5658 497956051 13 0
5640 497961691 13 0
11825 497973516 27 0
6132 497979648 25 0
5652 497985300 14 0
5658 497990958 9 0
11796 498002754 42 0
6138 498008892 15 0
5652 498014544 14 0
5652 498020196 14 0
11806 498032002 33 0
6138 498038140 15 0
5663 498043803 25 0
5658 498049461 23 0
11794 498061255 27 0
6151 498067406 17 0
5643 498073049 24 0
5651 498078700 19 0
11814 498090514 38 0
6106 498096620 24 0
5645 498102265 19 0
5658 498107923 13 0
11842 498119765 47 0
6138 498125903 15 0
5648 498131551 20 0
5638 498137189 19 0
11788 498148977 28 0
6151 498155128 12 0
5652 498160780 24 0
5658 498166438 8 0
11799 498178237 33 0
6138 498184375 15 0
5610 498189985 17 0
5610 498195595 16 0
11816 498207411 44 0
6095 498213506 24 0
5648 498219154 29 0
5652 498224806 12 0
11810 498236616 31 0
6138 498242754 13 0
5652 498248406 16 0
5657 498254063 23 0
11823 498265886 34 0
7515 498273401 27 0
5627 498279028 21 0
5650 498284678 21 0
11791 498296469 34 0
6138 498302607 18 0
5630 498308237 23 0
5667 498313904 26 0
11806 498325710 31 0
6143 498331853 27 0
5658 498337511 12 0
5658 498343169 10 0
11834 498355003 42 0
6144 498361147 31 0
5634 498366781 14 0
5666 498372447 26 0
11822 498384269 49 0
6151 498390420 18 0
5646 498396066 13 0
5652 498401718 12 0
11815 498413533 51 0
6138 498419671 15 0
5637 498425308 23 0
5658 498430966 7 0
11781 498442747 39 0
6138 498448885 14 0
5620 498454505 20 0
5658 498460163 10 0
11798 498471961 42 0
6138 498478099 14 0
5652 498483751 15 0
5651 498489402 19 0
11801 498501203 32 0
6138 498507341 18 0
5640 498512981 14 0
5652 498518633 13 0
11799 498530432 36 0
6137 498536569 27 0
5658 498542227 10 0
5657 498547884 22 0
11814 498559698 38 0
6138 498565836 13 0
5626 498571462 19 0
5652 498577114 19 0
11818 498588932 30 0
6126 498595058 16 0
5640 498600698 15 0
5658 498606356 7 0
931670 499538026 15463 286
6967 499544993 90 2
6434 499551427 28 0
8046 499559473 108 0
18631 499578104 390 4
6687 499584791 45 0
6661 499591452 24 0
5637 499597089 21 0
15074 499612163 183 2
3811442 3811442 72869 181
12724290 16535732 62799 1315
19562463 36098195 17468 831
19077001 55175196 20339 1064
19465189 74640385 21221 1054
19592011 94232396 19883 910
19516417 113748813 18407 900
18924509 132673322 23793 1347
19180251 151853573 18500 511
19831526 171685099 18926 814
19227404 190912503 20371 411
19607252 210519755 19137 1268
19631297 230151052 18546 1034
19520073 249671125 20255 969
18759882 268431007 23458 738
19385307 287816314 18396 1188
18908597 306724911 18902 1005
19543453 326268364 19092 1209
19844987 346113351 19066 1579
19633554 365746905 18634 1088
19794760 385541665 18406 816
19567810 405109475 19237 1342
19793503 424902978 18319 634
19773862 444676840 18300 828
19650163 464327003 18543 1456
19286693 483613696 22052 1341
10813682 494427378 25376 12
2020409 496447787 5421 6
6073 496453860 33 0
11779 496465639 49 0
5646 496471285 17 0
5651 496476936 28 0
6128 496483064 28 0
11804 496494868 30 0
5634 496500502 21 0
5658 496506160 14 0
6118 496512278 27 0
11784 496524062 49 0
5622 496529684 19 0
7035 496536719 91 0
6167 496542886 31 0
11786 496554672 46 0
5651 496560323 17 0
5651 496565974 18 0
6160 496572134 16 0
11778 496583912 28 0
5662 496589574 30 0
5658 496595232 13 0
6167 496601399 22 0
11773 496613172 54 0
5610 496618782 23 0
5658 496624440 12 0
6112 496630552 26 0
11775 496642327 44 0
5644 496647971 22 0
5655 496653626 30 0
6135 496659761 23 0
11771 496671532 44 0
5639 496677171 24 0
5656 496682827 25 0
6152 496688979 33 0
11788 496700767 60 0
5622 496706389 20 0
5650 496712039 28 0
6160 496718199 15 0
20870 496739069 333 0
5634 496744703 33 0
5631 496750334 22 0
6160 496756494 17 0
11757 496768251 44 0
5645 496773896 17 0
5663 496779559 26 0
6125 496785684 24 0
11759 496797443 31 0
5650 496803093 20 0
5651 496808744 21 0
6154 496814898 20 0
11777 496826675 30 0
5658 496832333 12 0
5662 496837995 26 0
6173 496844168 18 0
11758 496855926 23 0
5634 496861560 21 0
5640 496867200 19 0
11804 496879004 38 0
7052 496886056 87 0
5632 496891688 26 0
5645 496897333 26 0
11798 496909131 43 0
6114 496915245 20 0
7017 496922262 39 0
5658 496927920 13 0
11782 496939702 40 0
6118 496945820 26 0
5658 496951478 19 0
5657 496957135 18 0
11811 496968946 49 0
6657 496975603 61 0
6327 496981930 29 0
5643 496987573 21 0
13000 497000573 36 0
6595 497007168 21 0
5652 497012820 24 0
5652 497018472 11 0
12275 497030747 29 0
6116 497036863 17 0
6103 497042966 28 0
6098 497049064 21 0
12205 497061269 54 0
6104 497067373 25 0
6126 497073499 35 0
6116 497079615 17 0
12212 497091827 37 0
6092 497097919 20 0
6103 497104022 20 0
6078 497110100 26 0
12201 497122301 44 0
6101 497128402 28 0
6116 497134518 16 0
5658 497140176 13 0
11758 497151934 34 0
6138 497158072 16 0
5622 497163694 20 0
5649 497169343 21 0
11786 497181129 39 0
6107 497187236 27 0
5658 497192894 14 0
5652 497198546 15 0
11780 497210326 45 0
6139 497216465 18 0
5642 497222107 23 0
5649 497227756 17 0
11789 497239545 44 0
6134 497245679 34 0
5649 497251328 31 0
5656 497256984 22 0
11844 497268828 26 0
6138 497274966 18 0
5625 497280591 19 0
5657 497286248 18 0
11798 497298046 38 0
7515 497305561 28 0
5658 497311219 11 0
5661 497316880 28 0
11825 497328705 33 0
6138 497334843 16 0
5633 497340476 16 0
5651 497346127 18 0
11784 497357911 42 0
6145 497364056 21 0
5631 497369687 21 0
5658 497375345 11 0
11753 497387098 40 0
6108 497393206 20 0
5645 497398851 23 0
5652 497404503 15 0
11805 497416308 46 0
6136 497422444 29 0
5642 497428086 23 0
5644 497433730 19 0
11818 497445548 54 0
6151 497451699 18 0
5645 497457344 18 0
5652 497462996 20 0
11829 497474825 46 0
6125 497480950 23 0
5640 497486590 15 0
5652 497492242 20 0
11818 497504060 22 0
6131 497510191 23 0
5644 497515835 24 0
5658 497521493 11 0
11792 497533285 36 0
6138 497539423 15 0
5621 497545044 17 0
5657 497550701 16 0
11810 497562511 39 0
6138 497568649 13 0
5637 497574286 22 0
5658 497579944 13 0
11794 497591738 39 0
6151 497597889 14 0
5646 497603535 11 0
5652 497609187 16 0
11808 497620995 37 0
6138 497627133 15 0
5658 497632791 12 0
5649 497638440 25 0
11830 497650270 40 0
6114 497656384 21 0
5658 497662042 12 0
5645 497667687 17 0
13159 497680846 57 0
6148 497686994 28 0
5651 497692645 22 0
5645 497698290 29 0
11817 497710107 30 0
6138 497716245 18 0
5634 497721879 19 0
5652 497727531 15 0
11831 497739362 30 0
6132 497745494 15 0
5638 497751132 18 0
5643 497756775 28 0
11792 497768567 49 0
6138 497774705 13 0
5658 497780363 11 0
5658 497786021 11 0
11828 497797849 36 0
6145 497803994 16 0
5625 497809619 23 0
5646 497815265 14 0
11797 497827062 38 0
6115 497833177 24 0
5632 497838809 26 0
5647 497844456 23 0
11817 497856273 29 0
6138 497862411 15 0
5658 497868069 12 0
5646 497873715 23 0
11825 497885540 26 0
6138 497891678 18 0
5658 497897336 12 0
5637 497902973 23 0
11782 497914755 30 0
6139 497920894 19 0
5610 497926504 18 0
5646 497932150 19 0
11799 497943949 38 0
6116 497950065 14 0
6125 497956190 38 0
5658 497961848 13 0
11813 497973661 24 0
6120 497979781 19 0
5616 497985397 17 0
5658 497991055 10 0
11795 498002850 36 0
6138 498008988 12 0
5645 498014633 18 0
5651 498020284 21 0
11815 498032099 46 0
6132 498038231 18 0
5634 498043865 17 0
5658 498049523 10 0
13163 498062686 45 0
6151 498068837 16 0
5622 498074459 16 0
5633 498080092 15 0
11763 498091855 32 0
6138 498097993 17 0
5634 498103627 17 0
5657 498109284 14 0
11822 498121106 32 0
6124 498127230 27 0
5651 498132881 19 0
5667 498138548 27 0
11821 498150369 41 0
6151 498156520 19 0
5658 498162178 10 0
5644 498167822 24 0
11775 498179597 38 0
6138 498185735 15 0
5645 498191380 20 0
5658 498197038 11 0
11837 498208875 50 0
6138 498215013 17 0
5658 498220671 14 0
5652 498226323 12 0
11787 498238110 26 0
6102 498244212 20 0
5658 498249870 11 0
5633 498255503 24 0
11787 498267290 35 0
6125 498273415 17 0
5617 498279032 15 0
5645 498284677 19 0
11794 498296471 26 0
6146 498302617 29 0
5645 498308262 16 0
5648 498313910 22 0
11806 498325716 27 0
6138 498331854 15 0
5656 498337510 24 0
5659 498343169 26 0
11834 498355003 35 0
6138 498361141 14 0
5620 498366761 21 0
5652 498372413 15 0
11807 498384220 28 0
6158 498390378 16 0
5640 498396018 14 0
5652 498401670 13 0
11763 498413433 37 0
6138 498419571 16 0
5616 498425187 17 0
7035 498432222 25 0
11812 498444034 40 0
6138 498450172 17 0
5627 498455799 17 0
5658 498461457 14 0
11770 498473227 33 0
6138 498479365 16 0
5621 498484986 18 0
5642 498490628 25 0
11817 498502445 37 0
6131 498508576 18 0
5658 498514234 13 0
5658 498519892 12 0
11808 498531700 46 0
6158 498537858 17 0
5631 498543489 20 0
5643 498549132 25 0
11808 498560940 33 0
6138 498567078 14 0
5634 498572712 16 0
5649 498578361 26 0
11830 498590191 34 0
6138 498596329 13 0
5646 498601975 13 0
5652 498607627 15 0
11816 498619443 31 0
6129 498625572 27 0
5662 498631234 30 0
5642 498636876 25 0
11783 498648659 48 0
6102 498654761 23 0
5610 498660371 19 0
5659 498666030 30 0
11819 498677849 28 0
6108 498683957 27 0
5626 498689583 22 0
706109 499395692 12339 261
216829 499612521 3977 30
6651 499619172 98 0
10346 499629518 330 6
6680 499636198 41 0
15031 499651229 67 3
7787 499659016 159 2
6661 499665677 30 0
7280 499672957 49 0
1644976 1644976 37853 69
6561705 8206681 87426 1204
19447591 27654272 20071 768
19013506 46667778 20281 1249
19432596 66100374 21455 901
19708976 85809350 17731 619
19507304 105316654 17800 1107
18773775 124090429 24607 1137
19077822 143168251 19150 855
19577176 162745427 18213 645
19590209 182335636 20183 205
19705816 202041452 18570 1137
19479271 221520723 19331 1362
19623716 241144439 18504 473
18773445 259917884 24812 1095
19235486 279153370 19768 442
18982636 298136006 20406 1643
19631358 317767364 20272 1099
19672152 337439516 20798 1243
19737800 357177316 20153 1241
19664852 376842168 20752 1028
19803579 396645747 20074 848
19798225 416443972 19993 846
19664063 436108035 20293 726
19736269 455844304 20618 1048
19751525 475595829 20249 1512
15427638 491023467 31565 452
5290557 496314024 10606 8
12229 496326253 377 0
5645 496331898 15 0
6138 496338036 14 0
5645 496343681 18 0
11813 496355494 29 0
5652 496361146 15 0
6108 496367254 24 0
5628 496372882 17 0
11799 496384681 32 0
5657 496390338 17 0
6138 496396476 18 0
5647 496402123 22 0
11831 496413954 22 0
5632 496419586 25 0
6120 496425706 19 0
5650 496431356 21 0
11801 496443157 40 0
5666 496448823 23 0
6129 496454952 18 0
6097 496461049 20 0
11812 496472861 41 0
5658 496478519 11 0
6138 496484657 15 0
5657 496490314 28 0
11816 496502130 38 0
7040 496509170 109 0
6121 496515291 32 0
5622 496520913 19 0
11811 496532724 34 0
5644 496538368 22 0
6130 496544498 33 0
5654 496550152 27 0
11788 496561940 52 0
5658 496567598 11 0
6119 496573717 23 0
5632 496579349 25 0
11855 496591204 47 0
5645 496596849 25 0
6120 496602969 25 0
5658 496608627 11 0
11761 496620388 43 0
5658 496626046 11 0
6126 496632172 24 0
5636 496637808 25 0
11806 496649614 43 0
5652 496655266 14 0
6138 496661404 23 0
5645 496667049 17 0
11788 496678837 35 0
5646 496684483 23 0
6135 496690618 34 0
5620 496696238 19 0
11794 496708032 42 0
5658 496713690 12 0
6111 496719801 29 0
5662 496725463 18 0
20868 496746331 336 1
5658 496751989 25 0
6107 496758096 29 0
5658 496763754 10 0
11812 496775566 25 0
5652 496781218 25 0
6151 496787369 18 0
5657 496793026 14 0
11812 496804838 32 0
5652 496810490 23 0
6138 496816628 18 0
5658 496822286 13 0
11807 496834093 33 0
5638 496839731 23 0
6665 496846396 58 0
6320 496852716 41 0
12331 496865047 42 0
6333 496871380 13 0
6582 496877962 35 0
5646 496883608 21 0
13195 496896803 52 0
6116 496902919 20 0
6116 496909035 18 0
6120 496915155 26 0
12204 496927359 47 0
6129 496933488 19 0
6116 496939604 20 0
6079 496945683 27 0
12226 496957909 33 0
6104 496964013 21 0
6116 496970129 23 0
6110 496976239 19 0
12198 496988437 45 0
5658 496994095 11 0
6126 497000221 19 0
6110 497006331 21 0
11786 497018117 44 0
5651 497023768 11 0
6145 497029913 21 0
5658 497035571 13 0
11808 497047379 33 0
5658 497053037 9 0
6145 497059182 14 0
5658 497064840 8 0
11825 497076665 22 0
5658 497082323 10 0
6106 497088429 27 0
5628 497094057 19 0
11791 497105848 45 0
5644 497111492 24 0
6138 497117630 31 0
5657 497123287 22 0
11811 497135098 27 0
5658 497140756 11 0
6138 497146894 16 0
5615 497152509 17 0
11805 497164314 29 0
5651 497169965 20 0
6156 497176121 22 0
5627 497181748 20 0
11783 497193531 50 0
5634 497199165 25 0
6105 497205270 25 0
5646 497210916 14 0
11818 497222734 51 0
5632 497228366 19 0
6096 497234462 29 0
5639 497240101 25 0
11794 497251895 50 0
5644 497257539 20 0
6151 497263690 19 0
5646 497269336 15 0
13183 497282519 53 0
5644 497288163 20 0
6096 497294259 23 0
5661 497299920 26 0
11828 497311748 42 0
5649 497317397 19 0
6138 497323535 16 0
5640 497329175 14 0
11788 497340963 32 0
5652 497346615 19 0
6126 497352741 19 0
5658 497358399 13 0
11838 497370237 26 0
5628 497375865 23 0
6111 497381976 28 0
5658 497387634 10 0
11803 497399437 42 0
5661 497405098 24 0
6151 497411249 17 0
5641 497416890 24 0
11806 497428696 30 0
5646 497434342 18 0
6126 497440468 17 0
5631 497446099 18 0
11840 497457939 44 0
5645 497463584 14 0
6138 497469722 17 0
5639 497475361 24 0
11805 497487166 31 0
5658 497492824 10 0
6133 497498957 22 0
5648 497504605 25 0
11806 497516411 34 0
5658 497522069 11 0
6138 497528207 15 0
5622 497533829 20 0
11821 497545650 35 0
5656 497551306 24 0
6130 497557436 37 0
5640 497563076 13 0
11804 497574880 29 0
5652 497580532 14 0
6096 497586628 24 0
5621 497592249 18 0
11817 497604066 33 0
5650 497609716 16 0
6126 497615842 28 0
5643 497621485 27 0
11778 497633263 46 0
5658 497638921 11 0
6127 497645048 20 0
7017 497652065 25 0
11716 497663781 26 0
5658 497669439 10 0
6138 497675577 18 0
5616 497681193 24 0
11811 497693004 33 0
5657 497698661 22 0
6105 497704766 29 0
5640 497710406 16 0
11811 497722217 32 0
5640 497727857 13 0
6127 497733984 27 0
5658 497739642 10 0
11781 497751423 41 0
5652 497757075 14 0
6138 497763213 18 0
5658 497768871 13 0
11825 497780696 28 0
5658 497786354 11 0
6133 497792487 24 0
5652 497798139 20 0
11805 497809944 25 0
5637 497815581 24 0
6124 497821705 34 0
5658 497827363 10 0
11818 497839181 29 0
5656 497844837 22 0
6128 497850965 30 0
5621 497856586 22 0
11758 497868344 30 0
5639 497873983 24 0
6141 497880124 32 0
5616 497885740 18 0
11791 497897531 34 0
5658 497903189 8 0
6120 497909309 21 0
5628 497914937 16 0
11798 497926735 42 0
5658 497932393 13 0
6125 497938518 24 0
5622 497944140 18 0
11788 497955928 35 0
5656 497961584 23 0
6132 497967716 25 0
5627 497973343 21 0
11790 497985133 28 0
5640 497990773 18 0
6138 497996911 21 0
5632 498002543 23 0
11789 498014332 43 0
5644 498019976 19 0
7495 498027471 42 0
5628 498033099 17 0
11788 498044887 27 0
5645 498050532 17 0
6138 498056670 17 0
5645 498062315 26 0
11809 498074124 28 0
5657 498079781 21 0
6125 498085906 22 0
5615 498091521 23 0
11805 498103326 26 0
5655 498108981 27 0
6140 498115121 27 0
5654 498120775 25 0
11805 498132580 26 0
5650 498138230 19 0
6138 498144368 17 0
11300 498155668 26 0
6173 498161841 13 0
5646 498167487 24 0
6138 498173625 17 0
11296 498184921 37 0
6136 498191057 25 0
5652 498196709 16 0
6151 498202860 17 0
11312 498214172 41 0
6160 498220332 15 0
5658 498225990 9 0
6096 498232086 25 0
11315 498243401 38 0
6173 498249574 19 0
5651 498255225 20 0
6138 498261363 16 0
11285 498272648 48 0
6160 498278808 20 0
5645 498284453 20 0
6120 498290573 18 0
11319 498301892 39 0
6173 498308065 16 0
5637 498313702 24 0
6122 498319824 31 0
11308 498331132 39 0
6166 498337298 22 0
5650 498342948 24 0
6141 498349089 32 0
11304 498360393 28 0
6128 498366521 23 0
5640 498372161 20 0
6138 498378299 16 0
11306 498389605 39 0
6173 498395778 11 0
7032 498402810 36 0
6138 498408948 17 0
11280 498420228 21 0
6117 498426345 24 0
5656 498432001 29 0
6151 498438152 15 0
11309 498449461 39 0
6134 498455595 25 0
5639 498461234 24 0
6110 498467344 28 0
11292 498478636 21 0
6149 498484785 25 0
5616 498490401 18 0
6131 498496532 24 0
11306 498507838 33 0
6160 498513998 17 0
5652 498519650 16 0
6133 498525783 19 0
11310 498537093 30 0
6173 498543266 14 0
5634 498548900 25 0
6138 498555038 15 0
11286 498566324 41 0
902240 499468564 15077 235
6695 499475259 65 0
6662 499481921 39 0
18415 499500336 395 6
6754 499507090 48 0
6643 499513733 24 0
8264 499521997 121 0
11982 499533979 29 0
6699 499540678 21 0
3226098 3226098 60326 98
11237847 14463945 69647 1241
19304061 33768006 18372 741
19426494 53194500 20289 1263
18732589 71927089 21274 1031
19706405 91633494 20087 794
19586632 111220126 18324 936
18953571 130173697 24748 1416
19135419 149309116 19052 589
19876630 169185746 20359 749
19307096 188492842 21159 215
19777664 208270506 19597 1321
19734458 228004964 19345 1285
19643027 247647991 20786 827
18833379 266481370 24269 761
19410951 285892321 18714 1159
19098330 304990651 18726 982
19674284 324664935 19440 1448
19840442 344505377 19353 1494
19668044 364173421 19096 1118
19912602 384086023 18287 978
19729509 403815532 19502 1083
19898978 423714510 18863 719
19877335 443591845 18566 897
19802918 463394763 18913 1305
19691429 483086192 20306 1267
10964441 494050633 27870 53
2389783 496440416 5924 8
6111 496446527 29 0
11754 496458281 49 0
5640 496463921 20 0
5658 496469579 9 0
6130 496475709 25 0
11766 496487475 29 0
5640 496493115 15 0
5658 496498773 9 0
6140 496504913 27 0
11796 496516709 22 0
5650 496522359 27 0
5658 496528017 10 0
6160 496534177 17 0
11784 496545961 32 0
5651 496551612 12 0
5645 496557257 24 0
6143 496563400 25 0
11773 496575173 27 0
5653 496580826 24 0
5656 496586482 15 0
6186 496592668 16 0
11783 496604451 26 0
5650 496610101 20 0
5663 496615764 21 0
6160 496621924 16 0
11809 496633733 25 0
5646 496639379 18 0
5658 496645037 13 0
6122 496651159 25 0
11783 496662942 24 0
5628 496668570 18 0
5658 496674228 7 0
6173 496680401 16 0
11796 496692197 22 0
5658 496697855 9 0
5644 496703499 16 0
11799 496715298 38 0
6108 496721406 21 0
5652 496727058 12 0
5658 496732716 10 0
11764 496744480 37 0
6147 496750627 28 0
7035 496757662 78 0
5658 496763320 10 0
11808 496775128 51 0
6151 496781279 16 0
5633 496786912 15 0
5658 496792570 12 0
11807 496804377 52 0
6138 496810515 13 0
5654 496816169 24 0
5657 496821826 18 0
11788 496833614 41 0
6138 496839752 17 0
5632 496845384 19 0
5655 496851039 23 0
11794 496862833 33 0
6139 496868972 17 0
5640 496874612 17 0
5658 496880270 9 0
11794 496892064 33 0
6138 496898202 14 0
5651 496903853 20 0
5651 496909504 20 0
11831 496921335 28 0
6138 496927473 15 0
5646 496933119 14 0
5658 496938777 10 0
11800 496950577 42 0
6629 496957206 70 0
6368 496963574 35 0
6333 496969907 21 0
22074 496991981 409 0
6601 496998582 22 0
5639 497004221 21 0
5650 497009871 27 0
12263 497022134 42 0
6086 497028220 24 0
6116 497034336 16 0
6074 497040410 23 0
12186 497052596 39 0
6113 497058709 26 0
6116 497064825 25 0
6129 497070954 17 0
12204 497083158 43 0
6116 497089274 17 0
6110 497095384 19 0
6098 497101482 24 0
12204 497113686 52 0
6129 497119815 17 0
6109 497125924 22 0
5646 497131570 20 0
11794 497143364 37 0
7512 497150876 42 0
5658 497156534 13 0
5652 497162186 13 0
11832 497174018 47 0
6125 497180143 24 0
5645 497185788 18 0
5658 497191446 9 0
11780 497203226 40 0
6138 497209364 17 0
5645 497215009 16 0
5658 497220667 12 0
11806 497232473 32 0
6138 497238611 14 0
5626 497244237 17 0
5656 497249893 26 0
11781 497261674 33 0
6114 497267788 26 0
5658 497273446 11 0
5658 497279104 10 0
11811 497290915 30 0
6138 497297053 16 0
5658 497302711 13 0
5657 497308368 23 0
11831 497320199 31 0
6115 497326314 21 0
5620 497331934 19 0
5650 497337584 23 0
11763 497349347 33 0
6150 497355497 27 0
5658 497361155 13 0
5652 497366807 14 0
11798 497378605 48 0
6138 497384743 16 0
5646 497390389 11 0
5658 497396047 10 0
11817 497407864 38 0
6138 497414002 16 0
5633 497419635 21 0
5662 497425297 25 0
11817 497437114 30 0
6131 497443245 22 0
5658 497448903 11 0
5639 497454542 20 0
11771 497466313 45 0
6128 497472441 31 0
5640 497478081 14 0
5651 497483732 19 0
11774 497495506 34 0
6114 497501620 22 0
5658 497507278 12 0
5652 497512930 16 0
13164 497526094 49 0
6139 497532233 30 0
5640 497537873 16 0
5645 497543518 17 0
11783 497555301 32 0
6138 497561439 15 0
5640 497567079 15 0
5649 497572728 20 0
11800 497584528 26 0
6132 497590660 23 0
5640 497596300 17 0
5658 497601958 12 0
11769 497613727 36 0
6138 497619865 15 0
5657 497625522 16 0
5646 497631168 23 0
11799 497642967 39 0
6132 497649099 21 0
5658 497654757 27 0
5638 497660395 25 0
11805 497672200 33 0
6120 497678320 21 0
5652 497683972 15 0
5652 497689624 12 0
11799 497701423 32 0
6138 497707561 15 0
5651 497713212 14 0
5625 497718837 21 0
11792 497730629 27 0
14351 497744980 254 7
5638 497750618 35 0
5656 497756274 28 0
11807 497768081 43 0
6138 497774219 16 0
5620 497779839 19 0
5654 497785493 30 0
11831 497797324 45 0
6106 497803430 24 0
5658 497809088 11 0
5658 497814746 10 0
11781 497826527 32 0
6151 497832678 14 0
5627 497838305 19 0
5661 497843966 22 0
11806 497855772 25 0
6118 497861890 23 0
5625 497867515 21 0
5657 497873172 14 0
11794 497884966 32 0
6131 497891097 24 0
5645 497896742 16 0
5655 497902397 22 0
13192 497915589 62 0
6138 497921727 14 0
5637 497927364 23 0
5655 497933019 27 0
11819 497944838 25 0
6138 497950976 13 0
5645 497956621 17 0
5652 497962273 14 0
11780 497974053 33 0
6151 497980204 15 0
5637 497985841 21 0
5658 497991499 8 0
12492 498003991 43 0
6624 498010615 22 0
6349 498016964 20 0
6326 498023290 19 0
12284 498035574 40 0
6132 498041706 18 0
5627 498047333 21 0
5658 498052991 15 0
11803 498064794 43 0
6134 498070928 20 0
5641 498076569 24 0
5658 498082227 10 0
11783 498094010 39 0
6138 498100148 14 0
5658 498105806 12 0
5651 498111457 18 0
11831 498123288 42 0
6138 498129426 16 0
5646 498135072 14 0
5657 498140729 21 0
11794 498152523 36 0
6130 498158653 27 0
5620 498164273 20 0
5654 498169927 27 0
11815 498181742 53 0
6138 498187880 16 0
5638 498193518 22 0
5638 498199156 23 0
11800 498210956 27 0
6129 498217085 15 0
6085 498223170 27 0
5658 498228828 11 0
11817 498240645 30 0
6138 498246783 13 0
5632 498252415 20 0
5658 498258073 10 0
11809 498269882 38 0
6138 498276020 14 0
5634 498281654 23 0
7035 498288689 25 0
11783 498300472 38 0
6142 498306614 24 0
5645 498312259 17 0
5652 498317911 16 0
11786 498329697 29 0
6138 498335835 14 0
5658 498341493 10 0
5658 498347151 10 0
11777 498358928 33 0
6138 498365066 15 0
5649 498370715 20 0
5642 498376357 25 0
11791 498388148 39 0
6138 498394286 17 0
5662 498399948 30 0
5645 498405593 20 0
11805 498417398 37 0
6138 498423536 17 0
5627 498429163 19 0
5652 498434815 14 0
11790 498446605 31 0
6151 498452756 14 0
5658 498458414 11 0
5646 498464060 16 0
11800 498475860 27 0
6120 498481980 16 0
5622 498487602 17 0
5658 498493260 8 0
11854 498505114 39 0
6138 498511252 14 0
5640 498516892 19 0
5657 498522549 15 0
11794 498534343 28 0
6151 498540494 14 0
5637 498546131 23 0
5631 498551762 25 0
11810 498563572 36 0
6134 498569706 32 0
5658 498575364 10 0
5658 498581022 11 0
11835 498592857 39 0
6130 498598987 24 0
5658 498604645 9 0
5658 498610303 10 0
11818 498622121 18 0
6146 498628267 27 0
5633 498633900 21 0
5654 498639554 27 0
11828 498651382 32 0
6146 498657528 32 0
7015 498664543 35 0
5652 498670195 15 0
11817 498682012 33 0
6151 498688163 15 0
8981 498697144 205 0
912976 499610120 15191 293
6691 499616811 57 0
6393 499623204 37 0
11997 499635201 367 1
13373 499648574 73 0
6393 499654967 14 0
8279 499663246 116 1
6602 499669848 28 0
13406 499683254 56 0
1189629 1189629 24574 51
9197033 10386662 78421 1306
13758728 24145390 15680 432
18988397 43133787 20926 1197
19679790 62813577 18027 946
19058085 81871662 23787 1216
19130051 101001713 18309 1278
19128089 120129802 18759 597
19719554 139849356 20321 1066
19691838 159541194 18808 490
19848284 179389478 18347 527
19676933 199066411 18923 880
19522261 218588672 19537 1509
19116468 237705140 18512 322
18760964 256466104 22607 1074
19492984 275959088 19707 572
19664981 295624069 18669 1505
19781788 315405857 18105 1263
19768215 335174072 18555 1270
19760991 354935063 19334 1345
19662244 374597307 19052 797
19855936 394453243 18373 1097
19840184 414293427 18417 908
19737953 434031380 18871 771
19731815 453763195 18329 874
19752902 473516097 18502 1460
16670845 490186942 31071 566
5980475 496167417 11937 6
6115 496173532 52 0
5658 496179190 11 0
5657 496184847 21 0
11794 496196641 40 0
6151 496202792 16 0
7023 496209815 95 0
5658 496215473 14 0
11818 496227291 32 0
6138 496233429 16 0
5658 496239087 11 0
5658 496244745 19 0
11807 496256552 35 0
6138 496262690 23 0
5658 496268348 12 0
5658 496274006 12 0
11818 496285824 29 0
6151 496291975 16 0
5658 496297633 11 0
5652 496303285 14 0
11725 496315010 38 0
6138 496321148 20 0
5652 496326800 15 0
5652 496332452 19 0
11813 496344265 27 0
6138 496350403 16 0
5658 496356061 14 0
5658 496361719 15 0
11780 496373499 41 0
6138 496379637 18 0
5639 496385276 20 0
5658 496390934 12 0
11805 496402739 41 0
6127 496408866 21 0
5634 496414500 16 0
5646 496420146 17 0
11797 496431943 36 0
6151 496438094 17 0
5657 496443751 19 0
5658 496449409 12 0
11775 496461184 39 0
6137 496467321 25 0
5652 496472973 15 0
5651 496478624 20 0
11817 496490441 42 0
6138 496496579 18 0
5657 496502236 14 0
5652 496507888 16 0
11818 496519706 30 0
6164 496525870 18 0
5658 496531528 14 0
5658 496537186 11 0
11818 496549004 22 0
6137 496555141 23 0
5634 496560775 20 0
5652 496566427 14 0
11813 496578240 49 0
7509 496585749 44 0
5658 496591407 13 0
5658 496597065 11 0
11812 496608877 32 0
6138 496615015 19 0
5652 496620667 18 0
5658 496626325 16 0
11831 496638156 24 0
6113 496644269 22 0
5658 496649927 13 0
5658 496655585 10 0
11812 496667397 31 0
6151 496673548 17 0
5658 496679206 12 0
5658 496684864 12 0
12977 496697841 104 0
6652 496704493 22 0
6327 496710820 20 0
5649 496716469 19 0
12258 496728727 40 0
6126 496734853 23 0
6110 496740963 24 0
6114 496747077 26 0
12220 496759297 44 0
6129 496765426 18 0
6116 496771542 18 0
6116 496777658 14 0
12232 496789890 31 0
6097 496795987 23 0
6110 496802097 19 0
6116 496808213 18 0
21306 496829519 377 0
6116 496835635 26 0
5658 496841293 13 0
5658 496846951 15 0
12276 496859227 32 0
6116 496865343 15 0
5658 496871001 14 0
5658 496876659 10 0
11831 496888490 24 0
6138 496894628 16 0
5658 496900286 14 0
5658 496905944 14 0
11775 496917719 39 0
6171 496923890 20 0
5658 496929548 12 0
5658 496935206 10 0
11818 496947024 20 0
6125 496953149 20 0
5634 496958783 18 0
5658 496964441 10 0
13184 496977625 55 0
6138 496983763 14 0
5658 496989421 10 0
5658 496995079 11 0
11805 497006884 30 0
6139 497013023 17 0
5658 497018681 14 0
5658 497024339 13 0
11770 497036109 36 0
6120 497042229 19 0
5658 497047887 13 0
5658 497053545 13 0
11831 497065376 24 0
6138 497071514 24 0
5658 497077172 20 0
5650 497082822 20 0
11803 497094625 26 0
6132 497100757 16 0
5645 497106402 19 0
5656 497112058 21 0
11789 497123847 29 0
6138 497129985 13 0
5658 497135643 13 0
5657 497141300 16 0
11791 497153091 41 0
6152 497159243 19 0
5652 497164895 13 0
5658 497170553 22 0
11810 497182363 29 0
6129 497188492 19 0
5634 497194126 16 0
5645 497199771 16 0
11819 497211590 34 0
6126 497217716 18 0
5652 497223368 14 0
5651 497229019 20 0
11812 497240831 24 0
6151 497246982 15 0
5645 497252627 19 0
5658 497258285 13 0
11818 497270103 23 0
6138 497276241 17 0
5658 497281899 14 0
5658 497287557 12 0
11817 497299374 42 0
6132 497305506 19 0
5632 497311138 20 0
5658 497316796 12 0
11817 497328613 27 0
6138 497334751 14 0
5621 497340372 19 0
5633 497346005 20 0
13195 497359200 50 0
6132 497365332 16 0
5651 497370983 20 0
5658 497376641 12 0
11818 497388459 28 0
6157 497394616 18 0
5658 497400274 13 0
5652 497405926 14 0
11812 497417738 23 0
6138 497423876 17 0
5658 497429534 13 0
5658 497435192 12 0
11831 497447023 23 0
6138 497453161 18 0
5658 497458819 11 0
5658 497464477 17 0
11818 497476295 19 0
6145 497482440 19 0
5640 497488080 15 0
5658 497493738 13 0
11800 497505538 26 0
6138 497511676 16 0
5640 497517316 20 0
5645 497522961 16 0
11801 497534762 33 0
6137 497540899 22 0
5658 497546557 12 0
5658 497552215 17 0
11788 497564003 34 0
6132 497570135 21 0
5632 497575767 19 0
5656 497581423 22 0
11794 497593217 43 0
6138 497599355 19 0
5658 497605013 13 0
5658 497610671 14 0
11775 497622446 38 0
6145 497628591 23 0
5646 497634237 14 0
5658 497639895 17 0
11818 497651713 20 0
6138 497657851 23 0
5652 497663503 15 0
5658 497669161 12 0
11830 497680991 44 0
6138 497687129 22 0
5640 497692769 16 0
5652 497698421 16 0
11798 497710219 33 0
6151 497716370 20 0
5658 497722028 14 0
7035 497729063 27 0
11817 497740880 28 0
6132 497747012 22 0
5658 497752670 14 0
5652 497758322 15 0
11831 497770153 18 0
6138 497776291 18 0
5658 497781949 11 0
5658 497787607 12 0
11799 497799406 27 0
6120 497805526 20 0
5658 497811184 14 0
11807 497822991 36 0
5652 497828643 15 0
6132 497834775 20 0
5639 497840414 16 0
11818 497852232 25 0
5658 497857890 12 0
6151 497864041 17 0
5658 497869699 12 0
11812 497881511 23 0
5658 497887169 11 0
6139 497893308 18 0
5635 497898943 18 0
11813 497910756 28 0
5658 497916414 12 0
6131 497922545 25 0
5658 497928203 14 0
11799 497940002 35 0
5658 497945660 19 0
6151 497951811 18 0
5655 497957466 24 0
11794 497969260 31 0
5658 497974918 13 0
6138 497981056 16 0
5658 497986714 13 0
11831 497998545 24 0
5658 498004203 11 0
6138 498010341 15 0
5658 498015999 13 0
11817 498027816 28 0
5658 498033474 11 0
6138 498039612 18 0
5645 498045257 18 0
11849 498057106 37 0
5652 498062758 17 0
6132 498068890 18 0
5658 498074548 8 0
11799 498086347 30 0
5658 498092005 9 0
6151 498098156 16 0
7035 498105191 27 0
11817 498117008 26 0
5658 498122666 12 0
6138 498128804 18 0
5639 498134443 18 0
11812 498146255 29 0
5651 498151906 15 0
6137 498158043 18 0
5628 498163671 17 0
11803 498175474 35 0
5652 498181126 14 0
6145 498187271 15 0
5645 498192916 24 0
11812 498204728 24 0
5658 498210386 9 0
6131 498216517 20 0
5658 498222175 13 0
11830 498234005 24 0
5658 498239663 13 0
6108 498245771 22 0
5652 498251423 15 0
11816 498263239 31 0
5658 498268897 11 0
6119 498275016 23 0
5658 498280674 14 0
11812 498292486 36 0
5652 498298138 18 0
6132 498304270 22 0
5658 498309928 12 0
11818 498321746 19 0
5658 498327404 10 0
6151 498333555 17 0
5627 498339182 20 0
11812 498350994 29 0
5658 498356652 12 0
6114 498362766 20 0
5645 498368411 19 0
11830 498380241 30 0
5658 498385899 12 0
6138 498392037 16 0
5610 498397647 19 0
889830 499287477 15213 180
6701 499294178 73 0
6397 499300575 33 0
12301 499312876 357 6
13414 499326290 64 0
6927 499333217 22 0
8259 499341476 158 3
6894 499348370 31 0
15682 499364052 203 1
