5,1.0,391103150.0100001,3889417319.267523
4,391103151.0100001,420466477.9500001,2021348296.0527227
7,420466478.9500001,478945360.59000015,1078954198.302667
4,478945361.59000015,487710087.7500002,2021348296.0527227
3,487710088.7500002,517157934.6800002,1647012626.1522777
4,517157935.6800002,534104487.9400002,2021348296.0527227
8,534104488.9400002,1261254909.96,3021399624.513291
2,1261254910.96,1294657087.69,3036024722.4208217
3,1294657088.69,1353340467.3400002,1647012626.1522777
8,1353340468.3400002,1482694616.9400003,3021399624.513291
6,1482694617.9400003,1528650257.6600003,4889939584.3099985
8,1528650258.6600003,1666322017.0400002,3021399624.513291
6,1666322018.0400002,1712283702.3000002,4889939584.3099985
8,1712283703.3000002,1850012401.13,3021399624.513291
6,1850012402.13,1895824569.8200002,4889939584.3099985
8,1895824570.8200002,1941703921.9600003,3021399624.513291
6,1941703922.9600003,2029673328.3400004,4889939584.3099985
3,2029673329.3400004,2088881204.7200003,1647012626.1522777
0,2088881205.7200003,2095857519.8518684,239763616.18792993
4,2095857520.8518684,2101505925.8875828,2021348296.0527227
0,2101505926.8875828,2103118246.109805,239763616.18792993
