594923 594923 14343 32
6041732 6636655 90261 1540
17342289 23978944 35821 1294
18956191 42935135 20683 1040
19475016 62410151 21480 1124
19709077 82119228 18663 744
19641949 101761177 18424 1344
19571430 121332607 19443 801
19762196 141094803 19013 971
19205344 160300147 24700 1335
11995470 172295617 12373 559
19357790 191653407 19902 194
19476745 211130152 21998 1506
19717669 230847821 19558 912
19688209 250536030 19050 535
19047318 269583348 24451 986
19530834 289114182 19877 779
19002503 308116685 19127 1495
19488366 327605051 18905 1218
19560035 347165086 19738 1951
19732249 366897335 18633 912
19859132 386756467 18393 726
19673232 406429699 18990 1509
19796310 426226009 18917 470
19797360 446023369 18783 1051
19742239 465765608 18947 2369
18592480 484358088 30301 1657
10628197 494986285 17749 18
1550447 496536732 4745 33
5640 496542372 23 0
5658 496548030 13 0
13207 496561237 130 0
6138 496567375 21 0
5627 496573002 33 3
5658 496578660 11 0
11805 496590465 36 0
6151 496596616 15 0
5622 496602238 20 0
5658 496607896 11 0
11817 496619713 48 0
6138 496625851 17 0
5658 496631509 10 0
5660 496637169 30 0
11836 496649005 61 0
6141 496655146 24 0
5622 496660768 19 0
5646 496666414 13 0
11818 496678232 27 0
6151 496684383 18 0
5658 496690041 11 0
5652 496695693 13 0
11787 496707480 37 0
6132 496713612 24 0
5644 496719256 20 0
5658 496724914 10 0
11825 496736739 53 0
6138 496742877 19 0
5645 496748522 29 0
5658 496754180 11 0
11776 496765956 39 0
6120 496772076 20 0
5616 496777692 20 0
5615 496783307 20 0
20896 496804203 346 4
6131 496810334 26 0
5658 496815992 12 0
5658 496821650 11 0
11790 496833440 38 0
6143 496839583 22 0
5651 496845234 19 0
5645 496850879 20 0
11808 496862687 47 0
6126 496868813 26 0
5658 496874471 16 0
5634 496880105 26 0
11783 496891888 44 0
6138 496898026 19 0
5639 496903665 20 0
5658 496909323 11 0
11807 496921130 42 0
6139 496927269 25 0
5658 496932927 11 0
5652 496938579 15 0
13165 496951744 65 0
6138 496957882 19 0
5647 496963529 24 0
5658 496969187 13 0
12688 496981875 97 3
6143 496988018 35 0
5643 496993661 26 0
5658 496999319 15 0
11818 497011137 26 0
6120 497017257 19 0
5644 497022901 22 0
5658 497028559 11 0
11830 497040389 34 0
6132 497046521 25 0
5627 497052148 26 0
5633 497057781 24 0
12978 497070759 87 0
6646 497077405 33 0
6315 497083720 21 0
5649 497089369 11 0
12236 497101605 52 0
6125 497107730 28 0
6068 497113798 25 0
6129 497119927 19 0
12208 497132135 41 0
6117 497138252 13 0
6095 497144347 26 0
6110 497150457 16 0
12232 497162689 34 0
6117 497168806 22 0
6084 497174890 25 0
6116 497181006 16 0
12192 497193198 45 0
6108 497199306 27 0
6110 497205416 24 0
6116 497211532 16 0
11747 497223279 46 0
6132 497229411 20 0
6080 497235491 21 0
5646 497241137 16 0
11770 497252907 36 0
6138 497259045 15 0
5616 497264661 19 0
5631 497270292 25 0
11830 497282122 30 0
6137 497288259 29 0
5652 497293911 11 0
5658 497299569 14 0
11798 497311367 35 0
6151 497317518 14 0
5645 497323163 24 0
7035 497330198 29 0
11782 497341980 34 0
6127 497348107 20 0
5634 497353741 13 0
5651 497359392 16 0
11807 497371199 25 0
6131 497377330 24 0
5645 497382975 15 0
5658 497388633 10 0
11818 497400451 19 0
6151 497406602 17 0
6116 497412718 17 0
5639 497418357 21 0
11789 497430146 33 0
6138 497436284 16 0
6115 497442399 21 0
5651 497448050 18 0
11790 497459840 28 0
6138 497465978 18 0
6116 497472094 20 0
5658 497477752 10 0
11783 497489535 28 0
6138 497495673 24 0
5652 497501325 11 0
5651 497506976 17 0
11817 497518793 31 0
6138 497524931 17 0
5646 497530577 20 0
5657 497536234 15 0
11791 497548025 30 1
14345 497562370 258 18
5658 497568028 23 0
5658 497573686 11 0
11797 497585483 41 0
6138 497591621 17 0
5652 497597273 16 0
5652 497602925 15 0
11832 497614757 32 0
6138 497620895 16 0
5658 497626553 12 0
5658 497632211 10 0
11823 497644034 25 0
6145 497650179 20 0
5652 497655831 13 0
5658 497661489 10 0
11817 497673306 29 0
6132 497679438 23 0
5658 497685096 14 0
5640 497690736 18 0
11831 497702567 21 0
6114 497708681 21 0
7492 497716173 36 0
5658 497721831 12 0
11784 497733615 21 0
6114 497739729 19 0
5646 497745375 12 0
5658 497751033 12 0
11825 497762858 22 0
6138 497768996 15 0
5658 497774654 9 0
5652 497780306 13 0
11786 497792092 32 0
6133 497798225 18 0
5663 497803888 17 0
5652 497809540 13 0
11811 497821351 33 0
6137 497827488 20 0
5652 497833140 13 0
5658 497838798 11 0
11806 497850604 41 0
6132 497856736 23 0
5640 497862376 14 0
5658 497868034 17 0
11804 497879838 34 0
6158 497885996 22 0
5646 497891642 15 0
5658 497897300 11 0
11775 497909075 33 0
6114 497915189 19 0
5658 497920847 12 0
5658 497926505 9 0
11844 497938349 22 0
6114 497944463 18 0
5652 497950115 12 0
5574 497955689 16 0
11818 497967507 35 0
6120 497973627 23 0
5658 497979285 12 0
5658 497984943 16 0
11829 497996772 28 0
6132 498002904 23 0
6116 498009020 20 0
5652 498014672 17 0
11777 498026449 40 0
6145 498032594 24 0
5652 498038246 11 0
5652 498043898 20 0
11816 498055714 35 0
6138 498061852 18 0
5645 498067497 17 0
5658 498073155 10 0
11818 498084973 34 0
7515 498092488 29 0
5652 498098140 11 0
5651 498103791 12 0
11805 498115596 31 0
6151 498121747 15 0
5628 498127375 15 0
5658 498133033 11 0
11817 498144850 28 0
6126 498150976 22 0
5658 498156634 12 0
5662 498162296 21 0
11825 498174121 29 0
6132 498180253 18 0
5658 498185911 12 0
5652 498191563 23 0
11812 498203375 28 0
6138 498209513 14 0
5640 498215153 16 0
5657 498220810 17 0
11818 498232628 34 0
6138 498238766 20 0
5635 498244401 17 0
11817 498256218 33 0
5658 498261876 22 0
6151 498268027 14 0
5645 498273672 16 0
11804 498285476 37 0
5651 498291127 17 0
6132 498297259 18 0
5640 498302899 18 0
11825 498314724 33 0
5658 498320382 11 0
6119 498326501 23 0
5652 498332153 13 0
11810 498343963 33 0
5658 498349621 9 0
6145 498355766 18 0
5657 498361423 13 0
11794 498373217 27 0
5657 498378874 12 0
6126 498385000 22 0
5658 498390658 11 0
11826 498402484 38 0
5652 498408136 14 0
6095 498414231 22 0
5652 498419883 11 0
11788 498431671 29 0
5652 498437323 16 0
6138 498443461 15 0
5658 498449119 12 0
11799 498460918 35 0
7034 498467952 31 0
6138 498474090 18 0
5646 498479736 15 0
11802 498491538 39 0
5658 498497196 10 0
6151 498503347 15 0
5658 498509005 10 0
11804 498520809 27 0
5651 498526460 13 0
6114 498532574 20 0
5646 498538220 14 0
11837 498550057 24 0
5644 498555701 23 0
6138 498561839 19 0
5646 498567485 15 0
11799 498579284 35 0
5657 498584941 14 0
6133 498591074 17 0
5658 498596732 11 0
11800 498608532 30 0
5657 498614189 13 0
6115 498620304 19 0
5640 498625944 15 0
11815 498637759 36 0
5658 498643417 12 0
6132 498649549 24 0
5658 498655207 10 0
11818 498667025 21 0
5658 498672683 10 0
6123 498678806 23 0
5640 498684446 15 0
19643 498704089 280 12
5652 498709741 16 0
6132 498715873 17 0
5640 498721513 16 0
11818 498733331 24 0
5653 498738984 26 0
6139 498745123 25 0
5640 498750763 19 0
11801 498762564 39 0
5652 498768216 11 0
6132 498774348 19 0
5652 498780000 14 0
11816 498791816 41 0
5657 498797473 15 0
6132 498803605 23 0
5664 498809269 21 0
11781 498821050 35 0
926830 499747880 15693 435
7814 499755694 100 0
6716 499762410 31 0
18324 499780734 417 9
6393 499787127 35 0
6721 499793848 31 0
6662 499800510 18 0
14712 499815222 136 2
1495283 1495283 33727 41
7702783 9198066 90104 2122
19275633 28473699 20466 954
19497851 47971550 20424 1404
18680261 66651811 20815 875
19752012 86403823 18177 799
19593444 105997267 19893 1124
19103144 125100411 24052 1674
19104187 144204598 18569 777
19825231 164029829 18977 946
19321747 183351576 21889 301
19759904 203111480 18982 792
19742588 222854068 18775 1624
19640241 242494309 18756 423
18794327 261288636 25562 1425
19690970 280979606 18615 706
18753049 299732655 18289 1476
19789886 319522541 18678 1065
19583718 339106259 19786 1444
19794210 358900469 18575 1462
19702176 378602645 19038 860
19796336 398398981 18754 1134
19802700 418201681 19206 1216
19794914 437996595 18545 715
19703901 457700496 18674 1786
19677256 477377752 19422 2594
14448477 491826229 30477 372
4603695 496429924 9333 40
6079 496436003 49 0
5652 496441655 21 0
11791 496453446 32 0
5658 496459104 9 0
6160 496465264 14 0
5656 496470920 30 0
11764 496482684 43 0
5654 496488338 29 0
6173 496494511 21 0
5632 496500143 23 0
11783 496511926 37 0
5658 496517584 10 0
6142 496523726 17 0
5652 496529378 12 0
11810 496541188 28 0
5651 496546839 14 0
6136 496552975 22 0
5657 496558632 15 0
13160 496571792 119 0
5658 496577450 12 0
6149 496583599 23 0
5657 496589256 16 0
11784 496601040 33 0
5652 496606692 15 0
6154 496612846 16 0
5657 496618503 20 0
11784 496630287 32 0
5658 496635945 17 0
6173 496642118 18 0
5658 496647776 12 0
11796 496659572 27 0
5651 496665223 17 0
6160 496671383 16 0
5658 496677041 11 0
11808 496688849 37 0
5658 496694507 16 0
6152 496700659 22 0
5658 496706317 13 0
11754 496718071 35 0
5657 496723728 20 0
6173 496729901 17 0
5655 496735556 17 0
11794 496747350 39 0
5658 496753008 13 0
6154 496759162 20 0
5657 496764819 20 0
11801 496776620 44 0
5652 496782272 15 0
6154 496788426 15 0
5650 496794076 17 0
11796 496805872 24 0
5651 496811523 15 0
15224 496826747 324 4
5638 496832385 36 0
11778 496844163 38 0
5639 496849802 14 0
6136 496855938 21 0
5652 496861590 12 0
11796 496873386 32 0
5658 496879044 12 0
6173 496885217 21 0
5658 496890875 10 0
11784 496902659 29 0
5652 496908311 12 0
6129 496914440 24 0
5658 496920098 13 0
11822 496931920 29 0
5658 496937578 17 0
6160 496943738 16 0
5658 496949396 10 0
14375 496963771 112 0
5636 496969407 24 0
6675 496976082 28 0
6327 496982409 21 0
12707 496995116 48 0
5658 497000774 14 0
6138 497006912 16 0
6090 497013002 26 0
12191 497025193 43 0
6109 497031302 27 0
6116 497037418 24 0
6116 497043534 20 0
12222 497055756 47 0
6092 497061848 22 0
6111 497067959 23 0
6097 497074056 27 0
12218 497086274 44 0
6110 497092384 20 0
6110 497098494 21 0
6115 497104609 21 0
11762 497116371 29 0
5657 497122028 16 0
6161 497128189 20 0
6116 497134305 19 0
12196 497146501 44 0
5657 497152158 21 0
6130 497158288 27 0
5652 497163940 13 0
11816 497175756 22 0
5658 497181414 12 0
6160 497187574 16 0
5646 497193220 19 0
11796 497205016 19 0
5658 497210674 12 0
6167 497216841 19 0
5658 497222499 12 0
11796 497234295 18 0
5658 497239953 14 0
6154 497246107 19 0
11802 497257909 27 0
5658 497263567 12 0
5651 497269218 16 0
6148 497275366 18 0
11769 497287135 35 0
5645 497292780 19 0
5658 497298438 12 0
6191 497304629 26 0
11778 497316407 27 0
5634 497322041 16 0
5652 497327693 17 0
6141 497333834 23 0
13147 497346981 53 0
5652 497352633 19 0
5658 497358291 13 0
6130 497364421 23 0
11796 497376217 24 0
5652 497381869 17 0
5656 497387525 19 0
6148 497393673 19 0
11788 497405461 47 0
5634 497411095 13 0
5658 497416753 16 0
6159 497422912 23 0
11778 497434690 37 0
6116 497440806 25 0
5652 497446458 24 0
6148 497452606 28 0
11794 497464400 38 0
6116 497470516 18 0
5658 497476174 13 0
6137 497482311 22 0
11797 497494108 30 0
6098 497500206 21 0
5652 497505858 15 0
6131 497511989 22 0
11752 497523741 44 0
5651 497529392 19 0
5658 497535050 16 0
6167 497541217 27 0
11772 497552989 33 0
5658 497558647 12 0
5658 497564305 11 0
6152 497570457 25 0
11769 497582226 38 0
5651 497587877 20 0
5658 497593535 14 0
6148 497599683 22 0
11772 497611455 30 0
5634 497617089 17 0
5657 497622746 20 0
6160 497628906 19 0
11783 497640689 36 0
5645 497646334 20 0
5652 497651986 14 0
6149 497658135 27 0
11778 497669913 34 0
5651 497675564 14 0
5658 497681222 17 0
6173 497687395 24 0
11790 497699185 29 0
5658 497704843 12 0
5658 497710501 11 0
7537 497718038 31 0
11785 497729823 37 0
5646 497735469 16 0
5646 497741115 16 0
6154 497747269 16 0
11777 497759046 35 0
5652 497764698 15 0
5646 497770344 17 0
6167 497776511 26 0
11772 497788283 27 0
5652 497793935 15 0
5658 497799593 13 0
6160 497805753 20 0
11778 497817531 30 0
5651 497823182 20 0
5658 497828840 13 0
6130 497834970 22 0
11789 497846759 29 0
5658 497852417 13 0
5652 497858069 15 0
6159 497864228 22 0
11803 497876031 28 0
5634 497881665 17 0
5658 497887323 13 0
6160 497893483 18 0
11803 497905286 24 0
5652 497910938 14 0
5658 497916596 22 0
6161 497922757 20 0
11781 497934538 46 0
5658 497940196 22 0
5658 497945854 13 0
6140 497951994 23 0
11804 497963798 32 0
5652 497969450 14 0
5644 497975094 16 0
6154 497981248 16 0
11772 497993020 36 0
5657 497998677 18 0
5658 498004335 10 0
6131 498010466 23 0
11784 498022250 31 0
5652 498027902 13 0
5656 498033558 23 0
6130 498039688 23 0
11792 498051480 40 0
5646 498057126 18 0
5658 498062784 12 0
6166 498068950 26 0
11778 498080728 28 0
5646 498086374 15 0
7027 498093401 33 0
6154 498099555 19 0
11793 498111348 39 0
5652 498117000 15 0
5658 498122658 16 0
6148 498128806 24 0
11778 498140584 29 0
5652 498146236 17 0
5651 498151887 21 0
6172 498158059 20 0
11790 498169849 39 0
5652 498175501 17 0
5657 498181158 21 0
6141 498187299 24 0
11791 498199090 29 0
5658 498204748 12 0
5657 498210405 18 0
6153 498216558 20 0
11793 498228351 42 0
5652 498234003 16 0
5651 498239654 15 0
6166 498245820 28 0
11782 498257602 33 0
5658 498263260 12 0
5656 498268916 19 0
6148 498275064 18 0
11796 498286860 27 0
5651 498292511 14 0
5657 498298168 14 0
6161 498304329 22 0
11790 498316119 36 0
5627 498321746 18 0
5646 498327392 17 0
6136 498333528 22 0
11808 498345336 27 0
5658 498350994 9 0
5652 498356646 14 0
6153 498362799 26 0
11778 498374577 23 0
5652 498380229 16 0
5651 498385880 20 0
6149 498392029 21 0
11796 498403825 23 0
5658 498409483 14 0
5652 498415135 16 0
6148 498421283 26 0
11810 498433093 34 0
5658 498438751 13 0
5651 498444402 19 0
6151 498450553 25 0
11778 498462331 35 0
7011 498469342 29 0
5652 498474994 17 0
6159 498481153 29 0
11772 498492925 31 0
5652 498498577 16 0
5650 498504227 18 0
6136 498510363 17 0
11778 498522141 32 0
5658 498527799 13 0
5651 498533450 21 0
6165 498539615 30 0
11783 498551398 37 0
5646 498557044 13 0
5658 498562702 20 0
6147 498568849 23 0
11809 498580658 28 0
5658 498586316 11 0
5658 498591974 10 0
6154 498598128 19 0
11789 498609917 28 0
5658 498615575 12 0
5649 498621224 26 0
6131 498627355 24 0
11784 498639139 38 0
5645 498644784 16 0
5657 498650441 17 0
6147 498656588 22 0
11791 498668379 28 0
5658 498674037 13 0
5645 498679682 16 0
6136 498685818 22 0
11765 498697583 32 0
909834 499607417 14771 388
8792 499616209 778 0
6736 499622945 46 0
18810 499641755 372 6
6671 499648426 37 0
7045 499655471 37 0
6395 499661866 21 0
14879 499676745 133 2
6718 499683463 40 0
2345841 2345841 49237 156
10225274 12571115 79221 2054
19367161 31938276 19355 855
19279356 51217632 21126 1124
19009031 70226663 21647 795
19495299 89721962 20303 577
19571287 109293249 19145 890
18817341 128110590 25169 1728
19099398 147209988 20036 554
19710817 166920805 20399 878
19347829 186268634 21439 357
19657694 205926328 19675 1253
19698125 225624453 19708 1364
19517515 245141968 21671 344
18787562 263929530 24258 1054
19359769 283289299 18562 550
19005300 302294599 18540 1327
19552111 321846710 19170 1027
19804729 341651439 18566 1582
19672252 361323691 18788 1523
19789619 381113310 18619 594
19686051 400799361 18977 1062
19751714 420551075 18525 1102
19749341 440300416 18316 803
19612713 459913129 18767 1796
19631027 479544156 19500 2211
13138094 492682250 29245 301
3631944 496314194 7663 41
6137 496320331 245 0
11796 496332127 33 0
5658 496337785 10 0
5658 496343443 12 0
6167 496349610 24 0
11789 496361399 41 0
5646 496367045 17 0
5652 496372697 17 0
6129 496378826 23 0
11807 496390633 42 0
5658 496396291 12 0
5645 496401936 19 0
6160 496408096 22 0
11778 496419874 30 0
5646 496425520 15 0
5658 496431178 14 0
6158 496437336 28 0
11785 496449121 31 0
5658 496454779 14 0
5658 496460437 16 0
6142 496466579 18 0
11770 496478349 39 0
5634 496483983 18 0
5658 496489641 12 0
6131 496495772 22 0
11766 496507538 36 0
5652 496513190 18 0
5658 496518848 11 0
6160 496525008 16 0
11809 496536817 22 0
5657 496542474 15 0
5658 496548132 11 0
6160 496554292 14 0
11796 496566088 24 0
5658 496571746 10 0
5657 496577403 18 0
6143 496583546 21 0
11775 496595321 40 0
7023 496602344 102 0
5651 496607995 23 0
6141 496614136 24 0
11784 496625920 33 0
5657 496631577 14 0
5658 496637235 11 0
6160 496643395 18 0
11795 496655190 29 0
5658 496660848 11 0
5647 496666495 21 0
6185 496672680 24 0
11772 496684452 33 0
5658 496690110 15 0
5658 496695768 9 0
6124 496701892 22 0
11777 496713669 35 0
5645 496719314 21 0
5646 496724960 17 0
6173 496731133 18 0
11796 496742929 28 0
5658 496748587 12 0
5658 496754245 12 0
6160 496760405 18 0
11796 496772201 34 0
5658 496777859 14 0
5658 496783517 12 0
6154 496789671 19 0
11789 496801460 45 0
5658 496807118 12 0
5658 496812776 11 0
6173 496818949 18 0
11784 496830733 41 0
6374 496837107 71 0
6333 496843440 17 0
6680 496850120 22 0
24053 496874173 470 4
6116 496880289 36 0
5657 496885946 23 0
6120 496892066 21 0
12231 496904297 34 0
6116 496910413 20 0
6092 496916505 24 0
6086 496922591 24 0
12226 496934817 31 0
6116 496940933 17 0
6116 496947049 17 0
12232 496959281 27 0
6116 496965397 16 0
6129 496971526 18 0
6116 496977642 17 0
12232 496989874 36 0
7492 496997366 43 0
6116 497003482 19 0
5658 497009140 14 0
12230 497021370 38 0
6110 497027480 19 0
5627 497033107 22 0
5658 497038765 12 0
11815 497050580 42 0
6137 497056717 24 0
5652 497062369 21 0
5652 497068021 19 0
11826 497079847 32 0
6132 497085979 21 0
5652 497091631 16 0
5650 497097281 18 0
11786 497109067 31 0
6151 497115218 16 0
5628 497120846 15 0
5658 497126504 11 0
11800 497138304 29 0
6130 497144434 27 0
5652 497150086 11 0
5657 497155743 22 0
11823 497167566 39 0
6138 497173704 16 0
5639 497179343 22 0
5657 497185000 16 0
11823 497196823 43 0
6121 497202944 22 0
5652 497208596 14 0
5652 497214248 18 0
11807 497226055 27 0
6138 497232193 20 0
5621 497237814 13 0
5652 497243466 21 0
11770 497255236 40 0
6145 497261381 24 0
5658 497267039 11 0
5652 497272691 15 0
11799 497284490 30 0
6138 497290628 17 0
5640 497296268 18 0
5658 497301926 10 0
11824 497313750 28 0
6126 497319876 22 0
5658 497325534 13 0
5652 497331186 21 0
11811 497342997 35 0
6151 497349148 20 0
5651 497354799 18 0
5657 497360456 15 0
13186 497373642 50 0
6114 497379756 23 0
5658 497385414 10 0
5657 497391071 21 0
11825 497402896 33 0
6138 497409034 18 0
5658 497414692 13 0
5658 497420350 9 0
11818 497432168 22 0
6108 497438276 24 0
5658 497443934 11 0
5658 497449592 10 0
12302 497461894 40 0
6110 497468004 21 1
6122 497474126 21 0
5652 497479778 18 0
11793 497491571 34 0
6151 497497722 18 0
5658 497503380 12 0
5658 497509038 10 0
11800 497520838 26 0
6138 497526976 15 0
6103 497533079 29 0
5640 497538719 18 0
11809 497550528 21 0
6108 497556636 22 0
5645 497562281 21 0
5652 497567933 18 0
11804 497579737 38 0
6145 497585882 20 0
5658 497591540 12 0
5658 497597198 10 0
11818 497609016 21 0
6138 497615154 18 0
5640 497620794 19 0
5657 497626451 21 0
11817 497638268 38 0
6138 497644406 18 0
5623 497650029 19 0
5658 497655687 12 0
11764 497667451 32 0
6114 497673565 20 0
5658 497679223 13 0
5658 497684881 9 0
11831 497696712 23 0
6138 497702850 16 0
5658 497708508 11 0
5658 497714166 13 0
11818 497725984 21 0
6151 497732135 15 0
5626 497737761 20 0
5657 497743418 19 0
13153 497756571 45 0
6138 497762709 21 0
5635 497768344 18 0
5658 497774002 12 0
11801 497785803 32 0
6132 497791935 20 0
5633 497797568 16 0
5651 497803219 21 0
11818 497815037 22 0
6158 497821195 22 0
5652 497826847 20 0
5658 497832505 12 0
11817 497844322 27 0
6114 497850436 20 0
5658 497856094 15 0
5657 497861751 19 0
12538 497874289 54 0
6624 497880913 23 0
6373 497887286 16 0
6333 497893619 15 0
12260 497905879 42 0
6138 497912017 22 0
5634 497917651 15 0
5658 497923309 10 0
11830 497935139 32 0
6145 497941284 17 0
5658 497946942 13 0
5658 497952600 12 0
11805 497964405 34 0
6127 497970532 22 0
5658 497976190 13 0
5652 497981842 22 0
11812 497993654 32 0
6138 497999792 18 0
5658 498005450 12 0
5658 498011108 10 0
11831 498022939 27 0
6138 498029077 15 0
5658 498034735 11 0
5658 498040393 14 0
11787 498052180 34 0
6151 498058331 17 0
5639 498063970 17 0
5652 498069622 21 0
11804 498081426 35 0
6131 498087557 22 0
5640 498093197 14 0
5652 498098849 20 0
11831 498110680 22 0
6138 498116818 16 0
5658 498122476 11 0
7035 498129511 28 0
11806 498141317 42 0
6138 498147455 14 0
5634 498153089 14 0
5651 498158740 14 0
11818 498170558 32 0
6132 498176690 21 0
5658 498182348 9 0
5645 498187993 16 0
11710 498199703 32 0
6158 498205861 19 0
5646 498211507 12 0
5658 498217165 11 0
11793 498228958 37 0
6138 498235096 20 0
5652 498240748 23 0
5658 498246406 10 0
11800 498258206 32 0
6138 498264344 18 0
5645 498269989 18 0
5657 498275646 19 0
11805 498287451 29 0
6139 498293590 26 0
5645 498299235 18 0
5651 498304886 15 0
11788 498316674 27 0
6131 498322805 24 0
5658 498328463 15 0
5657 498334120 18 0
11831 498345951 32 0
6137 498352088 14 0
5658 498357746 11 0
5652 498363398 15 0
11810 498375208 36 0
6114 498381322 26 0
5652 498386974 13 0
5656 498392630 21 0
11813 498404443 31 0
6138 498410581 15 0
5634 498416215 18 0
5658 498421873 12 0
11793 498433666 40 0
6151 498439817 20 0
5641 498445458 23 0
5658 498451116 13 0
11799 498462915 36 0
6132 498469047 18 0
5646 498474693 16 0
5652 498480345 14 0
11805 498492150 41 0
6131 498498281 20 0
7035 498505316 26 0
5658 498510974 12 0
11781 498522755 34 0
6139 498528894 29 0
5640 498534534 14 0
5658 498540192 10 0
11805 498551997 32 0
6131 498558128 24 0
5646 498563774 14 0
5658 498569432 22 0
19594 498589026 246 5
6138 498595164 29 0
910241 499505405 15363 512
6861 499512266 381 0
12562 499524828 76 0
6673 499531501 35 0
11877 499543378 393 10
6399 499549777 33 0
13131 499562908 44 0
6129 499569037 24 0
9040 499578077 109 1
4418733 4418733 86373 382
15262335 19681068 50082 2280
19405136 39086204 17465 1500
19312451 58398655 20592 1073
19721819 78120474 20107 1002
19677273 97797747 17947 1134
19629351 117427098 18478 913
19765921 137193019 18500 940
19807932 157000951 19009 578
19767400 176768351 18914 594
19676402 196444753 18746 443
19759001 216203754 18547 1730
19668491 235872245 18984 346
19094497 254966742 23596 1069
19704860 274671602 19221 678
19602106 294273708 19618 1259
19687310 313961018 19667 1128
19678351 333639369 19337 1353
19705077 353344446 18902 1480
19689830 373034276 19132 883
19817583 392851859 19737 638
19747364 412599223 18956 1540
19715157 432314380 18726 548
19746143 452060523 18885 1026
19702059 471762582 19432 2234
17273117 489035699 31810 927
6408952 495444651 11796 30
6138 495450789 385 3
11736 495462525 62 0
5640 495468165 30 0
6173 495474338 20 0
5627 495479965 23 0
11759 495491724 38 0
5651 495497375 23 0
6160 495503535 14 0
5658 495509193 11 0
11795 495520988 39 0
5622 495526610 19 0
6124 495532734 27 0
5658 495538392 12 0
11796 495550188 24 0
5661 495555849 27 0
6144 495561993 26 0
5658 495567651 14 0
11771 495579422 37 0
5658 495585080 14 0
6160 495591240 16 0
5640 495596880 25 0
11784 495608664 36 0
5646 495614310 20 0
6147 495620457 23 0
5658 495626115 13 0
11784 495637899 32 0
5658 495643557 11 0
6154 495649711 28 0
5658 495655369 10 0
11785 495667154 36 0
5654 495672808 27 0
6142 495678950 22 0
5640 495684590 18 0
11766 495696356 35 0
5639 495701995 26 0
6154 495708149 26 0
5658 495713807 16 0
11735 495725542 43 0
5652 495731194 17 0
6154 495737348 26 0
5658 495743006 12 0
13186 495756192 99 0
5658 495761850 14 0
6117 495767967 25 0
5650 495773617 19 0
11772 495785389 23 0
5658 495791047 11 0
6154 495797201 25 0
5658 495802859 14 0
11772 495814631 31 0
5658 495820289 13 0
6136 495826425 22 0
5644 495832069 24 0
11796 495843865 21 0
5658 495849523 17 0
6159 495855682 21 0
11784 495867466 45 0
5672 495873138 29 0
5658 495878796 11 0
6165 495884961 26 0
11777 495896738 36 0
5652 495902390 16 0
5658 495908048 12 0
6142 495914190 22 0
11798 495925988 48 0
5658 495931646 12 0
5652 495937298 12 0
6180 495943478 19 0
11778 495955256 28 0
5652 495960908 16 0
5645 495966553 21 0
6687 495973240 60 0
12995 495986235 61 0
6333 495992568 13 0
5649 495998217 13 0
6615 496004832 29 0
12189 496017021 34 0
6105 496023126 30 0
15180 496038306 365 3
6092 496044398 40 0
12232 496056630 25 0
6103 496062733 24 0
6107 496068840 24 0
6098 496074938 27 0
12238 496087176 38 0
6116 496093292 19 0
6121 496099413 33 0
6097 496105510 24 0
12206 496117716 39 0
6118 496123834 32 0
5648 496129482 23 0
6151 496135633 17 1
13553 496149186 63 0
6108 496155294 30 0
5658 496160952 12 0
6100 496167052 24 0
11755 496178807 44 0
5658 496184465 11 0
5656 496190121 21 0
6173 496196294 17 0
11786 496208080 41 0
5626 496213706 23 0
5658 496219364 10 0
6147 496225511 20 0
11765 496237276 38 0
5658 496242934 10 0
5657 496248591 18 0
6118 496254709 22 0
11783 496266492 29 0
5658 496272150 10 0
5658 496277808 17 0
6164 496283972 23 0
11791 496295763 44 0
5658 496301421 8 0
5658 496307079 10 0
6141 496313220 18 0
11804 496325024 25 0
5622 496330646 17 0
5643 496336289 22 0
6160 496342449 12 0
11796 496354245 34 0
5645 496359890 15 0
5658 496365548 11 0
6155 496371703 27 0
11758 496383461 32 0
5658 496389119 11 0
5627 496394746 17 0
6154 496400900 19 0
11797 496412697 35 0
5658 496418355 10 0
5658 496424013 9 0
6125 496430138 21 0
11796 496441934 20 0
5651 496447585 18 0
5644 496453229 20 0
6154 496459383 25 0
11791 496471174 28 0
5616 496476790 19 0
5658 496482448 9 0
6134 496488582 23 0
11787 496500369 33 0
5658 496506027 8 0
5658 496511685 7 0
6125 496517810 21 0
13155 496530965 46 0
5628 496536593 18 0
5652 496542245 13 0
6160 496548405 14 0
11799 496560204 34 0
5658 496565862 7 0
5645 496571507 13 0
6160 496577667 14 0
11770 496589437 40 0
5658 496595095 8 0
5658 496600753 11 0
6173 496606926 18 0
11796 496618722 29 0
6109 496624831 19 0
5633 496630464 20 0
6138 496636602 14 0
11792 496648394 38 0
5658 496654052 9 0
5640 496659692 11 0
6161 496665853 25 0
11778 496677631 27 0
6116 496683747 14 0
5639 496689386 24 0
6138 496695524 16 0
11815 496707339 34 0
5658 496712997 12 0
5657 496718654 14 0
6164 496724818 24 0
11741 496736559 33 0
5658 496742217 11 0
5652 496747869 14 0
6147 496754016 28 0
11757 496765773 38 0
5658 496771431 9 0
5658 496777089 10 0
6140 496783229 28 0
11795 496795024 41 0
5628 496800652 16 0
5646 496806298 21 0
6135 496812433 24 0
11798 496824231 37 0
5634 496829865 14 0
5646 496835511 19 0
6173 496841684 17 0
11804 496853488 38 0
5640 496859128 16 0
5658 496864786 7 0
6118 496870904 23 0
11756 496882660 44 0
5634 496888294 17 0
5652 496893946 12 0
7508 496901454 32 0
11790 496913244 29 0
6107 496919351 26 0
5658 496925009 13 0
6124 496931133 23 0
11808 496942941 21 0
5640 496948581 14 0
5653 496954234 24 0
6134 496960368 25 0
11796 496972164 30 0
5658 496977822 8 0
5658 496983480 9 0
6173 496989653 12 0
11773 497001426 46 0
5658 497007084 9 0
5658 497012742 7 0
6160 497018902 14 0
11803 497030705 25 0
5616 497036321 20 0
5636 497041957 24 0
6129 497048086 24 0
11782 497059868 34 0
5666 497065534 30 0
5652 497071186 14 0
6186 497077372 17 0
11784 497089156 36 0
5658 497094814 9 0
5658 497100472 10 0
6142 497106614 17 0
11788 497118402 35 0
5658 497124060 11 0
5652 497129712 14 0
6173 497135885 18 0
11778 497147663 23 0
5621 497153284 17 0
5658 497158942 7 0
6154 497165096 15 0
11791 497176887 37 0
5651 497182538 11 0
5648 497188186 22 0
6117 497194303 24 0
11772 497206075 30 0
5627 497211702 17 0
5658 497217360 9 0
6160 497223520 23 0
11787 497235307 39 0
5657 497240964 24 0
5658 497246622 27 0
6160 497252782 17 0
11783 497264565 32 0
5650 497270215 17 0
7030 497277245 34 0
6152 497283397 24 0
11745 497295142 38 0
5658 497300800 11 0
5652 497306452 15 0
6147 497312599 22 0
11781 497324380 33 0
5649 497330029 16 0
5655 497335684 28 0
6160 497341844 15 0
11757 497353601 33 0
5658 497359259 12 0
5658 497364917 8 0
6171 497371088 22 0
11796 497382884 19 0
5646 497388530 13 0
5646 497394176 26 0
6152 497400328 18 0
11794 497412122 28 0
5658 497417780 8 0
5661 497423441 32 0
6153 497429594 17 0
11790 497441384 38 0
5658 497447042 10 0
5631 497452673 20 0
6186 497458859 15 0
11795 497470654 30 0
5658 497476312 8 0
5657 497481969 16 0
6139 497488108 25 0
11803 497499911 30 0
5615 497505526 20 0
5639 497511165 24 0
6145 497517310 28 0
11783 497529093 27 0
5658 497534751 10 0
5643 497540394 22 0
6154 497546548 21 0
11759 497558307 32 0
5644 497563951 22 0
5637 497569588 20 0
6122 497575710 24 0
11788 497587498 32 0
5639 497593137 17 0
5650 497598787 19 0
6173 497604960 15 0
11746 497616706 40 0
5658 497622364 11 0
5658 497628022 8 0
6118 497634140 22 0
12702 497646842 107 2
6999 497653841 33 0
5656 497659497 16 0
6129 497665626 25 0
11790 497677416 36 0
5658 497683074 11 0
5643 497688717 21 0
6159 497694876 27 0
11807 497706683 35 0
5622 497712305 17 0
5658 497717963 8 0
907948 498625911 14604 453
15099 498641010 789 5
6434 498647444 29 0
6684 498654128 48 0
21171 498675299 437 5
6711 498682010 34 0
6662 498688672 26 0
8006 498696678 152 1
12274 498708952 43 0
4882174 4882174 92714 893
16034366 20916540 44342 1969
19325829 40242369 19198 1427
13418860 53661229 16412 796
19500777 73162006 17987 1092
19655201 92817207 17700 895
18751003 111568210 24696 1561
19196495 130764705 18697 921
19467124 150231829 18336 799
19829837 170061666 20540 1030
19675188 189736854 19220 149
19573055 209309909 18982 1531
19657306 228967215 18853 1250
19274279 248241494 18860 633
18826414 267067908 24722 1175
18941162 286009070 18809 901
19723097 305732167 18814 1397
19816768 325548935 18615 1017
19831900 345380835 19306 1915
19673588 365054423 18876 1174
19915539 384969962 18110 884
19690538 404660500 18376 1364
19831917 424492417 18988 819
19819098 444311515 18419 1211
19741796 464053311 18576 1956
19689340 483742651 18965 2160
11063731 494806382 29300 46
2502989 497309371 6046 39
5652 497315023 21 0
6150 497321173 27 0
11316 497332489 19 0
6154 497338643 17 0
7035 497345678 94 0
6126 497351804 23 0
11298 497363102 20 0
6167 497369269 16 0
5651 497374920 18 0
6138 497381058 19 0
11310 497392368 16 0
6166 497398534 19 0
5658 497404192 11 0
6151 497410343 19 0
11316 497421659 17 0
6160 497427819 19 0
5658 497433477 12 0
6132 497439609 18 0
11316 497450925 17 0
6167 497457092 17 0
5652 497462744 15 0
6138 497468882 14 0
11316 497480198 17 0
6160 497486358 16 0
5640 497491998 16 0
6123 497498121 26 0
11297 497509418 29 0
6167 497515585 17 0
5640 497521225 16 0
6126 497527351 20 0
11295 497538646 40 0
6154 497544800 15 0
5658 497550458 11 0
6121 497556579 20 0
11297 497567876 22 0
6154 497574030 14 0
5658 497579688 11 0
6122 497585810 23 0
11309 497597119 24 0
6149 497603268 24 0
5652 497608920 16 0
6132 497615052 17 0
11316 497626368 18 0
6154 497632522 19 0
5633 497638155 18 0
6164 497644319 16 0
11301 497655620 29 0
6135 497661755 23 0
5640 497667395 16 0
6138 497673533 20 0
11296 497684829 37 0
6161 497690990 20 0
5652 497696642 14 0
6138 497702780 15 0
11321 497714101 17 0
7537 497721638 31 0
5658 497727296 12 0
6138 497733434 17 0
11304 497744738 29 0
6173 497750911 17 0
5658 497756569 17 0
6138 497762707 16 0
11316 497774023 20 0
6160 497780183 16 0
5658 497785841 11 0
6151 497791992 15 0
11313 497803305 26 0
6136 497809441 18 0
5658 497815099 13 0
6108 497821207 22 0
11303 497832510 23 0
6688 497839198 56 0
6321 497845519 34 0
6652 497852171 26 0
11975 497864146 40 0
6617 497870763 23 0
6108 497876871 24 0
6104 497882975 25 0
12196 497895171 44 0
6110 497901281 18 0
6116 497907397 16 0
6104 497913501 18 0
12226 497925727 30 0
6129 497931856 18 0
6074 497937930 22 0
6110 497944040 16 0
12226 497956266 32 0
6116 497962382 15 0
6116 497968498 15 0
6116 497974614 16 0
20836 497995450 368 3
6131 498001581 35 0
6098 498007679 22 0
6116 498013795 18 0
11761 498025556 34 0
6125 498031681 21 0
5652 498037333 16 0
6158 498043491 20 0
11315 498054806 17 0
6154 498060960 19 0
5658 498066618 11 0
6108 498072726 24 0
11304 498084030 16 0
6173 498090203 15 0
5658 498095861 13 0
6138 498101999 19 0
12693 498114692 39 0
6160 498120852 19 0
5658 498126510 11 0
6151 498132661 14 0
11292 498143953 31 0
6160 498150113 16 0
5658 498155771 13 0
6137 498161908 22 0
11316 498173224 17 0
6143 498179367 19 0
5657 498185024 20 0
6138 498191162 16 0
11286 498202448 22 0
6136 498208584 21 0
5657 498214241 16 0
6138 498220379 13 0
11316 498231695 15 0
6167 498237862 20 0
5658 498243520 11 0
6138 498249658 19 0
11316 498260974 17 0
6160 498267134 18 0
5658 498272792 13 0
6151 498278943 19 0
11304 498290247 30 0
6160 498296407 17 0
5657 498302064 17 0
6138 498308202 17 0
11276 498319478 27 0
6173 498325651 16 0
5658 498331309 10 0
6145 498337454 23 0
11303 498348757 24 0
6153 498354910 23 0
5658 498360568 13 0
6151 498366719 18 0
11316 498378035 17 0
6160 498384195 15 0
5658 498389853 13 0
6138 498395991 17 0
11316 498407307 17 0
6174 498413481 19 0
5658 498419139 18 0
6132 498425271 19 0
11305 498436576 19 0
6148 498442724 16 0
5651 498448375 13 0
6126 498454501 22 0
11297 498465798 24 0
6161 498471959 18 0
5652 498477611 29 0
6278 498483889 33 0
12668 498496557 39 0
6112 498502669 23 0
5657 498508326 19 0
6145 498514471 15 0
11315 498525786 18 0
6160 498531946 22 0
5658 498537604 12 0
6138 498543742 16 0
11316 498555058 15 0
6166 498561224 17 0
5658 498566882 12 0
6131 498573013 19 0
11316 498584329 17 0
6160 498590489 15 0
5646 498596135 17 0
6150 498602285 31 0
11761 498614046 29 0
6126 498620172 16 0
5658 498625830 11 0
6132 498631962 31 0
11756 498643718 27 0
6151 498649869 17 0
5658 498655527 19 0
6138 498661665 17 0
11774 498673439 26 0
6138 498679577 21 0
5646 498685223 11 0
6137 498691360 24 0
11291 498702651 29 0
6161 498708812 18 0
5658 498714470 9 0
6138 498720608 13 0
11292 498731900 22 0
6160 498738060 14 0
5572 498743632 13 1
14345 498757977 248 17
11315 498769292 42 0
6152 498775444 24 0
5658 498781102 9 0
6138 498787240 16 0
11285 498798525 35 0
6179 498804704 22 0
5658 498810362 10 0
6126 498816488 20 0
11304 498827792 25 0
6154 498833946 18 0
5657 498839603 14 0
6150 498845753 20 0
11316 498857069 16 0
6159 498863228 18 0
5622 498868850 19 0
7500 498876350 45 0
11316 498887666 19 0
7061 498894727 92 2
5638 498900365 25 0
6132 498906497 23 0
11316 498917813 14 0
6154 498923967 19 0
5658 498929625 11 0
6138 498935763 16 0
11308 498947071 25 0
6153 498953224 23 0
5657 498958881 15 0
6126 498965007 19 0
11291 498976298 23 0
6160 498982458 14 0
5658 498988116 12 0
6151 498994267 17 0
11315 499005582 32 0
6154 499011736 18 0
5652 499017388 18 0
6132 499023520 17 0
11316 499034836 18 0
6167 499041003 18 0
5657 499046660 15 0
6120 499052780 20 0
11316 499064096 15 0
6160 499070256 13 0
5658 499075914 12 0
6158 499082072 16 0
11316 499093388 11 0
6160 499099548 13 0
5658 499105206 11 0
11736 499116942 33 0
5658 499122600 8 0
6143 499128743 18 0
5658 499134401 11 0
11796 499146197 19 0
5658 499151855 10 0
6160 499158015 18 0
5658 499163673 9 0
11759 499175432 31 0
5651 499181083 15 0
6180 499187263 17 0
5658 499192921 11 0
11760 499204681 25 0
5652 499210333 15 0
6142 499216475 18 0
5651 499222126 15 0
11773 499233899 27 0
5658 499239557 12 0
6134 499245691 25 0
7035 499252726 23 0
11784 499264510 41 0
5658 499270168 9 0
6167 499276335 21 0
5658 499281993 13 0
11796 499293789 20 0
5658 499299447 10 0
6160 499305607 16 0
5651 499311258 18 0
11809 499323067 22 0
5658 499328725 12 0
6154 499334879 18 0
5657 499340536 21 0
11796 499352332 24 0
5658 499357990 12 0
6173 499364163 20 0
5640 499369803 14 0
11796 499381599 21 0
5658 499387257 11 0
6153 499393410 21 0
5645 499399055 19 0
11767 499410822 33 0
5658 499416480 11 0
6148 499422628 19 0
5658 499428286 18 0
11789 499440075 33 0
5658 499445733 9 0
6133 499451866 21 0
5657 499457523 18 0
11773 499469296 35 0
5658 499474954 12 0
6136 499481090 25 0
5652 499486742 24 0
11796 499498538 24 0
5658 499504196 8 0
6173 499510369 17 0
5658 499516027 10 0
11766 499527793 26 0
5652 499533445 16 0
6154 499539599 18 0
5658 499545257 15 0
19609 499564866 232 8
5652 499570518 14 0
6159 499576677 22 0
5658 499582335 9 0
11784 499594119 32 0
5658 499599777 12 0
886622 500486399 14461 549
7145 500493544 637 0
14518 500508062 122 0
6677 500514739 45 0
11591 500526330 386 11
6689 500533019 46 0
13393 500546412 47 0
7982 500554394 124 2
6630 500561024 33 0
