3007912, 3007912, 56342, 3223, 14
8774732, 11782644, 72282, 12326, 13
19389715, 31172359, 18397, 5238, 11
18628510, 49800869, 23228, 5675, 2
19450752, 69251621, 17800, 5138, 11
19462935, 88714556, 20043, 5294, 11
18605642, 107320198, 24129, 7144, 2
18790173, 126110371, 19675, 5063, 11
19295007, 145405378, 19081, 5226, 11
19578405, 164983783, 22135, 5398, 11
19546120, 184529903, 19688, 5253, 11
19349796, 203879699, 19782, 5263, 11
19546297, 223425996, 19680, 5316, 11
19169197, 242595193, 21047, 5212, 11
18654636, 261249829, 24216, 5107, 11
18870019, 280119848, 18455, 5148, 11
19424096, 299543944, 18180, 5201, 11
19602831, 319146775, 19421, 5348, 11
19623988, 338770763, 18651, 5318, 11
19582959, 358353722, 18446, 5347, 11
19589127, 377942849, 18427, 5246, 11
19574748, 397517597, 18812, 5272, 11
19610843, 417128440, 18715, 5284, 11
19613601, 436742041, 18622, 5215, 11
19613265, 456355306, 18515, 5223, 11
19619563, 475974869, 19235, 5231, 11
15166490, 491141359, 30669, 2512, 19
5236772, 496378131, 10397, 558, 6
6153, 496384284, 336, 9, 1
11793, 496396077, 51, 0, 1
5658, 496401735, 12, 0, 1
6164, 496407899, 20, 0, 1
5654, 496413553, 26, 0, 1
11817, 496425370, 44, 0, 1
5650, 496431020, 26, 0, 1
6150, 496437170, 50, 8, 1
5660, 496442830, 27, 0, 1
11819, 496454649, 29, 0, 1
5652, 496460301, 16, 0, 1
6124, 496466425, 33, 0, 1
5658, 496472083, 14, 0, 1
11794, 496483877, 37, 0, 1
5658, 496489535, 11, 0, 1
6138, 496495673, 20, 0, 1
7017, 496502690, 101, 9, 1
11810, 496514500, 44, 0, 1
5652, 496520152, 14, 0, 1
6138, 496526290, 17, 0, 1
5658, 496531948, 13, 0, 1
11809, 496543757, 49, 0, 1
5656, 496549413, 28, 0, 1
6151, 496555564, 19, 0, 1
5645, 496561209, 29, 0, 1
11799, 496573008, 39, 0, 1
5660, 496578668, 30, 0, 1
6126, 496584794, 23, 0, 1
5646, 496590440, 19, 0, 1
11812, 496602252, 35, 0, 1
5658, 496607910, 12, 0, 1
6120, 496614030, 22, 0, 1
5628, 496619658, 19, 0, 1
11817, 496631475, 30, 0, 1
5658, 496637133, 13, 0, 1
6133, 496643266, 19, 0, 1
5646, 496648912, 14, 0, 1
11817, 496660729, 26, 0, 1
5656, 496666385, 20, 0, 1
6138, 496672523, 20, 0, 1
5644, 496678167, 17, 0, 1
11834, 496690001, 37, 0, 1
5649, 496695650, 21, 0, 1
6138, 496701788, 19, 0, 1
5616, 496707404, 18, 0, 1
11818, 496719222, 32, 0, 1
5658, 496724880, 13, 1, 1
6137, 496731017, 27, 0, 1
5657, 496736674, 20, 1, 1
11820, 496748494, 48, 1, 1
5644, 496754138, 28, 0, 1
6145, 496760283, 18, 0, 1
5652, 496765935, 15, 0, 1
11785, 496777720, 44, 0, 1
5662, 496783382, 24, 0, 1
6164, 496789546, 17, 0, 1
5643, 496795189, 24, 0, 1
11793, 496806982, 36, 0, 1
5658, 496812640, 11, 0, 1
6126, 496818766, 24, 0, 1
5651, 496824417, 15, 0, 1
11831, 496836248, 21, 0, 1
5651, 496841899, 29, 0, 1
6126, 496848025, 28, 0, 1
5634, 496853659, 23, 0, 1
11817, 496865476, 31, 0, 1
5650, 496871126, 26, 0, 1
7524, 496878650, 62, 19, 1
5658, 496884308, 14, 1, 1
11822, 496896130, 45, 0, 1
5658, 496901788, 15, 0, 1
6138, 496907926, 17, 0, 1
6115, 496914041, 19, 0, 1
12330, 496926371, 79, 1, 1
6325, 496932696, 35, 1, 1
6659, 496939355, 22, 0, 1
6584, 496945939, 28, 0, 1
12462, 496958401, 51, 0, 1
5645, 496964046, 30, 0, 1
6138, 496970184, 16, 0, 1
6117, 496976301, 24, 0, 1
12224, 496988525, 41, 0, 1
6110, 496994635, 17, 0, 1
6099, 497000734, 29, 0, 1
6100, 497006834, 29, 0, 1
12223, 497019057, 47, 0, 1
6104, 497025161, 26, 0, 1
6116, 497031277, 18, 0, 1
6104, 497037381, 23, 0, 1
12216, 497049597, 50, 0, 1
6074, 497055671, 26, 0, 1
6085, 497061756, 25, 0, 1
6099, 497067855, 28, 0, 1
12245, 497080100, 34, 0, 1
6116, 497086216, 16, 0, 1
6116, 497092332, 22, 0, 1
6104, 497098436, 24, 0, 1
12237, 497110673, 31, 0, 1
5648, 497116321, 26, 0, 1
6124, 497122445, 24, 0, 1
6116, 497128561, 18, 0, 1
11790, 497140351, 27, 0, 1
5658, 497146009, 14, 0, 1
6125, 497152134, 27, 0, 1
5658, 497157792, 13, 0, 1
20881, 497178673, 369, 64, 1
5644, 497184317, 37, 0, 1
6138, 497190455, 19, 0, 1
5659, 497196114, 27, 0, 1
11811, 497207925, 33, 0, 1
5656, 497213581, 19, 0, 1
6122, 497219703, 31, 0, 1
5649, 497225352, 23, 0, 1
11824, 497237176, 30, 0, 1
5651, 497242827, 19, 0, 1
6126, 497248953, 22, 0, 1
5652, 497254605, 14, 0, 1
11805, 497266410, 25, 0, 1
7035, 497273445, 34, 0, 1
6139, 497279584, 23, 0, 1
5658, 497285242, 10, 0, 1
11794, 497297036, 24, 0, 1
5651, 497302687, 21, 0, 1
6126, 497308813, 21, 0, 1
11290, 497320103, 41, 0, 1
6159, 497326262, 23, 0, 1
5658, 497331920, 17, 0, 1
6132, 497338052, 34, 0, 1
11315, 497349367, 26, 0, 1
6160, 497355527, 14, 0, 1
5658, 497361185, 13, 0, 1
6138, 497367323, 22, 0, 1
11328, 497378651, 34, 0, 1
6148, 497384799, 25, 0, 1
5658, 497390457, 9, 0, 1
6114, 497396571, 19, 0, 1
11311, 497407882, 33, 0, 1
6173, 497414055, 14, 0, 1
5657, 497419712, 23, 0, 1
6126, 497425838, 18, 0, 1
11299, 497437137, 42, 0, 1
6160, 497443297, 16, 0, 1
5657, 497448954, 18, 0, 1
6155, 497455109, 34, 0, 1
11298, 497466407, 26, 0, 1
6173, 497472580, 18, 0, 1
5664, 497478244, 26, 0, 1
6138, 497484382, 17, 0, 1
11284, 497495666, 26, 0, 1
6160, 497501826, 15, 0, 1
5646, 497507472, 16, 0, 1
6140, 497513612, 17, 0, 1
11315, 497524927, 28, 0, 1
6144, 497531071, 26, 0, 1
5648, 497536719, 23, 0, 1
6113, 497542832, 26, 0, 1
11316, 497554148, 33, 0, 1
6180, 497560328, 19, 0, 1
5661, 497565989, 31, 0, 1
6126, 497572115, 21, 0, 1
11297, 497583412, 32, 0, 1
6159, 497589571, 19, 1, 1
5652, 497595223, 14, 0, 1
6137, 497601360, 26, 0, 1
11305, 497612665, 30, 0, 1
6159, 497618824, 20, 0, 1
5654, 497624478, 28, 0, 1
6138, 497630616, 15, 0, 1
11318, 497641934, 30, 0, 1
7526, 497649460, 35, 0, 1
5644, 497655104, 29, 0, 1
6138, 497661242, 16, 0, 1
11310, 497672552, 27, 0, 1
6154, 497678706, 19, 0, 1
5640, 497684346, 15, 0, 1
6138, 497690484, 14, 0, 1
11316, 497701800, 23, 0, 1
6167, 497707967, 17, 0, 1
5658, 497713625, 13, 0, 1
6132, 497719757, 20, 0, 1
11301, 497731058, 29, 0, 1
6160, 497737218, 13, 0, 1
5650, 497742868, 19, 0, 1
6136, 497749004, 30, 0, 1
11316, 497760320, 16, 0, 1
6159, 497766479, 25, 0, 1
5657, 497772136, 24, 0, 1
6134, 497778270, 28, 0, 1
11316, 497789586, 22, 0, 1
6173, 497795759, 17, 0, 1
5644, 497801403, 22, 0, 1
6138, 497807541, 17, 0, 1
11285, 497818826, 22, 0, 1
6154, 497824980, 16, 0, 1
5658, 497830638, 8, 0, 1
6151, 497836789, 15, 0, 1
11304, 497848093, 29, 0, 1
6146, 497854239, 21, 0, 1
5657, 497859896, 21, 0, 1
6138, 497866034, 17, 0, 1
11300, 497877334, 35, 0, 1
6173, 497883507, 14, 0, 1
5658, 497889165, 10, 0, 1
6138, 497895303, 16, 0, 1
11303, 497906606, 30, 0, 1
6148, 497912754, 18, 0, 1
5652, 497918406, 15, 0, 1
6125, 497924531, 20, 0, 1
11316, 497935847, 15, 0, 1
6199, 497942046, 16, 0, 1
5657, 497947703, 20, 0, 1
6120, 497953823, 24, 0, 1
11332, 497965155, 37, 0, 1
6160, 497971315, 18, 0, 1
5658, 497976973, 9, 0, 1
6115, 497983088, 24, 0, 1
11322, 497994410, 37, 0, 1
6160, 498000570, 14, 0, 1
5652, 498006222, 17, 0, 1
6138, 498012360, 15, 0, 1
12690, 498025050, 54, 0, 1
6173, 498031223, 17, 0, 1
5652, 498036875, 12, 0, 1
6134, 498043009, 26, 0, 1
11315, 498054324, 37, 0, 1
6152, 498060476, 19, 0, 1
5651, 498066127, 19, 0, 1
6151, 498072278, 15, 0, 1
11308, 498083586, 36, 0, 1
6160, 498089746, 16, 0, 1
5640, 498095386, 16, 0, 1
6120, 498101506, 22, 0, 1
11306, 498112812, 30, 0, 1
6173, 498118985, 17, 0, 1
5657, 498124642, 25, 0, 1
6125, 498130767, 23, 0, 1
11318, 498142085, 34, 0, 1
6153, 498148238, 23, 0, 1
5658, 498153896, 10, 0, 1
6147, 498160043, 30, 0, 1
11310, 498171353, 23, 0, 1
6172, 498177525, 16, 0, 1
5657, 498183182, 15, 0, 1
6126, 498189308, 23, 0, 1
11306, 498200614, 34, 0, 1
6160, 498206774, 14, 0, 1
5644, 498212418, 24, 0, 1
6136, 498218554, 30, 0, 1
11316, 498229870, 16, 0, 1
6160, 498236030, 19, 0, 1
5652, 498241682, 16, 0, 1
6126, 498247808, 26, 0, 1
11308, 498259116, 29, 0, 1
6167, 498265283, 16, 0, 1
5658, 498270941, 8, 0, 1
6112, 498277053, 29, 0, 1
11308, 498288361, 40, 0, 1
6160, 498294521, 15, 0, 1
5661, 498300182, 23, 0, 1
6155, 498306337, 28, 0, 1
11303, 498317640, 33, 0, 1
6160, 498323800, 17, 0, 1
5685, 498329485, 31, 0, 1
6138, 498335623, 16, 0, 1
11316, 498346939, 25, 0, 1
6173, 498353112, 15, 0, 1
5646, 498358758, 20, 0, 1
6138, 498364896, 15, 0, 1
11309, 498376205, 36, 0, 1
6160, 498382365, 14, 0, 1
5646, 498388011, 11, 0, 1
6138, 498394149, 17, 0, 1
12693, 498406842, 30, 0, 1
6173, 498413015, 15, 0, 1
5651, 498418666, 20, 0, 1
6138, 498424804, 15, 0, 1
11316, 498436120, 19, 0, 1
6159, 498442279, 22, 0, 1
5658, 498447937, 13, 0, 1
6150, 498454087, 26, 0, 1
11309, 498465396, 42, 0, 1
6160, 498471556, 16, 0, 1
5647, 498477203, 25, 0, 1
6119, 498483322, 24, 0, 1
11303, 498494625, 21, 0, 1
6161, 498500786, 18, 0, 1
5656, 498506442, 24, 0, 1
6138, 498512580, 15, 0, 1
11313, 498523893, 30, 0, 1
6160, 498530053, 18, 0, 1
5652, 498535705, 15, 0, 1
6126, 498541831, 23, 0, 1
11307, 498553138, 29, 0, 1
6168, 498559306, 30, 0, 1
5660, 498564966, 31, 0, 1
6138, 498571104, 14, 0, 1
11304, 498582408, 21, 0, 1
6172, 498588580, 27, 0, 1
5652, 498594232, 13, 0, 1
6126, 498600358, 18, 0, 1
11281, 498611639, 36, 0, 1
6159, 498617798, 22, 0, 1
5642, 498623440, 28, 0, 1
6138, 498629578, 16, 0, 1
11310, 498640888, 24, 0, 1
6142, 498647030, 28, 0, 1
5658, 498652688, 8, 0, 1
6117, 498658805, 30, 0, 1
11318, 498670123, 37, 0, 1
6147, 498676270, 20, 0, 1
5650, 498681920, 19, 0, 1
6164, 498688084, 12, 0, 1
15112, 498703196, 216, 23, 1
903299, 499606495, 15492, 3635, 9
6711, 499613206, 69, 3, 1
6756, 499619962, 43, 1, 1
29540, 499649502, 859, 78, 1
6652, 499656154, 63, 4, 1
6718, 499662872, 25, 1, 1
6679, 499669551, 23, 0, 1
16569, 499686120, 223, 33, 1
2095644, 2095644, 47068, 2399, 4
7072725, 9168369, 79111, 12419, 13
19156207, 28324576, 19793, 5191, 11
19146508, 47471084, 20545, 5138, 11
19048347, 66519431, 21925, 5693, 11
19497888, 86017319, 18303, 5279, 11
19457292, 105474611, 18418, 5198, 11
18393530, 123868141, 24054, 7032, 2
18841160, 142709301, 20035, 5089, 11
19671347, 162380648, 18752, 5287, 11
19489683, 181870331, 20906, 5341, 11
19536653, 201406984, 19275, 5298, 11
19410634, 220817618, 19991, 5292, 11
19405309, 240222927, 19223, 5241, 11
18154552, 258377479, 25055, 4946, 11
19512484, 277889963, 19616, 5282, 11
18798184, 296688147, 20192, 5142, 11
19594752, 316282899, 19847, 5292, 11
19572222, 335855121, 19716, 5318, 11
19504853, 355359974, 20124, 5298, 11
19479830, 374839804, 20357, 5258, 11
19653056, 394492860, 19505, 5327, 11
19638704, 414131564, 19237, 5222, 11
19546338, 433677902, 19591, 5193, 11
19507420, 453185322, 20565, 5193, 11
19567014, 472752336, 19781, 5333, 11
17221866, 489974202, 31744, 3271, 7
6433803, 496408005, 12080, 561, 6
11786, 496419791, 405, 14, 1
5646, 496425437, 17, 0, 1
6154, 496431591, 18, 0, 1
5655, 496437246, 26, 0, 1
11765, 496449011, 50, 0, 1
5658, 496454669, 9, 0, 1
6173, 496460842, 16, 0, 1
5654, 496466496, 22, 0, 1
11785, 496478281, 39, 0, 1
5658, 496483939, 16, 0, 1
6160, 496490099, 17, 0, 1
5640, 496495739, 16, 0, 1
11783, 496507522, 36, 0, 1
5658, 496513180, 7, 0, 1
7531, 496520711, 105, 19, 1
5658, 496526369, 11, 0, 1
11760, 496538129, 36, 0, 1
5652, 496543781, 15, 0, 1
6212, 496549993, 17, 0, 1
5650, 496555643, 16, 0, 1
11792, 496567435, 36, 0, 1
5658, 496573093, 11, 0, 1
6147, 496579240, 23, 0, 1
5652, 496584892, 17, 1, 1
11780, 496596672, 36, 0, 1
5656, 496602328, 14, 0, 1
6161, 496608489, 21, 0, 1
5657, 496614146, 27, 0, 1
11758, 496625904, 34, 0, 1
5658, 496631562, 7, 0, 1
6135, 496637697, 25, 0, 1
5653, 496643350, 27, 0, 1
11790, 496655140, 36, 0, 1
5658, 496660798, 8, 0, 1
6134, 496666932, 29, 0, 1
5643, 496672575, 23, 0, 1
11756, 496684331, 43, 0, 1
5639, 496689970, 26, 0, 1
6157, 496696127, 28, 0, 1
5658, 496701785, 10, 0, 1
11765, 496713550, 42, 0, 1
5662, 496719212, 27, 0, 1
6124, 496725336, 25, 0, 1
5640, 496730976, 18, 0, 1
12272, 496743248, 42, 2, 1
5658, 496748906, 13, 0, 1
6116, 496755022, 27, 0, 1
5657, 496760679, 19, 1, 1
12240, 496772919, 38, 0, 1
5656, 496778575, 25, 0, 1
6151, 496784726, 16, 0, 1
5651, 496790377, 22, 0, 1
11761, 496802138, 42, 0, 1
5658, 496807796, 18, 0, 1
6160, 496813956, 15, 0, 1
5658, 496819614, 11, 0, 1
11759, 496831373, 37, 0, 1
5652, 496837025, 16, 0, 1
6160, 496843185, 24, 0, 1
5657, 496848842, 31, 0, 1
11781, 496860623, 41, 0, 1
5658, 496866281, 12, 0, 1
6159, 496872440, 24, 0, 1
5658, 496878098, 13, 0, 1
11826, 496889924, 46, 0, 1
7035, 496896959, 46, 15, 1
6142, 496903101, 21, 0, 1
5645, 496908746, 23, 0, 1
11796, 496920542, 27, 0, 1
5658, 496926200, 14, 0, 1
6180, 496932380, 23, 0, 1
5643, 496938023, 27, 0, 1
12247, 496950270, 46, 0, 1
6374, 496956644, 52, 0, 1
6599, 496963243, 40, 0, 1
6346, 496969589, 28, 1, 1
13191, 496982780, 61, 1, 1
5658, 496988438, 16, 0, 1
6126, 496994564, 28, 0, 1
6112, 497000676, 35, 0, 1
12238, 497012914, 47, 0, 1
6110, 497019024, 19, 0, 1
6098, 497025122, 26, 0, 1
6103, 497031225, 25, 0, 1
12222, 497043447, 46, 0, 1
6103, 497049550, 28, 0, 1
6109, 497055659, 23, 0, 1
6086, 497061745, 24, 0, 1
12249, 497073994, 47, 0, 1
6116, 497080110, 18, 0, 1
6096, 497086206, 30, 0, 1
6116, 497092322, 20, 0, 1
12232, 497104554, 34, 0, 1
6095, 497110649, 30, 0, 1
6116, 497116765, 21, 0, 1
6123, 497122888, 20, 0, 1
12214, 497135102, 33, 0, 1
5658, 497140760, 13, 0, 1
6134, 497146894, 25, 0, 1
6116, 497153010, 18, 0, 1
12234, 497165244, 37, 0, 1
5666, 497170910, 29, 0, 1
6151, 497177061, 17, 0, 1
5645, 497182706, 14, 0, 1
11772, 497194478, 22, 0, 1
5652, 497200130, 21, 0, 1
6153, 497206283, 24, 0, 1
11794, 497218077, 45, 0, 1
5658, 497223735, 11, 0, 1
5652, 497229387, 16, 0, 1
6142, 497235529, 21, 0, 1
11794, 497247323, 41, 0, 1
5658, 497252981, 13, 0, 1
5651, 497258632, 26, 0, 1
17682, 497276314, 413, 29, 1
13159, 497289473, 80, 1, 1
5661, 497295134, 29, 0, 1
5643, 497300777, 26, 0, 1
6144, 497306921, 27, 0, 1
11778, 497318699, 37, 0, 1
5658, 497324357, 13, 0, 1
5658, 497330015, 14, 0, 1
6186, 497336201, 17, 0, 1
11787, 497347988, 43, 0, 1
5643, 497353631, 21, 0, 1
5658, 497359289, 10, 0, 1
6160, 497365449, 14, 0, 1
11797, 497377246, 34, 0, 1
5647, 497382893, 21, 0, 1
5653, 497388546, 25, 0, 1
6160, 497394706, 20, 0, 1
11761, 497406467, 45, 1, 1
5645, 497412112, 24, 0, 1
5650, 497417762, 25, 0, 1
6173, 497423935, 17, 0, 1
11780, 497435715, 53, 0, 1
5646, 497441361, 15, 0, 1
5652, 497447013, 22, 0, 1
6160, 497453173, 19, 0, 1
11800, 497464973, 47, 0, 1
5658, 497470631, 17, 0, 1
5667, 497476298, 28, 0, 1
6150, 497482448, 28, 0, 1
11796, 497494244, 28, 0, 1
5646, 497499890, 18, 0, 1
5654, 497505544, 29, 0, 1
6173, 497511717, 20, 0, 1
11684, 497523401, 45, 0, 1
5648, 497529049, 23, 0, 1
5652, 497534701, 16, 0, 1
6124, 497540825, 26, 0, 1
11784, 497552609, 35, 0, 1
5650, 497558259, 27, 0, 1
5651, 497563910, 21, 0, 1
6173, 497570083, 15, 0, 1
11790, 497581873, 44, 0, 1
5652, 497587525, 9, 0, 1
5655, 497593180, 27, 0, 1
6159, 497599339, 28, 0, 1
11831, 497611170, 52, 0, 1
5658, 497616828, 12, 0, 1
5652, 497622480, 14, 0, 1
6148, 497628628, 21, 0, 1
11787, 497640415, 50, 0, 1
5658, 497646073, 13, 0, 1
5649, 497651722, 31, 0, 1
6154, 497657876, 24, 0, 1
13167, 497671043, 64, 1, 1
5654, 497676697, 32, 0, 1
5658, 497682355, 10, 0, 1
6162, 497688517, 29, 0, 1
11834, 497700351, 60, 0, 1
5658, 497706009, 11, 0, 1
5654, 497711663, 26, 0, 1
6160, 497717823, 17, 0, 1
11792, 497729615, 47, 0, 1
5652, 497735267, 19, 0, 1
5652, 497740919, 22, 0, 1
6173, 497747092, 19, 0, 1
11780, 497758872, 37, 0, 1
5634, 497764506, 16, 0, 1
5642, 497770148, 24, 0, 1
6160, 497776308, 17, 0, 1
11783, 497788091, 35, 0, 1
5661, 497793752, 31, 1, 1
5658, 497799410, 9, 0, 1
6163, 497805573, 29, 0, 1
11781, 497817354, 40, 0, 1
5668, 497823022, 31, 0, 1
5652, 497828674, 13, 0, 1
6146, 497834820, 28, 0, 1
11813, 497846633, 40, 0, 1
5658, 497852291, 14, 0, 1
5667, 497857958, 25, 0, 1
6140, 497864098, 29, 0, 1
11774, 497875872, 45, 0, 1
5620, 497881492, 20, 0, 1
5652, 497887144, 15, 0, 1
6181, 497893325, 28, 0, 1
11792, 497905117, 39, 0, 1
5658, 497910775, 21, 0, 1
5658, 497916433, 14, 0, 1
6147, 497922580, 22, 0, 1
11789, 497934369, 33, 0, 1
6104, 497940473, 23, 0, 1
5658, 497946131, 15, 0, 1
6138, 497952269, 18, 0, 1
11759, 497964028, 39, 0, 1
5622, 497969650, 16, 0, 1
5657, 497975307, 19, 0, 1
6159, 497981466, 32, 0, 1
11789, 497993255, 34, 0, 1
5641, 497998896, 24, 0, 1
5658, 498004554, 16, 0, 1
6130, 498010684, 27, 0, 1
11794, 498022478, 43, 0, 1
5658, 498028136, 11, 0, 1
5654, 498033790, 24, 0, 1
7543, 498041333, 43, 0, 1
11758, 498053091, 39, 0, 1
5646, 498058737, 18, 0, 1
5646, 498064383, 14, 0, 1
6141, 498070524, 22, 0, 1
11809, 498082333, 27, 0, 1
5658, 498087991, 11, 0, 1
5658, 498093649, 19, 0, 1
6141, 498099790, 22, 0, 1
11784, 498111574, 32, 0, 1
5659, 498117233, 27, 0, 1
5662, 498122895, 20, 0, 1
7061, 498129956, 68, 34, 1
11762, 498141718, 54, 0, 1
5640, 498147358, 14, 0, 1
5658, 498153016, 12, 0, 1
6129, 498159145, 27, 0, 1
11790, 498170935, 48, 0, 1
5638, 498176573, 22, 0, 1
5659, 498182232, 25, 0, 1
6154, 498188386, 19, 0, 1
11795, 498200181, 40, 0, 1
5652, 498205833, 14, 0, 1
5657, 498211490, 15, 0, 1
6191, 498217681, 32, 0, 1
11790, 498229471, 35, 0, 1
5658, 498235129, 11, 0, 1
5661, 498240790, 19, 0, 1
6141, 498246931, 23, 0, 1
11789, 498258720, 30, 0, 1
5665, 498264385, 25, 0, 1
5651, 498270036, 19, 0, 1
6147, 498276183, 28, 0, 1
11785, 498287968, 50, 0, 1
5650, 498293618, 27, 0, 1
5643, 498299261, 24, 0, 1
6141, 498305402, 27, 0, 1
11809, 498317211, 25, 0, 1
5651, 498322862, 19, 0, 1
5661, 498328523, 28, 0, 1
6160, 498334683, 30, 0, 1
11784, 498346467, 26, 0, 1
5673, 498352140, 32, 0, 1
5658, 498357798, 13, 0, 1
6154, 498363952, 23, 0, 1
11804, 498375756, 40, 0, 1
5658, 498381414, 14, 0, 1
5649, 498387063, 25, 0, 1
6159, 498393222, 27, 0, 1
11817, 498405039, 41, 0, 1
5639, 498410678, 15, 0, 1
7034, 498417712, 46, 0, 1
6142, 498423854, 20, 0, 1
11781, 498435635, 50, 0, 1
5638, 498441273, 17, 0, 1
5656, 498446929, 21, 0, 1
6186, 498453115, 17, 0, 1
11781, 498464896, 35, 0, 1
5646, 498470542, 18, 0, 1
5658, 498476200, 21, 0, 1
6157, 498482357, 30, 0, 1
11778, 498494135, 48, 0, 1
5638, 498499773, 20, 0, 1
5657, 498505430, 25, 0, 1
6173, 498511603, 16, 0, 1
11791, 498523394, 35, 0, 1
5658, 498529052, 13, 0, 1
5664, 498534716, 21, 0, 1
6160, 498540876, 17, 0, 1
11784, 498552660, 35, 0, 1
5645, 498558305, 24, 0, 1
5660, 498563965, 29, 0, 1
6152, 498570117, 30, 0, 1
11806, 498581923, 46, 0, 1
5658, 498587581, 14, 0, 1
5661, 498593242, 24, 0, 1
6143, 498599385, 22, 0, 1
11787, 498611172, 42, 0, 1
5643, 498616815, 25, 0, 1
5621, 498622436, 22, 0, 1
6130, 498628566, 23, 0, 1
11777, 498640343, 43, 0, 1
5658, 498646001, 14, 0, 1
5651, 498651652, 30, 0, 1
6160, 498657812, 16, 0, 1
11795, 498669607, 38, 0, 1
5657, 498675264, 20, 0, 1
5658, 498680922, 15, 0, 1
14948, 498695870, 176, 47, 1
11795, 498707665, 52, 2, 1
5649, 498713314, 29, 0, 1
5652, 498718966, 17, 0, 1
6152, 498725118, 29, 0, 1
11784, 498736902, 28, 0, 1
5663, 498742565, 32, 0, 1
5671, 498748236, 27, 0, 1
6147, 498754383, 24, 0, 1
11794, 498766177, 41, 0, 1
889107, 499655284, 15162, 3706, 9
6676, 499661960, 54, 0, 1
6690, 499668650, 37, 0, 1
31187, 499699837, 894, 62, 1
6668, 499706505, 44, 1, 1
6470, 499712975, 30, 0, 1
6442, 499719417, 24, 0, 1
14898, 499734315, 193, 33, 1
7032, 499741347, 25, 0, 1
4690438, 4690438, 90120, 5018, 15
13974486, 18664924, 46533, 12450, 20
10194939, 28859863, 9627, 2771, 12
15406210, 44266073, 17966, 4018, 19
19329491, 63595564, 20257, 5271, 11
18683520, 82279084, 24768, 7072, 2
18997362, 101276446, 19675, 5178, 11
18770537, 120046983, 20187, 5085, 11
19437732, 139484715, 20557, 5218, 11
19513167, 158997882, 22097, 5500, 11
19512004, 178509886, 19863, 5215, 11
19397357, 197907243, 19666, 5314, 11
19435995, 217343238, 20744, 5228, 11
18726383, 236069621, 21331, 5139, 11
18941398, 255011019, 23913, 5064, 11
18631199, 273642218, 20375, 5129, 11
19531051, 293173269, 20030, 5245, 11
19537336, 312710605, 19304, 5271, 11
19480527, 332191132, 19368, 5313, 11
19609150, 351800282, 19652, 5304, 11
19486620, 371286902, 19900, 5223, 11
19624484, 390911386, 19251, 5327, 11
19603371, 410514757, 19038, 5246, 11
19525455, 430040212, 19367, 5208, 11
19562161, 449602373, 19744, 5221, 11
19538274, 469140647, 18629, 5268, 11
17809233, 486949880, 29855, 4643, 11
10497527, 497447407, 17063, 327, 12
943516, 498390923, 4399, 517, 1
6103, 498397026, 33, 0, 1
7037, 498404063, 116, 13, 1
6138, 498410201, 19, 0, 1
11303, 498421504, 44, 0, 1
6172, 498427676, 22, 0, 1
5640, 498433316, 16, 0, 1
6120, 498439436, 24, 0, 1
11316, 498450752, 36, 0, 1
6160, 498456912, 17, 0, 1
5650, 498462562, 19, 0, 1
6137, 498468699, 28, 0, 1
11294, 498479993, 43, 0, 1
6160, 498486153, 16, 0, 1
5655, 498491808, 27, 0, 1
6126, 498497934, 18, 0, 1
11291, 498509225, 37, 0, 1
6170, 498515395, 32, 0, 1
5658, 498521053, 14, 0, 1
6127, 498527180, 31, 0, 1
11340, 498538520, 41, 0, 1
6160, 498544680, 14, 0, 1
5660, 498550340, 26, 0, 1
6112, 498556452, 29, 0, 1
11308, 498567760, 20, 0, 1
6167, 498573927, 24, 0, 1
5651, 498579578, 20, 1, 1
6146, 498585724, 38, 0, 1
11325, 498597049, 33, 0, 1
6160, 498603209, 17, 0, 1
5639, 498608848, 19, 0, 1
11791, 498620639, 36, 0, 1
5657, 498626296, 24, 0, 1
6158, 498632454, 18, 0, 1
5645, 498638099, 16, 0, 1
11777, 498649876, 35, 0, 1
5651, 498655527, 19, 0, 1
6173, 498661700, 18, 0, 1
5652, 498667352, 15, 0, 1
11767, 498679119, 50, 0, 1
5658, 498684777, 11, 0, 1
6129, 498690906, 20, 0, 1
5661, 498696567, 31, 0, 1
12241, 498708808, 56, 2, 1
5639, 498714447, 19, 0, 1
6138, 498720585, 16, 0, 1
5645, 498726230, 19, 0, 1
12247, 498738477, 34, 1, 1
5658, 498744135, 18, 0, 1
6151, 498750286, 21, 0, 1
5657, 498755943, 28, 0, 1
11794, 498767737, 39, 0, 1
5658, 498773395, 9, 0, 1
7537, 498780932, 45, 17, 1
5658, 498786590, 12, 0, 1
11769, 498798359, 45, 0, 1
5646, 498804005, 14, 0, 1
6173, 498810178, 16, 0, 1
5639, 498815817, 19, 0, 1
11795, 498827612, 32, 1, 1
5658, 498833270, 12, 0, 1
6160, 498839430, 16, 0, 1
5658, 498845088, 12, 0, 1
11804, 498856892, 55, 1, 1
5658, 498862550, 11, 0, 1
6160, 498868710, 16, 0, 1
5648, 498874358, 29, 0, 1
11787, 498886145, 41, 0, 1
5658, 498891803, 15, 0, 1
6149, 498897952, 23, 0, 1
5652, 498903604, 14, 0, 1
12247, 498915851, 50, 0, 1
5635, 498921486, 21, 0, 1
6659, 498928145, 70, 0, 1
6336, 498934481, 43, 0, 1
13289, 498947770, 51, 1, 1
6291, 498954061, 25, 0, 1
6124, 498960185, 23, 0, 1
5657, 498965842, 17, 0, 1
12256, 498978098, 41, 0, 1
6113, 498984211, 26, 0, 1
6109, 498990320, 30, 0, 1
6089, 498996409, 29, 0, 1
12232, 499008641, 36, 0, 1
6116, 499014757, 18, 0, 1
6115, 499020872, 26, 0, 1
6110, 499026982, 23, 0, 1
12207, 499039189, 40, 0, 1
6085, 499045274, 25, 0, 1
6102, 499051376, 36, 0, 1
6085, 499057461, 27, 0, 1
12216, 499069677, 55, 0, 1
6116, 499075793, 18, 0, 1
6116, 499081909, 17, 0, 1
6117, 499088026, 26, 0, 1
12236, 499100262, 62, 0, 1
6091, 499106353, 34, 0, 1
6104, 499112457, 19, 0, 1
5643, 499118100, 28, 0, 1
12235, 499130335, 35, 0, 1
5640, 499135975, 21, 0, 1
15213, 499151188, 363, 92, 1
5658, 499156846, 38, 3, 1
11761, 499168607, 37, 0, 1
7035, 499175642, 29, 1, 1
6160, 499181802, 18, 0, 1
5659, 499187461, 27, 0, 1
11796, 499199257, 33, 0, 1
5658, 499204915, 9, 0, 1
6124, 499211039, 24, 0, 1
5658, 499216697, 16, 0, 1
11783, 499228480, 29, 0, 1
5653, 499234133, 25, 0, 1
6154, 499240287, 21, 0, 1
5651, 499245938, 14, 0, 1
11774, 499257712, 39, 0, 1
5658, 499263370, 10, 0, 1
6118, 499269488, 24, 0, 1
5658, 499275146, 14, 0, 1
11760, 499286906, 35, 0, 1
5658, 499292564, 11, 0, 1
7050, 499299614, 89, 37, 1
5652, 499305266, 18, 0, 1
11763, 499317029, 35, 0, 1
5658, 499322687, 10, 0, 1
6151, 499328838, 29, 0, 1
5658, 499334496, 14, 0, 1
11794, 499346290, 48, 0, 1
5657, 499351947, 18, 0, 1
6160, 499358107, 18, 0, 1
5652, 499363759, 16, 0, 1
11785, 499375544, 36, 0, 1
5658, 499381202, 11, 0, 1
6148, 499387350, 27, 0, 1
5658, 499393008, 15, 0, 1
11777, 499404785, 31, 0, 1
5658, 499410443, 10, 0, 1
6141, 499416584, 21, 0, 1
5646, 499422230, 18, 0, 1
11777, 499434007, 36, 0, 1
5658, 499439665, 11, 0, 1
6156, 499445821, 31, 0, 1
5658, 499451479, 17, 0, 1
11790, 499463269, 39, 0, 1
5652, 499468921, 18, 0, 1
6171, 499475092, 26, 0, 1
5652, 499480744, 16, 0, 1
11790, 499492534, 31, 0, 1
5657, 499498191, 33, 0, 1
6130, 499504321, 23, 0, 1
5645, 499509966, 14, 0, 1
11789, 499521755, 30, 0, 1
5656, 499527411, 28, 0, 1
6159, 499533570, 27, 0, 1
5658, 499539228, 18, 8, 1
13154, 499552382, 57, 0, 1
5658, 499558040, 13, 0, 1
6148, 499564188, 20, 0, 1
5650, 499569838, 26, 0, 1
11784, 499581622, 34, 0, 1
5655, 499587277, 29, 0, 1
6160, 499593437, 17, 0, 1
5646, 499599083, 20, 0, 1
11794, 499610877, 39, 0, 1
5658, 499616535, 12, 0, 1
6173, 499622708, 19, 0, 1
5634, 499628342, 14, 0, 1
11790, 499640132, 29, 0, 1
5658, 499645790, 13, 0, 1
6134, 499651924, 27, 0, 1
5622, 499657546, 21, 0, 1
11799, 499669345, 30, 0, 1
5658, 499675003, 8, 0, 1
6149, 499681152, 29, 0, 1
5658, 499686810, 13, 0, 1
11772, 499698582, 35, 0, 1
5652, 499704234, 13, 0, 1
6155, 499710389, 22, 0, 1
5651, 499716040, 21, 0, 1
11779, 499727819, 36, 0, 1
5658, 499733477, 15, 0, 1
6159, 499739636, 27, 0, 1
5643, 499745279, 28, 0, 1
11794, 499757073, 44, 0, 1
5651, 499762724, 23, 0, 1
6146, 499768870, 28, 0, 1
5658, 499774528, 12, 0, 1
11789, 499786317, 34, 0, 1
5658, 499791975, 23, 0, 1
6153, 499798128, 29, 0, 1
5646, 499803774, 20, 0, 1
11814, 499815588, 42, 0, 1
5658, 499821246, 14, 0, 1
6118, 499827364, 28, 0, 1
5644, 499833008, 30, 0, 1
11781, 499844789, 38, 0, 1
5658, 499850447, 11, 0, 1
6173, 499856620, 17, 0, 1
5659, 499862279, 29, 0, 1
11785, 499874064, 38, 0, 1
5658, 499879722, 14, 0, 1
6144, 499885866, 28, 0, 1
5640, 499891506, 16, 0, 1
12265, 499903771, 41, 0, 1
5633, 499909404, 24, 0, 1
6138, 499915542, 19, 0, 1
5655, 499921197, 31, 0, 1
13169, 499934366, 59, 0, 1
5658, 499940024, 12, 0, 1
6154, 499946178, 31, 0, 1
5660, 499951838, 29, 0, 1
11782, 499963620, 32, 0, 1
5643, 499969263, 27, 0, 1
6159, 499975422, 23, 0, 1
5657, 499981079, 22, 0, 1
11796, 499992875, 33, 0, 1
5656, 499998531, 20, 0, 1
6173, 500004704, 14, 0, 1
5658, 500010362, 32, 0, 1
11787, 500022149, 33, 0, 1
5658, 500027807, 17, 0, 1
6160, 500033967, 18, 0, 1
5643, 500039610, 27, 0, 1
11805, 500051415, 41, 0, 1
5656, 500057071, 32, 0, 1
6160, 500063231, 19, 0, 1
5642, 500068873, 26, 0, 1
11775, 500080648, 45, 0, 1
5639, 500086287, 25, 0, 1
6199, 500092486, 19, 0, 1
5645, 500098131, 27, 0, 1
11778, 500109909, 43, 0, 1
5658, 500115567, 13, 0, 1
6160, 500121727, 19, 0, 1
5645, 500127372, 28, 0, 1
11764, 500139136, 43, 0, 1
5658, 500144794, 12, 0, 1
6160, 500150954, 18, 0, 1
5657, 500156611, 34, 0, 1
11778, 500168389, 32, 0, 1
5656, 500174045, 34, 0, 1
6148, 500180193, 24, 0, 1
5651, 500185844, 21, 0, 1
11785, 500197629, 38, 0, 1
5663, 500203292, 19, 0, 1
6148, 500209440, 25, 0, 1
5652, 500215092, 16, 0, 1
11775, 500226867, 44, 0, 1
5658, 500232525, 12, 0, 1
6167, 500238692, 28, 0, 1
5657, 500244349, 30, 0, 1
11787, 500256136, 31, 0, 1
5658, 500261794, 19, 0, 1
6160, 500267954, 20, 0, 1
5649, 500273603, 32, 0, 1
11809, 500285412, 19, 0, 1
5658, 500291070, 13, 0, 1
6157, 500297227, 26, 0, 1
7031, 500304258, 48, 0, 1
11796, 500316054, 21, 0, 1
5658, 500321712, 16, 0, 1
6173, 500327885, 15, 0, 1
11796, 500339681, 27, 0, 1
5652, 500345333, 18, 0, 1
5648, 500350981, 25, 0, 1
6148, 500357129, 25, 0, 1
11819, 500368948, 40, 0, 1
5615, 500374563, 18, 0, 1
5650, 500380213, 19, 0, 1
6160, 500386373, 19, 0, 1
11775, 500398148, 52, 0, 1
5658, 500403806, 15, 0, 1
5645, 500409451, 18, 0, 1
6152, 500415603, 31, 0, 1
11796, 500427399, 38, 0, 1
5658, 500433057, 11, 0, 1
5652, 500438709, 15, 0, 1
6160, 500444869, 19, 0, 1
11771, 500456640, 42, 0, 1
5627, 500462267, 23, 0, 1
5651, 500467918, 28, 0, 1
6154, 500474072, 27, 0, 1
11775, 500485847, 36, 0, 1
5630, 500491477, 22, 0, 1
5658, 500497135, 20, 0, 1
6160, 500503295, 17, 0, 1
11802, 500515097, 34, 0, 1
5660, 500520757, 36, 0, 1
5658, 500526415, 10, 0, 1
6160, 500532575, 16, 0, 1
11796, 500544371, 27, 0, 1
5650, 500550021, 24, 0, 1
5658, 500555679, 28, 0, 1
6155, 500561834, 21, 0, 1
11788, 500573622, 45, 0, 1
5634, 500579256, 20, 0, 1
5648, 500584904, 24, 0, 1
6160, 500591064, 19, 0, 1
11795, 500602859, 42, 0, 1
5657, 500608516, 21, 0, 1
5658, 500614174, 12, 0, 1
6123, 500620297, 25, 0, 1
11775, 500632072, 44, 0, 1
5639, 500637711, 19, 0, 1
5652, 500643363, 18, 0, 1
6143, 500649506, 23, 0, 1
11789, 500661295, 43, 0, 1
5634, 500666929, 17, 0, 1
5637, 500672566, 21, 0, 1
7511, 500680077, 37, 0, 1
11788, 500691865, 60, 0, 1
5685, 500697550, 23, 0, 1
5658, 500703208, 9, 0, 1
917270, 501620478, 14941, 3634, 9
15308, 501635786, 783, 14, 1
6708, 501642494, 40, 0, 1
6666, 501649160, 34, 0, 1
11988, 501661148, 379, 59, 1
13156, 501674304, 61, 1, 1
6395, 501680699, 22, 0, 1
8279, 501688978, 159, 15, 1
6602, 501695580, 23, 0, 1
1443634, 1443634, 33495, 1030, 4
5958003, 7401637, 84457, 11498, 13
18374443, 25776080, 26305, 6442, 2
18882302, 44658382, 19891, 5130, 11
19092095, 63750477, 21111, 5649, 11
19419409, 83169886, 17784, 5285, 11
19399501, 102569387, 17757, 5233, 11
19346286, 121915673, 17885, 5247, 11
18262281, 140177954, 24612, 6939, 2
19441005, 159618959, 18318, 5242, 11
19372937, 178991896, 18660, 5213, 11
19160025, 198151921, 20796, 5353, 11
19500918, 217652839, 19061, 5316, 11
19474488, 237127327, 18006, 5272, 11
18842755, 255970082, 23899, 5086, 11
19345964, 275316046, 18384, 5277, 11
18769910, 294085956, 18770, 5058, 11
19343631, 313429587, 19048, 5174, 11
19303409, 332732996, 18630, 5246, 11
19587297, 352320293, 18702, 5346, 11
19475446, 371795739, 19193, 5171, 11
19659533, 391455272, 18495, 5344, 11
19565460, 411020732, 18777, 5226, 11
19505125, 430525857, 18281, 5212, 11
19549911, 450075768, 19141, 5277, 11
19549018, 469624786, 18371, 5282, 11
17300808, 486925594, 27396, 3959, 11
9486112, 496411706, 18529, 705, 12
15908, 496427614, 658, 24, 1
5663, 496433277, 40, 8, 1
6145, 496439422, 23, 0, 1
5645, 496445067, 20, 0, 1
11775, 496456842, 41, 0, 1
5652, 496462494, 16, 0, 1
6114, 496468608, 24, 0, 1
5657, 496474265, 17, 0, 1
11816, 496486081, 36, 0, 1
5651, 496491732, 18, 0, 1
6138, 496497870, 21, 0, 1
5658, 496503528, 13, 0, 1
11806, 496515334, 31, 0, 1
5658, 496520992, 15, 0, 1
7027, 496528019, 96, 26, 1
5658, 496533677, 16, 0, 1
11805, 496545482, 43, 0, 1
5651, 496551133, 17, 0, 1
6131, 496557264, 22, 0, 1
5652, 496562916, 12, 0, 1
11831, 496574747, 38, 0, 1
5658, 496580405, 11, 0, 1
6138, 496586543, 18, 0, 1
5628, 496592171, 15, 0, 1
11805, 496603976, 34, 0, 1
5658, 496609634, 12, 0, 1
6138, 496615772, 15, 0, 1
5658, 496621430, 12, 1, 1
11825, 496633255, 25, 0, 1
5652, 496638907, 16, 0, 1
6134, 496645041, 35, 0, 1
5658, 496650699, 12, 0, 1
11818, 496662517, 29, 0, 1
5658, 496668175, 14, 0, 1
6177, 496674352, 21, 0, 1
5646, 496679998, 19, 0, 1
11817, 496691815, 28, 0, 1
5658, 496697473, 13, 0, 1
6137, 496703610, 29, 0, 1
11311, 496714921, 36, 0, 1
6173, 496721094, 17, 0, 1
5652, 496726746, 21, 0, 1
6132, 496732878, 21, 0, 1
11314, 496744192, 45, 1, 1
6153, 496750345, 27, 0, 1
5652, 496755997, 18, 0, 1
6132, 496762129, 24, 0, 1
12672, 496774801, 115, 13, 1
6160, 496780961, 18, 0, 1
5639, 496786600, 22, 0, 1
6132, 496792732, 19, 0, 1
11307, 496804039, 28, 1, 1
6173, 496810212, 20, 0, 1
5657, 496815869, 18, 0, 1
6137, 496822006, 23, 0, 1
11315, 496833321, 39, 1, 1
6160, 496839481, 15, 0, 1
5658, 496845139, 12, 0, 1
6138, 496851277, 17, 0, 1
11316, 496862593, 19, 0, 1
6166, 496868759, 31, 1, 1
5652, 496874411, 18, 0, 1
6138, 496880549, 19, 0, 1
11316, 496891865, 21, 0, 1
6160, 496898025, 18, 0, 1
5658, 496903683, 14, 0, 1
6151, 496909834, 21, 0, 1
11303, 496921137, 30, 0, 1
6160, 496927297, 18, 0, 1
5658, 496932955, 13, 0, 1
6138, 496939093, 19, 0, 1
11310, 496950403, 37, 0, 1
6166, 496956569, 29, 0, 1
5642, 496962211, 26, 0, 1
6659, 496968870, 62, 0, 1
12954, 496981824, 55, 0, 1
6623, 496988447, 24, 0, 1
6298, 496994745, 26, 0, 1
6151, 497000896, 33, 0, 1
11774, 497012670, 22, 0, 1
6137, 497018807, 27, 1, 1
6109, 497024916, 26, 0, 1
6110, 497031026, 21, 0, 1
12214, 497043240, 36, 0, 1
6142, 497049382, 19, 0, 1
6116, 497055498, 17, 0, 1
6116, 497061614, 18, 0, 1
12232, 497073846, 30, 0, 1
6116, 497079962, 17, 0, 1
6116, 497086078, 17, 0, 1
6116, 497092194, 15, 0, 1
21302, 497113496, 365, 58, 1
6116, 497119612, 22, 0, 1
6116, 497125728, 17, 0, 1
6116, 497131844, 16, 0, 1
12202, 497144046, 37, 0, 1
6102, 497150148, 26, 0, 1
6117, 497156265, 24, 0, 1
7493, 497163758, 34, 0, 1
11749, 497175507, 36, 0, 1
6130, 497181637, 24, 0, 1
5658, 497187295, 15, 0, 1
6126, 497193421, 24, 0, 1
11286, 497204707, 29, 0, 1
6168, 497210875, 23, 0, 1
5657, 497216532, 18, 0, 1
6101, 497222633, 28, 0, 1
11291, 497233924, 33, 0, 1
6153, 497240077, 23, 0, 1
5628, 497245705, 20, 0, 1
6145, 497251850, 19, 0, 1
11286, 497263136, 43, 0, 1
6160, 497269296, 17, 0, 1
5658, 497274954, 14, 0, 1
6132, 497281086, 22, 0, 1
11303, 497292389, 24, 0, 1
6171, 497298560, 28, 0, 1
5652, 497304212, 13, 0, 1
6120, 497310332, 28, 0, 1
11307, 497321639, 35, 0, 1
6160, 497327799, 18, 0, 1
5657, 497333456, 15, 0, 1
6138, 497339594, 14, 0, 1
11316, 497350910, 16, 0, 1
6173, 497357083, 17, 0, 1
5640, 497362723, 20, 0, 1
6120, 497368843, 18, 0, 1
11316, 497380159, 16, 0, 1
6136, 497386295, 22, 0, 1
5628, 497391923, 19, 0, 1
6151, 497398074, 16, 0, 1
11316, 497409390, 17, 0, 1
6160, 497415550, 18, 0, 1
5658, 497421208, 13, 0, 1
6138, 497427346, 18, 0, 1
11316, 497438662, 19, 0, 1
6192, 497444854, 17, 0, 1
5658, 497450512, 19, 0, 1
6139, 497456651, 21, 0, 1
11316, 497467967, 18, 0, 1
6160, 497474127, 18, 0, 1
5658, 497479785, 13, 0, 1
6151, 497485936, 20, 0, 1
11316, 497497252, 18, 0, 1
6158, 497503410, 28, 0, 1
5658, 497509068, 18, 0, 1
6131, 497515199, 22, 0, 1
11310, 497526509, 22, 0, 1
6173, 497532682, 19, 0, 1
7029, 497539711, 34, 0, 1
6138, 497545849, 27, 0, 1
11309, 497557158, 29, 0, 1
6158, 497563316, 21, 0, 1
5658, 497568974, 13, 0, 1
6124, 497575098, 25, 0, 1
11279, 497586377, 28, 0, 1
6159, 497592536, 19, 0, 1
5652, 497598188, 15, 0, 1
6129, 497604317, 29, 0, 1
11280, 497615597, 28, 0, 1
6158, 497621755, 25, 0, 1
5652, 497627407, 17, 0, 1
6133, 497633540, 22, 0, 1
11290, 497644830, 22, 0, 1
6160, 497650990, 17, 0, 1
5658, 497656648, 14, 0, 1
6138, 497662786, 19, 0, 1
11316, 497674102, 18, 0, 1
6173, 497680275, 15, 0, 1
5658, 497685933, 14, 0, 1
6138, 497692071, 19, 0, 1
11316, 497703387, 28, 0, 1
6146, 497709533, 27, 0, 1
5658, 497715191, 14, 0, 1
6145, 497721336, 23, 0, 1
11302, 497732638, 29, 0, 1
6160, 497738798, 17, 0, 1
5658, 497744456, 14, 0, 1
6138, 497750594, 18, 0, 1
11315, 497761909, 30, 0, 1
6173, 497768082, 15, 0, 1
5658, 497773740, 12, 0, 1
6138, 497779878, 20, 0, 1
11316, 497791194, 19, 0, 1
6136, 497797330, 25, 0, 1
5652, 497802982, 20, 0, 1
6132, 497809114, 20, 0, 1
11309, 497820423, 33, 0, 1
6179, 497826602, 20, 0, 1
5658, 497832260, 11, 0, 1
6136, 497838396, 28, 0, 1
11316, 497849712, 15, 0, 1
6160, 497855872, 20, 0, 1
5656, 497861528, 14, 1, 1
14335, 497875863, 272, 119, 1
11307, 497887170, 58, 0, 1
6136, 497893306, 20, 0, 1
5658, 497898964, 13, 0, 1
6138, 497905102, 17, 0, 1
11316, 497916418, 18, 0, 1
7550, 497923968, 38, 0, 1
5658, 497929626, 12, 0, 1
6138, 497935764, 14, 0, 1
11774, 497947538, 19, 0, 1
6138, 497953676, 17, 0, 1
5658, 497959334, 14, 0, 1
6137, 497965471, 32, 0, 1
11305, 497976776, 43, 0, 1
6159, 497982935, 17, 0, 1
5658, 497988593, 10, 0, 1
6138, 497994731, 18, 0, 1
11303, 498006034, 22, 0, 1
6142, 498012176, 22, 0, 1
5658, 498017834, 13, 0, 1
6138, 498023972, 18, 0, 1
11301, 498035273, 30, 0, 1
6137, 498041410, 22, 0, 1
5658, 498047068, 17, 0, 1
6138, 498053206, 19, 0, 1
11316, 498064522, 15, 0, 1
6161, 498070683, 24, 0, 1
5658, 498076341, 13, 0, 1
6138, 498082479, 16, 0, 1
11304, 498093783, 35, 0, 1
6136, 498099919, 17, 0, 1
5658, 498105577, 17, 0, 1
6151, 498111728, 21, 0, 1
11296, 498123024, 33, 0, 1
6147, 498129171, 22, 0, 1
5652, 498134823, 15, 0, 1
6120, 498140943, 19, 0, 1
11316, 498152259, 20, 0, 1
6173, 498158432, 17, 0, 1
5658, 498164090, 11, 0, 1
6138, 498170228, 18, 0, 1
11316, 498181544, 17, 0, 1
6160, 498187704, 17, 0, 1
5658, 498193362, 14, 0, 1
6171, 498199533, 19, 0, 1
11316, 498210849, 16, 0, 1
6160, 498217009, 19, 0, 1
5658, 498222667, 14, 0, 1
6138, 498228805, 16, 0, 1
11308, 498240113, 26, 0, 1
6154, 498246267, 27, 0, 1
5646, 498251913, 22, 0, 1
6137, 498258050, 29, 0, 1
11298, 498269348, 20, 0, 1
6160, 498275508, 16, 0, 1
5658, 498281166, 15, 0, 1
6120, 498287286, 17, 0, 1
12673, 498299959, 47, 0, 1
6170, 498306129, 23, 0, 1
5658, 498311787, 12, 0, 1
6138, 498317925, 21, 0, 1
11316, 498329241, 15, 0, 1
6154, 498335395, 19, 0, 1
5658, 498341053, 12, 0, 1
6139, 498347192, 21, 0, 1
11316, 498358508, 16, 0, 1
6160, 498364668, 18, 0, 1
5646, 498370314, 17, 0, 1
6131, 498376445, 20, 0, 1
11308, 498387753, 33, 0, 1
6163, 498393916, 28, 0, 1
5658, 498399574, 17, 0, 1
6102, 498405676, 26, 0, 1
11309, 498416985, 30, 0, 1
6160, 498423145, 16, 0, 1
5658, 498428803, 12, 0, 1
6151, 498434954, 16, 0, 1
11316, 498446270, 17, 0, 1
6160, 498452430, 19, 0, 1
5657, 498458087, 18, 0, 1
6124, 498464211, 29, 0, 1
11316, 498475527, 18, 0, 1
6189, 498481716, 30, 0, 1
5658, 498487374, 13, 0, 1
6138, 498493512, 19, 0, 1
11309, 498504821, 25, 0, 1
6154, 498510975, 20, 0, 1
5652, 498516627, 24, 0, 1
6126, 498522753, 22, 0, 1
11310, 498534063, 33, 0, 1
6166, 498540229, 19, 0, 1
5652, 498545881, 14, 0, 1
6120, 498552001, 22, 0, 1
11298, 498563299, 17, 0, 1
6160, 498569459, 17, 0, 1
5658, 498575117, 15, 0, 1
6128, 498581245, 25, 0, 1
11316, 498592561, 18, 0, 1
6160, 498598721, 18, 0, 1
5658, 498604379, 13, 0, 1
6138, 498610517, 16, 0, 1
11302, 498621819, 24, 0, 1
6173, 498627992, 18, 0, 1
5658, 498633650, 13, 0, 1
6138, 498639788, 18, 0, 1
11315, 498651103, 25, 0, 1
6154, 498657257, 16, 0, 1
5645, 498662902, 17, 0, 1
6133, 498669035, 18, 0, 1
12692, 498681727, 37, 0, 1
6165, 498687892, 27, 0, 1
5658, 498693550, 13, 0, 1
11784, 498705334, 30, 0, 1
5658, 498710992, 17, 0, 1
6167, 498717159, 18, 0, 1
5658, 498722817, 17, 0, 1
11790, 498734607, 26, 0, 1
5652, 498740259, 14, 0, 1
6160, 498746419, 18, 0, 1
5652, 498752071, 14, 0, 1
15135, 498767206, 196, 25, 1
6129, 498773335, 16, 0, 1
1372044, 500145379, 15199, 3683, 9
6406, 500151785, 52, 1, 1
13410, 500165195, 48, 0, 1
12187, 500177382, 366, 64, 1
6401, 500183783, 41, 0, 1
6719, 500190502, 29, 0, 1
15102, 500205604, 192, 12, 1
4263230, 4263230, 84066, 3755, 16
12793835, 17057065, 50945, 12780, 20
19343223, 36400288, 18349, 5250, 11
18000607, 54400895, 22782, 5362, 2
19452200, 73853095, 18294, 5237, 11
19345375, 93198470, 18126, 5250, 11
18658676, 111857146, 23887, 7035, 2
18534616, 130391762, 19058, 5038, 11
19195914, 149587676, 18332, 5148, 11
19637674, 169225350, 18355, 5222, 11
19349681, 188575031, 21603, 5397, 11
19296360, 207871391, 18719, 5242, 11
19473006, 227344397, 18748, 5310, 11
19198937, 246543334, 18537, 5252, 11
18387595, 264930929, 26202, 4959, 11
18955037, 283885966, 19396, 5123, 11
19170686, 303056652, 19205, 5189, 11
19482413, 322539065, 19249, 5287, 11
19612736, 342151801, 20124, 5379, 11
19537281, 361689082, 19195, 5308, 11
19651612, 381340694, 19041, 5194, 11
19431665, 400772359, 19534, 5275, 11
19575631, 420347990, 19742, 5171, 11
19612533, 439960523, 19112, 5263, 11
19536975, 459497498, 19254, 5203, 11
19734089, 479231587, 19917, 5292, 11
13229186, 492460773, 29389, 1598, 19
3901730, 496362503, 8616, 587, 6
5658, 496368161, 38, 3, 1
11818, 496379979, 53, 8, 1
5658, 496385637, 11, 0, 1
6120, 496391757, 24, 0, 1
5648, 496397405, 23, 0, 1
11794, 496409199, 36, 0, 1
5660, 496414859, 26, 0, 1
6129, 496420988, 36, 0, 1
5658, 496426646, 11, 0, 1
11830, 496438476, 36, 0, 1
5658, 496444134, 13, 0, 1
6138, 496450272, 20, 0, 1
5654, 496455926, 27, 0, 1
11806, 496467732, 43, 0, 1
5657, 496473389, 18, 0, 1
6131, 496479520, 29, 0, 1
5654, 496485174, 28, 0, 1
11807, 496496981, 35, 0, 1
5658, 496502639, 14, 0, 1
6127, 496508766, 23, 0, 1
5658, 496514424, 14, 0, 1
11799, 496526223, 38, 0, 1
5673, 496531896, 34, 0, 1
6150, 496538046, 38, 0, 1
5652, 496543698, 15, 0, 1
11805, 496555503, 27, 0, 1
7051, 496562554, 110, 18, 1
6142, 496568696, 37, 0, 1
5658, 496574354, 11, 0, 1
11832, 496586186, 32, 0, 1
5656, 496591842, 31, 0, 1
6138, 496597980, 14, 0, 1
5641, 496603621, 27, 0, 1
11811, 496615432, 32, 0, 1
5667, 496621099, 31, 0, 1
6151, 496627250, 15, 0, 1
5656, 496632906, 28, 0, 1
11811, 496644717, 36, 1, 1
5639, 496650356, 24, 0, 1
6107, 496656463, 26, 0, 1
5650, 496662113, 32, 0, 1
11810, 496673923, 36, 0, 1
5656, 496679579, 22, 0, 1
6119, 496685698, 29, 0, 1
5640, 496691338, 23, 2, 1
11786, 496703124, 33, 0, 1
5649, 496708773, 28, 1, 1
6114, 496714887, 20, 0, 1
5661, 496720548, 32, 0, 1
11811, 496732359, 38, 0, 1
5658, 496738017, 11, 0, 1
6096, 496744113, 22, 0, 1
5658, 496749771, 10, 0, 1
11818, 496761589, 21, 1, 1
5656, 496767245, 21, 0, 1
6145, 496773390, 22, 0, 1
5652, 496779042, 16, 0, 1
11817, 496790859, 36, 0, 1
5659, 496796518, 28, 0, 1
6135, 496802653, 27, 0, 1
5658, 496808311, 10, 0, 1
11812, 496820123, 31, 1, 1
5658, 496825781, 12, 0, 1
6123, 496831904, 31, 0, 1
5658, 496837562, 12, 0, 1
11818, 496849380, 29, 0, 1
5646, 496855026, 17, 0, 1
6136, 496861162, 30, 0, 1
5658, 496866820, 11, 0, 1
11812, 496878632, 24, 0, 1
5656, 496884288, 19, 0, 1
6137, 496890425, 24, 0, 1
6098, 496896523, 23, 0, 1
22448, 496918971, 475, 78, 1
6373, 496925344, 46, 0, 1
6624, 496931968, 23, 0, 1
6531, 496938499, 29, 2, 1
13171, 496951670, 66, 11, 1
5658, 496957328, 13, 0, 1
6139, 496963467, 34, 0, 1
6142, 496969609, 17, 0, 1
12231, 496981840, 44, 0, 1
6126, 496987966, 37, 0, 1
6091, 496994057, 30, 0, 1
6116, 497000173, 32, 0, 1
12231, 497012404, 37, 0, 1
6124, 497018528, 28, 0, 1
6115, 497024643, 21, 0, 1
6116, 497030759, 24, 0, 1
12229, 497042988, 60, 0, 1
6116, 497049104, 16, 0, 1
6097, 497055201, 28, 0, 1
6116, 497061317, 18, 0, 1
12248, 497073565, 49, 0, 1
6109, 497079674, 24, 0, 1
6110, 497085784, 19, 0, 1
6098, 497091882, 31, 0, 1
12224, 497104106, 46, 0, 1
5657, 497109763, 16, 0, 1
6151, 497115914, 18, 0, 1
6111, 497122025, 31, 0, 1
11751, 497133776, 39, 0, 1
5646, 497139422, 15, 0, 1
6126, 497145548, 25, 0, 1
5622, 497151170, 18, 0, 1
11809, 497162979, 48, 0, 1
5645, 497168624, 23, 0, 1
6125, 497174749, 33, 0, 1
5636, 497180385, 28, 0, 1
11799, 497192184, 39, 0, 1
5658, 497197842, 14, 0, 1
6126, 497203968, 25, 0, 1
5657, 497209625, 21, 0, 1
11828, 497221453, 32, 0, 1
5658, 497227111, 19, 0, 1
6138, 497233249, 20, 0, 1
5652, 497238901, 19, 0, 1
11805, 497250706, 50, 0, 1
5657, 497256363, 24, 0, 1
6146, 497262509, 30, 0, 1
5658, 497268167, 15, 0, 1
11799, 497279966, 39, 0, 1
5651, 497285617, 19, 0, 1
6122, 497291739, 32, 0, 1
5621, 497297360, 21, 0, 1
11814, 497309174, 37, 0, 1
5658, 497314832, 12, 0, 1
6152, 497320984, 34, 0, 1
5663, 497326647, 16, 0, 1
13176, 497339823, 48, 0, 1
5658, 497345481, 14, 0, 1
6138, 497351619, 26, 0, 1
5649, 497357268, 28, 0, 1
11794, 497369062, 30, 0, 1
5652, 497374714, 17, 0, 1
6138, 497380852, 18, 0, 1
5658, 497386510, 12, 0, 1
11789, 497398299, 33, 0, 1
5642, 497403941, 30, 0, 1
6109, 497410050, 29, 0, 1
5649, 497415699, 25, 0, 1
11818, 497427517, 25, 0, 1
5646, 497433163, 18, 0, 1
6124, 497439287, 31, 0, 1
5658, 497444945, 13, 0, 1
11830, 497456775, 37, 0, 1
5658, 497462433, 11, 0, 1
6119, 497468552, 23, 0, 1
5658, 497474210, 12, 0, 1
11794, 497486004, 28, 0, 1
5656, 497491660, 23, 0, 1
6151, 497497811, 19, 0, 1
5636, 497503447, 26, 0, 1
11826, 497515273, 46, 0, 1
5656, 497520929, 32, 0, 1
6096, 497527025, 24, 0, 1
5645, 497532670, 23, 0, 1
11813, 497544483, 27, 0, 1
5656, 497550139, 28, 0, 1
6131, 497556270, 29, 0, 1
5638, 497561908, 25, 0, 1
11806, 497573714, 35, 0, 1
5652, 497579366, 17, 0, 1
6151, 497585517, 19, 0, 1
5634, 497591151, 20, 0, 1
11795, 497602946, 41, 0, 1
5658, 497608604, 14, 0, 1
6131, 497614735, 25, 0, 1
5646, 497620381, 17, 0, 1
11810, 497632191, 47, 0, 1
5638, 497637829, 31, 0, 1
6127, 497643956, 35, 0, 1
5660, 497649616, 28, 0, 1
11804, 497661420, 46, 0, 1
5652, 497667072, 17, 0, 1
6130, 497673202, 32, 0, 1
5652, 497678854, 18, 0, 1
11798, 497690652, 49, 0, 1
5667, 497696319, 33, 0, 1
6113, 497702432, 35, 0, 1
6999, 497709431, 39, 0, 1
11812, 497721243, 40, 0, 1
5658, 497726901, 13, 0, 1
6149, 497733050, 35, 0, 1
5658, 497738708, 17, 0, 1
11785, 497750493, 42, 0, 1
5652, 497756145, 17, 0, 1
6138, 497762283, 21, 0, 1
5628, 497767911, 22, 0, 1
11816, 497779727, 45, 0, 1
5646, 497785373, 22, 0, 1
6126, 497791499, 24, 0, 1
5658, 497797157, 16, 0, 1
11796, 497808953, 41, 0, 1
5652, 497814605, 15, 0, 1
6151, 497820756, 20, 0, 1
5628, 497826384, 22, 0, 1
11818, 497838202, 35, 0, 1
5658, 497843860, 13, 0, 1
6125, 497849985, 25, 0, 1
5658, 497855643, 17, 0, 1
11824, 497867467, 39, 0, 1
5658, 497873125, 30, 0, 1
6119, 497879244, 26, 0, 1
6091, 497885335, 27, 0, 1
11796, 497897131, 31, 0, 1
5646, 497902777, 20, 0, 1
6130, 497908907, 36, 0, 1
5655, 497914562, 29, 0, 1
11810, 497926372, 42, 0, 1
5658, 497932030, 14, 0, 1
6138, 497938168, 19, 0, 1
5660, 497943828, 32, 0, 1
11811, 497955639, 34, 0, 1
5655, 497961294, 21, 0, 1
6129, 497967423, 32, 0, 1
5640, 497973063, 19, 0, 1
11799, 497984862, 36, 0, 1
5669, 497990531, 33, 0, 1
6108, 497996639, 31, 0, 1
5658, 498002297, 14, 0, 1
11795, 498014092, 38, 0, 1
5639, 498019731, 31, 0, 1
6095, 498025826, 28, 0, 1
5660, 498031486, 34, 0, 1
11786, 498043272, 38, 0, 1
5652, 498048924, 20, 0, 1
6151, 498055075, 18, 0, 1
5652, 498060727, 23, 0, 1
11805, 498072532, 35, 0, 1
5646, 498078178, 16, 0, 1
7493, 498085671, 46, 0, 1
5652, 498091323, 21, 0, 1
11850, 498103173, 51, 0, 1
5656, 498108829, 23, 0, 1
6117, 498114946, 35, 0, 1
5658, 498120604, 12, 0, 1
11770, 498132374, 38, 0, 1
5639, 498138013, 26, 0, 1
6138, 498144151, 21, 0, 1
5659, 498149810, 28, 0, 1
11795, 498161605, 41, 0, 1
5658, 498167263, 15, 0, 1
6127, 498173390, 36, 0, 1
5658, 498179048, 16, 0, 1
11807, 498190855, 45, 0, 1
5651, 498196506, 28, 0, 1
6151, 498202657, 21, 0, 1
5640, 498208297, 23, 0, 1
11789, 498220086, 45, 0, 1
5621, 498225707, 24, 0, 1
6122, 498231829, 29, 0, 1
5656, 498237485, 26, 0, 1
11817, 498249302, 31, 0, 1
5651, 498254953, 23, 0, 1
6138, 498261091, 20, 0, 1
5620, 498266711, 21, 0, 1
11811, 498278522, 28, 0, 1
5646, 498284168, 16, 0, 1
6139, 498290307, 27, 0, 1
5640, 498295947, 20, 0, 1
11787, 498307734, 33, 0, 1
5658, 498313392, 16, 0, 1
6141, 498319533, 31, 0, 1
5658, 498325191, 14, 0, 1
11793, 498336984, 35, 0, 1
5637, 498342621, 24, 0, 1
6137, 498348758, 41, 0, 1
11315, 498360073, 30, 0, 1
6144, 498366217, 32, 0, 1
5652, 498371869, 19, 0, 1
6126, 498377995, 25, 0, 1
11293, 498389288, 42, 0, 1
6173, 498395461, 18, 0, 1
5657, 498401118, 27, 0, 1
6130, 498407248, 31, 0, 1
11329, 498418577, 42, 0, 1
6160, 498424737, 19, 0, 1
5646, 498430383, 23, 0, 1
6151, 498436534, 19, 0, 1
11307, 498447841, 44, 0, 1
6136, 498453977, 25, 0, 1
7035, 498461012, 27, 0, 1
6122, 498467134, 34, 0, 1
11298, 498478432, 25, 0, 1
6180, 498484612, 25, 0, 1
5658, 498490270, 20, 0, 1
6130, 498496400, 37, 0, 1
11282, 498507682, 43, 0, 1
6160, 498513842, 20, 0, 1
5663, 498519505, 32, 0, 1
6145, 498525650, 24, 0, 1
11297, 498536947, 59, 0, 1
6160, 498543107, 19, 0, 1
5657, 498548764, 33, 0, 1
6096, 498554860, 30, 0, 1
11281, 498566141, 48, 0, 1
6162, 498572303, 21, 0, 1
5656, 498577959, 27, 0, 1
6138, 498584097, 23, 0, 1
11302, 498595399, 41, 0, 1
6158, 498601557, 26, 0, 1
5642, 498607199, 28, 0, 1
6138, 498613337, 16, 0, 1
11319, 498624656, 52, 0, 1
6173, 498630829, 15, 0, 1
5675, 498636504, 35, 0, 1
6114, 498642618, 34, 0, 1
11289, 498653907, 43, 0, 1
6160, 498660067, 18, 0, 1
5656, 498665723, 23, 0, 1
6151, 498671874, 19, 0, 1
11297, 498683171, 32, 0, 1
69139, 498752310, 3944, 1481, 1
823912, 499576222, 11282, 2095, 5
6416, 499582638, 49, 0, 1
18983, 499601621, 391, 61, 1
6393, 499608014, 49, 0, 1
7048, 499615062, 30, 0, 1
6669, 499621731, 23, 0, 1
14837, 499636568, 204, 14, 1
6642, 499643210, 19, 0, 1
