54168 54168 4052 125
4897990 4952158 90264 3694
15108571 20060729 43969 10806
15008672 35069401 15190 3807
10658931 45728332 13486 2446
19419399 65147731 18290 4765
19069810 84217541 22310 6776
18737178 102954719 20846 5037
19054423 122009142 18392 4949
19422988 141432130 18416 4957
19605865 161037995 20825 5143
19613658 180651653 18602 4929
19292513 199944166 18933 4492
19643865 219588031 18709 5275
19103411 238691442 19776 4851
18686981 257378423 23972 4709
18976971 276355394 19119 4558
19534059 295889453 19160 5014
19517997 315407450 19853 4917
19602030 335009480 19334 5159
19624020 354633500 19211 5296
19503748 374137248 19099 5096
19708135 393845383 19668 5168
19563988 413409371 19662 5149
19602322 433011693 19108 4763
19605596 452617289 19448 5207
19597922 472215211 19866 5254
17240388 489455599 27290 3659
8968661 498424260 19067 302
6114 498430374 368 2
11796 498442170 44 0
5656 498447826 20 0
6157 498453983 28 0
5645 498459628 19 0
11812 498471440 22 0
5658 498477098 8 0
6134 498483232 29 0
5658 498488890 16 0
20906 498509796 314 6
5657 498515453 27 0
6138 498521591 20 0
5621 498527212 21 0
11780 498538992 44 0
5658 498544650 15 0
6119 498550769 28 0
5652 498556421 15 0
11792 498568213 53 0
5651 498573864 20 0
6126 498579990 24 0
5658 498585648 13 0
11801 498597449 55 0
5646 498603095 18 0
6144 498609239 26 0
5640 498614879 12 0
11812 498626691 34 0
5658 498632349 11 0
7506 498639855 116 7
5658 498645513 11 0
11813 498657326 33 0
5658 498662984 11 0
6095 498669079 25 0
5649 498674728 23 0
11805 498686533 50 0
5656 498692189 30 8
6119 498698308 30 0
5649 498703957 23 0
11802 498715759 40 0
5652 498721411 15 0
6125 498727536 22 0
5625 498733161 20 0
11813 498744974 32 0
5639 498750613 21 0
6090 498756703 25 0
5652 498762355 28 0
11797 498774152 30 0
5658 498779810 9 0
6126 498785936 23 0
5658 498791594 13 0
11801 498803395 36 0
5658 498809053 9 0
6131 498815184 33 0
5645 498820829 18 0
11776 498832605 35 0
5632 498838237 26 0
6171 498844408 16 0
5644 498850052 23 0
11787 498861839 33 0
5658 498867497 12 0
6132 498873629 33 0
5658 498879287 11 0
11825 498891112 27 0
5658 498896770 10 0
6129 498902899 31 0
5658 498908557 16 0
11788 498920345 37 0
5655 498926000 28 0
6144 498932144 26 0
5658 498937802 13 0
11822 498949624 46 0
5648 498955272 30 0
6138 498961410 18 0
5645 498967055 21 0
12334 498979389 84 0
6309 498985698 30 0
6640 498992338 26 0
6554 498998892 22 0
12439 499011331 50 0
7487 499018818 36 1
6104 499024922 21 0
6127 499031049 32 0
12231 499043280 36 0
6116 499049396 18 0
6092 499055488 22 0
6125 499061613 35 0
12232 499073845 29 0
6129 499079974 15 0
6113 499086087 34 0
6116 499092203 16 0
12188 499104391 41 0
6096 499110487 28 0
6116 499116603 16 0
6097 499122700 24 0
12221 499134921 36 0
5640 499140561 13 0
6138 499146699 15 0
6109 499152808 23 0
11777 499164585 36 0
5647 499170232 23 0
6139 499176371 20 0
5636 499182007 22 0
11826 499193833 41 0
5646 499199479 20 0
6138 499205617 20 0
5658 499211275 12 0
11843 499223118 44 0
5658 499228776 11 0
6113 499234889 24 0
5658 499240547 12 0
11802 499252349 38 0
5663 499258012 18 0
6147 499264159 32 0
5645 499269804 15 0
11819 499281623 29 0
5658 499287281 21 0
6114 499293395 19 0
5639 499299034 19 0
11818 499310852 24 0
5651 499316503 19 0
6145 499322648 29 0
5645 499328293 18 0
11798 499340091 42 0
5658 499345749 14 0
6140 499351889 35 0
5658 499357547 12 0
11813 499369360 31 0
5639 499374999 24 0
6124 499381123 32 0
5657 499386780 23 0
13186 499399966 51 0
5658 499405624 14 0
7037 499412661 77 13
5658 499418319 15 0
11812 499430131 33 0
5658 499435789 10 0
6134 499441923 26 0
5634 499447557 15 0
11816 499459373 36 0
5658 499465031 9 0
6123 499471154 29 0
5650 499476804 22 0
11797 499488601 30 0
5658 499494259 9 0
6122 499500381 28 0
5658 499506039 10 0
11809 499517848 34 0
5666 499523514 27 0
6136 499529650 28 0
5652 499535302 17 0
11812 499547114 42 0
5649 499552763 25 0
6128 499558891 21 0
5658 499564549 18 0
11804 499576353 38 0
5658 499582011 8 0
6097 499588108 21 0
5622 499593730 19 0
11830 499605560 29 0
5667 499611227 27 0
6138 499617365 16 0
5645 499623010 18 0
11818 499634828 25 0
5634 499640462 17 0
6151 499646613 15 0
5652 499652265 17 0
11810 499664075 21 0
5643 499669718 23 0
6138 499675856 18 0
11309 499687165 25 0
6168 499693333 30 0
5656 499698989 25 0
6138 499705127 18 0
11306 499716433 32 0
6160 499722593 19 0
5658 499728251 11 0
6114 499734365 23 0
11290 499745655 39 0
6136 499751791 27 0
5658 499757449 17 0
6128 499763577 32 0
12674 499776251 40 2
6141 499782392 26 0
5632 499788024 24 0
6121 499794145 22 0
11308 499805453 33 0
6160 499811613 14 0
5660 499817273 29 0
6138 499823411 15 0
11309 499834720 50 0
6173 499840893 15 0
5652 499846545 16 0
6107 499852652 21 0
11321 499863973 31 0
6160 499870133 14 0
5652 499875785 16 0
6156 499881941 31 0
11314 499893255 39 0
6160 499899415 15 0
5667 499905082 21 0
6138 499911220 18 0
11764 499922984 36 0
6151 499929135 16 0
5639 499934774 19 0
6126 499940900 23 0
11302 499952202 34 0
6160 499958362 16 0
5650 499964012 20 0
6112 499970124 27 0
11317 499981441 31 0
6186 499987627 15 0
5632 499993259 19 0
6117 499999376 28 0
11325 500010701 40 0
6160 500016861 14 0
5652 500022513 16 0
6136 500028649 27 0
11298 500039947 45 0
6160 500046107 16 0
5640 500051747 15 0
6101 500057848 20 0
11289 500069137 32 0
6161 500075298 22 0
5661 500080959 28 0
6138 500087097 17 0
11300 500098397 36 0
6160 500104557 17 0
5646 500110203 15 0
6114 500116317 22 0
11314 500127631 34 0
6160 500133791 16 0
5655 500139446 20 0
6130 500145576 31 0
12705 500158281 62 0
6173 500164454 16 0
5639 500170093 26 0
6138 500176231 17 0
11291 500187522 34 0
6147 500193669 20 0
5658 500199327 27 0
6129 500205456 33 0
11250 500216706 33 0
6173 500222879 15 0
5645 500228524 20 0
6138 500234662 20 0
11314 500245976 24 0
6136 500252112 20 0
5648 500257760 24 0
6127 500263887 22 0
11293 500275180 40 0
6160 500281340 17 0
5657 500286997 27 0
6119 500293116 21 0
11320 500304436 24 0
6173 500310609 16 0
5673 500316282 27 0
6145 500322427 18 0
11282 500333709 37 0
6148 500339857 27 0
5658 500345515 11 0
6151 500351666 23 0
11316 500362982 18 0
6160 500369142 18 0
5656 500374798 26 0
6138 500380936 17 0
11289 500392225 37 0
6143 500398368 23 0
5655 500404023 29 0
6138 500410161 19 0
11323 500421484 36 0
6160 500427644 14 0
5637 500433281 23 0
6129 500439410 29 0
11280 500450690 36 0
6173 500456863 18 0
5666 500462529 28 0
6121 500468650 30 0
11311 500479961 32 0
6160 500486121 18 0
5647 500491768 29 0
6151 500497919 17 0
11303 500509222 23 0
6140 500515362 23 0
5654 500521016 30 0
7516 500528532 47 0
11314 500539846 45 0
6173 500546019 16 0
5640 500551659 14 0
6138 500557797 17 0
11290 500569087 28 0
6136 500575223 22 0
5641 500580864 29 0
6151 500587015 32 0
11288 500598303 46 0
6160 500604463 17 0
5637 500610100 27 0
6120 500616220 30 0
11277 500627497 36 0
6173 500633670 19 0
5627 500639297 21 0
6114 500645411 18 0
11284 500656695 34 0
6154 500662849 17 0
5658 500668507 15 0
6118 500674625 28 0
11299 500685924 38 0
6173 500692097 17 0
5650 500697747 23 0
6127 500703874 28 0
11294 500715168 35 0
6141 500721309 28 0
5650 500726959 13 0
14358 500741317 286 62
15122 500756439 270 1
915517 501671956 15551 2178
6467 501678423 55 0
6701 501685124 28 0
18598 501703722 427 32
6434 501710156 31 0
6683 501716839 19 0
8257 501725096 146 4
3412295 3412295 67823 2543
10087986 13500281 63596 10118
19176393 32676674 19431 4875
18229439 50906113 24037 4932
19330751 70236864 17318 4814
19504377 89741241 17871 5088
19322316 109063557 17817 4899
18308670 127372227 24880 6374
19010945 146383172 18141 4900
19725728 166108900 18143 5096
19499956 185608856 20396 4450
19383068 204991924 19098 5097
19452673 224444597 18900 5147
19447538 243892135 18615 4952
18321041 262213176 24431 4709
19202894 281416070 19461 4553
18991853 300407923 18788 4671
19675288 320083211 18438 5126
19651070 339734281 18601 5175
19607151 359341432 19130 5264
19616558 378957990 18648 4924
19621823 398579813 18444 5254
19703468 418283281 18240 5137
19566851 437850132 19832 4710
19563945 457414077 18705 5178
19619213 477033290 18564 5299
14492128 491525418 30051 1844
4833497 496358915 10249 253
5668 496364583 43 0
5646 496370229 18 0
6173 496376402 17 0
11757 496388159 33 0
5646 496393805 16 0
5650 496399455 29 0
6159 496405614 21 0
20861 496426475 321 10
5658 496432133 31 0
5658 496437791 12 0
6160 496443951 19 0
11795 496455746 45 0
5646 496461392 22 0
5658 496467050 12 0
6150 496473200 21 0
11796 496484996 30 0
5637 496490633 23 0
5647 496496280 31 0
6152 496502432 28 0
11772 496514204 47 0
5658 496519862 11 0
7033 496526895 106 3
6173 496533068 21 0
11784 496544852 41 0
5640 496550492 23 0
5658 496556150 12 0
6136 496562286 23 0
12673 496574959 103 22
5652 496580611 19 0
5647 496586258 24 0
6136 496592394 22 0
11788 496604182 32 0
5645 496609827 18 0
5662 496615489 33 0
6167 496621656 20 0
11784 496633440 36 0
5622 496639062 17 0
5652 496644714 14 0
6130 496650844 25 0
11788 496662632 35 0
5658 496668290 13 0
5658 496673948 10 0
6117 496680065 25 0
11796 496691861 24 0
6116 496697977 19 0
5652 496703629 17 0
11807 496715436 42 0
6125 496721561 21 0
5658 496727219 14 0
5652 496732871 14 0
11799 496744670 36 0
6145 496750815 16 0
5632 496756447 21 0
5658 496762105 20 0
11811 496773916 40 0
6129 496780045 27 0
5646 496785691 16 0
5638 496791329 18 0
11793 496803122 31 0
6139 496809261 20 0
5628 496814889 19 0
5645 496820534 16 0
11822 496832356 42 0
6138 496838494 15 0
5628 496844122 16 1
5652 496849774 12 0
11849 496861623 42 0
6119 496867742 24 0
5658 496873400 13 0
5652 496879052 16 0
11799 496890851 42 0
6678 496897529 70 0
7696 496905225 65 10
5647 496910872 22 0
13019 496923891 46 0
6589 496930480 26 0
6116 496936596 19 0
5658 496942254 13 0
12235 496954489 35 0
6084 496960573 27 0
6110 496966683 20 0
6116 496972799 15 0
12232 496985031 30 0
6085 496991116 25 0
6109 496997225 32 0
6104 497003329 24 0
12201 497015530 37 0
6115 497021645 38 0
6116 497027761 19 0
6101 497033862 30 0
12232 497046094 35 0
6103 497052197 25 0
6116 497058313 17 0
6115 497064428 27 0
11718 497076146 43 0
6138 497082284 18 0
6092 497088376 25 0
5651 497094027 19 0
11780 497105807 33 0
6108 497111915 18 0
5643 497117558 27 0
5646 497123204 23 0
11800 497135004 30 0
6141 497141145 30 0
5658 497146803 11 0
5658 497152461 10 0
11802 497164263 44 0
6114 497170377 20 0
5657 497176034 28 0
5632 497181666 20 0
11803 497193469 44 0
6134 497199603 26 0
5658 497205261 14 0
5644 497210905 19 0
11774 497222679 42 0
6138 497228817 18 0
5658 497234475 13 0
5652 497240127 14 0
11813 497251940 31 0
6119 497258059 22 0
5616 497263675 21 0
5651 497269326 26 0
11819 497281145 44 0
7528 497288673 31 0
5620 497294293 23 0
5679 497299972 33 0
11799 497311771 43 0
6138 497317909 19 0
5652 497323561 18 0
5658 497329219 14 0
11794 497341013 34 0
6137 497347150 22 0
5658 497352808 15 0
5658 497358466 11 0
11826 497370292 40 0
6151 497376443 18 0
5658 497382101 28 7
5658 497387759 26 0
11805 497399564 42 0
6138 497405702 14 0
5622 497411324 17 0
5658 497416982 8 0
11833 497428815 41 0
6120 497434935 25 0
5655 497440590 24 0
5628 497446218 19 0
11821 497458039 39 0
6138 497464177 14 0
5621 497469798 18 0
5649 497475447 28 0
11831 497487278 32 0
6145 497493423 16 0
5616 497499039 19 0
5658 497504697 10 0
11770 497516467 32 0
6151 497522618 15 0
5651 497528269 17 0
5646 497533915 14 0
11786 497545701 36 0
6131 497551832 25 0
5655 497557487 22 0
5652 497563139 16 0
11823 497574962 44 0
6138 497581100 15 0
5652 497586752 13 0
5658 497592410 10 0
11778 497604188 45 0
6146 497610334 22 0
5658 497615992 11 0
5651 497621643 23 0
11800 497633443 38 0
6113 497639556 25 0
5658 497645214 15 0
5640 497650854 15 0
13207 497664061 55 0
6096 497670157 27 0
5628 497675785 19 0
5658 497681443 10 0
11775 497693218 37 0
6138 497699356 17 0
5610 497704966 20 0
5640 497710606 14 0
11804 497722410 36 0
6118 497728528 27 0
5658 497734186 12 0
5652 497739838 14 0
11787 497751625 32 0
6137 497757762 26 0
5658 497763420 11 0
5658 497769078 10 0
11756 497780834 41 0
6123 497786957 30 0
5658 497792615 13 0
5637 497798252 20 0
11809 497810061 40 0
6138 497816199 16 0
5646 497821845 17 0
5658 497827503 12 0
11805 497839308 29 0
6142 497845450 33 0
5626 497851076 21 0
5648 497856724 26 0
11821 497868545 45 0
6138 497874683 30 0
5640 497880323 14 0
5673 497885996 27 0
11801 497897797 47 0
6132 497903929 22 0
5636 497909565 24 0
5647 497915212 19 0
11817 497927029 32 0
6138 497933167 16 0
5632 497938799 26 0
5657 497944456 21 0
11819 497956275 33 0
6138 497962413 17 0
5645 497968058 21 0
5658 497973716 12 0
11803 497985519 39 0
6100 497991619 20 0
6123 497997742 27 0
5658 498003400 13 0
11769 498015169 46 0
6138 498021307 17 0
5622 498026929 20 0
5658 498032587 10 0
13219 498045806 56 0
6113 498051919 23 0
5657 498057576 27 0
5658 498063234 13 0
11787 498075021 50 0
6126 498081147 22 0
5621 498086768 21 0
5658 498092426 11 0
11780 498104206 46 0
6119 498110325 29 0
5640 498115965 20 0
5645 498121610 27 0
11834 498133444 45 0
6138 498139582 16 0
5643 498145225 26 0
5645 498150870 17 0
11800 498162670 31 0
6138 498168808 17 0
5652 498174460 17 0
5658 498180118 15 0
11830 498191948 32 0
6132 498198080 21 0
5658 498203738 19 0
5658 498209396 14 0
11802 498221198 37 0
6158 498227356 19 0
5658 498233014 12 0
5658 498238672 12 0
11818 498250490 21 0
6138 498256628 16 0
5658 498262286 12 0
5652 498267938 17 0
11829 498279767 36 0
6138 498285905 19 0
5634 498291539 19 0
5621 498297160 24 0
11787 498308947 46 0
6151 498315098 15 0
5646 498320744 16 0
5647 498326391 29 0
11818 498338209 23 0
6127 498344336 30 0
5640 498349976 20 0
5652 498355628 15 0
11789 498367417 37 0
6126 498373543 27 0
5646 498379189 17 0
5655 498384844 30 0
11792 498396636 33 0
6138 498402774 20 0
5628 498408402 17 0
5658 498414060 13 0
13195 498427255 46 0
6138 498433393 17 0
5644 498439037 23 0
5662 498444699 29 0
11817 498456516 30 0
6151 498462667 18 0
5658 498468325 13 0
5657 498473982 19 0
11806 498485788 28 0
6138 498491926 17 0
5646 498497572 19 0
5658 498503230 13 0
11809 498515039 32 0
6138 498521177 17 0
5639 498526816 21 0
5651 498532467 18 0
11810 498544277 36 0
6127 498550404 27 0
5656 498556060 28 0
5658 498561718 10 0
11812 498573530 25 0
6138 498579668 16 0
5621 498585289 20 0
5652 498590941 20 0
11818 498602759 34 0
6138 498608897 14 0
5641 498614538 22 0
5654 498620192 25 0
11818 498632010 20 0
6136 498638146 32 0
910932 499549078 15680 2229
6720 499555798 553 0
19141 499574939 521 22
6652 499581591 58 0
8144 499589735 54 5
14431 499604166 183 4
6674 499610840 26 0
7346 499618186 53 4
229302 229302 6239 192
4971584 5200886 92455 4900
15929058 21129944 40474 9828
19000500 40130444 20479 5018
19179826 59310270 20230 4675
19522205 78832475 18041 5147
18949690 97782165 24342 6730
18793284 116575449 18964 4799
19447765 136023214 18626 4998
19209247 155232461 18728 5078
19566379 174798840 21010 5184
19571878 194370718 18547 4555
19550302 213921020 18729 5272
19280531 233201551 20267 4930
19223507 252425058 19314 4744
18219112 270644170 23707 4319
19420891 290065061 18528 5053
19497867 309562928 18570 5020
19545634 329108562 19630 5021
19559241 348667803 19075 5284
19508699 368176502 18587 4916
19640940 387817442 18723 5077
19594535 407411977 19378 5149
19588832 427000809 19183 5017
19634943 446635752 18330 4664
19540027 466175779 19460 5292
18276811 484452590 31315 4718
10485432 494938022 15603 88
1421867 496359889 4405 280
6129 496366018 41 0
11793 496377811 41 0
5632 496383443 21 0
5656 496389099 26 0
6167 496395266 30 0
11764 496407030 56 0
5631 496412661 19 0
5636 496418297 23 0
6141 496424438 28 0
11796 496436234 49 0
5650 496441884 21 0
5658 496447542 10 0
6129 496453671 23 0
11770 496465441 43 0
5639 496471080 16 0
5653 496476733 26 0
6148 496482881 18 0
11782 496494663 46 0
5633 496500296 20 0
5658 496505954 11 0
15240 496521194 320 10
11795 496532989 50 0
5640 496538629 24 0
5658 496544287 11 0
6129 496550416 19 0
11779 496562195 36 0
5621 496567816 16 0
5645 496573461 18 0
6160 496579621 17 0
13168 496592789 122 3
5658 496598447 13 0
5628 496604075 19 0
6143 496610218 19 0
11742 496621960 34 0
5626 496627586 18 0
5667 496633253 35 0
6160 496639413 14 0
11783 496651196 30 0
5656 496656852 19 0
5653 496662505 25 0
6180 496668685 22 0
11787 496680472 49 0
5655 496686127 22 0
5658 496691785 11 0
6128 496697913 27 0
11791 496709704 28 0
5661 496715365 23 0
5642 496721007 22 0
6154 496727161 19 0
11794 496738955 43 0
5633 496744588 21 0
5658 496750246 17 0
6142 496756388 25 0
11790 496768178 29 0
5641 496773819 25 0
5658 496779477 11 0
6124 496785601 24 0
11801 496797402 37 0
5648 496803050 27 0
5658 496808708 10 0
6123 496814831 26 0
11783 496826614 37 0
5640 496832254 19 0
5637 496837891 27 0
6173 496844064 25 1
11775 496855839 45 0
5658 496861497 12 0
5652 496867149 14 0
6142 496873291 23 0
11796 496885087 26 0
5658 496890745 19 0
5658 496896403 10 0
6662 496903065 65 0
12995 496916060 52 0
9822 496925882 245 8
6303 496932185 35 0
6137 496938322 34 0
12230 496950552 47 0
6116 496956668 18 0
5651 496962319 26 0
6130 496968449 25 0
13601 496982050 52 2
6120 496988170 30 0
6112 496994282 29 0
6102 497000384 30 0
12202 497012586 36 0
6116 497018702 19 0
6110 497024812 20 0
6116 497030928 18 0
12225 497043153 39 0
6116 497049269 19 0
6116 497055385 16 0
6091 497061476 24 0
11796 497073272 24 0
6110 497079382 20 0
5658 497085040 12 0
6151 497091191 19 0
11783 497102974 23 0
5634 497108608 17 0
5646 497114254 21 0
6142 497120396 21 0
11775 497132171 33 0
5631 497137802 25 0
5645 497143447 25 0
11828 497155275 37 0
6138 497161413 15 0
5658 497167071 13 0
5658 497172729 9 0
11775 497184504 37 0
6151 497190655 16 0
5646 497196301 15 0
5644 497201945 22 0
11785 497213730 46 0
6121 497219851 32 0
5658 497225509 13 0
5643 497231152 23 0
11796 497242948 44 0
6138 497249086 19 0
5658 497254744 14 0
5658 497260402 10 0
11786 497272188 33 0
6145 497278333 21 0
5658 497283991 14 0
5652 497289643 14 0
11793 497301436 39 0
6138 497307574 16 0
5648 497313222 25 0
5658 497318880 10 0
11797 497330677 41 0
6125 497336802 24 0
5651 497342453 19 0
5644 497348097 21 0
13152 497361249 54 0
6138 497367387 18 0
5658 497373045 8 0
5656 497378701 18 0
11831 497390532 22 0
6138 497396670 17 0
5627 497402297 22 0
5652 497407949 20 0
11774 497419723 44 0
6176 497425899 34 0
5650 497431549 22 0
5631 497437180 25 0
11791 497448971 44 0
6132 497455103 20 0
5644 497460747 21 0
5652 497466399 14 0
11816 497478215 42 0
6138 497484353 20 0
5658 497490011 13 0
5666 497495677 24 0
11799 497507476 40 0
6150 497513626 19 0
5640 497519266 19 0
5668 497524934 29 0
11811 497536745 35 0
6136 497542881 31 0
5616 497548497 22 0
5650 497554147 16 0
11815 497565962 40 0
6127 497572089 30 0
5634 497577723 21 0
5658 497583381 12 0
11799 497595180 51 0
6120 497601300 19 0
5630 497606930 23 0
5666 497612596 28 0
11831 497624427 24 0
6138 497630565 18 0
5655 497636220 24 0
5668 497641888 31 0
11810 497653698 33 0
6145 497659843 20 0
5658 497665501 14 0
5640 497671141 24 0
11813 497682954 43 0
6138 497689092 16 0
5655 497694747 28 0
5658 497700405 12 0
11830 497712235 35 0
6137 497718372 26 0
5615 497723987 19 0
7029 497731016 37 0
11814 497742830 46 0
6145 497748975 20 0
5657 497754632 22 0
5652 497760284 21 0
11815 497772099 32 0
6116 497778215 25 0
5658 497783873 12 0
5652 497789525 15 0
11814 497801339 46 0
6128 497807467 34 0
5645 497813112 19 0
5658 497818770 13 0
11833 497830603 44 0
6041 497836644 24 0
5640 497842284 14 0
5658 497847942 10 0
11813 497859755 51 0
6138 497865893 21 0
5658 497871551 13 0
5652 497877203 19 0
11792 497888995 36 0
6151 497895146 17 0
5650 497900796 29 0
5649 497906445 26 0
11787 497918232 31 0
6138 497924370 15 0
5658 497930028 25 0
5640 497935668 17 0
11830 497947498 28 0
6138 497953636 17 0
5642 497959278 25 0
5646 497964924 17 0
11779 497976703 47 0
6151 497982854 17 0
5658 497988512 11 0
5646 497994158 19 0
11792 498005950 37 0
6138 498012088 19 0
5658 498017746 13 0
5652 498023398 21 0
11832 498035230 42 0
6138 498041368 17 0
5643 498047011 23 0
5652 498052663 16 0
11802 498064465 46 0
6138 498070603 16 0
5657 498076260 26 0
5652 498081912 21 0
11794 498093706 33 0
6138 498099844 15 0
7028 498106872 31 0
5657 498112529 15 0
11800 498124329 48 0
6151 498130480 15 0
5632 498136112 24 0
5652 498141764 15 0
11785 498153549 41 0
6138 498159687 14 0
5654 498165341 28 0
5640 498170981 20 0
11819 498182800 36 0
6138 498188938 17 0
5656 498194594 24 0
5634 498200228 23 0
11815 498212043 32 0
6151 498218194 16 0
5656 498223850 23 0
5644 498229494 25 0
11819 498241313 45 0
6123 498247436 30 0
5656 498253092 25 0
5639 498258731 23 0
11825 498270556 50 0
6136 498276692 34 0
5655 498282347 20 0
5644 498287991 28 0
11799 498299790 30 0
6145 498305935 14 0
5646 498311581 15 0
5650 498317231 26 0
11807 498329038 29 0
6106 498335144 27 0
5634 498340778 21 0
5646 498346424 22 0
11796 498358220 46 0
6128 498364348 25 0
5656 498370004 20 0
5658 498375662 11 0
11794 498387456 26 0
6119 498393575 21 0
5658 498399233 13 0
5652 498404885 21 0
11782 498416667 39 0
6107 498422774 21 0
5658 498428432 13 0
5658 498434090 13 0
11822 498445912 38 0
6151 498452063 17 0
5633 498457696 16 0
5639 498463335 18 0
11764 498475099 41 0
7496 498482595 32 0
5622 498488217 21 0
5646 498493863 20 0
11795 498505658 28 0
6124 498511782 25 0
5646 498517428 16 0
5651 498523079 19 0
11796 498534875 45 0
6138 498541013 17 0
5658 498546671 13 0
5654 498552325 22 0
11823 498564148 36 0
6142 498570290 29 0
5658 498575948 13 0
5645 498581593 24 0
11791 498593384 40 0
6114 498599498 27 0
5631 498605129 23 0
5654 498610783 30 0
11819 498622602 42 0
6130 498628732 28 0
5639 498634371 20 0
5640 498640011 16 0
913903 499553914 15606 2264
6695 499560609 54 0
6724 499567333 35 0
6393 499573726 30 0
18275 499592001 390 30
6749 499598750 40 0
6662 499605412 23 0
5655 499611067 25 0
3914214 3914214 76180 2295
12266551 16180765 57460 10926
19302742 35483507 17557 4872
18923440 54406947 21986 4744
19426215 73833162 18132 4922
19478191 93311353 18231 5159
19385228 112696581 18420 4952
19549007 132245588 19125 4848
19499399 151744987 18987 5054
19687445 171432432 18792 5080
19433526 190865958 19262 4390
19509910 210375868 19643 5184
19469238 229845106 19027 4798
19549313 249394419 18844 4705
18925739 268320158 24079 4401
19377196 287697354 20172 5048
19522746 307220100 18956 4908
19584924 326805024 19031 4973
19614072 346419096 19184 5320
19476402 365895498 19520 5044
19559556 385455054 19099 4953
19538738 404993792 18962 5172
19600599 424594391 18587 4989
19564953 444159344 19542 4578
19506102 463665446 19097 5225
19077174 482742620 23251 5153
10777183 493519803 23819 132
1962144 495481947 6117 426
5658 495487605 31 0
5652 495493257 22 0
6147 495499404 24 0
11771 495511175 40 0
5640 495516815 18 0
5658 495522473 9 0
6154 495528627 21 0
11790 495540417 31 0
5644 495546061 18 0
5644 495551705 25 0
6130 495557835 25 0
11770 495569605 42 0
5658 495575263 11 0
5637 495580900 22 0
6129 495587029 23 0
11798 495598827 40 0
5628 495604455 23 0
5658 495610113 10 0
6173 495616286 15 0
11771 495628057 41 0
5639 495633696 25 0
5645 495639341 30 0
6112 495645453 24 0
11777 495657230 37 0
5639 495662869 16 0
5651 495668520 19 0
15240 495683760 345 21
11749 495695509 92 0
5658 495701167 12 0
5636 495706803 25 0
6160 495712963 17 0
11803 495724766 28 0
5634 495730400 19 0
5652 495736052 24 0
6142 495742194 18 0
11766 495753960 26 0
5662 495759622 23 0
5658 495765280 9 0
7550 495772830 102 3
11764 495784594 42 0
5638 495790232 20 0
5646 495795878 19 0
6148 495802026 23 0
11785 495813811 34 0
5644 495819455 27 0
5658 495825113 11 0
6160 495831273 16 0
11776 495843049 45 0
5658 495848707 11 0
5654 495854361 26 0
6165 495860526 23 0
11796 495872322 23 0
5616 495877938 17 0
5652 495883590 14 0
6136 495889726 22 0
11789 495901515 42 0
5658 495907173 12 0
5640 495912813 17 0
6161 495918974 25 0
11796 495930770 25 0
5640 495936410 16 0
5645 495942055 19 0
6160 495948215 17 0
11790 495960005 42 1
5658 495965663 15 1
5658 495971321 12 0
6148 495977469 21 0
11791 495989260 50 0
5640 495994900 21 0
5658 496000558 10 0
6142 496006700 29 0
13198 496019898 135 0
6336 496026234 34 0
6333 496032567 14 0
6605 496039172 28 0
11773 496050945 36 0
6109 496057054 26 0
6104 496063158 23 0
6116 496069274 16 0
12214 496081488 36 0
6092 496087580 22 0
6112 496093692 30 0
6132 496099824 38 0
12232 496112056 29 0
6080 496118136 26 0
6113 496124249 33 0
6099 496130348 31 0
12230 496142578 44 0
6129 496148707 18 0
7478 496156185 52 1
12232 496168417 37 0
6114 496174531 23 0
6116 496180647 22 0
5625 496186272 25 0
12260 496198532 43 0
6116 496204648 18 0
6089 496210737 26 0
5640 496216377 15 0
11769 496228146 43 0
6138 496234284 16 0
5643 496239927 28 0
5658 496245585 14 0
11783 496257368 44 0
6138 496263506 17 0
5646 496269152 18 0
5658 496274810 13 0
11781 496286591 48 0
6139 496292730 23 0
5640 496298370 18 0
5640 496304010 20 0
11804 496315814 45 0
6138 496321952 21 0
5626 496327578 26 0
5660 496333238 30 0
11838 496345076 42 0
6129 496351205 27 0
5646 496356851 22 0
5658 496362509 13 0
11781 496374290 35 0
6120 496380410 21 0
5645 496386055 20 0
5658 496391713 12 0
11827 496403540 52 0
6138 496409678 20 0
5643 496415321 26 0
5658 496420979 16 0
11778 496432757 37 1
14351 496447108 264 110
5652 496452760 37 0
5658 496458418 14 0
11807 496470225 40 0
6138 496476363 20 0
5658 496482021 14 0
5652 496487673 14 0
11838 496499511 42 0
6138 496505649 19 0
5639 496511288 28 0
5658 496516946 15 0
11792 496528738 53 0
6138 496534876 25 0
6992 496541868 45 0
5658 496547526 16 0
11806 496559332 32 0
6138 496565470 18 0
5649 496571119 24 0
5658 496576777 10 0
11783 496588560 35 0
6119 496594679 23 0
5637 496600316 24 0
5631 496605947 21 0
11799 496617746 35 0
6138 496623884 14 0
5632 496629516 21 0
5642 496635158 27 0
11813 496646971 40 0
6114 496653085 26 0
5626 496658711 27 0
5654 496664365 28 0
11809 496676174 53 0
6151 496682325 16 0
5634 496687959 19 0
5652 496693611 15 0
12522 496706133 62 0
6624 496712757 21 0
6365 496719122 33 0
6337 496725459 36 0
12291 496737750 50 0
6107 496743857 24 0
5658 496749515 13 0
5652 496755167 23 0
11818 496766985 32 0
6152 496773137 20 0
5656 496778793 21 0
5651 496784444 20 0
11804 496796248 46 0
6138 496802386 18 0
5620 496808006 21 0
5657 496813663 21 0
11818 496825481 41 0
6138 496831619 18 0
5658 496837277 13 0
5658 496842935 16 0
11800 496854735 43 0
6138 496860873 15 0
5637 496866510 25 0
5651 496872161 21 0
11813 496883974 34 0
6120 496890094 22 0
5645 496895739 23 0
5653 496901392 31 0
11779 496913171 44 0
7515 496920686 39 0
5658 496926344 13 0
5660 496932004 26 0
11818 496943822 24 0
6138 496949960 18 0
6068 496956028 27 0
5642 496961670 30 0
11816 496973486 37 0
6134 496979620 29 0
5646 496985266 22 0
5658 496990924 15 0
11793 497002717 31 0
6151 497008868 17 0
5658 497014526 13 0
5622 497020148 21 0
11812 497031960 25 0
6102 497038062 20 0
5620 497043682 23 0
5658 497049340 15 0
11794 497061134 41 0
6114 497067248 22 0
5622 497072870 20 0
5658 497078528 10 0
11791 497090319 41 0
6138 497096457 19 0
5658 497102115 11 0
5658 497107773 14 0
11847 497119620 42 0
6132 497125752 17 0
5656 497131408 24 0
5648 497137056 27 0
11811 497148867 28 0
6151 497155018 18 0
5634 497160652 25 0
5658 497166310 13 0
11775 497178085 38 0
6138 497184223 15 0
5649 497189872 24 0
5658 497195530 14 0
11804 497207334 48 0
6115 497213449 27 0
5651 497219100 20 0
5648 497224748 25 0
11818 497236566 38 0
6139 497242705 20 0
5634 497248339 20 0
5657 497253996 26 0
11791 497265787 50 0
6106 497271893 30 0
5646 497277539 16 0
5652 497283191 14 0
13208 497296399 36 0
6114 497302513 34 0
5658 497308171 14 0
5652 497313823 14 0
11817 497325640 30 0
6135 497331775 25 0
5625 497337400 22 0
5645 497343045 19 0
11817 497354862 39 0
6138 497361000 14 0
5652 497366652 14 0
5639 497372291 18 0
11790 497384081 49 0
6151 497390232 18 0
5658 497395890 12 0
5627 497401517 24 0
11818 497413335 25 0
6138 497419473 18 0
5658 497425131 15 0
5652 497430783 16 0
11807 497442590 27 0
6138 497448728 17 0
5634 497454362 21 0
5657 497460019 23 0
11770 497471789 34 0
6146 497477935 24 0
6099 497484034 23 0
5649 497489683 27 0
11770 497501453 35 0
6145 497507598 20 0
5620 497513218 22 0
5657 497518875 15 0
11834 497530709 48 0
6143 497536852 35 0
5658 497542510 13 0
5657 497548167 24 0
11806 497559973 49 0
6120 497566093 19 0
5648 497571741 25 0
5661 497577402 35 0
11819 497589221 34 0
6138 497595359 16 0
5640 497600999 19 0
5644 497606643 28 0
11814 497618457 40 0
6154 497624611 25 0
5651 497630262 19 0
5652 497635914 15 0
11811 497647725 36 0
6125 497653850 30 0
5615 497659465 21 0
5652 497665117 13 0
13168 497678285 61 0
6132 497684417 19 0
5622 497690039 21 0
5658 497695697 12 0
11804 497707501 37 0
6143 497713644 27 0
5636 497719280 27 0
5658 497724938 13 0
11813 497736751 43 0
6138 497742889 15 0
5645 497748534 19 0
5658 497754192 12 0
906784 498660976 15186 2092
6711 498667687 70 0
6729 498674416 32 0
6690 498681106 37 1
21493 498702599 474 41
6694 498709293 34 1
6674 498715967 33 0
8390 498724357 144 7
3909930 3909930 76286 2449
11817602 15727532 57002 11080
19422436 35149968 17635 4938
18830635 53980603 21465 4751
19219565 73200168 20935 5341
19473556 92673724 18232 5070
19381528 112055252 18449 4968
18831796 130887048 24058 6432
18890004 149777052 19547 4810
19656492 169433544 18779 5176
19085346 188518890 18889 4197
19339285 207858175 21452 5290
19452797 227310972 19277 4911
19406410 246717382 19526 4812
18874501 265591883 24150 4577
19278812 284870695 20724 4827
12797305 297668000 13090 3334
4030163 301698163 5102 849
19273137 320971300 18646 4966
19550996 340522296 19931 5186
19546404 360068700 19302 5124
19564748 379633448 18916 4841
19588230 399221678 18730 5231
19622159 418843837 19327 5065
19660146 438503983 18974 4607
19518970 458022953 19420 5169
19600290 477623243 19243 5297
14381890 492005133 30479 1760
4790750 496795883 9593 305
5639 496801522 38 0
6145 496807667 23 0
11796 496819463 32 0
5658 496825121 12 0
5658 496830779 13 0
6160 496836939 17 0
11773 496848712 28 0
5658 496854370 13 0
5658 496860028 10 0
6167 496866195 15 0
11792 496877987 48 0
5628 496883615 19 0
5658 496889273 10 0
6160 496895433 17 0
11754 496907187 35 0
5652 496912839 14 0
5658 496918497 13 0
6154 496924651 19 0
11783 496936434 41 0
5657 496942091 19 0
5658 496947749 9 0
6173 496953922 19 0
11783 496965705 38 0
5658 496971363 14 0
5652 496977015 17 0
6160 496983175 17 0
11807 496994982 38 0
5652 497000634 17 0
5652 497006286 13 0
6160 497012446 16 0
11793 497024239 33 0
5658 497029897 12 0
5639 497035536 18 0
15237 497050773 307 13
11789 497062562 47 0
5658 497068220 12 0
5652 497073872 14 0
6154 497080026 16 0
11796 497091822 21 0
5658 497097480 19 0
5658 497103138 13 0
11837 497114975 27 0
7515 497122490 99 6
6110 497128600 18 0
5658 497134258 12 0
11794 497146052 41 0
6151 497152203 14 0
5658 497157861 15 0
5652 497163513 17 0
11811 497175324 33 0
6138 497181462 18 0
5658 497187120 13 0
5652 497192772 15 0
11819 497204591 28 0
6138 497210729 19 0
5658 497216387 11 0
5658 497222045 11 0
11818 497233863 24 0
6151 497240014 17 0
5658 497245672 12 0
5657 497251329 17 0
11799 497263128 34 0
6126 497269254 18 0
5658 497274912 17 0
5658 497280570 11 0
11831 497292401 29 0
6138 497298539 17 0
5658 497304197 13 0
5658 497309855 11 0
11811 497321666 40 0
6646 497328312 72 0
6333 497334645 29 5
5649 497340294 15 0
13032 497353326 31 0
6601 497359927 27 0
6091 497366018 27 0
5658 497371676 12 0
12248 497383924 33 0
6117 497390041 17 0
6116 497396157 20 0
6116 497402273 17 0
12224 497414497 43 0
6086 497420583 23 0
6116 497426699 16 0
6130 497432829 20 0
12196 497445025 39 0
6092 497451117 24 0
6116 497457233 25 0
6110 497463343 17 0
12219 497475562 35 0
6117 497481679 18 0
6116 497487795 16 0
6116 497493911 17 0
13133 497507044 53 2
6137 497513181 18 0
6101 497519282 27 0
5652 497524934 14 0
11808 497536742 26 0
6138 497542880 14 0
5658 497548538 12 0
5658 497554196 9 0
11787 497565983 39 0
6138 497572121 15 0
5646 497577767 15 0
5658 497583425 11 0
11817 497595242 39 0
6138 497601380 17 0
5658 497607038 10 0
5658 497612696 11 0
11818 497624514 25 0
6151 497630665 14 0
5658 497636323 10 0
5652 497641975 13 0
11810 497653785 33 0
6114 497659899 17 0
5658 497665557 13 0
5652 497671209 13 0
11783 497682992 26 0
6138 497689130 18 0
5658 497694788 11 0
5658 497700446 11 0
11818 497712264 18 0
6151 497718415 16 0
5658 497724073 9 0
5658 497729731 12 0
11797 497741528 43 0
6138 497747666 13 0
5658 497753324 12 0
5658 497758982 11 0
11831 497770813 20 0
6138 497776951 13 0
5651 497782602 18 0
5658 497788260 8 0
11812 497800072 21 0
6138 497806210 14 0
5658 497811868 11 0
5651 497817519 17 0
11826 497829345 35 0
6138 497835483 14 0
5652 497841135 10 0
5658 497846793 7 0
11812 497858605 30 0
6151 497864756 16 0
5658 497870414 10 0
5651 497876065 19 0
13183 497889248 39 0
6120 497895368 18 0
5652 497901020 17 0
5658 497906678 14 0
11831 497918509 20 0
6138 497924647 17 0
5658 497930305 12 0
5658 497935963 8 0
11817 497947780 30 0
6151 497953931 16 0
5620 497959551 23 0
5658 497965209 11 0
11817 497977026 27 0
6132 497983158 18 0
5640 497988798 17 0
5658 497994456 8 0
11818 498006274 25 0
6138 498012412 16 0
5658 498018070 10 0
5658 498023728 9 0
11768 498035496 38 0
6138 498041634 16 0
5634 498047268 13 0
5646 498052914 19 0
11831 498064745 19 0
6096 498070841 22 0
5658 498076499 11 0
5658 498082157 10 0
11799 498093956 37 0
6151 498100107 15 0
5640 498105747 13 0
5657 498111404 13 0
11811 498123215 39 0
6139 498129354 21 0
5652 498135006 12 0
5658 498140664 13 0
11823 498152487 27 0
6138 498158625 15 0
5658 498164283 12 0
5658 498169941 8 0
11811 498181752 33 0
6171 498187923 21 0
5658 498193581 14 0
5658 498199239 8 0
11811 498211050 31 0
6132 498217182 19 0
5652 498222834 12 0
5657 498228491 19 0
11793 498240284 34 0
6138 498246422 13 0
5658 498252080 13 0
7035 498259115 26 0
11799 498270914 39 0
6132 498277046 16 0
5622 498282668 15 0
5657 498288325 21 0
11809 498300134 43 0
6136 498306270 23 0
5663 498311933 15 0
5658 498317591 13 0
11818 498329409 20 0
6151 498335560 18 0
5658 498341218 13 0
5657 498346875 16 0
11775 498358650 40 0
6138 498364788 17 0
5650 498370438 23 0
5658 498376096 8 0
11830 498387926 21 0
6132 498394058 19 0
5652 498399710 16 0
5658 498405368 11 0
11795 498417163 37 0
6151 498423314 16 0
5657 498428971 17 0
5658 498434629 11 0
11818 498446447 25 0
6138 498452585 23 0
5658 498458243 12 0
5658 498463901 11 0
11799 498475700 38 0
6132 498481832 18 0
5661 498487493 25 0
5658 498493151 10 0
11805 498504956 40 0
6138 498511094 22 0
5646 498516740 15 0
5646 498522386 15 0
11824 498534210 25 0
6138 498540348 18 0
5658 498546006 14 1
5658 498551664 10 0
11818 498563482 21 0
6164 498569646 14 0
5652 498575298 21 0
5658 498580956 9 0
11809 498592765 30 0
6138 498598903 25 0
5658 498604561 12 0
5646 498610207 15 0
11831 498622038 25 0
6138 498628176 16 0
7023 498635199 31 0
5646 498640845 13 0
11806 498652651 26 0
6145 498658796 17 0
5658 498664454 11 0
5646 498670100 14 0
11798 498681898 39 0
6138 498688036 16 0
5645 498693681 19 0
5658 498699339 10 0
12700 498712039 109 13
6138 498718177 19 0
5629 498723806 19 0
5658 498729464 11 0
11770 498741234 27 0
6138 498747372 19 0
5644 498753016 23 0
5658 498758674 10 0
11831 498770505 23 0
6132 498776637 21 0
5652 498782289 13 0
5646 498787935 16 0
11818 498799753 22 0
6151 498805904 13 0
5622 498811526 16 0
5658 498817184 10 0
11812 498828996 32 0
6126 498835122 15 0
5658 498840780 15 0
5645 498846425 20 0
11813 498858238 34 0
6145 498864383 17 0
5645 498870028 23 0
5657 498875685 14 0
11762 498887447 32 0
6139 498893586 20 0
5652 498899238 11 0
5646 498904884 12 0
11797 498916681 38 0
6138 498922819 14 0
5658 498928477 12 0
5658 498934135 8 0
11842 498945977 30 0
6129 498952106 26 0
5658 498957764 10 0
5658 498963422 9 0
11811 498975233 34 0
6132 498981365 20 0
5658 498987023 12 0
5655 498992678 17 0
11824 499004502 28 0
7485 499011987 36 0
5658 499017645 15 0
5658 499023303 7 0
11818 499035121 16 0
6151 499041272 19 0
5649 499046921 20 0
5658 499052579 12 0
11811 499064390 28 0
9477 499073867 174 5
908772 499982639 15298 2084
6715 499989354 51 0
20538 500009892 579 47
6674 500016566 45 0
6447 500023013 39 0
15167 500038180 177 8
6589 500044769 41 0
6643 500051412 30 0
