5016641 5016641 94146 1514
6499091 11515732 35010 5551
19189698 30705430 18758 4302
19265702 49971132 23897 4231
19583877 69555009 17777 2648
19689010 89244019 18884 2221
16944314 106188333 22800 4747
19078323 125266656 19097 4154
19146633 144413289 18737 3641
19659659 164072948 22027 3277
19701168 183774116 19190 2589
19638714 203412830 18928 3164
19663143 223075973 19118 4111
19385875 242461848 20492 1816
18257549 260719397 24427 3935
19330755 280050152 19157 3116
19332017 299382169 18716 2864
19696202 319078371 19408 3770
19674696 338753067 19244 3706
19608166 358361233 19319 4125
19632637 377993870 19378 3489
19679798 397673668 19734 2931
19729176 417402844 18879 2881
19694042 437096886 18807 3646
19651786 456748672 18970 4242
19591859 476340531 19934 4781
14962480 491303011 30447 1815
5086084 496389095 9832 57
6127 496395222 334 1
11809 496407031 36 0
5657 496412688 19 0
5658 496418346 7 0
6160 496424506 17 0
11771 496436277 48 0
5658 496441935 10 0
5658 496447593 16 0
6142 496453735 24 0
11765 496465500 40 0
5656 496471156 19 0
7036 496478192 108 0
6160 496484352 20 0
11780 496496132 36 0
5646 496501778 16 0
5646 496507424 21 0
6149 496513573 20 0
11772 496525345 28 0
5663 496531008 22 0
5616 496536624 19 0
6153 496542777 23 0
11801 496554578 42 0
5643 496560221 19 0
5626 496565847 19 0
6167 496572014 14 0
11763 496583777 40 0
5658 496589435 10 0
5658 496595093 11 0
6155 496601248 19 0
11787 496613035 42 0
5658 496618693 9 0
5658 496624351 10 0
6136 496630487 22 0
11810 496642297 39 0
5658 496647955 11 0
5658 496653613 8 0
6141 496659754 21 0
11783 496671537 29 0
5668 496677205 25 0
5656 496682861 21 0
15254 496698115 336 6
11783 496709898 69 0
5658 496715556 12 0
5656 496721212 21 0
6160 496727372 14 0
11788 496739160 37 0
5658 496744818 8 0
5658 496750476 9 0
6167 496756643 17 0
11790 496768433 39 0
5654 496774087 25 0
5658 496779745 10 0
6118 496785863 24 0
11760 496797623 34 0
5633 496803256 21 0
5658 496808914 10 0
6160 496815074 17 0
11800 496826874 40 0
5632 496832506 19 0
5640 496838146 11 0
6135 496844281 26 0
11801 496856082 44 0
6998 496863080 38 0
5658 496868738 10 0
6151 496874889 25 0
11791 496886680 29 0
5658 496892338 15 0
5658 496897996 9 0
6137 496904133 25 0
11796 496915929 24 0
5640 496921569 19 0
5642 496927211 25 0
13033 496940244 89 0
6478 496946722 31 0
6366 496953088 18 0
6315 496959403 19 0
12727 496972130 35 0
6098 496978228 23 0
6129 496984357 17 0
6116 496990473 17 0
12226 497002699 59 0
6098 497008797 19 0
6074 497014871 20 0
6074 497020945 23 0
12208 497033153 40 0
6123 497039276 16 0
6109 497045385 21 0
6032 497051417 16 0
12212 497063629 35 0
6110 497069739 14 0
6091 497075830 23 0
6103 497081933 27 0
11773 497093706 41 0
6138 497099844 15 0
6116 497105960 16 0
5634 497111594 14 0
11796 497123390 20 0
6137 497129527 21 0
5658 497135185 13 0
5658 497140843 9 0
11782 497152625 38 0
6138 497158763 18 0
5656 497164419 22 0
5665 497170084 31 0
11811 497181895 42 0
6138 497188033 15 0
5658 497193691 12 0
5658 497199349 7 0
11775 497211124 40 0
6138 497217262 17 0
5648 497222910 20 0
5656 497228566 24 0
11827 497240393 36 0
7503 497247896 38 0
5658 497253554 9 0
5642 497259196 24 0
11822 497271018 33 0
6126 497277144 20 0
5649 497282793 25 0
5627 497288420 22 0
11791 497300211 44 0
6130 497306341 20 0
5649 497311990 30 0
5658 497317648 12 0
11798 497329446 43 0
6112 497335558 29 0
5658 497341216 12 0
5631 497346847 16 0
11795 497358642 41 0
6160 497364802 33 0
5616 497370418 16 0
5652 497376070 11 0
11794 497387864 42 0
6138 497394002 16 0
5639 497399641 25 0
5656 497405297 21 0
11828 497417125 35 0
6121 497423246 21 0
5632 497428878 20 0
5654 497434532 24 0
11787 497446319 31 0
6095 497452414 22 0
5658 497458072 10 0
5646 497463718 21 0
11825 497475543 37 0
6138 497481681 16 0
5645 497487326 22 0
5646 497492972 24 0
11806 497504778 27 0
6139 497510917 18 0
5658 497516575 16 0
5652 497522227 13 0
11783 497534010 45 0
6138 497540148 18 0
5658 497545806 13 0
5658 497551464 10 0
11801 497563265 41 0
6138 497569403 17 0
5625 497575028 18 0
5648 497580676 22 0
11781 497592457 30 0
6138 497598595 21 0
5658 497604253 12 0
5643 497609896 23 0
13182 497623078 43 0
6096 497629174 25 0
5658 497634832 11 0
5658 497640490 11 0
11798 497652288 35 0
6123 497658411 27 0
5650 497664061 19 0
5658 497669719 10 0
11814 497681533 44 0
6142 497687675 28 0
5658 497693333 11 0
5652 497698985 15 0
11797 497710782 43 0
6124 497716906 23 0
5658 497722564 11 0
5658 497728222 11 0
11807 497740029 40 0
6132 497746161 23 0
5628 497751789 20 0
5658 497757447 9 0
11799 497769246 33 0
6145 497775391 14 0
5627 497781018 21 0
5658 497786676 9 0
11823 497798499 26 0
6138 497804637 14 0
5616 497810253 22 0
5638 497815891 19 0
11804 497827695 29 0
6137 497833832 22 0
5658 497839490 11 0
5654 497845144 24 0
11830 497856974 43 0
6131 497863105 24 0
5640 497868745 11 0
5650 497874395 23 0
11823 497886218 23 0
6138 497892356 13 0
5639 497897995 14 0
5652 497903647 14 0
11793 497915440 34 0
6138 497921578 13 0
5621 497927199 18 0
5640 497932839 15 0
11831 497944670 20 0
6138 497950808 14 0
5637 497956445 21 0
5645 497962090 15 0
11807 497973897 35 0
6151 497980048 15 0
5639 497985687 16 0
5620 497991307 21 0
13146 498004453 55 0
6115 498010568 30 0
5658 498016226 12 0
5658 498021884 12 0
11829 498033713 35 0
6138 498039851 16 0
5646 498045497 22 0
5640 498051137 14 0
11788 498062925 43 0
6151 498069076 14 0
5627 498074703 20 0
5652 498080355 15 0
11827 498092182 42 0
6132 498098314 15 0
5640 498103954 15 0
5652 498109606 14 0
11794 498121400 36 0
6124 498127524 22 0
5634 498133158 15 0
5649 498138807 24 0
11817 498150624 36 0
6120 498156744 26 0
5658 498162402 10 0
5657 498168059 18 0
11843 498179902 34 0
6126 498186028 24 0
5622 498191650 19 0
5640 498197290 13 0
11787 498209077 35 0
6139 498215216 30 0
5628 498220844 20 0
5658 498226502 10 0
11792 498238294 36 0
6138 498244432 16 0
5627 498250059 20 0
5658 498255717 11 0
11815 498267532 47 0
6120 498273652 27 0
5658 498279310 10 0
5621 498284931 22 0
11787 498296718 44 0
6108 498302826 23 0
5658 498308484 12 0
5658 498314142 11 0
11785 498325927 34 0
6132 498332059 20 0
5657 498337716 20 0
5645 498343361 23 0
11830 498355191 34 0
6126 498361317 25 0
5662 498366979 30 0
7029 498374008 29 0
11809 498385817 37 0
6138 498391955 14 0
5650 498397605 25 0
5646 498403251 24 0
11796 498415047 49 0
6120 498421167 19 0
5638 498426805 25 0
5658 498432463 13 0
11803 498444266 32 0
6151 498450417 17 0
5634 498456051 23 0
5658 498461709 10 0
11772 498473481 38 0
6138 498479619 14 0
5640 498485259 16 0
5651 498490910 19 0
11794 498502704 29 0
6145 498508849 17 0
5658 498514507 12 0
5651 498520158 19 0
11794 498531952 26 0
6158 498538110 18 0
6091 498544201 28 0
5638 498549839 29 0
11796 498561635 23 0
6128 498567763 28 0
5640 498573403 21 0
5658 498579061 11 0
11788 498590849 40 0
6113 498596962 24 0
5658 498602620 11 0
5658 498608278 10 0
11807 498620085 46 0
6138 498626223 13 0
5634 498631857 15 0
5658 498637515 9 0
11809 498649324 45 0
6124 498655448 20 0
8997 498664445 202 3
883731 499548176 14618 838
15094 499563270 785 5
6659 499569929 36 0
12395 499582324 381 17
6676 499589000 50 0
13347 499602347 53 0
8259 499610606 146 2
6602 499617208 30 0
120623 120623 5432 46
4968568 5089191 91370 1483
10759332 15848523 37555 4734
13462548 29311071 12810 2363
4145322 33456393 7634 861
19310785 52767178 21011 3391
19688059 72455237 18556 1373
19617048 92072285 18580 2322
16931129 109003414 22475 4474
18975753 127979167 20393 3670
19483776 147462943 19287 2886
19340079 166803022 18796 3174
19600681 186403703 22334 2472
19533628 205937331 19180 3415
19590797 225528128 19827 3731
19379562 244907690 20498 2209
18691672 263599362 24837 4192
18981285 282580647 19075 2580
19503169 302083816 19008 3261
19572356 321656172 19172 4186
19635464 341291636 19737 3865
19618355 360909991 19113 4291
19707811 380617802 18930 3275
19645553 400263355 18947 3253
19690936 419954291 19572 2976
19621259 439575550 19261 3632
19620554 459196104 19104 4467
19611075 478807179 19288 4935
13694998 492502177 30400 1284
4260404 496762581 8759 77
5630 496768211 35 0
6101 496774312 38 0
11795 496786107 37 0
5622 496791729 18 0
5632 496797361 20 0
6165 496803526 27 0
11773 496815299 31 0
5658 496820957 10 0
5649 496826606 22 0
11778 496838384 44 0
6122 496844506 24 0
5621 496850127 19 0
5658 496855785 13 0
11813 496867598 40 0
6136 496873734 25 0
5658 496879392 11 0
5649 496885041 22 0
11815 496896856 49 0
6130 496902986 25 0
5661 496908647 23 0
5655 496914302 22 0
13146 496927448 121 0
6151 496933599 19 0
5633 496939232 16 0
5658 496944890 8 0
11793 496956683 27 0
6120 496962803 18 0
5628 496968431 17 0
5658 496974089 7 0
11800 496985889 40 0
6138 496992027 18 0
5650 496997677 23 0
5654 497003331 26 0
11792 497015123 43 0
6138 497021261 15 0
5633 497026894 17 0
5644 497032538 25 0
11831 497044369 28 0
6100 497050469 23 0
5657 497056126 17 0
5658 497061784 13 0
11805 497073589 39 0
6151 497079740 18 0
5652 497085392 12 0
5658 497091050 9 0
11783 497102833 25 0
6138 497108971 14 0
5650 497114621 21 0
5658 497120279 9 0
11814 497132093 33 0
6126 497138219 18 0
5621 497143840 16 0
5626 497149466 21 0
11804 497161270 35 0
15226 497176496 328 4
5627 497182123 36 0
5651 497187774 16 0
11779 497199553 54 0
6138 497205691 18 0
5638 497211329 15 0
5660 497216989 25 0
11807 497228796 43 0
6138 497234934 16 0
5633 497240567 19 0
5658 497246225 8 0
11818 497258043 21 0
6117 497264160 25 0
5658 497269818 11 0
5658 497275476 12 0
12511 497287987 90 0
6637 497294624 56 0
6365 497300989 26 0
6309 497307298 21 0
13628 497320926 63 0
6123 497327049 30 0
6110 497333159 24 0
5632 497338791 25 0
12253 497351044 37 0
6102 497357146 32 0
6113 497363259 31 0
6111 497369370 34 0
12176 497381546 45 0
6095 497387641 29 0
6101 497393742 28 0
6078 497399820 27 0
12230 497412050 38 0
6104 497418154 20 0
6103 497424257 28 0
6115 497430372 22 0
12213 497442585 36 0
6112 497448697 34 0
6116 497454813 19 0
5645 497460458 14 0
12231 497472689 29 0
6090 497478779 25 0
5658 497484437 12 0
5632 497490069 23 0
11757 497501826 34 0
6139 497507965 19 0
5626 497513591 21 0
5658 497519249 30 0
11780 497531029 45 0
6119 497537148 29 0
5616 497542764 14 0
5650 497548414 24 0
11783 497560197 43 0
6120 497566317 20 0
5652 497571969 18 0
5647 497577616 27 0
11772 497589388 45 0
6138 497595526 16 0
5645 497601171 19 0
5657 497606828 17 0
11835 497618663 34 0
6138 497624801 14 0
5641 497630442 23 0
5652 497636094 12 0
11797 497647891 31 0
6151 497654042 12 0
5622 497659664 16 0
5639 497665303 16 0
11817 497677120 26 0
6138 497683258 17 0
5640 497688898 14 0
7014 497695912 36 0
11827 497707739 30 0
6138 497713877 16 0
5628 497719505 17 0
5658 497725163 10 0
11806 497736969 23 0
6138 497743107 13 0
5621 497748728 16 0
5639 497754367 20 0
11830 497766197 31 0
6138 497772335 14 0
5632 497777967 21 0
5658 497783625 9 0
11777 497795402 39 0
6121 497801523 20 0
5646 497807169 20 0
5658 497812827 8 0
11790 497824617 35 0
6100 497830717 26 0
5629 497836346 11 0
5658 497842004 9 0
11827 497853831 40 0
6138 497859969 15 0
5616 497865585 23 0
5658 497871243 13 0
11787 497883030 29 0
6119 497889149 25 0
5646 497894795 13 0
5658 497900453 9 0
11786 497912239 32 0
6132 497918371 20 0
5644 497924015 22 0
5658 497929673 11 0
11805 497941478 31 0
6138 497947616 15 0
5658 497953274 10 0
5640 497958914 12 0
11811 497970725 23 0
6138 497976863 11 0
5615 497982478 19 0
5650 497988128 18 0
11833 497999961 34 0
6126 498006087 18 0
5658 498011745 10 0
5657 498017402 15 0
11817 498029219 35 0
6151 498035370 16 0
5658 498041028 10 0
5661 498046689 29 0
11806 498058495 30 0
6124 498064619 28 0
7008 498071627 36 0
5658 498077285 11 0
11783 498089068 35 0
6138 498095206 16 0
5651 498100857 26 0
5645 498106502 18 0
11776 498118278 37 0
6151 498124429 19 0
5658 498130087 9 0
5651 498135738 20 0
11804 498147542 34 0
6113 498153655 22 0
5650 498159305 21 0
5635 498164940 23 0
12525 498177465 59 0
6624 498184089 23 0
6352 498190441 27 0
6315 498196756 23 0
12284 498209040 43 0
6138 498215178 15 0
5610 498220788 18 0
5656 498226444 22 0
11768 498238212 33 0
6113 498244325 27 0
5644 498249969 15 0
5651 498255620 14 0
11771 498267391 33 0
6151 498273542 13 0
5658 498279200 9 0
5651 498284851 18 0
11805 498296656 36 0
6126 498302782 25 0
5658 498308440 8 0
5658 498314098 9 0
11820 498325918 30 0
6120 498332038 21 0
5658 498337696 8 0
5634 498343330 17 0
11815 498355145 45 0
6164 498361309 13 0
5631 498366940 20 0
5658 498372598 9 0
11775 498384373 32 0
6138 498390511 17 0
5625 498396136 18 0
5652 498401788 15 0
11815 498413603 35 0
6138 498419741 16 0
5652 498425393 15 0
5658 498431051 9 0
11812 498442863 29 0
7473 498450336 32 0
5632 498455968 27 0
5658 498461626 8 0
11819 498473445 25 0
6138 498479583 18 0
5615 498485198 19 0
5658 498490856 10 0
11749 498502605 37 0
6151 498508756 15 0
5643 498514399 20 0
5652 498520051 14 0
11793 498531844 39 0
6138 498537982 16 0
5634 498543616 20 0
5650 498549266 22 0
11788 498561054 44 0
6096 498567150 25 0
5638 498572788 22 0
5653 498578441 27 0
11794 498590235 44 0
6151 498596386 16 0
5643 498602029 21 0
5652 498607681 13 0
11811 498619492 34 0
6138 498625630 13 0
5658 498631288 11 0
5642 498636930 24 0
11806 498648736 34 0
6135 498654871 28 0
5658 498660529 9 0
5648 498666177 21 0
11811 498677988 30 0
6138 498684126 15 0
5620 498689746 24 0
5658 498695404 9 0
11817 498707221 35 0
6138 498713359 14 0
5645 498719004 21 0
5658 498724662 9 0
11805 498736467 34 0
6164 498742631 17 0
5656 498748287 21 0
5644 498753931 22 0
11822 498765753 35 0
6136 498771889 30 0
5634 498777523 15 0
11823 498789346 39 0
5638 498794984 24 0
6138 498801122 13 0
5652 498806774 12 0
11802 498818576 36 0
7028 498825604 37 0
6139 498831743 19 0
5648 498837391 23 0
11817 498849208 20 0
5658 498854866 8 0
6108 498860974 19 0
5645 498866619 18 0
11794 498878413 31 0
5634 498884047 13 0
6138 498890185 16 0
5645 498895830 17 0
11802 498907632 36 0
5658 498913290 9 0
6136 498919426 27 0
5658 498925084 11 0
11804 498936888 32 0
5650 498942538 18 0
6111 498948649 25 0
5634 498954283 16 0
11787 498966070 35 0
5658 498971728 12 0
6158 498977886 15 0
5634 498983520 18 0
11814 498995334 41 0
5652 499000986 16 0
9477 499010463 192 3
920584 499931047 15312 914
13078 499944125 98 0
12199 499956324 403 25
6661 499962985 33 0
6670 499969655 31 0
14913 499984568 125 7
6602 499991170 37 0
6119 499997289 35 0
4192995 4192995 80328 819
9581054 13774049 51438 5143
19504424 33278473 18986 3506
18802279 52080752 23852 3487
19614860 71695612 18047 1397
19572602 91268214 19180 2253
19573606 110841820 17569 3547
16553969 127395789 23427 4519
19328104 146723893 18765 3011
19517106 166240999 18924 3256
19506246 185747245 20682 2409
19635748 205382993 19272 3232
19616288 224999281 18560 3668
19559561 244558842 19592 2236
18897728 263456570 24056 4124
18855453 282312023 19313 2501
19410417 301722440 18687 3071
19343951 321066391 18357 4124
19724238 340790629 18997 3875
19566291 360356920 19601 4221
19682114 380039034 18786 3188
19662112 399701146 18471 3148
19739691 419440837 18510 3239
19647068 439087905 19309 3653
19633074 458720979 18750 4431
19572078 478293057 19641 4881
13773045 492066102 29316 1350
4330682 496396784 9360 73
5645 496402429 35 0
6138 496408567 21 0
5655 496414222 29 2
11799 496426021 26 0
5658 496431679 10 0
6138 496437817 13 0
5636 496443453 25 0
11805 496455258 28 0
5658 496460916 9 0
6139 496467055 17 0
5644 496472699 15 0
11798 496484497 28 0
5637 496490134 26 0
6132 496496266 21 0
5638 496501904 21 0
11800 496513704 35 0
5658 496519362 9 0
6105 496525467 27 0
5633 496531100 16 0
11782 496542882 34 0
5658 496548540 12 0
6129 496554669 19 0
5621 496560290 19 0
11798 496572088 33 0
5658 496577746 14 0
6114 496583860 27 0
5644 496589504 16 0
11801 496601305 29 0
5658 496606963 8 0
6126 496613089 22 0
5658 496618747 12 0
11785 496630532 39 0
5658 496636190 11 0
6111 496642301 28 0
5637 496647938 25 0
11810 496659748 33 0
5658 496665406 10 0
6138 496671544 14 0
5658 496677202 11 0
11769 496688971 32 0
5652 496694623 13 0
6133 496700756 18 0
5616 496706372 17 0
13163 496719535 115 0
5646 496725181 23 0
6126 496731307 23 0
5574 496736881 11 0
11824 496748705 34 0
5640 496754345 16 0
6131 496760476 20 0
5657 496766133 21 0
11757 496777890 32 0
5658 496783548 23 10
6151 496789699 27 0
5658 496795357 11 0
11776 496807133 33 0
5646 496812779 13 0
6123 496818902 26 0
5658 496824560 10 0
11812 496836372 26 0
5640 496842012 15 0
6126 496848138 18 0
5652 496853790 15 0
11810 496865600 25 0
5658 496871258 9 0
6118 496877376 22 0
11296 496888672 24 0
6173 496894845 16 0
5645 496900490 16 0
6124 496906614 34 0
11309 496917923 24 0
6661 496924584 67 0
6296 496930880 30 0
6664 496937544 35 0
11932 496949476 42 0
6623 496956099 19 0
6109 496962208 26 0
6116 496968324 16 0
21254 496989578 354 5
6116 496995694 31 0
6110 497001804 40 6
6116 497007920 16 0
12208 497020128 37 0
6098 497026226 17 0
6098 497032324 21 0
6129 497038453 17 0
12188 497050641 41 0
6089 497056730 28 0
6092 497062822 19 0
6092 497068914 25 0
12177 497081091 34 0
6111 497087202 26 0
5633 497092835 19 0
6138 497098973 13 0
13130 497112103 63 0
6132 497118235 18 0
5646 497123881 12 0
6131 497130012 23 0
11316 497141328 29 0
6186 497147514 15 0
5652 497153166 14 0
6138 497159304 15 0
11285 497170589 26 0
6160 497176749 18 0
5638 497182387 21 0
6151 497188538 16 0
11294 497199832 29 0
6160 497205992 16 0
5658 497211650 11 0
6119 497217769 21 0
11274 497229043 43 0
6173 497235216 14 0
5639 497240855 23 0
6138 497246993 17 0
11312 497258305 32 0
6160 497264465 16 0
5658 497270123 9 0
6124 497276247 28 0
11267 497287514 33 0
6160 497293674 18 0
5638 497299312 19 0
6097 497305409 24 0
11280 497316689 39 0
6167 497322856 15 0
5652 497328508 16 0
6138 497334646 16 0
11288 497345934 42 0
6160 497352094 17 0
5650 497357744 21 0
6122 497363866 31 0
11267 497375133 38 0
6173 497381306 15 0
5658 497386964 11 0
6101 497393065 22 0
11309 497404374 40 0
6160 497410534 15 0
5658 497416192 7 0
6151 497422343 15 0
11289 497433632 25 0
6148 497439780 24 0
5658 497445438 11 0
6115 497451553 21 0
11310 497462863 21 0
6161 497469024 17 0
5640 497474664 15 0
6119 497480783 23 0
12675 497493458 50 0
6153 497499611 23 0
5643 497505254 20 0
6142 497511396 26 0
11288 497522684 35 0
6118 497528802 21 0
5658 497534460 11 0
6138 497540598 14 0
11302 497551900 26 0
6149 497558049 21 0
5634 497563683 12 0
6125 497569808 21 0
11288 497581096 35 0
6160 497587256 17 0
5658 497592914 10 0
6090 497599004 25 0
11278 497610282 27 0
6173 497616455 13 0
5645 497622100 19 0
6138 497628238 15 0
11310 497639548 36 0
6135 497645683 19 0
5652 497651335 15 0
6125 497657460 23 0
11283 497668743 23 0
6154 497674897 19 0
5652 497680549 15 0
6138 497686687 14 0
11275 497697962 31 0
6147 497704109 28 0
5651 497709760 17 0
6096 497715856 19 0
11316 497727172 29 0
6129 497733301 22 0
5658 497738959 12 0
6151 497745110 16 0
11293 497756403 35 0
6146 497762549 20 0
5658 497768207 10 0
6138 497774345 14 0
11306 497785651 25 0
6142 497791793 27 0
5645 497797438 19 0
6119 497803557 19 0
11276 497814833 28 0
6160 497820993 15 0
5652 497826645 14 0
6138 497832783 16 0
11750 497844533 38 0
6118 497850651 23 0
5631 497856282 23 0
7477 497863759 41 0
11303 497875062 18 0
6160 497881222 14 0
5652 497886874 14 0
6156 497893030 28 0
11309 497904339 24 0
6141 497910480 21 0
5658 497916138 11 0
6090 497922228 22 0
11266 497933494 33 0
6173 497939667 16 0
5652 497945319 26 0
6110 497951429 31 0
11273 497962702 38 0
6154 497968856 19 0
5651 497974507 22 0
6113 497980620 27 0
11300 497991920 28 0
6142 497998062 21 0
5661 498003723 25 0
6122 498009845 31 0
11316 498021161 29 0
6167 498027328 18 0
5650 498032978 22 0
6114 498039092 22 0
11277 498050369 37 0
6160 498056529 17 0
5638 498062167 23 0
6112 498068279 28 0
11289 498079568 35 0
6173 498085741 14 0
5658 498091399 10 0
6119 498097518 26 0
11274 498108792 22 0
6128 498114920 27 0
5652 498120572 14 0
6109 498126681 19 0
11304 498137985 31 0
6160 498144145 13 0
5658 498149803 10 0
6138 498155941 15 0
11268 498167209 35 0
6135 498173344 22 0
5673 498179017 23 0
6096 498185113 25 0
11316 498196429 30 0
6141 498202570 25 0
5652 498208222 16 0
6133 498214355 22 0
11332 498225687 52 0
6160 498231847 14 0
7032 498238879 31 0
6124 498245003 28 0
11311 498256314 42 0
6162 498262476 20 0
5643 498268119 19 0
6138 498274257 16 0
11280 498285537 44 0
6160 498291697 15 0
5644 498297341 22 0
6138 498303479 16 0
11280 498314759 31 0
6173 498320932 15 0
5643 498326575 25 0
6138 498332713 16 0
11289 498344002 33 0
6160 498350162 17 0
5658 498355820 12 0
6133 498361953 21 0
11319 498373272 27 0
6129 498379401 25 0
5631 498385032 22 0
6138 498391170 14 0
11315 498402485 30 0
6167 498408652 24 0
5646 498414298 14 0
6138 498420436 12 0
11279 498431715 37 0
6153 498437868 21 0
5640 498443508 12 0
6126 498449634 24 0
11306 498460940 29 0
6160 498467100 14 0
5657 498472757 19 0
6138 498478895 17 0
11310 498490205 46 0
6160 498496365 21 0
5652 498502017 21 0
6114 498508131 21 0
11306 498519437 27 0
6142 498525579 22 0
5651 498531230 22 0
6126 498537356 16 0
11265 498548621 35 0
6173 498554794 16 0
5634 498560428 12 0
6108 498566536 27 0
11279 498577815 40 0
6160 498583975 17 0
5645 498589620 23 0
7039 498596659 84 3
11276 498607935 35 0
7533 498615468 43 0
5661 498621129 28 0
6096 498627225 20 0
11309 498638534 34 0
9525 498648059 158 0
911422 499559481 15443 1003
6837 499566318 81 0
12500 499578818 41 0
12098 499590916 368 15
6733 499597649 38 0
6729 499604378 36 0
14644 499619022 179 5
6624 499625646 31 0
6373 499632019 15 0
6623 499638642 22 0
4354531 4354531 84554 936
9803441 14157972 47361 5017
19390439 33548411 19918 3498
18515105 52063516 23351 3427
19629537 71693053 17897 1399
19666675 91359728 18327 2190
17320221 108679949 19616 3917
18579899 127259848 21401 4052
19316525 146576373 19016 3130
19809566 166385939 18621 3262
19650431 186036370 21300 2583
19523129 205559499 18737 3320
19670391 225229890 18755 3652
19419174 244649064 18640 2238
18489845 263138909 25608 4226
19147424 282286333 19033 2546
19423906 301710239 19029 3086
19628880 321339119 18624 4199
19708815 341047934 19979 3988
19609597 360657531 19293 4024
19715227 380372758 19018 3293
19655888 400028646 18976 3321
19677251 419705897 19456 3055
19676497 439382394 18885 3703
19628186 459010580 19152 4466
19588728 478599308 19625 4851
13592506 492191814 30014 1267
4235081 496426895 8397 69
5646 496432541 23 0
5658 496438199 12 0
11811 496450010 46 0
6138 496456148 19 0
5639 496461787 15 0
5646 496467433 19 0
11799 496479232 36 0
6103 496485335 25 0
5643 496490978 30 0
5656 496496634 28 0
11812 496508446 35 0
6125 496514571 24 0
7015 496521586 104 0
5652 496527238 18 0
11831 496539069 31 0
6138 496545207 18 0
5642 496550849 23 0
5669 496556518 33 0
11806 496568324 27 0
6151 496574475 15 0
5630 496580105 19 0
5658 496585763 8 0
11796 496597559 30 0
6138 496603697 19 0
5658 496609355 15 0
5665 496615020 28 0
11766 496626786 44 0
6138 496632924 16 0
5610 496638534 18 0
5667 496644201 32 0
11806 496656007 32 0
6113 496662120 21 0
5659 496667779 15 0
5639 496673418 29 0
11823 496685241 42 0
6138 496691379 18 0
5658 496697037 20 0
5640 496702677 14 0
11817 496714494 33 0
6151 496720645 17 0
5640 496726285 20 0
5652 496731937 22 0
11788 496743725 42 0
6145 496749870 18 0
5620 496755490 20 0
5658 496761148 11 0
11834 496772982 41 0
6125 496779107 28 0
5658 496784765 12 0
5574 496790339 15 0
11803 496802142 42 0
6151 496808293 15 0
5655 496813948 28 0
5632 496819580 24 0
11800 496831380 29 0
6126 496837506 20 0
5646 496843152 19 0
5658 496848810 11 0
11825 496860635 30 0
6138 496866773 15 0
5658 496872431 8 0
5648 496878079 30 0
11818 496889897 26 0
7513 496897410 40 0
5658 496903068 14 0
5652 496908720 15 0
11806 496920526 27 0
6138 496926664 14 0
5658 496932322 12 0
11791 496944113 52 0
5658 496949771 21 0
6678 496956449 51 0
6301 496962750 30 0
12322 496975072 38 0
8538 496983610 188 6
6576 496990186 44 0
6085 496996271 27 0
11791 497008062 32 0
6104 497014166 27 0
6104 497020270 25 0
6078 497026348 25 0
12232 497038580 27 0
6090 497044670 25 0
6094 497050764 26 0
6121 497056885 22 0
12208 497069093 41 0
6074 497075167 26 0
6103 497081270 30 0
6104 497087374 23 0
12245 497099619 27 0
6095 497105714 24 0
6119 497111833 33 0
6116 497117949 17 0
11754 497129703 37 0
6116 497135819 15 0
6096 497141915 27 0
15186 497157101 292 5
11771 497168872 46 0
5657 497174529 23 0
6108 497180637 20 0
5660 497186297 26 0
11818 497198115 25 0
5652 497203767 11 0
6132 497209899 21 0
5650 497215549 15 0
11797 497227346 36 0
5667 497233013 24 0
6119 497239132 26 0
5634 497244766 19 0
11825 497256591 30 0
5646 497262237 13 0
6138 497268375 17 0
5658 497274033 13 0
11792 497285825 33 0
7035 497292860 35 0
6151 497299011 14 0
5650 497304661 26 0
11806 497316467 25 0
5644 497322111 27 0
6130 497328241 28 0
5616 497333857 22 0
11822 497345679 30 0
5658 497351337 11 0
6120 497357457 24 0
5645 497363102 17 0
11799 497374901 33 0
5658 497380559 12 0
6135 497386694 24 0
5658 497392352 11 0
11792 497404144 38 0
5651 497409795 18 0
6108 497415903 21 0
5644 497421547 22 0
11801 497433348 35 0
5658 497439006 13 0
6164 497445170 16 0
5626 497450796 23 0
11818 497462614 25 0
5656 497468270 18 0
6138 497474408 17 0
5643 497480051 21 0
11817 497491868 44 0
5654 497497522 21 0
6102 497503624 24 0
5658 497509282 19 0
11785 497521067 37 0
5650 497526717 24 0
6133 497532850 19 0
5648 497538498 23 0
11818 497550316 22 0
5634 497555950 21 0
6141 497562091 33 0
5632 497567723 23 0
11806 497579529 35 0
5658 497585187 11 0
6107 497591294 24 0
5658 497596952 10 0
11828 497608780 41 0
5638 497614418 21 0
6138 497620556 17 0
5658 497626214 15 0
11814 497638028 51 0
5656 497643684 22 0
6138 497649822 17 0
5658 497655480 10 0
13164 497668644 51 0
5658 497674302 13 0
6151 497680453 14 0
5645 497686098 22 0
11812 497697910 31 0
5658 497703568 12 0
6119 497709687 23 0
5640 497715327 19 0
11788 497727115 36 0
5658 497732773 12 0
6111 497738884 25 0
5634 497744518 18 0
11794 497756312 47 0
5652 497761964 15 0
6133 497768097 21 0
5661 497773758 21 0
11813 497785571 40 0
5658 497791229 10 0
6113 497797342 23 0
5646 497802988 17 0
11844 497814832 22 0
5632 497820464 20 0
6111 497826575 24 0
5653 497832228 24 0
11781 497844009 32 0
5652 497849661 22 0
6130 497855791 22 0
5621 497861412 19 0
11818 497873230 30 0
5640 497878870 16 0
6138 497885008 14 0
5658 497890666 13 0
11797 497902463 37 0
5656 497908119 12 1
14345 497922464 266 60
5658 497928122 26 0
11781 497939903 39 0
5658 497945561 9 0
6136 497951697 21 0
5649 497957346 19 0
11807 497969153 26 0
5658 497974811 10 0
6138 497980949 15 0
5628 497986577 17 0
11794 497998371 26 0
5640 498004011 16 0
6151 498010162 16 0
5652 498015814 13 0
11796 498027610 30 0
5658 498033268 10 0
6114 498039382 22 0
5639 498045021 25 0
14099 498059120 126 6
5639 498064759 19 0
6132 498070891 24 0
5634 498076525 18 0
11805 498088330 25 0
5658 498093988 11 0
6126 498100114 27 0
5657 498105771 18 0
11796 498117567 28 0
5640 498123207 11 0
6096 498129303 19 0
5651 498134954 20 0
11794 498146748 25 0
5658 498152406 8 0
6151 498158557 15 0
5621 498164178 19 0
11809 498175987 36 0
5633 498181620 21 0
6138 498187758 13 0
5645 498193403 18 0
11827 498205230 31 0
5646 498210876 14 0
6147 498217023 29 0
5658 498222681 13 0
11804 498234485 31 0
5652 498240137 16 0
6158 498246295 14 0
5646 498251941 23 0
11780 498263721 35 0
5636 498269357 22 0
6120 498275477 18 0
5637 498281114 23 0
11831 498292945 32 0
5652 498298597 12 0
6126 498304723 22 0
5628 498310351 15 0
11802 498322153 32 0
5658 498327811 9 0
6124 498333935 25 0
5658 498339593 12 0
11828 498351421 38 0
5640 498357061 13 0
6096 498363157 22 0
5622 498368779 17 0
11793 498380572 31 0
5652 498386224 14 0
6127 498392351 22 0
5639 498397990 19 0
11797 498409787 34 0
5640 498415427 23 0
6138 498421565 16 0
7023 498428588 29 0
11828 498440416 39 0
5666 498446082 26 0
6149 498452231 34 0
5658 498457889 9 0
11818 498469707 23 0
5658 498475365 11 0
6142 498481507 28 0
5651 498487158 18 0
11777 498498935 37 0
5639 498504574 15 0
6138 498510712 16 0
5642 498516354 25 0
11801 498528155 28 0
5652 498533807 13 0
6132 498539939 25 0
5638 498545577 23 0
11808 498557385 35 0
5652 498563037 14 0
6123 498569160 26 0
5621 498574781 16 0
11849 498586630 28 0
5646 498592276 14 0
6112 498598388 23 0
5658 498604046 10 0
11788 498615834 29 0
5649 498621483 23 0
6151 498627634 14 0
5658 498633292 11 0
11809 498645101 32 0
5646 498650747 23 0
6119 498656866 20 0
5652 498662518 10 0
11831 498674349 20 0
5652 498680001 14 0
6115 498686116 27 0
5658 498691774 9 0
11812 498703586 29 0
5658 498709244 9 0
6136 498715380 23 0
5658 498721038 9 0
15149 498736187 185 0
893494 499629681 15250 831
6426 499636107 43 0
6724 499642831 41 0
18581 499661412 403 11
6694 499668106 53 0
6712 499674818 27 0
6662 499681480 23 0
15977 499697457 237 4
2327834 2327834 49342 544
5277801 7605635 74260 4394
19243911 26849546 21786 3747
19214845 46064391 20790 3015
19088040 65152431 21075 2724
19638479 84790910 19131 1088
19485661 104276571 18381 3976
16716547 120993118 22956 4378
19128161 140121279 19171 4011
19680754 159802033 20036 2547
19236704 179038737 21391 3413
19572325 198611062 19431 2359
19789500 218400562 19900 4165
19598199 237998761 20252 2316
18719123 256717884 24159 3486
19232812 275950696 19220 3533
18903348 294854044 19472 2571
19496562 314350606 18800 4019
19619608 333970214 19203 3737
19678849 353649063 18784 4058
19546420 373195483 19119 3712
19694648 392890131 19117 2782
19658829 412548960 18675 3960
19606074 432155034 18559 2823
19568679 451723713 19138 4521
19624319 471348032 18930 4819
18026711 489374743 26676 3083
6983520 496358263 18254 85
11760 496370023 375 2
6138 496376161 27 0
5622 496381783 17 0
5642 496387425 27 0
11809 496399234 44 0
6134 496405368 27 0
5646 496411014 14 0
5658 496416672 8 0
11757 496428429 50 0
6152 496434581 33 0
5647 496440228 21 0
5656 496445884 24 0
11800 496457684 38 0
6138 496463822 19 0
5658 496469480 11 0
5646 496475126 19 0
11788 496486914 34 0
6134 496493048 32 0
5658 496498706 10 0
5658 496504364 11 0
13153 496517517 120 0
6138 496523655 17 0
5628 496529283 16 0
5643 496534926 25 0
11777 496546703 47 0
6151 496552854 17 0
5626 496558480 18 0
5646 496564126 19 0
11807 496575933 34 0
6138 496582071 14 0
5646 496587717 12 0
5658 496593375 24 0
11775 496605150 34 0
6138 496611288 18 0
5642 496616930 21 0
5647 496622577 23 0
11820 496634397 31 0
6151 496640548 17 0
5632 496646180 17 0
5658 496651838 12 0
11778 496663616 48 0
6138 496669754 18 0
5658 496675412 11 0
5652 496681064 12 0
11831 496692895 22 0
6112 496699007 25 0
5652 496704659 12 0
5567 496710226 18 0
11818 496722044 27 0
6132 496728176 19 0
5610 496733786 18 0
5652 496739438 16 0
11783 496751221 28 0
6145 496757366 15 0
5647 496763013 21 0
5658 496768671 9 0
11794 496780465 33 0
6177 496786642 18 0
5615 496792257 19 0
5658 496797915 10 0
11783 496809698 45 0
6138 496815836 14 0
5645 496821481 19 0
5658 496827139 10 0
11807 496838946 29 0
6138 496845084 14 0
5658 496850742 11 0
5637 496856379 23 0
11800 496868179 37 0
6150 496874329 22 0
5640 496879969 15 0
7028 496886997 36 0
13018 496900015 81 0
6652 496906667 21 0
6315 496912982 27 0
5637 496918619 17 0
12723 496931342 42 0
6098 496937440 22 0
6116 496943556 22 0
6074 496949630 21 0
12170 496961800 44 0
6084 496967884 25 0
6129 496974013 16 0
6073 496980086 25 0
12186 496992272 48 0
6116 496998388 16 0
6085 497004473 25 0
6080 497010553 20 0
12221 497022774 30 0
6074 497028848 27 0
6116 497034964 20 0
6116 497041080 17 0
11773 497052853 39 0
6138 497058991 18 0
6116 497065107 19 0
5658 497070765 13 0
11781 497082546 41 0
6138 497088684 16 0
5638 497094322 24 0
5658 497099980 12 0
11812 497111792 27 0
6121 497117913 21 0
5658 497123571 13 0
5646 497129217 14 0
11805 497141022 36 0
6102 497147124 22 0
5644 497152768 23 0
5658 497158426 12 0
20897 497179323 364 2
6138 497185461 19 0
5627 497191088 23 0
5651 497196739 20 0
11813 497208552 40 0
6138 497214690 16 0
5635 497220325 15 0
5652 497225977 15 0
11808 497237785 40 0
6105 497243890 27 0
5658 497249548 10 0
5639 497255187 24 0
11784 497266971 40 0
6151 497273122 18 0
7020 497280142 46 0
5657 497285799 22 0
11805 497297604 27 0
6130 497303734 25 0
5622 497309356 20 0
5650 497315006 27 0
11803 497326809 34 0
6138 497332947 16 0
5616 497338563 19 0
5626 497344189 23 0
11733 497355922 38 0
7037 497362959 107 4
5643 497368602 22 0
5628 497374230 13 0
11792 497386022 41 0
6129 497392151 31 0
5640 497397791 16 0
5658 497403449 9 0
11789 497415238 32 0
6120 497421358 26 0
5634 497426992 20 0
5658 497432650 13 0
11779 497444429 36 0
6120 497450549 25 0
5632 497456181 25 0
5652 497461833 13 0
11789 497473622 47 0
6138 497479760 19 0
5652 497485412 9 0
5658 497491070 12 0
11799 497502869 33 0
6158 497509027 19 0
5615 497514642 22 0
5646 497520288 20 0
11776 497532064 40 0
6138 497538202 17 0
5610 497543812 19 0
5645 497549457 27 0
11820 497561277 30 0
6119 497567396 27 0
5652 497573048 16 0
5658 497578706 11 0
11781 497590487 42 0
6138 497596625 27 0
5652 497602277 17 0
5658 497607935 13 0
11780 497619715 34 0
6126 497625841 20 0
5627 497631468 20 0
5639 497637107 17 0
11818 497648925 30 0
7513 497656438 38 0
5658 497662096 12 0
5658 497667754 11 0
11786 497679540 38 0
6131 497685671 26 0
5626 497691297 22 0
5658 497696955 10 0
11824 497708779 32 0
6138 497714917 19 0
5652 497720569 13 0
5658 497726227 11 0
11810 497738037 40 0
6133 497744170 24 0
5658 497749828 10 0
5639 497755467 24 0
11796 497767263 44 0
6138 497773401 18 0
5658 497779059 11 0
5656 497784715 24 0
11815 497796530 38 0
6126 497802656 28 0
5658 497808314 10 0
5646 497813960 13 0
11803 497825763 33 0
6151 497831914 17 0
5643 497837557 26 0
5658 497843215 13 0
11779 497854994 43 0
6138 497861132 17 0
5610 497866742 20 0
5648 497872390 24 0
11777 497884167 48 0
6138 497890305 16 0
5652 497895957 14 0
5652 497901609 23 0
11818 497913427 34 0
6138 497919565 16 0
5656 497925221 28 0
5658 497930879 12 0
11822 497942701 34 0
6138 497948839 16 0
5622 497954461 16 0
5658 497960119 13 0
11818 497971937 20 0
6145 497978082 22 0
5652 497983734 13 0
5658 497989392 12 0
11809 498001201 37 0
6138 498007339 16 0
5658 498012997 11 0
5658 498018655 12 0
13180 498031835 52 0
6138 498037973 19 0
5658 498043631 11 0
5652 498049283 14 0
11794 498061077 29 0
6151 498067228 16 0
5658 498072886 12 0
5650 498078536 23 0
11810 498090346 42 0
6130 498096476 26 0
5650 498102126 24 0
5658 498107784 18 0
11762 498119546 42 0
6138 498125684 20 0
5656 498131340 24 0
5667 498137007 29 0
11813 498148820 40 0
6138 498154958 20 0
5652 498160610 14 0
5657 498166267 16 0
11831 498178098 18 0
6120 498184218 25 0
5628 498189846 20 0
5658 498195504 11 0
11817 498207321 31 0
6151 498213472 19 0
5668 498219140 21 0
5646 498224786 18 0
11805 498236591 40 0
6125 498242716 21 0
5652 498248368 17 0
5652 498254020 14 0
11819 498265839 26 0
6138 498271977 18 0
5626 498277603 20 0
11794 498289397 30 0
5652 498295049 15 0
6156 498301205 26 0
5627 498306832 21 0
11798 498318630 39 0
5631 498324261 24 0
6096 498330357 23 0
5646 498336003 19 0
11817 498347820 34 0
5658 498353478 10 0
6138 498359616 17 0
5652 498365268 16 0
11798 498377066 32 0
5658 498382724 11 0
6138 498388862 15 0
5640 498394502 19 0
13217 498407719 47 0
5657 498413376 27 0
6126 498419502 20 0
5651 498425153 28 0
11810 498436963 36 0
5654 498442617 26 0
6109 498448726 22 0
5652 498454378 16 0
11812 498466190 26 0
5640 498471830 24 0
6127 498477957 26 0
5645 498483602 19 0
11805 498495407 33 0
5660 498501067 26 0
6138 498507205 16 0
5622 498512827 17 0
11799 498524626 30 0
5632 498530258 19 0
6108 498536366 24 0
5658 498542024 17 0
11784 498553808 52 0
5658 498559466 10 0
6119 498565585 20 0
5633 498571218 17 0
11800 498583018 44 0
5628 498588646 15 0
6138 498594784 17 0
5640 498600424 14 0
11782 498612206 28 0
5658 498617864 9 0
9459 498627323 171 2
889942 499517265 15091 808
13098 499530363 91 0
11848 499542211 401 6
6674 499548885 45 0
6723 499555608 36 0
14907 499570515 155 3
6333 499576848 19 0
6668 499583516 22 0
