5,1.0,392124323.79,3889417319.267523
4,392124324.79,420907063.0,2021348296.0527227
7,420907064.0,479713954.71999997,1078954198.302667
4,479713955.71999997,492081252.64,2021348296.0527227
3,492081253.64,525059312.39,1647012626.1522777
2,525059313.39,560615009.47,3036024722.4208217
1,560615010.47,1268310790.1200001,4437195218.808543
2,1268310791.1200001,1303134731.6200001,3036024722.4208217
3,1303134732.6200001,1343580130.0100002,1647012626.1522777
2,1343580131.0100002,1391145986.4900002,3036024722.4208217
6,1391145987.4900002,2029736585.4700003,4889939584.3099985
4,2029736586.4700003,2056601737.4300003,2021348296.0527227
2,2056601738.4300003,2077653085.5900004,3036024722.4208217
7,2077653086.5900004,2091472908.7000003,1078954198.302667
0,2091472909.7000003,2091476565.7000003,239763616.18792993
