4632479, 4632479, 89281, 6303, 15
14218751, 18851230, 47809, 13584, 20
19188294, 38039524, 20032, 6071, 2
18888707, 56928231, 20324, 5260, 11
19448593, 76376824, 17817, 5402, 11
18770758, 95147582, 23882, 7565, 2
18850525, 113998107, 18566, 5231, 11
19353296, 133351403, 18177, 5378, 11
19068349, 152419752, 17846, 5435, 11
19527235, 171946987, 20825, 5933, 11
19496627, 191443614, 18927, 5451, 11
19500394, 210944008, 18532, 5328, 11
19380292, 230324300, 18877, 5389, 11
19293494, 249617794, 20562, 5538, 11
18273713, 267891507, 23586, 5184, 11
19127828, 287019335, 19014, 5392, 11
19156464, 306175799, 18822, 5258, 11
19491979, 325667778, 19367, 5382, 11
19653487, 345321265, 18875, 5448, 11
19455752, 364777017, 18502, 5417, 11
19616202, 384393219, 18687, 5421, 11
19468142, 403861361, 19266, 5411, 11
19614872, 423476233, 18365, 5556, 11
19602056, 443078289, 18368, 5554, 11
19501793, 462580082, 18489, 5420, 11
19487362, 482067444, 19238, 5515, 11
11337927, 493405371, 28293, 1429, 19
2917973, 496323344, 6773, 808, 5
6086, 496329430, 57, 6, 1
11790, 496341220, 35, 0, 1
5658, 496346878, 15, 1, 1
5658, 496352536, 11, 0, 1
15250, 496367786, 391, 88, 1
11786, 496379572, 41, 2, 1
5658, 496385230, 16, 0, 1
5658, 496390888, 15, 0, 1
11806, 496402694, 39, 1, 1
6144, 496408838, 22, 0, 1
5645, 496414483, 19, 0, 1
5658, 496420141, 10, 0, 1
11794, 496431935, 25, 1, 1
6138, 496438073, 14, 0, 1
5663, 496443736, 21, 2, 1
5658, 496449394, 12, 0, 1
11822, 496461216, 49, 0, 1
6126, 496467342, 21, 0, 1
7023, 496474365, 104, 38, 1
5652, 496480017, 27, 0, 1
11811, 496491828, 34, 0, 1
6138, 496497966, 19, 0, 1
5658, 496503624, 10, 1, 1
5658, 496509282, 11, 0, 1
12719, 496522001, 118, 50, 1
6125, 496528126, 24, 0, 1
5658, 496533784, 12, 0, 1
5658, 496539442, 11, 0, 1
11808, 496551250, 33, 2, 1
6108, 496557358, 26, 0, 1
5669, 496563027, 29, 0, 1
5634, 496568661, 20, 0, 1
11817, 496580478, 34, 0, 1
6131, 496586609, 25, 0, 1
5658, 496592267, 14, 0, 1
5656, 496597923, 25, 0, 1
11830, 496609753, 46, 2, 1
6138, 496615891, 13, 0, 1
5652, 496621543, 19, 0, 1
5658, 496627201, 11, 0, 1
11809, 496639010, 55, 1, 1
6129, 496645139, 27, 0, 1
5658, 496650797, 13, 2, 1
5658, 496656455, 11, 0, 1
11816, 496668271, 49, 6, 1
6139, 496674410, 23, 0, 1
6114, 496680524, 29, 2, 1
5652, 496686176, 25, 0, 1
11797, 496697973, 44, 8, 1
6129, 496704102, 26, 0, 1
6110, 496710212, 38, 5, 1
5657, 496715869, 30, 2, 1
11807, 496727676, 52, 0, 1
6135, 496733811, 31, 0, 1
5658, 496739469, 19, 4, 1
5672, 496745141, 36, 0, 1
11843, 496756984, 48, 6, 1
6138, 496763122, 18, 0, 1
5652, 496768774, 21, 1, 1
5658, 496774432, 12, 0, 1
11812, 496786244, 38, 1, 1
6153, 496792397, 34, 0, 1
5658, 496798055, 15, 2, 1
5658, 496803713, 11, 0, 1
11821, 496815534, 38, 0, 1
6138, 496821672, 18, 0, 1
5658, 496827330, 25, 9, 1
5658, 496832988, 13, 0, 1
11813, 496844801, 27, 1, 1
7496, 496852297, 62, 1, 1
5658, 496857955, 17, 4, 1
5640, 496863595, 17, 0, 1
11818, 496875413, 27, 0, 1
6151, 496881564, 19, 0, 1
6116, 496887680, 19, 0, 1
6374, 496894054, 64, 5, 1
12991, 496907045, 40, 2, 1
6624, 496913669, 19, 0, 1
6572, 496920241, 28, 0, 1
6116, 496926357, 16, 0, 1
12242, 496938599, 41, 0, 1
6116, 496944715, 15, 0, 1
6102, 496950817, 27, 0, 1
6105, 496956922, 31, 1, 1
12210, 496969132, 41, 0, 1
6116, 496975248, 17, 0, 1
6111, 496981359, 23, 0, 1
6116, 496987475, 17, 0, 1
12231, 496999706, 33, 0, 1
6097, 497005803, 25, 0, 1
6116, 497011919, 21, 0, 1
6116, 497018035, 17, 0, 1
12248, 497030283, 49, 0, 1
6105, 497036388, 31, 0, 1
6126, 497042514, 41, 0, 1
6116, 497048630, 17, 0, 1
12140, 497060770, 43, 0, 1
6116, 497066886, 18, 0, 1
6098, 497072984, 20, 0, 1
6102, 497079086, 27, 0, 1
12224, 497091310, 52, 0, 1
6119, 497097429, 35, 0, 1
6116, 497103545, 21, 0, 1
5658, 497109203, 13, 0, 1
12242, 497121445, 36, 0, 1
6122, 497127567, 29, 0, 1
5656, 497133223, 21, 0, 1
5652, 497138875, 15, 0, 1
11831, 497150706, 41, 1, 1
6138, 497156844, 16, 0, 1
5631, 497162475, 21, 0, 1
5658, 497168133, 13, 0, 1
11803, 497179936, 42, 0, 1
6120, 497186056, 18, 0, 1
5658, 497191714, 12, 0, 1
5658, 497197372, 10, 0, 1
11802, 497209174, 40, 0, 1
6138, 497215312, 17, 0, 1
5634, 497220946, 17, 0, 1
5651, 497226597, 20, 0, 1
13208, 497239805, 65, 25, 1
6138, 497245943, 19, 0, 1
5658, 497251601, 12, 0, 1
5662, 497257263, 26, 0, 1
11817, 497269080, 46, 0, 1
6151, 497275231, 14, 0, 1
5661, 497280892, 34, 0, 1
5658, 497286550, 12, 0, 1
11793, 497298343, 33, 0, 1
6120, 497304463, 23, 0, 1
5645, 497310108, 19, 0, 1
5657, 497315765, 29, 0, 1
11831, 497327596, 23, 0, 1
6138, 497333734, 19, 0, 1
5658, 497339392, 18, 0, 1
5652, 497345044, 16, 0, 1
11804, 497356848, 32, 0, 1
6145, 497362993, 19, 0, 1
5644, 497368637, 20, 0, 1
5657, 497374294, 18, 0, 1
11817, 497386111, 31, 0, 1
6138, 497392249, 16, 0, 1
5658, 497397907, 11, 0, 1
5653, 497403560, 29, 0, 1
11831, 497415391, 20, 0, 1
6145, 497421536, 16, 0, 1
5658, 497427194, 30, 0, 1
5658, 497432852, 12, 0, 1
11814, 497444666, 36, 0, 1
6120, 497450786, 20, 0, 1
5657, 497456443, 26, 0, 1
5639, 497462082, 19, 0, 1
11829, 497473911, 33, 0, 1
6138, 497480049, 33, 0, 1
5652, 497485701, 18, 0, 1
5652, 497491353, 17, 0, 1
11802, 497503155, 37, 0, 1
6164, 497509319, 14, 0, 1
5653, 497514972, 29, 0, 1
5652, 497520624, 15, 0, 1
11802, 497532426, 35, 0, 1
6129, 497538555, 29, 0, 1
5658, 497544213, 13, 0, 1
5658, 497549871, 13, 0, 1
11840, 497561711, 39, 0, 1
6111, 497567822, 27, 0, 1
5658, 497573480, 13, 0, 1
5658, 497579138, 13, 0, 1
11799, 497590937, 38, 0, 1
6132, 497597069, 24, 0, 1
5644, 497602713, 21, 0, 1
5658, 497608371, 13, 0, 1
13181, 497621552, 53, 0, 1
6118, 497627670, 27, 0, 1
5644, 497633314, 30, 0, 1
5645, 497638959, 15, 0, 1
11831, 497650790, 21, 0, 1
6138, 497656928, 18, 0, 1
5640, 497662568, 17, 0, 1
5677, 497668245, 30, 0, 1
11786, 497680031, 44, 0, 1
6138, 497686169, 13, 0, 1
5658, 497691827, 17, 0, 1
5657, 497697484, 27, 0, 1
11789, 497709273, 37, 0, 1
6138, 497715411, 17, 0, 1
5658, 497721069, 10, 0, 1
5658, 497726727, 21, 0, 1
11812, 497738539, 25, 0, 1
6151, 497744690, 15, 0, 1
5627, 497750317, 20, 0, 1
5673, 497755990, 34, 0, 1
11827, 497767817, 38, 0, 1
6136, 497773953, 31, 0, 1
5658, 497779611, 21, 0, 1
5655, 497785266, 30, 0, 1
11825, 497797091, 37, 0, 1
6102, 497803193, 24, 0, 1
5650, 497808843, 23, 0, 1
5658, 497814501, 13, 0, 1
11806, 497826307, 26, 0, 1
6127, 497832434, 22, 0, 1
5654, 497838088, 23, 0, 1
5674, 497843762, 29, 0, 1
11804, 497855566, 39, 0, 1
6138, 497861704, 15, 0, 1
6124, 497867828, 34, 0, 1
5658, 497873486, 13, 0, 1
11810, 497885296, 31, 0, 1
6142, 497891438, 34, 0, 1
5638, 497897076, 22, 0, 1
5658, 497902734, 9, 0, 1
11833, 497914567, 40, 0, 1
6130, 497920697, 24, 0, 1
5647, 497926344, 27, 0, 1
5650, 497931994, 27, 0, 1
11816, 497943810, 40, 0, 1
6138, 497949948, 20, 0, 1
5645, 497955593, 16, 0, 1
5663, 497961256, 17, 0, 1
11805, 497973061, 39, 0, 1
6119, 497979180, 27, 0, 1
5658, 497984838, 14, 0, 1
7035, 497991873, 28, 1, 1
11800, 498003673, 34, 0, 1
6138, 498009811, 18, 0, 1
5652, 498015463, 17, 0, 1
5658, 498021121, 11, 0, 1
11831, 498032952, 47, 0, 1
6138, 498039090, 15, 0, 1
5658, 498044748, 14, 0, 1
5658, 498050406, 14, 0, 1
11819, 498062225, 45, 0, 1
6139, 498068364, 21, 0, 1
5653, 498074017, 25, 0, 1
5655, 498079672, 29, 0, 1
11824, 498091496, 41, 0, 1
6131, 498097627, 26, 0, 1
5658, 498103285, 12, 0, 1
5658, 498108943, 12, 0, 1
11831, 498120774, 26, 0, 1
6107, 498126881, 26, 0, 1
5658, 498132539, 12, 0, 1
5658, 498138197, 12, 0, 1
11800, 498149997, 34, 0, 1
6138, 498156135, 24, 0, 1
5658, 498161793, 12, 0, 1
5658, 498167451, 10, 0, 1
11829, 498179280, 43, 1, 1
6138, 498185418, 18, 0, 1
5645, 498191063, 17, 0, 1
5658, 498196721, 12, 0, 1
11804, 498208525, 41, 0, 1
6151, 498214676, 16, 0, 1
5640, 498220316, 19, 0, 1
5658, 498225974, 14, 0, 1
11811, 498237785, 40, 0, 1
6138, 498243923, 19, 0, 1
5646, 498249569, 17, 0, 1
5663, 498255232, 32, 0, 1
11846, 498267078, 42, 0, 1
6120, 498273198, 19, 0, 1
5660, 498278858, 25, 0, 1
6643, 498285501, 22, 0, 1
12970, 498298471, 40, 0, 1
10139, 498308610, 301, 25, 1
6367, 498314977, 28, 0, 1
6327, 498321304, 19, 0, 1
12280, 498333584, 39, 0, 1
6129, 498339713, 28, 0, 1
5657, 498345370, 15, 0, 1
5652, 498351022, 12, 0, 1
11831, 498362853, 16, 0, 1
6130, 498368983, 33, 0, 1
7035, 498376018, 24, 0, 1
5653, 498381671, 27, 0, 1
11824, 498393495, 30, 0, 1
6138, 498399633, 18, 0, 1
5648, 498405281, 24, 0, 1
5658, 498410939, 12, 0, 1
11824, 498422763, 23, 0, 1
6125, 498428888, 22, 0, 1
5643, 498434531, 21, 0, 1
11804, 498446335, 40, 0, 1
5626, 498451961, 20, 0, 1
6136, 498458097, 29, 0, 1
5652, 498463749, 17, 0, 1
11806, 498475555, 29, 0, 1
5658, 498481213, 10, 0, 1
6124, 498487337, 27, 0, 1
5639, 498492976, 25, 0, 1
11812, 498504788, 27, 0, 1
5658, 498510446, 9, 0, 1
6138, 498516584, 14, 0, 1
5658, 498522242, 11, 0, 1
11812, 498534054, 29, 0, 1
5658, 498539712, 8, 0, 1
6151, 498545863, 15, 0, 1
5658, 498551521, 10, 0, 1
11810, 498563331, 27, 0, 1
5658, 498568989, 9, 0, 1
6125, 498575114, 25, 0, 1
5652, 498580766, 19, 0, 1
11831, 498592597, 24, 0, 1
5640, 498598237, 14, 0, 1
6138, 498604375, 13, 0, 1
5658, 498610033, 12, 0, 1
11818, 498621851, 20, 0, 1
5652, 498627503, 15, 0, 1
6138, 498633641, 17, 0, 1
5658, 498639299, 13, 0, 1
11836, 498651135, 35, 0, 1
5644, 498656779, 19, 0, 1
6138, 498662917, 16, 0, 1
5658, 498668575, 12, 0, 1
11818, 498680393, 33, 0, 1
5658, 498686051, 10, 0, 1
6103, 498692154, 23, 0, 1
5640, 498697794, 17, 0, 1
11816, 498709610, 28, 0, 1
897214, 499606824, 15633, 5050, 9
6733, 499613557, 68, 1, 1
6707, 499620264, 37, 0, 1
19734, 499639998, 493, 163, 1
6690, 499646688, 40, 0, 1
6718, 499653406, 30, 0, 1
6671, 499660077, 43, 0, 1
14613, 499674690, 174, 70, 1
6373, 499681063, 19, 3, 1
152711, 152711, 5719, 505, 1
4843580, 4996291, 90042, 6594, 15
14823999, 19820290, 44976, 13294, 20
14578393, 34398683, 14665, 4486, 19
11083624, 45482307, 13539, 2691, 12
19361155, 64843462, 18732, 5405, 11
18788287, 83631749, 24148, 7594, 2
18755933, 102387682, 19426, 5197, 11
18940157, 121327839, 18765, 5284, 11
19378908, 140706747, 18768, 5403, 11
19366595, 160073342, 21411, 5904, 11
19489023, 179562365, 19448, 5456, 11
19289411, 198851776, 19273, 5407, 11
19546881, 218398657, 18630, 5377, 11
19003794, 237402451, 20794, 5410, 11
18550682, 255953133, 24345, 5218, 11
18947493, 274900626, 19777, 5253, 11
19304423, 294205049, 20025, 5358, 11
19470112, 313675161, 20382, 5385, 11
19568744, 333243905, 19723, 5400, 11
19560418, 352804323, 19675, 5417, 11
19455679, 372260002, 19529, 5382, 11
19566556, 391826558, 20652, 5367, 11
19573885, 411400443, 19749, 5455, 11
19506354, 430906797, 19353, 5555, 11
19543069, 450449866, 19502, 5357, 11
19510216, 469960082, 19609, 5362, 11
17523135, 487483217, 29326, 4689, 2
10213312, 497696529, 16961, 580, 12
702945, 498399474, 3469, 748, 1
11789, 498411263, 67, 6, 1
5654, 498416917, 31, 1, 1
6125, 498423042, 32, 0, 1
5658, 498428700, 12, 0, 1
11825, 498440525, 37, 0, 1
5662, 498446187, 31, 0, 1
6127, 498452314, 32, 0, 1
5628, 498457942, 21, 2, 1
11788, 498469730, 45, 1, 1
5658, 498475388, 12, 0, 1
6114, 498481502, 26, 0, 1
5655, 498487157, 31, 0, 1
11773, 498498930, 44, 2, 1
5658, 498504588, 13, 0, 1
6138, 498510726, 16, 0, 1
5646, 498516372, 19, 0, 1
11817, 498528189, 52, 0, 1
5645, 498533834, 16, 0, 1
6145, 498539979, 15, 0, 1
5640, 498545619, 17, 2, 1
11818, 498557437, 33, 2, 1
5663, 498563100, 27, 0, 1
6119, 498569219, 27, 0, 1
5621, 498574840, 25, 1, 1
11818, 498586658, 36, 0, 1
5658, 498592316, 15, 3, 1
6101, 498598417, 29, 0, 1
5658, 498604075, 18, 4, 1
11831, 498615906, 33, 1, 1
5658, 498621564, 14, 1, 1
6138, 498627702, 17, 0, 1
5633, 498633335, 22, 0, 1
11787, 498645122, 45, 0, 1
5658, 498650780, 15, 0, 1
6138, 498656918, 18, 0, 1
5646, 498662564, 20, 0, 1
11804, 498674368, 54, 1, 1
5658, 498680026, 15, 0, 1
6125, 498686151, 30, 0, 1
5656, 498691807, 26, 0, 1
13164, 498704971, 114, 20, 1
5658, 498710629, 12, 0, 1
6164, 498716793, 20, 0, 1
5638, 498722431, 26, 0, 1
11782, 498734213, 41, 1, 1
5652, 498739865, 31, 0, 1
6116, 498745981, 22, 3, 1
6138, 498752119, 25, 2, 1
11795, 498763914, 43, 3, 1
6110, 498770024, 35, 1, 1
6110, 498776134, 21, 0, 1
6113, 498782247, 32, 1, 1
11795, 498794042, 38, 0, 1
5646, 498799688, 18, 0, 1
6151, 498805839, 18, 0, 1
5656, 498811495, 26, 7, 1
11816, 498823311, 46, 0, 1
5658, 498828969, 17, 2, 1
6138, 498835107, 17, 0, 1
5658, 498840765, 16, 2, 1
11825, 498852590, 36, 1, 1
5657, 498858247, 20, 0, 1
6138, 498864385, 18, 0, 1
5658, 498870043, 22, 8, 1
11812, 498881855, 37, 0, 1
5634, 498887489, 15, 0, 1
6131, 498893620, 27, 0, 1
5658, 498899278, 16, 1, 1
11824, 498911102, 37, 0, 1
5658, 498916760, 16, 2, 1
6138, 498922898, 21, 1, 1
5658, 498928556, 18, 3, 1
11817, 498940373, 33, 0, 1
5656, 498946029, 15, 1, 1
14770, 498960799, 514, 430, 1
6116, 498966915, 43, 5, 1
13005, 498979920, 111, 18, 1
6642, 498986562, 23, 0, 1
6596, 498993158, 31, 0, 1
6579, 498999737, 22, 0, 1
12209, 499011946, 38, 1, 1
6113, 499018059, 25, 0, 1
6115, 499024174, 22, 0, 1
6125, 499030299, 38, 0, 1
12224, 499042523, 49, 0, 1
6102, 499048625, 28, 0, 1
6128, 499054753, 26, 0, 1
6091, 499060844, 25, 0, 1
12213, 499073057, 43, 0, 1
6116, 499079173, 18, 0, 1
6086, 499085259, 25, 0, 1
6116, 499091375, 18, 0, 1
13635, 499105010, 71, 28, 1
6119, 499111129, 34, 0, 1
6116, 499117245, 20, 0, 1
6116, 499123361, 22, 0, 1
12225, 499135586, 49, 0, 1
6109, 499141695, 23, 0, 1
6116, 499147811, 25, 0, 1
6129, 499153940, 20, 0, 1
12222, 499166162, 46, 0, 1
6106, 499172268, 30, 1, 1
6113, 499178381, 35, 0, 1
6116, 499184497, 20, 0, 1
11794, 499196291, 33, 0, 1
5653, 499201944, 34, 0, 1
6138, 499208082, 20, 0, 1
5657, 499213739, 30, 2, 1
11804, 499225543, 34, 0, 1
5658, 499231201, 13, 0, 1
6138, 499237339, 17, 0, 1
5634, 499242973, 21, 0, 1
11831, 499254804, 25, 0, 1
5660, 499260464, 27, 0, 1
6112, 499266576, 28, 0, 1
11297, 499277873, 29, 0, 1
6146, 499284019, 22, 0, 1
5658, 499289677, 10, 0, 1
6158, 499295835, 17, 0, 1
11316, 499307151, 18, 0, 1
6160, 499313311, 16, 0, 1
5657, 499318968, 20, 0, 1
6156, 499325124, 40, 0, 1
11309, 499336433, 31, 0, 1
6159, 499342592, 29, 0, 1
5648, 499348240, 29, 0, 1
6134, 499354374, 32, 0, 1
11316, 499365690, 22, 3, 1
6157, 499371847, 29, 0, 1
5656, 499377503, 22, 1, 1
6127, 499383630, 33, 0, 1
11312, 499394942, 41, 0, 1
6173, 499401115, 20, 0, 1
5652, 499406767, 30, 0, 1
6138, 499412905, 16, 0, 1
11315, 499424220, 35, 0, 1
6160, 499430380, 20, 0, 1
5658, 499436038, 15, 0, 1
6132, 499442170, 23, 0, 1
11309, 499453479, 39, 0, 1
6136, 499459615, 20, 0, 1
5645, 499465260, 29, 0, 1
6137, 499471397, 25, 0, 1
12693, 499484090, 38, 0, 1
6165, 499490255, 28, 0, 1
5639, 499495894, 24, 0, 1
6138, 499502032, 17, 0, 1
11314, 499513346, 38, 0, 1
6151, 499519497, 27, 0, 1
5654, 499525151, 31, 0, 1
6133, 499531284, 22, 0, 1
11315, 499542599, 46, 0, 1
6139, 499548738, 26, 0, 1
5639, 499554377, 15, 0, 1
6138, 499560515, 18, 0, 1
11316, 499571831, 19, 1, 1
6173, 499578004, 18, 0, 1
5646, 499583650, 20, 0, 1
6138, 499589788, 17, 0, 1
11309, 499601097, 40, 0, 1
6160, 499607257, 16, 0, 1
5649, 499612906, 29, 0, 1
6138, 499619044, 17, 0, 1
11307, 499630351, 39, 0, 1
6137, 499636488, 24, 0, 1
5657, 499642145, 22, 0, 1
6131, 499648276, 25, 0, 1
11317, 499659593, 42, 0, 1
6141, 499665734, 24, 0, 1
5652, 499671386, 20, 0, 1
6153, 499677539, 33, 0, 1
11296, 499688835, 37, 0, 1
6127, 499694962, 30, 0, 1
5652, 499700614, 19, 0, 1
6126, 499706740, 24, 0, 1
11296, 499718036, 38, 1, 1
15227, 499733263, 398, 260, 1
5651, 499738914, 29, 0, 1
6118, 499745032, 28, 0, 1
11318, 499756350, 35, 0, 1
6160, 499762510, 16, 0, 1
5649, 499768159, 26, 0, 1
6149, 499774308, 27, 0, 1
11316, 499785624, 40, 0, 1
6160, 499791784, 16, 0, 1
5651, 499797435, 19, 0, 1
6126, 499803561, 25, 0, 1
11282, 499814843, 43, 0, 1
6161, 499821004, 21, 0, 1
5645, 499826649, 17, 0, 1
6126, 499832775, 22, 0, 1
11308, 499844083, 24, 0, 1
6160, 499850243, 23, 0, 1
5657, 499855900, 19, 0, 1
7503, 499863403, 43, 0, 1
11315, 499874718, 37, 0, 1
13990, 499888708, 209, 37, 1
5622, 499894330, 21, 0, 1
6138, 499900468, 17, 0, 1
11316, 499911784, 26, 0, 1
6159, 499917943, 28, 0, 1
5655, 499923598, 25, 0, 1
6144, 499929742, 25, 0, 1
11304, 499941046, 26, 0, 1
6142, 499947188, 22, 0, 1
5643, 499952831, 25, 0, 1
6138, 499958969, 20, 0, 1
11291, 499970260, 25, 0, 1
6173, 499976433, 18, 0, 1
6109, 499982542, 26, 0, 1
6115, 499988657, 29, 0, 1
11316, 499999973, 42, 0, 1
6160, 500006133, 19, 0, 1
5670, 500011803, 32, 0, 1
6151, 500017954, 17, 0, 1
11316, 500029270, 24, 0, 1
6160, 500035430, 19, 0, 1
5651, 500041081, 18, 0, 1
6155, 500047236, 40, 0, 1
11307, 500058543, 32, 0, 1
6143, 500064686, 25, 0, 1
5640, 500070326, 18, 0, 1
6118, 500076444, 27, 0, 1
11304, 500087748, 32, 0, 1
6154, 500093902, 18, 0, 1
5645, 500099547, 26, 0, 1
6140, 500105687, 25, 0, 1
11309, 500116996, 38, 0, 1
6173, 500123169, 15, 0, 1
5648, 500128817, 25, 0, 1
6126, 500134943, 22, 0, 1
11290, 500146233, 43, 0, 1
6148, 500152381, 23, 0, 1
5661, 500158042, 29, 0, 1
6151, 500164193, 17, 0, 1
11297, 500175490, 31, 0, 1
6146, 500181636, 30, 0, 1
5646, 500187282, 15, 0, 1
6140, 500193422, 35, 0, 1
11316, 500204738, 21, 0, 1
6173, 500210911, 18, 0, 1
5634, 500216545, 21, 0, 1
6130, 500222675, 36, 0, 1
11316, 500233991, 18, 0, 1
7528, 500241519, 46, 0, 1
5646, 500247165, 22, 0, 1
6164, 500253329, 16, 0, 1
11302, 500264631, 25, 0, 1
6152, 500270783, 29, 0, 1
5656, 500276439, 25, 0, 1
6134, 500282573, 33, 0, 1
11292, 500293865, 20, 0, 1
6171, 500300036, 21, 0, 1
5658, 500305694, 10, 0, 1
6138, 500311832, 17, 0, 1
11308, 500323140, 27, 0, 1
6160, 500329300, 15, 0, 1
5671, 500334971, 30, 0, 1
6138, 500341109, 17, 0, 1
11302, 500352411, 45, 0, 1
6149, 500358560, 22, 0, 1
5658, 500364218, 14, 0, 1
6119, 500370337, 26, 0, 1
11312, 500381649, 29, 0, 1
6151, 500387800, 32, 0, 1
5658, 500393458, 14, 0, 1
6151, 500399609, 17, 0, 1
11284, 500410893, 38, 0, 1
6154, 500417047, 27, 0, 1
5650, 500422697, 20, 0, 1
6138, 500428835, 18, 0, 1
11301, 500440136, 39, 0, 1
6143, 500446279, 25, 0, 1
5657, 500451936, 25, 0, 1
6125, 500458061, 22, 0, 1
11287, 500469348, 35, 0, 1
6108, 500475456, 29, 0, 1
6116, 500481572, 17, 0, 1
6149, 500487721, 27, 0, 1
11262, 500498983, 43, 0, 1
6160, 500505143, 17, 0, 1
5658, 500510801, 13, 0, 1
6126, 500516927, 24, 0, 1
11291, 500528218, 26, 0, 1
6173, 500534391, 17, 0, 1
5651, 500540042, 20, 0, 1
6131, 500546173, 27, 0, 1
11300, 500557473, 26, 0, 1
6160, 500563633, 25, 0, 1
5645, 500569278, 24, 0, 1
6137, 500575415, 26, 0, 1
11280, 500586695, 40, 0, 1
6152, 500592847, 29, 0, 1
5669, 500598516, 30, 0, 1
6138, 500604654, 17, 0, 1
12692, 500617346, 46, 0, 1
6157, 500623503, 23, 0, 1
5655, 500629158, 29, 0, 1
6143, 500635301, 31, 0, 1
11316, 500646617, 17, 0, 1
6136, 500652753, 23, 0, 1
5658, 500658411, 11, 0, 1
6123, 500664534, 28, 0, 1
11297, 500675831, 27, 0, 1
6147, 500681978, 26, 0, 1
5658, 500687636, 12, 0, 1
6138, 500693774, 16, 0, 1
11316, 500705090, 17, 0, 1
6136, 500711226, 22, 0, 1
5652, 500716878, 19, 0, 1
6134, 500723012, 29, 0, 1
11315, 500734327, 36, 0, 1
6153, 500740480, 24, 0, 1
5658, 500746138, 18, 0, 1
6138, 500752276, 20, 0, 1
11318, 500763594, 31, 0, 1
6178, 500769772, 29, 0, 1
5658, 500775430, 13, 1, 1
6132, 500781562, 32, 0, 1
11303, 500792865, 31, 0, 1
6153, 500799018, 25, 0, 1
5648, 500804666, 27, 0, 1
9464, 500814130, 180, 38, 1
893974, 501708104, 15518, 5262, 9
6733, 501714837, 69, 0, 1
6438, 501721275, 31, 4, 1
6699, 501727974, 34, 2, 1
18698, 501746672, 458, 181, 1
6740, 501753412, 39, 1, 1
6677, 501760089, 34, 0, 1
8257, 501768346, 153, 43, 1
4158220, 4158220, 78700, 3844, 14
12379702, 16537922, 56310, 13950, 20
19295939, 35833861, 17063, 5349, 11
13142635, 48976496, 17282, 4032, 19
19334909, 68311405, 17725, 5371, 11
19495519, 87806924, 18609, 5421, 11
18587846, 106394770, 23131, 7411, 2
18983185, 125377955, 18520, 5254, 11
19054759, 144432714, 17920, 5361, 11
19493582, 163926296, 21217, 5947, 11
19522710, 183449006, 18585, 5415, 11
19502989, 202951995, 18258, 5386, 11
19396769, 222348764, 18208, 5405, 11
19429242, 241778006, 19843, 5410, 11
18132034, 259910040, 24095, 5177, 2
19389059, 279299099, 18570, 5380, 11
18948633, 298247732, 18863, 5300, 11
19547580, 317795312, 19420, 5391, 11
19597730, 337393042, 19191, 5468, 11
19529030, 356922072, 18801, 5420, 11
19452173, 376374245, 19237, 5449, 11
19612667, 395986912, 19375, 5346, 11
19619624, 415606536, 18917, 5356, 11
19538594, 435145130, 18682, 5344, 11
19585496, 454730626, 18944, 5365, 11
19568503, 474299129, 19648, 5431, 11
16777990, 491077119, 31996, 3722, 11
6203560, 497280679, 11744, 853, 6
6147, 497286826, 385, 36, 1
11798, 497298624, 58, 4, 1
5658, 497304282, 17, 1, 1
5658, 497309940, 11, 0, 1
6117, 497316057, 28, 1, 1
11804, 497327861, 42, 0, 1
5658, 497333519, 16, 0, 1
5658, 497339177, 17, 0, 1
6165, 497345342, 30, 0, 1
11773, 497357115, 38, 0, 1
5657, 497362772, 19, 0, 1
5658, 497368430, 17, 0, 1
6179, 497374609, 30, 0, 1
13176, 497387785, 121, 31, 1
5631, 497393416, 30, 2, 1
5652, 497399068, 13, 0, 1
6160, 497405228, 17, 0, 1
11770, 497416998, 46, 0, 1
5658, 497422656, 15, 4, 1
5647, 497428303, 24, 0, 1
6173, 497434476, 19, 0, 1
11777, 497446253, 39, 0, 1
5645, 497451898, 22, 1, 1
5658, 497457556, 15, 0, 1
6146, 497463702, 27, 0, 1
11790, 497475492, 33, 0, 1
5658, 497481150, 11, 1, 1
5650, 497486800, 26, 0, 1
6123, 497492923, 25, 0, 1
11789, 497504712, 38, 1, 1
5658, 497510370, 14, 2, 1
5658, 497516028, 12, 0, 1
6166, 497522194, 21, 0, 1
11787, 497533981, 42, 0, 1
5658, 497539639, 16, 4, 1
5658, 497545297, 9, 0, 1
6160, 497551457, 18, 3, 1
11780, 497563237, 40, 0, 1
5658, 497568895, 10, 0, 1
5656, 497574551, 20, 0, 1
6160, 497580711, 17, 0, 1
11778, 497592489, 32, 3, 1
5631, 497598120, 24, 2, 1
5651, 497603771, 16, 0, 1
6173, 497609944, 15, 0, 1
11786, 497621730, 45, 1, 1
6116, 497627846, 45, 5, 1
5658, 497633504, 9, 0, 1
6126, 497639630, 22, 1, 1
11796, 497651426, 35, 14, 1
6129, 497657555, 23, 2, 1
5651, 497663206, 18, 1, 1
6126, 497669332, 25, 1, 1
11800, 497681132, 43, 6, 1
5658, 497686790, 20, 4, 1
5658, 497692448, 13, 0, 1
6152, 497698600, 27, 0, 1
11809, 497710409, 26, 0, 1
5651, 497716060, 21, 3, 1
5652, 497721712, 13, 0, 1
6160, 497727872, 17, 0, 1
11787, 497739659, 31, 0, 1
5658, 497745317, 12, 1, 1
5656, 497750973, 17, 0, 1
7550, 497758523, 63, 30, 1
11776, 497770299, 33, 0, 1
5637, 497775936, 21, 0, 1
5644, 497781580, 25, 0, 1
6154, 497787734, 29, 1, 1
11805, 497799539, 34, 1, 1
5658, 497805197, 16, 3, 1
5638, 497810835, 23, 0, 1
6160, 497816995, 17, 0, 1
11794, 497828789, 49, 1, 1
6116, 497834905, 21, 0, 1
5634, 497840539, 17, 0, 1
6151, 497846690, 20, 0, 1
12998, 497859688, 76, 4, 1
6599, 497866287, 36, 3, 1
7031, 497873318, 76, 13, 1
6107, 497879425, 21, 0, 1
12674, 497892099, 45, 0, 1
6142, 497898241, 18, 0, 1
5651, 497903892, 24, 0, 1
6138, 497910030, 24, 0, 1
12218, 497922248, 44, 0, 1
6116, 497928364, 18, 0, 1
6092, 497934456, 22, 0, 1
6116, 497940572, 18, 0, 1
12238, 497952810, 44, 0, 1
6104, 497958914, 30, 0, 1
6113, 497965027, 36, 0, 1
6116, 497971143, 17, 0, 1
12207, 497983350, 43, 0, 1
6104, 497989454, 33, 0, 1
6129, 497995583, 20, 0, 1
6079, 498001662, 27, 0, 1
12232, 498013894, 26, 0, 1
6110, 498020004, 23, 0, 1
6110, 498026114, 23, 0, 1
6115, 498032229, 25, 0, 1
12244, 498044473, 39, 0, 1
6104, 498050577, 20, 0, 1
5644, 498056221, 28, 0, 1
6114, 498062335, 21, 0, 1
12232, 498074567, 25, 0, 1
6116, 498080683, 22, 0, 1
5660, 498086343, 28, 0, 1
11799, 498098142, 37, 0, 1
6114, 498104256, 24, 0, 1
5657, 498109913, 20, 0, 1
5652, 498115565, 14, 0, 1
11793, 498127358, 32, 0, 1
6124, 498133482, 27, 0, 1
5652, 498139134, 20, 1, 1
7035, 498146169, 36, 0, 1
11783, 498157952, 39, 0, 1
6126, 498164078, 25, 0, 1
5658, 498169736, 11, 0, 1
5658, 498175394, 20, 0, 1
11821, 498187215, 41, 0, 1
6151, 498193366, 18, 0, 1
5639, 498199005, 20, 0, 1
5658, 498204663, 11, 0, 1
11818, 498216481, 23, 0, 1
6136, 498222617, 34, 0, 1
5638, 498228255, 23, 0, 1
5652, 498233907, 17, 0, 1
11818, 498245725, 36, 0, 1
6125, 498251850, 26, 0, 1
5644, 498257494, 25, 0, 1
5657, 498263151, 20, 0, 1
11818, 498274969, 34, 1, 1
6164, 498281133, 23, 4, 1
5658, 498286791, 12, 0, 1
5658, 498292449, 12, 0, 1
11812, 498304261, 27, 0, 1
6138, 498310399, 15, 0, 1
5652, 498316051, 14, 0, 1
5657, 498321708, 16, 0, 1
11811, 498333519, 46, 0, 1
6126, 498339645, 19, 0, 1
5658, 498345303, 12, 0, 1
5658, 498350961, 14, 0, 1
11804, 498362765, 49, 4, 1
6132, 498368897, 17, 0, 1
5652, 498374549, 23, 0, 1
5658, 498380207, 11, 0, 1
11832, 498392039, 51, 0, 1
6132, 498398171, 16, 0, 1
5652, 498403823, 16, 0, 1
5658, 498409481, 12, 0, 1
11803, 498421284, 36, 0, 1
6139, 498427423, 20, 0, 1
5658, 498433081, 9, 0, 1
5652, 498438733, 14, 0, 1
11805, 498450538, 34, 0, 1
6138, 498456676, 14, 0, 1
5658, 498462334, 11, 0, 1
17203, 498479537, 580, 91, 1
11813, 498491350, 56, 2, 1
6131, 498497481, 37, 0, 1
5634, 498503115, 17, 0, 1
5658, 498508773, 11, 0, 1
11809, 498520582, 42, 0, 1
7528, 498528110, 34, 1, 1
5640, 498533750, 20, 0, 1
5650, 498539400, 28, 0, 1
11818, 498551218, 24, 0, 1
6129, 498557347, 34, 0, 1
5658, 498563005, 14, 0, 1
5658, 498568663, 11, 0, 1
11788, 498580451, 34, 0, 1
6138, 498586589, 19, 0, 1
5657, 498592246, 23, 0, 1
5652, 498597898, 15, 0, 1
11796, 498609694, 55, 0, 1
6138, 498615832, 18, 0, 1
5640, 498621472, 17, 0, 1
5652, 498627124, 17, 0, 1
11831, 498638955, 29, 0, 1
6138, 498645093, 15, 0, 1
5658, 498650751, 11, 0, 1
5658, 498656409, 12, 0, 1
11787, 498668196, 37, 0, 1
6162, 498674358, 25, 0, 1
5658, 498680016, 12, 0, 1
5652, 498685668, 17, 0, 1
11828, 498697496, 48, 0, 1
6138, 498703634, 16, 0, 1
5633, 498709267, 20, 0, 1
5657, 498714924, 22, 0, 1
11831, 498726755, 23, 0, 1
6119, 498732874, 28, 0, 1
5658, 498738532, 13, 0, 1
5656, 498744188, 26, 0, 1
11809, 498755997, 42, 0, 1
6151, 498762148, 18, 0, 1
5649, 498767797, 24, 0, 1
5649, 498773446, 28, 0, 1
11818, 498785264, 25, 0, 1
6137, 498791401, 32, 0, 1
5652, 498797053, 15, 0, 1
5658, 498802711, 11, 0, 1
11805, 498814516, 42, 0, 1
6138, 498820654, 17, 0, 1
5674, 498826328, 31, 0, 1
5658, 498831986, 10, 0, 1
12275, 498844261, 33, 0, 1
6115, 498850376, 35, 0, 1
5662, 498856038, 23, 0, 1
5656, 498861694, 20, 0, 1
11825, 498873519, 28, 0, 1
6137, 498879656, 16, 0, 1
5658, 498885314, 17, 0, 1
5658, 498890972, 15, 0, 1
13183, 498904155, 52, 0, 1
6151, 498910306, 20, 0, 1
5640, 498915946, 15, 0, 1
5651, 498921597, 17, 0, 1
11816, 498933413, 37, 0, 1
6138, 498939551, 16, 0, 1
5658, 498945209, 13, 0, 1
5657, 498950866, 15, 0, 1
11825, 498962691, 38, 0, 1
6138, 498968829, 16, 0, 1
5658, 498974487, 13, 0, 1
5658, 498980145, 16, 0, 1
11817, 498991962, 50, 0, 1
6151, 498998113, 18, 0, 1
5646, 499003759, 19, 0, 1
5649, 499009408, 26, 0, 1
11821, 499021229, 37, 0, 1
6138, 499027367, 18, 0, 1
5657, 499033024, 18, 1, 1
5658, 499038682, 11, 0, 1
11833, 499050515, 53, 0, 1
6138, 499056653, 16, 0, 1
5658, 499062311, 12, 0, 1
5652, 499067963, 14, 0, 1
11811, 499079774, 32, 0, 1
6130, 499085904, 29, 0, 1
5654, 499091558, 22, 0, 1
5646, 499097204, 18, 0, 1
11833, 499109037, 36, 0, 1
6132, 499115169, 21, 0, 1
5646, 499120815, 27, 0, 1
5658, 499126473, 18, 0, 1
11805, 499138278, 49, 1, 1
14769, 499153047, 413, 164, 1
5645, 499158692, 29, 0, 1
5651, 499164343, 18, 0, 1
11808, 499176151, 37, 0, 1
6138, 499182289, 15, 0, 1
5644, 499187933, 25, 0, 1
5658, 499193591, 11, 0, 1
11816, 499205407, 43, 0, 1
6138, 499211545, 18, 0, 1
5646, 499217191, 14, 0, 1
5650, 499222841, 24, 0, 1
11823, 499234664, 27, 0, 1
6151, 499240815, 17, 0, 1
5645, 499246460, 21, 0, 1
5650, 499252110, 25, 0, 1
11807, 499263917, 41, 0, 1
6102, 499270019, 25, 0, 1
5630, 499275649, 21, 0, 1
5646, 499281295, 17, 0, 1
14082, 499295377, 117, 44, 1
6149, 499301526, 29, 0, 1
5636, 499307162, 27, 0, 1
5651, 499312813, 19, 0, 1
11812, 499324625, 27, 0, 1
6120, 499330745, 21, 0, 1
5646, 499336391, 29, 0, 1
5663, 499342054, 32, 0, 1
11824, 499353878, 29, 0, 1
6138, 499360016, 16, 0, 1
5658, 499365674, 21, 0, 1
5658, 499371332, 12, 0, 1
11812, 499383144, 27, 0, 1
6133, 499389277, 21, 0, 1
5649, 499394926, 30, 0, 1
5652, 499400578, 16, 0, 1
11785, 499412363, 40, 0, 1
6120, 499418483, 21, 0, 1
5658, 499424141, 13, 0, 1
5658, 499429799, 12, 0, 1
11845, 499441644, 42, 0, 1
6138, 499447782, 15, 0, 1
5631, 499453413, 26, 0, 1
5658, 499459071, 13, 0, 1
11818, 499470889, 34, 0, 1
6139, 499477028, 24, 0, 1
5658, 499482686, 14, 0, 1
5658, 499488344, 16, 0, 1
11804, 499500148, 47, 0, 1
6138, 499506286, 18, 0, 1
5658, 499511944, 13, 0, 1
5657, 499517601, 18, 0, 1
11844, 499529445, 57, 0, 1
6131, 499535576, 20, 0, 1
5640, 499541216, 27, 0, 1
5652, 499546868, 17, 0, 1
11788, 499558656, 50, 0, 1
6138, 499564794, 17, 0, 1
5658, 499570452, 12, 0, 1
5658, 499576110, 10, 0, 1
11807, 499587917, 49, 0, 1
6097, 499594014, 28, 0, 1
5651, 499599665, 21, 0, 1
5654, 499605319, 25, 0, 1
11816, 499617135, 42, 0, 1
6145, 499623280, 20, 0, 1
5651, 499628931, 16, 0, 1
5658, 499634589, 12, 0, 1
11809, 499646398, 45, 0, 1
6126, 499652524, 21, 0, 1
5658, 499658182, 17, 0, 1
7035, 499665217, 34, 0, 1
904328, 500569545, 15783, 5151, 9
6728, 500576273, 71, 0, 1
6701, 500582974, 43, 3, 1
6664, 500589638, 34, 1, 1
18623, 500608261, 411, 146, 1
6711, 500614972, 36, 1, 1
6393, 500621365, 17, 0, 1
8257, 500629622, 186, 36, 1
1367142, 1367142, 31648, 1693, 4
5891150, 7258292, 85047, 13249, 13
18111295, 25369587, 27521, 6784, 2
18927465, 44297052, 23754, 5952, 2
19092825, 63389877, 19877, 5242, 11
19506939, 82896816, 18995, 5399, 11
18414133, 101310949, 24569, 7454, 2
19154795, 120465744, 19865, 5252, 11
19003884, 139469628, 21116, 5367, 11
19469655, 158939283, 19835, 5454, 11
19515018, 178454301, 21917, 5991, 11
19436039, 197890340, 19727, 5533, 11
19394577, 217284917, 20885, 5533, 11
19429066, 236713983, 20707, 5473, 11
18311300, 255025283, 25226, 5333, 2
19239585, 274264868, 19826, 5408, 11
18924041, 293188909, 20099, 5184, 11
19439578, 312628487, 19676, 5349, 11
19494693, 332123180, 20133, 5468, 11
19523474, 351646654, 19848, 5473, 11
19450218, 371096872, 20212, 5408, 11
19657894, 390754766, 19423, 5425, 11
19594878, 410349644, 19383, 5336, 11
19562560, 429912204, 19473, 5358, 11
19510270, 449422474, 20400, 5362, 11
19569412, 468991886, 19919, 5427, 11
17371242, 486363128, 27616, 4351, 11
9672578, 496035706, 17407, 541, 12
258259, 496293965, 2745, 795, 1
5658, 496299623, 18, 2, 1
6138, 496305761, 22, 0, 1
5652, 496311413, 12, 0, 1
11833, 496323246, 40, 1, 1
5610, 496328856, 19, 0, 1
6132, 496334988, 22, 0, 1
5658, 496340646, 15, 1, 1
11818, 496352464, 27, 0, 1
5658, 496358122, 14, 1, 1
6145, 496364267, 19, 0, 1
5658, 496369925, 14, 1, 1
11818, 496381743, 30, 0, 1
5658, 496387401, 12, 3, 1
6138, 496393539, 20, 1, 1
5658, 496399197, 13, 0, 1
11819, 496411016, 36, 0, 1
5657, 496416673, 15, 0, 1
6132, 496422805, 22, 0, 1
5652, 496428457, 19, 0, 1
11799, 496440256, 37, 0, 1
5658, 496445914, 13, 0, 1
6140, 496452054, 23, 0, 1
5621, 496457675, 18, 0, 1
11812, 496469487, 31, 1, 1
5657, 496475144, 18, 0, 1
6137, 496481281, 25, 0, 1
5652, 496486933, 15, 0, 1
11825, 496498758, 27, 0, 1
5658, 496504416, 12, 0, 1
6138, 496510554, 20, 0, 1
5658, 496516212, 12, 1, 1
11817, 496528029, 29, 2, 1
5658, 496533687, 13, 1, 1
6138, 496539825, 19, 0, 1
5658, 496545483, 13, 1, 1
11831, 496557314, 25, 0, 1
5658, 496562972, 16, 4, 1
7515, 496570487, 92, 47, 1
5658, 496576145, 13, 1, 1
11818, 496587963, 26, 1, 1
5652, 496593615, 14, 0, 1
6151, 496599766, 16, 0, 1
5658, 496605424, 14, 1, 1
11818, 496617242, 28, 2, 1
5658, 496622900, 12, 0, 1
6138, 496629038, 18, 0, 1
6116, 496635154, 26, 1, 1
11807, 496646961, 52, 5, 1
5652, 496652613, 23, 4, 1
6132, 496658745, 24, 0, 1
6112, 496664857, 35, 2, 1
11770, 496676627, 45, 1, 1
5658, 496682285, 15, 0, 1
6151, 496688436, 16, 0, 1
5658, 496694094, 19, 9, 1
11793, 496705887, 30, 0, 1
5658, 496711545, 16, 0, 1
6138, 496717683, 16, 0, 1
5658, 496723341, 13, 0, 1
11825, 496735166, 30, 1, 1
5658, 496740824, 12, 0, 1
6138, 496746962, 15, 0, 1
5652, 496752614, 17, 2, 1
11818, 496764432, 25, 0, 1
5658, 496770090, 13, 0, 1
6138, 496776228, 18, 0, 1
5658, 496781886, 20, 2, 1
11831, 496793717, 22, 0, 1
5658, 496799375, 14, 0, 1
6145, 496805520, 16, 0, 1
5657, 496811177, 27, 10, 1
11817, 496822994, 29, 0, 1
5658, 496828652, 14, 0, 1
6164, 496834816, 24, 0, 1
6114, 496840930, 23, 0, 1
12323, 496853253, 74, 9, 1
6333, 496859586, 30, 8, 1
6664, 496866250, 25, 0, 1
6590, 496872840, 26, 0, 1
12707, 496885547, 31, 0, 1
6119, 496891666, 27, 0, 1
6114, 496897780, 25, 0, 1
12232, 496910012, 40, 0, 1
6097, 496916109, 22, 0, 1
6107, 496922216, 25, 0, 1
6109, 496928325, 26, 0, 1
12201, 496940526, 40, 0, 1
6116, 496946642, 15, 0, 1
7474, 496954116, 55, 16, 1
6110, 496960226, 21, 0, 1
12196, 496972422, 39, 0, 1
6129, 496978551, 22, 0, 1
6116, 496984667, 17, 0, 1
6101, 496990768, 34, 0, 1
12218, 497002986, 33, 0, 1
6109, 497009095, 24, 0, 1
6113, 497015208, 31, 0, 1
6108, 497021316, 24, 0, 1
12225, 497033541, 43, 0, 1
6104, 497039645, 19, 0, 1
6116, 497045761, 17, 0, 1
6102, 497051863, 25, 0, 1
11755, 497063618, 33, 0, 1
6138, 497069756, 18, 0, 1
5651, 497075407, 27, 0, 1
6138, 497081545, 21, 0, 1
11316, 497092861, 21, 0, 1
6160, 497099021, 21, 0, 1
5658, 497104679, 13, 0, 1
6138, 497110817, 17, 0, 1
11316, 497122133, 20, 0, 1
6160, 497128293, 28, 0, 1
5622, 497133915, 20, 0, 1
6132, 497140047, 20, 0, 1
11305, 497151352, 42, 0, 1
6153, 497157505, 24, 0, 1
5657, 497163162, 15, 0, 1
6139, 497169301, 23, 0, 1
11298, 497180599, 27, 0, 1
6160, 497186759, 17, 0, 1
5657, 497192416, 20, 0, 1
6132, 497198548, 20, 0, 1
11313, 497209861, 42, 0, 1
6186, 497216047, 16, 1, 1
5658, 497221705, 16, 0, 1
6132, 497227837, 20, 0, 1
11291, 497239128, 28, 0, 1
6160, 497245288, 17, 0, 1
5658, 497250946, 11, 0, 1
6138, 497257084, 18, 0, 1
11316, 497268400, 21, 0, 1
6173, 497274573, 19, 0, 1
5658, 497280231, 14, 0, 1
6138, 497286369, 18, 0, 1
11316, 497297685, 18, 0, 1
6160, 497303845, 18, 0, 1
5658, 497309503, 13, 0, 1
17692, 497327195, 591, 125, 1
12685, 497339880, 42, 0, 1
6148, 497346028, 23, 0, 1
5639, 497351667, 18, 0, 1
6125, 497357792, 22, 0, 1
11301, 497369093, 35, 0, 1
6173, 497375266, 14, 0, 1
5646, 497380912, 19, 0, 1
6138, 497387050, 17, 0, 1
11260, 497398310, 30, 0, 1
6155, 497404465, 18, 0, 1
5651, 497410116, 21, 0, 1
7030, 497417146, 92, 37, 1
11313, 497428459, 31, 2, 1
6160, 497434619, 15, 0, 1
5658, 497440277, 13, 0, 1
6138, 497446415, 17, 0, 1
11311, 497457726, 34, 0, 1
6154, 497463880, 25, 0, 1
5640, 497469520, 14, 0, 1
6138, 497475658, 17, 0, 1
11316, 497486974, 17, 0, 1
6154, 497493128, 23, 0, 1
5640, 497498768, 19, 0, 1
6138, 497504906, 16, 0, 1
11316, 497516222, 18, 0, 1
6173, 497522395, 16, 0, 1
5646, 497528041, 20, 0, 1
6102, 497534143, 24, 0, 1
11284, 497545427, 34, 0, 1
6158, 497551585, 22, 0, 1
5640, 497557225, 18, 0, 1
6158, 497563383, 19, 0, 1
11779, 497575162, 29, 0, 1
6138, 497581300, 20, 0, 1
5645, 497586945, 24, 0, 1
6119, 497593064, 24, 0, 1
11309, 497604373, 33, 0, 1
14438, 497618811, 341, 47, 1
5649, 497624460, 20, 0, 1
6131, 497630591, 25, 0, 1
11309, 497641900, 23, 0, 1
6147, 497648047, 28, 0, 1
5646, 497653693, 24, 0, 1
6145, 497659838, 19, 0, 1
11308, 497671146, 19, 0, 1
6160, 497677306, 17, 0, 1
5658, 497682964, 12, 0, 1
6132, 497689096, 19, 0, 1
11301, 497700397, 35, 0, 1
6161, 497706558, 26, 0, 1
5658, 497712216, 16, 0, 1
7514, 497719730, 35, 0, 1
11316, 497731046, 13, 0, 1
6160, 497737206, 16, 0, 1
5658, 497742864, 13, 0, 1
6138, 497749002, 16, 0, 1
11310, 497760312, 28, 0, 1
6172, 497766484, 26, 0, 1
5652, 497772136, 16, 0, 1
6132, 497778268, 19, 0, 1
11303, 497789571, 23, 0, 1
6142, 497795713, 24, 0, 1
5658, 497801371, 19, 0, 1
6139, 497807510, 21, 0, 1
11271, 497818781, 32, 0, 1
6159, 497824940, 23, 0, 1
5658, 497830598, 13, 0, 1
6126, 497836724, 23, 0, 1
11298, 497848022, 16, 0, 1
6173, 497854195, 18, 0, 1
5658, 497859853, 12, 0, 1
6138, 497865991, 16, 0, 1
11946, 497877937, 40, 3, 1
6130, 497884067, 22, 0, 1
5657, 497889724, 13, 0, 1
6145, 497895869, 19, 0, 1
11304, 497907173, 19, 0, 1
6160, 497913333, 17, 0, 1
5646, 497918979, 18, 0, 1
6132, 497925111, 17, 0, 1
11314, 497936425, 22, 0, 1
6177, 497942602, 30, 0, 1
5658, 497948260, 12, 0, 1
6132, 497954392, 19, 0, 1
11301, 497965693, 26, 0, 1
6160, 497971853, 18, 0, 1
5640, 497977493, 12, 0, 1
6138, 497983631, 18, 0, 1
11308, 497994939, 26, 0, 1
6166, 498001105, 28, 0, 1
5657, 498006762, 14, 0, 1
6138, 498012900, 18, 0, 1
11305, 498024205, 34, 0, 1
6154, 498030359, 19, 0, 1
5652, 498036011, 14, 0, 1
6120, 498042131, 24, 0, 1
11295, 498053426, 40, 0, 1
6154, 498059580, 24, 0, 1
5658, 498065238, 11, 0, 1
6138, 498071376, 17, 0, 1
11316, 498082692, 17, 0, 1
6173, 498088865, 16, 0, 1
7028, 498095893, 31, 0, 1
6126, 498102019, 22, 0, 1
11232, 498113251, 18, 0, 1
6147, 498119398, 22, 0, 1
5658, 498125056, 16, 0, 1
6145, 498131201, 19, 0, 1
11310, 498142511, 32, 0, 1
6159, 498148670, 19, 0, 1
5658, 498154328, 14, 0, 1
6141, 498160469, 29, 0, 1
11296, 498171765, 35, 0, 1
6173, 498177938, 18, 0, 1
5639, 498183577, 18, 0, 1
6100, 498189677, 24, 0, 1
11291, 498200968, 28, 0, 1
6159, 498207127, 21, 0, 1
5658, 498212785, 14, 0, 1
6138, 498218923, 18, 0, 1
11316, 498230239, 19, 0, 1
6154, 498236393, 27, 0, 1
5652, 498242045, 15, 0, 1
6138, 498248183, 18, 0, 1
11316, 498259499, 17, 0, 1
6160, 498265659, 16, 0, 1
5658, 498271317, 15, 0, 1
6144, 498277461, 23, 0, 1
11284, 498288745, 33, 0, 1
6160, 498294905, 24, 0, 1
5658, 498300563, 13, 0, 1
6145, 498306708, 14, 0, 1
11303, 498318011, 25, 0, 1
6167, 498324178, 20, 0, 1
5652, 498329830, 18, 0, 1
6131, 498335961, 27, 0, 1
11295, 498347256, 25, 0, 1
6159, 498353415, 17, 0, 1
5651, 498359066, 16, 0, 1
6153, 498365219, 29, 0, 1
11309, 498376528, 33, 0, 1
6160, 498382688, 16, 0, 1
5658, 498388346, 13, 0, 1
6138, 498394484, 17, 0, 1
11308, 498405792, 22, 0, 1
6160, 498411952, 27, 0, 1
5658, 498417610, 12, 0, 1
6138, 498423748, 18, 0, 1
11316, 498435064, 20, 0, 1
6147, 498441211, 23, 0, 1
5658, 498446869, 12, 0, 1
6138, 498453007, 17, 0, 1
11316, 498464323, 17, 0, 1
7550, 498471873, 33, 0, 1
5658, 498477531, 13, 0, 1
6138, 498483669, 18, 0, 1
11316, 498494985, 19, 0, 1
6160, 498501145, 17, 0, 1
5658, 498506803, 14, 0, 1
6151, 498512954, 17, 0, 1
11316, 498524270, 18, 0, 1
6160, 498530430, 18, 0, 1
5645, 498536075, 23, 0, 1
6138, 498542213, 17, 0, 1
11316, 498553529, 17, 0, 1
6173, 498559702, 16, 0, 1
5658, 498565360, 11, 0, 1
6138, 498571498, 18, 0, 1
11322, 498582820, 32, 0, 1
6154, 498588974, 25, 0, 1
5652, 498594626, 14, 0, 1
6151, 498600777, 23, 0, 1
11295, 498612072, 30, 0, 1
6154, 498618226, 21, 0, 1
5658, 498623884, 11, 0, 1
6138, 498630022, 16, 0, 1
11316, 498641338, 20, 0, 1
6173, 498647511, 21, 0, 1
5658, 498653169, 13, 0, 1
6138, 498659307, 17, 0, 1
11316, 498670623, 18, 0, 1
6160, 498676783, 16, 0, 1
5658, 498682441, 10, 0, 1
6138, 498688579, 17, 0, 1
11316, 498699895, 21, 0, 1
15153, 498715048, 386, 298, 1
8997, 498724045, 205, 42, 1
901743, 499625788, 14917, 4905, 9
14948, 499640736, 841, 115, 1
6665, 499647401, 35, 0, 1
12557, 499659958, 389, 139, 1
6668, 499666626, 32, 0, 1
13510, 499680136, 50, 0, 1
8262, 499688398, 139, 34, 1
6334, 499694732, 23, 0, 1
6664, 499701396, 21, 0, 1
99301, 99301, 4989, 431, 1
4640995, 4740296, 86546, 5857, 15
14012953, 18753249, 45143, 13621, 20
19067432, 37820681, 17909, 5362, 11
18696671, 56517352, 26482, 5990, 2
19310251, 75827603, 21796, 5344, 11
19371430, 95199033, 21839, 5321, 11
18984594, 114183627, 24400, 6041, 2
18231941, 132415568, 24860, 6697, 2
18965967, 151381535, 22215, 5409, 11
19579832, 170961367, 22511, 5436, 11
19237945, 190199312, 24818, 5946, 2
19270034, 209469346, 22865, 5364, 11
19241927, 228711273, 23104, 5443, 11
19396632, 248107905, 22428, 5400, 11
18160362, 266268267, 26489, 5154, 2
19161927, 285430194, 19189, 5376, 11
18844304, 304274498, 20033, 5245, 11
19578658, 323853156, 19153, 5390, 11
19502745, 343355901, 20219, 5503, 11
19507284, 362863185, 19037, 5367, 11
19642699, 382505884, 19411, 5336, 11
19432640, 401938524, 19471, 5536, 11
19607700, 421546224, 19796, 5494, 11
19520213, 441066437, 19379, 5422, 11
19532198, 460598635, 19385, 5427, 11
19533864, 480132499, 19434, 5413, 11
12699367, 492831866, 29754, 1733, 19
3504153, 496336019, 7728, 851, 5
5658, 496341677, 39, 5, 1
5658, 496347335, 12, 0, 1
11804, 496359139, 39, 0, 1
6997, 496366136, 101, 36, 1
5645, 496371781, 22, 3, 1
5657, 496377438, 31, 0, 1
11816, 496389254, 42, 2, 1
6126, 496395380, 35, 0, 1
5640, 496401020, 20, 1, 1
5658, 496406678, 15, 0, 1
11805, 496418483, 45, 0, 1
6138, 496424621, 15, 0, 1
5653, 496430274, 17, 0, 1
5621, 496435895, 24, 0, 1
11812, 496447707, 36, 2, 1
6109, 496453816, 26, 0, 1
5656, 496459472, 30, 0, 1
5658, 496465130, 12, 0, 1
11810, 496476940, 39, 0, 1
6112, 496483052, 29, 0, 1
5652, 496488704, 18, 2, 1
5658, 496494362, 13, 0, 1
11784, 496506146, 52, 1, 1
6145, 496512291, 21, 0, 1
5640, 496517931, 19, 3, 1
5658, 496523589, 11, 0, 1
11796, 496535385, 45, 0, 1
6119, 496541504, 24, 0, 1
5652, 496547156, 19, 2, 1
5657, 496552813, 19, 0, 1
11818, 496564631, 35, 0, 1
6138, 496570769, 17, 0, 1
5630, 496576399, 23, 1, 1
5662, 496582061, 22, 0, 1
11800, 496593861, 40, 4, 1
6151, 496600012, 28, 0, 1
5658, 496605670, 12, 2, 1
5658, 496611328, 14, 0, 1
11811, 496623139, 37, 0, 1
7515, 496630654, 95, 10, 1
5636, 496636290, 25, 1, 1
5658, 496641948, 17, 0, 1
11844, 496653792, 31, 2, 1
6148, 496659940, 30, 0, 1
5658, 496665598, 11, 1, 1
5658, 496671256, 11, 0, 1
11818, 496683074, 42, 5, 1
6139, 496689213, 30, 0, 1
6115, 496695328, 39, 2, 1
5658, 496700986, 12, 0, 1
12217, 496713203, 40, 0, 1
6116, 496719319, 15, 0, 1
6120, 496725439, 25, 1, 1
5658, 496731097, 11, 0, 1
11823, 496742920, 60, 3, 1
6138, 496749058, 14, 0, 1
5658, 496754716, 10, 0, 1
5646, 496760362, 15, 0, 1
11817, 496772179, 44, 3, 1
6126, 496778305, 15, 0, 1
5658, 496783963, 19, 2, 1
5651, 496789614, 25, 0, 1
11807, 496801421, 30, 1, 1
6138, 496807559, 17, 0, 1
5633, 496813192, 25, 1, 1
5658, 496818850, 9, 0, 1
11792, 496830642, 33, 0, 1
6145, 496836787, 17, 0, 1
5658, 496842445, 12, 1, 1
5643, 496848088, 24, 0, 1
11797, 496859885, 57, 4, 1
6138, 496866023, 21, 3, 1
5658, 496871681, 18, 1, 1
5646, 496877327, 23, 0, 1
11825, 496889152, 34, 0, 1
6132, 496895284, 22, 0, 1
6116, 496901400, 22, 1, 1
6367, 496907767, 72, 3, 1
13253, 496921020, 52, 1, 1
6615, 496927635, 39, 1, 1
6579, 496934214, 23, 0, 1
6115, 496940329, 33, 0, 1
12232, 496952561, 29, 0, 1
6119, 496958680, 46, 0, 1
6128, 496964808, 39, 0, 1
6104, 496970912, 23, 0, 1
23668, 496994580, 593, 135, 1
6116, 497000696, 27, 0, 1
6089, 497006785, 25, 0, 1
6098, 497012883, 20, 0, 1
13596, 497026479, 87, 38, 1
6116, 497032595, 19, 0, 1
6142, 497038737, 18, 0, 1
6086, 497044823, 27, 0, 1
12195, 497057018, 42, 0, 1
6116, 497063134, 14, 0, 1
6105, 497069239, 34, 0, 1
6116, 497075355, 16, 0, 1
12239, 497087594, 33, 0, 1
6108, 497093702, 26, 0, 1
6117, 497099819, 36, 0, 1
6112, 497105931, 31, 1, 1
12213, 497118144, 40, 0, 1
6116, 497124260, 17, 0, 1
6111, 497130371, 23, 0, 1
5658, 497136029, 11, 0, 1
11808, 497147837, 30, 0, 1
6138, 497153975, 15, 0, 1
5666, 497159641, 32, 0, 1
5658, 497165299, 9, 0, 1
11791, 497177090, 41, 0, 1
6133, 497183223, 20, 0, 1
5658, 497188881, 13, 0, 1
5651, 497194532, 19, 0, 1
11815, 497206347, 46, 0, 1
6138, 497212485, 20, 0, 1
5659, 497218144, 31, 0, 1
5639, 497223783, 25, 0, 1
11822, 497235605, 31, 0, 1
6138, 497241743, 14, 0, 1
5650, 497247393, 27, 0, 1
5657, 497253050, 18, 0, 1
11816, 497264866, 37, 0, 1
6145, 497271011, 19, 0, 1
5656, 497276667, 21, 0, 1
5655, 497282322, 29, 0, 1
11824, 497294146, 30, 0, 1
6129, 497300275, 27, 0, 1
5646, 497305921, 22, 0, 1
5658, 497311579, 12, 0, 1
11809, 497323388, 34, 0, 1
6138, 497329526, 32, 0, 1
5665, 497335191, 30, 0, 1
5652, 497340843, 27, 0, 1
11788, 497352631, 29, 0, 1
6137, 497358768, 27, 0, 1
5638, 497364406, 22, 0, 1
5658, 497370064, 21, 0, 1
11830, 497381894, 31, 0, 1
6114, 497388008, 25, 0, 1
5658, 497393666, 13, 0, 1
7014, 497400680, 42, 0, 1
11758, 497412438, 40, 0, 1
6164, 497418602, 18, 0, 1
5666, 497424268, 27, 0, 1
5658, 497429926, 13, 0, 1
11791, 497441717, 34, 0, 1
6138, 497447855, 16, 0, 1
5645, 497453500, 19, 0, 1
5657, 497459157, 13, 0, 1
11813, 497470970, 33, 0, 1
6132, 497477102, 23, 0, 1
5658, 497482760, 19, 0, 1
5652, 497488412, 16, 0, 1
11789, 497500201, 46, 0, 1
6138, 497506339, 20, 0, 1
5658, 497511997, 11, 0, 1
5651, 497517648, 17, 0, 1
11806, 497529454, 39, 0, 1
6137, 497535591, 27, 0, 1
5658, 497541249, 16, 2, 1
5658, 497546907, 10, 0, 1
11818, 497558725, 25, 0, 1
6144, 497564869, 25, 0, 1
5658, 497570527, 12, 0, 1
5679, 497576206, 33, 0, 1
11811, 497588017, 27, 0, 1
6138, 497594155, 15, 0, 1
5658, 497599813, 17, 0, 1
5673, 497605486, 34, 0, 1
11824, 497617310, 34, 0, 1
6130, 497623440, 24, 0, 1
5658, 497629098, 14, 0, 1
5652, 497634750, 15, 0, 1
11804, 497646554, 37, 0, 1
6151, 497652705, 13, 0, 1
5630, 497658335, 22, 0, 1
5661, 497663996, 27, 0, 1
11815, 497675811, 36, 0, 1
6121, 497681932, 27, 0, 1
5650, 497687582, 25, 0, 1
5657, 497693239, 20, 0, 1
11831, 497705070, 31, 0, 1
6114, 497711184, 21, 0, 1
5658, 497716842, 11, 0, 1
5658, 497722500, 12, 0, 1
11785, 497734285, 44, 0, 1
6138, 497740423, 20, 0, 1
5649, 497746072, 23, 0, 1
5658, 497751730, 20, 0, 1
11835, 497763565, 34, 0, 1
6138, 497769703, 17, 0, 1
7028, 497776731, 33, 0, 1
5644, 497782375, 27, 0, 1
11812, 497794187, 35, 0, 1
6128, 497800315, 22, 0, 1
5658, 497805973, 12, 0, 1
5652, 497811625, 14, 0, 1
11818, 497823443, 34, 0, 1
6138, 497829581, 22, 0, 1
5647, 497835228, 28, 0, 1
5660, 497840888, 29, 0, 1
11825, 497852713, 34, 0, 1
6138, 497858851, 18, 0, 1
5657, 497864508, 18, 0, 1
5652, 497870160, 21, 0, 1
11810, 497881970, 23, 0, 1
6145, 497888115, 17, 0, 1
5655, 497893770, 31, 0, 1
5658, 497899428, 13, 0, 1
11816, 497911244, 32, 0, 1
6119, 497917363, 24, 0, 1
6115, 497923478, 20, 0, 1
5654, 497929132, 28, 0, 1
11799, 497940931, 27, 0, 1
6137, 497947068, 22, 0, 1
5646, 497952714, 18, 0, 1
11813, 497964527, 44, 0, 1
5658, 497970185, 12, 0, 1
6138, 497976323, 15, 0, 1
5646, 497981969, 20, 0, 1
11822, 497993791, 37, 0, 1
5654, 497999445, 27, 0, 1
6145, 498005590, 17, 0, 1
5662, 498011252, 24, 0, 1
11818, 498023070, 24, 0, 1
5658, 498028728, 10, 0, 1
6138, 498034866, 22, 0, 1
5654, 498040520, 26, 0, 1
11812, 498052332, 48, 0, 1
5658, 498057990, 12, 0, 1
6125, 498064115, 24, 0, 1
5651, 498069766, 22, 0, 1
11844, 498081610, 50, 1, 1
5644, 498087254, 17, 0, 1
6138, 498093392, 17, 0, 1
5652, 498099044, 15, 0, 1
11827, 498110871, 45, 0, 1
5660, 498116531, 22, 0, 1
6151, 498122682, 18, 0, 1
5658, 498128340, 13, 0, 1
11827, 498140167, 40, 0, 1
5652, 498145819, 16, 0, 1
7504, 498153323, 43, 0, 1
5657, 498158980, 17, 0, 1
11838, 498170818, 30, 0, 1
5658, 498176476, 10, 0, 1
6113, 498182589, 31, 0, 1
5658, 498188247, 12, 0, 1
11818, 498200065, 31, 0, 1
5666, 498205731, 28, 0, 1
6138, 498211869, 18, 0, 1
5658, 498217527, 11, 0, 1
11813, 498229340, 35, 0, 1
5663, 498235003, 21, 0, 1
6132, 498241135, 14, 0, 1
5650, 498246785, 15, 0, 1
11806, 498258591, 34, 0, 1
5658, 498264249, 12, 0, 1
6132, 498270381, 21, 0, 1
5658, 498276039, 13, 0, 1
11809, 498287848, 33, 0, 1
5658, 498293506, 10, 0, 1
6120, 498299626, 19, 0, 1
5658, 498305284, 12, 0, 1
11826, 498317110, 37, 0, 1
5660, 498322770, 25, 0, 1
6138, 498328908, 18, 0, 1
5658, 498334566, 11, 0, 1
11811, 498346377, 31, 0, 1
5658, 498352035, 14, 0, 1
6132, 498358167, 20, 0, 1
5658, 498363825, 12, 0, 1
11815, 498375640, 36, 0, 1
5657, 498381297, 17, 0, 1
6126, 498387423, 20, 0, 1
5638, 498393061, 28, 0, 1
20642, 498413703, 428, 332, 1
5652, 498419355, 38, 0, 1
6125, 498425480, 22, 0, 1
5667, 498431147, 29, 0, 1
11812, 498442959, 29, 0, 1
5652, 498448611, 17, 0, 1
6138, 498454749, 20, 0, 1
5646, 498460395, 20, 1, 1
11827, 498472222, 38, 0, 1
5651, 498477873, 15, 0, 1
6138, 498484011, 17, 0, 1
5658, 498489669, 9, 0, 1
11810, 498501479, 46, 0, 1
5658, 498507137, 9, 0, 1
6151, 498513288, 19, 0, 1
5658, 498518946, 10, 0, 1
11796, 498530742, 38, 0, 1
7035, 498537777, 27, 0, 1
6137, 498543914, 35, 0, 1
5657, 498549571, 19, 0, 1
11843, 498561414, 29, 0, 1
5646, 498567060, 17, 0, 1
6141, 498573201, 28, 0, 1
5663, 498578864, 17, 0, 1
11817, 498590681, 31, 0, 1
5645, 498596326, 23, 0, 1
6135, 498602461, 26, 0, 1
5644, 498608105, 17, 0, 1
11800, 498619905, 39, 0, 1
5658, 498625563, 11, 0, 1
6131, 498631694, 25, 0, 1
5651, 498637345, 20, 0, 1
11831, 498649176, 37, 0, 1
5658, 498654834, 15, 0, 1
6138, 498660972, 14, 0, 1
5658, 498666630, 11, 0, 1
11818, 498678448, 27, 0, 1
5654, 498684102, 26, 0, 1
6130, 498690232, 31, 0, 1
5646, 498695878, 18, 0, 1
11833, 498707711, 34, 0, 1
5644, 498713355, 23, 0, 1
6138, 498719493, 17, 0, 1
5658, 498725151, 9, 0, 1
11799, 498736950, 55, 0, 1
5651, 498742601, 20, 0, 1
6140, 498748741, 24, 0, 1
911752, 499660493, 14872, 5005, 9
15118, 499675611, 805, 118, 1
6701, 499682312, 45, 3, 1
6666, 499688978, 42, 5, 1
11855, 499700833, 378, 159, 1
13163, 499713996, 64, 9, 1
6651, 499720647, 29, 0, 1
8252, 499728899, 170, 27, 1
6334, 499735233, 20, 0, 1
