23, 1, 4334635, 866926.800
20, 4334636, 12159534, 1564979.600
17, 12159535, 28453260, 1629372.500
26, 28453261, 34890948, 1287537.400
10, 34890949, 40456285, 1113067.200
24, 40456286, 54374869, 2783716.600
3, 54374870, 270654423, 2544465.329
1, 270654424, 715121986, 2279320.831
9, 715121987, 725751525, 2125907.600
1, 725751526, 736439797, 2137654.200
9, 736439798, 1282992823, 2062464.245
24, 1282992824, 1291636573, 1728749.800
8, 1291636574, 1565124241, 1272035.660
5, 1565124242, 1570747121, 1124575.800
7, 1570747122, 1601123781, 467333.215
5, 1601123782, 1642434401, 486007.282
2, 1642434402, 1643509057, 214931.000
25, 1643509058, 1655777949, 2453778.200
6, 1655777950, 1655950523, 8628.650
