3833199 3833199 74983 262
13249289 17082488 60368 2457
19477429 36559917 17809 1537
19161449 55721366 21174 1449
19446998 75168364 21771 1724
19614449 94782813 19902 1414
19416153 114198966 19402 1453
18892781 133091747 24976 2250
19148674 152240421 19353 856
19772120 172012541 20475 1170
19238985 191251526 21469 968
19674138 210925664 19542 1516
19606267 230531931 19474 1354
19574407 250106338 20834 1342
18799618 268905956 24310 1065
19450772 288356728 19097 1888
18956545 307313273 19155 1523
19492464 326805737 20188 1571
19817423 346623160 19803 1955
19633608 366256768 19226 1804
19854043 386110811 19480 1348
19702290 405813101 19645 1736
19765982 425579083 18861 1148
19716757 445295840 19464 1355
19708758 465004598 19410 1801
18791725 483796323 27948 1490
10813972 494610295 19683 17
1647723 496258018 4955 15
6116 496264134 39 0
11795 496275929 48 0
5658 496281587 16 0
5658 496287245 9 0
6160 496293405 20 0
11809 496305214 24 0
5658 496310872 10 0
5658 496316530 10 0
6142 496322672 20 0
11778 496334450 38 0
5639 496340089 36 0
5658 496345747 19 0
6149 496351896 19 0
11796 496363692 21 0
5658 496369350 12 0
5652 496375002 15 0
6160 496381162 15 0
11789 496392951 33 0
5639 496398590 19 0
5645 496404235 16 0
6142 496410377 22 0
11790 496422167 27 0
5658 496427825 11 0
7035 496434860 84 0
6199 496441059 23 0
11796 496452855 23 0
5652 496458507 15 0
5657 496464164 22 0
6160 496470324 21 0
11776 496482100 35 0
5652 496487752 17 0
5658 496493410 10 0
6164 496499574 27 0
11795 496511369 30 0
5652 496517021 16 0
5658 496522679 14 0
6160 496528839 17 0
20010 496548849 295 9
5646 496554495 24 0
5658 496560153 12 0
6141 496566294 23 0
11796 496578090 25 0
5658 496583748 14 0
5650 496589398 20 0
6137 496595535 23 0
11781 496607316 38 0
5657 496612973 22 0
5657 496618630 17 0
6136 496624766 23 0
11791 496636557 29 0
5643 496642200 20 0
5657 496647857 16 0
6136 496653993 19 0
11777 496665770 42 0
5649 496671419 26 0
5658 496677077 9 0
7061 496684138 110 1
11796 496695934 22 0
5658 496701592 12 0
5658 496707250 11 0
6136 496713386 19 0
11789 496725175 39 0
5658 496730833 12 0
5658 496736491 11 0
6173 496742664 19 0
11795 496754459 42 0
5658 496760117 12 0
5646 496765763 17 0
6159 496771922 20 0
12306 496784228 73 0
6333 496790561 22 0
5649 496796210 20 0
6686 496802896 24 0
12934 496815830 31 0
7035 496822865 33 0
5658 496828523 12 0
6172 496834695 29 0
12218 496846913 32 0
6109 496853022 21 0
6097 496859119 20 0
6116 496865235 16 0
12244 496877479 33 0
6098 496883577 20 0
6110 496889687 20 0
12225 496901912 37 0
6113 496908025 26 0
6110 496914135 22 0
6103 496920238 30 0
12238 496932476 38 0
6116 496938592 16 0
6102 496944694 24 0
5628 496950322 18 0
11778 496962100 26 0
6138 496968238 17 0
5640 496973878 21 0
5652 496979530 14 0
11788 496991318 37 0
6138 496997456 19 0
5658 497003114 12 0
5658 497008772 10 0
11817 497020589 21 0
6151 497026740 16 0
5645 497032385 18 0
5658 497038043 11 0
11817 497049860 32 0
6138 497055998 18 0
5645 497061643 14 0
5657 497067300 16 0
11823 497079123 39 0
6137 497085260 23 0
5658 497090918 11 0
5652 497096570 12 0
11812 497108382 21 0
6151 497114533 14 0
5658 497120191 10 0
5651 497125842 18 0
11806 497137648 23 0
6114 497143762 21 0
5640 497149402 15 0
5651 497155053 20 0
11788 497166841 36 0
6138 497172979 17 0
5658 497178637 10 0
5658 497184295 11 0
11781 497196076 43 0
7497 497203573 44 0
5658 497209231 11 0
5658 497214889 10 0
11844 497226733 23 0
6120 497232853 20 0
5658 497238511 17 0
5658 497244169 11 0
11810 497255979 30 0
6145 497262124 21 0
5652 497267776 16 0
5657 497273433 21 0
11818 497285251 22 0
6126 497291377 16 0
5651 497297028 20 0
5652 497302680 13 0
11787 497314467 32 0
6137 497320604 22 0
5645 497326249 14 0
5652 497331901 14 0
11806 497343707 29 0
17558 497361265 369 0
5658 497366923 32 0
5652 497372575 19 0
11791 497384366 39 0
6114 497390480 26 0
5658 497396138 11 0
5658 497401796 16 0
11830 497413626 25 0
6138 497419764 19 0
5658 497425422 14 0
5663 497431085 15 0
11815 497442900 36 0
6118 497449018 25 0
5658 497454676 13 0
5658 497460334 9 0
11823 497472157 28 0
6132 497478289 15 0
5658 497483947 11 0
5658 497489605 10 0
11794 497501399 28 0
6137 497507536 25 0
5652 497513188 13 0
5641 497518829 18 0
11804 497530633 28 0
6138 497536771 19 0
5652 497542423 18 0
5652 497548075 14 0
11828 497559903 45 0
6126 497566029 20 0
5646 497571675 14 0
5663 497577338 18 0
13175 497590513 52 0
6164 497596677 19 0
5658 497602335 13 0
5646 497607981 14 0
11794 497619775 34 0
6126 497625901 25 0
5652 497631553 15 0
5651 497637204 21 0
11825 497649029 27 0
6137 497655166 22 0
5646 497660812 18 0
5658 497666470 14 0
11817 497678287 30 0
6138 497684425 16 0
5651 497690076 20 0
5651 497695727 17 0
11807 497707534 33 0
6125 497713659 21 0
6110 497719769 20 0
5658 497725427 15 0
11782 497737209 43 0
6133 497743342 21 0
5640 497748982 17 0
5657 497754639 20 0
11803 497766442 39 0
6132 497772574 24 0
5656 497778230 20 0
5658 497783888 11 0
11777 497795665 35 0
6136 497801801 26 0
5640 497807441 14 0
5652 497813093 19 0
11811 497824904 34 0
6145 497831049 16 0
5650 497836699 21 0
5658 497842357 9 0
11770 497854127 33 0
6119 497860246 23 0
5652 497865898 13 0
5652 497871550 18 0
11808 497883358 37 0
6132 497889490 21 0
5645 497895135 17 0
5658 497900793 11 0
11798 497912591 30 0
6132 497918723 25 0
5658 497924381 11 0
5658 497930039 13 0
11825 497941864 22 0
6138 497948002 14 0
5658 497953660 13 0
7029 497960689 30 0
11782 497972471 39 0
6140 497978611 24 0
5634 497984245 17 0
5663 497989908 24 0
11798 498001706 32 0
6132 498007838 19 0
5658 498013496 13 0
5658 498019154 12 0
11824 498030978 33 0
6132 498037110 22 0
5639 498042749 17 0
5658 498048407 23 0
11804 498060211 32 0
6151 498066362 17 0
5639 498072001 18 0
5658 498077659 10 0
11801 498089460 34 0
6138 498095598 16 0
5643 498101241 21 0
5651 498106892 18 0
11831 498118723 24 0
6138 498124861 18 0
5658 498130519 14 0
5646 498136165 19 0
11795 498147960 37 0
6119 498154079 20 0
5628 498159707 17 0
5657 498165364 17 0
11807 498177171 31 0
6120 498183291 19 0
5652 498188943 15 0
5651 498194594 15 0
11775 498206369 34 0
6150 498212519 27 0
5646 498218165 15 0
5651 498223816 19 0
11799 498235615 27 0
6137 498241752 22 0
5658 498247410 12 0
5652 498253062 15 0
11819 498264881 39 0
6114 498270995 21 0
5634 498276629 16 0
5657 498282286 15 0
11798 498294084 43 0
6151 498300235 16 0
5640 498305875 19 0
5658 498311533 18 0
11802 498323335 38 0
6119 498329454 26 0
7029 498336483 28 0
5645 498342128 17 0
11829 498353957 36 0
6139 498360096 18 0
5658 498365754 10 0
5658 498371412 10 0
11817 498383229 23 0
6132 498389361 20 0
5651 498395012 15 0
5658 498400670 10 0
11817 498412487 34 0
6138 498418625 19 0
5658 498424283 12 0
5652 498429935 16 0
11804 498441739 42 0
6139 498447878 22 0
5658 498453536 23 0
5657 498459193 14 0
11797 498470990 37 0
6132 498477122 19 0
5658 498482780 13 0
5651 498488431 15 0
11799 498500230 35 0
6119 498506349 22 0
5658 498512007 12 0
5658 498517665 11 0
11792 498529457 36 0
534906 499064363 9155 232
369379 499433742 6066 71
6700 499440442 42 0
13803 499454245 65 0
11811 499466056 335 7
7006 499473062 45 0
7100 499480162 49 0
12500 499492662 59 0
8457 499501119 129 5
2337011 2337011 50499 142
9930867 12267878 77963 2067
19011168 31279046 19152 1500
19198846 50477892 23907 1928
19147019 69624911 17303 1768
19664120 89289031 17923 969
19516937 108805968 17752 1497
18494858 127300826 24820 2351
19109200 146410026 18053 1335
19829382 166239408 18318 1165
19636700 185876108 20136 608
19516679 205392787 19222 1685
19610887 225003674 18561 1710
19546885 244550559 18457 994
18320496 262871055 24446 1308
19500752 282371807 19369 1482
19170268 301542075 18596 1485
19698100 321240175 18403 1974
19799312 341039487 18901 1667
19724618 360764105 19263 1691
19782896 380547001 18579 1698
19746972 400293973 18523 1112
19790945 420084918 18395 1562
19688329 439773247 19391 1341
19704621 459477868 18462 1639
19736976 479214844 18656 1630
13236239 492451083 29167 486
3882087 496333170 8579 16
5658 496338828 21 0
5650 496344478 25 0
6160 496350638 16 0
11778 496362416 37 0
5658 496368074 8 0
5658 496373732 7 0
6155 496379887 14 0
11784 496391671 34 0
5658 496397329 9 0
5658 496402987 9 0
6166 496409153 25 0
11762 496420915 39 0
5658 496426573 9 0
5655 496432228 23 0
6154 496438382 18 0
11809 496450191 20 0
5632 496455823 20 0
5658 496461481 16 0
6160 496467641 17 0
11780 496479421 38 0
5658 496485079 8 0
5667 496490746 27 0
6173 496496919 16 0
11789 496508708 32 0
5652 496514360 12 0
5658 496520018 10 0
6148 496526166 19 0
11765 496537931 36 0
5646 496543577 13 0
5650 496549227 23 0
6173 496555400 15 0
11770 496567170 40 0
5616 496572786 20 0
5658 496578444 7 0
6142 496584586 19 0
11801 496596387 30 0
5658 496602045 7 0
5652 496607697 19 0
6153 496613850 18 0
11770 496625620 28 0
5632 496631252 21 0
5655 496636907 29 0
6142 496643049 28 0
13148 496656197 134 0
5640 496661837 19 0
5657 496667494 13 0
6146 496673640 25 0
11795 496685435 42 0
5645 496691080 16 0
5645 496696725 19 0
6158 496702883 23 0
11788 496714671 41 0
5658 496720329 10 0
5651 496725980 19 0
6149 496732129 20 0
11786 496743915 35 0
5633 496749548 19 0
5647 496755195 26 0
6160 496761355 17 0
11792 496773147 49 0
5658 496778805 8 0
5652 496784457 13 0
6176 496790633 25 0
11777 496802410 45 0
5640 496808050 14 0
5658 496813708 10 0
6160 496819868 15 0
11809 496831677 26 0
5652 496837329 15 0
5635 496842964 24 0
6664 496849628 59 1
12986 496862614 66 0
6373 496868987 19 0
6333 496875320 16 0
6621 496881941 30 0
11783 496893724 34 0
6116 496899840 16 0
5639 496905479 19 0
6113 496911592 20 0
12225 496923817 42 0
6098 496929915 20 0
6095 496936010 26 0
6104 496942114 25 0
12206 496954320 40 0
6091 496960411 22 0
6110 496966521 19 0
6110 496972631 26 0
12225 496984856 48 0
6074 496990930 24 0
6091 496997021 28 0
6116 497003137 18 0
11786 497014923 36 0
6110 497021033 26 0
5634 497026667 19 0
7513 497034180 51 0
11783 497045963 35 0
5640 497051603 15 0
5658 497057261 10 0
6153 497063414 23 0
11821 497075235 40 0
5652 497080887 17 0
5658 497086545 10 0
6142 497092687 23 0
11783 497104470 25 0
5658 497110128 10 0
5615 497115743 19 0
11785 497127528 41 0
6096 497133624 26 0
5632 497139256 21 0
5658 497144914 25 0
11776 497156690 36 0
6167 497162857 34 0
5633 497168490 22 0
5658 497174148 12 0
11758 497185906 35 0
6138 497192044 15 0
5658 497197702 9 0
5648 497203350 24 0
11788 497215138 30 0
6138 497221276 16 0
5656 497226932 17 0
5658 497232590 9 0
11805 497244395 27 0
6138 497250533 13 0
5649 497256182 26 0
5615 497261797 18 0
11831 497273628 26 0
6096 497279724 21 0
5622 497285346 16 0
5652 497290998 14 0
11821 497302819 41 0
6138 497308957 23 0
5633 497314590 20 0
5652 497320242 13 0
11792 497332034 48 0
6132 497338166 19 0
5620 497343786 18 0
5658 497349444 11 0
11811 497361255 33 0
6113 497367368 24 0
5646 497373014 21 0
5658 497378672 8 0
11812 497390484 36 0
6138 497396622 19 0
5658 497402280 11 0
7035 497409315 22 0
11782 497421097 44 0
6138 497427235 15 0
5645 497432880 15 0
5658 497438538 8 0
11793 497450331 30 0
6142 497456473 28 0
5637 497462110 22 0
5650 497467760 16 0
11805 497479565 34 0
6138 497485703 16 0
5610 497491313 20 0
5658 497496971 13 0
11819 497508790 24 0
6138 497514928 20 0
5648 497520576 24 0
5657 497526233 19 0
11799 497538032 38 0
6164 497544196 16 0
5652 497549848 11 0
5639 497555487 19 0
11781 497567268 35 0
6138 497573406 16 0
5616 497579022 17 0
16923 497595945 421 1
11819 497607764 38 0
6114 497613878 21 0
5610 497619488 19 0
5652 497625140 14 0
11770 497636910 32 0
6142 497643052 28 0
5640 497648692 15 0
5658 497654350 15 0
11784 497666134 32 0
6126 497672260 25 0
5639 497677899 14 0
5657 497683556 18 0
11823 497695379 36 0
6138 497701517 15 0
5647 497707164 24 0
5651 497712815 20 0
11806 497724621 23 0
6138 497730759 14 0
5651 497736410 21 0
5652 497742062 12 0
11789 497753851 37 0
6138 497759989 16 0
6091 497766080 25 0
5649 497771729 26 0
11795 497783524 29 0
7528 497791052 31 0
5655 497796707 26 0
5652 497802359 12 0
11754 497814113 38 0
6138 497820251 20 0
5625 497825876 19 0
5657 497831533 18 0
11818 497843351 35 0
6145 497849496 15 0
5658 497855154 12 0
5658 497860812 17 0
11796 497872608 51 0
6139 497878747 23 0
5658 497884405 12 0
5658 497890063 25 0
11801 497901864 42 0
6138 497908002 14 0
5628 497913630 13 0
5658 497919288 9 0
11838 497931126 36 0
6106 497937232 26 0
5651 497942883 24 0
5655 497948538 25 0
11813 497960351 34 0
6138 497966489 14 0
5616 497972105 18 0
5658 497977763 11 0
11806 497989569 28 0
6138 497995707 22 0
5639 498001346 15 0
5652 498006998 13 0
11804 498018802 34 0
6125 498024927 29 0
5638 498030565 22 0
5638 498036203 22 0
11793 498047996 27 0
6129 498054125 27 0
5656 498059781 28 0
5658 498065439 12 0
11780 498077219 35 0
6138 498083357 15 0
5628 498088985 13 0
5655 498094640 27 0
11815 498106455 36 0
6151 498112606 15 0
5646 498118252 18 0
5645 498123897 15 0
11817 498135714 35 0
6132 498141846 18 0
5625 498147471 23 0
5659 498153130 24 0
13179 498166309 61 0
6132 498172441 19 0
5651 498178092 13 0
5658 498183750 10 0
11779 498195529 45 0
6138 498201667 15 0
5652 498207319 15 0
5652 498212971 13 0
11794 498224765 35 0
6138 498230903 16 0
5639 498236542 22 0
5658 498242200 9 0
11830 498254030 41 0
14772 498268802 257 14
5658 498274460 33 0
5632 498280092 22 0
11817 498291909 37 0
6138 498298047 13 0
5632 498303679 20 0
5658 498309337 10 0
11814 498321151 35 0
6129 498327280 28 0
5628 498332908 17 0
5658 498338566 10 0
11803 498350369 40 0
6144 498356513 27 0
5652 498362165 22 0
5652 498367817 12 0
11792 498379609 35 0
6107 498385716 26 0
5632 498391348 21 0
5644 498396992 17 0
11819 498408811 35 0
6131 498414942 23 0
5652 498420594 15 0
5661 498426255 32 0
11805 498438060 44 0
6132 498444192 24 0
5649 498449841 26 0
5658 498455499 16 0
11812 498467311 31 0
6138 498473449 16 0
5620 498479069 20 0
5658 498484727 10 0
11791 498496518 31 0
6131 498502649 26 0
5658 498508307 15 0
5652 498513959 20 0
12537 498526496 68 0
6674 498533170 33 0
6357 498539527 29 0
6314 498545841 28 0
13665 498559506 41 0
6138 498565644 19 0
5645 498571289 18 0
5661 498576950 18 0
11810 498588760 38 0
903578 499492338 14634 308
8404 499500742 765 0
6433 499507175 40 0
18653 499525828 406 5
6661 499532489 44 0
6716 499539205 35 0
6387 499545592 17 0
14882 499560474 136 3
6440 499566914 35 0
2578158 2578158 55386 120
10710340 13288498 73108 2179
19370216 32658714 18964 1456
19279453 51938167 23484 1922
19316248 71254415 18178 1779
19740109 90994524 17805 1199
19721672 110716196 18090 1492
18488996 129205192 25027 1938
19383532 148588724 18399 1185
19982253 168570977 18242 1192
19863395 188434372 19767 660
19610624 208044996 20076 1613
19820277 227865273 18934 1741
19675192 247540465 19010 1190
18445886 265986351 24216 1089
19401874 285388225 19847 1733
19458887 304847112 19402 1372
19835815 324682927 19434 1920
19905883 344588810 19614 2018
19789419 364378229 19617 1594
19970021 384348250 18958 1461
19834302 404182552 18681 1584
19942009 424124561 18902 1130
19875594 444000155 19664 1457
19859451 463859606 19088 1924
19559014 483418620 21602 1706
10718567 494137187 25665 27
2124902 496262089 6062 19
5658 496267747 15 0
5657 496273404 16 0
6160 496279564 18 0
11803 496291367 35 0
5658 496297025 10 0
5652 496302677 12 0
6144 496308821 28 0
11797 496320618 41 0
5658 496326276 10 0
5661 496331937 26 0
6125 496338062 21 0
11796 496349858 21 0
5652 496355510 15 0
5639 496361149 13 0
6153 496367302 21 0
13186 496380488 102 0
5658 496386146 11 0
5652 496391798 14 0
6130 496397928 18 0
11799 496409727 30 0
5633 496415360 25 0
5658 496421018 11 0
6137 496427155 20 0
11788 496438943 32 0
5658 496444601 10 0
5640 496450241 11 0
6118 496456359 24 0
11792 496468151 35 0
5640 496473791 19 0
5658 496479449 11 0
11791 496491240 49 0
6125 496497365 25 0
5644 496503009 25 0
5658 496508667 11 0
11812 496520479 30 0
6139 496526618 23 0
5628 496532246 15 0
5658 496537904 11 0
11785 496549689 47 0
6138 496555827 13 0
5652 496561479 10 0
5658 496567137 9 0
11769 496578906 39 0
6136 496585042 26 0
5658 496590700 16 0
5649 496596349 22 0
11792 496608141 32 0
6164 496614305 18 0
5638 496619943 22 0
5650 496625593 24 0
11773 496637366 48 0
6126 496643492 23 0
5631 496649123 23 0
5648 496654771 27 0
11796 496666567 38 0
6130 496672697 23 0
5639 496678336 21 0
5652 496683988 14 0
11787 496695775 45 0
6138 496701913 16 0
5651 496707564 18 0
5644 496713208 29 0
11824 496725032 31 0
6101 496731133 23 0
5652 496736785 13 0
5651 496742436 19 0
13188 496755624 48 0
6121 496761745 25 0
5658 496767403 13 0
5652 496773055 14 0
13006 496786061 89 0
6664 496792725 19 0
6307 496799032 29 0
5649 496804681 11 0
12275 496816956 44 0
6102 496823058 18 0
6116 496829174 20 0
5652 496834826 22 0
12217 496847043 34 0
6129 496853172 18 0
6119 496859291 33 0
6098 496865389 22 0
12166 496877555 38 0
6116 496883671 16 0
6097 496889768 26 0
6101 496895869 33 0
12245 496908114 29 0
6102 496914216 35 0
6114 496920330 31 0
5658 496925988 13 0
12224 496938212 33 0
6098 496944310 28 0
6097 496950407 27 0
5658 496956065 15 0
11748 496967813 32 0
6138 496973951 16 0
5641 496979592 24 0
5658 496985250 11 0
11799 496997049 27 0
6175 497003224 20 0
5622 497008846 21 0
5671 497014517 25 0
11757 497026274 36 0
6138 497032412 16 0
5616 497038028 18 0
5652 497043680 21 0
11832 497055512 36 0
6138 497061650 17 0
5656 497067306 28 0
5637 497072943 26 0
11805 497084748 28 0
6151 497090899 17 0
5648 497096547 25 0
5658 497102205 10 0
11787 497113992 28 0
6126 497120118 18 0
5643 497125761 23 0
5658 497131419 12 0
13185 497144604 57 0
6113 497150717 25 0
5657 497156374 27 0
5651 497162025 15 0
11771 497173796 46 0
6100 497179896 28 0
5658 497185554 13 0
5658 497191212 12 0
11820 497203032 50 0
6145 497209177 20 0
5656 497214833 25 0
5658 497220491 7 0
11788 497232279 30 0
6151 497238430 14 0
5627 497244057 19 0
5658 497249715 11 0
11793 497261508 29 0
6138 497267646 15 0
5622 497273268 20 0
5651 497278919 17 0
11828 497290747 33 0
6138 497296885 14 0
5634 497302519 19 0
5651 497308170 19 0
11781 497319951 33 0
6151 497326102 16 0
5648 497331750 22 0
5652 497337402 21 0
11774 497349176 35 0
6138 497355314 14 0
5643 497360957 30 0
5658 497366615 13 0
11845 497378460 46 0
6138 497384598 17 0
5632 497390230 24 0
5657 497395887 22 0
11805 497407692 36 0
6138 497413830 14 0
5665 497419495 26 0
5658 497425153 7 0
11786 497436939 40 0
6126 497443065 20 0
5622 497448687 17 0
5645 497454332 18 0
11809 497466141 38 0
6151 497472292 14 0
5622 497477914 14 0
5647 497483561 25 0
11817 497495378 27 0
6138 497501516 15 0
5644 497507160 22 0
7021 497514181 34 0
11807 497525988 36 0
6138 497532126 15 0
5621 497537747 23 0
5657 497543404 26 0
11812 497555216 36 0
6151 497561367 17 0
5640 497567007 13 0
5653 497572660 26 0
11799 497584459 26 0
6138 497590597 16 0
5622 497596219 18 0
5658 497601877 10 0
20817 497622694 370 0
6138 497628832 29 0
5616 497634448 19 0
5658 497640106 11 0
11803 497651909 45 0
6107 497658016 27 0
5658 497663674 8 0
5652 497669326 20 0
11800 497681126 45 0
6138 497687264 15 0
6091 497693355 29 0
5658 497699013 12 0
11784 497710797 25 0
6151 497716948 15 0
5627 497722575 18 0
5657 497728232 21 0
11800 497740032 30 0
6145 497746177 18 0
5626 497751803 22 0
5652 497757455 13 0
11813 497769268 32 0
6138 497775406 15 0
5658 497781064 15 0
5658 497786722 14 0
11797 497798519 32 0
6151 497804670 16 0
5647 497810317 27 0
5658 497815975 10 0
11800 497827775 30 0
6120 497833895 15 0
5646 497839541 15 0
5652 497845193 10 0
11794 497856987 34 0
6138 497863125 16 0
5662 497868787 28 0
5653 497874440 30 0
11773 497886213 35 0
6138 497892351 16 0
7015 497899366 39 0
5651 497905017 21 0
11806 497916823 40 0
6138 497922961 18 0
5643 497928604 20 0
5616 497934220 21 0
11792 497946012 33 0
6140 497952152 21 0
5640 497957792 20 0
5657 497963449 20 0
11799 497975248 31 0
6138 497981386 14 0
5645 497987031 15 0
5574 497992605 12 0
11802 498004407 45 0
6138 498010545 16 0
5610 498016155 17 0
5646 498021801 16 0
11793 498033594 32 0
6129 498039723 30 0
5658 498045381 10 0
5658 498051039 9 0
11782 498062821 40 0
6132 498068953 18 0
5615 498074568 18 0
5636 498080204 24 0
11809 498092013 34 0
6138 498098151 14 0
5652 498103803 16 0
5645 498109448 20 0
11845 498121293 42 0
6138 498127431 15 0
5633 498133064 22 0
5637 498138701 23 0
11811 498150512 39 0
6120 498156632 27 0
5626 498162258 21 0
5657 498167915 17 0
11793 498179708 32 0
6139 498185847 23 0
5650 498191497 19 0
5657 498197154 12 0
11821 498208975 47 0
6132 498215107 16 0
5646 498220753 14 0
5658 498226411 11 0
11795 498238206 37 0
6138 498244344 17 0
5610 498249954 19 0
5652 498255606 11 0
11797 498267403 31 0
7502 498274905 42 0
5664 498280569 29 0
5640 498286209 16 0
11776 498297985 33 0
6090 498304075 26 0
5649 498309724 20 0
5646 498315370 16 0
11817 498327187 37 0
6138 498333325 18 0
5645 498338970 25 0
5658 498344628 13 0
11818 498356446 19 0
6120 498362566 21 0
5645 498368211 22 0
5652 498373863 21 0
11831 498385694 23 0
6114 498391808 22 0
5622 498397430 19 0
5651 498403081 19 0
11809 498414890 37 0
6151 498421041 17 0
5639 498426680 18 0
5652 498432332 15 0
11813 498444145 37 0
6125 498450270 26 0
5645 498455915 17 0
5646 498461561 19 0
11813 498473374 33 0
6138 498479512 18 0
5625 498485137 22 0
11780 498496917 37 0
906264 499403181 15285 366
6732 499409913 61 0
6421 499416334 35 0
18438 499434772 393 3
6387 499441159 35 0
6740 499447899 28 0
6656 499454555 24 0
14624 499469179 162 0
3661202 3661202 70341 171
12156522 15817724 63636 2259
19545028 35362752 18196 1565
19093080 54455832 21456 1700
19416482 73872314 21313 1653
19628037 93500351 19052 1394
19488905 112989256 19489 1514
19731916 132721172 18820 1301
18747079 151468251 24588 1680
19623019 171091270 19812 1316
19266491 190357761 18957 731
19722891 210080652 19111 1706
19589866 229670518 21733 1530
19610907 249281425 20021 1377
18974522 268255947 24247 1056
19485804 287741751 19114 1710
18919521 306661272 20363 1430
19452089 326113361 20462 1776
19547530 345660891 20203 2009
19639270 365300161 19136 1589
19806961 385107122 19286 1452
19669919 404777041 19479 1687
19767117 424544158 19073 1065
19683667 444227825 19648 1454
19667534 463895359 20091 1945
19581848 483477207 20647 1711
10823906 494301113 27197 22
2152438 496453551 5606 10
6700 496460251 33 0
13159 496473410 45 0
6577 496479987 45 0
6426 496486413 28 0
6712 496493125 28 0
13153 496506278 30 0
6422 496512700 42 4
6399 496519099 24 0
6762 496525861 26 0
13153 496539014 30 0
6431 496545445 13 0
6431 496551876 15 0
6720 496558596 23 0
13127 496571723 40 0
6423 496578146 27 0
6431 496584577 10 0
6757 496591334 19 0
13120 496604454 47 0
6554 496611008 34 0
6424 496617432 25 0
6730 496624162 27 0
13153 496637315 64 0
6413 496643728 23 0
6431 496650159 15 0
6720 496656879 25 0
14497 496671376 123 0
6431 496677807 13 0
6418 496684225 23 0
6757 496690982 19 0
13103 496704085 43 0
6431 496710516 15 0
6431 496716947 13 0
6702 496723649 23 0
13154 496736803 30 0
6416 496743219 29 0
6425 496749644 19 0
6744 496756388 19 0
13149 496769537 57 0
6431 496775968 16 0
6431 496782399 21 0
6743 496789142 32 0
13139 496802281 33 0
6413 496808694 19 0
6431 496815125 17 0
6744 496821869 24 0
13133 496835002 37 0
6419 496841421 23 0
6421 496847842 36 0
6744 496854586 28 0
13291 496867877 54 0
6418 496874295 20 0
6431 496880726 16 0
6718 496887444 28 0
13130 496900574 37 0
6422 496906996 20 0
6431 496913427 16 0
6696 496920123 23 0
13121 496933244 33 0
6418 496939662 22 0
6425 496946087 18 0
6733 496952820 23 0
13147 496965967 29 0
6413 496972380 18 0
6422 496978802 26 0
6744 496985546 18 0
13146 496998692 46 0
6431 497005123 16 0
6599 497011722 32 0
6744 497018466 18 0
13275 497031741 63 0
6525 497038266 32 0
6394 497044660 27 0
6910 497051570 23 0
15334 497066904 226 0
6431 497073335 23 0
6431 497079766 16 0
6725 497086491 33 0
14770 497101261 53 0
6707 497107968 22 0
6657 497114625 58 1
13399 497128024 35 0
6694 497134718 28 0
6700 497141418 21 0
6685 497148103 28 0
13382 497161485 39 0
6681 497168166 22 0
6698 497174864 28 0
6700 497181564 19 0
13113 497194677 35 0
6701 497201378 31 0
6697 497208075 26 0
6431 497214506 16 0
13154 497227660 30 0
6716 497234376 20 0
6406 497240782 24 0
6418 497247200 27 0
13166 497260366 36 0
6735 497267101 18 0
6405 497273506 25 0
6430 497279936 22 0
13145 497293081 29 0
6710 497299791 20 0
6608 497306399 30 0
6427 497312826 31 0
13175 497326001 56 0
6722 497332723 18 0
6430 497339153 19 0
6425 497345578 17 0
13132 497358710 33 0
6704 497365414 22 0
6418 497371832 20 0
6425 497378257 24 0
13178 497391435 43 0
6710 497398145 29 0
6414 497404559 18 0
6433 497410992 32 0
13145 497424137 38 0
6735 497430872 19 0
6419 497437291 29 0
6447 497443738 35 0
13174 497456912 32 0
6722 497463634 21 0
6419 497470053 17 0
6421 497476474 27 0
13188 497489662 46 0
6722 497496384 19 0
6425 497502809 16 0
6416 497509225 27 0
14534 497523759 66 0
6735 497530494 16 0
6431 497536925 12 0
6427 497543352 34 0
13143 497556495 38 0
6736 497563231 39 0
6430 497569661 23 0
6431 497576092 16 0
13156 497589248 43 0
6718 497595966 32 0
6435 497602401 27 0
6425 497608826 16 0
13155 497621981 35 0
6689 497628670 26 0
6418 497635088 24 0
6430 497641518 19 0
13140 497654658 33 0
6704 497661362 25 0
6412 497667774 20 0
6424 497674198 24 0
13175 497687373 33 0
6727 497694100 28 0
6431 497700531 15 0
6431 497706962 14 0
13157 497720119 40 0
6706 497726825 28 0
6424 497733249 21 0
6436 497739685 26 0
13163 497752848 38 0
6722 497759570 17 0
6419 497765989 20 0
6425 497772414 23 0
13168 497785582 41 0
6717 497792299 19 0
6427 497798726 28 0
6394 497805120 24 0
13136 497818256 39 0
6722 497824978 19 0
6422 497831400 27 0
6431 497837831 18 0
13156 497850987 48 0
6722 497857709 15 0
6395 497864104 22 0
6416 497870520 29 0
13148 497883668 37 0
6722 497890390 16 0
6405 497896795 25 0
6425 497903220 16 0
13176 497916396 36 0
6709 497923105 23 0
6394 497929499 19 0
7824 497937323 42 0
13169 497950492 31 0
6739 497957231 30 0
6395 497963626 17 0
6419 497970045 16 0
13160 497983205 37 0
6702 497989907 28 0
6401 497996308 27 0
6431 498002739 17 0
13170 498015909 30 0
6722 498022631 19 0
6552 498029183 24 0
6430 498035613 21 0
13167 498048780 49 0
15847 498064627 352 0
6369 498070996 58 0
6419 498077415 25 0
13161 498090576 42 0
6697 498097273 24 0
6425 498103698 18 0
6404 498110102 27 0
13180 498123282 46 0
6722 498130004 19 0
6412 498136416 18 0
6424 498142840 24 0
13161 498156001 33 0
6722 498162723 34 0
6431 498169154 16 0
6424 498175578 23 0
13188 498188766 26 0
6897 498195663 31 0
6419 498202082 18 0
6417 498208499 28 0
13172 498221671 42 0
6704 498228375 28 0
6425 498234800 22 0
6431 498241231 15 0
13153 498254384 46 0
6709 498261093 25 0
6422 498267515 19 0
6419 498273934 23 0
13174 498287108 38 0
6722 498293830 18 0
6395 498300225 25 0
6424 498306649 23 0
13175 498319824 35 0
6748 498326572 20 0
6693 498333265 20 0
6419 498339684 22 0
13138 498352822 38 0
6721 498359543 24 0
7778 498367321 37 0
6431 498373752 16 0
13167 498386919 42 0
6710 498393629 26 0
6407 498400036 19 0
6430 498406466 23 0
13154 498419620 40 0
6697 498426317 26 0
6431 498432748 12 0
6431 498439179 14 0
13188 498452367 56 0
6722 498459089 16 0
6413 498465502 20 0
6431 498471933 13 0
13166 498485099 43 0
6722 498491821 30 0
6430 498498251 31 0
6431 498504682 15 0
13161 498517843 41 0
6714 498524557 28 0
6431 498530988 11 0
6431 498537419 16 0
13164 498550583 53 0
6722 498557305 16 0
6419 498563724 16 0
6431 498570155 14 0
13132 498583287 35 0
6705 498589992 22 0
6412 498596404 17 0
6418 498602822 23 0
13174 498615996 36 0
6722 498622718 18 0
6418 498629136 22 0
6433 498635569 35 0
13187 498648756 34 0
6703 498655459 33 0
6424 498661883 23 0
6424 498668307 28 0
13174 498681481 36 0
6718 498688199 30 0
6418 498694617 20 0
6430 498701047 21 0
13167 498714214 39 0
6680 498720894 27 0
6403 498727297 29 0
6431 498733728 15 0
13147 498746875 36 0
6748 498753623 18 0
6395 498760018 21 0
6399 498766417 23 0
13163 498779580 31 0
8087 498787667 32 0
6423 498794090 21 0
6425 498800515 17 0
13157 498813672 32 0
6713 498820385 23 0
6431 498826816 11 0
6425 498833241 18 0
13156 498846397 36 0
6711 498853108 23 0
6418 498859526 22 0
6431 498865957 15 0
13300 498879257 43 0
6722 498885979 19 0
6415 498892394 28 0
6431 498898825 13 0
13179 498912004 42 0
6722 498918726 17 0
6441 498925167 32 0
6430 498931597 25 0
13133 498944730 48 0
6715 498951445 21 0
6431 498957876 19 0
608793 499566669 10824 220
314516 499881185 5162 65
6962 499888147 76 0
6906 499895053 49 0
6583 499901636 24 0
19399 499921035 396 10
6914 499927949 36 0
6593 499934542 19 0
8905 499943447 129 1
3403727 3403727 64780 203
10654006 14057733 66015 2236
19357676 33415409 18955 1427
19073963 52489372 20897 1889
19076201 71565573 21865 1816
19575524 91141097 19578 1191
19464959 110606056 18675 1429
18735530 129341586 25092 2131
19049678 148391264 19176 1131
19823349 168214613 19726 1261
19109623 187324236 21135 612
19642993 206967229 19345 1728
19513045 226480274 19708 1723
19538948 246019222 20961 1073
18881743 264900965 23785 1338
19351037 284252002 18959 1424
18766493 303018495 19103 1649
19640322 322658817 19817 1974
19573856 342232673 19175 1721
19748341 361981014 19117 1757
19746657 381727671 19060 1606
19650077 401377748 19643 1433
19791564 421169312 18914 1349
19696168 440865480 19314 1353
19673099 460538579 19092 1731
19614934 480153513 19863 1858
12734209 492887722 29178 358
3439351 496327073 7330 16
6137 496333210 318 1
11774 496344984 54 0
5658 496350642 12 0
5658 496356300 11 0
6160 496362460 16 0
11784 496374244 28 0
5654 496379898 21 0
5652 496385550 27 0
15241 496400791 322 0
11795 496412586 56 0
5622 496418208 20 0
5661 496423869 32 0
6154 496430023 17 0
11803 496441826 30 0
5560 496447386 26 0
5648 496453034 25 0
6147 496459181 22 0
11778 496470959 36 0
5658 496476617 13 0
5651 496482268 25 0
6142 496488410 22 0
11783 496500193 27 0
5623 496505816 19 0
5652 496511468 15 0
6154 496517622 20 0
11803 496529425 34 0
5658 496535083 12 0
5658 496540741 11 0
6141 496546882 27 0
11785 496558667 54 0
5658 496564325 12 0
5658 496569983 13 0
6155 496576138 19 0
11800 496587938 41 0
5637 496593575 25 0
5658 496599233 10 0
6118 496605351 24 0
11772 496617123 31 0
5642 496622765 23 0
7021 496629786 100 0
6173 496635959 20 0
11771 496647730 37 0
5646 496653376 18 0
5658 496659034 12 0
6141 496665175 24 0
11794 496676969 34 0
5645 496682614 14 0
5615 496688229 25 0
6160 496694389 19 0
11775 496706164 34 0
5651 496711815 14 0
5656 496717471 24 0
6172 496723643 25 0
11767 496735410 28 0
5634 496741044 26 0
5658 496746702 16 0
11767 496758469 53 0
6138 496764607 36 0
5658 496770265 10 0
5652 496775917 15 0
11764 496787681 38 0
6134 496793815 37 0
5658 496799473 12 0
5658 496805131 11 0
11818 496816949 41 0
6123 496823072 29 0
5658 496828730 11 0
5658 496834388 11 0
11781 496846169 33 0
6138 496852307 19 0
5610 496857917 20 0
5658 496863575 10 0
13002 496876577 91 0
6646 496883223 25 0
6314 496889537 21 0
5631 496895168 19 0
12273 496907441 39 0
6151 496913592 16 0
6114 496919706 36 0
6080 496925786 24 0
12214 496938000 33 0
6113 496944113 21 0
6108 496950221 26 0
6097 496956318 25 0
12212 496968530 34 0
6084 496974614 27 0
6116 496980730 15 0
6120 496986850 35 0
12228 496999078 41 0
6098 497005176 27 0
7493 497012669 33 0
5653 497018322 27 0
11778 497030100 29 0
6124 497036224 25 0
5628 497041852 19 0
5658 497047510 13 0
11793 497059303 31 0
6138 497065441 18 0
5634 497071075 20 0
5658 497076733 10 0
11810 497088543 36 0
6138 497094681 18 0
5634 497100315 17 0
5639 497105954 16 0
11795 497117749 37 0
6132 497123881 22 0
5637 497129518 24 0
5656 497135174 28 0
11801 497146975 42 0
14346 497161321 262 13
5658 497166979 23 0
5658 497172637 7 0
11809 497184446 40 0
6108 497190554 19 0
5627 497196181 16 0
5652 497201833 19 0
11798 497213631 44 0
6138 497219769 14 0
5625 497225394 20 0
5657 497231051 20 0
11805 497242856 38 0
6151 497249007 17 0
5658 497254665 11 0
5652 497260317 11 0
11787 497272104 27 0
6138 497278242 14 0
5640 497283882 33 0
5658 497289540 12 0
11795 497301335 28 0
6138 497307473 19 0
5658 497313131 11 0
5652 497318783 14 0
11806 497330589 27 0
6138 497336727 17 0
5663 497342390 30 0
5658 497348048 10 0
11792 497359840 43 0
6138 497365978 16 0
5636 497371614 23 0
5655 497377269 29 0
11791 497389060 46 0
7521 497396581 44 0
5622 497402203 21 0
5658 497407861 10 0
11769 497419630 35 0
6138 497425768 16 0
5625 497431393 18 0
5653 497437046 27 0
11794 497448840 33 0
6120 497454960 21 0
5640 497460600 13 0
5658 497466258 12 0
11788 497478046 36 0
6184 497484230 19 0
5615 497489845 21 0
5632 497495477 25 0
11810 497507287 43 0
6138 497513425 18 0
5658 497519083 14 0
5651 497524734 20 0
11813 497536547 27 0
6123 497542670 25 0
5658 497548328 12 0
5652 497553980 12 0
11752 497565732 32 0
6138 497571870 16 0
5645 497577515 21 0
5658 497583173 9 0
11806 497594979 37 0
6138 497601117 15 0
5658 497606775 13 0
5658 497612433 17 0
11782 497624215 49 0
6151 497630366 18 0
5638 497636004 23 0
5644 497641648 28 0
11769 497653417 41 0
6138 497659555 16 0
5645 497665200 24 0
5639 497670839 27 0
11830 497682669 34 0
6138 497688807 15 0
5644 497694451 17 0
5643 497700094 25 0
11818 497711912 30 0
6145 497718057 17 0
5658 497723715 19 0
5633 497729348 17 0
11788 497741136 23 0
6119 497747255 29 0
5633 497752888 16 0
5652 497758540 12 0
13209 497771749 67 0
6138 497777887 15 0
5651 497783538 17 0
5644 497789182 26 0
11806 497800988 25 0
6138 497807126 17 0
5626 497812752 23 0
5666 497818418 30 0
11789 497830207 24 0
6138 497836345 14 0
5633 497841978 21 0
5651 497847629 19 0
11809 497859438 43 0
6152 497865590 30 0
5657 497871247 14 0
5658 497876905 15 0
11780 497888685 44 0
6129 497894814 29 0
5652 497900466 14 0
5655 497906121 31 0
11826 497917947 39 0
6138 497924085 18 0
5656 497929741 29 0
5641 497935382 23 0
11819 497947201 38 0
6151 497953352 16 0
5633 497958985 19 0
5652 497964637 16 0
11770 497976407 36 0
6138 497982545 15 0
5634 497988179 18 0
5645 497993824 15 0
11819 498005643 26 0
6107 498011750 26 0
5658 498017408 12 0
5658 498023066 11 0
11752 498034818 30 0
6125 498040943 24 0
5628 498046571 16 0
5649 498052220 24 0
12691 498064911 136 1
6138 498071049 14 0
5658 498076707 14 0
5658 498082365 17 0
11778 498094143 41 0
6151 498100294 15 0
5615 498105909 18 0
5650 498111559 24 0
11792 498123351 34 0
6136 498129487 22 0
5658 498135145 10 0
5673 498140818 28 0
13224 498154042 60 0
6138 498160180 16 0
5658 498165838 12 0
5658 498171496 10 0
11775 498183271 38 0
6139 498189410 20 0
5658 498195068 27 0
5639 498200707 18 0
11798 498212505 52 0
6145 498218650 16 0
5652 498224302 26 0
5658 498229960 11 0
11830 498241790 39 0
6138 498247928 16 0
5658 498253586 11 0
5652 498259238 13 0
11757 498270995 32 0
6123 498277118 25 0
5628 498282746 13 0
5658 498288404 7 0
11807 498300211 25 0
6119 498306330 23 0
5638 498311968 26 0
5629 498317597 19 0
11807 498329404 33 0
6151 498335555 14 0
5663 498341218 25 0
5646 498346864 20 0
11776 498358640 26 0
6137 498364777 31 0
5634 498370411 16 0
5658 498376069 10 0
11831 498387900 26 0
6108 498394008 20 0
5640 498399648 15 0
5658 498405306 11 0
11763 498417069 32 0
6130 498423199 31 0
5645 498428844 21 0
5651 498434495 17 0
11782 498446277 31 0
6117 498452394 28 0
5646 498458040 22 0
5644 498463684 20 0
11830 498475514 27 0
6114 498481628 22 0
5646 498487274 19 0
5658 498492932 13 0
11796 498504728 36 0
6126 498510854 22 0
5658 498516512 13 0
7034 498523546 45 0
11802 498535348 38 0
6138 498541486 18 0
5646 498547132 23 0
5644 498552776 27 0
11818 498564594 23 0
9447 498574041 174 0
910200 499484241 15583 389
6707 499490948 69 0
13499 499504447 92 0
5649 499510096 22 0
11977 499522073 361 7
6694 499528767 38 0
13110 499541877 42 0
6114 499547991 38 0
