5,1.0,390778450.7900001,3889417319.267523
4,390778451.7900001,419991852.7000001,2021348296.0527227
7,419991853.7000001,467055422.17000014,1078954198.302667
2,467055423.17000014,481068959.4300001,3036024722.4208217
3,481068960.4300001,525767885.4200002,1647012626.1522777
2,525767886.4200002,564440348.1900002,3036024722.4208217
1,564440349.1900002,1293619265.8100004,4437195218.808543
2,1293619266.8100004,1319377476.5600004,3036024722.4208217
3,1319377477.5600004,1337892436.8400004,1647012626.1522777
2,1337892437.8400004,1359758973.9400003,3036024722.4208217
6,1359758974.9400003,2013574281.0500004,4889939584.3099985
2,2013574282.0500004,2055413114.5800004,3036024722.4208217
3,2055413115.5800004,2092632338.5900004,1647012626.1522777
4,2092632339.5900004,2100868833.2400005,2021348296.0527227
0,2100868834.2400005,2101560716.0092313,239763616.18792993
