23, 1, 2709816, 541963.000
20, 2709817, 9653192, 1388675.000
17, 9653193, 26061919, 1640872.600
26, 26061920, 33432143, 1474044.600
5, 33432144, 38720722, 1057715.600
10, 38720723, 50763374, 2408530.200
3, 50763375, 380496064, 2536405.300
1, 380496065, 441282542, 2431459.080
3, 441282543, 453433849, 2430261.200
1, 453433850, 697732847, 2326657.114
9, 697732848, 720282303, 2254945.500
1, 720282304, 731565002, 2256539.600
9, 731565003, 1282936293, 2162240.353
24, 1282936294, 1291785700, 1769881.200
8, 1291785701, 1565959393, 1337432.644
5, 1565959394, 1571204231, 1048967.400
7, 1571204232, 1601045878, 497360.767
5, 1601045879, 1642346746, 826017.340
2, 1642346747, 1643409256, 212501.800
25, 1643409257, 1655730394, 2464227.400
6, 1655730395, 1655903640, 6929.800
