23, 1, 4970942, 994188.200
28, 4970943, 13090446, 1623900.600
17, 13090447, 29351208, 1626076.100
26, 29351209, 35450410, 1219840.200
10, 35450411, 42077462, 1325410.200
24, 42077463, 55946437, 2773794.800
3, 55946438, 259321649, 2542190.138
1, 259321650, 706612414, 2293798.790
9, 706612415, 717357686, 2149054.200
1, 717357687, 749549445, 2146117.200
9, 749549446, 1285308733, 2060612.642
21, 1285308734, 1292624316, 1463116.400
8, 1292624317, 1569994161, 1260772.018
7, 1569994162, 1602321041, 461812.557
5, 1602321042, 1641467497, 652440.917
27, 1641467498, 1643076391, 160889.300
25, 1643076392, 1652655758, 1915873.200
2, 1652655759, 1655694170, 607682.200
6, 1655694171, 1655700908, 1347.400
2, 1655700909, 1656393433, 69252.400
6, 1656393434, 1656399888, 1290.800
