813025, 813025, 18821, 552, 5
6079338, 6892363, 86632, 8162, 15
16994249, 23886612, 34481, 6071, 2
19234060, 43120672, 21472, 4675, 11
19011624, 62132296, 22374, 4959, 11
19678038, 81810334, 19783, 4811, 11
19430714, 101241048, 20883, 5153, 11
19124921, 120365969, 23595, 6285, 2
18781000, 139146969, 23099, 5284, 11
19527763, 158674732, 20569, 4949, 11
19391270, 178066002, 20979, 4976, 11
19359136, 197425138, 23317, 4342, 11
19670477, 217095615, 20587, 5226, 11
19536893, 236632508, 20092, 4743, 11
18806241, 255438749, 26124, 4639, 11
19515368, 274954117, 20053, 4641, 11
18818366, 293772483, 19336, 5057, 11
19497397, 313269880, 19191, 4865, 11
19444931, 332714811, 19868, 4952, 11
19597115, 352311926, 20420, 5270, 11
19566072, 371877998, 19402, 4840, 11
19746998, 391624996, 19176, 5045, 11
19700529, 411325525, 19024, 5178, 11
19595984, 430921509, 19625, 4673, 11
19649196, 450570705, 19261, 5169, 11
19580172, 470150877, 19445, 5247, 11
17292755, 487443632, 27338, 3616, 7
8930413, 496374045, 19323, 319, 12
6129, 496380174, 315, 4, 1
5652, 496385826, 29, 0, 1
6138, 496391964, 17, 0, 1
11298, 496403262, 43, 0, 1
6173, 496409435, 17, 0, 1
5668, 496415103, 28, 0, 1
6119, 496421222, 36, 0, 1
11279, 496432501, 31, 0, 1
6160, 496438661, 15, 0, 1
5638, 496444299, 23, 0, 1
6151, 496450450, 18, 0, 1
11310, 496461760, 25, 0, 1
6118, 496467878, 23, 0, 1
5658, 496473536, 9, 0, 1
6138, 496479674, 16, 0, 1
11306, 496490980, 42, 0, 1
6186, 496497166, 17, 0, 1
5574, 496502740, 10, 0, 1
6126, 496508866, 20, 0, 1
11312, 496520178, 38, 0, 1
6129, 496526307, 22, 0, 1
5658, 496531965, 11, 0, 1
6134, 496538099, 23, 0, 1
11303, 496549402, 30, 0, 1
6118, 496555520, 23, 0, 1
5640, 496561160, 16, 0, 1
6114, 496567274, 22, 0, 1
11280, 496578554, 31, 0, 1
6173, 496584727, 16, 0, 1
5643, 496590370, 22, 0, 1
6132, 496596502, 27, 0, 1
11300, 496607802, 36, 1, 1
6160, 496613962, 16, 0, 1
5632, 496619594, 26, 0, 1
6138, 496625732, 16, 0, 1
11308, 496637040, 35, 0, 1
6135, 496643175, 24, 0, 1
5663, 496648838, 30, 0, 1
6136, 496654974, 33, 0, 1
11300, 496666274, 26, 0, 1
6160, 496672434, 18, 0, 1
5652, 496678086, 17, 0, 1
6130, 496684216, 30, 0, 1
11293, 496695509, 37, 0, 1
6152, 496701661, 25, 0, 1
5626, 496707287, 23, 0, 1
6138, 496713425, 17, 0, 1
11290, 496724715, 41, 0, 1
6173, 496730888, 18, 0, 1
7010, 496737898, 99, 0, 1
6138, 496744036, 20, 0, 1
11273, 496755309, 35, 0, 1
6147, 496761456, 24, 0, 1
5658, 496767114, 11, 0, 1
6144, 496773258, 26, 0, 1
11296, 496784554, 47, 0, 1
6160, 496790714, 14, 0, 1
5667, 496796381, 30, 0, 1
6138, 496802519, 16, 0, 1
11315, 496813834, 28, 0, 1
6143, 496819977, 18, 0, 1
5643, 496825620, 23, 0, 1
6138, 496831758, 18, 0, 1
11296, 496843054, 32, 0, 1
6160, 496849214, 15, 0, 1
5640, 496854854, 22, 0, 1
6106, 496860960, 24, 0, 1
11316, 496872276, 16, 0, 1
6186, 496878462, 15, 0, 1
5658, 496884120, 19, 0, 1
6119, 496890239, 23, 0, 1
11304, 496901543, 19, 0, 1
6669, 496908212, 67, 0, 1
6333, 496914545, 16, 0, 1
6629, 496921174, 28, 0, 1
11956, 496933130, 33, 0, 1
6613, 496939743, 35, 0, 1
6098, 496945841, 24, 0, 1
6108, 496951949, 29, 0, 1
21304, 496973253, 388, 14, 1
6116, 496979369, 53, 0, 1
6102, 496985471, 27, 0, 1
6097, 496991568, 31, 0, 1
11710, 497003278, 40, 0, 1
6116, 497009394, 17, 0, 1
6100, 497015494, 29, 0, 1
6123, 497021617, 32, 0, 1
11795, 497033412, 32, 0, 1
6110, 497039522, 20, 0, 1
6116, 497045638, 16, 0, 1
6116, 497051754, 16, 0, 1
12219, 497063973, 32, 0, 1
6127, 497070100, 27, 0, 1
5658, 497075758, 11, 0, 1
6112, 497081870, 28, 0, 1
11788, 497093658, 41, 0, 1
6138, 497099796, 17, 0, 1
5638, 497105434, 25, 0, 1
6118, 497111552, 26, 0, 1
11267, 497122819, 29, 0, 1
7530, 497130349, 52, 0, 1
5673, 497136022, 29, 0, 1
6101, 497142123, 22, 0, 1
11279, 497153402, 35, 0, 1
6160, 497159562, 13, 0, 1
5658, 497165220, 10, 0, 1
6118, 497171338, 25, 0, 1
11311, 497182649, 30, 0, 1
6160, 497188809, 16, 0, 1
5652, 497194461, 10, 0, 1
6125, 497200586, 23, 0, 1
11316, 497211902, 17, 0, 1
6173, 497218075, 17, 0, 1
5658, 497223733, 10, 0, 1
6113, 497229846, 21, 0, 1
11271, 497241117, 35, 0, 1
6160, 497247277, 14, 0, 1
5642, 497252919, 27, 0, 1
6164, 497259083, 17, 0, 1
11310, 497270393, 32, 0, 1
6160, 497276553, 17, 0, 1
5633, 497282186, 24, 0, 1
6154, 497288340, 34, 0, 1
11309, 497299649, 21, 0, 1
6147, 497305796, 25, 0, 1
5658, 497311454, 11, 0, 1
6148, 497317602, 34, 0, 1
11309, 497328911, 33, 0, 1
6124, 497335035, 20, 0, 1
5658, 497340693, 12, 0, 1
6138, 497346831, 16, 0, 1
11310, 497358141, 34, 0, 1
6173, 497364314, 16, 0, 1
5655, 497369969, 18, 0, 1
6117, 497376086, 30, 0, 1
11294, 497387380, 24, 0, 1
6160, 497393540, 13, 0, 1
5652, 497399192, 17, 0, 1
6145, 497405337, 20, 0, 1
11306, 497416643, 29, 0, 1
6160, 497422803, 16, 0, 1
5645, 497428448, 21, 0, 1
6138, 497434586, 16, 0, 1
11305, 497445891, 30, 0, 1
6165, 497452056, 22, 0, 1
5649, 497457705, 24, 0, 1
6138, 497463843, 18, 0, 1
11301, 497475144, 30, 0, 1
6123, 497481267, 21, 0, 1
5655, 497486922, 20, 0, 1
6151, 497493073, 16, 0, 1
12674, 497505747, 34, 0, 1
6130, 497511877, 19, 0, 1
5658, 497517535, 12, 0, 1
6130, 497523665, 28, 0, 1
11308, 497534973, 31, 0, 1
6167, 497541140, 19, 0, 1
5638, 497546778, 23, 0, 1
6138, 497552916, 18, 0, 1
11294, 497564210, 24, 0, 1
6145, 497570355, 26, 0, 1
5658, 497576013, 7, 0, 1
6130, 497582143, 20, 0, 1
11310, 497593453, 33, 0, 1
6125, 497599578, 24, 0, 1
5646, 497605224, 11, 0, 1
6117, 497611341, 29, 0, 1
11316, 497622657, 38, 0, 1
6129, 497628786, 21, 0, 1
5646, 497634432, 21, 0, 1
6164, 497640596, 19, 0, 1
11304, 497651900, 32, 0, 1
6160, 497658060, 17, 0, 1
5631, 497663691, 19, 0, 1
6125, 497669816, 22, 0, 1
11300, 497681116, 21, 0, 1
6173, 497687289, 13, 0, 1
5656, 497692945, 15, 0, 1
6131, 497699076, 24, 0, 1
11307, 497710383, 29, 0, 1
6160, 497716543, 15, 0, 1
5652, 497722195, 15, 0, 1
6144, 497728339, 18, 0, 1
11315, 497739654, 29, 0, 1
6160, 497745814, 15, 0, 1
5644, 497751458, 29, 0, 1
11781, 497763239, 37, 0, 1
5652, 497768891, 13, 0, 1
6131, 497775022, 21, 0, 1
5638, 497780660, 21, 0, 1
11784, 497792444, 34, 0, 1
5658, 497798102, 11, 0, 1
6146, 497804248, 29, 0, 1
5657, 497809905, 26, 0, 1
11753, 497821658, 32, 0, 1
5658, 497827316, 10, 0, 1
6173, 497833489, 20, 0, 1
5658, 497839147, 10, 0, 1
11777, 497850924, 32, 0, 1
5658, 497856582, 9, 0, 1
6160, 497862742, 16, 0, 1
5662, 497868404, 22, 0, 1
13153, 497881557, 53, 0, 1
5658, 497887215, 9, 0, 1
6160, 497893375, 17, 0, 1
5638, 497899013, 20, 0, 1
11770, 497910783, 34, 0, 1
5658, 497916441, 13, 0, 1
6173, 497922614, 16, 0, 1
5639, 497928253, 26, 0, 1
11787, 497940040, 39, 0, 1
5658, 497945698, 10, 0, 1
6129, 497951827, 24, 0, 1
5658, 497957485, 16, 0, 1
11791, 497969276, 30, 0, 1
5652, 497974928, 13, 0, 1
6112, 497981040, 26, 0, 1
5658, 497986698, 11, 0, 1
11759, 497998457, 34, 0, 1
5657, 498004114, 28, 0, 1
6194, 498010308, 31, 0, 1
5643, 498015951, 28, 0, 1
11741, 498027692, 39, 0, 1
5650, 498033342, 15, 0, 1
6160, 498039502, 18, 0, 1
5658, 498045160, 12, 0, 1
11786, 498056946, 42, 0, 1
5658, 498062604, 10, 0, 1
6161, 498068765, 24, 0, 1
5678, 498074443, 26, 0, 1
11764, 498086207, 27, 0, 1
5658, 498091865, 9, 0, 1
6160, 498098025, 14, 0, 1
5655, 498103680, 22, 0, 1
11766, 498115446, 29, 0, 1
5658, 498121104, 12, 0, 1
6154, 498127258, 14, 0, 1
5640, 498132898, 16, 0, 1
11748, 498144646, 44, 0, 1
5658, 498150304, 10, 0, 1
6135, 498156439, 23, 0, 1
5658, 498162097, 9, 0, 1
11792, 498173889, 39, 0, 1
5657, 498179546, 23, 0, 1
6160, 498185706, 16, 0, 1
5646, 498191352, 16, 0, 1
11767, 498203119, 24, 0, 1
5652, 498208771, 12, 0, 1
6160, 498214931, 16, 0, 1
5655, 498220586, 24, 0, 1
11753, 498232339, 34, 0, 1
5658, 498237997, 10, 0, 1
6173, 498244170, 16, 0, 1
5663, 498249833, 31, 0, 1
13166, 498262999, 42, 0, 1
5628, 498268627, 13, 0, 1
6118, 498274745, 23, 0, 1
5646, 498280391, 19, 0, 1
11804, 498292195, 39, 0, 1
5658, 498297853, 12, 0, 1
6167, 498304020, 15, 0, 1
5645, 498309665, 15, 0, 1
11775, 498321440, 28, 0, 1
5658, 498327098, 16, 0, 1
6142, 498333240, 19, 0, 1
5652, 498338892, 13, 0, 1
11761, 498350653, 24, 0, 1
5658, 498356311, 9, 0, 1
6160, 498362471, 17, 0, 1
5657, 498368128, 28, 0, 1
11773, 498379901, 34, 0, 1
5658, 498385559, 9, 0, 1
6154, 498391713, 28, 0, 1
5649, 498397362, 22, 0, 1
11769, 498409131, 35, 0, 1
5651, 498414782, 22, 0, 1
6153, 498420935, 25, 0, 1
5648, 498426583, 29, 0, 1
11790, 498438373, 31, 0, 1
5646, 498444019, 16, 0, 1
6141, 498450160, 29, 0, 1
5658, 498455818, 10, 0, 1
11753, 498467571, 32, 0, 1
5649, 498473220, 19, 0, 1
6154, 498479374, 28, 0, 1
5655, 498485029, 27, 0, 1
11746, 498496775, 43, 0, 1
5639, 498502414, 17, 0, 1
6141, 498508555, 26, 0, 1
5642, 498514197, 27, 0, 1
11773, 498525970, 39, 0, 1
5657, 498531627, 18, 0, 1
6130, 498537757, 27, 0, 1
5658, 498543415, 11, 0, 1
11770, 498555185, 40, 0, 1
5658, 498560843, 10, 0, 1
6144, 498566987, 27, 0, 1
5651, 498572638, 19, 0, 1
11782, 498584420, 32, 0, 1
5658, 498590078, 9, 0, 1
6112, 498596190, 21, 0, 1
5658, 498601848, 13, 0, 1
11746, 498613594, 33, 0, 1
5667, 498619261, 22, 0, 1
6165, 498625426, 28, 0, 1
7021, 498632447, 40, 0, 1
46098, 498678545, 3008, 354, 1
858522, 499537067, 12415, 1586, 5
6706, 499543773, 64, 0, 1
6393, 499550166, 19, 0, 1
18664, 499568830, 417, 26, 1
6700, 499575530, 32, 0, 1
6658, 499582188, 40, 0, 1
8250, 499590438, 174, 5, 1
13207, 499603645, 58, 0, 1
6333, 499609978, 16, 0, 1
6653, 499616631, 30, 0, 1
1922123, 1922123, 43494, 770, 4
1867030, 3789153, 32346, 1129, 4
11353837, 15142990, 60347, 10664, 17
13764732, 28907722, 14632, 3434, 19
18939930, 47847652, 21202, 4781, 11
19444240, 67291892, 17628, 4722, 11
18813514, 86105406, 23568, 6361, 2
18951865, 105057271, 18364, 4969, 11
19173546, 124230817, 19081, 4890, 11
19616238, 143847055, 20345, 5047, 11
19763493, 163610548, 18317, 5030, 11
19513759, 183124307, 18294, 4623, 11
19595782, 202720089, 19033, 4534, 11
19432857, 222152946, 19821, 5092, 11
18980274, 241133220, 18531, 4426, 11
18617297, 259750517, 23125, 4604, 11
19306962, 279057479, 18953, 4577, 11
19552252, 298609731, 18723, 5137, 11
19634612, 318244343, 18811, 4983, 11
19664709, 337909052, 18918, 4954, 11
19632341, 357541393, 19143, 5181, 11
19670060, 377211453, 18540, 4882, 11
19684927, 396896380, 18506, 5071, 11
19683804, 416580184, 18603, 5163, 11
19524651, 436104835, 19477, 4642, 11
19651558, 455756393, 18747, 5188, 11
19603238, 475359631, 19064, 5285, 11
16137324, 491496955, 30996, 2566, 7
5807534, 497304489, 11617, 245, 6
6104, 497310593, 27, 0, 1
5658, 497316251, 16, 0, 1
5639, 497321890, 25, 0, 1
11807, 497333697, 53, 0, 1
6114, 497339811, 32, 0, 1
5658, 497345469, 13, 0, 1
7035, 497352504, 92, 14, 1
11732, 497364236, 51, 0, 1
6151, 497370387, 13, 0, 1
5652, 497376039, 14, 0, 1
5658, 497381697, 8, 0, 1
11806, 497393503, 32, 0, 1
6096, 497399599, 26, 0, 1
5652, 497405251, 21, 0, 1
5658, 497410909, 9, 0, 1
11807, 497422716, 37, 0, 1
6114, 497428830, 17, 0, 1
5658, 497434488, 12, 0, 1
5658, 497440146, 17, 0, 1
11809, 497451955, 43, 0, 1
6138, 497458093, 17, 0, 1
5662, 497463755, 26, 0, 1
5658, 497469413, 10, 0, 1
11812, 497481225, 37, 0, 1
6138, 497487363, 18, 0, 1
5627, 497492990, 23, 0, 1
5652, 497498642, 16, 0, 1
11799, 497510441, 34, 0, 1
6151, 497516592, 15, 0, 1
5646, 497522238, 15, 0, 1
5640, 497527878, 16, 0, 1
11812, 497539690, 39, 0, 1
6142, 497545832, 37, 0, 1
5652, 497551484, 13, 0, 1
5658, 497557142, 11, 0, 1
11820, 497568962, 38, 0, 1
6138, 497575100, 16, 0, 1
5650, 497580750, 16, 0, 1
5652, 497586402, 16, 0, 1
11792, 497598194, 43, 0, 1
6177, 497604371, 15, 0, 1
5650, 497610021, 22, 0, 1
5645, 497615666, 20, 0, 1
11799, 497627465, 43, 0, 1
6138, 497633603, 19, 0, 1
5652, 497639255, 12, 0, 1
5651, 497644906, 20, 0, 1
11811, 497656717, 37, 0, 1
6138, 497662855, 14, 0, 1
5622, 497668477, 21, 0, 1
5650, 497674127, 27, 0, 1
11796, 497685923, 41, 0, 1
6133, 497692056, 29, 0, 1
5658, 497697714, 10, 0, 1
5646, 497703360, 14, 0, 1
11792, 497715152, 42, 0, 1
6138, 497721290, 20, 0, 1
5708, 497726998, 25, 0, 1
7035, 497734033, 38, 0, 1
11757, 497745790, 39, 0, 1
6151, 497751941, 17, 0, 1
5640, 497757581, 18, 0, 1
5658, 497763239, 12, 0, 1
11822, 497775061, 40, 0, 1
6120, 497781181, 21, 0, 1
5658, 497786839, 15, 0, 1
5648, 497792487, 28, 0, 1
11824, 497804311, 36, 0, 1
6138, 497810449, 18, 0, 1
5652, 497816101, 15, 0, 1
5652, 497821753, 15, 0, 1
13014, 497834767, 77, 0, 1
6671, 497841438, 27, 0, 1
6315, 497847753, 27, 0, 1
5649, 497853402, 14, 0, 1
12274, 497865676, 39, 0, 1
6119, 497871795, 23, 0, 1
6105, 497877900, 31, 0, 1
6116, 497884016, 16, 0, 1
12201, 497896217, 39, 0, 1
6103, 497902320, 25, 0, 1
6116, 497908436, 19, 0, 1
6098, 497914534, 20, 0, 1
12190, 497926724, 39, 0, 1
6121, 497932845, 30, 0, 1
15192, 497948037, 328, 11, 1
6116, 497954153, 37, 0, 1
12207, 497966360, 42, 0, 1
6116, 497972476, 18, 0, 1
6110, 497978586, 31, 0, 1
6089, 497984675, 28, 0, 1
12233, 497996908, 37, 0, 1
6092, 498003000, 24, 0, 1
6116, 498009116, 17, 0, 1
5658, 498014774, 11, 0, 1
11733, 498026507, 36, 0, 1
6138, 498032645, 15, 0, 1
5658, 498038303, 14, 0, 1
5652, 498043955, 11, 0, 1
11792, 498055747, 34, 0, 1
6125, 498061872, 23, 0, 1
5658, 498067530, 10, 0, 1
5658, 498073188, 11, 0, 1
11801, 498084989, 33, 0, 1
6133, 498091122, 16, 0, 1
5651, 498096773, 14, 0, 1
5673, 498102446, 33, 0, 1
11815, 498114261, 50, 0, 1
6138, 498120399, 14, 0, 1
7004, 498127403, 42, 0, 1
5658, 498133061, 10, 0, 1
11757, 498144818, 40, 0, 1
6138, 498150956, 16, 0, 1
5639, 498156595, 16, 0, 1
5663, 498162258, 28, 0, 1
11800, 498174058, 23, 0, 1
6138, 498180196, 13, 0, 1
5633, 498185829, 19, 0, 1
5657, 498191486, 30, 0, 1
11813, 498203299, 25, 0, 1
6138, 498209437, 15, 0, 1
5627, 498215064, 15, 0, 1
5662, 498220726, 28, 0, 1
11800, 498232526, 25, 0, 1
6151, 498238677, 16, 0, 1
5610, 498244287, 20, 0, 1
5645, 498249932, 16, 0, 1
11818, 498261750, 24, 0, 1
6128, 498267878, 31, 0, 1
5633, 498273511, 17, 0, 1
5652, 498279163, 13, 0, 1
11831, 498290994, 23, 0, 1
6138, 498297132, 33, 0, 1
5636, 498302768, 24, 0, 1
5651, 498308419, 16, 0, 1
11808, 498320227, 38, 0, 1
6151, 498326378, 16, 0, 1
5662, 498332040, 30, 0, 1
5650, 498337690, 22, 0, 1
11813, 498349503, 35, 0, 1
6138, 498355641, 16, 0, 1
5657, 498361298, 21, 0, 1
5640, 498366938, 19, 0, 1
11826, 498378764, 30, 0, 1
6138, 498384902, 18, 0, 1
5639, 498390541, 20, 0, 1
5658, 498396199, 19, 0, 1
11796, 498407995, 41, 0, 1
6138, 498414133, 16, 0, 1
5649, 498419782, 24, 0, 1
5651, 498425433, 27, 0, 1
11771, 498437204, 34, 0, 1
6126, 498443330, 17, 0, 1
5657, 498448987, 22, 0, 1
5658, 498454645, 10, 0, 1
11806, 498466451, 38, 0, 1
6155, 498472606, 26, 0, 1
5639, 498478245, 17, 0, 1
5658, 498483903, 9, 0, 1
11803, 498495706, 42, 0, 1
7515, 498503221, 31, 0, 1
5622, 498508843, 17, 0, 1
5645, 498514488, 14, 0, 1
11804, 498526292, 43, 0, 1
6138, 498532430, 14, 0, 1
5632, 498538062, 19, 0, 1
5640, 498543702, 14, 0, 1
11785, 498555487, 29, 0, 1
6151, 498561638, 20, 0, 1
5650, 498567288, 21, 0, 1
5646, 498572934, 18, 0, 1
11800, 498584734, 27, 0, 1
6136, 498590870, 35, 0, 1
5658, 498596528, 12, 0, 1
5652, 498602180, 21, 0, 1
11822, 498614002, 40, 0, 1
6138, 498620140, 16, 0, 1
5643, 498625783, 19, 0, 1
5654, 498631437, 26, 0, 1
11832, 498643269, 39, 0, 1
6126, 498649395, 20, 0, 1
5658, 498655053, 13, 0, 1
5644, 498660697, 26, 0, 1
11831, 498672528, 23, 0, 1
6125, 498678653, 23, 0, 1
5658, 498684311, 11, 0, 1
5658, 498689969, 14, 0, 1
11796, 498701765, 29, 1, 1
14338, 498716103, 252, 79, 1
5627, 498721730, 43, 0, 1
5651, 498727381, 20, 0, 1
11838, 498739219, 37, 0, 1
6136, 498745355, 24, 0, 1
5662, 498751017, 31, 0, 1
5650, 498756667, 19, 0, 1
11831, 498768498, 35, 0, 1
6138, 498774636, 15, 0, 1
6116, 498780752, 21, 0, 1
5652, 498786404, 15, 0, 1
11799, 498798203, 29, 0, 1
6150, 498804353, 24, 0, 1
5658, 498810011, 10, 0, 1
5650, 498815661, 30, 0, 1
11806, 498827467, 27, 0, 1
6102, 498833569, 21, 0, 1
5658, 498839227, 13, 0, 1
11824, 498851051, 33, 0, 1
5650, 498856701, 20, 0, 1
6138, 498862839, 18, 0, 1
5649, 498868488, 25, 1, 1
11794, 498880282, 30, 0, 1
7022, 498887304, 41, 0, 1
6138, 498893442, 19, 0, 1
5640, 498899082, 17, 0, 1
11783, 498910865, 30, 0, 1
5657, 498916522, 24, 0, 1
6138, 498922660, 19, 0, 1
5658, 498928318, 13, 0, 1
11776, 498940094, 29, 0, 1
5645, 498945739, 18, 0, 1
6151, 498951890, 18, 0, 1
5634, 498957524, 16, 0, 1
11818, 498969342, 27, 0, 1
6356, 498975698, 32, 0, 1
6776, 498982474, 59, 0, 1
6373, 498988847, 16, 0, 1
12930, 499001777, 45, 0, 1
5651, 499007428, 27, 0, 1
6138, 499013566, 14, 0, 1
5640, 499019206, 21, 0, 1
11799, 499031005, 34, 0, 1
5633, 499036638, 19, 0, 1
6152, 499042790, 21, 0, 1
5661, 499048451, 30, 0, 1
11793, 499060244, 32, 0, 1
5648, 499065892, 24, 0, 1
6125, 499072017, 23, 0, 1
5640, 499077657, 19, 0, 1
11824, 499089481, 34, 0, 1
5652, 499095133, 22, 0, 1
6141, 499101274, 34, 0, 1
5640, 499106914, 18, 0, 1
11801, 499118715, 40, 0, 1
5658, 499124373, 11, 0, 1
6138, 499130511, 14, 0, 1
5631, 499136142, 24, 0, 1
11807, 499147949, 32, 0, 1
5646, 499153595, 11, 0, 1
6120, 499159715, 19, 0, 1
5661, 499165376, 31, 0, 1
11763, 499177139, 38, 0, 1
5650, 499182789, 17, 0, 1
6103, 499188892, 24, 0, 1
5658, 499194550, 8, 0, 1
11808, 499206358, 41, 0, 1
5658, 499212016, 10, 0, 1
6138, 499218154, 15, 0, 1
5650, 499223804, 20, 0, 1
11831, 499235635, 21, 0, 1
5658, 499241293, 10, 0, 1
6122, 499247415, 28, 0, 1
5658, 499253073, 13, 0, 1
13171, 499266244, 46, 1, 1
5656, 499271900, 17, 0, 1
6129, 499278029, 28, 0, 1
5658, 499283687, 10, 0, 1
11810, 499295497, 36, 0, 1
5658, 499301155, 11, 0, 1
6138, 499307293, 16, 0, 1
5632, 499312925, 23, 0, 1
11818, 499324743, 35, 0, 1
5651, 499330394, 24, 0, 1
6135, 499336529, 32, 0, 1
5651, 499342180, 17, 0, 1
11780, 499353960, 36, 0, 1
5658, 499359618, 12, 0, 1
6138, 499365756, 16, 0, 1
5658, 499371414, 10, 0, 1
11785, 499383199, 37, 0, 1
5657, 499388856, 21, 0, 1
6126, 499394982, 19, 0, 1
5621, 499400603, 20, 0, 1
11817, 499412420, 46, 0, 1
5658, 499418078, 9, 0, 1
6151, 499424229, 13, 0, 1
5634, 499429863, 18, 0, 1
11793, 499441656, 35, 0, 1
5658, 499447314, 12, 0, 1
6126, 499453440, 20, 0, 1
5646, 499459086, 21, 0, 1
11814, 499470900, 31, 0, 1
5661, 499476561, 27, 0, 1
6119, 499482680, 24, 0, 1
5627, 499488307, 17, 0, 1
11812, 499500119, 26, 0, 1
5645, 499505764, 25, 0, 1
6143, 499511907, 30, 0, 1
6116, 499518023, 18, 0, 1
11793, 499529816, 45, 0, 1
5652, 499535468, 15, 0, 1
6138, 499541606, 18, 0, 1
5658, 499547264, 10, 0, 1
11807, 499559071, 39, 0, 1
5658, 499564729, 10, 0, 1
6124, 499570853, 28, 0, 1
5626, 499576479, 22, 0, 1
11811, 499588290, 50, 0, 1
5646, 499593936, 16, 0, 1
9465, 499603401, 178, 4, 1
896263, 500499664, 15232, 2044, 5
13099, 500512763, 93, 0, 1
12396, 500525159, 401, 36, 1
7770, 500532929, 100, 1, 1
6740, 500539669, 23, 1, 1
14907, 500554576, 161, 7, 1
6602, 500561178, 34, 0, 1
6636, 500567814, 24, 0, 1
1268629, 1268629, 28753, 531, 5
6194871, 7463500, 87081, 8701, 15
18542958, 26006458, 25009, 5538, 2
19172940, 45179398, 23260, 4858, 11
18939946, 64119344, 17524, 4705, 11
19607003, 83726347, 17372, 4768, 11
19521791, 103248138, 17787, 5103, 11
18957035, 122205173, 23848, 6664, 2
19088652, 141293825, 18629, 4801, 11
19609120, 160902945, 18217, 5014, 11
19306404, 180209349, 18020, 4956, 11
19440753, 199650102, 20247, 4356, 11
19613835, 219263937, 18560, 5191, 11
19522125, 238786062, 18232, 4804, 11
18683392, 257469454, 22948, 4392, 11
19375611, 276845065, 19300, 4612, 11
18921081, 295766146, 18774, 5088, 11
19426029, 315192175, 19132, 4882, 11
19642221, 334834396, 19191, 4898, 11
19622509, 354456905, 19568, 5229, 11
19537541, 373994446, 18976, 4981, 11
19747468, 393741914, 18562, 4972, 11
19597223, 413339137, 18877, 5118, 11
19573113, 432912250, 19375, 4735, 11
19565113, 452477363, 18660, 5263, 11
19602351, 472079714, 18646, 5228, 11
17576436, 489656150, 30843, 3192, 7
6717753, 496373903, 13627, 316, 6
6113, 496380016, 266, 5, 1
5652, 496385668, 19, 0, 1
6116, 496391784, 20, 0, 1
12253, 496404037, 47, 0, 1
5658, 496409695, 12, 0, 1
5663, 496415358, 17, 0, 1
6160, 496421518, 16, 0, 1
11796, 496433314, 23, 0, 1
5658, 496438972, 11, 0, 1
5658, 496444630, 10, 0, 1
6131, 496450761, 25, 0, 1
11783, 496462544, 34, 0, 1
5658, 496468202, 11, 0, 1
5658, 496473860, 11, 0, 1
6130, 496479990, 18, 0, 1
11787, 496491777, 48, 0, 1
5657, 496497434, 26, 0, 1
5660, 496503094, 26, 0, 1
6166, 496509260, 24, 0, 1
11796, 496521056, 23, 0, 1
5634, 496526690, 14, 0, 1
5642, 496532332, 29, 0, 1
6133, 496538465, 28, 0, 1
11822, 496550287, 21, 0, 1
5658, 496555945, 8, 0, 1
5651, 496561596, 13, 0, 1
7531, 496569127, 104, 1, 1
11769, 496580896, 36, 0, 1
5658, 496586554, 11, 0, 1
5658, 496592212, 8, 0, 1
6155, 496598367, 19, 0, 1
11801, 496610168, 38, 0, 1
5639, 496615807, 16, 0, 1
5652, 496621459, 13, 0, 1
6160, 496627619, 17, 0, 1
11806, 496639425, 34, 0, 1
5644, 496645069, 22, 0, 1
5658, 496650727, 8, 0, 1
6130, 496656857, 24, 0, 1
11784, 496668641, 35, 0, 1
5639, 496674280, 17, 0, 1
5658, 496679938, 10, 0, 1
6143, 496686081, 27, 0, 1
11790, 496697871, 40, 0, 1
5658, 496703529, 10, 0, 1
5658, 496709187, 10, 0, 1
6118, 496715305, 20, 0, 1
11768, 496727073, 42, 0, 1
5633, 496732706, 23, 0, 1
5658, 496738364, 10, 0, 1
6149, 496744513, 26, 0, 1
11803, 496756316, 20, 0, 1
5637, 496761953, 23, 0, 1
5651, 496767604, 19, 0, 1
6160, 496773764, 19, 0, 1
11803, 496785567, 26, 0, 1
5621, 496791188, 19, 0, 1
5652, 496796840, 13, 0, 1
6118, 496802958, 23, 0, 1
11794, 496814752, 28, 0, 1
5621, 496820373, 20, 0, 1
5658, 496826031, 11, 0, 1
6155, 496832186, 20, 0, 1
11789, 496843975, 34, 0, 1
5658, 496849633, 12, 0, 1
5658, 496855291, 11, 0, 1
6136, 496861427, 22, 0, 1
11796, 496873223, 32, 0, 1
5646, 496878869, 13, 0, 1
5658, 496884527, 12, 0, 1
6159, 496890686, 20, 0, 1
11746, 496902432, 39, 0, 1
6374, 496908806, 51, 0, 1
6333, 496915139, 24, 0, 1
6705, 496921844, 25, 0, 1
14949, 496936793, 215, 6, 1
6096, 496942889, 28, 0, 1
7022, 496949911, 35, 0, 1
6138, 496956049, 18, 0, 1
12214, 496968263, 32, 0, 1
6122, 496974385, 29, 0, 1
6098, 496980483, 23, 0, 1
6103, 496986586, 26, 0, 1
12218, 496998804, 30, 0, 1
6101, 497004905, 29, 0, 1
6116, 497011021, 17, 0, 1
6100, 497017121, 28, 0, 1
12245, 497029366, 26, 0, 1
6116, 497035482, 17, 0, 1
6090, 497041572, 29, 0, 1
12210, 497053782, 51, 0, 1
6116, 497059898, 15, 0, 1
6116, 497066014, 18, 0, 1
5627, 497071641, 19, 0, 1
12255, 497083896, 40, 0, 1
6110, 497090006, 19, 0, 1
6117, 497096123, 32, 0, 1
5658, 497101781, 14, 0, 1
11807, 497113588, 47, 0, 1
6151, 497119739, 15, 0, 1
5651, 497125390, 25, 0, 1
5658, 497131048, 11, 0, 1
11787, 497142835, 34, 0, 1
6113, 497148948, 24, 0, 1
5640, 497154588, 16, 0, 1
5656, 497160244, 21, 0, 1
20860, 497181104, 335, 9, 1
6138, 497187242, 19, 0, 1
5646, 497192888, 14, 0, 1
5662, 497198550, 20, 0, 1
11818, 497210368, 18, 0, 1
6138, 497216506, 17, 0, 1
5658, 497222164, 29, 0, 1
5625, 497227789, 19, 0, 1
11807, 497239596, 23, 0, 1
6123, 497245719, 28, 0, 1
5658, 497251377, 18, 0, 1
5663, 497257040, 25, 0, 1
11802, 497268842, 46, 0, 1
6130, 497274972, 25, 0, 1
5655, 497280627, 31, 0, 1
5658, 497286285, 10, 0, 1
11794, 497298079, 29, 0, 1
6120, 497304199, 19, 0, 1
5658, 497309857, 12, 0, 1
5663, 497315520, 25, 0, 1
11844, 497327364, 32, 0, 1
6138, 497333502, 18, 0, 1
7035, 497340537, 62, 8, 1
5658, 497346195, 18, 0, 1
11809, 497358004, 42, 0, 1
6133, 497364137, 19, 0, 1
5658, 497369795, 12, 0, 1
5658, 497375453, 11, 0, 1
11781, 497387234, 40, 0, 1
6138, 497393372, 14, 0, 1
5634, 497399006, 18, 0, 1
5658, 497404664, 18, 0, 1
11794, 497416458, 29, 0, 1
6130, 497422588, 26, 0, 1
5658, 497428246, 10, 0, 1
5652, 497433898, 13, 0, 1
11775, 497445673, 30, 0, 1
6095, 497451768, 27, 0, 1
5632, 497457400, 17, 0, 1
5622, 497463022, 22, 0, 1
11802, 497474824, 43, 0, 1
6138, 497480962, 18, 0, 1
5657, 497486619, 15, 0, 1
5649, 497492268, 18, 0, 1
11802, 497504070, 37, 0, 1
6158, 497510228, 16, 0, 1
5654, 497515882, 31, 0, 1
5652, 497521534, 17, 0, 1
11815, 497533349, 53, 0, 1
6138, 497539487, 15, 0, 1
5622, 497545109, 18, 0, 1
5652, 497550761, 22, 0, 1
11800, 497562561, 35, 0, 1
6138, 497568699, 17, 0, 1
5626, 497574325, 20, 0, 1
5652, 497579977, 12, 0, 1
11796, 497591773, 41, 0, 1
6135, 497597908, 33, 0, 1
5652, 497603560, 20, 0, 1
5636, 497609196, 25, 0, 1
11792, 497620988, 44, 0, 1
6138, 497627126, 19, 0, 1
5610, 497632736, 20, 0, 1
5632, 497638368, 22, 0, 1
11815, 497650183, 48, 0, 1
6138, 497656321, 17, 0, 1
5634, 497661955, 14, 0, 1
5658, 497667613, 10, 0, 1
11755, 497679368, 38, 0, 1
6120, 497685488, 19, 0, 1
5639, 497691127, 15, 0, 1
5652, 497696779, 14, 0, 1
11838, 497708617, 38, 0, 1
7515, 497716132, 50, 0, 1
5628, 497721760, 18, 0, 1
5658, 497727418, 10, 0, 1
11775, 497739193, 30, 0, 1
6151, 497745344, 14, 0, 1
5657, 497751001, 24, 0, 1
5640, 497756641, 22, 0, 1
11785, 497768426, 34, 0, 1
6138, 497774564, 20, 0, 1
5658, 497780222, 12, 0, 1
5658, 497785880, 11, 0, 1
11820, 497797700, 54, 0, 1
6138, 497803838, 17, 0, 1
5636, 497809474, 20, 0, 1
5657, 497815131, 28, 0, 1
11795, 497826926, 45, 0, 1
6151, 497833077, 14, 0, 1
5658, 497838735, 12, 0, 1
5658, 497844393, 9, 0, 1
11781, 497856174, 43, 0, 1
6138, 497862312, 16, 0, 1
5639, 497867951, 15, 0, 1
5658, 497873609, 9, 0, 1
11819, 497885428, 29, 0, 1
6132, 497891560, 19, 0, 1
5640, 497897200, 17, 0, 1
5652, 497902852, 23, 0, 1
11797, 497914649, 43, 0, 1
6138, 497920787, 17, 0, 1
5621, 497926408, 23, 0, 1
5658, 497932066, 13, 0, 1
11827, 497943893, 40, 0, 1
6138, 497950031, 17, 0, 1
5654, 497955685, 30, 0, 1
5658, 497961343, 12, 0, 1
11784, 497973127, 41, 0, 1
6151, 497979278, 18, 0, 1
5658, 497984936, 12, 0, 1
5638, 497990574, 19, 0, 1
11786, 498002360, 50, 0, 1
6138, 498008498, 18, 0, 1
5626, 498014124, 22, 0, 1
5616, 498019740, 20, 0, 1
11818, 498031558, 31, 0, 1
6132, 498037690, 20, 0, 1
5643, 498043333, 21, 0, 1
5657, 498048990, 26, 0, 1
11807, 498060797, 43, 0, 1
6145, 498066942, 26, 0, 1
5652, 498072594, 17, 0, 1
5646, 498078240, 26, 0, 1
13155, 498091395, 54, 0, 1
6132, 498097527, 21, 0, 1
5645, 498103172, 19, 0, 1
5645, 498108817, 15, 0, 1
11787, 498120604, 35, 0, 1
6138, 498126742, 18, 0, 1
5656, 498132398, 26, 0, 1
5655, 498138053, 27, 0, 1
11809, 498149862, 44, 0, 1
6126, 498155988, 24, 0, 1
5645, 498161633, 16, 0, 1
5646, 498167279, 20, 0, 1
11814, 498179093, 38, 0, 1
6125, 498185218, 25, 0, 1
5650, 498190868, 18, 0, 1
5651, 498196519, 26, 0, 1
11793, 498208312, 31, 0, 1
6136, 498214448, 28, 0, 1
5658, 498220106, 13, 0, 1
5652, 498225758, 12, 0, 1
11766, 498237524, 43, 0, 1
6139, 498243663, 15, 0, 1
5658, 498249321, 10, 0, 1
5657, 498254978, 27, 0, 1
11812, 498266790, 32, 0, 1
6138, 498272928, 13, 0, 1
5650, 498278578, 19, 0, 1
5646, 498284224, 24, 0, 1
11794, 498296018, 42, 0, 1
6151, 498302169, 15, 0, 1
5646, 498307815, 14, 0, 1
5687, 498313502, 31, 0, 1
11818, 498325320, 22, 0, 1
6129, 498331449, 27, 0, 1
5628, 498337077, 16, 0, 1
5658, 498342735, 10, 0, 1
11776, 498354511, 31, 0, 1
6138, 498360649, 17, 0, 1
5652, 498366301, 10, 0, 1
5645, 498371946, 20, 0, 1
11806, 498383752, 29, 0, 1
6138, 498389890, 16, 0, 1
5640, 498395530, 17, 0, 1
5657, 498401187, 26, 0, 1
11812, 498412999, 47, 0, 1
6138, 498419137, 17, 0, 1
5652, 498424789, 13, 0, 1
5658, 498430447, 10, 0, 1
11804, 498442251, 41, 0, 1
6171, 498448422, 21, 0, 1
5621, 498454043, 20, 0, 1
5640, 498459683, 16, 0, 1
13176, 498472859, 52, 0, 1
6138, 498478997, 15, 0, 1
5657, 498484654, 18, 0, 1
5654, 498490308, 25, 0, 1
11817, 498502125, 30, 0, 1
6136, 498508261, 26, 0, 1
5640, 498513901, 15, 0, 1
5657, 498519558, 25, 0, 1
11767, 498531325, 34, 0, 1
6151, 498537476, 16, 0, 1
5640, 498543116, 14, 0, 1
5646, 498548762, 12, 0, 1
11818, 498560580, 31, 0, 1
6138, 498566718, 14, 0, 1
5633, 498572351, 20, 0, 1
5656, 498578007, 28, 0, 1
11823, 498589830, 40, 0, 1
6138, 498595968, 17, 0, 1
5658, 498601626, 11, 0, 1
5632, 498607258, 21, 0, 1
11818, 498619076, 35, 0, 1
6138, 498625214, 19, 0, 1
5645, 498630859, 17, 0, 1
5661, 498636520, 30, 0, 1
11827, 498648347, 47, 0, 1
6137, 498654484, 26, 0, 1
5646, 498660130, 17, 0, 1
5652, 498665782, 17, 0, 1
11816, 498677598, 50, 0, 1
6127, 498683725, 20, 0, 1
914967, 499598692, 14786, 1980, 5
8571, 499607263, 795, 3, 1
13382, 499620645, 79, 0, 1
11981, 499632626, 364, 22, 1
6671, 499639297, 35, 0, 1
18030, 499657327, 439, 2, 1
14609, 499671936, 188, 4, 1
6602, 499678538, 30, 0, 1
1546757, 1546757, 36376, 763, 4
6263295, 7810052, 87948, 10146, 15
19085964, 26896016, 20153, 5097, 11
19151518, 46047534, 20174, 4598, 11
18995165, 65042699, 22061, 4992, 11
19573123, 84615822, 18323, 4781, 11
19419351, 104035173, 18579, 5121, 11
19574511, 123609684, 18888, 4949, 11
18357836, 141967520, 25151, 6084, 2
19509397, 161476917, 19542, 4982, 11
19152180, 180629097, 19059, 4892, 11
19471107, 200100204, 19110, 4464, 11
19458359, 219558563, 22074, 5193, 11
19574651, 239133214, 19318, 4797, 11
19002639, 258135853, 23359, 4668, 11
19396336, 277532189, 19200, 4673, 11
18953858, 296486047, 20592, 4965, 11
19389244, 315875291, 18961, 4942, 11
19253916, 335129207, 19243, 4871, 11
19693319, 354822526, 18916, 5203, 11
19452365, 374274891, 19908, 4966, 11
19713072, 393987963, 18605, 5056, 11
19635628, 413623591, 18732, 5122, 11
19628057, 433251648, 18777, 4724, 11
19588563, 452840211, 19326, 5179, 11
19520627, 472360838, 19728, 5218, 11
17336764, 489697602, 31545, 3146, 7
6653959, 496351561, 12603, 314, 6
11782, 496363343, 408, 3, 1
6126, 496369469, 22, 0, 1
5651, 496375120, 18, 0, 1
5652, 496380772, 26, 0, 1
11758, 496392530, 32, 0, 1
6133, 496398663, 17, 0, 1
5634, 496404297, 14, 0, 1
5657, 496409954, 20, 0, 1
11828, 496421782, 42, 0, 1
6138, 496427920, 15, 0, 1
5621, 496433541, 17, 0, 1
5658, 496439199, 9, 0, 1
11831, 496451030, 24, 0, 1
6138, 496457168, 13, 0, 1
5645, 496462813, 18, 0, 1
5657, 496468470, 18, 0, 1
11818, 496480288, 25, 0, 1
6138, 496486426, 12, 0, 1
5639, 496492065, 12, 0, 1
5657, 496497722, 17, 0, 1
13183, 496510905, 121, 15, 1
6138, 496517043, 16, 0, 1
5658, 496522701, 10, 0, 1
5659, 496528360, 21, 0, 1
11800, 496540160, 34, 0, 1
6151, 496546311, 14, 0, 1
5622, 496551933, 17, 0, 1
5640, 496557573, 14, 0, 1
11792, 496569365, 39, 0, 1
6138, 496575503, 15, 0, 1
5648, 496581151, 23, 0, 1
5658, 496586809, 12, 0, 1
11817, 496598626, 39, 0, 1
6138, 496604764, 15, 0, 1
5658, 496610422, 14, 0, 1
5633, 496616055, 23, 0, 1
11815, 496627870, 35, 0, 1
6136, 496634006, 30, 0, 1
5650, 496639656, 22, 0, 1
5658, 496645314, 13, 0, 1
11797, 496657111, 37, 0, 1
6138, 496663249, 23, 0, 1
5646, 496668895, 18, 0, 1
5658, 496674553, 10, 0, 1
11805, 496686358, 42, 0, 1
6145, 496692503, 14, 0, 1
5640, 496698143, 15, 0, 1
5651, 496703794, 21, 0, 1
11794, 496715588, 41, 0, 1
6132, 496721720, 25, 0, 1
5673, 496727393, 30, 0, 1
5658, 496733051, 12, 0, 1
11808, 496744859, 45, 0, 1
6138, 496750997, 16, 0, 1
5649, 496756646, 26, 0, 1
5650, 496762296, 18, 0, 1
11800, 496774096, 56, 0, 1
6151, 496780247, 15, 0, 1
5648, 496785895, 26, 0, 1
5668, 496791563, 33, 0, 1
11781, 496803344, 38, 0, 1
6138, 496809482, 14, 0, 1
5652, 496815134, 15, 0, 1
5637, 496820771, 21, 0, 1
11799, 496832570, 40, 0, 1
6138, 496838708, 17, 0, 1
5652, 496844360, 19, 0, 1
5652, 496850012, 15, 0, 1
11781, 496861793, 34, 0, 1
6108, 496867901, 24, 0, 1
5657, 496873558, 13, 0, 1
7035, 496880593, 28, 2, 1
12978, 496893571, 82, 0, 1
6633, 496900204, 33, 0, 1
6332, 496906536, 23, 0, 1
5635, 496912171, 24, 0, 1
12724, 496924895, 49, 0, 1
6116, 496931011, 15, 0, 1
6115, 496937126, 24, 0, 1
6110, 496943236, 23, 0, 1
12214, 496955450, 40, 0, 1
6116, 496961566, 19, 0, 1
6137, 496967703, 26, 0, 1
6116, 496973819, 19, 0, 1
12212, 496986031, 38, 0, 1
6098, 496992129, 24, 0, 1
6110, 496998239, 35, 0, 1
6098, 497004337, 26, 0, 1
12202, 497016539, 43, 0, 1
6116, 497022655, 17, 0, 1
6103, 497028758, 20, 0, 1
6130, 497034888, 34, 0, 1
11774, 497046662, 27, 0, 1
6138, 497052800, 16, 0, 1
6091, 497058891, 29, 0, 1
5615, 497064506, 22, 0, 1
11790, 497076296, 47, 0, 1
6138, 497082434, 14, 0, 1
5660, 497088094, 25, 0, 1
5651, 497093745, 20, 0, 1
11817, 497105562, 30, 0, 1
6151, 497111713, 16, 0, 1
5622, 497117335, 19, 0, 1
5652, 497122987, 15, 0, 1
11810, 497134797, 30, 0, 1
6138, 497140935, 15, 0, 1
5640, 497146575, 17, 0, 1
5658, 497152233, 12, 0, 1
23318, 497175551, 423, 7, 1
6132, 497181683, 33, 0, 1
5652, 497187335, 11, 0, 1
5652, 497192987, 13, 0, 1
11774, 497204761, 39, 0, 1
6132, 497210893, 21, 0, 1
5615, 497216508, 21, 0, 1
5652, 497222160, 12, 0, 1
11782, 497233942, 33, 0, 1
6125, 497240067, 24, 0, 1
5658, 497245725, 9, 0, 1
5658, 497251383, 12, 0, 1
11758, 497263141, 40, 0, 1
7528, 497270669, 34, 0, 1
5658, 497276327, 14, 0, 1
5658, 497281985, 15, 0, 1
11792, 497293777, 44, 0, 1
6124, 497299901, 24, 0, 1
5640, 497305541, 20, 0, 1
5658, 497311199, 13, 0, 1
11830, 497323029, 32, 0, 1
6149, 497329178, 31, 0, 1
5658, 497334836, 13, 0, 1
5645, 497340481, 20, 0, 1
11758, 497352239, 31, 0, 1
6164, 497358403, 16, 0, 1
5636, 497364039, 22, 0, 1
5658, 497369697, 23, 0, 1
11780, 497381477, 34, 0, 1
6138, 497387615, 16, 0, 1
5658, 497393273, 11, 0, 1
5655, 497398928, 31, 0, 1
11807, 497410735, 29, 0, 1
6138, 497416873, 19, 0, 1
5646, 497422519, 23, 0, 1
5654, 497428173, 26, 0, 1
11820, 497439993, 49, 0, 1
6145, 497446138, 18, 0, 1
5652, 497451790, 25, 0, 1
5652, 497457442, 15, 0, 1
11813, 497469255, 33, 0, 1
6138, 497475393, 15, 0, 1
5656, 497481049, 27, 0, 1
5658, 497486707, 11, 0, 1
11800, 497498507, 27, 0, 1
6133, 497504640, 23, 0, 1
5652, 497510292, 9, 0, 1
5646, 497515938, 18, 0, 1
11824, 497527762, 35, 0, 1
6138, 497533900, 18, 0, 1
5639, 497539539, 22, 0, 1
5658, 497545197, 13, 0, 1
11771, 497556968, 35, 0, 1
6138, 497563106, 16, 0, 1
5642, 497568748, 23, 0, 1
5658, 497574406, 12, 0, 1
11785, 497586191, 34, 0, 1
6151, 497592342, 15, 0, 1
5562, 497597904, 19, 0, 1
5658, 497603562, 11, 0, 1
11783, 497615345, 45, 0, 1
6138, 497621483, 17, 0, 1
5638, 497627121, 19, 0, 1
5657, 497632778, 22, 0, 1
13172, 497645950, 47, 0, 1
6138, 497652088, 16, 0, 1
5658, 497657746, 10, 0, 1
5658, 497663404, 10, 0, 1
11768, 497675172, 36, 0, 1
6138, 497681310, 14, 0, 1
5625, 497686935, 21, 0, 1
5643, 497692578, 24, 0, 1
11799, 497704377, 37, 0, 1
6138, 497710515, 16, 0, 1
5645, 497716160, 21, 0, 1
5645, 497721805, 24, 0, 1
11812, 497733617, 29, 0, 1
6171, 497739788, 17, 0, 1
5634, 497745422, 17, 0, 1
5658, 497751080, 8, 0, 1
11775, 497762855, 29, 0, 1
6138, 497768993, 15, 0, 1
5640, 497774633, 19, 0, 1
5657, 497780290, 22, 0, 1
11818, 497792108, 33, 0, 1
6122, 497798230, 32, 0, 1
5658, 497803888, 10, 0, 1
5651, 497809539, 21, 0, 1
12230, 497821769, 44, 0, 1
6144, 497827913, 25, 0, 1
5658, 497833571, 13, 0, 1
5627, 497839198, 21, 0, 1
11800, 497850998, 20, 0, 1
6142, 497857140, 34, 0, 1
5645, 497862785, 18, 0, 1
5658, 497868443, 9, 0, 1
11811, 497880254, 36, 0, 1
6117, 497886371, 28, 0, 1
5651, 497892022, 14, 0, 1
11797, 497903819, 43, 0, 1
5656, 497909475, 25, 0, 1
6138, 497915613, 17, 0, 1
5645, 497921258, 14, 0, 1
11805, 497933063, 37, 0, 1
5645, 497938708, 23, 0, 1
6138, 497944846, 17, 0, 1
5634, 497950480, 17, 0, 1
11817, 497962297, 25, 0, 1
5639, 497967936, 16, 0, 1
6151, 497974087, 17, 0, 1
5658, 497979745, 10, 0, 1
11804, 497991549, 32, 0, 1
5658, 497997207, 8, 0, 1
6136, 498003343, 27, 0, 1
5658, 498009001, 7, 0, 1
14083, 498023084, 112, 7, 1
5658, 498028742, 15, 0, 1
6138, 498034880, 18, 0, 1
5648, 498040528, 28, 0, 1
11811, 498052339, 30, 0, 1
5652, 498057991, 15, 0, 1
6151, 498064142, 16, 0, 1
5651, 498069793, 22, 0, 1
11809, 498081602, 44, 0, 1
5658, 498087260, 12, 0, 1
6138, 498093398, 15, 0, 1
5640, 498099038, 21, 0, 1
11824, 498110862, 31, 0, 1
5645, 498116507, 17, 0, 1
6138, 498122645, 14, 0, 1
5652, 498128297, 10, 0, 1
11805, 498140102, 28, 0, 1
5650, 498145752, 23, 0, 1
6138, 498151890, 15, 0, 1
5627, 498157517, 18, 0, 1
11829, 498169346, 40, 0, 1
5658, 498175004, 13, 0, 1
6138, 498181142, 21, 0, 1
5646, 498186788, 17, 0, 1
11793, 498198581, 31, 0, 1
5656, 498204237, 21, 0, 1
6151, 498210388, 14, 0, 1
5658, 498216046, 10, 0, 1
11808, 498227854, 35, 0, 1
5658, 498233512, 10, 0, 1
6126, 498239638, 23, 0, 1
5643, 498245281, 21, 0, 1
11807, 498257088, 25, 0, 1
5663, 498262751, 22, 0, 1
6138, 498268889, 17, 0, 1
5658, 498274547, 14, 0, 1
11823, 498286370, 45, 0, 1
5633, 498292003, 19, 0, 1
6125, 498298128, 30, 0, 1
5657, 498303785, 16, 0, 1
11810, 498315595, 36, 0, 1
5628, 498321223, 23, 0, 1
6138, 498327361, 15, 0, 1
5652, 498333013, 13, 0, 1
11834, 498344847, 34, 0, 1
5658, 498350505, 10, 0, 1
6125, 498356630, 21, 0, 1
5658, 498362288, 12, 0, 1
11770, 498374058, 32, 0, 1
5658, 498379716, 13, 0, 1
6131, 498385847, 25, 0, 1
5666, 498391513, 32, 0, 1
13190, 498404703, 44, 0, 1
5648, 498410351, 27, 0, 1
6111, 498416462, 28, 0, 1
5640, 498422102, 14, 0, 1
11769, 498433871, 33, 0, 1
5658, 498439529, 12, 0, 1
6136, 498445665, 25, 0, 1
5658, 498451323, 10, 0, 1
11812, 498463135, 25, 0, 1
5657, 498468792, 20, 0, 1
6138, 498474930, 18, 0, 1
5658, 498480588, 11, 0, 1
11831, 498492419, 29, 0, 1
5657, 498498076, 22, 0, 1
6096, 498504172, 26, 0, 1
5638, 498509810, 23, 0, 1
11794, 498521604, 34, 0, 1
5656, 498527260, 24, 0, 1
6121, 498533381, 22, 0, 1
5658, 498539039, 15, 0, 1
11792, 498550831, 37, 0, 1
5658, 498556489, 13, 0, 1
6138, 498562627, 18, 0, 1
5658, 498568285, 9, 0, 1
20635, 498588920, 184, 7, 1
5650, 498594570, 32, 0, 1
6111, 498600681, 30, 0, 1
5649, 498606330, 26, 0, 1
11787, 498618117, 40, 0, 1
5652, 498623769, 21, 0, 1
6138, 498629907, 18, 0, 1
918737, 499548644, 15648, 1908, 5
12449, 499561093, 638, 0, 1
6718, 499567811, 42, 0, 1
6656, 499574467, 28, 0, 1
11935, 499586402, 354, 28, 1
13116, 499599518, 64, 1, 1
17958, 499617476, 417, 5, 1
8699, 499626175, 172, 5, 1
3372436, 3372436, 65452, 1930, 14
10444627, 13817063, 64206, 10098, 17
19291807, 33108870, 19394, 4829, 11
18833179, 51942049, 24476, 5257, 11
19371487, 71313536, 19078, 4664, 11
19566942, 90880478, 18867, 4779, 11
19012910, 109893388, 22660, 6130, 2
18627939, 128521327, 22834, 5535, 11
19186969, 147708296, 19553, 4854, 11
19783285, 167491581, 19553, 4998, 11
19523860, 187015441, 22632, 4438, 11
19395814, 206411255, 20568, 5096, 11
19550798, 225962053, 19958, 4905, 11
19355690, 245317743, 19937, 4622, 11
18337006, 263654749, 25613, 4761, 11
19213516, 282868265, 18762, 4622, 11
19251046, 302119311, 19024, 4903, 11
19608853, 321728164, 18741, 5147, 11
19648198, 341376362, 19259, 5010, 11
19687823, 361064185, 18666, 5253, 11
19670137, 380734322, 18752, 4940, 11
19575043, 400309365, 18621, 5061, 11
19591823, 419901188, 19467, 5088, 11
19636264, 439537452, 18533, 4816, 11
19594138, 459131590, 18541, 5257, 11
19604017, 478735607, 18949, 5260, 11
13357536, 492093143, 30035, 1405, 19
4243334, 496336477, 8804, 276, 6
5653, 496342130, 21, 0, 1
5658, 496347788, 11, 0, 1
11812, 496359600, 42, 0, 1
6138, 496365738, 20, 0, 1
5658, 496371396, 10, 0, 1
5658, 496377054, 9, 0, 1
11798, 496388852, 47, 0, 1
6138, 496394990, 18, 0, 1
5658, 496400648, 12, 0, 1
5632, 496406280, 20, 0, 1
11774, 496418054, 53, 0, 1
6138, 496424192, 14, 0, 1
5658, 496429850, 14, 0, 1
5633, 496435483, 24, 0, 1
11819, 496447302, 36, 0, 1
6138, 496453440, 16, 0, 1
5625, 496459065, 20, 0, 1
5658, 496464723, 8, 0, 1
11761, 496476484, 42, 1, 1
14780, 496491264, 285, 55, 1
5638, 496496902, 42, 0, 1
5655, 496502557, 28, 0, 1
11832, 496514389, 42, 0, 1
6116, 496520505, 27, 0, 1
5640, 496526145, 22, 0, 1
5647, 496531792, 28, 0, 1
11800, 496543592, 42, 0, 1
6138, 496549730, 21, 0, 1
5634, 496555364, 18, 0, 1
5646, 496561010, 13, 0, 1
11806, 496572816, 32, 0, 1
6151, 496578967, 18, 0, 1
5628, 496584595, 18, 0, 1
5661, 496590256, 23, 0, 1
11814, 496602070, 41, 0, 1
6138, 496608208, 18, 0, 1
7039, 496615247, 100, 4, 1
5647, 496620894, 27, 0, 1
11826, 496632720, 37, 0, 1
6112, 496638832, 26, 0, 1
5658, 496644490, 11, 0, 1
5649, 496650139, 24, 0, 1
11785, 496661924, 31, 0, 1
6138, 496668062, 18, 1, 1
5645, 496673707, 21, 0, 1
5638, 496679345, 21, 0, 1
11782, 496691127, 36, 0, 1
6138, 496697265, 16, 0, 1
5627, 496702892, 19, 0, 1
5658, 496708550, 12, 0, 1
11806, 496720356, 31, 0, 1
6151, 496726507, 18, 0, 1
5640, 496732147, 20, 0, 1
5658, 496737805, 11, 0, 1
11771, 496749576, 50, 0, 1
6138, 496755714, 17, 0, 1
5657, 496761371, 19, 0, 1
5650, 496767021, 24, 0, 1
11811, 496778832, 42, 0, 1
6138, 496784970, 15, 0, 1
5658, 496790628, 15, 0, 1
5651, 496796279, 20, 0, 1
11805, 496808084, 37, 0, 1
6171, 496814255, 16, 0, 1
5652, 496819907, 17, 0, 1
5652, 496825559, 16, 0, 1
11780, 496837339, 40, 0, 1
6138, 496843477, 16, 0, 1
5652, 496849129, 18, 0, 1
5658, 496854787, 13, 0, 1
11807, 496866594, 39, 0, 1
6664, 496873258, 69, 0, 1
6333, 496879591, 24, 0, 1
5637, 496885228, 18, 0, 1
12975, 496898203, 44, 0, 1
6601, 496904804, 21, 0, 1
6109, 496910913, 23, 0, 1
5657, 496916570, 27, 0, 1
12223, 496928793, 35, 0, 1
6112, 496934905, 34, 0, 1
6098, 496941003, 17, 0, 1
6116, 496947119, 16, 0, 1
12183, 496959302, 42, 0, 1
6116, 496965418, 19, 0, 1
6116, 496971534, 17, 0, 1
6080, 496977614, 25, 0, 1
12227, 496989841, 42, 0, 1
7493, 496997334, 33, 1, 1
6090, 497003424, 25, 0, 1
6129, 497009553, 17, 0, 1
12190, 497021743, 41, 0, 1
6110, 497027853, 13, 0, 1
6074, 497033927, 24, 0, 1
5651, 497039578, 20, 0, 1
12235, 497051813, 30, 0, 1
6116, 497057929, 25, 0, 1
6110, 497064039, 16, 0, 1
5645, 497069684, 20, 0, 1
11766, 497081450, 30, 0, 1
6138, 497087588, 15, 0, 1
5637, 497093225, 23, 0, 1
5658, 497098883, 10, 0, 1
11809, 497110692, 39, 0, 1
6125, 497116817, 20, 0, 1
5638, 497122455, 22, 0, 1
5646, 497128101, 13, 0, 1
11814, 497139915, 41, 0, 1
6138, 497146053, 17, 0, 1
5658, 497151711, 9, 0, 1
5652, 497157363, 20, 0, 1
11817, 497169180, 32, 0, 1
6131, 497175311, 26, 0, 1
5656, 497180967, 22, 0, 1
5651, 497186618, 22, 0, 1
11818, 497198436, 23, 0, 1
6158, 497204594, 21, 0, 1
5642, 497210236, 24, 0, 1
5655, 497215891, 27, 0, 1
11769, 497227660, 33, 0, 1
6143, 497233803, 32, 0, 1
5644, 497239447, 18, 0, 1
5650, 497245097, 24, 0, 1
20848, 497265945, 328, 17, 1
6138, 497272083, 24, 0, 1
5636, 497277719, 25, 0, 1
5632, 497283351, 24, 0, 1
11798, 497295149, 46, 0, 1
6133, 497301282, 18, 0, 1
5658, 497306940, 8, 0, 1
5651, 497312591, 18, 0, 1
11811, 497324402, 38, 0, 1
6138, 497330540, 15, 0, 1
5622, 497336162, 16, 0, 1
5631, 497341793, 23, 0, 1
11803, 497353596, 37, 0, 1
6143, 497359739, 33, 0, 1
5658, 497365397, 13, 0, 1
5658, 497371055, 10, 0, 1
13170, 497384225, 46, 0, 1
6120, 497390345, 25, 0, 1
5643, 497395988, 22, 0, 1
5672, 497401660, 27, 0, 1
12673, 497414333, 110, 9, 1
6138, 497420471, 16, 0, 1
5610, 497426081, 20, 0, 1
5652, 497431733, 20, 0, 1
11806, 497443539, 30, 0, 1
6132, 497449671, 21, 0, 1
5640, 497455311, 11, 0, 1
5656, 497460967, 25, 0, 1
11805, 497472772, 48, 0, 1
6112, 497478884, 22, 0, 1
5652, 497484536, 13, 0, 1
5643, 497490179, 24, 0, 1
11801, 497501980, 32, 0, 1
6138, 497508118, 17, 0, 1
5634, 497513752, 16, 0, 1
5652, 497519404, 13, 0, 1
11808, 497531212, 38, 0, 1
6151, 497537363, 19, 0, 1
5633, 497542996, 23, 0, 1
5643, 497548639, 26, 0, 1
11805, 497560444, 33, 0, 1
6145, 497566589, 18, 0, 1
5647, 497572236, 25, 0, 1
5622, 497577858, 19, 0, 1
11819, 497589677, 30, 0, 1
6123, 497595800, 35, 0, 1
5658, 497601458, 10, 0, 1
5651, 497607109, 12, 0, 1
11779, 497618888, 35, 0, 1
6138, 497625026, 14, 0, 1
5639, 497630665, 15, 0, 1
5659, 497636324, 28, 0, 1
11823, 497648147, 29, 0, 1
6138, 497654285, 18, 0, 1
5645, 497659930, 15, 0, 1
5672, 497665602, 30, 0, 1
11791, 497677393, 37, 0, 1
6151, 497683544, 15, 0, 1
5644, 497689188, 27, 0, 1
5652, 497694840, 16, 0, 1
11833, 497706673, 33, 0, 1
6132, 497712805, 23, 0, 1
5657, 497718462, 23, 0, 1
5667, 497724129, 25, 0, 1
11813, 497735942, 22, 0, 1
6138, 497742080, 16, 0, 1
5639, 497747719, 17, 0, 1
5658, 497753377, 11, 0, 1
13193, 497766570, 46, 0, 1
6133, 497772703, 20, 0, 1
5658, 497778361, 11, 0, 1
5632, 497783993, 20, 0, 1
11815, 497795808, 32, 0, 1
6096, 497801904, 24, 0, 1
6108, 497808012, 30, 0, 1
11789, 497819801, 32, 0, 1
5658, 497825459, 12, 0, 1
6138, 497831597, 15, 0, 1
5633, 497837230, 17, 0, 1
11803, 497849033, 33, 0, 1
5658, 497854691, 10, 0, 1
6132, 497860823, 19, 0, 1
5643, 497866466, 26, 0, 1
11810, 497878276, 32, 0, 1
5649, 497883925, 20, 0, 1
6138, 497890063, 19, 0, 1
5658, 497895721, 11, 0, 1
11796, 497907517, 33, 0, 1
5658, 497913175, 12, 0, 1
6151, 497919326, 15, 0, 1
5649, 497924975, 19, 0, 1
11818, 497936793, 20, 0, 1
5658, 497942451, 12, 0, 1
6125, 497948576, 26, 0, 1
5651, 497954227, 17, 0, 1
11838, 497966065, 45, 0, 1
5644, 497971709, 18, 0, 1
6120, 497977829, 17, 0, 1
5651, 497983480, 19, 0, 1
11794, 497995274, 23, 0, 1
5658, 498000932, 11, 0, 1
6151, 498007083, 19, 0, 1
5632, 498012715, 22, 0, 1
11805, 498024520, 39, 0, 1
5652, 498030172, 15, 0, 1
6116, 498036288, 28, 0, 1
5658, 498041946, 9, 0, 1
11801, 498053747, 28, 0, 1
5650, 498059397, 19, 0, 1
6138, 498065535, 18, 0, 1
5634, 498071169, 17, 0, 1
11787, 498082956, 30, 0, 1
5662, 498088618, 21, 0, 1
6125, 498094743, 23, 0, 1
5658, 498100401, 11, 0, 1
11834, 498112235, 34, 0, 1
5658, 498117893, 12, 0, 1
6122, 498124015, 29, 0, 1
5646, 498129661, 19, 0, 1
13169, 498142830, 48, 0, 1
5645, 498148475, 16, 0, 1
6151, 498154626, 17, 0, 1
5645, 498160271, 22, 0, 1
11810, 498172081, 30, 0, 1
5626, 498177707, 23, 0, 1
6119, 498183826, 23, 0, 1
5644, 498189470, 28, 0, 1
11800, 498201270, 38, 0, 1
5658, 498206928, 13, 0, 1
6138, 498213066, 18, 0, 1
5651, 498218717, 13, 0, 1
11794, 498230511, 23, 0, 1
5652, 498236163, 14, 0, 1
6139, 498242302, 18, 0, 1
5646, 498247948, 14, 0, 1
11785, 498259733, 31, 0, 1
5630, 498265363, 22, 0, 1
6119, 498271482, 22, 0, 1
5658, 498277140, 14, 0, 1
11829, 498288969, 38, 0, 1
5658, 498294627, 12, 0, 1
6145, 498300772, 16, 0, 1
5626, 498306398, 19, 0, 1
11804, 498318202, 41, 0, 1
5640, 498323842, 16, 0, 1
6119, 498329961, 19, 0, 1
5622, 498335583, 23, 0, 1
11814, 498347397, 41, 0, 1
5631, 498353028, 24, 0, 1
6101, 498359129, 26, 0, 1
5658, 498364787, 10, 0, 1
11780, 498376567, 42, 0, 1
5646, 498382213, 14, 0, 1
6138, 498388351, 20, 0, 1
5644, 498393995, 18, 0, 1
11793, 498405788, 33, 0, 1
5655, 498411443, 29, 0, 1
6125, 498417568, 22, 0, 1
5658, 498423226, 10, 0, 1
11772, 498434998, 44, 0, 1
5622, 498440620, 20, 0, 1
6138, 498446758, 14, 0, 1
5621, 498452379, 20, 0, 1
11797, 498464176, 38, 0, 1
5652, 498469828, 14, 0, 1
6132, 498475960, 24, 0, 1
5610, 498481570, 18, 0, 1
11805, 498493375, 28, 0, 1
5658, 498499033, 13, 0, 1
6138, 498505171, 17, 0, 1
6992, 498512163, 39, 0, 1
11809, 498523972, 35, 0, 1
5658, 498529630, 12, 0, 1
6137, 498535767, 27, 0, 1
5658, 498541425, 13, 0, 1
11790, 498553215, 44, 0, 1
5658, 498558873, 10, 0, 1
6138, 498565011, 18, 0, 1
5630, 498570641, 24, 0, 1
11789, 498582430, 42, 0, 1
5668, 498588098, 26, 0, 1
6131, 498594229, 31, 0, 1
5625, 498599854, 21, 0, 1
11799, 498611653, 49, 0, 1
5646, 498617299, 19, 0, 1
9478, 498626777, 173, 9, 1
893265, 499520042, 15119, 1682, 5
13372, 499533414, 115, 0, 1
12077, 499545491, 364, 25, 1
6381, 499551872, 46, 0, 1
6728, 499558600, 30, 0, 1
14919, 499573519, 140, 6, 1
6332, 499579851, 28, 0, 1
6640, 499586491, 25, 0, 1
