3424947, 3424947, 66066, 152, 14
11987656, 15412603, 66427, 1310, 8
19519991, 34932594, 18612, 672, 3
19048230, 53980824, 23598, 803, 3
19314810, 73295634, 18276, 756, 3
19602056, 92897690, 18604, 409, 3
19371874, 112269564, 21829, 575, 3
18800210, 131069774, 21777, 542, 3
19292659, 150362433, 19274, 257, 3
19887989, 170250422, 19001, 760, 3
19672211, 189922633, 21819, 289, 3
19595418, 209518051, 19330, 706, 3
19662884, 229180935, 19229, 532, 3
19458660, 248639595, 19617, 553, 3
18369574, 267009169, 25804, 453, 3
19346455, 286355624, 18933, 721, 3
19464827, 305820451, 18996, 433, 3
19765494, 325585945, 18808, 340, 3
19802749, 345388694, 20027, 851, 3
19639518, 365028212, 19033, 305, 3
19854195, 384882407, 18915, 577, 3
19662506, 404544913, 18461, 514, 3
19815018, 424359931, 19456, 372, 3
19779246, 444139177, 18858, 211, 3
19683008, 463822185, 19532, 813, 3
19584407, 483406592, 20315, 650, 3
10808630, 494215222, 28231, 15, 12
2141023, 496356245, 5661, 23, 5
5648, 496361893, 33, 0, 1
5658, 496367551, 13, 0, 1
11801, 496379352, 56, 0, 1
14739, 496394091, 280, 7, 1
5658, 496399749, 37, 0, 1
5658, 496405407, 11, 0, 1
11806, 496417213, 40, 0, 1
6138, 496423351, 13, 0, 1
5621, 496428972, 23, 0, 1
5652, 496434624, 11, 0, 1
11798, 496446422, 49, 0, 1
6132, 496452554, 19, 0, 1
5650, 496458204, 19, 0, 1
5657, 496463861, 15, 0, 1
11784, 496475645, 45, 0, 1
6151, 496481796, 15, 0, 1
5632, 496487428, 22, 0, 1
5643, 496493071, 22, 0, 1
11805, 496504876, 49, 0, 1
6138, 496511014, 15, 0, 1
5657, 496516671, 25, 0, 1
5640, 496522311, 15, 0, 1
11825, 496534136, 31, 0, 1
6138, 496540274, 16, 0, 1
5657, 496545931, 19, 0, 1
5658, 496551589, 10, 0, 1
11817, 496563406, 53, 0, 1
6138, 496569544, 15, 0, 1
5652, 496575196, 14, 0, 1
5645, 496580841, 17, 0, 1
11800, 496592641, 46, 0, 1
6138, 496598779, 18, 0, 1
5616, 496604395, 19, 0, 1
5658, 496610053, 29, 0, 1
11793, 496621846, 46, 0, 1
6131, 496627977, 32, 0, 1
5659, 496633636, 11, 0, 1
5652, 496639288, 13, 0, 1
11757, 496651045, 38, 0, 1
6141, 496657186, 31, 0, 1
5652, 496662838, 24, 0, 1
5652, 496668490, 12, 0, 1
11818, 496680308, 37, 0, 1
6120, 496686428, 22, 0, 1
7005, 496693433, 101, 0, 1
5657, 496699090, 20, 0, 1
11788, 496710878, 32, 0, 1
6139, 496717017, 21, 0, 1
5658, 496722675, 11, 0, 1
5627, 496728302, 21, 0, 1
11775, 496740077, 39, 0, 1
6138, 496746215, 18, 0, 1
5633, 496751848, 21, 0, 1
5645, 496757493, 28, 0, 1
11848, 496769341, 49, 0, 1
6138, 496775479, 18, 0, 1
5628, 496781107, 17, 0, 1
5651, 496786758, 13, 0, 1
11772, 496798530, 44, 0, 1
6138, 496804668, 14, 0, 1
5633, 496810301, 17, 0, 1
5646, 496815947, 19, 0, 1
11831, 496827778, 22, 0, 1
6138, 496833916, 18, 0, 1
5646, 496839562, 11, 0, 1
5658, 496845220, 11, 0, 1
11799, 496857019, 43, 0, 1
6125, 496863144, 26, 0, 1
5664, 496868808, 14, 0, 1
5658, 496874466, 11, 0, 1
12503, 496886969, 75, 0, 1
6624, 496893593, 44, 0, 1
6355, 496899948, 25, 0, 1
6332, 496906280, 24, 0, 1
12282, 496918562, 34, 0, 1
6143, 496924705, 29, 0, 1
5645, 496930350, 15, 0, 1
5649, 496935999, 27, 0, 1
12429, 496948428, 51, 0, 1
6128, 496954556, 24, 0, 1
6116, 496960672, 17, 0, 1
6104, 496966776, 23, 0, 1
12178, 496978954, 36, 0, 1
6116, 496985070, 14, 0, 1
6086, 496991156, 23, 0, 1
6103, 496997259, 22, 0, 1
12190, 497009449, 39, 0, 1
6079, 497015528, 25, 0, 1
5658, 497021186, 11, 0, 1
5657, 497026843, 18, 0, 1
12228, 497039071, 42, 0, 1
6109, 497045180, 24, 0, 1
5640, 497050820, 18, 0, 1
5652, 497056472, 16, 0, 1
11820, 497068292, 23, 0, 1
7509, 497075801, 31, 0, 1
5621, 497081422, 17, 0, 1
5658, 497087080, 19, 0, 1
11805, 497098885, 29, 0, 1
6132, 497105017, 24, 0, 1
5658, 497110675, 12, 0, 1
5658, 497116333, 9, 0, 1
11806, 497128139, 24, 0, 1
6138, 497134277, 14, 0, 1
6096, 497140373, 27, 0, 1
5658, 497146031, 13, 0, 1
20866, 497166897, 319, 3, 1
6096, 497172993, 31, 0, 1
6115, 497179108, 25, 0, 1
5643, 497184751, 24, 0, 1
11772, 497196523, 46, 0, 1
6151, 497202674, 14, 0, 1
5649, 497208323, 26, 0, 1
5632, 497213955, 23, 0, 1
11839, 497225794, 41, 0, 1
6138, 497231932, 16, 0, 1
5631, 497237563, 24, 0, 1
5658, 497243221, 11, 0, 1
11812, 497255033, 41, 0, 1
6138, 497261171, 15, 0, 1
5646, 497266817, 15, 0, 1
5644, 497272461, 28, 0, 1
11798, 497284259, 47, 0, 1
6138, 497290397, 16, 0, 1
5638, 497296035, 24, 0, 1
5645, 497301680, 25, 0, 1
11823, 497313503, 28, 0, 1
6138, 497319641, 12, 0, 1
5641, 497325282, 23, 0, 1
5661, 497330943, 27, 0, 1
11811, 497342754, 42, 0, 1
6151, 497348905, 16, 0, 1
5628, 497354533, 16, 0, 1
5658, 497360191, 11, 0, 1
11766, 497371957, 47, 0, 1
6114, 497378071, 25, 0, 1
5631, 497383702, 22, 0, 1
5658, 497389360, 11, 0, 1
11815, 497401175, 35, 0, 1
6122, 497407297, 26, 0, 1
5658, 497412955, 32, 0, 1
5658, 497418613, 11, 0, 1
11808, 497430421, 50, 0, 1
6127, 497436548, 27, 0, 1
5658, 497442206, 11, 0, 1
5658, 497447864, 7, 0, 1
13179, 497461043, 54, 0, 1
6145, 497467188, 16, 0, 1
5616, 497472804, 13, 0, 1
5651, 497478455, 20, 0, 1
11816, 497490271, 30, 0, 1
6132, 497496403, 17, 0, 1
5631, 497502034, 21, 0, 1
5637, 497507671, 20, 0, 1
11816, 497519487, 41, 0, 1
6138, 497525625, 17, 0, 1
5628, 497531253, 17, 0, 1
5658, 497536911, 11, 0, 1
11780, 497548691, 47, 0, 1
6138, 497554829, 17, 0, 1
5638, 497560467, 23, 0, 1
5658, 497566125, 11, 0, 1
11820, 497577945, 35, 0, 1
6151, 497584096, 13, 0, 1
5658, 497589754, 13, 0, 1
5660, 497595414, 26, 0, 1
11798, 497607212, 29, 0, 1
6114, 497613326, 23, 0, 1
5657, 497618983, 27, 0, 1
5638, 497624621, 17, 0, 1
11791, 497636412, 47, 0, 1
6132, 497642544, 21, 0, 1
5658, 497648202, 15, 0, 1
5650, 497653852, 24, 0, 1
11791, 497665643, 36, 0, 1
6164, 497671807, 35, 0, 1
5658, 497677465, 12, 0, 1
5646, 497683111, 12, 0, 1
11799, 497694910, 38, 0, 1
6113, 497701023, 25, 0, 1
5645, 497706668, 17, 0, 1
5658, 497712326, 10, 0, 1
11770, 497724096, 30, 0, 1
6138, 497730234, 15, 0, 1
5652, 497735886, 19, 0, 1
5638, 497741524, 22, 0, 1
11797, 497753321, 42, 0, 1
6131, 497759452, 30, 0, 1
5638, 497765090, 23, 0, 1
5655, 497770745, 30, 0, 1
11823, 497782568, 28, 0, 1
6138, 497788706, 15, 0, 1
5627, 497794333, 16, 0, 1
5657, 497799990, 20, 0, 1
11817, 497811807, 30, 0, 1
6177, 497817984, 14, 1, 1
5658, 497823642, 14, 0, 1
5658, 497829300, 10, 0, 1
13198, 497842498, 47, 0, 1
6138, 497848636, 15, 0, 1
5633, 497854269, 18, 0, 1
5652, 497859921, 20, 0, 1
11829, 497871750, 40, 0, 1
6138, 497877888, 18, 0, 1
5642, 497883530, 26, 0, 1
5657, 497889187, 26, 0, 1
11818, 497901005, 28, 0, 1
6151, 497907156, 15, 0, 1
5628, 497912784, 21, 0, 1
11812, 497924596, 25, 0, 1
5654, 497930250, 24, 0, 1
6114, 497936364, 21, 0, 1
5658, 497942022, 15, 0, 1
11831, 497953853, 29, 0, 1
5658, 497959511, 16, 0, 1
6120, 497965631, 23, 0, 1
5658, 497971289, 18, 0, 1
11802, 497983091, 41, 0, 1
5651, 497988742, 19, 0, 1
6138, 497994880, 15, 0, 1
5652, 498000532, 13, 0, 1
11824, 498012356, 32, 0, 1
5657, 498018013, 16, 0, 1
6119, 498024132, 24, 0, 1
5652, 498029784, 16, 0, 1
11809, 498041593, 37, 0, 1
5644, 498047237, 17, 0, 1
6151, 498053388, 17, 0, 1
5640, 498059028, 21, 0, 1
11809, 498070837, 31, 0, 1
5657, 498076494, 14, 0, 1
6138, 498082632, 16, 0, 1
5645, 498088277, 17, 0, 1
11811, 498100088, 39, 0, 1
5658, 498105746, 13, 0, 1
6132, 498111878, 19, 0, 1
5645, 498117523, 20, 0, 1
11782, 498129305, 30, 0, 1
5658, 498134963, 11, 0, 1
6138, 498141101, 23, 0, 1
5658, 498146759, 11, 0, 1
11808, 498158567, 35, 0, 1
5658, 498164225, 22, 0, 1
6138, 498170363, 16, 0, 1
5639, 498176002, 16, 0, 1
11819, 498187821, 40, 0, 1
5651, 498193472, 13, 0, 1
6133, 498199605, 21, 0, 1
5653, 498205258, 10, 0, 1
13187, 498218445, 48, 0, 1
5651, 498224096, 18, 0, 1
6126, 498230222, 22, 0, 1
5646, 498235868, 19, 0, 1
11823, 498247691, 31, 0, 1
5658, 498253349, 10, 0, 1
6138, 498259487, 16, 0, 1
5628, 498265115, 16, 0, 1
11798, 498276913, 39, 0, 1
5662, 498282575, 21, 0, 1
6144, 498288719, 21, 0, 1
5639, 498294358, 19, 0, 1
11813, 498306171, 38, 0, 1
5658, 498311829, 12, 0, 1
6131, 498317960, 25, 0, 1
5652, 498323612, 14, 0, 1
11794, 498335406, 36, 0, 1
5658, 498341064, 16, 0, 1
6132, 498347196, 18, 0, 1
5657, 498352853, 21, 0, 1
11818, 498364671, 26, 0, 1
5658, 498370329, 15, 0, 1
6127, 498376456, 22, 0, 1
5639, 498382095, 18, 0, 1
11796, 498393891, 38, 0, 1
5658, 498399549, 21, 0, 1
6108, 498405657, 18, 0, 1
5652, 498411309, 13, 0, 1
11824, 498423133, 31, 0, 1
5658, 498428791, 17, 0, 1
6107, 498434898, 25, 0, 1
6110, 498441008, 17, 0, 1
11803, 498452811, 38, 0, 1
5650, 498458461, 16, 0, 1
6126, 498464587, 19, 0, 1
5658, 498470245, 12, 0, 1
11812, 498482057, 39, 0, 1
5652, 498487709, 14, 0, 1
6132, 498493841, 21, 0, 1
5652, 498499493, 15, 0, 1
11797, 498511290, 44, 0, 1
5646, 498516936, 20, 0, 1
6120, 498523056, 22, 0, 1
5658, 498528714, 15, 0, 1
11817, 498540531, 29, 0, 1
5658, 498546189, 11, 0, 1
6124, 498552313, 23, 0, 1
5663, 498557976, 15, 0, 1
11808, 498569784, 30, 0, 1
5658, 498575442, 19, 0, 1
6126, 498581568, 21, 0, 1
7028, 498588596, 33, 0, 1
11788, 498600384, 40, 0, 1
5658, 498606042, 13, 0, 1
9483, 498615525, 186, 1, 1
896187, 499511712, 15170, 382, 5
13372, 499525084, 92, 0, 1
11810, 499536894, 367, 13, 1
6690, 499543584, 47, 0, 1
6958, 499550542, 26, 0, 1
26481, 499577023, 627, 2, 1
6291, 499583314, 51, 0, 1
6116, 499589430, 38, 0, 1
2318235, 2318235, 50318, 105, 4
10241905, 12560140, 78704, 1139, 8
19278829, 31838969, 19717, 600, 3
19197098, 51036067, 24186, 727, 3
19195762, 70231829, 17810, 636, 3
19624211, 89856040, 18302, 436, 3
19610831, 109466871, 18310, 231, 3
18590756, 128057627, 25498, 759, 3
19235449, 147293076, 18743, 252, 3
19876249, 167169325, 18637, 523, 3
19735108, 186904433, 20668, 241, 3
19483056, 206387489, 20063, 763, 3
19726451, 226113940, 19047, 535, 3
19640989, 245754929, 18868, 362, 3
18298167, 264053096, 24666, 492, 3
19511755, 283564851, 19981, 601, 3
19246605, 302811456, 19733, 371, 3
19770185, 322581641, 19321, 264, 3
19852945, 342434586, 19670, 793, 3
19762068, 362196654, 19373, 213, 3
19836935, 382033589, 19245, 609, 3
19674731, 401708320, 19337, 212, 3
19735713, 421444033, 19587, 399, 3
19779505, 441223538, 19661, 307, 3
19734627, 460958165, 19214, 526, 3
19727899, 480686064, 19526, 767, 3
12245658, 492931722, 29606, 51, 19
3422739, 496354461, 8054, 27, 6
5643, 496360104, 41, 0, 1
5652, 496365756, 27, 0, 1
6154, 496371910, 23, 0, 1
11779, 496383689, 49, 0, 1
5643, 496389332, 24, 0, 1
5645, 496394977, 25, 0, 1
6130, 496401107, 28, 0, 1
11776, 496412883, 47, 0, 1
5644, 496418527, 23, 0, 1
5661, 496424188, 31, 0, 1
6173, 496430361, 16, 0, 1
11796, 496442157, 23, 0, 1
5656, 496447813, 20, 0, 1
5651, 496453464, 17, 0, 1
6160, 496459624, 17, 0, 1
11783, 496471407, 41, 0, 1
5651, 496477058, 19, 0, 1
7028, 496484086, 105, 0, 1
6142, 496490228, 24, 0, 1
11806, 496502034, 47, 0, 1
5638, 496507672, 19, 0, 1
5633, 496513305, 25, 0, 1
6161, 496519466, 30, 0, 1
11774, 496531240, 41, 0, 1
5658, 496536898, 13, 0, 1
5661, 496542559, 23, 0, 1
6159, 496548718, 19, 0, 1
11774, 496560492, 42, 0, 1
5642, 496566134, 22, 0, 1
5658, 496571792, 13, 0, 1
6191, 496577983, 30, 1, 1
11796, 496589779, 22, 0, 1
5632, 496595411, 18, 0, 1
5644, 496601055, 25, 0, 1
6142, 496607197, 21, 0, 1
11795, 496618992, 38, 0, 1
5658, 496624650, 12, 0, 1
5655, 496630305, 26, 0, 1
6155, 496636460, 32, 0, 1
11796, 496648256, 39, 0, 1
5644, 496653900, 20, 0, 1
5645, 496659545, 17, 0, 1
6173, 496665718, 17, 0, 1
11749, 496677467, 43, 0, 1
5658, 496683125, 11, 0, 1
5658, 496688783, 16, 0, 1
6149, 496694932, 30, 0, 1
11761, 496706693, 29, 0, 1
5628, 496712321, 18, 0, 1
5658, 496717979, 9, 0, 1
6133, 496724112, 25, 0, 1
11792, 496735904, 35, 0, 1
5628, 496741532, 18, 0, 1
5658, 496747190, 12, 0, 1
6137, 496753327, 24, 0, 1
11740, 496765067, 36, 0, 1
5640, 496770707, 21, 0, 1
5658, 496776365, 11, 0, 1
6160, 496782525, 17, 0, 1
11781, 496794306, 32, 0, 1
5652, 496799958, 10, 0, 1
5664, 496805622, 26, 0, 1
6173, 496811795, 16, 0, 1
11741, 496823536, 39, 0, 1
5657, 496829193, 19, 0, 1
5662, 496834855, 28, 0, 1
6160, 496841015, 16, 0, 1
11802, 496852817, 35, 0, 1
7034, 496859851, 30, 0, 1
5649, 496865500, 24, 0, 1
6686, 496872186, 64, 0, 1
12972, 496885158, 55, 0, 1
6297, 496891455, 19, 0, 1
5641, 496897096, 31, 0, 1
6504, 496903600, 26, 0, 1
11790, 496915390, 31, 0, 1
5652, 496921042, 13, 0, 1
5652, 496926694, 12, 0, 1
6146, 496932840, 20, 0, 1
12256, 496945096, 30, 0, 1
6116, 496951212, 13, 0, 1
6120, 496957332, 35, 0, 1
6116, 496963448, 19, 0, 1
12230, 496975678, 42, 0, 1
6116, 496981794, 16, 0, 1
6110, 496987904, 22, 0, 1
6129, 496994033, 16, 0, 1
12232, 497006265, 28, 0, 1
6073, 497012338, 23, 0, 1
5657, 497017995, 22, 0, 1
6138, 497024133, 16, 0, 1
12226, 497036359, 33, 0, 1
5658, 497042017, 11, 0, 1
5657, 497047674, 21, 0, 1
6173, 497053847, 14, 0, 1
11748, 497065595, 30, 0, 1
5658, 497071253, 9, 0, 1
5645, 497076898, 18, 0, 1
6143, 497083041, 22, 0, 1
11766, 497094807, 28, 0, 1
5662, 497100469, 21, 0, 1
5658, 497106127, 12, 0, 1
6160, 497112287, 18, 0, 1
11790, 497124077, 40, 0, 1
5658, 497129735, 11, 0, 1
5643, 497135378, 25, 0, 1
6136, 497141514, 22, 0, 1
11771, 497153285, 30, 0, 1
5658, 497158943, 12, 0, 1
5650, 497164593, 24, 0, 1
6148, 497170741, 18, 0, 1
11782, 497182523, 27, 0, 1
5622, 497188145, 17, 0, 1
5652, 497193797, 13, 0, 1
11786, 497205583, 36, 0, 1
6123, 497211706, 27, 0, 1
5658, 497217364, 17, 0, 1
5648, 497223012, 25, 0, 1
11831, 497234843, 37, 0, 1
7502, 497242345, 36, 0, 1
5640, 497247985, 17, 0, 1
5650, 497253635, 22, 0, 1
11770, 497265405, 41, 0, 1
6138, 497271543, 15, 0, 1
5658, 497277201, 10, 0, 1
5667, 497282868, 24, 0, 1
20881, 497303749, 360, 0, 1
6138, 497309887, 29, 0, 1
5634, 497315521, 21, 0, 1
5658, 497321179, 11, 0, 1
11775, 497332954, 34, 0, 1
6164, 497339118, 18, 0, 1
5649, 497344767, 23, 0, 1
5655, 497350422, 29, 0, 1
11770, 497362192, 34, 0, 1
6119, 497368311, 31, 0, 1
5640, 497373951, 18, 0, 1
5657, 497379608, 15, 0, 1
11823, 497391431, 41, 0, 1
6132, 497397563, 32, 0, 1
5616, 497403179, 18, 0, 1
5658, 497408837, 10, 0, 1
11803, 497420640, 48, 0, 1
6147, 497426787, 32, 0, 1
5658, 497432445, 10, 0, 1
5658, 497438103, 10, 0, 1
11798, 497449901, 44, 0, 1
6138, 497456039, 17, 0, 1
5646, 497461685, 16, 0, 1
5658, 497467343, 25, 0, 1
11824, 497479167, 41, 0, 1
6138, 497485305, 18, 0, 1
5632, 497490937, 21, 0, 1
5652, 497496589, 11, 0, 1
11809, 497508398, 32, 0, 1
6132, 497514530, 20, 0, 1
5653, 497520183, 26, 0, 1
5651, 497525834, 16, 0, 1
11830, 497537664, 31, 0, 1
6119, 497543783, 21, 0, 1
5644, 497549427, 22, 0, 1
5650, 497555077, 29, 0, 1
11812, 497566889, 26, 0, 1
6109, 497572998, 24, 0, 1
5657, 497578655, 21, 0, 1
5652, 497584307, 15, 0, 1
11791, 497596098, 28, 0, 1
6138, 497602236, 16, 0, 1
5632, 497607868, 23, 0, 1
5656, 497613524, 29, 0, 1
13197, 497626721, 57, 0, 1
6145, 497632866, 18, 0, 1
5658, 497638524, 13, 0, 1
5652, 497644176, 13, 0, 1
11794, 497655970, 38, 0, 1
6119, 497662089, 26, 0, 1
5639, 497667728, 19, 0, 1
5652, 497673380, 11, 0, 1
11818, 497685198, 19, 0, 1
6130, 497691328, 31, 0, 1
5640, 497696968, 15, 0, 1
5632, 497702600, 25, 0, 1
11836, 497714436, 40, 0, 1
6132, 497720568, 18, 0, 1
5615, 497726183, 20, 0, 1
5643, 497731826, 25, 0, 1
11805, 497743631, 28, 0, 1
6124, 497749755, 23, 0, 1
5658, 497755413, 12, 0, 1
5658, 497761071, 10, 0, 1
11811, 497772882, 35, 0, 1
6134, 497779016, 33, 0, 1
6109, 497785125, 22, 0, 1
5650, 497790775, 21, 0, 1
11758, 497802533, 39, 0, 1
6151, 497808684, 16, 0, 1
5652, 497814336, 17, 0, 1
5640, 497819976, 11, 0, 1
11809, 497831785, 34, 0, 1
6138, 497837923, 16, 0, 1
5638, 497843561, 25, 0, 1
5644, 497849205, 25, 0, 1
11820, 497861025, 47, 0, 1
6138, 497867163, 17, 0, 1
5644, 497872807, 27, 0, 1
5662, 497878469, 31, 0, 1
11800, 497890269, 29, 0, 1
6151, 497896420, 14, 0, 1
5621, 497902041, 16, 0, 1
5655, 497907696, 22, 0, 1
11817, 497919513, 31, 0, 1
6138, 497925651, 14, 0, 1
5616, 497931267, 19, 0, 1
5652, 497936919, 15, 0, 1
11831, 497948750, 41, 0, 1
6138, 497954888, 16, 0, 1
5650, 497960538, 30, 0, 1
5646, 497966184, 13, 0, 1
11779, 497977963, 48, 0, 1
6135, 497984098, 30, 0, 1
5658, 497989756, 15, 0, 1
5658, 497995414, 8, 0, 1
13196, 498008610, 55, 0, 1
6138, 498014748, 15, 0, 1
5658, 498020406, 11, 0, 1
5657, 498026063, 22, 0, 1
11822, 498037885, 41, 0, 1
14339, 498052224, 259, 12, 1
5640, 498057864, 34, 0, 1
5646, 498063510, 24, 0, 1
11818, 498075328, 22, 0, 1
6132, 498081460, 14, 0, 1
5645, 498087105, 15, 0, 1
5658, 498092763, 9, 0, 1
11838, 498104601, 47, 0, 1
6129, 498110730, 28, 0, 1
5658, 498116388, 10, 0, 1
5652, 498122040, 13, 0, 1
11780, 498133820, 39, 0, 1
6144, 498139964, 22, 0, 1
5646, 498145610, 15, 0, 1
5658, 498151268, 9, 0, 1
11806, 498163074, 34, 0, 1
6138, 498169212, 16, 0, 1
5658, 498174870, 14, 0, 1
5648, 498180518, 27, 0, 1
12707, 498193225, 104, 0, 1
6155, 498199380, 31, 0, 1
5658, 498205038, 9, 0, 1
5658, 498210696, 12, 0, 1
11800, 498222496, 42, 0, 1
6138, 498228634, 15, 0, 1
5658, 498234292, 12, 0, 1
5645, 498239937, 20, 0, 1
11793, 498251730, 28, 0, 1
6138, 498257868, 16, 0, 1
5646, 498263514, 16, 0, 1
5658, 498269172, 10, 0, 1
11803, 498280975, 43, 0, 1
6151, 498287126, 16, 0, 1
5632, 498292758, 23, 0, 1
5645, 498298403, 25, 0, 1
11778, 498310181, 46, 0, 1
6138, 498316319, 18, 0, 1
5658, 498321977, 12, 0, 1
5646, 498327623, 18, 0, 1
11814, 498339437, 32, 0, 1
6142, 498345579, 26, 0, 1
5646, 498351225, 17, 0, 1
5652, 498356877, 15, 0, 1
11808, 498368685, 43, 0, 1
6160, 498374845, 24, 0, 1
5658, 498380503, 10, 0, 1
7027, 498387530, 42, 0, 1
11821, 498399351, 44, 0, 1
6135, 498405486, 29, 0, 1
5646, 498411132, 14, 0, 1
5661, 498416793, 31, 0, 1
11819, 498428612, 25, 0, 1
6131, 498434743, 30, 0, 1
5637, 498440380, 23, 0, 1
5658, 498446038, 7, 0, 1
11812, 498457850, 38, 0, 1
6122, 498463972, 26, 0, 1
5649, 498469621, 27, 0, 1
5653, 498475274, 30, 0, 1
11835, 498487109, 38, 0, 1
6131, 498493240, 20, 0, 1
5627, 498498867, 19, 0, 1
5652, 498504519, 18, 0, 1
11790, 498516309, 42, 0, 1
6151, 498522460, 14, 0, 1
5633, 498528093, 22, 0, 1
5641, 498533734, 26, 0, 1
11781, 498545515, 36, 0, 1
6124, 498551639, 22, 0, 1
5658, 498557297, 11, 0, 1
5651, 498562948, 19, 0, 1
11830, 498574778, 30, 0, 1
6138, 498580916, 15, 0, 1
5652, 498586568, 13, 0, 1
5658, 498592226, 10, 0, 1
11781, 498604007, 48, 0, 1
894020, 499498027, 14902, 390, 5
6735, 499504762, 629, 0, 1
6687, 499511449, 48, 0, 1
18393, 499529842, 401, 18, 1
6668, 499536510, 30, 0, 1
6715, 499543225, 33, 0, 1
6668, 499549893, 22, 0, 1
14712, 499564605, 184, 3, 1
3056043, 3056043, 59664, 166, 14
10929422, 13985465, 70121, 1201, 8
19356964, 33342429, 18814, 592, 3
19227597, 52570026, 21673, 601, 3
18929903, 71499929, 23708, 662, 3
19551690, 91051619, 19982, 381, 3
19520375, 110571994, 20623, 214, 3
18685960, 129257954, 26169, 858, 3
19158039, 148415993, 21671, 280, 3
19802385, 168218378, 21016, 582, 3
19174618, 187392996, 23414, 261, 3
19576174, 206969170, 21063, 679, 3
19642226, 226611396, 21600, 566, 3
19543322, 246154718, 21945, 347, 3
18827663, 264982381, 26309, 578, 3
19267651, 284250032, 21055, 587, 3
18991123, 303241155, 21431, 400, 3
19538672, 322779827, 20968, 262, 3
19800584, 342580411, 21500, 795, 3
19668143, 362248554, 20660, 268, 3
19743574, 381992128, 21527, 489, 3
19537917, 401530045, 21230, 253, 3
19762584, 421292629, 20610, 434, 3
19720151, 441012780, 20500, 326, 3
19622592, 460635372, 21582, 457, 3
19671282, 480306654, 21050, 725, 3
12527537, 492834191, 29379, 85, 19
3499208, 496333399, 7395, 12, 6
11772, 496345171, 319, 0, 1
6125, 496351296, 26, 0, 1
5658, 496356954, 11, 0, 1
5640, 496362594, 16, 0, 1
11782, 496374376, 39, 0, 1
6124, 496380500, 29, 0, 1
5649, 496386149, 25, 0, 1
5628, 496391777, 20, 0, 1
11772, 496403549, 52, 0, 1
6102, 496409651, 28, 0, 1
5642, 496415293, 24, 0, 1
5658, 496420951, 9, 0, 1
11825, 496432776, 42, 0, 1
6138, 496438914, 16, 0, 1
5645, 496444559, 16, 0, 1
5652, 496450211, 20, 0, 1
11793, 496462004, 47, 0, 1
6164, 496468168, 14, 0, 1
5658, 496473826, 14, 0, 1
5637, 496479463, 22, 0, 1
11817, 496491280, 33, 0, 1
6113, 496497393, 21, 0, 1
5644, 496503037, 22, 0, 1
5657, 496508694, 15, 0, 1
11811, 496520505, 52, 0, 1
6138, 496526643, 18, 0, 1
5645, 496532288, 16, 0, 1
5638, 496537926, 27, 0, 1
11800, 496549726, 30, 0, 1
6138, 496555864, 16, 0, 1
5615, 496561479, 20, 0, 1
5655, 496567134, 20, 0, 1
11799, 496578933, 51, 0, 1
6138, 496585071, 16, 0, 1
5628, 496590699, 20, 0, 1
5655, 496596354, 23, 0, 1
11807, 496608161, 48, 0, 1
6151, 496614312, 18, 0, 1
5658, 496619970, 11, 0, 1
5658, 496625628, 15, 0, 1
11806, 496637434, 44, 0, 1
6138, 496643572, 13, 0, 1
5657, 496649229, 15, 0, 1
7035, 496656264, 82, 0, 1
11776, 496668040, 50, 0, 1
6108, 496674148, 28, 0, 1
5646, 496679794, 16, 0, 1
5658, 496685452, 13, 0, 1
11812, 496697264, 35, 0, 1
6139, 496703403, 22, 0, 1
5646, 496709049, 17, 0, 1
5658, 496714707, 12, 0, 1
11772, 496726479, 51, 0, 1
6138, 496732617, 19, 0, 1
5638, 496738255, 24, 0, 1
5658, 496743913, 12, 0, 1
11818, 496755731, 36, 0, 1
6138, 496761869, 16, 0, 1
5610, 496767479, 16, 0, 1
5651, 496773130, 19, 0, 1
11793, 496784923, 34, 0, 1
6138, 496791061, 16, 0, 1
5658, 496796719, 29, 0, 1
5658, 496802377, 12, 0, 1
11819, 496814196, 33, 0, 1
6127, 496820323, 29, 0, 1
5658, 496825981, 11, 0, 1
5642, 496831623, 27, 0, 1
11817, 496843440, 27, 0, 1
6156, 496849596, 32, 0, 1
5658, 496855254, 14, 0, 1
5658, 496860912, 23, 0, 1
13019, 496873931, 82, 0, 1
6652, 496880583, 22, 0, 1
6335, 496886918, 33, 0, 1
5649, 496892567, 15, 0, 1
12276, 496904843, 48, 0, 1
6135, 496910978, 36, 0, 1
6104, 496917082, 25, 0, 1
6109, 496923191, 26, 0, 1
12214, 496935405, 55, 0, 1
6129, 496941534, 17, 0, 1
6116, 496947650, 18, 0, 1
6116, 496953766, 19, 0, 1
12219, 496965985, 37, 0, 1
6079, 496972064, 27, 0, 1
6110, 496978174, 22, 0, 1
6116, 496984290, 20, 0, 1
11766, 496996056, 53, 0, 1
6138, 497002194, 15, 0, 1
6083, 497008277, 26, 0, 1
5651, 497013928, 18, 0, 1
11772, 497025700, 32, 0, 1
6138, 497031838, 17, 0, 1
7025, 497038863, 44, 0, 1
5658, 497044521, 16, 0, 1
11816, 497056337, 45, 0, 1
6128, 497062465, 28, 0, 1
5658, 497068123, 12, 0, 1
5649, 497073772, 27, 0, 1
11809, 497085581, 47, 0, 1
6114, 497091695, 25, 0, 1
5658, 497097353, 10, 0, 1
5658, 497103011, 9, 0, 1
11762, 497114773, 42, 0, 1
6126, 497120899, 21, 0, 1
5651, 497126550, 16, 0, 1
5658, 497132208, 10, 0, 1
11816, 497144024, 38, 0, 1
6125, 497150149, 28, 0, 1
5651, 497155800, 17, 0, 1
5637, 497161437, 22, 0, 1
11771, 497173208, 36, 0, 1
6151, 497179359, 17, 0, 1
5638, 497184997, 22, 0, 1
5639, 497190636, 26, 0, 1
11800, 497202436, 44, 0, 1
6114, 497208550, 21, 0, 1
5658, 497214208, 13, 0, 1
5655, 497219863, 19, 0, 1
11826, 497231689, 29, 0, 1
6126, 497237815, 19, 0, 1
5652, 497243467, 12, 0, 1
5652, 497249119, 22, 0, 1
11804, 497260923, 42, 0, 1
6138, 497267061, 15, 0, 1
5658, 497272719, 13, 0, 1
5644, 497278363, 25, 0, 1
11807, 497290170, 43, 0, 1
6119, 497296289, 24, 0, 1
5658, 497301947, 11, 0, 1
5658, 497307605, 11, 0, 1
11767, 497319372, 37, 0, 1
6133, 497325505, 20, 0, 1
5610, 497331115, 19, 0, 1
5626, 497336741, 18, 0, 1
11809, 497348550, 32, 0, 1
6125, 497354675, 22, 0, 1
5645, 497360320, 16, 0, 1
5632, 497365952, 22, 0, 1
12267, 497378219, 30, 0, 1
6138, 497384357, 17, 0, 1
5640, 497389997, 17, 0, 1
5652, 497395649, 18, 0, 1
11793, 497407442, 33, 0, 1
7528, 497414970, 33, 0, 1
5649, 497420619, 22, 0, 1
5661, 497426280, 29, 0, 1
11776, 497438056, 33, 0, 1
6132, 497444188, 20, 0, 1
5658, 497449846, 11, 0, 1
5652, 497455498, 17, 0, 1
11801, 497467299, 27, 0, 1
6116, 497473415, 25, 0, 1
5645, 497479060, 19, 0, 1
5645, 497484705, 18, 0, 1
11810, 497496515, 30, 0, 1
6132, 497502647, 17, 0, 1
5640, 497508287, 17, 0, 1
5645, 497513932, 25, 0, 1
11825, 497525757, 28, 0, 1
6138, 497531895, 17, 0, 1
5657, 497537552, 17, 0, 1
5645, 497543197, 18, 0, 1
11812, 497555009, 28, 0, 1
17780, 497572789, 420, 0, 1
5658, 497578447, 12, 0, 1
5658, 497584105, 10, 0, 1
11774, 497595879, 37, 0, 1
6138, 497602017, 15, 0, 1
5634, 497607651, 20, 0, 1
5652, 497613303, 14, 0, 1
11806, 497625109, 29, 0, 1
6096, 497631205, 25, 0, 1
5622, 497636827, 19, 0, 1
5656, 497642483, 27, 0, 1
11796, 497654279, 47, 0, 1
7042, 497661321, 81, 1, 1
5646, 497666967, 20, 0, 1
5650, 497672617, 25, 0, 1
11818, 497684435, 19, 0, 1
6138, 497690573, 18, 0, 1
5637, 497696210, 26, 0, 1
5658, 497701868, 12, 0, 1
11797, 497713665, 45, 0, 1
6138, 497719803, 16, 0, 1
5657, 497725460, 21, 0, 1
5645, 497731105, 15, 0, 1
11788, 497742893, 42, 0, 1
6138, 497749031, 14, 0, 1
5625, 497754656, 18, 0, 1
5652, 497760308, 14, 0, 1
11805, 497772113, 34, 0, 1
6138, 497778251, 16, 0, 1
5639, 497783890, 19, 0, 1
5658, 497789548, 14, 0, 1
13195, 497802743, 41, 0, 1
6156, 497808899, 36, 0, 1
5652, 497814551, 18, 0, 1
5658, 497820209, 10, 0, 1
11816, 497832025, 43, 0, 1
6125, 497838150, 23, 0, 1
5658, 497843808, 9, 0, 1
5648, 497849456, 22, 0, 1
11816, 497861272, 36, 0, 1
6138, 497867410, 14, 0, 1
5616, 497873026, 21, 0, 1
5632, 497878658, 24, 0, 1
11798, 497890456, 39, 0, 1
6151, 497896607, 16, 0, 1
5646, 497902253, 14, 0, 1
5658, 497907911, 9, 0, 1
11821, 497919732, 30, 0, 1
6138, 497925870, 17, 0, 1
5638, 497931508, 25, 0, 1
5658, 497937166, 14, 0, 1
11803, 497948969, 37, 0, 1
6138, 497955107, 16, 0, 1
5634, 497960741, 19, 0, 1
5658, 497966399, 11, 0, 1
11806, 497978205, 22, 0, 1
6118, 497984323, 26, 0, 1
5645, 497989968, 23, 0, 1
5645, 497995613, 26, 0, 1
11844, 498007457, 17, 0, 1
6138, 498013595, 14, 0, 1
5656, 498019251, 27, 0, 1
5657, 498024908, 16, 0, 1
11801, 498036709, 35, 0, 1
6151, 498042860, 15, 0, 1
5634, 498048494, 14, 0, 1
11794, 498060288, 34, 0, 1
5658, 498065946, 12, 0, 1
6119, 498072065, 21, 0, 1
5642, 498077707, 23, 0, 1
11813, 498089520, 28, 0, 1
5662, 498095182, 25, 0, 1
6138, 498101320, 17, 0, 1
5658, 498106978, 14, 0, 1
11817, 498118795, 40, 0, 1
5657, 498124452, 26, 0, 1
6145, 498130597, 20, 0, 1
5649, 498136246, 26, 0, 1
11803, 498148049, 47, 0, 1
5658, 498153707, 12, 0, 1
6138, 498159845, 18, 0, 1
5652, 498165497, 16, 0, 1
13202, 498178699, 38, 0, 1
5648, 498184347, 23, 0, 1
6107, 498190454, 20, 0, 1
5640, 498196094, 19, 0, 1
11812, 498207906, 29, 0, 1
5656, 498213562, 22, 0, 1
6138, 498219700, 24, 0, 1
5658, 498225358, 12, 0, 1
11808, 498237166, 38, 0, 1
5658, 498242824, 12, 0, 1
6128, 498248952, 24, 0, 1
5646, 498254598, 18, 0, 1
11787, 498266385, 36, 0, 1
5658, 498272043, 10, 0, 1
6151, 498278194, 18, 0, 1
5620, 498283814, 20, 0, 1
11796, 498295610, 41, 0, 1
5650, 498301260, 20, 0, 1
6119, 498307379, 28, 0, 1
5657, 498313036, 23, 0, 1
11813, 498324849, 31, 0, 1
5652, 498330501, 14, 0, 1
6132, 498336633, 19, 0, 1
5655, 498342288, 25, 0, 1
11809, 498354097, 35, 0, 1
5649, 498359746, 26, 0, 1
6146, 498365892, 30, 1, 1
5657, 498371549, 17, 0, 1
11792, 498383341, 38, 0, 1
5658, 498388999, 26, 0, 1
6101, 498395100, 25, 0, 1
5637, 498400737, 23, 0, 1
11799, 498412536, 36, 0, 1
5658, 498418194, 12, 0, 1
6130, 498424324, 30, 0, 1
5658, 498429982, 11, 0, 1
11838, 498441820, 42, 0, 1
5652, 498447472, 15, 0, 1
6107, 498453579, 28, 0, 1
5662, 498459241, 23, 0, 1
11813, 498471054, 34, 0, 1
5644, 498476698, 20, 0, 1
6139, 498482837, 36, 0, 1
5658, 498488495, 9, 0, 1
11776, 498500271, 37, 0, 1
5661, 498505932, 24, 0, 1
6151, 498512083, 16, 0, 1
5658, 498517741, 11, 0, 1
11821, 498529562, 45, 0, 1
5658, 498535220, 9, 0, 1
6140, 498541360, 29, 0, 1
7035, 498548395, 25, 0, 1
11828, 498560223, 33, 0, 1
5655, 498565878, 23, 0, 1
6096, 498571974, 24, 0, 1
8991, 498580965, 201, 0, 1
880268, 499461233, 15056, 460, 5
6677, 499467910, 57, 0, 1
6669, 499474579, 37, 0, 1
12015, 499486594, 365, 15, 1
15414, 499502008, 278, 0, 1
6393, 499508401, 24, 0, 1
8279, 499516680, 127, 2, 1
3618739, 3618739, 69915, 187, 14
12268892, 15887631, 63267, 1344, 8
19515298, 35402929, 17662, 600, 3
19161890, 54564819, 20316, 581, 3
19373046, 73937865, 20765, 662, 3
19629864, 93567729, 18680, 402, 3
19639162, 113206891, 17749, 239, 3
18901299, 132108190, 23677, 804, 3
19143043, 151251233, 18535, 253, 3
19859383, 171110616, 19139, 714, 3
19283119, 190393735, 20201, 315, 3
19718912, 210112647, 18339, 649, 3
19603649, 229716296, 18865, 560, 3
19471254, 249187550, 20058, 472, 3
18795093, 267982643, 23876, 395, 3
19373891, 287356534, 18539, 613, 3
19025030, 306381564, 18812, 384, 3
19541054, 325922618, 19233, 403, 3
19736824, 345659442, 19301, 717, 3
19602273, 365261715, 18715, 320, 3
19821523, 385083238, 18571, 496, 3
19627660, 404710898, 18931, 452, 3
19776913, 424487811, 18824, 336, 3
19756198, 444244009, 18327, 163, 3
19584181, 463828190, 19263, 693, 3
19638577, 483466767, 19958, 644, 3
10838592, 494305359, 27667, 23, 12
2162999, 496468358, 5699, 17, 5
6080, 496474438, 43, 0, 1
11783, 496486221, 42, 0, 1
5632, 496491853, 21, 0, 1
5672, 496497525, 32, 0, 1
6173, 496503698, 18, 0, 1
11794, 496515492, 41, 0, 1
5658, 496521150, 12, 0, 1
5636, 496526786, 24, 0, 1
6160, 496532946, 16, 0, 1
11831, 496544777, 46, 0, 1
5616, 496550393, 21, 0, 1
5651, 496556044, 29, 0, 1
6159, 496562203, 18, 0, 1
11796, 496573999, 29, 0, 1
5634, 496579633, 22, 0, 1
5652, 496585285, 13, 0, 1
6143, 496591428, 23, 0, 1
11789, 496603217, 41, 0, 1
5658, 496608875, 14, 0, 1
5643, 496614518, 17, 0, 1
7522, 496622040, 109, 0, 1
11788, 496633828, 45, 0, 1
5634, 496639462, 13, 0, 1
5635, 496645097, 20, 0, 1
6117, 496651214, 25, 0, 1
11789, 496663003, 35, 0, 1
5645, 496668648, 15, 0, 1
5655, 496674303, 28, 0, 1
6149, 496680452, 21, 0, 1
11799, 496692251, 47, 0, 1
5649, 496697900, 26, 0, 1
5658, 496703558, 9, 0, 1
6160, 496709718, 17, 0, 1
11771, 496721489, 41, 0, 1
5658, 496727147, 12, 0, 1
5658, 496732805, 11, 0, 1
6173, 496738978, 17, 0, 1
11764, 496750742, 30, 0, 1
5640, 496756382, 16, 0, 1
5651, 496762033, 20, 0, 1
6146, 496768179, 23, 0, 1
11803, 496779982, 29, 0, 1
5651, 496785633, 19, 0, 1
5658, 496791291, 12, 0, 1
6148, 496797439, 25, 0, 1
11796, 496809235, 27, 0, 1
5650, 496814885, 28, 0, 1
5658, 496820543, 17, 0, 1
6161, 496826704, 25, 0, 1
11755, 496838459, 88, 0, 1
5652, 496844111, 16, 0, 1
5658, 496849769, 10, 0, 1
6128, 496855897, 25, 0, 1
11788, 496867685, 35, 0, 1
5631, 496873316, 22, 0, 1
5645, 496878961, 24, 0, 1
6142, 496885103, 23, 0, 1
11796, 496896899, 35, 0, 1
5628, 496902527, 20, 0, 1
5658, 496908185, 10, 0, 1
6174, 496914359, 23, 0, 1
11794, 496926153, 32, 0, 1
5627, 496931780, 24, 0, 1
5652, 496937432, 11, 0, 1
6148, 496943580, 18, 0, 1
11791, 496955371, 37, 0, 1
5652, 496961023, 19, 0, 1
5652, 496966675, 13, 0, 1
6173, 496972848, 19, 0, 1
11796, 496984644, 22, 0, 1
5658, 496990302, 11, 0, 1
7009, 496997311, 35, 0, 1
13020, 497010331, 69, 0, 1
6503, 497016834, 30, 0, 1
6342, 497023176, 21, 0, 1
8374, 497031550, 182, 0, 1
12281, 497043831, 40, 0, 1
6126, 497049957, 18, 0, 1
6110, 497056067, 21, 0, 1
6096, 497062163, 29, 0, 1
12224, 497074387, 44, 0, 1
6108, 497080495, 22, 0, 1
6104, 497086599, 24, 0, 1
6116, 497092715, 16, 0, 1
12184, 497104899, 39, 0, 1
6091, 497110990, 23, 0, 1
6103, 497117093, 24, 0, 1
6116, 497123209, 19, 0, 1
11726, 497134935, 44, 0, 1
6138, 497141073, 16, 0, 1
6116, 497147189, 17, 0, 1
5658, 497152847, 12, 0, 1
11800, 497164647, 34, 0, 1
6147, 497170794, 31, 0, 1
5658, 497176452, 14, 0, 1
5658, 497182110, 10, 0, 1
11798, 497193908, 40, 0, 1
6138, 497200046, 16, 0, 1
5646, 497205692, 15, 0, 1
5661, 497211353, 22, 0, 1
11815, 497223168, 35, 0, 1
6132, 497229300, 19, 0, 1
5652, 497234952, 14, 0, 1
5627, 497240579, 22, 0, 1
11812, 497252391, 36, 0, 1
7021, 497259412, 128, 3, 1
5658, 497265070, 16, 0, 1
5657, 497270727, 20, 0, 1
11792, 497282519, 34, 0, 1
6120, 497288639, 20, 0, 1
5637, 497294276, 23, 0, 1
5658, 497299934, 10, 1, 1
11819, 497311753, 43, 1, 1
6137, 497317890, 26, 0, 1
5658, 497323548, 12, 0, 1
5644, 497329192, 18, 0, 1
11781, 497340973, 40, 0, 1
6151, 497347124, 17, 0, 1
5658, 497352782, 12, 0, 1
5645, 497358427, 21, 0, 1
11793, 497370220, 39, 0, 1
6138, 497376358, 18, 0, 1
7027, 497383385, 33, 0, 1
5657, 497389042, 19, 0, 1
11829, 497400871, 36, 0, 1
6131, 497407002, 22, 0, 1
5658, 497412660, 11, 0, 1
5658, 497418318, 12, 0, 1
11760, 497430078, 45, 0, 1
6125, 497436203, 29, 0, 1
5658, 497441861, 11, 0, 1
5658, 497447519, 9, 0, 1
11804, 497459323, 54, 0, 1
6138, 497465461, 16, 0, 1
5654, 497471115, 27, 0, 1
5656, 497476771, 25, 0, 1
11779, 497488550, 40, 0, 1
6151, 497494701, 18, 0, 1
5631, 497500332, 23, 0, 1
5645, 497505977, 19, 0, 1
11785, 497517762, 39, 0, 1
6138, 497523900, 13, 0, 1
5642, 497529542, 24, 0, 1
5658, 497535200, 12, 0, 1
11788, 497546988, 37, 0, 1
6138, 497553126, 18, 0, 1
5645, 497558771, 27, 0, 1
5646, 497564417, 21, 0, 1
11798, 497576215, 42, 0, 1
6151, 497582366, 18, 0, 1
5638, 497588004, 21, 0, 1
5658, 497593662, 11, 0, 1
11775, 497605437, 38, 0, 1
6132, 497611569, 20, 0, 1
5652, 497617221, 21, 0, 1
5661, 497622882, 24, 0, 1
11806, 497634688, 28, 0, 1
6138, 497640826, 14, 0, 1
5632, 497646458, 21, 0, 1
5656, 497652114, 24, 0, 1
11802, 497663916, 42, 0, 1
6107, 497670023, 23, 0, 1
5658, 497675681, 11, 0, 1
5652, 497681333, 13, 0, 1
11817, 497693150, 42, 0, 1
6138, 497699288, 17, 0, 1
5638, 497704926, 21, 0, 1
5652, 497710578, 18, 0, 1
11822, 497722400, 32, 0, 1
6156, 497728556, 27, 0, 1
5656, 497734212, 29, 0, 1
5658, 497739870, 12, 0, 1
11818, 497751688, 24, 0, 1
7506, 497759194, 49, 0, 1
5643, 497764837, 24, 0, 1
5656, 497770493, 26, 0, 1
11815, 497782308, 31, 0, 1
6111, 497788419, 25, 0, 1
5645, 497794064, 19, 0, 1
5658, 497799722, 11, 0, 1
11771, 497811493, 38, 0, 1
15206, 497826699, 307, 0, 1
5646, 497832345, 33, 0, 1
5651, 497837996, 22, 0, 1
11818, 497849814, 22, 0, 1
6114, 497855928, 20, 0, 1
5641, 497861569, 23, 0, 1
5646, 497867215, 23, 0, 1
11788, 497879003, 32, 0, 1
6138, 497885141, 17, 0, 1
5639, 497890780, 22, 0, 1
5631, 497896411, 23, 0, 1
11793, 497908204, 45, 0, 1
6132, 497914336, 18, 0, 1
5651, 497919987, 21, 0, 1
5658, 497925645, 13, 0, 1
11798, 497937443, 31, 0, 1
6138, 497943581, 15, 0, 1
5641, 497949222, 17, 0, 1
5644, 497954866, 24, 0, 1
11820, 497966686, 40, 0, 1
6151, 497972837, 15, 0, 1
5658, 497978495, 11, 0, 1
5658, 497984153, 11, 0, 1
11804, 497995957, 35, 0, 1
6138, 498002095, 15, 0, 1
5637, 498007732, 21, 0, 1
5658, 498013390, 25, 0, 1
11830, 498025220, 50, 0, 1
6123, 498031343, 28, 0, 1
5658, 498037001, 14, 0, 1
5657, 498042658, 19, 0, 1
11827, 498054485, 43, 0, 1
6164, 498060649, 16, 0, 1
6110, 498066759, 16, 0, 1
5658, 498072417, 14, 0, 1
11753, 498084170, 37, 0, 1
6138, 498090308, 19, 0, 1
5643, 498095951, 24, 0, 1
5655, 498101606, 29, 0, 1
11786, 498113392, 40, 0, 1
6138, 498119530, 17, 0, 1
5637, 498125167, 19, 0, 1
5644, 498130811, 30, 0, 1
13194, 498144005, 48, 0, 1
6139, 498150144, 22, 0, 1
5658, 498155802, 10, 0, 1
5666, 498161468, 29, 0, 1
11819, 498173287, 29, 0, 1
6126, 498179413, 22, 0, 1
5657, 498185070, 19, 0, 1
5652, 498190722, 15, 0, 1
11786, 498202508, 38, 0, 1
6149, 498208657, 32, 0, 1
5657, 498214314, 29, 0, 1
5658, 498219972, 17, 0, 1
11799, 498231771, 46, 0, 1
6132, 498237903, 16, 0, 1
5634, 498243537, 18, 0, 1
5660, 498249197, 30, 0, 1
11796, 498260993, 49, 0, 1
6138, 498267131, 15, 0, 1
5626, 498272757, 23, 0, 1
5652, 498278409, 15, 0, 1
11782, 498290191, 36, 0, 1
6141, 498296332, 25, 0, 1
5649, 498301981, 25, 0, 1
5658, 498307639, 15, 0, 1
11768, 498319407, 45, 0, 1
6126, 498325533, 32, 0, 1
5657, 498331190, 28, 0, 1
5652, 498336842, 11, 0, 1
11830, 498348672, 45, 0, 1
6132, 498354804, 18, 0, 1
5647, 498360451, 23, 0, 1
5653, 498366104, 27, 0, 1
11804, 498377908, 36, 0, 1
6143, 498384051, 26, 0, 1
5658, 498389709, 13, 0, 1
5658, 498395367, 13, 0, 1
11795, 498407162, 45, 0, 1
6132, 498413294, 20, 0, 1
5656, 498418950, 30, 0, 1
5653, 498424603, 25, 0, 1
11793, 498436396, 40, 0, 1
6164, 498442560, 14, 0, 1
5625, 498448185, 19, 0, 1
5631, 498453816, 23, 0, 1
11776, 498465592, 24, 0, 1
6138, 498471730, 16, 0, 1
5658, 498477388, 9, 0, 1
5645, 498483033, 23, 0, 1
11810, 498494843, 33, 0, 1
6138, 498500981, 14, 0, 1
5668, 498506649, 31, 0, 1
5658, 498512307, 10, 0, 1
13204, 498525511, 54, 0, 1
6151, 498531662, 17, 0, 1
5639, 498537301, 22, 0, 1
5616, 498542917, 20, 0, 1
11813, 498554730, 41, 0, 1
6138, 498560868, 16, 0, 1
5658, 498566526, 13, 0, 1
5657, 498572183, 19, 0, 1
11818, 498584001, 28, 0, 1
6100, 498590101, 26, 0, 1
5628, 498595729, 13, 0, 1
5634, 498601363, 17, 0, 1
11793, 498613156, 31, 0, 1
6138, 498619294, 16, 0, 1
5645, 498624939, 20, 0, 1
5658, 498630597, 12, 0, 1
11825, 498642422, 28, 0, 1
6138, 498648560, 16, 0, 1
5637, 498654197, 20, 0, 1
5654, 498659851, 28, 0, 1
11764, 498671615, 29, 0, 1
6138, 498677753, 24, 0, 1
5658, 498683411, 11, 0, 1
5657, 498689068, 20, 0, 1
11808, 498700876, 47, 0, 1
6138, 498707014, 15, 0, 1
8997, 498716011, 208, 0, 1
921590, 499637601, 14596, 323, 5
13172, 499650773, 622, 0, 1
6678, 499657451, 51, 0, 1
12039, 499669490, 397, 7, 1
6673, 499676163, 47, 0, 1
13373, 499689536, 52, 0, 1
6108, 499695644, 30, 0, 1
8443, 499704087, 149, 3, 1
806534, 806534, 18379, 44, 5
9074962, 9881496, 78824, 1254, 8
13364765, 23246261, 16391, 376, 19
18400146, 41646407, 20654, 630, 3
18976146, 60622553, 18560, 512, 3
18515097, 79137650, 23609, 996, 3
18616937, 97754587, 18000, 426, 3
18502056, 116256643, 18362, 284, 3
19007904, 135264547, 20780, 232, 3
19157207, 154421754, 18356, 286, 3
19295294, 173717048, 17763, 684, 3
19178417, 192895465, 18069, 305, 3
19022829, 211918294, 19958, 645, 3
18385633, 230303927, 18976, 375, 3
18824923, 249128850, 18485, 528, 3
18254294, 267383144, 24159, 321, 3
19023229, 286406373, 19689, 574, 3
19168402, 305574775, 18992, 318, 3
19103209, 324677984, 19392, 286, 3
19294949, 343972933, 19853, 873, 3
19081182, 363054115, 19898, 273, 3
19266783, 382320898, 18603, 483, 3
19127164, 401448062, 19004, 222, 3
19254699, 420702761, 19277, 411, 3
19171317, 439874078, 20105, 300, 3
19158543, 459032621, 19723, 530, 3
19189986, 478222607, 19632, 758, 3
13396326, 491618933, 29493, 79, 19
4127163, 495746096, 9141, 22, 6
5640, 495751736, 32, 0, 1
5656, 495757392, 25, 0, 1
6160, 495763552, 18, 0, 1
11818, 495775370, 48, 0, 1
5656, 495781026, 19, 0, 1
5634, 495786660, 16, 0, 1
15199, 495801859, 317, 1, 1
11794, 495813653, 48, 0, 1
5658, 495819311, 12, 0, 1
5658, 495824969, 11, 0, 1
6145, 495831114, 29, 0, 1
11803, 495842917, 27, 0, 1
5652, 495848569, 13, 0, 1
5646, 495854215, 20, 0, 1
6141, 495860356, 19, 0, 1
11796, 495872152, 22, 0, 1
5658, 495877810, 14, 0, 1
5657, 495883467, 17, 0, 1
6135, 495889602, 26, 0, 1
11789, 495901391, 30, 0, 1
5634, 495907025, 15, 0, 1
5641, 495912666, 23, 0, 1
11817, 495924483, 30, 0, 1
6151, 495930634, 16, 0, 1
5647, 495936281, 26, 0, 1
5652, 495941933, 13, 0, 1
11818, 495953751, 23, 0, 1
6138, 495959889, 15, 0, 1
5620, 495965509, 23, 0, 1
5658, 495971167, 13, 0, 1
12689, 495983856, 109, 2, 1
6135, 495989991, 34, 0, 1
5652, 495995643, 15, 0, 1
5656, 496001299, 27, 0, 1
11819, 496013118, 44, 0, 1
6132, 496019250, 20, 0, 1
5626, 496024876, 21, 0, 1
5648, 496030524, 27, 0, 1
11816, 496042340, 46, 0, 1
6138, 496048478, 17, 0, 1
5658, 496054136, 12, 0, 1
5658, 496059794, 7, 0, 1
13169, 496072963, 119, 0, 1
6145, 496079108, 20, 0, 1
5639, 496084747, 22, 0, 1
5658, 496090405, 6, 0, 1
11790, 496102195, 41, 0, 1
6138, 496108333, 18, 0, 1
5610, 496113943, 18, 0, 1
5644, 496119587, 28, 0, 1
11807, 496131394, 34, 0, 1
6115, 496137509, 19, 0, 1
5637, 496143146, 21, 0, 1
5658, 496148804, 11, 0, 1
11817, 496160621, 32, 0, 1
6145, 496166766, 21, 0, 1
5639, 496172405, 16, 0, 1
5658, 496178063, 8, 0, 1
11781, 496189844, 34, 0, 1
6138, 496195982, 13, 0, 1
5650, 496201632, 20, 0, 1
5658, 496207290, 10, 0, 1
11805, 496219095, 39, 0, 1
6138, 496225233, 18, 0, 1
5654, 496230887, 24, 0, 1
5646, 496236533, 12, 0, 1
11816, 496248349, 38, 0, 1
6138, 496254487, 15, 0, 1
5658, 496260145, 11, 0, 1
5665, 496265810, 28, 0, 1
13044, 496278854, 101, 0, 1
6624, 496285478, 31, 0, 1
6358, 496291836, 37, 0, 1
6332, 496298168, 30, 0, 1
12257, 496310425, 41, 0, 1
6151, 496316576, 19, 0, 1
5645, 496322221, 22, 0, 1
5653, 496327874, 25, 0, 1
12245, 496340119, 40, 0, 1
6114, 496346233, 25, 0, 1
6110, 496352343, 19, 0, 1
6123, 496358466, 30, 0, 1
12191, 496370657, 44, 0, 1
6098, 496376755, 23, 0, 1
6115, 496382870, 27, 0, 1
6080, 496388950, 29, 0, 1
12223, 496401173, 33, 0, 1
6123, 496407296, 15, 0, 1
6104, 496413400, 20, 0, 1
5642, 496419042, 23, 0, 1
12254, 496431296, 28, 0, 1
6116, 496437412, 18, 0, 1
5610, 496443022, 21, 0, 1
5640, 496448662, 13, 0, 1
13164, 496461826, 59, 0, 1
6138, 496467964, 17, 0, 1
5610, 496473574, 17, 0, 1
5658, 496479232, 13, 0, 1
11799, 496491031, 31, 0, 1
6138, 496497169, 14, 0, 1
5646, 496502815, 15, 0, 1
5646, 496508461, 16, 0, 1
11832, 496520293, 29, 0, 1
6137, 496526430, 35, 0, 1
5658, 496532088, 12, 0, 1
5646, 496537734, 14, 0, 1
11773, 496549507, 42, 0, 1
14333, 496563840, 273, 16, 1
5646, 496569486, 37, 0, 1
5658, 496575144, 11, 0, 1
11798, 496586942, 56, 0, 1
6142, 496593084, 28, 0, 1
5610, 496598694, 19, 0, 1
5658, 496604352, 13, 0, 1
11804, 496616156, 49, 0, 1
6095, 496622251, 27, 0, 1
5637, 496627888, 29, 0, 1
5648, 496633536, 27, 0, 1
11813, 496645349, 55, 0, 1
6151, 496651500, 19, 0, 1
5620, 496657120, 25, 0, 1
5650, 496662770, 22, 0, 1
11784, 496674554, 46, 0, 1
6138, 496680692, 19, 0, 1
5658, 496686350, 12, 0, 1
5651, 496692001, 27, 0, 1
11830, 496703831, 31, 0, 1
6138, 496709969, 14, 0, 1
5652, 496715621, 16, 0, 1
5658, 496721279, 17, 0, 1
11786, 496733065, 33, 0, 1
6138, 496739203, 18, 0, 1
5661, 496744864, 32, 0, 1
5656, 496750520, 25, 0, 1
11830, 496762350, 43, 0, 1
6156, 496768506, 35, 0, 1
5648, 496774154, 22, 0, 1
5650, 496779804, 22, 0, 1
11818, 496791622, 24, 0, 1
6139, 496797761, 18, 0, 1
5658, 496803419, 12, 0, 1
5652, 496809071, 15, 0, 1
11773, 496820844, 44, 0, 1
6138, 496826982, 17, 0, 1
5646, 496832628, 15, 0, 1
7017, 496839645, 43, 0, 1
11831, 496851476, 26, 0, 1
6107, 496857583, 23, 0, 1
5615, 496863198, 24, 0, 1
5621, 496868819, 20, 0, 1
11792, 496880611, 33, 0, 1
6171, 496886782, 16, 0, 1
5654, 496892436, 29, 0, 1
5656, 496898092, 20, 0, 1
11779, 496909871, 36, 0, 1
6138, 496916009, 16, 0, 1
5630, 496921639, 25, 0, 1
5645, 496927284, 25, 0, 1
11818, 496939102, 45, 0, 1
6138, 496945240, 17, 0, 1
5651, 496950891, 13, 0, 1
5648, 496956539, 25, 0, 1
11804, 496968343, 42, 0, 1
6138, 496974481, 18, 0, 1
5652, 496980133, 12, 0, 1
5658, 496985791, 11, 0, 1
11786, 496997577, 43, 0, 1
6138, 497003715, 15, 0, 1
5658, 497009373, 14, 0, 1
5652, 497015025, 16, 0, 1
11765, 497026790, 37, 0, 1
6145, 497032935, 22, 0, 1
5620, 497038555, 22, 0, 1
5658, 497044213, 9, 0, 1
11832, 497056045, 45, 0, 1
6132, 497062177, 21, 0, 1
5645, 497067822, 19, 0, 1
5658, 497073480, 16, 0, 1
11807, 497085287, 38, 0, 1
6125, 497091412, 22, 0, 1
5646, 497097058, 18, 0, 1
5658, 497102716, 14, 0, 1
11785, 497114501, 37, 0, 1
6151, 497120652, 17, 0, 1
5658, 497126310, 14, 0, 1
5658, 497131968, 10, 0, 1
11768, 497143736, 32, 0, 1
6138, 497149874, 16, 0, 1
5615, 497155489, 21, 0, 1
5636, 497161125, 26, 0, 1
11807, 497172932, 35, 0, 1
6141, 497179073, 38, 0, 1
6091, 497185164, 32, 0, 1
5658, 497190822, 13, 0, 1
11790, 497202612, 35, 0, 1
6138, 497208750, 17, 0, 1
7035, 497215785, 24, 0, 1
5658, 497221443, 13, 0, 1
11831, 497233274, 33, 0, 1
6113, 497239387, 24, 0, 1
5636, 497245023, 26, 0, 1
5656, 497250679, 23, 0, 1
11775, 497262454, 38, 0, 1
6164, 497268618, 13, 0, 1
5658, 497274276, 13, 0, 1
5651, 497279927, 22, 0, 1
11796, 497291723, 48, 0, 1
6138, 497297861, 17, 0, 1
5658, 497303519, 11, 0, 1
5652, 497309171, 17, 0, 1
11820, 497320991, 39, 0, 1
6129, 497327120, 29, 0, 1
5658, 497332778, 15, 0, 1
5652, 497338430, 17, 0, 1
11785, 497350215, 52, 0, 1
6151, 497356366, 20, 0, 1
5633, 497361999, 13, 0, 1
5658, 497367657, 24, 0, 1
11811, 497379468, 50, 0, 1
6125, 497385593, 19, 0, 1
5610, 497391203, 15, 0, 1
5652, 497396855, 14, 0, 1
11830, 497408685, 39, 0, 1
6138, 497414823, 15, 0, 1
5634, 497420457, 19, 0, 1
5641, 497426098, 21, 0, 1
11817, 497437915, 37, 0, 1
6126, 497444041, 23, 0, 1
5640, 497449681, 20, 0, 1
5639, 497455320, 22, 0, 1
11805, 497467125, 41, 0, 1
6138, 497473263, 15, 0, 1
5658, 497478921, 10, 0, 1
5640, 497484561, 16, 0, 1
11795, 497496356, 29, 0, 1
6139, 497502495, 23, 0, 1
5658, 497508153, 9, 0, 1
5657, 497513810, 15, 0, 1
11762, 497525572, 38, 0, 1
6126, 497531698, 24, 0, 1
5622, 497537320, 16, 0, 1
5658, 497542978, 12, 0, 1
11813, 497554791, 27, 0, 1
6138, 497560929, 17, 0, 1
5667, 497566596, 33, 0, 1
5652, 497572248, 13, 0, 1
11818, 497584066, 21, 0, 1
7528, 497591594, 32, 0, 1
5637, 497597231, 26, 0, 1
5657, 497602888, 16, 0, 1
11815, 497614703, 51, 0, 1
6145, 497620848, 19, 0, 1
5651, 497626499, 19, 0, 1
5645, 497632144, 19, 0, 1
11843, 497643987, 49, 0, 1
6138, 497650125, 17, 0, 1
5610, 497655735, 16, 0, 1
5658, 497661393, 16, 0, 1
11787, 497673180, 38, 0, 1
6138, 497679318, 15, 0, 1
5637, 497684955, 22, 0, 1
5652, 497690607, 14, 0, 1
11801, 497702408, 32, 0, 1
6138, 497708546, 18, 0, 1
5649, 497714195, 17, 0, 1
5658, 497719853, 10, 0, 1
11784, 497731637, 42, 0, 1
6151, 497737788, 19, 0, 1
5655, 497743443, 22, 0, 1
5658, 497749101, 9, 0, 1
11769, 497760870, 44, 0, 1
6138, 497767008, 22, 0, 1
5638, 497772646, 25, 0, 1
5658, 497778304, 9, 0, 1
11804, 497790108, 32, 0, 1
6118, 497796226, 28, 0, 1
5658, 497801884, 13, 0, 1
5646, 497807530, 15, 0, 1
11798, 497819328, 38, 0, 1
6138, 497825466, 26, 0, 1
5658, 497831124, 15, 0, 1
5652, 497836776, 15, 0, 1
11812, 497848588, 23, 0, 1
6136, 497854724, 36, 0, 1
5658, 497860382, 13, 0, 1
5658, 497866040, 10, 0, 1
11747, 497877787, 29, 0, 1
6120, 497883907, 28, 0, 1
5658, 497889565, 11, 0, 1
5661, 497895226, 33, 0, 1
11810, 497907036, 39, 0, 1
6137, 497913173, 20, 0, 1
5640, 497918813, 16, 0, 1
11825, 497930638, 35, 0, 1
5634, 497936272, 23, 0, 1
6138, 497942410, 16, 0, 1
5630, 497948040, 24, 0, 1
11776, 497959816, 31, 0, 1
7035, 497966851, 21, 0, 1
6151, 497973002, 17, 0, 1
5621, 497978623, 20, 0, 1
11815, 497990438, 49, 0, 1
867625, 498858063, 15230, 344, 5
6715, 498864778, 78, 0, 1
6434, 498871212, 22, 0, 1
18275, 498889487, 425, 8, 1
6687, 498896174, 49, 0, 1
6709, 498902883, 35, 0, 1
6660, 498909543, 29, 0, 1
13902, 498923445, 180, 1, 1
