1280936, 1280936, 28917, 939, 5
6085408, 7366344, 87851, 11268, 13
18198092, 25564436, 26120, 6287, 2
19200537, 44764973, 20405, 5182, 11
18967676, 63732649, 21614, 5695, 11
19461584, 83194233, 19767, 5210, 11
19427623, 102621856, 19009, 5276, 11
18587055, 121208911, 24573, 7014, 2
18991459, 140200370, 20087, 5178, 11
19567428, 159767798, 20761, 5262, 11
19179420, 178947218, 21401, 5225, 11
19411929, 198359147, 19617, 5307, 11
19523513, 217882660, 19779, 5297, 11
19401725, 237284385, 20992, 5300, 11
18630294, 255914679, 25123, 5037, 11
19357457, 275272136, 19026, 5323, 11
18737527, 294009663, 19115, 5016, 11
19374688, 313384351, 19836, 5235, 11
19366950, 332751301, 19431, 5236, 11
19515108, 352266409, 19581, 5274, 11
19412927, 371679336, 19342, 5294, 11
19619646, 391298982, 20049, 5328, 11
19579285, 410878267, 19096, 5224, 11
19485182, 430363449, 19261, 5276, 11
19479614, 449843063, 19264, 5210, 11
19500614, 469343677, 20103, 5249, 11
17361339, 486705016, 27953, 4026, 11
9583297, 496288313, 17859, 196, 12
117534, 496405847, 2730, 537, 1
11794, 496417641, 43, 0, 1
5658, 496423299, 14, 0, 1
5658, 496428957, 13, 0, 1
6133, 496435090, 29, 0, 1
11805, 496446895, 52, 0, 1
5658, 496452553, 12, 0, 1
5643, 496458196, 21, 0, 1
6154, 496464350, 23, 0, 1
11808, 496476158, 64, 0, 1
5658, 496481816, 12, 0, 1
5658, 496487474, 15, 0, 1
6151, 496493625, 30, 0, 1
11783, 496505408, 34, 0, 1
5658, 496511066, 11, 0, 1
5658, 496516724, 22, 0, 1
6154, 496522878, 21, 0, 1
11770, 496534648, 31, 0, 1
5637, 496540285, 21, 0, 1
5658, 496545943, 15, 0, 1
6168, 496552111, 30, 0, 1
11802, 496563913, 35, 0, 1
5657, 496569570, 24, 0, 1
5658, 496575228, 12, 0, 1
6147, 496581375, 29, 0, 1
11810, 496593185, 31, 0, 1
5639, 496598824, 26, 1, 1
5652, 496604476, 13, 0, 1
6160, 496610636, 18, 0, 1
11788, 496622424, 34, 0, 1
5638, 496628062, 22, 0, 1
5645, 496633707, 27, 0, 1
6167, 496639874, 21, 0, 1
11794, 496651668, 37, 0, 1
5656, 496657324, 21, 0, 1
5658, 496662982, 13, 0, 1
6145, 496669127, 28, 0, 1
11790, 496680917, 30, 0, 1
5621, 496686538, 23, 0, 1
5646, 496692184, 17, 0, 1
7550, 496699734, 100, 9, 1
11790, 496711524, 43, 0, 1
5658, 496717182, 13, 0, 1
5653, 496722835, 25, 0, 1
6148, 496728983, 19, 0, 1
11806, 496740789, 43, 0, 1
6116, 496746905, 15, 0, 1
5646, 496752551, 23, 2, 1
6120, 496758671, 20, 1, 1
11760, 496770431, 30, 0, 1
6119, 496776550, 28, 0, 1
5658, 496782208, 15, 0, 1
6108, 496788316, 25, 0, 1
11772, 496800088, 28, 0, 1
5633, 496805721, 19, 0, 1
5658, 496811379, 10, 0, 1
6147, 496817526, 21, 0, 1
11808, 496829334, 27, 0, 1
5645, 496834979, 19, 0, 1
5667, 496840646, 30, 0, 1
6160, 496846806, 21, 0, 1
11770, 496858576, 38, 0, 1
5651, 496864227, 19, 0, 1
5652, 496869879, 13, 0, 1
6170, 496876049, 29, 0, 1
11782, 496887831, 41, 1, 1
5658, 496893489, 12, 0, 1
5652, 496899141, 15, 0, 1
6118, 496905259, 25, 0, 1
11772, 496917031, 32, 0, 1
5658, 496922689, 18, 2, 1
5658, 496928347, 10, 0, 1
6172, 496934519, 19, 0, 1
12322, 496946841, 66, 0, 1
6327, 496953168, 22, 0, 1
5612, 496958780, 24, 0, 1
6678, 496965458, 27, 0, 1
21825, 496987283, 339, 174, 1
6108, 496993391, 52, 0, 1
5646, 496999037, 17, 0, 1
6137, 497005174, 28, 0, 1
12213, 497017387, 43, 0, 1
6116, 497023503, 18, 0, 1
6137, 497029640, 38, 0, 1
6112, 497035752, 33, 0, 1
12182, 497047934, 44, 0, 1
6093, 497054027, 30, 0, 1
6094, 497060121, 27, 0, 1
6116, 497066237, 18, 0, 1
12243, 497078480, 45, 0, 1
6102, 497084582, 22, 0, 1
7469, 497092051, 45, 3, 1
6090, 497098141, 29, 0, 1
12178, 497110319, 43, 0, 1
6100, 497116419, 29, 0, 1
6116, 497122535, 17, 0, 1
6129, 497128664, 17, 0, 1
12205, 497140869, 46, 0, 1
6115, 497146984, 19, 0, 1
5658, 497152642, 14, 0, 1
6121, 497158763, 31, 0, 1
12218, 497170981, 43, 0, 1
6129, 497177110, 15, 0, 1
5648, 497182758, 29, 0, 1
6101, 497188859, 25, 0, 1
11779, 497200638, 53, 0, 1
5658, 497206296, 13, 0, 1
5652, 497211948, 15, 0, 1
6124, 497218072, 27, 0, 1
11816, 497229888, 41, 0, 1
5658, 497235546, 10, 0, 1
5642, 497241188, 28, 0, 1
6160, 497247348, 17, 0, 1
11771, 497259119, 37, 0, 1
5625, 497264744, 23, 0, 1
5646, 497270390, 18, 0, 1
6154, 497276544, 24, 0, 1
11799, 497288343, 52, 0, 1
5658, 497294001, 13, 0, 1
5658, 497299659, 12, 0, 1
6117, 497305776, 25, 0, 1
11813, 497317589, 32, 0, 1
5658, 497323247, 13, 0, 1
5644, 497328891, 27, 0, 1
6157, 497335048, 24, 0, 1
11788, 497346836, 33, 0, 1
5648, 497352484, 29, 0, 1
5656, 497358140, 21, 0, 1
6186, 497364326, 29, 0, 1
11787, 497376113, 41, 0, 1
5634, 497381747, 21, 0, 1
5626, 497387373, 24, 0, 1
6160, 497393533, 22, 0, 1
11791, 497405324, 51, 0, 1
5658, 497410982, 15, 0, 1
5657, 497416639, 19, 0, 1
6173, 497422812, 16, 0, 1
11801, 497434613, 37, 0, 1
5662, 497440275, 28, 0, 1
5656, 497445931, 31, 0, 1
6160, 497452091, 17, 0, 1
11797, 497463888, 25, 0, 1
7016, 497470904, 35, 0, 1
5646, 497476550, 14, 0, 1
6147, 497482697, 18, 0, 1
11796, 497494493, 23, 0, 1
5658, 497500151, 11, 0, 1
5640, 497505791, 17, 0, 1
11822, 497517613, 37, 0, 1
6120, 497523733, 22, 0, 1
5636, 497529369, 23, 0, 1
5654, 497535023, 28, 0, 1
11805, 497546828, 36, 0, 1
6151, 497552979, 14, 0, 1
5627, 497558606, 24, 0, 1
5652, 497564258, 18, 0, 1
11820, 497576078, 48, 0, 1
6138, 497582216, 16, 0, 1
5634, 497587850, 18, 0, 1
5652, 497593502, 21, 0, 1
11818, 497605320, 28, 0, 1
6132, 497611452, 17, 0, 1
5648, 497617100, 27, 0, 1
5651, 497622751, 28, 0, 1
11808, 497634559, 32, 0, 1
6125, 497640684, 22, 0, 1
5646, 497646330, 27, 0, 1
5638, 497651968, 19, 0, 1
11819, 497663787, 28, 0, 1
6138, 497669925, 16, 0, 1
5649, 497675574, 26, 0, 1
5661, 497681235, 29, 0, 1
11817, 497693052, 41, 0, 1
6151, 497699203, 17, 0, 1
5633, 497704836, 23, 0, 1
5654, 497710490, 26, 0, 1
11820, 497722310, 47, 0, 1
6118, 497728428, 25, 0, 1
5651, 497734079, 24, 0, 1
5661, 497739740, 27, 0, 1
20895, 497760635, 297, 35, 1
6138, 497766773, 22, 0, 1
5661, 497772434, 28, 0, 1
5658, 497778092, 24, 0, 1
11780, 497789872, 32, 0, 1
6143, 497796015, 23, 0, 1
5658, 497801673, 13, 0, 1
5658, 497807331, 16, 0, 1
11797, 497819128, 46, 0, 1
6126, 497825254, 23, 0, 1
5649, 497830903, 24, 0, 1
5646, 497836549, 20, 0, 1
11812, 497848361, 35, 0, 1
7515, 497855876, 33, 1, 1
5650, 497861526, 25, 0, 1
5628, 497867154, 21, 0, 1
11785, 497878939, 37, 0, 1
6138, 497885077, 17, 0, 1
5668, 497890745, 29, 0, 1
5658, 497896403, 12, 0, 1
11823, 497908226, 48, 0, 1
6138, 497914364, 21, 0, 1
5659, 497920023, 30, 0, 1
5658, 497925681, 11, 0, 1
11812, 497937493, 39, 0, 1
6151, 497943644, 17, 0, 1
5658, 497949302, 14, 0, 1
5657, 497954959, 23, 0, 1
11840, 497966799, 42, 0, 1
6138, 497972937, 20, 0, 1
5646, 497978583, 23, 0, 1
5646, 497984229, 16, 0, 1
11844, 497996073, 40, 0, 1
6138, 498002211, 20, 0, 1
5652, 498007863, 28, 0, 1
5658, 498013521, 12, 0, 1
11803, 498025324, 33, 0, 1
6151, 498031475, 34, 0, 1
5651, 498037126, 21, 0, 1
5657, 498042783, 24, 0, 1
11817, 498054600, 34, 0, 1
6145, 498060745, 16, 0, 1
5632, 498066377, 26, 0, 1
5654, 498072031, 29, 0, 1
11830, 498083861, 32, 0, 1
6138, 498089999, 16, 0, 1
5646, 498095645, 17, 0, 1
5673, 498101318, 32, 0, 1
11806, 498113124, 29, 0, 1
6125, 498119249, 25, 0, 1
5643, 498124892, 24, 0, 1
5658, 498130550, 14, 0, 1
11805, 498142355, 42, 0, 1
6138, 498148493, 18, 0, 1
5640, 498154133, 20, 0, 1
5652, 498159785, 17, 0, 1
11813, 498171598, 47, 0, 1
6160, 498177758, 30, 0, 1
5621, 498183379, 23, 0, 1
5638, 498189017, 23, 0, 1
11810, 498200827, 39, 0, 1
6138, 498206965, 17, 0, 1
5627, 498212592, 24, 0, 1
5651, 498218243, 15, 0, 1
13195, 498231438, 56, 0, 1
6152, 498237590, 35, 0, 1
5658, 498243248, 12, 0, 1
5658, 498248906, 16, 0, 1
11782, 498260688, 50, 0, 1
6127, 498266815, 23, 0, 1
5649, 498272464, 27, 0, 1
5658, 498278122, 12, 0, 1
11805, 498289927, 27, 0, 1
6138, 498296065, 16, 0, 1
5645, 498301710, 19, 0, 1
5658, 498307368, 15, 0, 1
11805, 498319173, 42, 0, 1
6111, 498325284, 30, 0, 1
5640, 498330924, 23, 0, 1
5670, 498336594, 32, 0, 1
11797, 498348391, 38, 0, 1
6127, 498354518, 31, 0, 1
5650, 498360168, 21, 0, 1
5658, 498365826, 14, 0, 1
11832, 498377658, 37, 0, 1
6138, 498383796, 13, 0, 1
5658, 498389454, 11, 0, 1
5650, 498395104, 25, 0, 1
11780, 498406884, 34, 0, 1
6134, 498413018, 20, 0, 1
5634, 498418652, 19, 0, 1
5658, 498424310, 21, 0, 1
11818, 498436128, 23, 0, 1
6114, 498442242, 23, 0, 1
5634, 498447876, 18, 0, 1
5658, 498453534, 13, 0, 1
11830, 498465364, 42, 0, 1
6126, 498471490, 20, 0, 1
5643, 498477133, 22, 0, 1
5652, 498482785, 18, 0, 1
11766, 498494551, 54, 0, 1
6145, 498500696, 31, 0, 1
5633, 498506329, 20, 0, 1
5651, 498511980, 15, 0, 1
11784, 498523764, 40, 0, 1
6126, 498529890, 23, 0, 1
5621, 498535511, 19, 0, 1
5656, 498541167, 29, 0, 1
11811, 498552978, 39, 0, 1
6138, 498559116, 16, 0, 1
5658, 498564774, 14, 0, 1
5658, 498570432, 12, 0, 1
11783, 498582215, 40, 0, 1
6120, 498588335, 22, 0, 1
5658, 498593993, 15, 0, 1
5657, 498599650, 21, 0, 1
13181, 498612831, 55, 0, 1
6124, 498618955, 30, 0, 1
5658, 498624613, 12, 0, 1
5651, 498630264, 22, 0, 1
11804, 498642068, 41, 0, 1
6151, 498648219, 19, 0, 1
5657, 498653876, 28, 0, 1
5653, 498659529, 18, 0, 1
11785, 498671314, 37, 0, 1
6138, 498677452, 18, 0, 1
5646, 498683098, 17, 0, 1
5661, 498688759, 29, 0, 1
11792, 498700551, 39, 0, 1
6138, 498706689, 18, 0, 1
5640, 498712329, 20, 0, 1
5658, 498717987, 13, 0, 1
11814, 498729801, 48, 0, 1
6151, 498735952, 18, 0, 1
8991, 498744943, 176, 12, 1
882938, 499627881, 14524, 3628, 9
15300, 499643181, 837, 15, 1
6662, 499649843, 36, 1, 1
12047, 499661890, 406, 68, 1
6661, 499668551, 41, 0, 1
13105, 499681656, 38, 0, 1
8286, 499689942, 182, 16, 1
6602, 499696544, 25, 0, 1
821701, 821701, 18478, 756, 5
5787810, 6609511, 87101, 9582, 15
16383833, 22993344, 35066, 7406, 10
19333890, 42327234, 19757, 5171, 11
18825234, 61152468, 21025, 5551, 11
19553380, 80705848, 19759, 5330, 11
19392861, 100098709, 18275, 5276, 11
18511247, 118609956, 24266, 6955, 2
19016474, 137626430, 18483, 5168, 11
19638280, 157264710, 19172, 5337, 11
19147998, 176412708, 20291, 5254, 11
19571697, 195984405, 18713, 5332, 11
19567396, 215551801, 18326, 5374, 11
19442042, 234993843, 20822, 5282, 11
18745463, 253739306, 23697, 4950, 11
19326662, 273065968, 18428, 5251, 11
19030381, 292096349, 18626, 5155, 11
19228754, 311325103, 19579, 5157, 11
19608326, 330933429, 18833, 5303, 11
19637457, 350570886, 19117, 5337, 11
19540290, 370111176, 18411, 5269, 11
19688647, 389799823, 19237, 5340, 11
19674654, 409474477, 18626, 5246, 11
19553587, 429028064, 19067, 5303, 11
19639014, 448667078, 18564, 5222, 11
19620118, 468287196, 19277, 5313, 11
17444908, 485732104, 28491, 4280, 11
9978356, 495710460, 17063, 196, 12
599196, 496309656, 3355, 512, 1
11803, 496321459, 59, 0, 1
5658, 496327117, 11, 0, 1
5667, 496332784, 29, 0, 1
6129, 496338913, 24, 0, 1
11767, 496350680, 47, 0, 1
5657, 496356337, 26, 0, 1
5658, 496361995, 15, 0, 1
6152, 496368147, 30, 0, 1
11805, 496379952, 42, 0, 1
5658, 496385610, 10, 0, 1
5652, 496391262, 14, 0, 1
6154, 496397416, 29, 0, 1
11789, 496409205, 38, 0, 1
5621, 496414826, 18, 0, 1
5669, 496420495, 27, 0, 1
6178, 496426673, 18, 0, 1
11800, 496438473, 35, 0, 1
5628, 496444101, 22, 0, 1
5663, 496449764, 16, 0, 1
6130, 496455894, 24, 0, 1
11787, 496467681, 46, 0, 1
5640, 496473321, 14, 0, 1
5637, 496478958, 27, 0, 1
6160, 496485118, 16, 0, 1
11800, 496496918, 46, 0, 1
5652, 496502570, 15, 0, 1
5644, 496508214, 24, 0, 1
6152, 496514366, 27, 0, 1
11752, 496526118, 38, 0, 1
5637, 496531755, 25, 1, 1
5644, 496537399, 21, 0, 1
6135, 496543534, 23, 0, 1
11784, 496555318, 39, 0, 1
5652, 496560970, 14, 0, 1
5658, 496566628, 11, 0, 1
6160, 496572788, 17, 0, 1
11796, 496584584, 22, 0, 1
7028, 496591612, 98, 11, 1
5658, 496597270, 13, 0, 1
6186, 496603456, 17, 0, 1
11796, 496615252, 22, 0, 1
5644, 496620896, 22, 0, 1
5650, 496626546, 28, 0, 1
6152, 496632698, 33, 1, 1
11796, 496644494, 37, 0, 1
6127, 496650621, 33, 0, 1
5658, 496656279, 12, 0, 1
11763, 496668042, 41, 2, 1
6125, 496674167, 32, 0, 1
6116, 496680283, 19, 0, 1
5658, 496685941, 11, 0, 1
11766, 496697707, 42, 0, 1
6139, 496703846, 22, 0, 1
5645, 496709491, 17, 0, 1
5657, 496715148, 21, 0, 1
11792, 496726940, 42, 0, 1
6138, 496733078, 16, 0, 1
5632, 496738710, 19, 0, 1
5651, 496744361, 18, 0, 1
11825, 496756186, 23, 0, 1
6129, 496762315, 30, 0, 1
5646, 496767961, 13, 0, 1
5652, 496773613, 13, 0, 1
11797, 496785410, 47, 0, 1
6146, 496791556, 34, 0, 1
5651, 496797207, 19, 0, 1
5658, 496802865, 8, 0, 1
11817, 496814682, 36, 0, 1
6138, 496820820, 13, 0, 1
5658, 496826478, 11, 0, 1
5658, 496832136, 11, 0, 1
11823, 496843959, 56, 0, 1
6507, 496850466, 62, 0, 1
6377, 496856843, 23, 0, 1
8378, 496865221, 196, 7, 1
13287, 496878508, 59, 0, 1
6570, 496885078, 38, 0, 1
6123, 496891201, 25, 0, 1
5645, 496896846, 18, 0, 1
12241, 496909087, 46, 0, 1
6098, 496915185, 25, 0, 1
6116, 496921301, 18, 0, 1
6115, 496927416, 27, 0, 1
12237, 496939653, 38, 0, 1
6085, 496945738, 21, 0, 1
6102, 496951840, 31, 0, 1
6115, 496957955, 22, 0, 1
12211, 496970166, 46, 0, 1
7462, 496977628, 53, 2, 1
6116, 496983744, 17, 0, 1
6134, 496989878, 28, 0, 1
12224, 497002102, 48, 0, 1
6097, 497008199, 27, 0, 1
6103, 497014302, 26, 0, 1
6110, 497020412, 26, 0, 1
12226, 497032638, 33, 0, 1
6111, 497038749, 21, 0, 1
6103, 497044852, 25, 0, 1
5646, 497050498, 15, 0, 1
12180, 497062678, 43, 0, 1
6116, 497068794, 16, 0, 1
5652, 497074446, 15, 0, 1
5652, 497080098, 22, 0, 1
11821, 497091919, 38, 0, 1
6130, 497098049, 22, 0, 1
5657, 497103706, 21, 0, 1
5658, 497109364, 12, 0, 1
11809, 497121173, 32, 0, 1
6100, 497127273, 27, 0, 1
5644, 497132917, 28, 0, 1
5658, 497138575, 12, 0, 1
11830, 497150405, 23, 0, 1
6129, 497156534, 27, 0, 1
5662, 497162196, 29, 0, 1
5646, 497167842, 22, 0, 1
11775, 497179617, 38, 0, 1
6151, 497185768, 17, 0, 1
5662, 497191430, 23, 0, 1
5633, 497197063, 24, 0, 1
11803, 497208866, 45, 0, 1
6145, 497215011, 18, 0, 1
5652, 497220663, 20, 0, 1
5657, 497226320, 20, 0, 1
11819, 497238139, 31, 0, 1
6142, 497244281, 24, 0, 1
5658, 497249939, 7, 0, 1
5652, 497255591, 15, 0, 1
11801, 497267392, 48, 0, 1
6151, 497273543, 17, 0, 1
5646, 497279189, 21, 0, 1
5638, 497284827, 24, 0, 1
11800, 497296627, 34, 0, 1
6126, 497302753, 20, 0, 1
5658, 497308411, 12, 0, 1
5657, 497314068, 21, 0, 1
11800, 497325868, 29, 0, 1
6135, 497332003, 23, 0, 1
5658, 497337661, 15, 0, 1
5652, 497343313, 18, 0, 1
13189, 497356502, 66, 0, 1
6124, 497362626, 27, 0, 1
5658, 497368284, 12, 0, 1
5657, 497373941, 19, 0, 1
11826, 497385767, 37, 0, 1
6138, 497391905, 17, 0, 1
5649, 497397554, 17, 0, 1
5658, 497403212, 10, 0, 1
11816, 497415028, 41, 0, 1
6149, 497421177, 23, 0, 1
5658, 497426835, 11, 0, 1
5652, 497432487, 13, 0, 1
11822, 497444309, 38, 0, 1
6138, 497450447, 13, 0, 1
5645, 497456092, 19, 0, 1
5652, 497461744, 16, 0, 1
11818, 497473562, 28, 0, 1
6126, 497479688, 18, 0, 1
5658, 497485346, 12, 0, 1
5658, 497491004, 18, 0, 1
11812, 497502816, 24, 0, 1
6151, 497508967, 15, 0, 1
5638, 497514605, 25, 0, 1
5658, 497520263, 8, 0, 1
11809, 497532072, 45, 0, 1
6138, 497538210, 15, 0, 1
5658, 497543868, 13, 0, 1
5652, 497549520, 16, 0, 1
11827, 497561347, 44, 0, 1
6126, 497567473, 24, 0, 1
5646, 497573119, 16, 0, 1
5653, 497578772, 25, 0, 1
11812, 497590584, 32, 0, 1
6138, 497596722, 17, 0, 1
5646, 497602368, 22, 0, 1
5661, 497608029, 23, 0, 1
20870, 497628899, 328, 64, 1
6131, 497635030, 27, 0, 1
5658, 497640688, 14, 0, 1
5652, 497646340, 16, 0, 1
11788, 497658128, 33, 0, 1
6131, 497664259, 28, 0, 1
5651, 497669910, 22, 0, 1
5658, 497675568, 12, 0, 1
11803, 497687371, 30, 0, 1
6131, 497693502, 24, 0, 1
5658, 497699160, 11, 0, 1
5655, 497704815, 25, 0, 1
11826, 497716641, 49, 0, 1
6141, 497722782, 34, 0, 1
5646, 497728428, 17, 0, 1
5652, 497734080, 19, 0, 1
13177, 497747257, 50, 0, 1
6146, 497753403, 20, 0, 1
6104, 497759507, 25, 0, 1
5642, 497765149, 25, 0, 1
11804, 497776953, 43, 0, 1
6138, 497783091, 16, 0, 1
5642, 497788733, 27, 0, 1
5652, 497794385, 17, 0, 1
11826, 497806211, 28, 0, 1
6132, 497812343, 22, 0, 1
6116, 497818459, 26, 0, 1
5657, 497824116, 24, 0, 1
11798, 497835914, 38, 0, 1
6138, 497842052, 17, 0, 1
5657, 497847709, 24, 0, 1
5658, 497853367, 12, 0, 1
11832, 497865199, 50, 0, 1
6138, 497871337, 15, 0, 1
5645, 497876982, 25, 0, 1
5650, 497882632, 32, 0, 1
11786, 497894418, 36, 0, 1
6139, 497900557, 21, 0, 1
5633, 497906190, 19, 0, 1
5651, 497911841, 23, 0, 1
11797, 497923638, 38, 0, 1
6145, 497929783, 30, 0, 1
5658, 497935441, 15, 0, 1
5645, 497941086, 29, 0, 1
11830, 497952916, 33, 0, 1
6133, 497959049, 20, 0, 1
5642, 497964691, 24, 0, 1
5657, 497970348, 16, 0, 1
11817, 497982165, 28, 0, 1
6151, 497988316, 24, 0, 1
5658, 497993974, 13, 0, 1
5657, 497999631, 30, 0, 1
11816, 498011447, 35, 0, 1
6130, 498017577, 25, 0, 1
5646, 498023223, 24, 0, 1
5661, 498028884, 29, 0, 1
11820, 498040704, 53, 0, 1
6138, 498046842, 18, 0, 1
5658, 498052500, 14, 0, 1
5667, 498058167, 26, 0, 1
11820, 498069987, 39, 0, 1
6138, 498076125, 17, 0, 1
5639, 498081764, 18, 0, 1
5657, 498087421, 19, 0, 1
11807, 498099228, 26, 0, 1
6138, 498105366, 27, 0, 1
5657, 498111023, 18, 0, 1
7017, 498118040, 42, 0, 1
11785, 498129825, 50, 0, 1
6158, 498135983, 19, 0, 1
5643, 498141626, 23, 0, 1
5655, 498147281, 27, 0, 1
11817, 498159098, 44, 0, 1
6138, 498165236, 20, 0, 1
5679, 498170915, 34, 0, 1
5657, 498176572, 21, 0, 1
11815, 498188387, 41, 0, 1
6138, 498194525, 16, 0, 1
5650, 498200175, 19, 0, 1
5644, 498205819, 22, 0, 1
11804, 498217623, 30, 0, 1
6151, 498223774, 16, 0, 1
5640, 498229414, 16, 0, 1
5658, 498235072, 10, 0, 1
11792, 498246864, 45, 0, 1
6120, 498252984, 25, 0, 1
5622, 498258606, 21, 0, 1
5658, 498264264, 11, 0, 1
11819, 498276083, 33, 0, 1
6123, 498282206, 25, 0, 1
5656, 498287862, 23, 0, 1
5658, 498293520, 14, 0, 1
11796, 498305316, 51, 0, 1
6126, 498311442, 25, 0, 1
5652, 498317094, 14, 0, 1
5650, 498322744, 30, 0, 1
11795, 498334539, 37, 0, 1
6136, 498340675, 39, 0, 1
5658, 498346333, 14, 0, 1
5652, 498351985, 17, 0, 1
11821, 498363806, 47, 1, 1
14345, 498378151, 238, 72, 1
5652, 498383803, 31, 0, 1
5655, 498389458, 26, 0, 1
11812, 498401270, 32, 0, 1
6138, 498407408, 18, 0, 1
5627, 498413035, 26, 0, 1
5657, 498418692, 21, 0, 1
11819, 498430511, 37, 0, 1
6105, 498436616, 27, 0, 1
5658, 498442274, 14, 0, 1
5652, 498447926, 16, 0, 1
11811, 498459737, 39, 0, 1
6151, 498465888, 17, 0, 1
5645, 498471533, 20, 0, 1
5650, 498477183, 18, 0, 1
11801, 498488984, 42, 0, 1
6138, 498495122, 14, 0, 1
7019, 498502141, 50, 1, 1
5658, 498507799, 13, 0, 1
11790, 498519589, 40, 0, 1
6137, 498525726, 23, 0, 1
5649, 498531375, 23, 0, 1
5652, 498537027, 17, 0, 1
11797, 498548824, 37, 0, 1
6138, 498554962, 19, 0, 1
5646, 498560608, 18, 0, 1
5657, 498566265, 20, 0, 1
11803, 498578068, 47, 0, 1
6138, 498584206, 17, 0, 1
5640, 498589846, 24, 0, 1
5660, 498595506, 24, 0, 1
11804, 498607310, 46, 0, 1
6127, 498613437, 22, 0, 1
5656, 498619093, 22, 0, 1
5652, 498624745, 21, 0, 1
904563, 499529308, 15623, 3707, 9
6725, 499536033, 76, 1, 1
6393, 499542426, 25, 0, 1
11893, 499554319, 373, 61, 1
13712, 499568031, 74, 0, 1
6393, 499574424, 15, 0, 1
8257, 499582681, 139, 24, 1
6624, 499589305, 37, 0, 1
1046230, 1046230, 23217, 828, 5
6040108, 7086338, 86097, 10391, 15
17206465, 24292803, 31664, 6988, 2
19137907, 43430710, 21302, 5119, 11
18884158, 62314868, 21535, 5639, 11
19510604, 81825472, 20045, 5267, 11
19322877, 101148349, 18975, 5284, 11
18522192, 119670541, 24323, 6985, 2
19010020, 138680561, 19296, 5165, 11
19506089, 158186650, 20462, 5278, 11
19128876, 177315526, 21308, 5345, 11
19555518, 196871044, 19179, 5329, 11
19516749, 216387793, 19045, 5347, 11
19424650, 235812443, 20604, 5314, 11
18704330, 254516773, 24381, 5104, 11
19119078, 273635851, 18969, 5182, 11
18964734, 292600585, 18911, 5136, 11
19309859, 311910444, 19761, 5158, 11
19625088, 331535532, 19145, 5301, 11
19539942, 351075474, 18837, 5367, 11
19511580, 370587054, 19324, 5197, 11
19649837, 390236891, 19549, 5341, 11
19608821, 409845712, 19075, 5332, 11
19580493, 429426205, 18835, 5223, 11
19617095, 449043300, 18889, 5231, 11
19497945, 468541245, 20072, 5272, 11
17345657, 485886902, 28593, 4356, 11
10017226, 495904128, 16944, 199, 12
480287, 496384415, 3108, 550, 1
11805, 496396220, 50, 4, 1
5650, 496401870, 17, 0, 1
5657, 496407527, 21, 1, 1
11817, 496419344, 39, 0, 1
6107, 496425451, 27, 0, 1
5651, 496431102, 23, 0, 1
5658, 496436760, 9, 0, 1
11819, 496448579, 36, 0, 1
6138, 496454717, 15, 0, 1
5661, 496460378, 24, 0, 1
5652, 496466030, 20, 0, 1
11829, 496477859, 51, 3, 1
6141, 496484000, 27, 0, 1
5658, 496489658, 14, 0, 1
5652, 496495310, 16, 0, 1
11801, 496507111, 43, 0, 1
6124, 496513235, 25, 0, 1
5671, 496518906, 32, 1, 1
5651, 496524557, 15, 0, 1
11818, 496536375, 28, 0, 1
6132, 496542507, 28, 0, 1
5633, 496548140, 23, 0, 1
5655, 496553795, 30, 0, 1
11808, 496565603, 45, 0, 1
6124, 496571727, 35, 0, 1
5658, 496577385, 14, 0, 1
5652, 496583037, 16, 0, 1
13154, 496596191, 123, 8, 1
6135, 496602326, 30, 0, 1
5658, 496607984, 12, 0, 1
5652, 496613636, 16, 0, 1
11809, 496625445, 47, 1, 1
6145, 496631590, 26, 0, 1
5633, 496637223, 25, 0, 1
5658, 496642881, 13, 0, 1
11790, 496654671, 53, 0, 1
6141, 496660812, 33, 0, 1
5658, 496666470, 15, 0, 1
5658, 496672128, 14, 0, 1
11800, 496683928, 30, 0, 1
6114, 496690042, 25, 0, 1
5648, 496695690, 25, 0, 1
5655, 496701345, 27, 0, 1
11806, 496713151, 31, 0, 1
6119, 496719270, 23, 0, 1
6124, 496725394, 26, 1, 1
5658, 496731052, 14, 0, 1
11758, 496742810, 46, 3, 1
6138, 496748948, 14, 0, 1
5646, 496754594, 18, 0, 1
5657, 496760251, 21, 0, 1
11793, 496772044, 42, 0, 1
6151, 496778195, 18, 0, 1
5627, 496783822, 24, 0, 1
5658, 496789480, 11, 0, 1
11818, 496801298, 25, 0, 1
6138, 496807436, 18, 0, 1
5646, 496813082, 19, 1, 1
5632, 496818714, 25, 0, 1
11817, 496830531, 41, 0, 1
6145, 496836676, 17, 0, 1
5646, 496842322, 22, 1, 1
5658, 496847980, 12, 0, 1
11811, 496859791, 50, 0, 1
6172, 496865963, 32, 0, 1
5658, 496871621, 11, 0, 1
5652, 496877273, 14, 0, 1
11805, 496889078, 33, 0, 1
6132, 496895210, 24, 0, 1
5658, 496900868, 12, 0, 1
5658, 496906526, 13, 0, 1
11819, 496918345, 44, 0, 1
6658, 496925003, 74, 0, 1
6602, 496931605, 27, 0, 1
5648, 496937253, 26, 0, 1
13266, 496950519, 49, 0, 1
6555, 496957074, 25, 0, 1
6129, 496963203, 26, 0, 1
5651, 496968854, 15, 0, 1
13614, 496982468, 72, 2, 1
6114, 496988582, 38, 0, 1
6116, 496994698, 19, 0, 1
6107, 497000805, 27, 0, 1
12214, 497013019, 45, 0, 1
6109, 497019128, 19, 0, 1
6109, 497025237, 23, 0, 1
6116, 497031353, 19, 0, 1
12234, 497043587, 45, 0, 1
6079, 497049666, 28, 0, 1
6116, 497055782, 17, 0, 1
6108, 497061890, 27, 0, 1
12205, 497074095, 41, 0, 1
6116, 497080211, 16, 0, 1
6098, 497086309, 24, 0, 1
6126, 497092435, 43, 4, 1
12234, 497104669, 49, 0, 1
6142, 497110811, 24, 0, 1
6102, 497116913, 30, 0, 1
5652, 497122565, 28, 0, 1
11754, 497134319, 38, 0, 1
6102, 497140421, 26, 0, 1
5650, 497146071, 19, 0, 1
5651, 497151722, 19, 0, 1
12545, 497164267, 46, 0, 1
6674, 497170941, 30, 0, 1
6330, 497177271, 28, 0, 1
6333, 497183604, 15, 0, 1
12279, 497195883, 54, 0, 1
6138, 497202021, 15, 0, 1
5640, 497207661, 14, 0, 1
5637, 497213298, 24, 0, 1
11825, 497225123, 38, 0, 1
6145, 497231268, 18, 0, 1
5640, 497236908, 16, 0, 1
5656, 497242564, 26, 0, 1
11786, 497254350, 44, 0, 1
6151, 497260501, 18, 0, 1
5658, 497266159, 12, 0, 1
5665, 497271824, 28, 0, 1
11820, 497283644, 49, 0, 1
6138, 497289782, 16, 0, 1
5651, 497295433, 22, 0, 1
5654, 497301087, 30, 0, 1
11831, 497312918, 27, 0, 1
6138, 497319056, 18, 0, 1
5659, 497324715, 30, 0, 1
5657, 497330372, 20, 0, 1
11810, 497342182, 32, 0, 1
6145, 497348327, 23, 0, 1
5657, 497353984, 23, 0, 1
7021, 497361005, 41, 0, 1
11804, 497372809, 38, 0, 1
6138, 497378947, 26, 0, 1
5658, 497384605, 12, 0, 1
5658, 497390263, 14, 0, 1
11823, 497402086, 36, 0, 1
6138, 497408224, 15, 0, 1
5638, 497413862, 28, 0, 1
5656, 497419518, 29, 0, 1
11806, 497431324, 34, 0, 1
6132, 497437456, 20, 0, 1
5655, 497443111, 26, 0, 1
5658, 497448769, 18, 0, 1
11818, 497460587, 57, 0, 1
6138, 497466725, 20, 0, 1
5632, 497472357, 27, 0, 1
5671, 497478028, 28, 0, 1
11810, 497489838, 38, 0, 1
6164, 497496002, 19, 0, 1
5650, 497501652, 26, 0, 1
5656, 497507308, 21, 0, 1
11823, 497519131, 37, 0, 1
6138, 497525269, 17, 0, 1
5627, 497530896, 22, 0, 1
5658, 497536554, 13, 0, 1
11801, 497548355, 36, 0, 1
6138, 497554493, 17, 0, 1
5643, 497560136, 24, 0, 1
5648, 497565784, 28, 0, 1
11802, 497577586, 47, 0, 1
6145, 497583731, 23, 0, 1
5632, 497589363, 25, 0, 1
5646, 497595009, 15, 0, 1
11775, 497606784, 34, 0, 1
6142, 497612926, 27, 0, 1
5658, 497618584, 12, 0, 1
5658, 497624242, 12, 0, 1
20851, 497645093, 421, 48, 1
6138, 497651231, 22, 0, 1
5644, 497656875, 23, 0, 1
5658, 497662533, 9, 0, 1
11817, 497674350, 21, 0, 1
6117, 497680467, 33, 0, 1
5644, 497686111, 23, 0, 1
5658, 497691769, 12, 0, 1
11794, 497703563, 38, 0, 1
6126, 497709689, 39, 0, 1
5658, 497715347, 15, 0, 1
5661, 497721008, 26, 0, 1
11797, 497732805, 35, 0, 1
6151, 497738956, 16, 0, 1
7022, 497745978, 36, 0, 1
5658, 497751636, 13, 0, 1
11791, 497763427, 46, 0, 1
6136, 497769563, 28, 0, 1
5652, 497775215, 20, 0, 1
5658, 497780873, 11, 0, 1
11823, 497792696, 37, 0, 1
6123, 497798819, 32, 0, 1
5640, 497804459, 21, 0, 1
5652, 497810111, 17, 0, 1
11793, 497821904, 40, 0, 1
6148, 497828052, 30, 0, 1
5652, 497833704, 18, 0, 1
5664, 497839368, 30, 0, 1
11734, 497851102, 54, 0, 1
6138, 497857240, 19, 0, 1
5633, 497862873, 19, 0, 1
5658, 497868531, 12, 0, 1
11794, 497880325, 45, 0, 1
6114, 497886439, 21, 0, 1
5658, 497892097, 14, 0, 1
5657, 497897754, 19, 0, 1
11778, 497909532, 39, 0, 1
6138, 497915670, 18, 0, 1
5636, 497921306, 23, 0, 1
5655, 497926961, 30, 0, 1
11818, 497938779, 46, 0, 1
6138, 497944917, 14, 0, 1
5649, 497950566, 19, 0, 1
5640, 497956206, 18, 0, 1
11799, 497968005, 35, 0, 1
6162, 497974167, 28, 0, 1
5648, 497979815, 26, 0, 1
5667, 497985482, 28, 0, 1
11799, 497997281, 32, 0, 1
6119, 498003400, 23, 0, 1
5639, 498009039, 18, 0, 1
5646, 498014685, 21, 0, 1
11834, 498026519, 40, 0, 1
6125, 498032644, 28, 0, 1
5658, 498038302, 17, 0, 1
5658, 498043960, 15, 0, 1
11809, 498055769, 36, 0, 1
6151, 498061920, 13, 0, 1
5610, 498067530, 20, 0, 1
5658, 498073188, 13, 0, 1
11804, 498084992, 29, 0, 1
6120, 498091112, 21, 0, 1
5644, 498096756, 28, 0, 1
5648, 498102404, 28, 0, 1
11827, 498114231, 56, 0, 1
7515, 498121746, 30, 0, 1
5657, 498127403, 21, 0, 1
5658, 498133061, 11, 0, 1
11799, 498144860, 32, 0, 1
6138, 498150998, 17, 0, 1
5636, 498156634, 23, 0, 1
5655, 498162289, 34, 0, 1
11836, 498174125, 36, 0, 1
6126, 498180251, 24, 0, 1
5658, 498185909, 12, 0, 1
5658, 498191567, 11, 0, 1
11797, 498203364, 41, 0, 1
6142, 498209506, 25, 0, 1
5658, 498215164, 12, 0, 1
5652, 498220816, 14, 0, 1
11782, 498232598, 45, 0, 1
6122, 498238720, 34, 0, 1
5658, 498244378, 16, 0, 1
5662, 498250040, 25, 0, 1
11805, 498261845, 44, 0, 1
6128, 498267973, 31, 0, 1
5656, 498273629, 26, 0, 1
5650, 498279279, 32, 0, 1
11817, 498291096, 29, 0, 1
6151, 498297247, 19, 0, 1
5644, 498302891, 25, 0, 1
5643, 498308534, 23, 0, 1
11825, 498320359, 35, 0, 1
6126, 498326485, 18, 0, 1
5670, 498332155, 27, 0, 1
5658, 498337813, 20, 0, 1
11839, 498349652, 34, 0, 1
6138, 498355790, 15, 0, 1
5652, 498361442, 15, 0, 1
5652, 498367094, 14, 0, 1
11818, 498378912, 17, 0, 1
6125, 498385037, 22, 0, 1
5640, 498390677, 17, 0, 1
11828, 498402505, 30, 0, 1
5641, 498408146, 21, 0, 1
6145, 498414291, 35, 0, 1
5651, 498419942, 20, 0, 1
11798, 498431740, 29, 0, 1
5652, 498437392, 18, 0, 1
6151, 498443543, 16, 0, 1
5668, 498449211, 24, 0, 1
11811, 498461022, 42, 0, 1
5646, 498466668, 16, 0, 1
6122, 498472790, 31, 0, 1
5658, 498478448, 12, 0, 1
11829, 498490277, 29, 0, 1
7045, 498497322, 33, 0, 1
6108, 498503430, 23, 0, 1
5638, 498509068, 25, 0, 1
11803, 498520871, 40, 0, 1
5658, 498526529, 13, 0, 1
7027, 498533556, 90, 18, 1
5658, 498539214, 14, 0, 1
11804, 498551018, 41, 0, 1
5658, 498556676, 10, 0, 1
6138, 498562814, 18, 0, 1
5636, 498568450, 22, 0, 1
11824, 498580274, 43, 0, 1
5664, 498585938, 30, 0, 1
6138, 498592076, 18, 0, 1
5654, 498597730, 27, 0, 1
11817, 498609547, 55, 0, 1
5652, 498615199, 29, 0, 1
6138, 498621337, 18, 0, 1
5652, 498626989, 18, 0, 1
11842, 498638831, 39, 0, 1
5644, 498644475, 22, 0, 1
6100, 498650575, 28, 0, 1
5665, 498656240, 35, 0, 1
11818, 498668058, 34, 0, 1
5674, 498673732, 29, 0, 1
6150, 498679882, 28, 0, 1
5652, 498685534, 23, 0, 1
11787, 498697321, 37, 0, 1
5658, 498702979, 13, 0, 1
6127, 498709106, 22, 0, 1
5644, 498714750, 22, 0, 1
15147, 498729897, 230, 28, 1
891543, 499621440, 15408, 3659, 9
6706, 499628146, 69, 0, 1
6672, 499634818, 45, 1, 1
19071, 499653889, 415, 66, 1
6451, 499660340, 18, 0, 1
6669, 499667009, 26, 0, 1
8257, 499675266, 166, 18, 1
12975, 499688241, 48, 0, 1
669183, 669183, 15859, 978, 5
5315416, 5984599, 88030, 8209, 15
16399159, 22383758, 37953, 9062, 10
18889045, 41272803, 20191, 5119, 11
13555244, 54828047, 15279, 3918, 19
19444652, 74272699, 18541, 5233, 11
19465055, 93737754, 18266, 5268, 11
18522761, 112260515, 23190, 7049, 2
18929502, 131190017, 19066, 5135, 11
19318085, 150508102, 19175, 5282, 11
19467807, 169975909, 20756, 5424, 11
19518052, 189493961, 18998, 5338, 11
19510298, 209004259, 18720, 5332, 11
19432080, 228436339, 20075, 5293, 11
19349032, 247785371, 19861, 5220, 11
18423417, 266208788, 24133, 4999, 11
19112755, 285321543, 19168, 5199, 11
19259724, 304581267, 19729, 5214, 11
19563472, 324144739, 19110, 5262, 11
19667006, 343811745, 19271, 5380, 11
19555971, 363367716, 18431, 5368, 11
19670412, 383038128, 19216, 5244, 11
19559635, 402597763, 18771, 5267, 11
19603672, 422201435, 18557, 5299, 11
19583554, 441784989, 19178, 5270, 11
19511650, 461296639, 19502, 5252, 11
19520208, 480816847, 19034, 5247, 11
12912861, 493729708, 29295, 1438, 19
3622889, 497352597, 8165, 514, 6
13103, 497365700, 401, 12, 1
6699, 497372399, 36, 0, 1
6558, 497378957, 40, 0, 1
6431, 497385388, 23, 0, 1
13157, 497398545, 43, 0, 1
6883, 497405428, 28, 0, 1
6405, 497411833, 26, 0, 1
6429, 497418262, 20, 0, 1
13294, 497431556, 45, 0, 1
6731, 497438287, 32, 0, 1
6420, 497444707, 32, 0, 1
6431, 497451138, 14, 0, 1
13183, 497464321, 42, 0, 1
6722, 497471043, 17, 0, 1
6412, 497477455, 22, 0, 1
6431, 497483886, 16, 0, 1
13153, 497497039, 48, 0, 1
6722, 497503761, 19, 0, 1
6411, 497510172, 21, 0, 1
6430, 497516602, 23, 0, 1
13168, 497529770, 43, 0, 1
8086, 497537856, 101, 16, 1
6431, 497544287, 14, 0, 1
6425, 497550712, 17, 0, 1
13148, 497563860, 45, 0, 1
6735, 497570595, 15, 0, 1
6431, 497577026, 15, 2, 1
6435, 497583461, 21, 0, 1
13150, 497596611, 39, 0, 1
6709, 497603320, 24, 0, 1
6431, 497609751, 11, 0, 1
6413, 497616164, 25, 0, 1
13294, 497629458, 41, 2, 1
6702, 497636160, 22, 0, 1
6431, 497642591, 11, 0, 1
6409, 497649000, 28, 0, 1
13173, 497662173, 43, 0, 1
6735, 497668908, 17, 0, 1
6434, 497675342, 28, 0, 1
6415, 497681757, 29, 0, 1
13163, 497694920, 43, 0, 1
6722, 497701642, 20, 0, 1
6421, 497708063, 24, 0, 1
6431, 497714494, 15, 0, 1
13169, 497727663, 41, 0, 1
6703, 497734366, 26, 0, 1
6430, 497740796, 19, 0, 1
6439, 497747235, 35, 0, 1
13168, 497760403, 39, 1, 1
6703, 497767106, 25, 0, 1
6430, 497773536, 21, 0, 1
6606, 497780142, 37, 4, 1
13170, 497793312, 30, 0, 1
6698, 497800010, 22, 0, 1
6413, 497806423, 18, 0, 1
6431, 497812854, 13, 0, 1
13182, 497826036, 49, 0, 1
6741, 497832777, 31, 0, 1
6431, 497839208, 21, 0, 1
6431, 497845639, 13, 0, 1
13163, 497858802, 40, 0, 1
6722, 497865524, 18, 0, 1
6425, 497871949, 18, 0, 1
6413, 497878362, 29, 0, 1
13159, 497891521, 54, 0, 1
6704, 497898225, 23, 0, 1
6425, 497904650, 17, 0, 1
6438, 497911088, 33, 0, 1
13168, 497924256, 33, 0, 1
6723, 497930979, 21, 0, 1
6431, 497937410, 16, 0, 1
6433, 497943843, 30, 0, 1
14574, 497958417, 82, 13, 1
6858, 497965275, 47, 0, 1
6801, 497972076, 33, 0, 1
6559, 497978635, 29, 0, 1
13348, 497991983, 73, 13, 1
6722, 497998705, 26, 0, 1
6700, 498005405, 21, 0, 1
6419, 498011824, 20, 0, 1
13407, 498025231, 47, 0, 1
6698, 498031929, 39, 0, 1
6713, 498038642, 20, 0, 1
6690, 498045332, 34, 0, 1
13404, 498058736, 40, 0, 1
6685, 498065421, 32, 0, 1
6700, 498072121, 20, 0, 1
6700, 498078821, 20, 0, 1
13388, 498092209, 44, 0, 1
6712, 498098921, 45, 0, 1
6700, 498105621, 25, 0, 1
6693, 498112314, 25, 0, 1
13400, 498125714, 38, 0, 1
6699, 498132413, 28, 0, 1
6697, 498139110, 29, 0, 1
6720, 498145830, 32, 0, 1
13400, 498159230, 29, 0, 1
6692, 498165922, 28, 0, 1
6700, 498172622, 19, 0, 1
6419, 498179041, 21, 0, 1
13150, 498192191, 36, 0, 1
6735, 498198926, 21, 0, 1
6428, 498205354, 32, 1, 1
6425, 498211779, 24, 0, 1
13175, 498224954, 29, 0, 1
6722, 498231676, 21, 0, 1
6431, 498238107, 15, 0, 1
13183, 498251290, 38, 0, 1
6425, 498257715, 19, 0, 1
6729, 498264444, 21, 0, 1
6433, 498270877, 30, 0, 1
13156, 498284033, 36, 0, 1
6425, 498290458, 18, 0, 1
6722, 498297180, 19, 0, 1
6414, 498303594, 27, 0, 1
13181, 498316775, 37, 0, 1
6431, 498323206, 14, 0, 1
6716, 498329922, 27, 0, 1
6406, 498336328, 25, 0, 1
13175, 498349503, 37, 0, 1
6425, 498355928, 32, 0, 1
6722, 498362650, 25, 0, 1
6402, 498369052, 22, 0, 1
14540, 498383592, 59, 0, 1
6431, 498390023, 19, 0, 1
6864, 498396887, 32, 0, 1
6413, 498403300, 20, 0, 1
13164, 498416464, 37, 0, 1
6422, 498422886, 27, 0, 1
6685, 498429571, 31, 0, 1
6413, 498435984, 27, 0, 1
13160, 498449144, 47, 0, 1
6572, 498455716, 33, 0, 1
6857, 498462573, 30, 0, 1
6404, 498468977, 26, 0, 1
13173, 498482150, 42, 0, 1
6412, 498488562, 20, 0, 1
6713, 498495275, 32, 0, 1
6431, 498501706, 15, 0, 1
13151, 498514857, 37, 0, 1
6446, 498521303, 36, 0, 1
6722, 498528025, 18, 0, 1
6394, 498534419, 26, 0, 1
13174, 498547593, 46, 0, 1
6431, 498554024, 14, 0, 1
6689, 498560713, 29, 0, 1
6405, 498567118, 25, 0, 1
13187, 498580305, 44, 0, 1
6431, 498586736, 14, 0, 1
6722, 498593458, 20, 0, 1
6431, 498599889, 14, 0, 1
13157, 498613046, 35, 0, 1
6412, 498619458, 18, 0, 1
6713, 498626171, 35, 0, 1
6431, 498632602, 14, 0, 1
13155, 498645757, 42, 0, 1
6423, 498652180, 25, 0, 1
6715, 498658895, 29, 0, 1
6424, 498665319, 16, 0, 1
13206, 498678525, 37, 0, 1
6422, 498684947, 29, 0, 1
6722, 498691669, 20, 0, 1
6418, 498698087, 23, 0, 1
13174, 498711261, 33, 0, 1
6420, 498717681, 32, 0, 1
15828, 498733509, 374, 44, 1
6344, 498739853, 41, 0, 1
13161, 498753014, 37, 0, 1
6431, 498759445, 16, 0, 1
6716, 498766161, 25, 0, 1
6425, 498772586, 19, 0, 1
13197, 498785783, 48, 0, 1
6440, 498792223, 33, 0, 1
6722, 498798945, 20, 0, 1
6556, 498805501, 28, 0, 1
14519, 498820020, 72, 1, 1
6431, 498826451, 12, 0, 1
6698, 498833149, 26, 0, 1
6420, 498839569, 24, 0, 1
13167, 498852736, 40, 0, 1
6439, 498859175, 30, 0, 1
6714, 498865889, 27, 0, 1
6544, 498872433, 21, 0, 1
13174, 498885607, 36, 0, 1
6422, 498892029, 29, 0, 1
7623, 498899652, 82, 23, 1
6431, 498906083, 35, 0, 1
13175, 498919258, 30, 0, 1
6419, 498925677, 19, 0, 1
6722, 498932399, 20, 0, 1
6425, 498938824, 19, 0, 1
13172, 498951996, 54, 0, 1
6424, 498958420, 30, 0, 1
6722, 498965142, 20, 0, 1
6428, 498971570, 34, 0, 1
13161, 498984731, 39, 0, 1
6412, 498991143, 33, 0, 1
6726, 498997869, 32, 0, 1
6430, 499004299, 30, 0, 1
13169, 499017468, 36, 0, 1
6423, 499023891, 25, 0, 1
6722, 499030613, 19, 0, 1
6700, 499037313, 22, 0, 1
13148, 499050461, 34, 0, 1
6577, 499057038, 35, 0, 1
6729, 499063767, 36, 0, 1
6434, 499070201, 27, 0, 1
13147, 499083348, 51, 0, 1
6419, 499089767, 17, 0, 1
6708, 499096475, 30, 0, 1
6419, 499102894, 22, 0, 1
13190, 499116084, 41, 0, 1
6412, 499122496, 24, 0, 1
6722, 499129218, 18, 0, 1
6401, 499135619, 25, 0, 1
13163, 499148782, 39, 0, 1
6422, 499155204, 29, 0, 1
6708, 499161912, 29, 0, 1
6419, 499168331, 21, 0, 1
13157, 499181488, 39, 0, 1
6419, 499187907, 19, 0, 1
6710, 499194617, 24, 0, 1
6434, 499201051, 30, 0, 1
13182, 499214233, 32, 0, 1
6440, 499220673, 37, 0, 1
6716, 499227389, 26, 0, 1
7775, 499235164, 40, 0, 1
13170, 499248334, 43, 0, 1
6418, 499254752, 20, 0, 1
6722, 499261474, 36, 0, 1
6439, 499267913, 28, 0, 1
13141, 499281054, 43, 0, 1
6431, 499287485, 12, 0, 1
6710, 499294195, 22, 0, 1
6405, 499300600, 26, 0, 1
13182, 499313782, 36, 0, 1
6417, 499320199, 26, 0, 1
6722, 499326921, 18, 0, 1
6427, 499333348, 35, 0, 1
13168, 499346516, 38, 0, 1
6429, 499352945, 23, 0, 1
6707, 499359652, 28, 0, 1
6431, 499366083, 20, 0, 1
13170, 499379253, 31, 0, 1
6419, 499385672, 17, 0, 1
6871, 499392543, 31, 0, 1
6413, 499398956, 23, 0, 1
13159, 499412115, 50, 0, 1
6422, 499418537, 32, 0, 1
6709, 499425246, 33, 0, 1
6431, 499431677, 16, 0, 1
13150, 499444827, 37, 0, 1
6418, 499451245, 18, 0, 1
6691, 499457936, 31, 0, 1
6425, 499464361, 19, 0, 1
13174, 499477535, 45, 0, 1
6425, 499483960, 21, 0, 1
6716, 499490676, 32, 0, 1
6433, 499497109, 31, 0, 1
13169, 499510278, 32, 0, 1
6431, 499516709, 13, 0, 1
6748, 499523457, 21, 0, 1
6422, 499529879, 27, 0, 1
13151, 499543030, 39, 0, 1
6424, 499549454, 16, 0, 1
6725, 499556179, 33, 0, 1
6426, 499562605, 28, 0, 1
13175, 499575780, 36, 0, 1
6431, 499582211, 13, 0, 1
6701, 499588912, 32, 0, 1
6401, 499595313, 26, 0, 1
13163, 499608476, 38, 0, 1
6424, 499614900, 33, 0, 1
6709, 499621609, 28, 0, 1
6431, 499628040, 13, 0, 1
13176, 499641216, 35, 0, 1
6428, 499647644, 34, 0, 1
8099, 499655743, 29, 0, 1
6431, 499662174, 17, 0, 1
13169, 499675343, 30, 0, 1
6411, 499681754, 28, 0, 1
6716, 499688470, 25, 0, 1
6431, 499694901, 16, 0, 1
13172, 499708073, 42, 0, 1
6425, 499714498, 24, 0, 1
6711, 499721209, 34, 0, 1
6431, 499727640, 16, 0, 1
13175, 499740815, 34, 0, 1
6416, 499747231, 26, 0, 1
6722, 499753953, 20, 0, 1
6395, 499760348, 24, 0, 1
13143, 499773491, 46, 0, 1
6437, 499779928, 20, 0, 1
6735, 499786663, 19, 0, 1
6423, 499793086, 19, 0, 1
13157, 499806243, 44, 0, 1
6431, 499812674, 15, 0, 1
6725, 499819399, 37, 0, 1
6422, 499825821, 26, 0, 1
13163, 499838984, 40, 0, 1
6425, 499845409, 20, 0, 1
6717, 499852126, 33, 0, 1
6422, 499858548, 29, 0, 1
13157, 499871705, 35, 0, 1
6430, 499878135, 29, 0, 1
6710, 499884845, 24, 0, 1
6413, 499891258, 19, 0, 1
13176, 499904434, 35, 0, 1
6432, 499910866, 35, 0, 1
6697, 499917563, 29, 0, 1
6401, 499923964, 22, 0, 1
13138, 499937102, 46, 0, 1
9775, 499946877, 184, 21, 1
916730, 500863607, 15488, 3731, 9
6871, 500870478, 583, 4, 1
14790, 500885268, 295, 34, 1
6864, 500892132, 29, 0, 1
10935, 500903067, 142, 29, 1
6892, 500909959, 50, 0, 1
13786, 500923745, 50, 0, 1
8458, 500932203, 166, 17, 1
1532510, 1532510, 36172, 1019, 4
5960646, 7493156, 82114, 11837, 13
18529194, 26022350, 25236, 5705, 2
19072761, 45095111, 20427, 5160, 11
18916452, 64011563, 22112, 5559, 11
19490723, 83502286, 19557, 5333, 11
19350798, 102853084, 18625, 5215, 11
18485373, 121338457, 24141, 6995, 2
19059897, 140398354, 20100, 5273, 11
19622576, 160020930, 19267, 5270, 11
19076995, 179097925, 21831, 5313, 11
19456546, 198554471, 19635, 5322, 11
19476253, 218030724, 20053, 5298, 11
19482560, 237513284, 20410, 5248, 11
18643356, 256156640, 24653, 5111, 11
19269601, 275426241, 19224, 5167, 11
18835253, 294261494, 20422, 5173, 11
19358149, 313619643, 19497, 5070, 11
19530286, 333149929, 19963, 5294, 11
19629063, 352778992, 19507, 5323, 11
19472949, 372251941, 20051, 5184, 11
19636466, 391888407, 19803, 5335, 11
19633929, 411522336, 19278, 5341, 11
19582796, 431105132, 19243, 5235, 11
19593608, 450698740, 19688, 5225, 11
19596596, 470295336, 19182, 5321, 11
17261259, 487556595, 26954, 3834, 11
8766914, 496323509, 18934, 680, 12
11802, 496335311, 389, 10, 1
6145, 496341456, 22, 0, 1
5631, 496347087, 26, 0, 1
5656, 496352743, 29, 0, 1
11764, 496364507, 43, 0, 1
6133, 496370640, 29, 0, 1
5634, 496376274, 19, 0, 1
5640, 496381914, 15, 0, 1
11815, 496393729, 37, 0, 1
6107, 496399836, 28, 0, 1
5637, 496405473, 20, 0, 1
7020, 496412493, 110, 10, 1
11837, 496424330, 35, 1, 1
6138, 496430468, 20, 0, 1
5662, 496436130, 29, 0, 1
5658, 496441788, 10, 0, 1
11770, 496453558, 46, 0, 1
6138, 496459696, 16, 0, 1
5657, 496465353, 22, 0, 1
5645, 496470998, 18, 0, 1
11850, 496482848, 46, 0, 1
6136, 496488984, 37, 0, 1
5646, 496494630, 15, 0, 1
5655, 496500285, 28, 0, 1
11811, 496512096, 47, 0, 1
6151, 496518247, 17, 0, 1
5657, 496523904, 15, 0, 1
5652, 496529556, 17, 0, 1
11806, 496541362, 47, 0, 1
6132, 496547494, 22, 0, 1
5652, 496553146, 21, 0, 1
5648, 496558794, 24, 0, 1
11823, 496570617, 36, 0, 1
6118, 496576735, 25, 0, 1
5616, 496582351, 20, 0, 1
5657, 496588008, 19, 0, 1
11810, 496599818, 47, 1, 1
6151, 496605969, 19, 0, 1
5639, 496611608, 20, 1, 1
5658, 496617266, 12, 0, 1
11806, 496629072, 36, 0, 1
6138, 496635210, 16, 0, 1
5658, 496640868, 15, 1, 1
5646, 496646514, 20, 0, 1
11807, 496658321, 38, 0, 1
6131, 496664452, 26, 0, 1
6101, 496670553, 30, 0, 1
5658, 496676211, 19, 0, 1
11793, 496688004, 38, 0, 1
6138, 496694142, 18, 0, 1
6129, 496700271, 23, 0, 1
5648, 496705919, 28, 0, 1
11796, 496717715, 27, 0, 1
6107, 496723822, 20, 0, 1
5627, 496729449, 22, 0, 1
5658, 496735107, 14, 0, 1
11816, 496746923, 30, 1, 1
14359, 496761282, 263, 141, 1
5651, 496766933, 27, 1, 1
5679, 496772612, 30, 0, 1
11803, 496784415, 47, 0, 1
6138, 496790553, 17, 0, 1
7038, 496797591, 65, 13, 1
5644, 496803235, 29, 0, 1
11821, 496815056, 45, 0, 1
6138, 496821194, 16, 0, 1
5658, 496826852, 14, 0, 1
5634, 496832486, 21, 0, 1
11818, 496844304, 25, 0, 1
6144, 496850448, 22, 0, 1
5658, 496856106, 16, 0, 1
5658, 496861764, 14, 0, 1
11816, 496873580, 54, 0, 1
6640, 496880220, 63, 0, 1
6374, 496886594, 39, 0, 1
6333, 496892927, 34, 0, 1
13914, 496906841, 116, 30, 1
6601, 496913442, 19, 0, 1
6104, 496919546, 23, 0, 1
5627, 496925173, 20, 0, 1
12206, 496937379, 49, 0, 1
6102, 496943481, 29, 0, 1
6123, 496949604, 23, 0, 1
6102, 496955706, 32, 0, 1
12226, 496967932, 31, 0, 1
6120, 496974052, 39, 0, 1
6116, 496980168, 17, 0, 1
6091, 496986259, 24, 0, 1
12243, 496998502, 49, 0, 1
6109, 497004611, 24, 0, 1
6116, 497010727, 15, 0, 1
6092, 497016819, 23, 0, 1
12225, 497029044, 34, 0, 1
6107, 497035151, 29, 0, 1
6116, 497041267, 16, 0, 1
6108, 497047375, 27, 0, 1
12212, 497059587, 44, 0, 1
6114, 497065701, 23, 0, 1
6068, 497071769, 24, 0, 1
5655, 497077424, 31, 0, 1
12254, 497089678, 32, 0, 1
6136, 497095814, 18, 0, 1
6099, 497101913, 28, 0, 1
5648, 497107561, 24, 0, 1
11792, 497119353, 37, 0, 1
6125, 497125478, 24, 0, 1
5652, 497131130, 11, 0, 1
5658, 497136788, 8, 0, 1
11811, 497148599, 34, 0, 1
6138, 497154737, 16, 0, 1
5657, 497160394, 19, 0, 1
5658, 497166052, 8, 0, 1
11799, 497177851, 45, 0, 1
7497, 497185348, 37, 1, 1
5652, 497191000, 19, 0, 1
5651, 497196651, 17, 0, 1
11838, 497208489, 28, 0, 1
6128, 497214617, 32, 0, 1
5632, 497220249, 24, 0, 1
5658, 497225907, 12, 0, 1
11805, 497237712, 27, 0, 1
6151, 497243863, 17, 0, 1
5644, 497249507, 22, 0, 1
5644, 497255151, 27, 0, 1
11827, 497266978, 42, 0, 1
6138, 497273116, 15, 0, 1
5646, 497278762, 19, 0, 1
5658, 497284420, 13, 0, 1
11835, 497296255, 51, 0, 1
6138, 497302393, 15, 0, 1
5658, 497308051, 17, 0, 1
5651, 497313702, 24, 0, 1
11811, 497325513, 35, 0, 1
6145, 497331658, 20, 0, 1
5648, 497337306, 24, 0, 1
5668, 497342974, 24, 0, 1
11805, 497354779, 30, 0, 1
6126, 497360905, 25, 0, 1
5652, 497366557, 25, 0, 1
5666, 497372223, 22, 0, 1
11831, 497384054, 22, 0, 1
6148, 497390202, 37, 0, 1
5658, 497395860, 11, 0, 1
5657, 497401517, 11, 0, 1
11794, 497413311, 49, 0, 1
6119, 497419430, 25, 0, 1
5626, 497425056, 23, 0, 1
5650, 497430706, 29, 0, 1
11810, 497442516, 35, 0, 1
6126, 497448642, 17, 0, 1
5640, 497454282, 13, 0, 1
5652, 497459934, 17, 0, 1
11812, 497471746, 29, 0, 1
6151, 497477897, 15, 0, 1
5661, 497483558, 25, 0, 1
5658, 497489216, 11, 0, 1
11810, 497501026, 32, 0, 1
6126, 497507152, 21, 0, 1
5621, 497512773, 20, 0, 1
5662, 497518435, 24, 0, 1
11775, 497530210, 32, 0, 1
6122, 497536332, 30, 0, 1
5631, 497541963, 24, 0, 1
5658, 497547621, 12, 0, 1
13197, 497560818, 58, 0, 1
17552, 497578370, 374, 9, 1
5652, 497584022, 32, 2, 1
5652, 497589674, 14, 0, 1
11794, 497601468, 28, 0, 1
6114, 497607582, 24, 0, 1
5657, 497613239, 19, 0, 1
5658, 497618897, 8, 0, 1
11807, 497630704, 29, 0, 1
6108, 497636812, 24, 0, 1
5650, 497642462, 27, 0, 1
5654, 497648116, 28, 0, 1
11817, 497659933, 32, 0, 1
6138, 497666071, 18, 0, 1
5625, 497671696, 22, 0, 1
5658, 497677354, 14, 0, 1
11842, 497689196, 39, 0, 1
6138, 497695334, 14, 0, 1
5658, 497700992, 15, 0, 1
5638, 497706630, 20, 0, 1
11803, 497718433, 38, 0, 1
6151, 497724584, 18, 0, 1
5658, 497730242, 13, 0, 1
5652, 497735894, 14, 0, 1
11799, 497747693, 35, 0, 1
6138, 497753831, 18, 0, 1
5652, 497759483, 17, 0, 1
5658, 497765141, 28, 0, 1
11781, 497776922, 33, 0, 1
6138, 497783060, 18, 0, 1
5652, 497788712, 13, 0, 1
5651, 497794363, 19, 0, 1
11809, 497806172, 33, 0, 1
6131, 497812303, 28, 0, 1
5640, 497817943, 19, 0, 1
5660, 497823603, 28, 0, 1
11797, 497835400, 37, 0, 1
6145, 497841545, 14, 0, 1
6116, 497847661, 20, 0, 1
5650, 497853311, 27, 0, 1
11796, 497865107, 24, 0, 1
6120, 497871227, 17, 0, 1
5622, 497876849, 15, 0, 1
5658, 497882507, 13, 0, 1
11800, 497894307, 23, 0, 1
6137, 497900444, 23, 0, 1
5645, 497906089, 17, 0, 1
5658, 497911747, 10, 0, 1
11823, 497923570, 33, 0, 1
6138, 497929708, 18, 0, 1
5649, 497935357, 23, 0, 1
7016, 497942373, 49, 1, 1
11818, 497954191, 31, 0, 1
6146, 497960337, 18, 0, 1
5652, 497965989, 25, 0, 1
11806, 497977795, 25, 0, 1
5649, 497983444, 26, 0, 1
6134, 497989578, 38, 0, 1
5646, 497995224, 17, 0, 1
11811, 498007035, 35, 0, 1
5646, 498012681, 12, 0, 1
6149, 498018830, 40, 0, 1
5657, 498024487, 21, 0, 1
11815, 498036302, 31, 0, 1
5628, 498041930, 16, 0, 1
6139, 498048069, 25, 0, 1
5633, 498053702, 25, 0, 1
11804, 498065506, 41, 0, 1
5659, 498071165, 29, 0, 1
6120, 498077285, 19, 0, 1
5656, 498082941, 25, 0, 1
11836, 498094777, 48, 0, 1
5651, 498100428, 15, 0, 1
6119, 498106547, 24, 0, 1
5622, 498112169, 15, 0, 1
11794, 498123963, 38, 0, 1
5644, 498129607, 24, 0, 1
6132, 498135739, 19, 0, 1
5658, 498141397, 21, 0, 1
11822, 498153219, 45, 0, 1
5652, 498158871, 13, 0, 1
6120, 498164991, 21, 0, 1
5610, 498170601, 17, 0, 1
11814, 498182415, 40, 0, 1
5652, 498188067, 12, 0, 1
6151, 498194218, 15, 0, 1
5646, 498199864, 25, 0, 1
11798, 498211662, 38, 0, 1
5658, 498217320, 10, 0, 1
6127, 498223447, 30, 0, 1
5652, 498229099, 14, 0, 1
11817, 498240916, 38, 0, 1
5658, 498246574, 12, 0, 1
6137, 498252711, 21, 0, 1
5631, 498258342, 20, 0, 1
11785, 498270127, 36, 0, 1
5639, 498275766, 18, 0, 1
6151, 498281917, 15, 0, 1
5658, 498287575, 11, 0, 1
11806, 498299381, 26, 0, 1
5652, 498305033, 12, 0, 1
6114, 498311147, 21, 0, 1
7023, 498318170, 34, 0, 1
11821, 498329991, 45, 0, 1
5658, 498335649, 10, 0, 1
6120, 498341769, 18, 0, 1
5622, 498347391, 21, 0, 1
11798, 498359189, 44, 0, 1
5658, 498364847, 12, 0, 1
6102, 498370949, 22, 0, 1
5649, 498376598, 21, 0, 1
11810, 498388408, 44, 0, 1
5640, 498394048, 15, 0, 1
6134, 498400182, 30, 0, 1
5658, 498405840, 11, 0, 1
11793, 498417633, 35, 0, 1
5658, 498423291, 11, 0, 1
6126, 498429417, 22, 0, 1
5628, 498435045, 14, 0, 1
11799, 498446844, 35, 0, 1
5658, 498452502, 10, 0, 1
6116, 498458618, 28, 0, 1
5646, 498464264, 17, 0, 1
11812, 498476076, 43, 0, 1
5658, 498481734, 10, 0, 1
6153, 498487887, 35, 0, 1
5658, 498493545, 13, 0, 1
11803, 498505348, 31, 0, 1
5658, 498511006, 10, 0, 1
6151, 498517157, 17, 0, 1
5656, 498522813, 29, 0, 1
11812, 498534625, 29, 0, 1
5643, 498540268, 22, 0, 1
6117, 498546385, 31, 0, 1
5652, 498552037, 14, 0, 1
11818, 498563855, 30, 0, 1
5661, 498569516, 22, 0, 1
6119, 498575635, 30, 0, 1
5658, 498581293, 19, 0, 1
11806, 498593099, 30, 0, 1
5658, 498598757, 9, 0, 1
6138, 498604895, 17, 0, 1
5651, 498610546, 13, 0, 1
11819, 498622365, 21, 0, 1
5645, 498628010, 14, 0, 1
6138, 498634148, 13, 0, 1
5658, 498639806, 17, 0, 1
11827, 498651633, 51, 0, 1
8996, 498660629, 185, 20, 1
889445, 499550074, 14693, 3644, 9
8113, 499558187, 756, 12, 1
14515, 499572702, 153, 10, 1
6682, 499579384, 49, 0, 1
12673, 499592057, 385, 63, 1
6399, 499598456, 34, 0, 1
13598, 499612054, 65, 0, 1
9167, 499621221, 145, 11, 1
