5,1.0,392046247.65000004,3889417319.267523
4,392046248.65000004,420352563.3,2021348296.0527227
7,420352564.3,488140914.2800001,1078954198.302667
3,488140915.2800001,518691864.7100001,1647012626.1522777
2,518691865.7100001,547520935.5600001,3036024722.4208217
1,547520936.5600001,1298847458.1200001,4437195218.808543
2,1298847459.1200001,1321135371.72,3036024722.4208217
3,1321135372.72,1341061571.13,1647012626.1522777
2,1341061572.13,1374228373.2700002,3036024722.4208217
6,1374228374.2700002,2013300817.5300002,4889939584.3099985
2,2013300818.5300002,2081401778.9,3036024722.4208217
3,2081401779.9,2100869309.77,1647012626.1522777
4,2100869310.77,2104228647.830606,2021348296.0527227
