3866990 3866990 75767 3433
11520374 15387364 57826 13131
19347534 34734898 17479 5295
12987422 47722320 17270 3918
19321427 67043747 17922 5293
19469575 86513322 19501 5252
18493954 105007276 23337 7116
18902516 123909792 18720 5117
19085869 142995661 18192 5183
19525263 162520924 21142 5618
19431825 181952749 19219 5249
19354199 201306948 18720 5326
19466102 220773050 18816 5313
19328996 240102046 20525 5370
18326109 258428155 23370 5051
19212068 277640223 18673 5273
18821584 296461807 19045 5194
19589053 316050860 19378 5323
19546333 335597193 18715 5352
19575648 355172841 18479 5451
19461290 374634131 18418 5326
19628104 394262235 19236 5287
19621171 413883406 18543 5349
19575732 433459138 18634 5273
19596101 453055239 18347 5280
19597865 472653104 19047 5341
17884209 490537313 30225 3646
6718095 497255408 13830 884
6138 497261546 391 30
11829 497273375 58 0
5640 497279015 26 0
5658 497284673 12 0
11787 497296460 39 0
6155 497302615 31 0
5658 497308273 13 0
5657 497313930 18 0
11818 497325748 27 0
6130 497331878 32 0
5621 497337499 20 0
5654 497343153 29 0
11794 497354947 36 0
6138 497361085 19 0
5643 497366728 26 0
5658 497372386 22 0
11813 497384199 50 0
6149 497390348 34 0
5658 497396006 17 0
5652 497401658 16 0
13165 497414823 120 23
6138 497420961 19 0
5643 497426604 25 0
5643 497432247 26 0
11819 497444066 31 0
6132 497450198 24 0
5637 497455835 26 0
5658 497461493 15 0
11794 497473287 57 0
6138 497479425 20 0
5644 497485069 23 1
5658 497490727 13 0
11807 497502534 39 0
6131 497508665 31 0
5658 497514323 13 0
5658 497519981 16 0
11812 497531793 48 1
14348 497546141 287 106
5664 497551805 36 0
5646 497557451 16 0
11800 497569251 40 0
6138 497575389 20 0
5645 497581034 23 0
5662 497586696 25 0
11824 497598520 36 0
6138 497604658 19 0
6094 497610752 34 0
5658 497616410 16 1
11788 497628198 53 2
6151 497634349 17 0
6113 497640462 25 0
5656 497646118 24 0
11783 497657901 40 0
6138 497664039 15 0
5658 497669697 13 0
5656 497675353 24 0
11831 497687184 34 1
6115 497693299 22 0
5658 497698957 20 0
5658 497704615 12 0
11813 497716428 57 0
6126 497722554 22 0
5658 497728212 14 0
5637 497733849 25 0
11819 497745668 30 2
6138 497751806 16 0
5658 497757464 13 0
5658 497763122 14 0
11807 497774929 39 0
6151 497781080 17 0
5657 497786737 17 0
7033 497793770 49 17
11823 497805593 28 0
6143 497811736 39 0
5658 497817394 14 0
5658 497823052 10 0
13037 497836089 104 8
6481 497842570 39 0
6641 497849211 34 0
6438 497855649 39 0
13166 497868815 56 0
6749 497875564 56 3
6572 497882136 28 0
6578 497888714 21 2
13138 497901852 42 0
6555 497908407 31 0
6576 497914983 30 0
6585 497921568 38 0
13165 497934733 48 0
6553 497941286 25 0
6577 497947863 28 0
6571 497954434 27 0
13156 497967590 49 0
6570 497974160 28 0
6559 497980719 29 0
6577 497987296 30 0
13154 498000450 45 0
6578 498007028 24 0
6572 498013600 26 0
6296 498019896 17 0
13171 498033067 40 0
6578 498039645 20 0
6541 498046186 25 0
6306 498052492 28 0
12896 498065388 29 0
6598 498071986 26 0
6309 498078295 14 0
6303 498084598 20 0
13084 498097682 48 1
6602 498104284 39 0
6309 498110593 14 0
6318 498116911 26 0
12906 498129817 38 0
6613 498136430 23 0
6302 498142732 32 0
6306 498149038 25 0
12935 498161973 46 0
6600 498168573 17 0
6285 498174858 19 0
6308 498181166 24 0
12912 498194078 50 0
6600 498200678 18 0
7673 498208351 34 0
6309 498214660 11 0
12906 498227566 42 0
6576 498234142 25 0
6285 498240427 22 0
6303 498246730 19 0
12928 498259658 39 0
6600 498266258 20 0
6281 498272539 24 0
6313 498278852 37 0
12918 498291770 36 0
6603 498298373 35 0
6303 498304676 22 0
6309 498310985 14 0
12915 498323900 49 0
6600 498330500 18 0
6261 498336761 21 0
6303 498343064 17 0
12923 498355987 39 0
6603 498362590 37 0
6291 498368881 20 0
6309 498375190 14 0
12913 498388103 56 0
18132 498406235 389 48
6254 498412489 41 0
6303 498418792 16 0
12925 498431717 48 0
6600 498438317 18 0
6284 498444601 22 0
6319 498450920 31 0
12934 498463854 49 0
6600 498470454 19 0
6290 498476744 22 0
6309 498483053 32 0
12906 498495959 38 0
6600 498502559 19 0
6289 498508848 27 0
6302 498515150 20 0
12942 498528092 45 0
6600 498534692 17 0
6295 498540987 21 0
6297 498547284 29 0
12921 498560205 52 0
6607 498566812 18 0
6279 498573091 23 0
6303 498579394 17 0
12925 498592319 36 0
6563 498598882 27 0
6282 498605164 26 0
6308 498611472 25 0
14295 498625767 60 0
6600 498632367 18 0
6309 498638676 14 0
6308 498644984 25 0
12931 498657915 27 0
6565 498664480 29 0
6309 498670789 17 0
6309 498677098 13 0
12931 498690029 23 0
6607 498696636 19 0
6297 498702933 19 0
6309 498709242 15 0
12944 498722186 27 0
6600 498728786 19 0
6309 498735095 15 0
6309 498741404 20 0
12918 498754322 35 0
6600 498760922 21 0
6309 498767231 13 0
6309 498773540 14 0
12926 498786466 34 0
6594 498793060 24 0
6302 498799362 18 0
6309 498805671 16 0
12925 498818596 28 0
6613 498825209 20 0
6309 498831518 16 0
6309 498837827 15 0
13049 498850876 44 0
6600 498857476 20 0
6303 498863779 21 0
6302 498870081 20 0
12913 498882994 47 0
6588 498889582 23 0
6303 498895885 18 0
6302 498902187 17 0
12931 498915118 32 0
6626 498921744 19 0
6303 498928047 20 0
6302 498934349 18 0
12924 498947273 31 0
6600 498953873 24 0
6308 498960181 25 0
6309 498966490 15 0
12935 498979425 35 0
6588 498986013 24 0
6303 498992316 21 0
6297 498998613 16 0
12925 499011538 35 0
6599 499018137 27 0
6301 499024438 27 0
6308 499030746 26 0
14297 499045043 56 0
6593 499051636 26 0
6309 499057945 12 0
6309 499064254 16 0
12931 499077185 30 0
6613 499083798 18 0
6309 499090107 21 0
6309 499096416 15 0
12937 499109353 30 0
6600 499115953 18 0
6291 499122244 22 0
6302 499128546 19 0
12913 499141459 40 0
6576 499148035 26 0
6285 499154320 21 0
6303 499160623 18 0
12887 499173510 50 0
6601 499180111 24 0
6309 499186420 12 0
6309 499192729 23 0
12913 499205642 32 0
6600 499212242 29 0
6303 499218545 16 0
6296 499224841 23 0
12944 499237785 26 0
6600 499244385 22 0
6303 499250688 19 0
6309 499256997 19 0
12931 499269928 24 0
6594 499276522 28 0
6303 499282825 18 0
6309 499289134 15 0
12925 499302059 26 0
6593 499308652 25 0
6309 499314961 17 0
6308 499321269 23 0
12919 499334188 26 0
6625 499340813 23 0
6291 499347104 17 0
12931 499360035 29 0
6308 499366343 20 0
6600 499372943 25 0
6297 499379240 14 0
12940 499392180 45 0
6309 499398489 13 0
6600 499405089 19 0
6297 499411386 17 0
12930 499424316 39 0
6309 499430625 13 0
6601 499437226 30 0
6303 499443529 12 0
14308 499457837 50 0
6309 499464146 18 0
6600 499470746 24 0
6296 499477042 20 0
12914 499489956 42 0
6309 499496265 18 0
6607 499502872 30 0
6309 499509181 14 0
12917 499522098 43 0
6309 499528407 19 0
6594 499535001 22 0
6309 499541310 14 0
12944 499554254 27 0
6309 499560563 12 0
6600 499567163 20 0
6290 499573453 22 0
12910 499586363 38 0
6309 499592672 15 0
6613 499599285 22 0
6309 499605594 15 0
12929 499618523 42 0
6308 499624831 18 0
6600 499631431 22 0
6309 499637740 12 0
12944 499650684 29 0
6309 499656993 15 0
6594 499663587 22 0
6303 499669890 16 0
12917 499682807 44 0
6293 499689100 30 0
6594 499695694 28 0
6291 499701985 18 0
12906 499714891 36 0
6309 499721200 12 0
6599 499727799 26 0
6291 499734090 16 0
12956 499747046 33 0
6309 499753355 14 0
6576 499759931 24 0
6309 499766240 13 0
12914 499779154 39 0
904566 500683720 15643 4349
6694 500690414 63 2
6391 500696805 35 0
18566 500715371 411 60
6451 500721822 22 0
6691 500728513 24 0
8233 500736746 193 24
13821 500750567 60 1
712307 712307 17124 890
5360739 6073046 84668 9040
16020062 22093108 36438 8942
19224554 41317662 19937 5228
18600843 59918505 22219 5713
19564213 79482718 18157 5307
19325848 98808566 18654 5262
19400695 118209261 18710 5237
18214325 136423586 25582 7242
19459006 155882592 19519 5308
19041244 174923836 18653 5191
19508767 194432603 18815 5348
19033581 213466184 21332 5481
796320 214262504 1406 156
19397665 233660169 19439 5364
19449892 253110061 20061 5233
18106296 271216357 24972 5088
19473837 290690194 18977 5326
18812363 309502557 18817 5100
19599491 329102048 18812 5387
19647147 348749195 19453 5330
19464694 368213889 19064 5343
19654625 387868514 19067 5404
19593314 407461828 18806 5316
19598137 427059965 19316 5287
19652189 446712154 18155 5351
19564238 466276392 19102 5282
18332927 484609319 29948 5277
10702913 495312232 17952 409
1462623 496774855 4660 777
6116 496780971 34 1
5658 496786629 16 0
11796 496798425 33 0
5665 496804090 38 9
6160 496810250 20 0
5646 496815896 15 0
11793 496827689 39 0
5642 496833331 28 0
6160 496839491 15 0
5657 496845148 22 0
11789 496856937 33 1
5651 496862588 30 0
6172 496868760 29 0
11793 496880553 40 0
5658 496886211 13 0
5661 496891872 27 0
6160 496898032 17 0
11795 496909827 28 0
5639 496915466 20 0
5658 496921124 12 0
6172 496927296 29 0
11792 496939088 32 0
5657 496944745 23 0
5660 496950405 24 0
6154 496956559 27 0
11787 496968346 45 0
5627 496973973 19 0
5658 496979631 18 0
6133 496985764 31 0
11794 496997558 40 1
5638 497003196 25 0
5652 497008848 25 0
6176 497015024 37 1
11796 497026820 30 0
5644 497032464 21 0
5652 497038116 24 0
6154 497044270 22 0
11807 497056077 43 0
5658 497061735 10 0
5656 497067391 29 0
6140 497073531 27 0
11781 497085312 45 0
5675 497090987 49 12
5668 497096655 48 1
6173 497102828 17 1
11788 497114616 31 0
5658 497120274 18 0
5658 497125932 11 0
6153 497132085 26 0
13159 497145244 110 9
5639 497150883 24 0
5657 497156540 22 0
6186 497162726 21 0
11799 497174525 40 0
5621 497180146 19 0
5651 497185797 19 0
6160 497191957 18 0
11825 497203782 44 0
5630 497209412 24 0
5668 497215080 31 0
6152 497221232 24 1
11797 497233029 29 0
5651 497238680 22 0
5652 497244332 25 0
6173 497250505 16 0
11789 497262294 38 0
5662 497267956 21 1
5658 497273614 27 0
6160 497279774 19 1
11796 497291570 34 0
6116 497297686 18 0
5634 497303320 22 0
6142 497309462 23 0
12986 497322448 93 11
6639 497329087 35 4
6326 497335413 43 1
6614 497342027 33 0
12226 497354253 37 0
6119 497360372 31 0
5646 497366018 20 0
6143 497372161 41 0
12219 497384380 40 0
6123 497390503 21 0
6094 497396597 27 0
6116 497402713 16 0
12220 497414933 32 0
6120 497421053 29 0
6116 497427169 23 0
6106 497433275 33 0
12238 497445513 54 0
6109 497451622 28 0
6109 497457731 23 0
6103 497463834 29 0
12211 497476045 44 0
6110 497482155 16 0
6111 497488266 22 0
6097 497494363 25 0
12224 497506587 56 0
6098 497512685 21 0
5658 497518343 12 0
6126 497524469 22 0
13166 497537635 55 1
5655 497543290 18 0
5658 497548948 11 0
6123 497555071 25 0
11751 497566822 36 0
5650 497572472 26 0
5658 497578130 11 0
6172 497584302 23 0
11789 497596091 36 0
5621 497601712 20 0
5646 497607358 19 0
6160 497613518 17 0
11789 497625307 56 0
5658 497630965 10 0
5691 497636656 33 0
6173 497642829 17 0
11792 497654621 45 0
5658 497660279 10 0
5658 497665937 10 0
6160 497672097 15 0
11785 497683882 49 0
5634 497689516 16 0
5667 497695183 25 0
6154 497701337 19 0
11795 497713132 35 0
5668 497718800 25 0
17193 497735993 456 55
6173 497742166 50 0
11789 497753955 47 1
5658 497759613 16 0
5656 497765269 28 0
6160 497771429 23 0
11803 497783232 33 0
5657 497788889 22 0
5651 497794540 15 0
6159 497800699 32 0
11794 497812493 28 0
5658 497818151 14 0
5658 497823809 12 0
6154 497829963 23 0
11771 497841734 28 0
5652 497847386 15 0
5657 497853043 18 0
6148 497859191 22 0
11783 497870974 35 0
5651 497876625 13 0
5652 497882277 17 0
6147 497888424 29 4
11788 497900212 35 0
5652 497905864 14 0
7034 497912898 47 0
6142 497919040 25 0
11841 497930881 41 0
5658 497936539 13 0
5658 497942197 19 0
6151 497948348 27 0
11771 497960119 38 0
5658 497965777 16 0
5658 497971435 19 0
6161 497977596 24 0
11793 497989389 37 0
5640 497995029 14 0
5657 498000686 20 0
6159 498006845 26 0
11797 498018642 31 0
5658 498024300 12 0
5657 498029957 21 0
6159 498036116 26 0
11778 498047894 31 0
5652 498053546 15 0
5651 498059197 17 0
6166 498065363 28 0
11788 498077151 33 0
5646 498082797 20 0
5646 498088443 20 0
6148 498094591 24 0
11791 498106382 45 0
5656 498112038 18 0
5658 498117696 13 0
6167 498123863 23 0
11800 498135663 43 0
5649 498141312 18 0
5658 498146970 14 0
6158 498153128 29 0
11808 498164936 39 0
5658 498170594 11 0
5646 498176240 18 0
6142 498182382 17 0
11790 498194172 31 0
5658 498199830 13 0
5658 498205488 16 0
6167 498211655 19 0
11795 498223450 34 0
5640 498229090 18 0
5658 498234748 15 0
6159 498240907 20 0
11807 498252714 46 0
5657 498258371 17 0
5652 498264023 15 0
6146 498270169 23 0
11772 498281941 31 0
7491 498289432 39 0
5652 498295084 17 0
6164 498301248 24 0
11772 498313020 33 0
5658 498318678 10 0
5658 498324336 18 0
6133 498330469 23 0
11795 498342264 42 0
5652 498347916 16 0
5658 498353574 22 0
6159 498359733 21 0
11796 498371529 27 0
5658 498377187 13 0
5658 498382845 11 0
6142 498388987 23 0
20427 498409414 284 122
5658 498415072 20 1
5658 498420730 18 0
6159 498426889 29 0
11796 498438685 20 0
5646 498444331 17 0
5658 498449989 11 0
6173 498456162 20 0
11796 498467958 25 0
5658 498473616 13 0
5658 498479274 12 0
6160 498485434 14 0
11815 498497249 29 0
5658 498502907 11 0
5658 498508565 16 0
6130 498514695 22 0
11772 498526467 26 0
5651 498532118 19 0
5658 498537776 9 0
7042 498544818 93 44
11784 498556602 37 0
5650 498562252 18 0
5658 498567910 10 0
6154 498574064 24 0
11796 498585860 27 0
5658 498591518 12 0
5658 498597176 15 0
6161 498603337 19 0
11783 498615120 30 0
5652 498620772 18 0
5658 498626430 12 0
6160 498632590 17 0
11802 498644392 30 0
5658 498650050 14 0
5658 498655708 11 0
6135 498661843 26 0
13160 498675003 59 0
5651 498680654 18 0
5658 498686312 11 0
6185 498692497 16 0
11796 498704293 31 0
5652 498709945 12 0
5658 498715603 18 0
6160 498721763 21 0
11816 498733579 22 0
5658 498739237 11 0
5658 498744895 12 0
6160 498751055 18 0
11796 498762851 19 0
5658 498768509 11 0
5658 498774167 12 0
11804 498785971 45 0
6138 498792109 21 0
5640 498797749 19 0
5658 498803407 14 0
11799 498815206 34 0
6138 498821344 16 0
5658 498827002 15 0
5652 498832654 14 0
11825 498844479 23 0
6132 498850611 20 0
5657 498856268 20 0
5646 498861914 16 0
11815 498873729 44 0
6060 498879789 23 0
5658 498885447 12 0
5658 498891105 10 0
11776 498902881 35 0
6132 498909013 19 0
5622 498914635 20 0
5658 498920293 17 0
11798 498932091 39 0
6126 498938217 24 0
5658 498943875 15 0
5657 498949532 16 0
11788 498961320 31 0
6151 498967471 19 0
5640 498973111 16 0
5658 498978769 9 0
11816 498990585 30 0
6132 498996717 19 0
5658 499002375 15 0
5650 499008025 20 0
11812 499019837 32 0
6138 499025975 19 0
5651 499031626 16 0
5657 499037283 20 0
13218 499050501 61 0
6126 499056627 19 0
5634 499062261 12 0
5658 499067919 17 0
11813 499079732 34 0
6135 499085867 25 0
5640 499091507 13 0
5658 499097165 11 0
11818 499108983 28 0
6151 499115134 15 0
5658 499120792 13 0
8997 499129789 156 36
918568 500048357 15393 4368
6436 500054793 47 0
6707 500061500 35 0
15750 500077250 387 26
18370 500095620 435 101
7067 500102687 53 1
6662 500109349 25 0
8265 500117614 132 10
13243 500130857 55 0
4571561 4571561 88102 5040
13640054 18211615 47828 12827
19594530 37806145 19163 5446
18496558 56302703 23662 5636
19533902 75836605 17962 5336
19407553 95244158 18781 5274
18806555 114050713 23994 7159
18749854 132800567 18085 5113
19554573 152355140 18959 5373
19256995 171612135 18324 5230
19501908 191114043 21291 5614
19487624 210601667 18849 5325
19542576 230144243 18771 5335
19306066 249450309 20189 5297
18872382 268322691 24699 5228
18609453 286932144 18843 5060
19598602 306530746 19067 5272
19303912 325834658 18880 5234
19653134 345487792 20489 5365
19494017 364981809 19433 5312
19727733 384709542 19311 5334
19572089 404281631 18731 5255
19661349 423942980 19734 5323
19657517 443600497 19229 5335
19535652 463136149 19574 5261
19625146 482761295 19196 5264
11106703 493867998 28852 868
2525398 496393396 6080 618
5652 496399048 29 0
6138 496405186 20 0
11315 496416501 51 0
6161 496422662 24 0
5665 496428327 32 0
6138 496434465 24 0
11298 496445763 36 0
6160 496451923 20 0
5645 496457568 22 0
6138 496463706 20 0
11298 496475004 50 0
6173 496481177 21 0
5652 496486829 21 1
6138 496492967 18 0
11291 496504258 39 0
6160 496510418 16 1
5637 496516055 23 0
6120 496522175 30 0
11313 496533488 45 0
6160 496539648 20 0
5655 496545303 24 0
6138 496551441 19 0
11297 496562738 26 0
6161 496568899 27 0
5661 496574560 30 0
6130 496580690 34 0
11307 496591997 46 0
6160 496598157 17 0
5662 496603819 26 0
6134 496609953 26 0
12680 496622633 107 23
6160 496628793 19 0
5637 496634430 21 0
6138 496640568 20 0
11312 496651880 33 0
6161 496658041 23 0
5644 496663685 25 0
6102 496669787 28 0
11296 496681083 28 0
6154 496687237 29 0
5658 496692895 12 0
6132 496699027 30 0
11314 496710341 36 0
6170 496716511 31 0
5658 496722169 13 0
12251 496734420 40 0
5638 496740058 26 0
6138 496746196 20 1
5658 496751854 13 0
12289 496764143 54 1
5652 496769795 16 0
6120 496775915 22 0
5646 496781561 15 0
11782 496793343 50 0
5652 496798995 13 0
6162 496805157 31 0
5645 496810802 28 0
11777 496822579 43 0
5658 496828237 9 0
6160 496834397 23 0
5647 496840044 26 0
11787 496851831 55 0
5658 496857489 11 0
6127 496863616 26 0
5658 496869274 15 0
11784 496881058 39 1
5658 496886716 13 0
6167 496892883 21 0
5658 496898541 13 0
11777 496910318 39 1
5658 496915976 15 0
6148 496922124 22 0
5658 496927782 15 0
12267 496940049 38 0
6226 496946275 55 0
6665 496952940 27 0
6380 496959320 45 0
13189 496972509 46 0
5650 496978159 25 0
6120 496984279 30 0
6129 496990408 20 0
13609 497004017 62 13
6116 497010133 17 0
6116 497016249 27 0
6097 497022346 23 0
12232 497034578 32 0
6105 497040683 28 2
6107 497046790 29 0
6102 497052892 29 0
12189 497065081 41 0
6112 497071193 30 0
6116 497077309 21 0
6089 497083398 26 0
12244 497095642 36 0
6115 497101757 21 0
6097 497107854 25 0
6104 497113958 30 0
12235 497126193 49 0
6115 497132308 27 0
15199 497147507 370 113
5646 497153153 47 1
12248 497165401 35 0
5658 497171059 16 0
6124 497177183 31 0
5658 497182841 25 0
11762 497194603 45 0
5658 497200261 11 0
6155 497206416 29 0
5646 497212062 18 0
11753 497223815 41 0
5652 497229467 18 0
6150 497235617 32 0
5646 497241263 19 0
11797 497253060 28 0
5657 497258717 21 0
6160 497264877 18 0
5652 497270529 19 0
11780 497282309 39 0
5658 497287967 12 0
6154 497294121 22 0
5646 497299767 18 0
11787 497311554 37 0
5651 497317205 26 0
6154 497323359 22 0
5652 497329011 18 0
12684 497341695 103 37
5658 497347353 12 0
6154 497353507 29 0
5658 497359165 14 0
11777 497370942 38 0
5652 497376594 13 0
6147 497382741 22 0
7035 497389776 54 1
11777 497401553 36 0
5655 497407208 26 0
6160 497413368 19 0
5652 497419020 16 0
11781 497430801 44 0
5658 497436459 13 0
6173 497442632 19 0
5662 497448294 25 0
11796 497460090 28 0
5663 497465753 29 0
6136 497471889 24 0
5657 497477546 22 0
11815 497489361 49 0
5658 497495019 12 0
6160 497501179 19 0
5646 497506825 24 0
11760 497518585 35 0
5651 497524236 19 0
6186 497530422 20 0
5656 497536078 23 0
11789 497547867 32 0
5653 497553520 26 0
6154 497559674 23 0
5658 497565332 14 0
11812 497577144 44 0
5651 497582795 24 0
6160 497588955 21 0
5645 497594600 20 0
11807 497606407 42 0
5658 497612065 14 0
6153 497618218 30 0
5645 497623863 21 0
11782 497635645 33 0
5658 497641303 10 0
6135 497647438 30 0
5649 497653087 28 0
11790 497664877 29 0
5651 497670528 19 0
6173 497676701 17 0
5645 497682346 19 0
11793 497694139 45 0
5658 497699797 11 0
6159 497705956 25 0
5650 497711606 29 0
11798 497723404 35 0
5645 497729049 30 0
6160 497735209 19 0
5643 497740852 24 0
11795 497752647 35 0
5658 497758305 16 0
7531 497765836 35 0
5655 497771491 34 0
11781 497783272 49 0
5658 497788930 15 0
6147 497795077 26 0
5658 497800735 15 0
11802 497812537 39 0
5661 497818198 22 0
6160 497824358 19 0
5646 497830004 15 0
11784 497841788 31 0
5658 497847446 11 0
6143 497853589 26 0
5633 497859222 22 0
11773 497870995 35 0
5658 497876653 10 0
6124 497882777 28 0
5634 497888411 19 0
11776 497900187 31 0
5652 497905839 26 0
6186 497912025 19 0
5654 497917679 28 0
11798 497929477 38 0
5658 497935135 13 0
6159 497941294 30 0
5644 497946938 31 0
11802 497958740 34 0
5652 497964392 17 0
6160 497970552 18 0
5661 497976213 34 0
11784 497987997 30 0
5658 497993655 15 0
6173 497999828 17 0
5646 498005474 21 0
11790 498017264 27 0
5658 498022922 12 0
6160 498029082 19 0
5643 498034725 28 0
11789 498046514 38 0
5651 498052165 27 0
6155 498058320 28 0
5658 498063978 15 0
11758 498075736 33 0
5657 498081393 32 0
6173 498087566 23 0
5652 498093218 18 0
11784 498105002 31 0
5631 498110633 26 0
6130 498116763 25 0
5655 498122418 32 0
11766 498134184 35 0
7029 498141213 38 0
6182 498147395 27 0
5650 498153045 26 0
11783 498164828 35 0
5658 498170486 12 0
6153 498176639 31 0
5652 498182291 17 0
11803 498194094 30 0
5657 498199751 16 0
6146 498205897 32 0
5655 498211552 31 0
11775 498223327 45 0
5672 498228999 30 0
6149 498235148 24 0
5651 498240799 20 0
11765 498252564 35 0
5657 498258221 24 0
6160 498264381 18 0
5652 498270033 17 0
11824 498281857 43 0
5657 498287514 31 0
6160 498293674 17 0
5658 498299332 16 0
11789 498311121 24 0
5658 498316779 21 0
6173 498322952 28 0
5658 498328610 11 0
11794 498340404 25 0
5658 498346062 14 0
6159 498352221 29 0
5661 498357882 30 0
11777 498369659 28 0
5646 498375305 29 0
6173 498381478 18 0
5656 498387134 20 0
11796 498398930 19 0
5652 498404582 15 0
6117 498410699 27 0
11796 498422495 51 0
5658 498428153 14 0
5650 498433803 25 0
6142 498439945 23 0
11805 498451750 44 0
5644 498457394 23 0
5652 498463046 15 0
6173 498469219 19 0
11773 498480992 49 0
5649 498486641 25 0
5657 498492298 21 0
6136 498498434 20 0
11809 498510243 28 0
7009 498517252 38 0
5650 498522902 35 0
6160 498529062 19 0
11809 498540871 49 0
5658 498546529 12 0
5658 498552187 10 0
6142 498558329 25 0
11775 498570104 43 0
5633 498575737 19 0
5658 498581395 11 0
6123 498587518 29 0
11774 498599292 41 0
5658 498604950 12 0
5658 498610608 15 0
6173 498616781 17 0
11789 498628570 32 0
5658 498634228 12 0
5658 498639886 11 0
6160 498646046 18 0
11810 498657856 33 0
5646 498663502 16 0
5653 498669155 16 0
6135 498675290 26 0
11801 498687091 43 0
5640 498692731 18 0
5652 498698383 15 0
6154 498704537 26 0
11758 498716295 46 0
5658 498721953 17 0
5658 498727611 13 0
909500 499637111 15466 4470
14821 499651932 833 40
6719 499658651 33 0
6686 499665337 29 0
12073 499677410 375 98
13114 499690524 52 1
6656 499697180 27 0
8278 499705458 137 20
6614 499712072 34 1
1432352 1432352 32145 1654
5890814 7323166 84463 11706
17882949 25206115 26731 6477
19235135 44441250 21194 5210
18696936 63138186 23896 5702
19507143 82645329 20831 5307
19346908 101992237 21368 5256
18272216 120264453 27002 7197
18777549 139042002 22037 5149
19567115 158609117 21339 5302
19396435 178005552 23604 5523
19456132 197461684 21561 5270
19343206 216804890 22014 5334
19402437 236207327 22053 5272
18220954 254428281 27612 5028
19533292 273961573 18815 5337
18720725 292682298 19608 5300
19610461 312292759 18756 5296
19577209 331869968 19412 5398
19611243 351481211 18932 5330
19518353 370999564 19208 5300
19735424 390734988 18662 5330
19644881 410379869 18640 5336
19554418 429934287 19017 5260
19617389 449551676 19088 5335
19660506 469212182 18702 5273
17488631 486700813 27425 4330
9467614 496168427 17324 265
188640 496357067 2522 624
5658 496362725 24 0
6180 496368905 19 0
5664 496374569 16 0
11790 496386359 36 0
5658 496392017 12 0
6136 496398153 24 0
5657 496403810 18 0
11791 496415601 32 0
5658 496421259 14 0
6173 496427432 17 0
5658 496433090 13 0
11796 496444886 31 0
5658 496450544 10 0
6160 496456704 14 0
5658 496462362 19 0
12697 496475059 107 42
5658 496480717 14 0
7537 496488254 100 44
5657 496493911 17 0
11790 496505701 38 0
5658 496511359 13 0
6161 496517520 21 0
5652 496523172 13 0
11789 496534961 38 0
5657 496540618 16 0
6154 496546772 16 0
5658 496552430 9 0
11785 496564215 30 0
5658 496569873 12 0
6129 496576002 24 0
5658 496581660 17 0
11784 496593444 31 0
5651 496599095 21 0
6167 496605262 19 0
5658 496610920 18 0
11803 496622723 28 0
5658 496628381 12 0
6158 496634539 30 0
5658 496640197 13 0
11796 496651993 22 0
5658 496657651 10 0
6153 496663804 26 0
11789 496675593 33 0
5658 496681251 14 0
5658 496686909 10 0
6166 496693075 29 0
11791 496704866 35 0
5658 496710524 14 1
5658 496716182 10 0
6118 496722300 26 0
11775 496734075 50 0
5657 496739732 15 0
5658 496745390 12 0
6167 496751557 28 0
11783 496763340 51 0
5652 496768992 11 0
5658 496774650 13 0
6141 496780791 24 0
11809 496792600 28 0
5658 496798258 14 0
5658 496803916 13 0
6154 496810070 31 0
11795 496821865 40 0
5658 496827523 10 0
5658 496833181 14 0
6171 496839352 29 0
11790 496851142 27 0
5658 496856800 13 1
7035 496863835 29 2
6160 496869995 20 0
11796 496881791 25 0
6128 496887919 21 0
5652 496893571 16 0
6138 496899709 24 0
12961 496912670 89 0
6648 496919318 32 1
6333 496925651 20 4
6601 496932252 24 0
12232 496944484 43 0
6116 496950600 18 0
5658 496956258 15 0
6113 496962371 26 0
12220 496974591 34 0
6116 496980707 17 0
6129 496986836 19 0
6116 496992952 20 0
12212 497005164 40 0
6098 497011262 27 0
6110 497017372 19 0
6110 497023482 24 0
21308 497044790 359 88
6116 497050906 46 3
6116 497057022 20 0
6116 497063138 17 0
12232 497075370 26 0
6108 497081478 27 0
6108 497087586 23 0
6115 497093701 25 0
12237 497105938 50 0
6103 497112041 27 0
5658 497117699 11 0
6130 497123829 21 0
11796 497135625 22 0
5658 497141283 11 0
5658 497146941 10 0
6178 497153119 29 0
11790 497164909 23 0
5657 497170566 13 0
5651 497176217 16 0
6156 497182373 22 0
11798 497194171 36 0
5662 497199833 16 0
5658 497205491 11 0
6147 497211638 22 0
11801 497223439 40 0
5658 497229097 12 0
5651 497234748 12 0
6167 497240915 17 0
11796 497252711 21 0
7035 497259746 36 0
5658 497265404 14 0
6160 497271564 16 0
11785 497283349 33 0
5652 497289001 15 0
5658 497294659 14 0
6160 497300819 19 0
11778 497312597 30 0
5658 497318255 12 0
5658 497323913 12 0
6173 497330086 17 0
11796 497341882 23 0
5658 497347540 11 0
5651 497353191 19 0
6153 497359344 20 0
11804 497371148 43 0
5657 497376805 15 0
5657 497382462 16 0
6173 497388635 15 0
11796 497400431 22 0
5652 497406083 15 0
5658 497411741 10 0
6160 497417901 15 0
11809 497429710 22 0
5658 497435368 11 0
5658 497441026 12 0
6154 497447180 21 0
11788 497458968 36 0
5573 497464541 14 0
5658 497470199 12 0
6173 497476372 19 0
11796 497488168 24 1
5658 497493826 10 0
5658 497499484 12 0
6160 497505644 21 0
11835 497517479 27 0
5658 497523137 14 0
5652 497528789 13 0
6160 497534949 17 0
11796 497546745 24 0
5658 497552403 18 0
5645 497558048 18 0
6173 497564221 20 0
11796 497576017 20 0
5652 497581669 12 0
5657 497587326 13 0
6159 497593485 26 0
11776 497605261 40 0
5657 497610918 16 0
5658 497616576 12 0
6179 497622755 20 0
13173 497635928 36 0
5657 497641585 18 0
5658 497647243 12 0
6160 497653403 17 0
11802 497665205 32 0
5633 497670838 19 0
5658 497676496 15 0
6153 497682649 21 0
11796 497694445 20 0
5658 497700103 12 0
5658 497705761 11 0
6173 497711934 17 0
11796 497723730 25 0
5639 497729369 17 0
5657 497735026 13 0
6154 497741180 17 0
11809 497752989 25 0
5658 497758647 10 0
5658 497764305 13 0
6160 497770465 20 0
11796 497782261 25 0
5658 497787919 11 0
5658 497793577 17 0
6170 497799747 25 0
11796 497811543 20 0
5644 497817187 18 0
5658 497822845 11 0
6160 497829005 16 0
11796 497840801 27 0
5658 497846459 12 0
5646 497852105 16 0
6167 497858272 21 0
11790 497870062 32 0
5658 497875720 9 0
5658 497881378 9 0
6160 497887538 16 0
11822 497899360 21 0
6116 497905476 19 0
5658 497911134 11 0
6138 497917272 17 0
11796 497929068 26 0
5651 497934719 22 0
5658 497940377 13 0
6172 497946549 20 0
11796 497958345 23 0
5658 497964003 11 0
5658 497969661 11 0
6159 497975820 20 0
11818 497987638 40 0
5657 497993295 12 0
5657 497998952 13 0
6154 498005106 18 0
13167 498018273 37 0
5639 498023912 17 0
5657 498029569 16 0
6173 498035742 19 0
11794 498047536 36 0
5658 498053194 10 0
5658 498058852 15 0
6160 498065012 15 0
11796 498076808 23 0
5658 498082466 14 0
5646 498088112 17 0
6177 498094289 24 0
11796 498106085 35 0
5652 498111737 15 0
5658 498117395 11 0
6160 498123555 16 0
11784 498135339 36 0
5658 498140997 11 0
5658 498146655 13 0
6160 498152815 15 0
11772 498164587 30 0
5658 498170245 12 0
5658 498175903 13 0
6169 498182072 28 0
11781 498193853 34 0
5658 498199511 7 0
5657 498205168 12 0
6153 498211321 18 0
11803 498223124 27 0
5658 498228782 12 0
5658 498234440 11 0
6160 498240600 17 0
11777 498252377 34 0
5658 498258035 10 0
5652 498263687 15 0
6180 498269867 18 0
11796 498281663 29 0
5658 498287321 12 0
5658 498292979 10 0
6160 498299139 17 0
11796 498310935 23 0
5658 498316593 12 0
5658 498322251 12 0
6167 498328418 17 0
11796 498340214 26 0
5658 498345872 13 0
5658 498351530 12 0
6154 498357684 17 0
11809 498369493 23 0
5640 498375133 15 0
5658 498380791 16 0
7541 498388332 38 0
11789 498400121 39 0
5658 498405779 14 0
5663 498411442 21 0
6165 498417607 26 0
11795 498429402 36 0
5658 498435060 11 0
5658 498440718 10 0
6160 498446878 17 0
11809 498458687 25 0
5646 498464333 19 0
5658 498469991 12 0
6160 498476151 17 0
11796 498487947 19 0
5658 498493605 11 0
5658 498499263 11 0
6154 498505417 26 0
11795 498517212 40 0
5657 498522869 12 0
5645 498528514 16 0
6152 498534666 23 0
11765 498546431 37 0
5658 498552089 12 0
5658 498557747 11 0
6173 498563920 17 0
11776 498575696 37 0
5658 498581354 12 0
5658 498587012 12 0
6160 498593172 18 0
11791 498604963 28 0
5658 498610621 13 0
5658 498616279 10 0
6160 498622439 15 0
11796 498634235 10 0
5658 498639893 13 0
5651 498645544 18 0
11842 498657386 31 0
6124 498663510 22 0
5652 498669162 16 0
5658 498674820 13 0
11810 498686630 26 0
6151 498692781 15 0
5651 498698432 21 1
5642 498704074 23 0
11813 498715887 42 0
6132 498722019 19 0
5651 498727670 19 0
5651 498733321 17 0
11818 498745139 40 0
9465 498754604 182 32
916927 499671531 15576 4268
6706 499678237 58 2
18337 499696574 398 76
6396 499702970 39 1
6721 499709691 24 0
6816 499716507 36 0
14582 499731089 195 28
6674 499737763 27 0
6602 499744365 26 0
2318697 2318697 50805 3341
7366191 9684888 77254 12942
19177131 28862019 19274 5253
6616585 35478604 7857 1817
18884492 54363096 20528 5074
19477974 73841070 17405 5306
18333789 92174859 22532 7119
19088643 111263502 18626 5189
19002102 130265604 17918 5167
19513759 149779363 17892 5319
19513475 169292838 19830 5537
19493154 188785992 19198 5338
19318387 208104379 18131 5273
19562081 227666460 18108 5353
18736293 246402753 19739 5168
18731353 265134106 23915 5103
18862074 283996180 19063 5195
19574586 303570766 18441 5278
19516526 323087292 17763 5308
19636856 342724148 19374 5371
19609622 362333770 18442 5389
19626805 381960575 18444 5267
19577105 401537680 18845 5333
19611038 421148718 19075 5299
19605255 440753973 18248 5346
19595185 460349158 18409 5268
19604394 479953552 18674 5352
13996658 493950210 29869 2153
4437114 498387324 8838 667
5658 498392982 37 0
6125 498399107 25 0
11759 498410866 53 1
5646 498416512 20 0
5646 498422158 17 0
11822 498433980 46 1
6112 498440092 31 0
5640 498445732 18 0
5658 498451390 14 0
11812 498463202 35 0
6155 498469357 31 0
5653 498475010 27 1
5658 498480668 10 0
11815 498492483 39 0
6138 498498621 18 0
5643 498504264 25 0
5658 498509922 10 0
11823 498521745 53 0
6126 498527871 19 0
5652 498533523 16 0
5658 498539181 11 0
11818 498550999 36 0
6138 498557137 16 0
5651 498562788 20 0
5650 498568438 28 0
11826 498580264 41 0
6138 498586402 17 0
5652 498592054 17 0
5657 498597711 18 0
11806 498609517 37 1
6151 498615668 14 0
5649 498621317 26 0
5658 498626975 12 0
11812 498638787 52 0
6138 498644925 24 0
5658 498650583 14 1
5658 498656241 16 0
11819 498668060 58 1
6136 498674196 41 0
5661 498679857 27 0
5658 498685515 11 0
13183 498698698 111 31
6164 498704862 17 0
5656 498710518 25 2
5658 498716176 13 0
11817 498727993 51 0
6138 498734131 20 0
5632 498739763 23 0
5649 498745412 23 0
11864 498757276 69 0
6138 498763414 19 0
5658 498769072 21 0
5657 498774729 17 0
11805 498786534 27 0
6138 498792672 18 0
5627 498798299 22 0
5658 498803957 14 0
11792 498815749 46 0
6138 498821887 17 0
5658 498827545 10 0
5638 498833183 24 0
11818 498845001 19 0
6151 498851152 15 0
5658 498856810 12 0
5657 498862467 16 0
11818 498874285 41 0
6124 498880409 30 0
5658 498886067 10 0
5658 498891725 13 0
20895 498912620 380 88
6120 498918740 28 0
6116 498924856 16 0
5648 498930504 29 0
13008 498943512 88 5
6625 498950137 32 0
6648 498956785 22 0
6333 498963118 29 0
12686 498975804 51 1
6107 498981911 33 0
6106 498988017 31 0
5658 498993675 13 0
12254 499005929 41 0
6080 499012009 27 0
6097 499018106 27 0
6113 499024219 38 0
12214 499036433 32 0
6098 499042531 18 0
6123 499048654 26 0
6118 499054772 34 0
12211 499066983 47 0
6101 499073084 30 0
6116 499079200 17 0
6116 499085316 17 0
13630 499098946 85 21
6116 499105062 17 0
6114 499111176 37 0
6103 499117279 30 0
12219 499129498 37 0
6106 499135604 27 0
6116 499141720 22 0
5658 499147378 13 0
11807 499159185 46 0
6138 499165323 19 0
5658 499170981 12 0
5658 499176639 13 0
11791 499188430 36 0
6151 499194581 16 0
5648 499200229 24 0
5658 499205887 11 0
11769 499217656 39 0
6119 499223775 26 0
5658 499229433 10 0
5668 499235101 33 0
11830 499246931 29 0
6138 499253069 16 0
5644 499258713 22 0
5652 499264365 15 0
11798 499276163 32 0
6138 499282301 17 0
5653 499287954 23 0
5657 499293611 20 0
11809 499305420 49 0
6138 499311558 15 0
5657 499317215 15 0
5660 499322875 25 0
11822 499334697 37 0
6139 499340836 24 0
5652 499346488 18 0
5657 499352145 21 0
11806 499363951 25 0
6123 499370074 26 0
5643 499375717 25 0
5635 499381352 25 0
11782 499393134 36 0
6138 499399272 15 0
5658 499404930 13 0
5652 499410582 16 0
11815 499422397 36 0
6151 499428548 15 0
5658 499434206 20 0
5658 499439864 13 0
11811 499451675 28 0
6132 499457807 21 0
5658 499463465 12 0
7029 499470494 32 0
11812 499482306 44 0
6120 499488426 18 0
5634 499494060 17 0
5657 499499717 20 0
11769 499511486 43 0
6132 499517618 21 0
5637 499523255 24 0
5656 499528911 32 0
11830 499540741 28 0
6138 499546879 13 0
5646 499552525 17 0
5657 499558182 21 0
11829 499570011 40 0
6151 499576162 15 0
5665 499581827 29 0
5658 499587485 13 0
11805 499599290 32 0
6126 499605416 25 0
5632 499611048 27 0
5658 499616706 13 0
11828 499628534 36 0
6119 499634653 22 0
5650 499640303 20 0
5652 499645955 17 0
11800 499657755 22 0
6151 499663906 17 0
5645 499669551 22 0
5658 499675209 11 0
11811 499687020 27 0
6138 499693158 15 0
5616 499698774 22 0
5652 499704426 14 0
11816 499716242 43 0
6138 499722380 16 0
5667 499728047 29 0
5644 499733691 21 0
11811 499745502 20 0
6126 499751628 22 0
5658 499757286 11 0
5652 499762938 13 0
11826 499774764 36 0
6132 499780896 17 0
5658 499786554 10 0
5652 499792206 12 0
11818 499804024 46 0
6151 499810175 16 0
5634 499815809 21 0
5644 499821453 24 0
11816 499833269 32 0
6120 499839389 18 0
7035 499846424 30 0
5652 499852076 15 0
11829 499863905 32 0
6132 499870037 17 0
5658 499875695 10 0
5638 499881333 22 0
11791 499893124 47 0
6149 499899273 25 0
6116 499905389 22 0
5656 499911045 17 0
11795 499922840 27 0
6138 499928978 18 0
5636 499934614 26 0
5658 499940272 11 0
11810 499952082 34 0
6145 499958227 17 0
5644 499963871 27 0
5658 499969529 9 0
11794 499981323 29 0
6138 499987461 16 0
5645 499993106 18 0
5658 499998764 12 0
11804 500010568 47 0
6138 500016706 19 0
5652 500022358 13 0
5646 500028004 17 0
11822 500039826 50 0
6138 500045964 22 0
5636 500051600 23 0
5652 500057252 12 0
11826 500069078 41 0
6127 500075205 30 0
5644 500080849 17 0
5658 500086507 11 0
11826 500098333 46 0
6138 500104471 15 0
5650 500110121 22 0
5658 500115779 13 0
11802 500127581 32 0
6139 500133720 23 0
5662 500139382 22 0
5658 500145040 11 0
11817 500156857 42 0
6138 500162995 15 0
5662 500168657 14 0
5658 500174315 10 0
11831 500186146 25 0
6145 500192291 30 0
5658 500197949 13 0
5658 500203607 11 0
11808 500215415 37 0
7515 500222930 29 0
5630 500228560 23 0
5640 500234200 21 0
11843 500246043 30 0
6138 500252181 15 0
5646 500257827 19 0
5658 500263485 13 0
11800 500275285 32 0
6151 500281436 15 0
5634 500287070 16 0
5658 500292728 8 0
11817 500304545 32 0
6138 500310683 18 0
5638 500316321 23 0
5658 500321979 12 0
11810 500333789 31 0
6138 500339927 14 0
5643 500345570 17 0
5657 500351227 19 0
11812 500363039 33 0
6151 500369190 28 0
5663 500374853 28 0
5628 500380481 21 0
11831 500392312 35 0
6140 500398452 37 0
5634 500404086 17 0
5658 500409744 8 0
11822 500421566 30 0
6153 500427719 34 0
5667 500433386 20 0
11770 500445156 40 0
5658 500450814 9 0
6138 500456952 15 0
5646 500462598 14 0
11825 500474423 29 0
5651 500480074 27 0
6125 500486199 31 0
5652 500491851 17 0
11793 500503644 32 0
5633 500509277 18 0
6138 500515415 20 0
5656 500521071 32 0
11803 500532874 40 0
5658 500538532 13 0
6135 500544667 28 0
5640 500550307 25 0
11823 500562130 37 0
5673 500567803 31 0
6138 500573941 19 0
5638 500579579 23 0
11807 500591386 36 0
7029 500598415 32 0
6126 500604541 24 0
6116 500610657 16 0
11790 500622447 40 0
5654 500628101 31 0
6137 500634238 24 0
5651 500639889 22 0
11799 500651688 35 0
5634 500657322 18 0
6138 500663460 17 0
5658 500669118 11 0
11820 500680938 34 0
5656 500686594 24 0
6145 500692739 18 0
5650 500698389 22 0
11831 500710220 33 0
5658 500715878 29 0
120360 500836238 4378 1975
792567 501628805 11344 2242
13429 501642234 92 1
6675 501648909 41 0
11856 501660765 363 82
6399 501667164 34 0
502966 502170130 88 1
8265 502178395 155 13
6607 502185002 27 0
