23, 1, 3140211, 628042.000
20, 3140212, 9924416, 1356840.800
17, 9924417, 26498228, 1657381.100
26, 26498229, 33738366, 1448027.400
5, 33738367, 39078728, 1068072.200
10, 39078729, 51739585, 2532171.200
3, 51739586, 565321698, 2505278.595
1, 565321699, 694337588, 2345743.436
9, 694337589, 728854850, 2301150.733
1, 728854851, 740380312, 2305092.200
9, 740380313, 1290083760, 2198813.788
8, 1290083761, 1568034646, 1355857.976
5, 1568034647, 1572027314, 798533.400
7, 1572027315, 1601885330, 497633.583
5, 1601885331, 1642184828, 895544.378
27, 1642184829, 1643174253, 197884.800
25, 1643174254, 1654442746, 2253698.400
2, 1654442747, 1655751935, 261837.600
6, 1655751936, 1655771756, 1982.000
2, 1655771757, 1656364478, 118544.200
6, 1656364479, 1656371144, 1333.000
