5,1.0,393146838.6,3889417319.267523
4,393146839.6,422013507.45000005,2021348296.0527227
2,422013508.45000005,441688174.1700001,3036024722.4208217
7,441688175.1700001,477022551.7900001,1078954198.302667
4,477022552.7900001,489307301.0500001,2021348296.0527227
3,489307302.0500001,520673751.32000005,1647012626.1522777
2,520673752.32000005,546038871.7900001,3036024722.4208217
1,546038872.7900001,1263381727.0400002,4437195218.808543
2,1263381728.0400002,1393954930.0500002,3036024722.4208217
6,1393954931.0500002,2040344628.89,4889939584.3099985
2,2040344629.89,2087113979.68,3036024722.4208217
4,2087113980.68,2091653834.29,2021348296.0527227
0,2091653835.29,2091657930.29,239763616.18792993
