3617625, 3617625, 72181, 6700, 14
9989047, 13606672, 59802, 16147, 13
15569502, 29176174, 17222, 5619, 19
9304704, 38480878, 8414, 2527, 12
18864849, 57345727, 21167, 5962, 2
19039395, 76385122, 20936, 6775, 2
18159456, 94544578, 22394, 7759, 2
18808775, 113353353, 18767, 6093, 2
18829495, 132182848, 18994, 6306, 2
19046686, 151229534, 21637, 7063, 2
19320566, 170550100, 20341, 6615, 2
19052971, 189603071, 19648, 6636, 2
19261827, 208864898, 19330, 6009, 11
19096922, 227961820, 21444, 6577, 2
18690125, 246651945, 19959, 6160, 2
18195584, 264847529, 24821, 6383, 2
18834363, 283681892, 19369, 6137, 2
19329956, 303011848, 19978, 6099, 11
19198206, 322210054, 18911, 6723, 2
19400131, 341610185, 19507, 6269, 2
19383971, 360994156, 18951, 6218, 2
19339794, 380333950, 19903, 6323, 2
19417569, 399751519, 19088, 6221, 2
19331309, 419082828, 19308, 6681, 2
19493055, 438575883, 18933, 5931, 11
19434214, 458010097, 19684, 5972, 11
19373672, 477383769, 19545, 6171, 2
15462410, 492846179, 31184, 4590, 2
5570203, 498416382, 10639, 791, 6
12271, 498428653, 401, 45, 1
5652, 498434305, 20, 1, 1
6126, 498440431, 25, 0, 1
5657, 498446088, 20, 0, 1
11814, 498457902, 52, 0, 1
5646, 498463548, 27, 0, 1
6145, 498469693, 27, 0, 1
5658, 498475351, 13, 4, 1
11797, 498487148, 49, 2, 1
5658, 498492806, 18, 6, 1
6138, 498498944, 20, 0, 1
5664, 498504608, 33, 1, 1
11825, 498516433, 43, 1, 1
5658, 498522091, 20, 1, 1
6126, 498528217, 25, 0, 1
5620, 498533837, 27, 3, 1
11781, 498545618, 41, 1, 1
5652, 498551270, 19, 2, 1
6125, 498557395, 26, 0, 1
5646, 498563041, 22, 0, 1
11804, 498574845, 54, 0, 1
5646, 498580491, 21, 0, 1
6138, 498586629, 19, 0, 1
5658, 498592287, 14, 0, 1
11810, 498604097, 46, 2, 1
5658, 498609755, 15, 0, 1
6151, 498615906, 22, 0, 1
5658, 498621564, 18, 5, 1
11812, 498633376, 35, 1, 1
5657, 498639033, 22, 1, 1
6138, 498645171, 19, 0, 1
5648, 498650819, 32, 1, 1
11825, 498662644, 47, 0, 1
5658, 498668302, 14, 0, 1
6125, 498674427, 24, 0, 1
5627, 498680054, 26, 2, 1
11810, 498691864, 43, 0, 1
5651, 498697515, 24, 0, 1
6121, 498703636, 25, 0, 1
5645, 498709281, 21, 3, 1
13195, 498722476, 102, 45, 1
5658, 498728134, 13, 0, 1
6132, 498734266, 19, 0, 1
5658, 498739924, 12, 0, 1
11806, 498751730, 48, 2, 1
5658, 498757388, 36, 22, 1
6145, 498763533, 23, 0, 1
6097, 498769630, 31, 0, 1
11790, 498781420, 107, 27, 1
6116, 498787536, 65, 3, 1
6097, 498793633, 34, 6, 1
6118, 498799751, 60, 3, 1
11799, 498811550, 65, 2, 1
5658, 498817208, 16, 0, 1
6138, 498823346, 21, 0, 1
5651, 498828997, 43, 24, 1
11799, 498840796, 51, 0, 1
5651, 498846447, 23, 0, 1
6151, 498852598, 20, 0, 1
5658, 498858256, 47, 33, 1
11818, 498870074, 36, 0, 1
5658, 498875732, 24, 8, 1
6114, 498881846, 24, 0, 1
5658, 498887504, 30, 13, 1
11824, 498899328, 36, 1, 1
5658, 498904986, 18, 0, 1
6125, 498911111, 23, 0, 1
5658, 498916769, 24, 9, 1
11818, 498928587, 33, 1, 1
5658, 498934245, 28, 3, 1
6151, 498940396, 17, 0, 1
5658, 498946054, 42, 23, 1
11812, 498957866, 52, 1, 1
5658, 498963524, 17, 2, 1
6124, 498969648, 28, 1, 1
6109, 498975757, 27, 2, 1
12999, 498988756, 105, 20, 1
6373, 498995129, 35, 3, 1
6624, 499001753, 22, 0, 1
6567, 499008320, 30, 1, 1
12207, 499020527, 60, 0, 1
6103, 499026630, 35, 0, 1
6110, 499032740, 22, 0, 1
6124, 499038864, 25, 0, 1
12219, 499051083, 38, 0, 1
6092, 499057175, 19, 0, 1
6104, 499063279, 25, 0, 1
6116, 499069395, 19, 0, 1
12214, 499081609, 46, 0, 1
6129, 499087738, 18, 1, 1
6116, 499093854, 20, 0, 1
7491, 499101345, 47, 2, 1
12217, 499113562, 42, 0, 1
6107, 499119669, 34, 0, 1
6122, 499125791, 34, 0, 1
6098, 499131889, 26, 0, 1
12207, 499144096, 43, 0, 1
6108, 499150204, 25, 0, 1
6116, 499156320, 23, 0, 1
6116, 499162436, 29, 0, 1
12229, 499174665, 39, 0, 1
6098, 499180763, 26, 0, 1
6123, 499186886, 26, 0, 1
6109, 499192995, 29, 0, 1
11781, 499204776, 44, 0, 1
6108, 499210884, 26, 0, 1
6116, 499217000, 16, 0, 1
6080, 499223080, 25, 0, 1
23348, 499246428, 661, 131, 1
5658, 499252086, 44, 9, 1
6126, 499258212, 21, 0, 1
6080, 499264292, 29, 0, 1
11777, 499276069, 39, 0, 1
5646, 499281715, 15, 0, 1
6126, 499287841, 23, 0, 1
5657, 499293498, 17, 1, 1
11824, 499305322, 29, 0, 1
5663, 499310985, 14, 0, 1
6138, 499317123, 16, 0, 1
5644, 499322767, 21, 0, 1
11772, 499334539, 31, 0, 1
6116, 499340655, 18, 1, 1
7032, 499347687, 74, 30, 1
5639, 499353326, 21, 0, 1
11812, 499365138, 27, 0, 1
5658, 499370796, 11, 0, 1
6138, 499376934, 17, 0, 1
5657, 499382591, 17, 0, 1
11833, 499394424, 36, 0, 1
5646, 499400070, 20, 0, 1
6132, 499406202, 14, 0, 1
5652, 499411854, 13, 0, 1
11805, 499423659, 26, 0, 1
5669, 499429328, 17, 0, 1
6164, 499435492, 18, 0, 1
6110, 499441602, 16, 0, 1
11796, 499453398, 26, 0, 1
5658, 499459056, 11, 0, 1
6138, 499465194, 18, 0, 1
5658, 499470852, 14, 0, 1
11813, 499482665, 30, 0, 1
7034, 499489699, 30, 0, 1
6114, 499495813, 27, 0, 1
5652, 499501465, 16, 0, 1
11804, 499513269, 36, 0, 1
5646, 499518915, 20, 0, 1
6133, 499525048, 19, 0, 1
5657, 499530705, 21, 0, 1
11812, 499542517, 32, 0, 1
5657, 499548174, 15, 0, 1
6126, 499554300, 23, 0, 1
5658, 499559958, 13, 0, 1
11810, 499571768, 34, 1, 1
5654, 499577422, 24, 0, 1
6151, 499583573, 17, 0, 1
6115, 499589688, 26, 0, 1
11794, 499601482, 32, 0, 1
5658, 499607140, 13, 0, 1
6138, 499613278, 18, 0, 1
6097, 499619375, 26, 0, 1
11797, 499631172, 29, 0, 1
5667, 499636839, 20, 0, 1
6137, 499642976, 22, 0, 1
5658, 499648634, 14, 1, 1
11817, 499660451, 23, 0, 1
5658, 499666109, 21, 0, 1
6144, 499672253, 28, 0, 1
5652, 499677905, 14, 0, 1
11798, 499689703, 33, 0, 1
5651, 499695354, 17, 0, 1
6130, 499701484, 23, 0, 1
6116, 499707600, 25, 0, 1
11802, 499719402, 28, 0, 1
5646, 499725048, 21, 0, 1
6123, 499731171, 29, 0, 1
6086, 499737257, 28, 0, 1
11786, 499749043, 41, 0, 1
5658, 499754701, 14, 0, 1
6131, 499760832, 25, 0, 1
5652, 499766484, 17, 0, 1
11831, 499778315, 24, 0, 1
5658, 499783973, 11, 0, 1
6138, 499790111, 17, 0, 1
5658, 499795769, 13, 0, 1
11812, 499807581, 29, 0, 1
5646, 499813227, 16, 0, 1
6158, 499819385, 22, 0, 1
5652, 499825037, 17, 0, 1
11818, 499836855, 28, 0, 1
5657, 499842512, 18, 0, 1
6129, 499848641, 33, 0, 1
5658, 499854299, 18, 0, 1
13204, 499867503, 55, 0, 1
5658, 499873161, 19, 0, 1
6138, 499879299, 19, 0, 1
5658, 499884957, 19, 0, 1
11818, 499896775, 29, 0, 1
5658, 499902433, 11, 0, 1
6151, 499908584, 17, 0, 1
5631, 499914215, 22, 0, 1
11816, 499926031, 28, 0, 1
5652, 499931683, 25, 0, 1
6120, 499937803, 19, 0, 1
5658, 499943461, 18, 0, 1
11830, 499955291, 26, 0, 1
5658, 499960949, 15, 0, 1
6135, 499967084, 31, 0, 1
5628, 499972712, 19, 0, 1
11822, 499984534, 42, 0, 1
5656, 499990190, 25, 0, 1
6114, 499996304, 17, 0, 1
5652, 500001956, 20, 0, 1
11831, 500013787, 28, 0, 1
5658, 500019445, 11, 0, 1
6138, 500025583, 16, 0, 1
6090, 500031673, 41, 5, 1
11778, 500043451, 28, 0, 1
6129, 500049580, 15, 0, 1
6116, 500055696, 29, 0, 1
5645, 500061341, 20, 0, 1
11818, 500073159, 24, 0, 1
5658, 500078817, 19, 0, 1
6126, 500084943, 25, 0, 1
5639, 500090582, 14, 0, 1
11831, 500102413, 21, 0, 1
5657, 500108070, 16, 0, 1
6131, 500114201, 24, 0, 1
5632, 500119833, 19, 0, 1
11812, 500131645, 19, 0, 1
5658, 500137303, 12, 0, 1
6115, 500143418, 25, 0, 1
11272, 500154690, 28, 0, 1
6160, 500160850, 16, 0, 1
5658, 500166508, 17, 0, 1
6125, 500172633, 26, 0, 1
11315, 500183948, 25, 0, 1
6180, 500190128, 27, 0, 1
5658, 500195786, 14, 1, 1
6138, 500201924, 19, 0, 1
11303, 500213227, 29, 0, 1
6153, 500219380, 19, 0, 1
5640, 500225020, 18, 0, 1
6132, 500231152, 19, 0, 1
12687, 500243839, 44, 0, 1
6171, 500250010, 24, 0, 1
5657, 500255667, 21, 0, 1
6132, 500261799, 23, 0, 1
11320, 500273119, 34, 0, 1
6154, 500279273, 19, 0, 1
5637, 500284910, 26, 0, 1
6139, 500291049, 23, 0, 1
11315, 500302364, 21, 0, 1
6160, 500308524, 17, 0, 1
5658, 500314182, 12, 0, 1
6138, 500320320, 16, 0, 1
11316, 500331636, 16, 0, 1
6173, 500337809, 16, 0, 1
5658, 500343467, 11, 0, 1
6138, 500349605, 19, 0, 1
11316, 500360921, 18, 0, 1
6160, 500367081, 19, 0, 1
5645, 500372726, 19, 0, 1
6138, 500378864, 21, 0, 1
11280, 500390144, 28, 0, 1
6154, 500396298, 18, 0, 1
5651, 500401949, 20, 0, 1
6132, 500408081, 20, 0, 1
11316, 500419397, 24, 0, 1
6173, 500425570, 18, 0, 1
5658, 500431228, 13, 0, 1
6126, 500437354, 24, 0, 1
11290, 500448644, 28, 0, 1
6152, 500454796, 19, 0, 1
5658, 500460454, 18, 0, 1
6131, 500466585, 24, 0, 1
11309, 500477894, 29, 0, 1
6173, 500484067, 18, 0, 1
5657, 500489724, 21, 0, 1
6125, 500495849, 23, 0, 1
11309, 500507158, 27, 0, 1
6153, 500513311, 18, 0, 1
5658, 500518969, 20, 0, 1
6151, 500525120, 19, 0, 1
11313, 500536433, 31, 0, 1
6160, 500542593, 17, 0, 1
5658, 500548251, 12, 0, 1
6138, 500554389, 18, 0, 1
11316, 500565705, 17, 0, 1
6199, 500571904, 18, 0, 1
5658, 500577562, 13, 0, 1
6138, 500583700, 19, 0, 1
11310, 500595010, 22, 0, 1
6136, 500601146, 23, 0, 1
5657, 500606803, 25, 0, 1
6151, 500612954, 18, 0, 1
12693, 500625647, 31, 0, 1
6160, 500631807, 14, 0, 1
5658, 500637465, 13, 0, 1
6138, 500643603, 18, 0, 1
11315, 500654918, 32, 0, 1
14986, 500669904, 447, 348, 1
5664, 500675568, 28, 1, 1
6138, 500681706, 18, 0, 1
11321, 500693027, 24, 0, 1
6160, 500699187, 21, 0, 1
5658, 500704845, 13, 0, 1
6138, 500710983, 18, 0, 1
11316, 500722299, 17, 0, 1
6173, 500728472, 16, 0, 1
5658, 500734130, 13, 0, 1
6138, 500740268, 16, 0, 1
11316, 500751584, 16, 0, 1
6160, 500757744, 16, 0, 1
5658, 500763402, 13, 0, 1
6151, 500769553, 16, 0, 1
11315, 500780868, 21, 0, 1
6154, 500787022, 20, 0, 1
5658, 500792680, 20, 0, 1
6134, 500798814, 27, 0, 1
11303, 500810117, 39, 0, 1
6173, 500816290, 17, 0, 1
5658, 500821948, 14, 0, 1
6138, 500828086, 17, 0, 1
11298, 500839384, 33, 0, 1
6160, 500845544, 14, 0, 1
5663, 500851207, 15, 0, 1
6115, 500857322, 23, 0, 1
11330, 500868652, 32, 0, 1
6154, 500874806, 17, 0, 1
5657, 500880463, 17, 0, 1
137418, 501017881, 4862, 2569, 1
771717, 501789598, 10690, 2759, 9
7110, 501796708, 92, 8, 1
11910, 501808618, 432, 187, 1
6690, 501815308, 47, 6, 1
13133, 501828441, 68, 15, 1
7982, 501836423, 153, 49, 1
6624, 501843047, 32, 2, 1
6642, 501849689, 31, 0, 1
39897, 39897, 3371, 341, 1
4525322, 4565219, 84389, 7994, 15
12854529, 17419748, 49101, 15297, 20
18569164, 35988912, 17795, 6026, 2
18713281, 54702193, 20884, 6176, 2
18854592, 73556785, 18762, 6154, 2
19181850, 92738635, 19482, 6228, 2
19044845, 111783480, 18834, 6257, 2
19115976, 130899456, 19117, 6426, 2
19112103, 150011559, 19356, 6391, 2
19362938, 169374497, 20191, 6216, 2
19080295, 188454792, 19839, 6692, 2
19249902, 207704694, 19284, 6197, 2
19213739, 226918433, 19370, 6190, 2
19156212, 246074645, 20101, 6437, 2
18320207, 264394852, 24927, 7108, 2
18819918, 283214770, 19906, 7510, 2
18888494, 302103264, 19445, 7104, 2
18915211, 321018475, 20355, 7391, 2
18952262, 339970737, 19659, 7406, 2
19088605, 359059342, 19642, 7066, 2
19051955, 378111297, 20201, 6814, 2
19026369, 397137666, 20443, 7100, 2
19070820, 416208486, 19953, 7343, 2
18987080, 435195566, 20213, 7362, 2
19131247, 454326813, 19735, 6853, 2
19048531, 473375344, 20910, 6850, 2
16129940, 489505284, 32572, 6858, 10
6280570, 495785854, 12400, 1060, 6
6156, 495792010, 407, 43, 1
11790, 495803800, 49, 1, 1
5652, 495809452, 16, 0, 1
5658, 495815110, 12, 0, 1
6129, 495821239, 30, 1, 1
11832, 495833071, 31, 0, 1
5646, 495838717, 33, 0, 1
5649, 495844366, 27, 0, 1
6128, 495850494, 38, 2, 1
11788, 495862282, 43, 2, 1
5646, 495867928, 19, 0, 1
5656, 495873584, 24, 0, 1
6173, 495879757, 24, 1, 1
11787, 495891544, 38, 1, 1
5652, 495897196, 23, 2, 1
5643, 495902839, 21, 0, 1
6160, 495908999, 20, 1, 1
11795, 495920794, 35, 0, 1
5655, 495926449, 22, 0, 1
5660, 495932109, 30, 0, 1
6173, 495938282, 19, 1, 1
11787, 495950069, 33, 1, 1
5672, 495955741, 36, 1, 1
5658, 495961399, 10, 0, 1
6148, 495967547, 22, 0, 1
11788, 495979335, 41, 0, 1
5658, 495984993, 15, 3, 1
5658, 495990651, 10, 0, 1
6153, 495996804, 33, 0, 1
11784, 496008588, 28, 0, 1
5646, 496014234, 16, 0, 1
5663, 496019897, 27, 0, 1
6173, 496026070, 16, 0, 1
11790, 496037860, 40, 1, 1
5658, 496043518, 11, 1, 1
5646, 496049164, 15, 0, 1
6159, 496055323, 30, 0, 1
11807, 496067130, 38, 0, 1
5663, 496072793, 29, 1, 1
5652, 496078445, 17, 0, 1
6142, 496084587, 33, 1, 1
11778, 496096365, 29, 0, 1
5658, 496102023, 12, 0, 1
5658, 496107681, 11, 0, 1
6173, 496113854, 18, 0, 1
11772, 496125626, 32, 0, 1
5627, 496131253, 35, 1, 1
5638, 496136891, 27, 0, 1
7515, 496144406, 130, 76, 1
12241, 496156647, 68, 15, 1
6129, 496162776, 60, 11, 1
5654, 496168430, 41, 0, 1
6101, 496174531, 33, 1, 1
12219, 496186750, 42, 0, 1
5644, 496192394, 31, 1, 1
5657, 496198051, 21, 0, 1
6160, 496204211, 18, 0, 1
11811, 496216022, 47, 9, 1
5625, 496221647, 41, 2, 1
5648, 496227295, 29, 0, 1
6160, 496233455, 39, 6, 1
11784, 496245239, 50, 0, 1
5654, 496250893, 48, 0, 1
5648, 496256541, 29, 0, 1
15271, 496271812, 680, 594, 1
11784, 496283596, 83, 12, 1
5658, 496289254, 23, 6, 1
5658, 496294912, 10, 0, 1
6154, 496301066, 39, 0, 1
11809, 496312875, 50, 0, 1
5638, 496318513, 75, 14, 1
5658, 496324171, 12, 0, 1
6160, 496330331, 43, 0, 1
11795, 496342126, 58, 0, 1
5658, 496347784, 58, 42, 1
5658, 496353442, 12, 0, 1
11828, 496365270, 59, 0, 1
6658, 496371928, 69, 8, 1
6333, 496378261, 78, 55, 1
5648, 496383909, 19, 0, 1
12994, 496396903, 40, 3, 1
6587, 496403490, 40, 0, 1
6108, 496409598, 30, 0, 1
6105, 496415703, 32, 0, 1
12214, 496427917, 41, 0, 1
6116, 496434033, 16, 0, 1
6097, 496440130, 34, 0, 1
6104, 496446234, 22, 0, 1
12245, 496458479, 56, 2, 1
6113, 496464592, 23, 0, 1
6116, 496470708, 17, 0, 1
6122, 496476830, 23, 0, 1
12220, 496489050, 37, 0, 1
6096, 496495146, 27, 0, 1
6104, 496501250, 29, 0, 1
6129, 496507379, 17, 0, 1
12232, 496519611, 31, 0, 1
6110, 496525721, 25, 0, 1
6117, 496531838, 34, 0, 1
7493, 496539331, 44, 12, 1
12241, 496551572, 44, 0, 1
6125, 496557697, 22, 0, 1
6113, 496563810, 25, 0, 1
6109, 496569919, 29, 1, 1
12232, 496582151, 36, 0, 1
6117, 496588268, 17, 0, 1
6097, 496594365, 27, 0, 1
5657, 496600022, 16, 2, 1
12280, 496612302, 42, 0, 1
6116, 496618418, 19, 0, 1
6110, 496624528, 27, 0, 1
5645, 496630173, 18, 0, 1
11796, 496641969, 27, 0, 1
6138, 496648107, 18, 0, 1
5658, 496653765, 12, 0, 1
5658, 496659423, 14, 0, 1
11816, 496671239, 40, 0, 1
6126, 496677365, 22, 0, 1
5658, 496683023, 10, 0, 1
5658, 496688681, 14, 0, 1
11808, 496700489, 45, 0, 1
6152, 496706641, 33, 0, 1
5651, 496712292, 21, 0, 1
5658, 496717950, 19, 0, 1
11794, 496729744, 30, 0, 1
6138, 496735882, 17, 0, 1
5658, 496741540, 12, 0, 1
5658, 496747198, 12, 0, 1
11831, 496759029, 20, 0, 1
6138, 496765167, 15, 0, 1
5648, 496770815, 23, 0, 1
5657, 496776472, 19, 0, 1
11814, 496788286, 31, 0, 1
6139, 496794425, 18, 0, 1
5646, 496800071, 15, 0, 1
5658, 496805729, 14, 0, 1
11817, 496817546, 29, 0, 1
6138, 496823684, 15, 0, 1
5631, 496829315, 21, 0, 1
5658, 496834973, 16, 0, 1
11816, 496846789, 42, 0, 1
6138, 496852927, 14, 0, 1
5649, 496858576, 24, 0, 1
5658, 496864234, 18, 0, 1
11804, 496876038, 28, 0, 1
6138, 496882176, 16, 0, 1
5640, 496887816, 16, 0, 1
5658, 496893474, 11, 0, 1
11791, 496905265, 37, 0, 1
6138, 496911403, 16, 0, 1
7003, 496918406, 39, 0, 1
5658, 496924064, 10, 0, 1
11815, 496935879, 54, 0, 1
6151, 496942030, 17, 0, 1
6116, 496948146, 17, 0, 1
5652, 496953798, 16, 0, 1
11789, 496965587, 32, 0, 1
6138, 496971725, 14, 0, 1
5658, 496977383, 11, 0, 1
5646, 496983029, 18, 0, 1
11796, 496994825, 26, 0, 1
6132, 497000957, 18, 0, 1
5638, 497006595, 21, 0, 1
5656, 497012251, 29, 0, 1
11818, 497024069, 30, 1, 1
6126, 497030195, 19, 0, 1
6115, 497036310, 33, 0, 1
5652, 497041962, 16, 0, 1
11796, 497053758, 21, 0, 1
6138, 497059896, 18, 0, 1
6116, 497066012, 19, 0, 1
5657, 497071669, 19, 0, 1
11811, 497083480, 44, 0, 1
6138, 497089618, 16, 0, 1
6114, 497095732, 31, 0, 1
5658, 497101390, 11, 0, 1
11790, 497113180, 25, 1, 1
6138, 497119318, 15, 0, 1
6123, 497125441, 20, 0, 1
5652, 497131093, 15, 0, 1
11792, 497142885, 32, 0, 1
6138, 497149023, 23, 0, 1
6110, 497155133, 23, 1, 1
5658, 497160791, 13, 0, 1
11790, 497172581, 33, 0, 1
6151, 497178732, 17, 0, 1
6111, 497184843, 31, 0, 1
5657, 497190500, 21, 0, 1
11796, 497202296, 25, 0, 1
6120, 497208416, 28, 0, 1
5621, 497214037, 22, 0, 1
5646, 497219683, 13, 0, 1
11825, 497231508, 26, 0, 1
6130, 497237638, 29, 0, 1
5658, 497243296, 12, 0, 1
5658, 497248954, 15, 0, 1
11800, 497260754, 37, 0, 1
6151, 497266905, 15, 0, 1
5657, 497272562, 28, 1, 1
5658, 497278220, 11, 0, 1
11816, 497290036, 39, 0, 1
7515, 497297551, 33, 0, 1
5655, 497303206, 25, 0, 1
5645, 497308851, 17, 0, 1
11831, 497320682, 31, 0, 1
6145, 497326827, 15, 0, 1
5658, 497332485, 14, 0, 1
5658, 497338143, 14, 0, 1
11799, 497349942, 33, 2, 1
6138, 497356080, 15, 0, 1
5658, 497361738, 14, 0, 1
5658, 497367396, 12, 0, 1
11800, 497379196, 31, 0, 1
6138, 497385334, 16, 0, 1
5657, 497390991, 21, 0, 1
5658, 497396649, 13, 0, 1
12289, 497408938, 30, 0, 1
6098, 497415036, 20, 0, 1
5622, 497420658, 21, 0, 1
5652, 497426310, 17, 0, 1
11812, 497438122, 30, 0, 1
6138, 497444260, 17, 0, 1
5658, 497449918, 15, 0, 1
5652, 497455570, 16, 0, 1
11830, 497467400, 32, 0, 1
6138, 497473538, 16, 0, 1
5661, 497479199, 31, 0, 1
5643, 497484842, 20, 0, 1
11818, 497496660, 22, 0, 1
6151, 497502811, 17, 0, 1
5658, 497508469, 13, 0, 1
5658, 497514127, 13, 0, 1
11798, 497525925, 36, 0, 1
6138, 497532063, 14, 0, 1
5638, 497537701, 22, 0, 1
5651, 497543352, 17, 0, 1
11846, 497555198, 42, 0, 1
6138, 497561336, 17, 0, 1
5646, 497566982, 16, 0, 1
5658, 497572640, 14, 0, 1
11812, 497584452, 26, 0, 1
6138, 497590590, 16, 0, 1
5646, 497596236, 16, 0, 1
5658, 497601894, 12, 1, 1
11813, 497613707, 27, 0, 1
6138, 497619845, 14, 0, 1
5658, 497625503, 24, 0, 1
5658, 497631161, 12, 0, 1
11813, 497642974, 46, 0, 1
6151, 497649125, 16, 0, 1
5670, 497654795, 33, 1, 1
5650, 497660445, 19, 0, 1
13195, 497673640, 66, 0, 1
6138, 497679778, 14, 0, 1
5654, 497685432, 32, 0, 1
5657, 497691089, 18, 0, 1
11821, 497702910, 35, 0, 1
6132, 497709042, 23, 0, 1
5658, 497714700, 13, 0, 1
5658, 497720358, 14, 0, 1
11800, 497732158, 30, 0, 1
6164, 497738322, 16, 0, 1
5658, 497743980, 12, 0, 1
5658, 497749638, 13, 0, 1
11805, 497761443, 45, 0, 1
6138, 497767581, 17, 0, 1
5651, 497773232, 19, 0, 1
5658, 497778890, 12, 0, 1
11799, 497790689, 37, 0, 1
6138, 497796827, 16, 0, 1
5637, 497802464, 23, 0, 1
5658, 497808122, 11, 0, 1
11818, 497819940, 21, 0, 1
6132, 497826072, 21, 0, 1
5642, 497831714, 26, 0, 1
5658, 497837372, 8, 0, 1
11829, 497849201, 39, 0, 1
6138, 497855339, 18, 0, 1
5658, 497860997, 11, 1, 1
5659, 497866656, 30, 0, 1
12253, 497878909, 33, 1, 1
6151, 497885060, 16, 0, 1
5628, 497890688, 21, 0, 1
5658, 497896346, 12, 0, 1
11793, 497908139, 35, 0, 1
6138, 497914277, 15, 0, 1
5645, 497919922, 19, 0, 1
5658, 497925580, 11, 0, 1
11831, 497937411, 21, 0, 1
6126, 497943537, 19, 0, 1
5641, 497949178, 25, 0, 1
5657, 497954835, 21, 0, 1
11806, 497966641, 38, 0, 1
6151, 497972792, 16, 0, 1
5638, 497978430, 23, 0, 1
5657, 497984087, 16, 0, 1
11816, 497995903, 44, 0, 1
6138, 498002041, 15, 0, 1
5637, 498007678, 24, 0, 1
5658, 498013336, 11, 0, 1
11812, 498025148, 34, 1, 1
6134, 498031282, 30, 0, 1
5658, 498036940, 14, 0, 1
5658, 498042598, 12, 0, 1
13193, 498055791, 45, 0, 1
6145, 498061936, 13, 0, 1
5650, 498067586, 19, 0, 1
5652, 498073238, 14, 0, 1
11831, 498085069, 33, 0, 1
6138, 498091207, 18, 0, 1
5639, 498096846, 19, 0, 1
5658, 498102504, 12, 0, 1
11799, 498114303, 34, 0, 1
6164, 498120467, 16, 0, 1
5652, 498126119, 19, 0, 1
5657, 498131776, 20, 0, 1
11798, 498143574, 40, 0, 1
6126, 498149700, 23, 0, 1
5648, 498155348, 25, 0, 1
5642, 498160990, 23, 0, 1
11831, 498172821, 36, 0, 1
6138, 498178959, 17, 0, 1
5645, 498184604, 17, 0, 1
5658, 498190262, 11, 0, 1
11786, 498202048, 32, 0, 1
6151, 498208199, 16, 0, 1
5646, 498213845, 27, 0, 1
5657, 498219502, 19, 0, 1
1112879, 499332381, 15828, 5340, 9
6435, 499338816, 89, 13, 1
6688, 499345504, 51, 1, 1
5653, 499351157, 37, 12, 1
21634, 499372791, 509, 117, 1
6438, 499379229, 46, 16, 1
6668, 499385897, 39, 2, 1
8759, 499394656, 174, 64, 1
12983, 499407639, 68, 13, 1
3884288, 3884288, 77124, 6884, 15
11355527, 15239815, 58318, 17077, 20
18967001, 34206816, 18214, 6402, 2
8284786, 42491602, 10681, 2892, 6
16905208, 59396810, 20273, 5889, 2
19180447, 78577257, 19519, 6608, 2
18132815, 96710072, 25021, 8925, 10
18723327, 115433399, 19922, 6302, 2
18552518, 133985917, 20850, 6587, 2
19038334, 153024251, 20453, 6951, 2
19231468, 172255719, 21970, 6780, 2
19275433, 191531152, 20430, 6200, 2
19185925, 210717077, 20483, 6465, 2
19331771, 230048848, 19853, 6164, 2
18442854, 248491702, 20257, 6553, 2
18594391, 267086093, 24643, 6483, 2
18447363, 285533456, 20231, 6036, 2
19227475, 304760931, 19268, 6245, 2
19254514, 324015445, 19041, 6181, 2
19205760, 343221205, 19506, 6488, 2
19272689, 362493894, 19616, 6260, 2
19305567, 381799461, 19318, 6294, 2
19270833, 401070294, 19588, 6168, 2
19352266, 420422560, 19115, 6247, 2
19327491, 439750051, 19910, 6355, 2
19280749, 459030800, 19371, 6189, 2
19199638, 478230438, 19753, 6639, 2
14724753, 492955191, 31279, 5832, 10
5370158, 498325349, 11144, 1079, 6
5652, 498331001, 50, 4, 1
6109, 498337110, 32, 2, 1
5658, 498342768, 15, 1, 1
11790, 498354558, 30, 0, 1
5658, 498360216, 16, 1, 1
7512, 498367728, 106, 28, 1
5646, 498373374, 16, 0, 1
11809, 498385183, 32, 1, 1
5658, 498390841, 9, 1, 1
6171, 498397012, 31, 0, 1
5642, 498402654, 26, 0, 1
11775, 498414429, 57, 1, 1
5658, 498420087, 10, 0, 1
6146, 498426233, 27, 0, 1
5640, 498431873, 29, 0, 1
11758, 498443631, 37, 1, 1
5666, 498449297, 27, 0, 1
6157, 498455454, 29, 1, 1
5658, 498461112, 10, 1, 1
11758, 498472870, 36, 0, 1
5658, 498478528, 11, 0, 1
15280, 498493808, 462, 294, 1
5658, 498499466, 36, 0, 1
11765, 498511231, 41, 0, 1
5652, 498516883, 13, 0, 1
6160, 498523043, 16, 0, 1
5658, 498528701, 13, 0, 1
11803, 498540504, 50, 7, 1
5658, 498546162, 10, 0, 1
6154, 498552316, 26, 2, 1
5658, 498557974, 12, 0, 1
11755, 498569729, 55, 2, 1
5658, 498575387, 12, 0, 1
6186, 498581573, 19, 1, 1
5645, 498587218, 21, 0, 1
11752, 498598970, 43, 0, 1
5657, 498604627, 20, 0, 1
6136, 498610763, 26, 0, 1
5652, 498616415, 19, 0, 1
11803, 498628218, 32, 0, 1
5662, 498633880, 25, 0, 1
6160, 498640040, 18, 0, 1
5640, 498645680, 21, 0, 1
11796, 498657476, 31, 0, 1
5658, 498663134, 14, 0, 1
6158, 498669292, 27, 0, 1
5651, 498674943, 33, 1, 1
12230, 498687173, 78, 2, 1
5643, 498692816, 47, 7, 1
6138, 498698954, 76, 13, 1
5658, 498704612, 24, 13, 1
12260, 498716872, 53, 3, 1
5634, 498722506, 30, 2, 1
6131, 498728637, 35, 0, 1
5655, 498734292, 25, 0, 1
11790, 498746082, 39, 7, 1
7029, 498753111, 47, 24, 1
6160, 498759271, 52, 2, 1
5652, 498764923, 31, 12, 1
11808, 498776731, 56, 24, 1
5658, 498782389, 18, 0, 1
6160, 498788549, 20, 2, 1
5646, 498794195, 28, 0, 1
11772, 498805967, 48, 5, 1
5658, 498811625, 14, 1, 1
6149, 498817774, 27, 0, 1
5658, 498823432, 17, 2, 1
11791, 498835223, 77, 35, 1
5643, 498840866, 27, 0, 1
6160, 498847026, 26, 0, 1
5657, 498852683, 29, 4, 1
11810, 498864493, 79, 17, 1
5658, 498870151, 14, 0, 1
6153, 498876304, 42, 1, 1
5658, 498881962, 19, 4, 1
12254, 498894216, 40, 2, 1
5645, 498899861, 16, 0, 1
6678, 498906539, 89, 7, 1
6326, 498912865, 66, 17, 1
13240, 498926105, 60, 1, 1
6567, 498932672, 30, 0, 1
6124, 498938796, 40, 0, 1
6110, 498944906, 22, 0, 1
12251, 498957157, 43, 0, 1
6120, 498963277, 28, 0, 1
6115, 498969392, 24, 0, 1
6115, 498975507, 33, 0, 1
12219, 498987726, 51, 1, 1
6116, 498993842, 26, 0, 1
6116, 498999958, 20, 0, 1
6129, 499006087, 23, 0, 1
12216, 499018303, 45, 1, 1
6098, 499024401, 25, 0, 1
6089, 499030490, 29, 0, 1
6116, 499036606, 19, 0, 1
12232, 499048838, 37, 0, 1
6128, 499054966, 20, 0, 1
6101, 499061067, 31, 0, 1
6116, 499067183, 18, 0, 1
12205, 499079388, 42, 0, 1
6122, 499085510, 34, 0, 1
6108, 499091618, 34, 0, 1
6109, 499097727, 28, 0, 1
12215, 499109942, 36, 0, 1
6104, 499116046, 27, 0, 1
6103, 499122149, 20, 0, 1
6116, 499128265, 21, 0, 1
13596, 499141861, 58, 8, 1
5658, 499147519, 14, 2, 1
6151, 499153670, 28, 0, 1
5652, 499159322, 19, 0, 1
12253, 499171575, 28, 0, 1
5656, 499177231, 31, 0, 1
6119, 499183350, 28, 0, 1
5657, 499189007, 21, 0, 1
11790, 499200797, 28, 0, 1
5658, 499206455, 11, 0, 1
6157, 499212612, 29, 0, 1
5658, 499218270, 16, 0, 1
11795, 499230065, 26, 0, 1
5658, 499235723, 11, 0, 1
6160, 499241883, 16, 0, 1
5644, 499247527, 20, 1, 1
19996, 499267523, 404, 136, 1
5651, 499273174, 19, 0, 1
6130, 499279304, 23, 0, 1
5667, 499284971, 31, 0, 1
11795, 499296766, 24, 0, 1
5633, 499302399, 23, 0, 1
6173, 499308572, 16, 0, 1
5652, 499314224, 19, 0, 1
12254, 499326478, 32, 0, 1
5652, 499332130, 16, 0, 1
6132, 499338262, 29, 0, 1
5652, 499343914, 16, 0, 1
11818, 499355732, 39, 0, 1
5652, 499361384, 19, 0, 1
6136, 499367520, 23, 0, 1
5658, 499373178, 17, 0, 1
11795, 499384973, 22, 0, 1
5640, 499390613, 16, 0, 1
6154, 499396767, 27, 0, 1
5652, 499402419, 15, 0, 1
11742, 499414161, 38, 0, 1
5657, 499419818, 25, 0, 1
6159, 499425977, 17, 0, 1
5652, 499431629, 17, 0, 1
11796, 499443425, 17, 0, 1
5657, 499449082, 18, 0, 1
6173, 499455255, 19, 0, 1
5658, 499460913, 12, 0, 1
11790, 499472703, 28, 0, 1
5658, 499478361, 8, 0, 1
6148, 499484509, 22, 0, 1
11809, 499496318, 22, 0, 1
6116, 499502434, 23, 0, 1
5655, 499508089, 29, 0, 1
6132, 499514221, 42, 1, 1
14252, 499528473, 81, 3, 1
6650, 499535123, 30, 0, 1
8372, 499543495, 228, 32, 1
6577, 499550072, 38, 0, 1
11773, 499561845, 51, 0, 1
5649, 499567494, 14, 0, 1
5652, 499573146, 22, 0, 1
6160, 499579306, 15, 0, 1
11817, 499591123, 55, 0, 1
5658, 499596781, 12, 0, 1
5658, 499602439, 12, 0, 1
6148, 499608587, 22, 0, 1
11774, 499620361, 47, 0, 1
6091, 499626452, 27, 0, 1
5632, 499632084, 21, 0, 1
6138, 499638222, 20, 0, 1
11784, 499650006, 29, 0, 1
6116, 499656122, 22, 0, 1
5656, 499661778, 19, 0, 1
6138, 499667916, 18, 0, 1
11790, 499679706, 35, 0, 1
5652, 499685358, 16, 1, 1
5656, 499691014, 16, 0, 1
6161, 499697175, 23, 0, 1
11768, 499708943, 39, 0, 1
5658, 499714601, 8, 0, 1
5651, 499720252, 20, 0, 1
6160, 499726412, 17, 0, 1
11822, 499738234, 21, 0, 1
5639, 499743873, 16, 0, 1
5657, 499749530, 20, 0, 1
6160, 499755690, 19, 0, 1
11788, 499767478, 45, 0, 1
5658, 499773136, 12, 0, 1
5658, 499778794, 12, 0, 1
6173, 499784967, 18, 0, 1
11796, 499796763, 25, 0, 1
5627, 499802390, 22, 0, 1
5669, 499808059, 29, 0, 1
6160, 499814219, 15, 0, 1
11809, 499826028, 22, 0, 1
5651, 499831679, 17, 2, 1
5652, 499837331, 14, 0, 1
6158, 499843489, 19, 0, 1
11776, 499855265, 46, 1, 1
5631, 499860896, 23, 0, 1
5646, 499866542, 14, 0, 1
6161, 499872703, 24, 0, 1
11798, 499884501, 50, 0, 1
5658, 499890159, 8, 0, 1
5657, 499895816, 19, 0, 1
6140, 499901956, 22, 0, 1
13161, 499915117, 42, 3, 1
5653, 499920770, 17, 1, 1
5658, 499926428, 13, 0, 1
6145, 499932573, 25, 0, 1
11783, 499944356, 30, 0, 1
6115, 499950471, 19, 0, 1
5627, 499956098, 25, 0, 1
6136, 499962234, 24, 0, 1
11809, 499974043, 25, 0, 1
5650, 499979693, 20, 0, 1
5644, 499985337, 19, 0, 1
6160, 499991497, 19, 0, 1
11793, 500003290, 48, 0, 1
5658, 500008948, 11, 0, 1
5658, 500014606, 11, 0, 1
6173, 500020779, 14, 0, 1
11777, 500032556, 37, 0, 1
5620, 500038176, 22, 0, 1
5662, 500043838, 25, 0, 1
6154, 500049992, 20, 0, 1
11778, 500061770, 39, 0, 1
5646, 500067416, 22, 4, 1
5658, 500073074, 10, 0, 1
6136, 500079210, 20, 0, 1
11769, 500090979, 44, 0, 1
5658, 500096637, 12, 0, 1
5658, 500102295, 9, 0, 1
6181, 500108476, 20, 0, 1
11799, 500120275, 47, 0, 1
5658, 500125933, 12, 0, 1
5658, 500131591, 27, 0, 1
6141, 500137732, 22, 0, 1
11778, 500149510, 24, 0, 1
5646, 500155156, 18, 0, 1
5658, 500160814, 12, 0, 1
6141, 500166955, 25, 0, 1
11778, 500178733, 28, 0, 1
5650, 500184383, 29, 3, 1
5658, 500190041, 9, 0, 1
6167, 500196208, 27, 0, 1
11809, 500208017, 25, 0, 1
5621, 500213638, 21, 0, 1
5658, 500219296, 17, 0, 1
6142, 500225438, 19, 0, 1
11751, 500237189, 35, 0, 1
5658, 500242847, 13, 0, 1
5658, 500248505, 11, 0, 1
6173, 500254678, 15, 0, 1
11783, 500266461, 47, 0, 1
5634, 500272095, 22, 0, 1
5657, 500277752, 32, 0, 1
7537, 500285289, 31, 0, 1
11773, 500297062, 32, 0, 1
5625, 500302687, 16, 0, 1
5652, 500308339, 13, 0, 1
6112, 500314451, 21, 0, 1
11801, 500326252, 43, 0, 1
5610, 500331862, 19, 0, 1
5652, 500337514, 16, 0, 1
6173, 500343687, 14, 0, 1
11786, 500355473, 42, 0, 1
5658, 500361131, 9, 0, 1
5652, 500366783, 14, 0, 1
6130, 500372913, 20, 0, 1
11796, 500384709, 22, 0, 1
5643, 500390352, 25, 0, 1
5658, 500396010, 11, 0, 1
6173, 500402183, 15, 0, 1
11771, 500413954, 39, 0, 1
5658, 500419612, 11, 0, 1
5658, 500425270, 10, 0, 1
6148, 500431418, 29, 0, 1
11771, 500443189, 37, 0, 1
5658, 500448847, 16, 0, 1
5658, 500454505, 9, 0, 1
6160, 500460665, 15, 0, 1
11782, 500472447, 41, 0, 1
5658, 500478105, 10, 0, 1
5657, 500483762, 19, 0, 1
6168, 500489930, 20, 0, 1
11783, 500501713, 28, 0, 1
5658, 500507371, 9, 0, 1
5645, 500513016, 19, 0, 1
6154, 500519170, 23, 0, 1
11782, 500530952, 39, 0, 1
5640, 500536592, 15, 0, 1
5647, 500542239, 25, 0, 1
6138, 500548377, 25, 0, 1
11695, 500560072, 51, 0, 1
5657, 500565729, 19, 1, 1
5658, 500571387, 10, 0, 1
6161, 500577548, 26, 0, 1
11794, 500589342, 46, 0, 1
5658, 500595000, 11, 0, 1
5658, 500600658, 11, 1, 1
6160, 500606818, 13, 0, 1
11796, 500618614, 25, 0, 1
5652, 500624266, 15, 0, 1
5658, 500629924, 12, 0, 1
6172, 500636096, 26, 0, 1
11784, 500647880, 25, 0, 1
5632, 500653512, 19, 0, 1
7034, 500660546, 34, 0, 1
6160, 500666706, 17, 0, 1
11807, 500678513, 32, 0, 1
5658, 500684171, 11, 0, 1
5652, 500689823, 14, 0, 1
6154, 500695977, 22, 0, 1
11789, 500707766, 31, 0, 1
5616, 500713382, 17, 0, 1
5658, 500719040, 10, 0, 1
6173, 500725213, 13, 0, 1
11799, 500737012, 36, 0, 1
5652, 500742664, 14, 0, 1
5658, 500748322, 10, 0, 1
6134, 500754456, 27, 0, 1
11802, 500766258, 38, 0, 1
8999, 500775257, 183, 32, 1
621160, 501396417, 11371, 4484, 9
291160, 501687577, 4428, 943, 1
13430, 501701007, 143, 8, 1
6678, 501707685, 54, 2, 1
11948, 501719633, 397, 157, 1
6678, 501726311, 48, 2, 1
13099, 501739410, 99, 18, 1
8257, 501747667, 193, 63, 1
6624, 501754291, 34, 2, 1
6101, 501760392, 39, 4, 1
4427243, 4427243, 87639, 7180, 15
13640183, 18067426, 49126, 15660, 20
19075678, 37143104, 17438, 6167, 2
18600850, 55743954, 24412, 7053, 2
19030411, 74774365, 17645, 5798, 11
19238468, 94012833, 18739, 6277, 2
19076970, 113089803, 18222, 6329, 2
17892848, 130982651, 24196, 8575, 2
18913019, 149895670, 18323, 6014, 2
19470510, 169366180, 18741, 6588, 2
19128431, 188494611, 20790, 7262, 2
19053142, 207547753, 19884, 6523, 2
19247823, 226795576, 18957, 6793, 2
19197017, 245992593, 18723, 6577, 2
17813226, 263805819, 25439, 7529, 2
18668147, 282473966, 20448, 7015, 2
18296823, 300770789, 20050, 7384, 2
19056116, 319826905, 19651, 7369, 2
19023034, 338849939, 19894, 7447, 2
18926969, 357776908, 20476, 7525, 2
18940558, 376717466, 20133, 7760, 2
19087166, 395804632, 19762, 7309, 2
19038414, 414843046, 20212, 7177, 2
18953389, 433796435, 20856, 7337, 2
19071057, 452867492, 19842, 7326, 2
19053931, 471921423, 19914, 7365, 2
17485960, 489407383, 28353, 5112, 2
6904758, 496312141, 17454, 1617, 6
6125, 496318266, 384, 56, 1
5658, 496323924, 30, 0, 1
6138, 496330062, 18, 0, 1
11788, 496341850, 42, 0, 1
5639, 496347489, 25, 0, 1
5657, 496353146, 16, 0, 1
6155, 496359301, 26, 1, 1
11771, 496371072, 25, 0, 1
5658, 496376730, 18, 6, 1
5658, 496382388, 13, 2, 1
11797, 496394185, 48, 6, 1
6125, 496400310, 26, 0, 1
5642, 496405952, 28, 0, 1
5649, 496411601, 25, 1, 1
11822, 496423423, 51, 5, 1
6130, 496429553, 25, 0, 1
5642, 496435195, 26, 0, 1
5658, 496440853, 15, 2, 1
11769, 496452622, 50, 0, 1
6138, 496458760, 20, 1, 1
5644, 496464404, 24, 0, 1
5658, 496470062, 12, 0, 1
11782, 496481844, 40, 2, 1
6151, 496487995, 15, 0, 1
5650, 496493645, 34, 1, 1
5654, 496499299, 31, 0, 1
11817, 496511116, 41, 1, 1
6126, 496517242, 24, 0, 1
5651, 496522893, 28, 4, 1
5658, 496528551, 13, 0, 1
11786, 496540337, 49, 8, 1
6129, 496546466, 24, 0, 1
5646, 496552112, 26, 4, 1
5658, 496557770, 12, 0, 1
11793, 496569563, 46, 1, 1
6138, 496575701, 14, 0, 1
5658, 496581359, 15, 0, 1
5658, 496587017, 9, 0, 1
11800, 496598817, 47, 0, 1
6138, 496604955, 18, 1, 1
5645, 496610600, 22, 0, 1
5659, 496616259, 28, 0, 1
11817, 496628076, 38, 4, 1
6158, 496634234, 23, 0, 1
5640, 496639874, 26, 1, 1
5653, 496645527, 20, 0, 1
11805, 496657332, 62, 30, 1
6138, 496663470, 18, 0, 1
6104, 496669574, 79, 10, 1
5658, 496675232, 19, 6, 1
13153, 496688385, 175, 49, 1
6138, 496694523, 21, 0, 1
6116, 496700639, 51, 1, 1
5658, 496706297, 36, 14, 1
11807, 496718104, 64, 1, 1
6145, 496724249, 22, 0, 1
5658, 496729907, 22, 9, 1
5659, 496735566, 25, 0, 1
11815, 496747381, 55, 5, 1
6138, 496753519, 24, 0, 1
5658, 496759177, 29, 15, 1
5658, 496764835, 12, 0, 1
11838, 496776673, 63, 1, 1
6138, 496782811, 16, 0, 1
5658, 496788469, 19, 5, 1
5657, 496794126, 26, 1, 1
11818, 496805944, 34, 0, 1
6138, 496812082, 20, 0, 1
5652, 496817734, 30, 8, 1
5658, 496823392, 14, 0, 1
11818, 496835210, 65, 6, 1
6131, 496841341, 29, 0, 1
5658, 496846999, 47, 26, 1
5658, 496852657, 11, 0, 1
11818, 496864475, 67, 1, 1
6138, 496870613, 25, 0, 1
6102, 496876715, 65, 0, 1
5658, 496882373, 11, 1, 1
12501, 496894874, 109, 45, 1
6624, 496901498, 26, 1, 1
6612, 496908110, 40, 0, 1
6936, 496915046, 86, 21, 1
12697, 496927743, 55, 0, 1
6116, 496933859, 20, 0, 1
6110, 496939969, 30, 0, 1
6116, 496946085, 21, 0, 1
12215, 496958300, 45, 0, 1
6092, 496964392, 23, 0, 1
6120, 496970512, 32, 0, 1
6120, 496976632, 38, 0, 1
12225, 496988857, 51, 0, 1
6115, 496994972, 31, 0, 1
6108, 497001080, 32, 0, 1
6116, 497007196, 26, 0, 1
12249, 497019445, 53, 0, 1
6116, 497025561, 16, 0, 1
6107, 497031668, 34, 0, 1
6104, 497037772, 24, 0, 1
12224, 497049996, 50, 0, 1
6080, 497056076, 26, 0, 1
6130, 497062206, 41, 0, 1
6162, 497068368, 42, 0, 1
13609, 497081977, 65, 0, 1
6089, 497088066, 33, 0, 1
6116, 497094182, 27, 0, 1
6125, 497100307, 39, 0, 1
11768, 497112075, 52, 4, 1
6133, 497118208, 30, 0, 1
6116, 497124324, 22, 0, 1
5657, 497129981, 27, 4, 1
11772, 497141753, 45, 2, 1
6139, 497147892, 18, 0, 1
6097, 497153989, 24, 0, 1
5657, 497159646, 22, 0, 1
11771, 497171417, 40, 0, 1
6124, 497177541, 29, 0, 1
5643, 497183184, 26, 0, 1
5651, 497188835, 21, 0, 1
11812, 497200647, 32, 0, 1
6151, 497206798, 17, 0, 1
5638, 497212436, 22, 0, 1
5655, 497218091, 31, 0, 1
11818, 497229909, 37, 0, 1
6138, 497236047, 21, 0, 1
5650, 497241697, 25, 0, 1
5646, 497247343, 18, 0, 1
11806, 497259149, 51, 0, 1
6126, 497265275, 27, 0, 1
5658, 497270933, 29, 0, 1
5658, 497276591, 16, 0, 1
11804, 497288395, 39, 0, 1
6120, 497294515, 20, 0, 1
5640, 497300155, 24, 2, 1
5658, 497305813, 12, 0, 1
11799, 497317612, 36, 0, 1
6131, 497323743, 19, 0, 1
5658, 497329401, 14, 0, 1
5652, 497335053, 13, 0, 1
11818, 497346871, 36, 0, 1
6151, 497353022, 15, 0, 1
5645, 497358667, 18, 1, 1
5669, 497364336, 34, 0, 1
11826, 497376162, 39, 0, 1
6138, 497382300, 18, 0, 1
5646, 497387946, 18, 0, 1
5656, 497393602, 24, 0, 1
11844, 497405446, 44, 0, 1
6138, 497411584, 16, 0, 1
5640, 497417224, 21, 0, 1
5652, 497422876, 20, 0, 1
11800, 497434676, 42, 0, 1
6151, 497440827, 17, 0, 1
5656, 497446483, 22, 0, 1
7035, 497453518, 33, 0, 1
11792, 497465310, 44, 0, 1
6125, 497471435, 24, 0, 1
5646, 497477081, 16, 0, 1
5640, 497482721, 20, 0, 1
11830, 497494551, 27, 0, 1
6130, 497500681, 35, 0, 1
5657, 497506338, 22, 1, 1
5658, 497511996, 12, 0, 1
11795, 497523791, 45, 0, 1
6120, 497529911, 24, 0, 1
5652, 497535563, 17, 0, 1
5658, 497541221, 13, 0, 1
20907, 497562128, 660, 517, 1
6131, 497568259, 36, 0, 1
5656, 497573915, 18, 0, 1
5651, 497579566, 17, 0, 1
11827, 497591393, 43, 1, 1
6151, 497597544, 20, 0, 1
6107, 497603651, 31, 1, 1
5658, 497609309, 13, 0, 1
11765, 497621074, 42, 2, 1
6138, 497627212, 23, 0, 1
5658, 497632870, 20, 0, 1
5652, 497638522, 15, 0, 1
11823, 497650345, 46, 0, 1
6135, 497656480, 28, 0, 1
5658, 497662138, 13, 0, 1
5658, 497667796, 12, 0, 1
11806, 497679602, 43, 0, 1
6151, 497685753, 20, 0, 1
5648, 497691401, 25, 0, 1
5658, 497697059, 11, 0, 1
11812, 497708871, 33, 0, 1
6123, 497714994, 30, 0, 1
5639, 497720633, 24, 0, 1
5658, 497726291, 17, 0, 1
12704, 497738995, 124, 35, 1
6138, 497745133, 21, 0, 1
5634, 497750767, 19, 0, 1
5655, 497756422, 26, 0, 1
11816, 497768238, 48, 0, 1
6138, 497774376, 16, 0, 1
5643, 497780019, 21, 0, 1
5658, 497785677, 12, 0, 1
11849, 497797526, 33, 0, 1
6130, 497803656, 26, 0, 1
5657, 497809313, 26, 0, 1
5661, 497814974, 28, 0, 1
11805, 497826779, 38, 0, 1
6151, 497832930, 16, 0, 1
7023, 497839953, 42, 2, 1
5646, 497845599, 17, 0, 1
11804, 497857403, 37, 0, 1
6132, 497863535, 19, 0, 1
5650, 497869185, 23, 1, 1
5663, 497874848, 34, 0, 1
11813, 497886661, 38, 0, 1
6149, 497892810, 37, 0, 1
5652, 497898462, 18, 0, 1
5656, 497904118, 27, 0, 1
11811, 497915929, 45, 1, 1
6151, 497922080, 19, 0, 1
6113, 497928193, 28, 0, 1
5658, 497933851, 14, 0, 1
11789, 497945640, 38, 3, 1
6138, 497951778, 15, 0, 1
5645, 497957423, 22, 0, 1
5652, 497963075, 19, 0, 1
11813, 497974888, 45, 0, 1
6131, 497981019, 22, 0, 1
5658, 497986677, 13, 0, 1
5658, 497992335, 13, 0, 1
11798, 498004133, 34, 0, 1
6120, 498010253, 18, 0, 1
5645, 498015898, 22, 0, 1
5652, 498021550, 22, 0, 1
11817, 498033367, 42, 0, 1
6132, 498039499, 20, 0, 1
5646, 498045145, 20, 0, 1
5651, 498050796, 18, 0, 1
11822, 498062618, 39, 0, 1
6139, 498068757, 19, 0, 1
5646, 498074403, 15, 0, 1
5658, 498080061, 10, 0, 1
11794, 498091855, 34, 0, 1
6132, 498097987, 23, 0, 1
5646, 498103633, 22, 1, 1
5642, 498109275, 24, 0, 1
11805, 498121080, 43, 0, 1
6138, 498127218, 15, 0, 1
5631, 498132849, 22, 0, 1
5627, 498138476, 22, 0, 1
11787, 498150263, 41, 0, 1
6164, 498156427, 15, 0, 1
5644, 498162071, 21, 0, 1
5666, 498167737, 27, 0, 1
11816, 498179553, 34, 0, 1
6138, 498185691, 14, 0, 1
5650, 498191341, 19, 0, 1
5645, 498196986, 19, 0, 1
11828, 498208814, 26, 0, 1
7515, 498216329, 36, 0, 1
5633, 498221962, 23, 1, 1
5658, 498227620, 12, 0, 1
11817, 498239437, 30, 0, 1
6138, 498245575, 14, 0, 1
5622, 498251197, 22, 2, 1
5658, 498256855, 13, 0, 1
11796, 498268651, 36, 0, 1
6145, 498274796, 15, 0, 1
5652, 498280448, 20, 0, 1
5658, 498286106, 12, 0, 1
11815, 498297921, 31, 1, 1
14345, 498312266, 280, 93, 1
5651, 498317917, 39, 7, 1
5658, 498323575, 14, 0, 1
11818, 498335393, 23, 0, 1
6138, 498341531, 18, 0, 1
5658, 498347189, 14, 0, 1
5651, 498352840, 24, 0, 1
11831, 498364671, 23, 0, 1
6138, 498370809, 19, 0, 1
5637, 498376446, 23, 0, 1
11818, 498388264, 30, 0, 1
5645, 498393909, 19, 0, 1
6150, 498400059, 23, 0, 1
5652, 498405711, 15, 0, 1
11816, 498417527, 46, 0, 1
5646, 498423173, 26, 0, 1
6140, 498429313, 41, 0, 1
5651, 498434964, 20, 0, 1
11819, 498446783, 35, 0, 1
5660, 498452443, 29, 0, 1
6130, 498458573, 26, 0, 1
5658, 498464231, 10, 0, 1
11815, 498476046, 32, 0, 1
5657, 498481703, 19, 0, 1
6120, 498487823, 18, 0, 1
5616, 498493439, 19, 0, 1
11813, 498505252, 31, 0, 1
5649, 498510901, 26, 0, 1
6137, 498517038, 29, 0, 1
5655, 498522693, 25, 0, 1
11824, 498534517, 44, 0, 1
5654, 498540171, 31, 0, 1
6151, 498546322, 18, 0, 1
5642, 498551964, 23, 0, 1
11817, 498563781, 45, 0, 1
5639, 498569420, 27, 0, 1
6125, 498575545, 28, 0, 1
5650, 498581195, 20, 0, 1
11829, 498593024, 47, 0, 1
7035, 498600059, 33, 2, 1
6138, 498606197, 18, 0, 1
5642, 498611839, 28, 0, 1
11799, 498623638, 29, 0, 1
5651, 498629289, 26, 0, 1
6158, 498635447, 18, 0, 1
5616, 498641063, 20, 0, 1
11803, 498652866, 44, 0, 1
5658, 498658524, 14, 0, 1
6137, 498664661, 26, 0, 1
5658, 498670319, 14, 0, 1
11816, 498682135, 47, 0, 1
5654, 498687789, 25, 0, 1
6138, 498693927, 15, 0, 1
5640, 498699567, 19, 1, 1
11802, 498711369, 36, 0, 1
5652, 498717021, 17, 0, 1
6138, 498723159, 19, 0, 1
5646, 498728805, 16, 0, 1
11834, 498740639, 40, 0, 1
5652, 498746291, 19, 0, 1
9477, 498755768, 169, 42, 1
869904, 499625672, 15230, 5273, 9
13104, 499638776, 97, 30, 1
6110, 499644886, 40, 2, 1
11780, 499656666, 375, 138, 1
6399, 499663065, 45, 9, 1
13401, 499676466, 71, 5, 1
8244, 499684710, 240, 48, 1
6601, 499691311, 39, 2, 1
3660470, 3660470, 72508, 6228, 14
10626800, 14287270, 60028, 16388, 13
18930342, 33217612, 18754, 6001, 2
18730907, 51948519, 21481, 6785, 2
18799256, 70747775, 17843, 6342, 2
19157415, 89905190, 18055, 6646, 2
19012379, 108917569, 18490, 6618, 2
19129879, 128047448, 19498, 6825, 2
19006743, 147054191, 19096, 7096, 2
19361766, 166415957, 18903, 6835, 2
19265080, 185681037, 18864, 6697, 2
19121236, 204802273, 19867, 6717, 2
19110727, 223913000, 19256, 7127, 2
19067016, 242980016, 19272, 7020, 2
18408989, 261389005, 24665, 7679, 2
18963480, 280352485, 20950, 7337, 2
18913210, 299265695, 19915, 7473, 2
19154900, 318420595, 20351, 7499, 2
19096130, 337516725, 20720, 7507, 2
19126413, 356643138, 20601, 7382, 2
19132385, 375775523, 20155, 7413, 2
19169596, 394945119, 20428, 7447, 2
19055847, 414000966, 20625, 7854, 2
19081998, 433082964, 20848, 7488, 2
19102383, 452185347, 20447, 7682, 2
19059613, 471244960, 20452, 7694, 2
17106822, 488351782, 28544, 8957, 10
7152666, 495504448, 19540, 2326, 6
6114, 495510562, 333, 29, 1
5651, 495516213, 32, 3, 1
6138, 495522351, 28, 0, 1
11796, 495534147, 25, 0, 1
5652, 495539799, 26, 1, 1
5621, 495545420, 26, 0, 1
6148, 495551568, 29, 0, 1
11769, 495563337, 31, 0, 1
5658, 495568995, 21, 12, 1
5646, 495574641, 10, 0, 1
11807, 495586448, 39, 0, 1
7528, 495593976, 102, 59, 1
5658, 495599634, 34, 1, 1
5657, 495605291, 23, 1, 1
11817, 495617108, 30, 3, 1
6138, 495623246, 15, 0, 1
5645, 495628891, 30, 7, 1
5658, 495634549, 11, 0, 1
11844, 495646393, 25, 1, 1
6138, 495652531, 17, 0, 1
5649, 495658180, 24, 5, 1
5650, 495663830, 24, 0, 1
11790, 495675620, 38, 0, 1
6151, 495681771, 15, 0, 1
5642, 495687413, 22, 0, 1
5657, 495693070, 17, 0, 1
11812, 495704882, 43, 0, 1
6138, 495711020, 18, 2, 1
5639, 495716659, 20, 0, 1
5658, 495722317, 14, 0, 1
11829, 495734146, 41, 2, 1
6138, 495740284, 13, 0, 1
5646, 495745930, 21, 0, 1
5653, 495751583, 29, 0, 1
11806, 495763389, 47, 0, 1
6138, 495769527, 15, 0, 1
5651, 495775178, 24, 1, 1
5648, 495780826, 24, 0, 1
11832, 495792658, 46, 1, 1
6138, 495798796, 15, 0, 1
5658, 495804454, 15, 5, 1
5651, 495810105, 20, 0, 1
11818, 495821923, 31, 2, 1
6127, 495828050, 20, 0, 1
5640, 495833690, 18, 0, 1
5634, 495839324, 16, 0, 1
11799, 495851123, 63, 23, 1
6132, 495857255, 39, 1, 1
6116, 495863371, 32, 1, 1
5625, 495868996, 40, 1, 1
13136, 495882132, 150, 79, 1
6089, 495888221, 39, 0, 1
6116, 495894337, 30, 1, 1
5658, 495899995, 11, 2, 1
11796, 495911791, 34, 7, 1
6151, 495917942, 17, 0, 1
5639, 495923581, 31, 0, 1
5658, 495929239, 9, 0, 1
11793, 495941032, 82, 1, 1
6138, 495947170, 16, 0, 1
5657, 495952827, 37, 20, 1
5655, 495958482, 20, 0, 1
13208, 495971690, 78, 46, 1
6138, 495977828, 14, 0, 1
5647, 495983475, 20, 7, 1
5658, 495989133, 13, 0, 1
11786, 496000919, 43, 5, 1
6119, 496007038, 23, 0, 1
5658, 496012696, 34, 20, 1
5664, 496018360, 15, 2, 1
11844, 496030204, 41, 4, 1
6139, 496036343, 21, 0, 1
5652, 496041995, 31, 12, 1
5666, 496047661, 31, 0, 1
11811, 496059472, 43, 7, 1
6151, 496065623, 16, 0, 1
6116, 496071739, 26, 0, 1
5658, 496077397, 13, 0, 1
12985, 496090382, 129, 35, 1
6664, 496097046, 25, 1, 1
6602, 496103648, 26, 0, 1
6592, 496110240, 23, 0, 1
12213, 496122453, 50, 0, 1
6116, 496128569, 20, 1, 1
6116, 496134685, 20, 0, 1
6115, 496140800, 23, 0, 1
12231, 496153031, 37, 0, 1
6129, 496159160, 17, 0, 1
6115, 496165275, 31, 0, 1
6109, 496171384, 25, 0, 1
12211, 496183595, 51, 0, 1
6116, 496189711, 22, 0, 1
6116, 496195827, 22, 0, 1
6104, 496201931, 26, 0, 1
12227, 496214158, 50, 0, 1
6116, 496220274, 20, 0, 1
6104, 496226378, 25, 0, 1
6097, 496232475, 26, 0, 1
12216, 496244691, 55, 0, 1
6104, 496250795, 25, 0, 1
6129, 496256924, 25, 0, 1
6116, 496263040, 21, 0, 1
12232, 496275272, 37, 0, 1
6116, 496281388, 20, 0, 1
6116, 496287504, 22, 0, 1
5646, 496293150, 19, 0, 1
12249, 496305399, 44, 0, 1
6104, 496311503, 26, 0, 1
6110, 496317613, 27, 0, 1
5646, 496323259, 16, 0, 1
11796, 496335055, 36, 0, 1
6126, 496341181, 19, 0, 1
6091, 496347272, 26, 0, 1
5658, 496352930, 13, 0, 1
13186, 496366116, 43, 2, 1
6138, 496372254, 16, 0, 1
5646, 496377900, 20, 0, 1
5658, 496383558, 15, 0, 1
11818, 496395376, 26, 0, 1
6164, 496401540, 19, 0, 1
5652, 496407192, 23, 0, 1
5658, 496412850, 20, 0, 1
11818, 496424668, 28, 2, 1
6138, 496430806, 17, 0, 1
5657, 496436463, 20, 0, 1
5652, 496442115, 15, 0, 1
11824, 496453939, 37, 0, 1
6126, 496460065, 18, 0, 1
5652, 496465717, 14, 0, 1
5657, 496471374, 19, 0, 1
11799, 496483173, 35, 0, 1
6137, 496489310, 20, 0, 1
5646, 496494956, 22, 2, 1
5652, 496500608, 20, 0, 1
11806, 496512414, 35, 0, 1
6102, 496518516, 22, 0, 1
5656, 496524172, 23, 0, 1
5651, 496529823, 15, 0, 1
11818, 496541641, 19, 0, 1
17565, 496559206, 629, 118, 1
5634, 496564840, 26, 3, 1
5658, 496570498, 15, 0, 1
11818, 496582316, 22, 0, 1
6138, 496588454, 18, 0, 1
5640, 496594094, 18, 0, 1
5637, 496599731, 23, 0, 1
11800, 496611531, 35, 0, 1
6126, 496617657, 24, 0, 1
5646, 496623303, 21, 0, 1
5658, 496628961, 15, 0, 1
11811, 496640772, 36, 0, 1
6150, 496646922, 26, 0, 1
5652, 496652574, 14, 0, 1
5658, 496658232, 14, 0, 1
11800, 496670032, 34, 0, 1
6138, 496676170, 22, 0, 1
6124, 496682294, 31, 0, 1
5652, 496687946, 15, 0, 1
11779, 496699725, 36, 0, 1
6138, 496705863, 15, 0, 1
6079, 496711942, 24, 0, 1
5658, 496717600, 15, 0, 1
11760, 496729360, 36, 0, 1
6138, 496735498, 16, 0, 1
7035, 496742533, 30, 1, 1
5651, 496748184, 21, 0, 1
11829, 496760013, 43, 0, 1
6114, 496766127, 22, 0, 1
5628, 496771755, 20, 0, 1
5651, 496777406, 17, 0, 1
11810, 496789216, 37, 2, 1
6162, 496795378, 20, 0, 1
6124, 496801502, 28, 0, 1
5646, 496807148, 19, 0, 1
11784, 496818932, 40, 1, 1
6138, 496825070, 19, 0, 1
6103, 496831173, 24, 0, 1
5658, 496836831, 17, 0, 1
11809, 496848640, 25, 0, 1
6126, 496854766, 22, 0, 1
5645, 496860411, 20, 0, 1
5663, 496866074, 18, 0, 1
11791, 496877865, 41, 0, 1
6127, 496883992, 25, 0, 1
5621, 496889613, 23, 0, 1
5652, 496895265, 15, 0, 1
11793, 496907058, 33, 0, 1
6143, 496913201, 25, 0, 1
6116, 496919317, 17, 0, 1
5658, 496924975, 13, 0, 1
11809, 496936784, 24, 0, 1
6138, 496942922, 15, 0, 1
5658, 496948580, 14, 0, 1
5657, 496954237, 22, 0, 1
11812, 496966049, 25, 0, 1
6114, 496972163, 23, 0, 1
5646, 496977809, 18, 0, 1
5658, 496983467, 18, 0, 1
11829, 496995296, 48, 0, 1
6132, 497001428, 23, 0, 1
5639, 497007067, 22, 1, 1
5657, 497012724, 16, 0, 1
11793, 497024517, 35, 0, 1
6151, 497030668, 23, 0, 1
5627, 497036295, 22, 0, 1
5658, 497041953, 15, 0, 1
11818, 497053771, 29, 0, 1
6137, 497059908, 21, 0, 1
5639, 497065547, 22, 0, 1
5651, 497071198, 17, 0, 1
11824, 497083022, 35, 0, 1
6138, 497089160, 17, 0, 1
5646, 497094806, 20, 0, 1
5658, 497100464, 15, 0, 1
11818, 497112282, 37, 0, 1
7504, 497119786, 44, 2, 1
5652, 497125438, 17, 0, 1
5658, 497131096, 19, 0, 1
12268, 497143364, 43, 0, 1
6115, 497149479, 20, 0, 1
5658, 497155137, 13, 0, 1
5658, 497160795, 15, 0, 1
11850, 497172645, 29, 0, 1
6138, 497178783, 17, 0, 1
5658, 497184441, 12, 0, 1
5658, 497190099, 14, 0, 1
11818, 497201917, 32, 0, 1
6138, 497208055, 17, 0, 1
5638, 497213693, 19, 0, 1
5658, 497219351, 12, 0, 1
11817, 497231168, 31, 0, 1
6125, 497237293, 26, 0, 1
5652, 497242945, 12, 0, 1
5652, 497248597, 14, 0, 1
11815, 497260412, 36, 0, 1
6145, 497266557, 21, 0, 1
5646, 497272203, 18, 0, 1
5652, 497277855, 16, 0, 1
11809, 497289664, 32, 0, 1
6107, 497295771, 23, 0, 1
5652, 497301423, 16, 0, 1
5652, 497307075, 13, 0, 1
11817, 497318892, 40, 0, 1
6138, 497325030, 18, 0, 1
5661, 497330691, 26, 0, 1
5658, 497336349, 18, 0, 1
11809, 497348158, 37, 0, 1
6139, 497354297, 19, 0, 1
5658, 497359955, 14, 0, 1
5651, 497365606, 17, 0, 1
11792, 497377398, 39, 0, 1
6138, 497383536, 17, 0, 1
5640, 497389176, 18, 0, 1
5658, 497394834, 11, 0, 1
11831, 497406665, 22, 0, 1
6138, 497412803, 18, 0, 1
5639, 497418442, 18, 0, 1
5645, 497424087, 19, 0, 1
11818, 497435905, 25, 0, 1
6138, 497442043, 17, 0, 1
5628, 497447671, 20, 0, 1
5657, 497453328, 16, 0, 1
11812, 497465140, 34, 0, 1
6138, 497471278, 17, 0, 1
5638, 497476916, 21, 0, 1
5658, 497482574, 13, 0, 1
13195, 497495769, 44, 0, 1
6151, 497501920, 18, 0, 1
5658, 497507578, 13, 0, 1
5658, 497513236, 12, 0, 1
11818, 497525054, 21, 0, 1
6145, 497531199, 16, 0, 1
5621, 497536820, 22, 0, 1
5668, 497542488, 19, 0, 1
11832, 497554320, 20, 0, 1
6138, 497560458, 18, 0, 1
5658, 497566116, 14, 0, 1
11818, 497577934, 29, 0, 1
5658, 497583592, 18, 0, 1
6151, 497589743, 15, 0, 1
5616, 497595359, 18, 0, 1
11818, 497607177, 27, 0, 1
5658, 497612835, 11, 0, 1
6125, 497618960, 25, 0, 1
5652, 497624612, 14, 0, 1
11822, 497636434, 36, 0, 1
5652, 497642086, 13, 0, 1
6114, 497648200, 20, 0, 1
5646, 497653846, 14, 0, 1
11818, 497665664, 25, 0, 1
5658, 497671322, 12, 0, 1
6138, 497677460, 21, 0, 1
5646, 497683106, 19, 0, 1
11818, 497694924, 35, 0, 1
5658, 497700582, 15, 0, 1
6138, 497706720, 16, 0, 1
5658, 497712378, 13, 0, 1
11812, 497724190, 41, 0, 1
5658, 497729848, 14, 0, 1
6145, 497735993, 18, 0, 1
5657, 497741650, 21, 0, 1
11815, 497753465, 36, 0, 1
5658, 497759123, 20, 0, 1
6138, 497765261, 18, 0, 1
5651, 497770912, 22, 0, 1
11817, 497782729, 37, 0, 1
5651, 497788380, 18, 0, 1
6138, 497794518, 16, 0, 1
5651, 497800169, 15, 0, 1
11805, 497811974, 30, 0, 1
5658, 497817632, 13, 0, 1
6151, 497823783, 16, 0, 1
5651, 497829434, 19, 0, 1
11809, 497841243, 36, 0, 1
5645, 497846888, 20, 0, 1
6126, 497853014, 19, 0, 1
5652, 497858666, 15, 0, 1
13207, 497871873, 41, 0, 1
5658, 497877531, 12, 0, 1
6114, 497883645, 21, 0, 1
5658, 497889303, 15, 0, 1
11818, 497901121, 31, 0, 1
5658, 497906779, 11, 0, 1
6138, 497912917, 19, 0, 1
5650, 497918567, 24, 0, 1
20661, 497939228, 498, 397, 1
5658, 497944886, 24, 1, 1
6138, 497951024, 25, 3, 1
5652, 497956676, 15, 0, 1
11818, 497968494, 21, 0, 1
5658, 497974152, 14, 0, 1
6136, 497980288, 21, 0, 1
8997, 497989285, 179, 51, 1
890722, 498880007, 15347, 5317, 9
6713, 498886720, 81, 6, 1
6662, 498893382, 46, 1, 1
14165, 498907547, 443, 163, 1
24415, 498931962, 506, 28, 1
6662, 498938624, 42, 14, 1
8309, 498946933, 154, 36, 1
6333, 498953266, 30, 3, 1
