0,1,152163968.04999998,2967176654.3650727
2,152163969.04999998,181112170.55999997,2644991375.7880425
6,181112171.55999997,214891733.77999997,2131834795.7711167
0,214891734.77999997,338966540.93,2967176654.3650727
5,338966541.93,998554752.98,2889592776.231653
0,998554753.98,1057482015.74,2967176654.3650727
5,1057482016.74,1087056260.09,2889592776.231653
0,1087056261.09,2156935179.7500005,2967176654.3650727
13,2156935180.7500005,3834083214.8600025,2697371521.4486256
6,3834083215.8600025,3878190712.2400026,2131834795.7711167
3,3878190713.2400026,3894276153.2300024,1443023607.5620902
1,3894276154.2300024,3941852632.100003,1404728713.4590423
6,3941852633.100003,3958658143.850003,2131834795.7711167
10,3958658144.850003,3977169360.733336,797661017.4990699
1,3977169361.733336,4023595684.733336,1404728713.4590423
6,4023595685.733336,4041385401.733336,2131834795.7711167
10,4041385402.733336,4049546703.733336,797661017.4990699
