2, 1, 1962313, 392462.400
20, 1962314, 8386543, 1284845.800
17, 8386544, 25028099, 1664155.500
26, 25028100, 32808591, 1556098.200
5, 32808592, 38256298, 1089541.200
10, 38256299, 49756453, 2300030.800
3, 49756454, 750109086, 2501259.400
9, 750109087, 761935408, 2365264.200
3, 761935409, 773788622, 2370642.600
9, 773788623, 1287196886, 2281814.502
21, 1287196887, 1294218948, 1404412.200
8, 1294218949, 1567111749, 1436277.895
5, 1567111750, 1571830336, 943717.200
7, 1571830337, 1601588368, 541055.109
5, 1601588369, 1643237939, 925546.000
25, 1643237940, 1654867552, 2325922.400
2, 1654867553, 1655713527, 169194.800
6, 1655713528, 1655884363, 8541.750
