23, 1, 4103144, 820628.600
20, 4103145, 11620536, 1503478.200
17, 11620537, 19710218, 1617936.200
26, 19710219, 39235480, 1301684.067
24, 39235481, 115876163, 2189733.771
1, 115876164, 195569902, 1992343.450
24, 195569903, 213687317, 1811741.400
1, 213687318, 240747264, 1803996.400
24, 240747265, 249571569, 1764860.800
1, 249571570, 293673992, 1764096.880
24, 293673993, 310291941, 1661794.800
1, 310291942, 1179780416, 1512153.868
5, 1179780417, 1186782458, 1400408.200
1, 1186782459, 1193713005, 1386109.200
5, 1193713006, 1200563326, 1370064.000
1, 1200563327, 1285013935, 1407510.133
5, 1285013936, 1291583854, 1313983.600
8, 1291583855, 1363063001, 893489.325
25, 1363063002, 1367519575, 891314.600
8, 1367519576, 1385430858, 895564.100
25, 1385430859, 1389912306, 896289.400
8, 1389912307, 1569329231, 897084.620
5, 1569329232, 1571833350, 500823.600
7, 1571833351, 1603910287, 337651.958
5, 1603910288, 1642798925, 338162.061
27, 1642798926, 1643621393, 164493.400
25, 1643621394, 1656312878, 1269148.400
6, 1656312879, 1656337045, 1611.067
2, 1656337046, 1658652478, 463086.400
