3539923, 3539923, 70010, 155, 14
12457638, 15997561, 62923, 1825, 8
19737068, 35734629, 18523, 781, 3
19247363, 54981992, 21662, 928, 3
19343970, 74325962, 18549, 494, 3
19670725, 93996687, 18775, 807, 3
19580973, 113577660, 19651, 674, 3
19763523, 133341183, 19368, 747, 3
19794093, 153135276, 18982, 423, 3
19845012, 172980288, 19062, 488, 3
19733262, 192713550, 19966, 228, 3
19698965, 212412515, 19569, 1537, 3
19689802, 232102317, 19922, 327, 3
19678680, 251780997, 19659, 803, 3
19045510, 270826507, 26317, 554, 3
19671143, 290497650, 20725, 663, 3
19615820, 310113470, 20626, 1264, 3
19645962, 329759432, 21069, 698, 3
19708312, 349467744, 21597, 1861, 3
19714101, 369181845, 20560, 423, 3
19789106, 388970951, 20796, 531, 3
19749741, 408720692, 20219, 1349, 3
19652723, 428373415, 21183, 290, 3
19686674, 448060089, 20953, 990, 3
19659346, 467719435, 20687, 2280, 3
17497420, 485216855, 29173, 1236, 3
9921719, 495138574, 18047, 20, 12
374120, 495512694, 3128, 26, 1
6667, 495519361, 61, 0, 1
6395, 495525756, 22, 0, 1
13141, 495538897, 44, 0, 1
6716, 495545613, 25, 0, 1
6417, 495552030, 26, 0, 1
6420, 495558450, 31, 0, 1
13163, 495571613, 30, 0, 1
6863, 495578476, 26, 0, 1
6431, 495584907, 13, 0, 1
6431, 495591338, 14, 0, 1
13151, 495604489, 42, 0, 1
6719, 495611208, 30, 0, 1
6431, 495617639, 15, 0, 1
6431, 495624070, 18, 0, 1
13155, 495637225, 41, 0, 1
6723, 495643948, 27, 0, 1
6431, 495650379, 13, 0, 1
6417, 495656796, 19, 0, 1
13136, 495669932, 48, 0, 1
6684, 495676616, 30, 0, 1
6431, 495683047, 16, 0, 1
6431, 495689478, 17, 0, 1
14148, 495703626, 98, 0, 1
9812, 495713438, 251, 0, 1
6572, 495720010, 22, 0, 1
6520, 495726530, 21, 0, 1
13232, 495739762, 54, 0, 1
6715, 495746477, 28, 0, 1
6431, 495752908, 16, 0, 1
6423, 495759331, 29, 0, 1
13162, 495772493, 42, 0, 1
6729, 495779222, 17, 0, 1
6424, 495785646, 27, 0, 1
6430, 495792076, 18, 0, 1
13130, 495805206, 46, 0, 1
6730, 495811936, 18, 0, 1
7802, 495819738, 93, 0, 1
6431, 495826169, 11, 0, 1
13163, 495839332, 25, 0, 1
6722, 495846054, 18, 0, 1
6394, 495852448, 24, 0, 1
6431, 495858879, 12, 0, 1
13189, 495872068, 32, 0, 1
6722, 495878790, 16, 0, 1
6413, 495885203, 17, 0, 1
6431, 495891634, 12, 0, 1
13160, 495904794, 38, 0, 1
6735, 495911529, 17, 0, 1
6431, 495917960, 12, 0, 1
6430, 495924390, 23, 0, 1
13157, 495937547, 37, 0, 1
6722, 495944269, 19, 0, 1
6431, 495950700, 13, 0, 1
13180, 495963880, 42, 0, 1
6406, 495970286, 18, 0, 1
6710, 495976996, 21, 0, 1
6417, 495983413, 24, 0, 1
13179, 495996592, 39, 0, 1
6412, 496003004, 18, 0, 1
6719, 496009723, 28, 0, 1
6424, 496016147, 20, 0, 1
13181, 496029328, 40, 0, 1
6411, 496035739, 20, 0, 1
6722, 496042461, 17, 0, 1
6431, 496048892, 14, 0, 1
13163, 496062055, 36, 0, 1
6431, 496068486, 22, 0, 1
6715, 496075201, 34, 0, 1
6431, 496081632, 12, 0, 1
13305, 496094937, 45, 0, 1
6532, 496101469, 18, 0, 1
6848, 496108317, 35, 0, 1
6494, 496114811, 28, 0, 1
13176, 496127987, 46, 0, 1
6657, 496134644, 29, 0, 1
6700, 496141344, 19, 0, 1
6670, 496148014, 25, 0, 1
13381, 496161395, 38, 0, 1
6700, 496168095, 18, 0, 1
6682, 496174777, 30, 0, 1
6694, 496181471, 23, 0, 1
13383, 496194854, 45, 0, 1
6687, 496201541, 27, 0, 1
6389, 496207930, 22, 0, 1
6722, 496214652, 20, 0, 1
22507, 496237159, 337, 2, 1
6644, 496243803, 35, 0, 1
8040, 496251843, 42, 0, 1
6700, 496258543, 19, 0, 1
13363, 496271906, 40, 0, 1
6419, 496278325, 29, 0, 1
6722, 496285047, 18, 0, 1
6714, 496291761, 23, 0, 1
13123, 496304884, 30, 0, 1
6413, 496311297, 22, 0, 1
6722, 496318019, 17, 0, 1
6431, 496324450, 13, 0, 1
13108, 496337558, 40, 0, 1
6418, 496343976, 25, 0, 1
6710, 496350686, 24, 0, 1
6410, 496357096, 22, 0, 1
13155, 496370251, 37, 0, 1
6425, 496376676, 16, 0, 1
6695, 496383371, 30, 0, 1
6431, 496389802, 10, 0, 1
13165, 496402967, 34, 0, 1
6425, 496409392, 19, 0, 1
6674, 496416066, 25, 0, 1
6424, 496422490, 16, 0, 1
13163, 496435653, 30, 0, 1
6418, 496442071, 22, 0, 1
6735, 496448806, 20, 0, 1
6411, 496455217, 19, 0, 1
13154, 496468371, 35, 0, 1
6423, 496474794, 28, 0, 1
6717, 496481511, 36, 0, 1
6424, 496487935, 24, 0, 1
13122, 496501057, 36, 0, 1
6431, 496507488, 14, 0, 1
6722, 496514210, 19, 0, 1
6423, 496520633, 20, 0, 1
13156, 496533789, 40, 0, 1
6425, 496540214, 17, 0, 1
6701, 496546915, 29, 0, 1
6416, 496553331, 21, 0, 1
13175, 496566506, 40, 0, 1
6431, 496572937, 17, 0, 1
6706, 496579643, 27, 0, 1
6431, 496586074, 16, 0, 1
13161, 496599235, 32, 0, 1
6421, 496605656, 31, 0, 1
6742, 496612398, 18, 0, 1
6431, 496618829, 12, 0, 1
13161, 496631990, 36, 0, 1
6425, 496638415, 16, 0, 1
6847, 496645262, 27, 0, 1
6431, 496651693, 15, 0, 1
13164, 496664857, 41, 0, 1
7808, 496672665, 29, 0, 1
6722, 496679387, 18, 0, 1
6431, 496685818, 11, 0, 1
13144, 496698962, 33, 0, 1
6547, 496705509, 25, 0, 1
6748, 496712257, 16, 0, 1
6418, 496718675, 21, 0, 1
13162, 496731837, 39, 0, 1
6431, 496738268, 16, 0, 1
6716, 496744984, 25, 0, 1
6700, 496751684, 16, 0, 1
13135, 496764819, 37, 0, 1
6431, 496771250, 15, 0, 1
6698, 496777948, 20, 0, 1
6700, 496784648, 17, 0, 1
13116, 496797764, 39, 0, 1
6431, 496804195, 16, 0, 1
6722, 496810917, 21, 0, 1
6713, 496817630, 21, 0, 1
13109, 496830739, 41, 0, 1
6430, 496837169, 14, 0, 1
6722, 496843891, 19, 0, 1
6700, 496850591, 24, 0, 1
13153, 496863744, 28, 0, 1
6424, 496870168, 29, 0, 1
6735, 496876903, 20, 0, 1
6416, 496883319, 31, 0, 1
13145, 496896464, 33, 0, 1
6431, 496902895, 49, 2, 1
6674, 496909569, 39, 0, 1
6405, 496915974, 23, 0, 1
13169, 496929143, 47, 0, 1
6413, 496935556, 17, 0, 1
6722, 496942278, 18, 0, 1
6416, 496948694, 24, 0, 1
13167, 496961861, 49, 0, 1
6418, 496968279, 19, 0, 1
6735, 496975014, 16, 0, 1
6401, 496981415, 20, 0, 1
13167, 496994582, 38, 0, 1
6441, 497001023, 22, 0, 1
6722, 497007745, 16, 0, 1
6431, 497014176, 16, 0, 1
13157, 497027333, 40, 0, 1
6416, 497033749, 26, 0, 1
6722, 497040471, 20, 0, 1
6394, 497046865, 21, 0, 1
13154, 497060019, 42, 0, 1
6425, 497066444, 19, 0, 1
6722, 497073166, 18, 0, 1
6395, 497079561, 26, 0, 1
14554, 497094115, 66, 0, 1
6424, 497100539, 25, 0, 1
6680, 497107219, 29, 0, 1
6431, 497113650, 15, 0, 1
13143, 497126793, 39, 0, 1
6431, 497133224, 14, 0, 1
6761, 497139985, 19, 0, 1
6674, 497146659, 27, 0, 1
13138, 497159797, 45, 0, 1
6425, 497166222, 26, 0, 1
6679, 497172901, 24, 0, 1
6398, 497179299, 23, 0, 1
13191, 497192490, 36, 0, 1
6431, 497198921, 15, 0, 1
6691, 497205612, 25, 0, 1
6431, 497212043, 16, 0, 1
13157, 497225200, 36, 0, 1
6413, 497231613, 19, 0, 1
7609, 497239222, 90, 2, 1
6431, 497245653, 17, 0, 1
13179, 497258832, 46, 0, 1
6431, 497265263, 13, 0, 1
6692, 497271955, 25, 0, 1
6400, 497278355, 25, 0, 1
13181, 497291536, 38, 0, 1
6431, 497297967, 15, 0, 1
6721, 497304688, 36, 0, 1
6431, 497311119, 14, 0, 1
13178, 497324297, 41, 0, 1
6431, 497330728, 13, 0, 1
6722, 497337450, 15, 0, 1
6431, 497343881, 12, 0, 1
13164, 497357045, 37, 0, 1
6431, 497363476, 14, 0, 1
6722, 497370198, 20, 0, 1
6400, 497376598, 18, 0, 1
13160, 497389758, 54, 0, 1
6599, 497396357, 27, 0, 1
6703, 497403060, 27, 0, 1
6431, 497409491, 15, 0, 1
13157, 497422648, 30, 0, 1
6431, 497429079, 16, 0, 1
6722, 497435801, 25, 0, 1
6431, 497442232, 18, 0, 1
13168, 497455400, 33, 0, 1
6431, 497461831, 11, 0, 1
6697, 497468528, 23, 0, 1
6418, 497474946, 20, 0, 1
13145, 497488091, 40, 0, 1
6431, 497494522, 12, 0, 1
6735, 497501257, 18, 0, 1
6431, 497507688, 11, 0, 1
14561, 497522249, 62, 0, 1
6417, 497528666, 26, 0, 1
6853, 497535519, 28, 0, 1
6431, 497541950, 13, 0, 1
13194, 497555144, 40, 0, 1
6431, 497561575, 12, 0, 1
6685, 497568260, 30, 0, 1
6395, 497574655, 19, 0, 1
13133, 497587788, 45, 0, 1
6419, 497594207, 20, 0, 1
6708, 497600915, 30, 0, 1
6407, 497607322, 21, 0, 1
13179, 497620501, 42, 0, 1
6422, 497626923, 24, 0, 1
6722, 497633645, 19, 0, 1
6431, 497640076, 14, 0, 1
13151, 497653227, 39, 0, 1
6425, 497659652, 16, 0, 1
6716, 497666368, 29, 0, 1
6431, 497672799, 15, 0, 1
13127, 497685926, 49, 0, 1
6431, 497692357, 17, 0, 1
6710, 497699067, 21, 0, 1
6407, 497705474, 20, 0, 1
13154, 497718628, 46, 0, 1
6425, 497725053, 19, 0, 1
6707, 497731760, 28, 0, 1
6395, 497738155, 23, 0, 1
13125, 497751280, 44, 0, 1
6419, 497757699, 15, 0, 1
6729, 497764428, 18, 0, 1
6413, 497770841, 19, 0, 1
13117, 497783958, 44, 0, 1
6395, 497790353, 20, 0, 1
6722, 497797075, 19, 0, 1
6407, 497803482, 20, 0, 1
13158, 497816640, 35, 0, 1
6406, 497823046, 21, 0, 1
6722, 497829768, 18, 0, 1
6431, 497836199, 15, 0, 1
13145, 497849344, 39, 0, 1
6411, 497855755, 21, 0, 1
6696, 497862451, 32, 0, 1
6431, 497868882, 15, 0, 1
13163, 497882045, 31, 0, 1
6431, 497888476, 13, 0, 1
6715, 497895191, 27, 0, 1
6413, 497901604, 19, 0, 1
13195, 497914799, 49, 0, 1
6434, 497921233, 22, 0, 1
6705, 497927938, 26, 0, 1
7801, 497935739, 38, 0, 1
13169, 497948908, 40, 0, 1
6431, 497955339, 17, 0, 1
6722, 497962061, 19, 0, 1
6424, 497968485, 22, 0, 1
13183, 497981668, 37, 0, 1
6447, 497988115, 26, 0, 1
6712, 497994827, 27, 0, 1
6430, 498001257, 18, 0, 1
13094, 498014351, 42, 0, 1
6428, 498020779, 27, 0, 1
6727, 498027506, 22, 0, 1
10014, 498037520, 195, 2, 1
885785, 498923305, 15201, 470, 5
6927, 498930232, 57, 0, 1
6902, 498937134, 34, 0, 1
6581, 498943715, 31, 0, 1
22125, 498965840, 492, 4, 1
6648, 498972488, 27, 0, 1
6875, 498979363, 32, 0, 1
2127582, 2127582, 45972, 153, 4
9006301, 11133883, 81183, 1656, 8
19237145, 30371028, 20366, 812, 3
19442139, 49813167, 21349, 1117, 3
19341963, 69155130, 22235, 829, 3
19739544, 88894674, 19988, 406, 3
19585403, 108480077, 21333, 739, 3
19023940, 127504017, 26185, 1398, 3
19043345, 146547362, 21187, 579, 3
19850008, 166397370, 20870, 825, 3
19331559, 185728929, 23433, 194, 3
19718884, 205447813, 21051, 1136, 3
19735911, 225183724, 20946, 1223, 3
19668283, 244852007, 20792, 402, 3
18754708, 263606715, 26604, 1259, 3
19665466, 283272181, 19309, 633, 3
18765425, 302037606, 19193, 1156, 3
19703332, 321740938, 19204, 831, 3
19644824, 341385762, 19865, 1495, 3
19766300, 361152062, 19443, 1307, 3
19838702, 380990764, 19184, 527, 3
19732617, 400723381, 18782, 997, 3
19740702, 420464083, 19775, 1177, 3
19784546, 440248629, 18888, 873, 3
19672608, 459921237, 19610, 1663, 3
19724898, 479646135, 19231, 2198, 3
13011659, 492657794, 29936, 447, 19
3748329, 496406123, 7984, 23, 6
6116, 496412239, 32, 0, 1
5658, 496417897, 15, 0, 1
11809, 496429706, 30, 0, 1
5652, 496435358, 14, 0, 1
6141, 496441499, 25, 0, 1
5627, 496447126, 23, 0, 1
11770, 496458896, 36, 0, 1
5646, 496464542, 15, 0, 1
6173, 496470715, 13, 0, 1
5657, 496476372, 16, 0, 1
11772, 496488144, 33, 0, 1
5658, 496493802, 14, 0, 1
6130, 496499932, 22, 0, 1
5652, 496505584, 12, 0, 1
11772, 496517356, 33, 0, 1
5652, 496523008, 19, 0, 1
6193, 496529201, 18, 0, 1
5651, 496534852, 18, 0, 1
11796, 496546648, 34, 0, 1
5658, 496552306, 10, 0, 1
6154, 496558460, 17, 0, 1
5658, 496564118, 11, 0, 1
11809, 496575927, 31, 0, 1
5658, 496581585, 12, 0, 1
6136, 496587721, 21, 0, 1
5657, 496593378, 22, 0, 1
11790, 496605168, 33, 0, 1
5658, 496610826, 10, 0, 1
6173, 496616999, 19, 0, 1
5658, 496622657, 12, 0, 1
11796, 496634453, 32, 0, 1
5651, 496640104, 19, 0, 1
6154, 496646258, 17, 0, 1
5658, 496651916, 19, 0, 1
11790, 496663706, 32, 0, 1
5658, 496669364, 12, 0, 1
6154, 496675518, 21, 0, 1
5652, 496681170, 15, 0, 1
11777, 496692947, 32, 0, 1
5651, 496698598, 18, 0, 1
6167, 496704765, 19, 0, 1
5658, 496710423, 16, 0, 1
11766, 496722189, 37, 0, 1
5658, 496727847, 18, 0, 1
6160, 496734007, 16, 0, 1
5658, 496739665, 13, 0, 1
13133, 496752798, 138, 0, 1
5639, 496758437, 18, 0, 1
6167, 496764604, 16, 0, 1
5658, 496770262, 11, 0, 1
11796, 496782058, 28, 0, 1
5658, 496787716, 11, 0, 1
6160, 496793876, 16, 0, 1
5652, 496799528, 14, 0, 1
11800, 496811328, 43, 0, 1
5651, 496816979, 18, 0, 1
6160, 496823139, 15, 0, 1
5634, 496828773, 23, 0, 1
11796, 496840569, 27, 0, 1
5658, 496846227, 14, 0, 1
6136, 496852363, 24, 0, 1
5652, 496858015, 15, 0, 1
11796, 496869811, 21, 0, 1
5658, 496875469, 11, 0, 1
6152, 496881621, 20, 0, 1
5652, 496887273, 17, 0, 1
11822, 496899095, 27, 0, 1
5658, 496904753, 13, 0, 1
6148, 496910901, 23, 0, 1
12293, 496923194, 85, 0, 1
6326, 496929520, 24, 0, 1
5649, 496935169, 19, 0, 1
6696, 496941865, 27, 0, 1
12934, 496954799, 32, 0, 1
6116, 496960915, 16, 0, 1
5652, 496966567, 16, 0, 1
6124, 496972691, 24, 0, 1
12226, 496984917, 38, 0, 1
6110, 496991027, 25, 0, 1
6110, 496997137, 21, 0, 1
6085, 497003222, 22, 0, 1
12218, 497015440, 30, 0, 1
6116, 497021556, 16, 0, 1
6080, 497027636, 26, 0, 1
6109, 497033745, 24, 0, 1
12215, 497045960, 43, 0, 1
6110, 497052070, 19, 0, 1
496764, 497548834, 76, 0, 1
6116, 497554950, 17, 0, 1
12226, 497567176, 30, 0, 1
6116, 497573292, 25, 0, 1
5658, 497578950, 11, 0, 1
6151, 497585101, 16, 0, 1
11782, 497596883, 29, 0, 1
5652, 497602535, 16, 0, 1
5658, 497608193, 10, 0, 1
6147, 497614340, 17, 0, 1
22219, 497636559, 382, 3, 1
5652, 497642211, 48, 0, 1
5658, 497647869, 11, 0, 1
6144, 497654013, 26, 0, 1
11795, 497665808, 32, 0, 1
5657, 497671465, 15, 0, 1
5645, 497677110, 15, 0, 1
6167, 497683277, 16, 0, 1
11783, 497695060, 33, 0, 1
5658, 497700718, 12, 0, 1
5658, 497706376, 12, 0, 1
6148, 497712524, 26, 0, 1
11782, 497724306, 28, 0, 1
5658, 497729964, 10, 0, 1
5658, 497735622, 12, 0, 1
6167, 497741789, 18, 0, 1
11768, 497753557, 39, 0, 1
5635, 497759192, 14, 0, 1
5663, 497764855, 15, 0, 1
6160, 497771015, 17, 0, 1
12697, 497783712, 93, 0, 1
5652, 497789364, 17, 0, 1
5650, 497795014, 16, 0, 1
6154, 497801168, 20, 0, 1
11789, 497812957, 40, 0, 1
5652, 497818609, 15, 0, 1
5658, 497824267, 9, 0, 1
6173, 497830440, 17, 0, 1
11778, 497842218, 29, 0, 1
5658, 497847876, 12, 0, 1
5651, 497853527, 19, 0, 1
6160, 497859687, 18, 0, 1
11786, 497871473, 46, 0, 1
5634, 497877107, 15, 0, 1
5658, 497882765, 10, 0, 1
6112, 497888877, 22, 0, 1
11772, 497900649, 30, 0, 1
5658, 497906307, 10, 0, 1
5658, 497911965, 11, 0, 1
6172, 497918137, 25, 0, 1
11790, 497929927, 29, 0, 1
5651, 497935578, 13, 0, 1
5658, 497941236, 14, 0, 1
6160, 497947396, 24, 0, 1
11785, 497959181, 30, 0, 1
5658, 497964839, 8, 0, 1
5658, 497970497, 8, 0, 1
6173, 497976670, 19, 0, 1
11782, 497988452, 31, 0, 1
5652, 497994104, 16, 0, 1
5658, 497999762, 11, 0, 1
7537, 498007299, 33, 0, 1
11796, 498019095, 33, 0, 1
5658, 498024753, 13, 0, 1
5658, 498030411, 10, 0, 1
6158, 498036569, 32, 0, 1
11782, 498048351, 32, 0, 1
5658, 498054009, 12, 0, 1
5652, 498059661, 13, 0, 1
6173, 498065834, 14, 0, 1
11796, 498077630, 20, 0, 1
6115, 498083745, 20, 0, 1
5664, 498089409, 19, 0, 1
6138, 498095547, 15, 0, 1
11795, 498107342, 40, 0, 1
6108, 498113450, 25, 0, 1
5652, 498119102, 13, 0, 1
6132, 498125234, 16, 0, 1
11800, 498137034, 29, 0, 1
6095, 498143129, 28, 0, 1
5658, 498148787, 12, 0, 1
6157, 498154944, 23, 0, 1
11772, 498166716, 26, 0, 1
6110, 498172826, 22, 0, 1
5652, 498178478, 15, 0, 1
6138, 498184616, 15, 0, 1
11777, 498196393, 27, 0, 1
6129, 498202522, 30, 0, 1
5658, 498208180, 11, 0, 1
6138, 498214318, 17, 0, 1
11792, 498226110, 32, 0, 1
5658, 498231768, 10, 0, 1
5657, 498237425, 12, 0, 1
6141, 498243566, 20, 0, 1
11797, 498255363, 30, 0, 1
5652, 498261015, 15, 0, 1
5658, 498266673, 11, 0, 1
6136, 498272809, 24, 0, 1
11796, 498284605, 22, 0, 1
5620, 498290225, 21, 0, 1
5658, 498295883, 12, 0, 1
6165, 498302048, 23, 0, 1
11796, 498313844, 26, 0, 1
5658, 498319502, 15, 0, 1
5649, 498325151, 17, 0, 1
6153, 498331304, 19, 0, 1
11796, 498343100, 36, 0, 1
6107, 498349207, 26, 0, 1
5658, 498354865, 14, 0, 1
6119, 498360984, 21, 0, 1
11782, 498372766, 47, 0, 1
5658, 498378424, 11, 0, 1
7029, 498385453, 34, 0, 1
6167, 498391620, 20, 0, 1
11760, 498403380, 37, 0, 1
5644, 498409024, 15, 0, 1
5658, 498414682, 9, 0, 1
6141, 498420823, 21, 0, 1
11789, 498432612, 25, 0, 1
5640, 498438252, 13, 0, 1
5658, 498443910, 11, 0, 1
6154, 498450064, 25, 0, 1
11754, 498461818, 28, 0, 1
5649, 498467467, 19, 0, 1
5658, 498473125, 8, 0, 1
6153, 498479278, 24, 0, 1
11808, 498491086, 26, 0, 1
5651, 498496737, 19, 0, 1
5646, 498502383, 13, 0, 1
6159, 498508542, 18, 0, 1
11776, 498520318, 29, 0, 1
5658, 498525976, 12, 0, 1
5646, 498531622, 13, 0, 1
6185, 498537807, 21, 0, 1
11782, 498549589, 35, 0, 1
5652, 498555241, 13, 0, 1
5646, 498560887, 12, 0, 1
6148, 498567035, 18, 0, 1
11809, 498578844, 24, 0, 1
5658, 498584502, 10, 0, 1
5658, 498590160, 8, 0, 1
6154, 498596314, 17, 0, 1
11796, 498608110, 22, 0, 1
5658, 498613768, 9, 0, 1
5658, 498619426, 9, 0, 1
6167, 498625593, 16, 0, 1
11766, 498637359, 29, 0, 1
5652, 498643011, 14, 0, 1
5652, 498648663, 13, 0, 1
6154, 498654817, 19, 0, 1
11800, 498666617, 43, 0, 1
5658, 498672275, 13, 0, 1
5658, 498677933, 11, 0, 1
6172, 498684105, 19, 0, 1
11779, 498695884, 29, 0, 1
5658, 498701542, 11, 0, 1
5658, 498707200, 11, 0, 1
6158, 498713358, 26, 0, 1
11809, 498725167, 21, 0, 1
5658, 498730825, 10, 0, 1
5658, 498736483, 10, 0, 1
6154, 498742637, 16, 0, 1
11777, 498754414, 29, 0, 1
7035, 498761449, 29, 0, 1
5658, 498767107, 12, 0, 1
6176, 498773283, 29, 0, 1
11783, 498785066, 26, 0, 1
5652, 498790718, 17, 0, 1
5657, 498796375, 15, 0, 1
6154, 498802529, 16, 0, 1
11794, 498814323, 31, 0, 1
5646, 498819969, 13, 0, 1
5658, 498825627, 9, 0, 1
6141, 498831768, 20, 0, 1
11766, 498843534, 29, 0, 1
5658, 498849192, 9, 0, 1
5658, 498854850, 9, 0, 1
6167, 498861017, 13, 0, 1
11796, 498872813, 16, 0, 1
5652, 498878465, 15, 0, 1
5658, 498884123, 11, 0, 1
6160, 498890283, 19, 0, 1
11784, 498902067, 27, 0, 1
5646, 498907713, 12, 0, 1
5658, 498913371, 12, 0, 1
6185, 498919556, 23, 0, 1
11789, 498931345, 28, 0, 1
5651, 498936996, 14, 0, 1
5658, 498942654, 12, 0, 1
6136, 498948790, 24, 0, 1
11785, 498960575, 37, 0, 1
5658, 498966233, 12, 0, 1
5646, 498971879, 13, 0, 1
6136, 498978015, 19, 0, 1
11789, 498989804, 28, 0, 1
5658, 498995462, 11, 0, 1
5646, 499001108, 13, 0, 1
6154, 499007262, 21, 0, 1
11796, 499019058, 23, 0, 1
5658, 499024716, 9, 0, 1
5645, 499030361, 18, 0, 1
6148, 499036509, 20, 0, 1
11803, 499048312, 34, 0, 1
5639, 499053951, 15, 0, 1
5658, 499059609, 11, 0, 1
6160, 499065769, 18, 0, 1
11796, 499077565, 28, 0, 1
5658, 499083223, 13, 0, 1
5658, 499088881, 12, 0, 1
6173, 499095054, 19, 0, 1
11783, 499106837, 30, 0, 1
5658, 499112495, 12, 0, 1
5658, 499118153, 11, 0, 1
6154, 499124307, 14, 0, 1
13173, 499137480, 37, 0, 1
5658, 499143138, 12, 0, 1
8997, 499152135, 172, 2, 1
892674, 500044809, 15617, 468, 5
12723, 500057532, 400, 1, 1
6449, 500063981, 31, 0, 1
6729, 500070710, 25, 0, 1
12254, 500082964, 357, 11, 1
24919, 500107883, 489, 0, 1
6393, 500114276, 15, 0, 1
6112, 500120388, 26, 0, 1
3686465, 3686465, 71876, 196, 14
12555655, 16242120, 61370, 1785, 8
19694300, 35936420, 18245, 627, 3
18994301, 54930721, 20998, 847, 3
19403924, 74334645, 21010, 446, 3
19684148, 94018793, 18167, 698, 3
19521964, 113540757, 18734, 584, 3
19149111, 132689868, 23750, 1219, 3
19240712, 151930580, 18838, 539, 3
19829113, 171759693, 18387, 679, 3
19336459, 191096152, 19404, 209, 3
19592984, 210689136, 20698, 1411, 3
19648233, 230337369, 18812, 668, 3
19514258, 249851627, 18621, 499, 3
18437593, 268289220, 23858, 969, 3
19314643, 287603863, 20194, 540, 3
19682805, 307286668, 18730, 1314, 3
19736910, 327023578, 18285, 513, 3
19776266, 346799844, 19431, 1871, 3
19685590, 366485434, 18249, 1014, 3
19807778, 386293212, 18767, 348, 3
19683462, 405976674, 18442, 1781, 3
19781248, 425757922, 18624, 438, 3
19800056, 445557978, 18374, 973, 3
19726435, 465284413, 18548, 2021, 3
18692657, 483977070, 27946, 1757, 3
10775713, 494752783, 19963, 22, 12
1612033, 496364816, 4791, 33, 5
5658, 496370474, 36, 0, 1
5652, 496376126, 20, 0, 1
11812, 496387938, 36, 0, 1
6138, 496394076, 18, 0, 1
5652, 496399728, 15, 0, 1
5658, 496405386, 8, 0, 1
11831, 496417217, 23, 0, 1
6138, 496423355, 16, 0, 1
5651, 496429006, 13, 0, 1
5651, 496434657, 18, 0, 1
11812, 496446469, 30, 0, 1
6138, 496452607, 21, 0, 1
5657, 496458264, 14, 0, 1
5658, 496463922, 8, 0, 1
13200, 496477122, 107, 0, 1
6120, 496483242, 18, 0, 1
5658, 496488900, 10, 0, 1
5646, 496494546, 16, 0, 1
11790, 496506336, 37, 1, 1
14782, 496521118, 277, 17, 1
5652, 496526770, 40, 0, 1
5649, 496532419, 18, 0, 1
11812, 496544231, 27, 0, 1
6120, 496550351, 20, 0, 1
5658, 496556009, 10, 0, 1
5658, 496561667, 13, 0, 1
11793, 496573460, 36, 0, 1
6138, 496579598, 15, 0, 1
5640, 496585238, 18, 0, 1
5652, 496590890, 12, 0, 1
11803, 496602693, 36, 0, 1
6120, 496608813, 23, 0, 1
5658, 496614471, 12, 0, 1
5651, 496620122, 14, 0, 1
11793, 496631915, 32, 0, 1
6138, 496638053, 17, 0, 1
5657, 496643710, 21, 0, 1
5658, 496649368, 15, 0, 1
12798, 496662166, 131, 3, 1
6126, 496668292, 22, 0, 1
5658, 496673950, 12, 0, 1
5646, 496679596, 13, 0, 1
11811, 496691407, 35, 0, 1
6138, 496697545, 17, 0, 1
5658, 496703203, 15, 0, 1
5658, 496708861, 10, 0, 1
11788, 496720649, 31, 0, 1
6119, 496726768, 21, 0, 1
5638, 496732406, 20, 0, 1
5651, 496738057, 18, 0, 1
11800, 496749857, 30, 0, 1
6164, 496756021, 15, 0, 1
5646, 496761667, 14, 0, 1
5652, 496767319, 16, 0, 1
11816, 496779135, 46, 0, 1
6120, 496785255, 14, 0, 1
5658, 496790913, 9, 0, 1
5658, 496796571, 8, 0, 1
11812, 496808383, 33, 0, 1
6138, 496814521, 15, 0, 1
5645, 496820166, 20, 0, 1
5658, 496825824, 10, 0, 1
11812, 496837636, 26, 0, 1
6152, 496843788, 23, 0, 1
5658, 496849446, 11, 0, 1
7035, 496856481, 26, 0, 1
11817, 496868298, 32, 0, 1
6132, 496874430, 19, 0, 1
5658, 496880088, 11, 0, 1
5658, 496885746, 12, 0, 1
13026, 496898772, 95, 0, 1
6664, 496905436, 24, 0, 1
6327, 496911763, 17, 0, 1
5618, 496917381, 18, 0, 1
12283, 496929664, 46, 0, 1
6138, 496935802, 17, 0, 1
6111, 496941913, 19, 0, 1
6116, 496948029, 22, 0, 1
12231, 496960260, 31, 0, 1
6104, 496966364, 23, 0, 1
6110, 496972474, 19, 0, 1
6104, 496978578, 17, 0, 1
12239, 496990817, 29, 0, 1
6116, 496996933, 19, 0, 1
6116, 497003049, 17, 0, 1
6116, 497009165, 17, 0, 1
12220, 497021385, 40, 0, 1
6103, 497027488, 22, 0, 1
6110, 497033598, 19, 0, 1
6129, 497039727, 23, 0, 1
11744, 497051471, 30, 0, 1
6120, 497057591, 23, 0, 1
6110, 497063701, 20, 0, 1
5652, 497069353, 13, 0, 1
11766, 497081119, 24, 0, 1
6151, 497087270, 16, 0, 1
5658, 497092928, 11, 0, 1
5658, 497098586, 10, 0, 1
11781, 497110367, 44, 0, 1
6138, 497116505, 17, 0, 1
5658, 497122163, 14, 0, 1
5658, 497127821, 13, 0, 1
11824, 497139645, 41, 0, 1
6132, 497145777, 18, 0, 1
5651, 497151428, 13, 0, 1
5645, 497157073, 16, 0, 1
11800, 497168873, 31, 0, 1
6138, 497175011, 17, 0, 1
5638, 497180649, 19, 0, 1
5646, 497186295, 11, 0, 1
11801, 497198096, 33, 0, 1
6132, 497204228, 25, 0, 1
5658, 497209886, 12, 0, 1
5651, 497215537, 18, 0, 1
11799, 497227336, 31, 0, 1
6145, 497233481, 17, 0, 1
7010, 497240491, 30, 0, 1
5658, 497246149, 9, 0, 1
11809, 497257958, 37, 0, 1
6138, 497264096, 16, 0, 1
5652, 497269748, 13, 0, 1
5652, 497275400, 17, 0, 1
20886, 497296286, 319, 5, 1
6138, 497302424, 25, 0, 1
5640, 497308064, 17, 0, 1
5658, 497313722, 11, 0, 1
11818, 497325540, 19, 0, 1
6151, 497331691, 15, 0, 1
5652, 497337343, 15, 0, 1
5658, 497343001, 24, 0, 1
11811, 497354812, 23, 0, 1
6138, 497360950, 17, 0, 1
5645, 497366595, 15, 0, 1
5658, 497372253, 11, 0, 1
11831, 497384084, 18, 0, 1
6138, 497390222, 18, 0, 1
5646, 497395868, 15, 0, 1
11793, 497407661, 44, 0, 1
5658, 497413319, 17, 0, 1
6132, 497419451, 16, 0, 1
5645, 497425096, 15, 0, 1
11801, 497436897, 28, 0, 1
5652, 497442549, 11, 0, 1
6125, 497448674, 22, 0, 1
5652, 497454326, 14, 0, 1
11770, 497466096, 29, 0, 1
5658, 497471754, 18, 0, 1
6139, 497477893, 17, 0, 1
5651, 497483544, 17, 0, 1
11794, 497495338, 25, 0, 1
5658, 497500996, 11, 0, 1
6138, 497507134, 19, 0, 1
5652, 497512786, 12, 0, 1
11831, 497524617, 29, 0, 1
5658, 497530275, 9, 0, 1
6114, 497536389, 22, 0, 1
5658, 497542047, 13, 0, 1
11818, 497553865, 24, 0, 1
5658, 497559523, 13, 0, 1
6145, 497565668, 19, 0, 1
5658, 497571326, 12, 0, 1
11818, 497583144, 28, 0, 1
5652, 497588796, 11, 0, 1
6127, 497594923, 21, 0, 1
5652, 497600575, 13, 0, 1
11818, 497612393, 27, 0, 1
5658, 497618051, 12, 0, 1
7497, 497625548, 38, 0, 1
5657, 497631205, 20, 0, 1
11817, 497643022, 24, 0, 1
5651, 497648673, 12, 0, 1
6143, 497654816, 23, 0, 1
5658, 497660474, 13, 0, 1
11823, 497672297, 34, 0, 1
5652, 497677949, 12, 0, 1
6138, 497684087, 16, 0, 1
5645, 497689732, 16, 0, 1
11817, 497701549, 31, 0, 1
5658, 497707207, 10, 0, 1
6126, 497713333, 23, 0, 1
6109, 497719442, 24, 0, 1
11795, 497731237, 26, 0, 1
5652, 497736889, 14, 0, 1
6138, 497743027, 15, 0, 1
6103, 497749130, 27, 0, 1
11809, 497760939, 26, 0, 1
5646, 497766585, 15, 0, 1
6095, 497772680, 22, 0, 1
6104, 497778784, 18, 0, 1
11795, 497790579, 28, 0, 1
5651, 497796230, 24, 0, 1
6139, 497802369, 25, 0, 1
6109, 497808478, 27, 0, 1
11784, 497820262, 26, 0, 1
5658, 497825920, 9, 0, 1
6116, 497832036, 16, 0, 1
6138, 497838174, 15, 0, 1
12243, 497850417, 33, 0, 1
5658, 497856075, 9, 0, 1
6131, 497862206, 23, 0, 1
5651, 497867857, 19, 0, 1
11799, 497879656, 26, 0, 1
5658, 497885314, 11, 0, 1
6114, 497891428, 23, 0, 1
5658, 497897086, 12, 0, 1
11819, 497908905, 35, 0, 1
5652, 497914557, 13, 0, 1
6132, 497920689, 22, 0, 1
5658, 497926347, 13, 0, 1
11812, 497938159, 28, 0, 1
5646, 497943805, 15, 0, 1
6125, 497949930, 23, 0, 1
5652, 497955582, 12, 0, 1
11818, 497967400, 26, 0, 1
5658, 497973058, 10, 0, 1
6119, 497979177, 23, 0, 1
5652, 497984829, 14, 0, 1
11804, 497996633, 38, 0, 1
7034, 498003667, 34, 0, 1
6132, 498009799, 18, 0, 1
5652, 498015451, 13, 0, 1
11816, 498027267, 33, 0, 1
5658, 498032925, 11, 0, 1
6133, 498039058, 19, 0, 1
5646, 498044704, 18, 0, 1
11818, 498056522, 20, 0, 1
5658, 498062180, 11, 0, 1
6126, 498068306, 23, 0, 1
5645, 498073951, 18, 0, 1
11827, 498085778, 40, 0, 1
5658, 498091436, 10, 0, 1
6114, 498097550, 18, 0, 1
5658, 498103208, 12, 0, 1
11818, 498115026, 26, 0, 1
5658, 498120684, 12, 0, 1
6132, 498126816, 18, 0, 1
5657, 498132473, 21, 0, 1
11813, 498144286, 29, 0, 1
5652, 498149938, 17, 0, 1
6138, 498156076, 18, 0, 1
5658, 498161734, 11, 0, 1
11810, 498173544, 32, 0, 1
5658, 498179202, 9, 0, 1
6151, 498185353, 18, 0, 1
5651, 498191004, 16, 0, 1
11818, 498202822, 21, 0, 1
5658, 498208480, 12, 0, 1
6126, 498214606, 18, 0, 1
5658, 498220264, 11, 0, 1
11805, 498232069, 37, 0, 1
5657, 498237726, 21, 0, 1
6132, 498243858, 15, 0, 1
5645, 498249503, 15, 0, 1
11788, 498261291, 32, 0, 1
5658, 498266949, 15, 0, 1
6165, 498273114, 18, 0, 1
5658, 498278772, 11, 0, 1
11794, 498290566, 24, 0, 1
5652, 498296218, 17, 0, 1
6138, 498302356, 15, 0, 1
5652, 498308008, 17, 0, 1
11838, 498319846, 20, 0, 1
5658, 498325504, 11, 0, 1
6145, 498331649, 14, 0, 1
5646, 498337295, 14, 0, 1
11792, 498349087, 38, 0, 1
5658, 498354745, 14, 0, 1
6138, 498360883, 16, 0, 1
5640, 498366523, 15, 0, 1
13189, 498379712, 43, 0, 1
5658, 498385370, 13, 0, 1
6120, 498391490, 20, 0, 1
5658, 498397148, 13, 0, 1
11793, 498408941, 36, 0, 1
5657, 498414598, 18, 0, 1
6151, 498420749, 19, 0, 1
5633, 498426382, 16, 0, 1
11794, 498438176, 26, 0, 1
5657, 498443833, 17, 0, 1
6138, 498449971, 16, 0, 1
5645, 498455616, 17, 0, 1
11794, 498467410, 37, 0, 1
5651, 498473061, 17, 0, 1
6138, 498479199, 16, 0, 1
5651, 498484850, 19, 0, 1
11805, 498496655, 35, 0, 1
5651, 498502306, 15, 0, 1
6144, 498508450, 22, 0, 1
5658, 498514108, 10, 0, 1
11798, 498525906, 28, 0, 1
5657, 498531563, 17, 0, 1
6138, 498537701, 18, 0, 1
5657, 498543358, 15, 0, 1
11807, 498555165, 27, 0, 1
5644, 498560809, 21, 0, 1
6113, 498566922, 20, 0, 1
5658, 498572580, 18, 0, 1
11797, 498584377, 42, 0, 1
5651, 498590028, 17, 0, 1
6132, 498596160, 21, 0, 1
5657, 498601817, 20, 0, 1
11813, 498613630, 27, 0, 1
5658, 498619288, 11, 0, 1
6138, 498625426, 15, 0, 1
5651, 498631077, 17, 0, 1
118911, 498749988, 4269, 132, 1
784085, 499534073, 11117, 275, 5
6725, 499540798, 46, 0, 1
6703, 499547501, 30, 0, 1
18364, 499565865, 378, 1, 1
6695, 499572560, 55, 0, 1
6712, 499579272, 25, 0, 1
6932, 499586204, 18, 0, 1
14865, 499601069, 174, 2, 1
3536692, 3536692, 69395, 188, 14
12357046, 15893738, 63742, 1960, 8
19640606, 35534344, 17554, 793, 3
19180736, 54715080, 21147, 1154, 3
18835054, 73550134, 22357, 671, 3
19703369, 93253503, 19923, 747, 3
19668130, 112921633, 19684, 644, 3
18833549, 131755182, 24845, 1263, 3
19309015, 151064197, 21132, 700, 3
19909288, 170973485, 20003, 714, 3
19345842, 190319327, 21832, 146, 3
19715304, 210034631, 20264, 1451, 3
19702386, 229737017, 20981, 676, 3
19578235, 249315252, 21945, 424, 3
18820029, 268135281, 25729, 1070, 3
19432537, 287567818, 19862, 672, 3
19048941, 306616759, 20761, 1253, 3
19609986, 326226745, 20309, 599, 3
19777042, 346003787, 20995, 1697, 3
19690088, 365693875, 20261, 970, 3
19804310, 385498185, 20724, 539, 3
19651794, 405149979, 20263, 1634, 3
19845001, 424994980, 19682, 430, 3
19782739, 444777719, 20303, 953, 3
19602156, 464379875, 21236, 1615, 3
19297911, 483677786, 24058, 1734, 3
10721597, 494399383, 24297, 14, 12
2047226, 496446609, 5527, 21, 5
11728, 496458337, 69, 0, 1
6126, 496464463, 20, 0, 1
5658, 496470121, 10, 0, 1
5631, 496475752, 23, 0, 1
11813, 496487565, 36, 0, 1
6132, 496493697, 15, 0, 1
5640, 496499337, 19, 0, 1
5627, 496504964, 22, 0, 1
11758, 496516722, 42, 0, 1
6138, 496522860, 22, 0, 1
5658, 496528518, 11, 0, 1
5656, 496534174, 22, 0, 1
11812, 496545986, 36, 0, 1
6132, 496552118, 19, 0, 1
5658, 496557776, 10, 0, 1
5644, 496563420, 21, 0, 1
11806, 496575226, 38, 0, 1
6096, 496581322, 24, 0, 1
5639, 496586961, 14, 0, 1
5661, 496592622, 27, 0, 1
11810, 496604432, 43, 0, 1
6151, 496610583, 16, 0, 1
5658, 496616241, 11, 0, 1
5658, 496621899, 13, 0, 1
11791, 496633690, 41, 0, 1
6096, 496639786, 28, 0, 1
6999, 496646785, 102, 0, 1
5654, 496652439, 34, 0, 1
11784, 496664223, 38, 0, 1
6138, 496670361, 16, 0, 1
5622, 496675983, 19, 0, 1
5646, 496681629, 17, 0, 1
11805, 496693434, 35, 0, 1
6119, 496699553, 23, 0, 1
5621, 496705174, 20, 0, 1
5658, 496710832, 14, 0, 1
11806, 496722638, 38, 0, 1
6138, 496728776, 15, 0, 1
5633, 496734409, 19, 0, 1
5638, 496740047, 24, 0, 1
11787, 496751834, 39, 0, 1
6133, 496757967, 22, 0, 1
5640, 496763607, 23, 0, 1
5658, 496769265, 11, 0, 1
11794, 496781059, 50, 0, 1
6138, 496787197, 13, 0, 1
5646, 496792843, 8, 0, 1
5657, 496798500, 17, 0, 1
11814, 496810314, 37, 0, 1
6138, 496816452, 17, 0, 1
5657, 496822109, 17, 0, 1
5658, 496827767, 13, 0, 1
11809, 496839576, 36, 0, 1
6126, 496845702, 23, 0, 1
5645, 496851347, 20, 0, 1
5658, 496857005, 8, 0, 1
11770, 496868775, 34, 0, 1
6138, 496874913, 17, 0, 1
5644, 496880557, 28, 0, 1
5658, 496886215, 12, 0, 1
11830, 496898045, 38, 0, 1
6137, 496904182, 29, 0, 1
5658, 496909840, 10, 0, 1
5664, 496915504, 31, 0, 1
11791, 496927295, 32, 0, 1
6138, 496933433, 19, 0, 1
5658, 496939091, 13, 0, 1
5637, 496944728, 25, 0, 1
11831, 496956559, 26, 0, 1
6138, 496962697, 18, 0, 1
5652, 496968349, 14, 0, 1
5658, 496974007, 19, 0, 1
12996, 496987003, 83, 0, 1
6662, 496993665, 36, 0, 1
6601, 497000266, 22, 0, 1
6280, 497006546, 26, 0, 1
12224, 497018770, 45, 0, 1
7473, 497026243, 43, 0, 1
6099, 497032342, 34, 0, 1
6155, 497038497, 21, 0, 1
12172, 497050669, 41, 0, 1
6078, 497056747, 22, 0, 1
6116, 497062863, 33, 0, 1
6116, 497068979, 18, 0, 1
12182, 497081161, 51, 0, 1
6103, 497087264, 30, 0, 1
6085, 497093349, 27, 0, 1
6113, 497099462, 24, 0, 1
12232, 497111694, 35, 0, 1
6112, 497117806, 32, 0, 1
6116, 497123922, 18, 0, 1
5634, 497129556, 22, 0, 1
12259, 497141815, 37, 0, 1
6110, 497147925, 21, 0, 1
6078, 497154003, 27, 0, 1
5655, 497159658, 23, 0, 1
11778, 497171436, 29, 0, 1
6114, 497177550, 21, 0, 1
5621, 497183171, 17, 0, 1
5656, 497188827, 28, 0, 1
11777, 497200604, 34, 0, 1
6096, 497206700, 21, 0, 1
5658, 497212358, 13, 0, 1
5667, 497218025, 20, 0, 1
11770, 497229795, 34, 0, 1
6121, 497235916, 22, 0, 1
5662, 497241578, 26, 0, 1
5652, 497247230, 16, 0, 1
11800, 497259030, 49, 0, 1
6138, 497265168, 15, 0, 1
5645, 497270813, 19, 0, 1
5638, 497276451, 27, 0, 1
11832, 497288283, 36, 0, 1
6147, 497294430, 29, 0, 1
5658, 497300088, 19, 0, 1
5658, 497305746, 13, 0, 1
11790, 497317536, 41, 0, 1
6151, 497323687, 13, 0, 1
5633, 497329320, 16, 0, 1
5652, 497334972, 13, 0, 1
11817, 497346789, 33, 0, 1
6138, 497352927, 16, 0, 1
5626, 497358553, 22, 0, 1
5657, 497364210, 30, 0, 1
11825, 497376035, 29, 0, 1
6138, 497382173, 17, 0, 1
5651, 497387824, 17, 0, 1
5658, 497393482, 16, 0, 1
13186, 497406668, 40, 0, 1
6107, 497412775, 26, 0, 1
5637, 497418412, 22, 0, 1
5652, 497424064, 16, 0, 1
11801, 497435865, 38, 0, 1
6130, 497441995, 24, 0, 1
5645, 497447640, 17, 0, 1
5658, 497453298, 13, 0, 1
11802, 497465100, 44, 0, 1
6151, 497471251, 16, 0, 1
5631, 497476882, 23, 0, 1
5659, 497482541, 27, 0, 1
11788, 497494329, 46, 0, 1
6138, 497500467, 23, 0, 1
5669, 497506136, 31, 0, 1
17059, 497523195, 400, 2, 1
11793, 497534988, 68, 0, 1
6138, 497541126, 17, 0, 1
5663, 497546789, 17, 0, 1
5658, 497552447, 10, 0, 1
11778, 497564225, 47, 0, 1
6151, 497570376, 14, 0, 1
5645, 497576021, 17, 0, 1
5643, 497581664, 24, 0, 1
11800, 497593464, 26, 0, 1
6135, 497599599, 33, 0, 1
5656, 497605255, 23, 0, 1
5658, 497610913, 8, 0, 1
11765, 497622678, 34, 0, 1
6138, 497628816, 18, 0, 1
5637, 497634453, 22, 0, 1
5657, 497640110, 18, 0, 1
11764, 497651874, 36, 0, 1
6126, 497658000, 15, 0, 1
5643, 497663643, 24, 0, 1
5646, 497669289, 11, 0, 1
11823, 497681112, 43, 0, 1
6138, 497687250, 15, 0, 1
5660, 497692910, 25, 0, 1
5651, 497698561, 20, 0, 1
11792, 497710353, 36, 0, 1
6124, 497716477, 30, 0, 1
5657, 497722134, 22, 0, 1
5658, 497727792, 10, 0, 1
11757, 497739549, 36, 0, 1
6138, 497745687, 16, 0, 1
5634, 497751321, 16, 0, 1
5655, 497756976, 26, 0, 1
11830, 497768806, 42, 0, 1
6145, 497774951, 19, 0, 1
5633, 497780584, 23, 0, 1
7028, 497787612, 30, 0, 1
11794, 497799406, 29, 0, 1
6158, 497805564, 21, 0, 1
5652, 497811216, 15, 0, 1
5652, 497816868, 15, 0, 1
11842, 497828710, 57, 0, 1
6138, 497834848, 16, 0, 1
5658, 497840506, 13, 0, 1
5658, 497846164, 12, 0, 1
11801, 497857965, 46, 0, 1
6124, 497864089, 29, 0, 1
5650, 497869739, 26, 0, 1
5658, 497875397, 12, 0, 1
11782, 497887179, 45, 0, 1
6108, 497893287, 22, 0, 1
5658, 497898945, 11, 0, 1
5657, 497904602, 22, 0, 1
12276, 497916878, 37, 0, 1
6107, 497922985, 27, 0, 1
6091, 497929076, 23, 0, 1
5648, 497934724, 22, 0, 1
11788, 497946512, 31, 0, 1
6151, 497952663, 17, 0, 1
5640, 497958303, 25, 0, 1
5645, 497963948, 16, 0, 1
11817, 497975765, 22, 0, 1
6135, 497981900, 29, 0, 1
5646, 497987546, 13, 0, 1
5640, 497993186, 17, 0, 1
11831, 498005017, 18, 0, 1
6120, 498011137, 22, 0, 1
5628, 498016765, 14, 0, 1
5658, 498022423, 12, 0, 1
11811, 498034234, 25, 0, 1
6142, 498040376, 32, 0, 1
5639, 498046015, 22, 0, 1
5639, 498051654, 17, 0, 1
11818, 498063472, 29, 0, 1
6137, 498069609, 31, 0, 1
5650, 498075259, 19, 0, 1
11828, 498087087, 30, 0, 1
5658, 498092745, 12, 0, 1
6101, 498098846, 25, 0, 1
5658, 498104504, 10, 0, 1
11786, 498116290, 34, 0, 1
5658, 498121948, 10, 0, 1
6138, 498128086, 16, 0, 1
5621, 498133707, 18, 0, 1
11831, 498145538, 22, 0, 1
5673, 498151211, 29, 0, 1
6138, 498157349, 18, 0, 1
7017, 498164366, 31, 0, 1
11787, 498176153, 36, 0, 1
5630, 498181783, 25, 1, 1
14771, 498196554, 269, 15, 1
5658, 498202212, 31, 0, 1
11812, 498214024, 28, 0, 1
5650, 498219674, 20, 0, 1
6138, 498225812, 16, 0, 1
5658, 498231470, 12, 0, 1
11814, 498243284, 38, 0, 1
5652, 498248936, 19, 0, 1
6138, 498255074, 16, 0, 1
5643, 498260717, 22, 0, 1
11813, 498272530, 43, 0, 1
5658, 498278188, 8, 0, 1
6129, 498284317, 28, 0, 1
5652, 498289969, 15, 0, 1
11827, 498301796, 39, 0, 1
5652, 498307448, 14, 0, 1
6125, 498313573, 28, 0, 1
5640, 498319213, 15, 0, 1
11817, 498331030, 27, 0, 1
5646, 498336676, 16, 0, 1
6113, 498342789, 22, 0, 1
5658, 498348447, 10, 0, 1
11799, 498360246, 41, 0, 1
5658, 498365904, 12, 0, 1
6138, 498372042, 14, 0, 1
5637, 498377679, 24, 0, 1
11822, 498389501, 35, 0, 1
5646, 498395147, 13, 0, 1
6118, 498401265, 25, 0, 1
5658, 498406923, 13, 0, 1
11774, 498418697, 40, 0, 1
5658, 498424355, 10, 0, 1
6151, 498430506, 16, 0, 1
5645, 498436151, 17, 0, 1
11800, 498447951, 50, 0, 1
6338, 498454289, 39, 0, 1
6606, 498460895, 25, 0, 1
6198, 498467093, 30, 0, 1
13148, 498480241, 46, 0, 1
6309, 498486550, 15, 0, 1
6575, 498493125, 23, 0, 1
6284, 498499409, 15, 0, 1
12893, 498512302, 40, 0, 1
6309, 498518611, 12, 0, 1
6620, 498525231, 19, 0, 1
6277, 498531508, 20, 0, 1
12903, 498544411, 34, 0, 1
6317, 498550728, 32, 0, 1
7971, 498558699, 33, 0, 1
6309, 498565008, 13, 0, 1
12908, 498577916, 43, 0, 1
6313, 498584229, 23, 0, 1
6594, 498590823, 22, 0, 1
6295, 498597118, 18, 0, 1
12904, 498610022, 42, 0, 1
6303, 498616325, 16, 0, 1
6557, 498622882, 26, 0, 1
6309, 498629191, 14, 0, 1
12913, 498642104, 37, 0, 1
6303, 498648407, 16, 0, 1
6558, 498654965, 24, 0, 1
6309, 498661274, 14, 0, 1
12913, 498674187, 39, 0, 1
6303, 498680490, 15, 0, 1
6617, 498687107, 30, 0, 1
6309, 498693416, 19, 0, 1
12912, 498706328, 36, 0, 1
6309, 498712637, 14, 0, 1
6592, 498719229, 32, 0, 1
6293, 498725522, 28, 0, 1
12944, 498738466, 33, 0, 1
6303, 498744769, 20, 0, 1
6600, 498751369, 21, 0, 1
6272, 498757641, 26, 0, 1
12918, 498770559, 41, 0, 1
6309, 498776868, 13, 0, 1
9909, 498786777, 177, 1, 1
906025, 499692802, 15363, 529, 5
13366, 499706168, 102, 0, 1
11692, 499717860, 360, 7, 1
6671, 499724531, 51, 0, 1
6453, 499730984, 27, 0, 1
14949, 499745933, 196, 3, 1
6319, 499752252, 35, 0, 1
6664, 499758916, 22, 0, 1
2583113, 2583113, 54102, 155, 4
10656985, 13240098, 75485, 1994, 8
19292894, 32532992, 18967, 852, 3
19360046, 51893038, 20752, 862, 3
19148464, 71041502, 22240, 631, 3
19602405, 90643907, 19581, 691, 3
19630078, 110273985, 19673, 539, 3
18768227, 129042212, 26015, 1202, 3
19177113, 148219325, 19998, 821, 3
19822767, 168042092, 21221, 948, 3
19322015, 187364107, 21709, 107, 3
19620802, 206984909, 20108, 1163, 3
19645499, 226630408, 20781, 1051, 3
19669172, 246299580, 21991, 326, 3
18861086, 265160666, 24365, 1368, 3
19409915, 284570581, 19066, 472, 3
19050232, 303620813, 19220, 1234, 3
19599804, 323220617, 19916, 652, 3
19809554, 343030171, 19577, 1549, 3
19757626, 362787797, 18739, 1140, 3
19880199, 382667996, 18875, 541, 3
19647699, 402315695, 19380, 1340, 3
19840782, 422156477, 18670, 865, 3
19709868, 441866345, 19319, 1091, 3
19771277, 461637622, 18951, 1642, 3
19664280, 481301902, 19789, 2421, 7
12018706, 493320608, 28344, 141, 19
2965253, 496285861, 6842, 17, 5
6086, 496291947, 45, 0, 1
11781, 496303728, 47, 0, 1
5658, 496309386, 16, 0, 1
5658, 496315044, 10, 0, 1
6156, 496321200, 21, 0, 1
11793, 496332993, 48, 0, 1
6116, 496339109, 19, 0, 1
6373, 496345482, 57, 0, 1
6617, 496352099, 34, 0, 1
13012, 496365111, 42, 0, 1
6373, 496371484, 15, 0, 1
6291, 496377775, 22, 0, 1
6673, 496384448, 26, 0, 1
15112, 496399560, 209, 0, 1
5651, 496405211, 22, 0, 1
5652, 496410863, 19, 0, 1
6154, 496417017, 22, 0, 1
11798, 496428815, 42, 0, 1
5658, 496434473, 18, 0, 1
5658, 496440131, 8, 0, 1
6122, 496446253, 24, 0, 1
11796, 496458049, 24, 0, 1
5640, 496463689, 15, 0, 1
5652, 496469341, 13, 0, 1
6173, 496475514, 16, 0, 1
11783, 496487297, 26, 0, 1
5634, 496492931, 14, 0, 1
5658, 496498589, 18, 0, 1
6135, 496504724, 21, 0, 1
11793, 496516517, 37, 0, 1
5644, 496522161, 23, 0, 1
5658, 496527819, 10, 0, 1
6134, 496533953, 26, 0, 1
11788, 496545741, 29, 0, 1
5643, 496551384, 21, 0, 1
5652, 496557036, 13, 0, 1
6125, 496563161, 23, 0, 1
11796, 496574957, 22, 0, 1
7029, 496581986, 87, 0, 1
5661, 496587647, 23, 0, 1
11817, 496599464, 35, 0, 1
6151, 496605615, 16, 0, 1
5622, 496611237, 16, 0, 1
5658, 496616895, 9, 0, 1
11777, 496628672, 41, 0, 1
6138, 496634810, 18, 0, 1
5610, 496640420, 18, 0, 1
5658, 496646078, 10, 0, 1
11825, 496657903, 35, 0, 1
6138, 496664041, 14, 0, 1
5634, 496669675, 13, 0, 1
5640, 496675315, 12, 0, 1
11797, 496687112, 46, 0, 1
6138, 496693250, 16, 0, 1
5646, 496698896, 18, 0, 1
5658, 496704554, 12, 0, 1
11832, 496716386, 26, 0, 1
6125, 496722511, 20, 0, 1
5658, 496728169, 14, 0, 1
5658, 496733827, 13, 0, 1
11817, 496745644, 34, 0, 1
6151, 496751795, 17, 0, 1
5658, 496757453, 9, 0, 1
5649, 496763102, 26, 0, 1
11825, 496774927, 37, 0, 1
6132, 496781059, 17, 0, 1
5658, 496786717, 9, 0, 1
5643, 496792360, 19, 0, 1
11831, 496804191, 26, 0, 1
6138, 496810329, 13, 0, 1
5634, 496815963, 16, 0, 1
5639, 496821602, 15, 0, 1
12532, 496834134, 32, 0, 1
9559, 496843693, 100, 0, 1
6337, 496850030, 32, 0, 1
6333, 496856363, 13, 0, 1
12251, 496868614, 37, 0, 1
6090, 496874704, 26, 0, 1
6110, 496880814, 13, 0, 1
6091, 496886905, 24, 0, 1
12244, 496899149, 39, 0, 1
6116, 496905265, 15, 0, 1
6084, 496911349, 23, 0, 1
6116, 496917465, 18, 0, 1
12221, 496929686, 45, 0, 1
6098, 496935784, 22, 0, 1
6099, 496941883, 27, 0, 1
6093, 496947976, 17, 0, 1
12232, 496960208, 29, 0, 1
7491, 496967699, 51, 0, 1
6104, 496973803, 23, 0, 1
6116, 496979919, 17, 0, 1
11768, 496991687, 47, 0, 1
6134, 496997821, 26, 0, 1
6116, 497003937, 20, 0, 1
5645, 497009582, 15, 0, 1
11756, 497021338, 47, 0, 1
6095, 497027433, 27, 0, 1
5646, 497033079, 18, 0, 1
5658, 497038737, 8, 0, 1
11805, 497050542, 37, 0, 1
6096, 497056638, 19, 0, 1
5658, 497062296, 13, 0, 1
5658, 497067954, 10, 0, 1
11784, 497079738, 36, 0, 1
6151, 497085889, 22, 0, 1
5641, 497091530, 25, 0, 1
5622, 497097152, 18, 0, 1
11826, 497108978, 37, 0, 1
6133, 497115111, 29, 0, 1
5658, 497120769, 13, 0, 1
5658, 497126427, 15, 0, 1
11778, 497138205, 45, 0, 1
6138, 497144343, 16, 0, 1
5644, 497149987, 17, 0, 1
5658, 497155645, 10, 0, 1
11828, 497167473, 40, 0, 1
6129, 497173602, 23, 0, 1
5630, 497179232, 21, 0, 1
5658, 497184890, 11, 0, 1
11776, 497196666, 33, 0, 1
6138, 497202804, 17, 0, 1
5645, 497208449, 15, 0, 1
5640, 497214089, 16, 0, 1
11792, 497225881, 33, 0, 1
6151, 497232032, 19, 0, 1
5622, 497237654, 18, 0, 1
5650, 497243304, 17, 0, 1
11817, 497255121, 30, 0, 1
6113, 497261234, 20, 0, 1
5658, 497266892, 10, 0, 1
5646, 497272538, 11, 0, 1
11809, 497284347, 33, 0, 1
6138, 497290485, 16, 0, 1
5658, 497296143, 8, 0, 1
5640, 497301783, 23, 0, 1
11804, 497313587, 32, 0, 1
6121, 497319708, 25, 0, 1
5655, 497325363, 27, 0, 1
5646, 497331009, 19, 0, 1
13181, 497344190, 54, 0, 1
6138, 497350328, 15, 0, 1
5638, 497355966, 24, 0, 1
5658, 497361624, 12, 0, 1
11786, 497373410, 36, 0, 1
6131, 497379541, 23, 0, 1
5658, 497385199, 14, 0, 1
5658, 497390857, 9, 0, 1
11786, 497402643, 28, 0, 1
6125, 497408768, 22, 0, 1
5628, 497414396, 16, 0, 1
5644, 497420040, 18, 0, 1
11833, 497431873, 42, 0, 1
6140, 497438013, 29, 0, 1
5658, 497443671, 12, 0, 1
5658, 497449329, 10, 0, 1
11777, 497461106, 38, 0, 1
17571, 497478677, 425, 0, 1
5627, 497484304, 28, 0, 1
5658, 497489962, 9, 0, 1
11794, 497501756, 43, 0, 1
6138, 497507894, 13, 0, 1
5642, 497513536, 21, 0, 1
5656, 497519192, 28, 0, 1
11813, 497531005, 26, 0, 1
6138, 497537143, 16, 0, 1
5620, 497542763, 19, 0, 1
5657, 497548420, 16, 0, 1
11793, 497560213, 53, 0, 1
6146, 497566359, 27, 0, 1
5650, 497572009, 15, 0, 1
5657, 497577666, 13, 0, 1
11779, 497589445, 38, 0, 1
6132, 497595577, 20, 0, 1
5651, 497601228, 20, 0, 1
5658, 497606886, 9, 0, 1
11795, 497618681, 33, 0, 1
6126, 497624807, 22, 0, 1
5626, 497630433, 23, 0, 1
5652, 497636085, 13, 0, 1
11795, 497647880, 43, 0, 1
6138, 497654018, 16, 0, 1
5610, 497659628, 18, 0, 1
5657, 497665285, 22, 0, 1
11824, 497677109, 32, 0, 1
6138, 497683247, 15, 0, 1
5652, 497688899, 10, 0, 1
5657, 497694556, 18, 0, 1
11808, 497706364, 34, 0, 1
6134, 497712498, 19, 0, 1
5658, 497718156, 8, 0, 1
7029, 497725185, 31, 0, 1
11825, 497737010, 45, 0, 1
6138, 497743148, 16, 0, 1
5640, 497748788, 16, 0, 1
5658, 497754446, 11, 0, 1
11809, 497766255, 35, 0, 1
6138, 497772393, 14, 0, 1
5633, 497778026, 16, 0, 1
5658, 497783684, 9, 0, 1
11812, 497795496, 42, 0, 1
6151, 497801647, 16, 0, 1
5658, 497807305, 14, 0, 1
5658, 497812963, 8, 0, 1
11798, 497824761, 33, 0, 1
6138, 497830899, 17, 0, 1
5640, 497836539, 17, 0, 1
5646, 497842185, 12, 0, 1
11820, 497854005, 27, 0, 1
6138, 497860143, 15, 0, 1
5637, 497865780, 21, 0, 1
5646, 497871426, 14, 0, 1
11768, 497883194, 39, 0, 1
6138, 497889332, 18, 0, 1
5645, 497894977, 19, 0, 1
5632, 497900609, 21, 0, 1
11825, 497912434, 25, 0, 1
6138, 497918572, 14, 0, 1
5640, 497924212, 14, 0, 1
5652, 497929864, 14, 0, 1
11811, 497941675, 42, 0, 1
6145, 497947820, 13, 0, 1
5639, 497953459, 17, 0, 1
5658, 497959117, 8, 0, 1
11793, 497970910, 29, 0, 1
6138, 497977048, 14, 0, 1
5634, 497982682, 17, 0, 1
5658, 497988340, 9, 0, 1
11786, 498000126, 35, 0, 1
6138, 498006264, 13, 0, 1
5655, 498011919, 23, 0, 1
5658, 498017577, 9, 0, 1
11807, 498029384, 34, 0, 1
6151, 498035535, 15, 0, 1
5658, 498041193, 7, 0, 1
5610, 498046803, 17, 0, 1
11800, 498058603, 38, 0, 1
6126, 498064729, 22, 0, 1
5658, 498070387, 9, 0, 1
5658, 498076045, 10, 0, 1
11814, 498087859, 30, 0, 1
6138, 498093997, 15, 0, 1
7020, 498101017, 37, 0, 1
5639, 498106656, 16, 0, 1
11816, 498118472, 49, 0, 1
6113, 498124585, 27, 0, 1
5626, 498130211, 19, 0, 1
5647, 498135858, 24, 0, 1
11799, 498147657, 31, 0, 1
6120, 498153777, 24, 0, 1
5658, 498159435, 10, 0, 1
5658, 498165093, 10, 0, 1
11779, 498176872, 33, 0, 1
6151, 498183023, 17, 0, 1
5640, 498188663, 26, 0, 1
5658, 498194321, 11, 0, 1
11818, 498206139, 20, 0, 1
6120, 498212259, 22, 0, 1
5658, 498217917, 13, 0, 1
5658, 498223575, 8, 0, 1
11838, 498235413, 26, 0, 1
6096, 498241509, 22, 0, 1
5650, 498247159, 25, 0, 1
5657, 498252816, 17, 0, 1
11793, 498264609, 31, 0, 1
6151, 498270760, 14, 0, 1
5645, 498276405, 25, 0, 1
5652, 498282057, 24, 0, 1
11799, 498293856, 39, 0, 1
6138, 498299994, 17, 0, 1
5633, 498305627, 21, 0, 1
5658, 498311285, 9, 0, 1
11823, 498323108, 31, 0, 1
6108, 498329216, 20, 0, 1
5633, 498334849, 18, 0, 1
5646, 498340495, 14, 0, 1
11782, 498352277, 44, 0, 1
6138, 498358415, 16, 0, 1
5652, 498364067, 9, 0, 1
5646, 498369713, 18, 0, 1
11823, 498381536, 34, 0, 1
6138, 498387674, 16, 0, 1
5628, 498393302, 15, 0, 1
5642, 498398944, 25, 0, 1
11800, 498410744, 48, 0, 1
6130, 498416874, 30, 0, 1
5633, 498422507, 20, 0, 1
5627, 498428134, 20, 0, 1
11770, 498439904, 28, 0, 1
6142, 498446046, 32, 0, 1
5658, 498451704, 12, 0, 1
5621, 498457325, 19, 0, 1
11794, 498469119, 36, 0, 1
7480, 498476599, 39, 0, 1
5658, 498482257, 12, 0, 1
5658, 498487915, 7, 0, 1
11807, 498499722, 44, 0, 1
6127, 498505849, 22, 0, 1
5658, 498511507, 9, 0, 1
5644, 498517151, 22, 0, 1
11811, 498528962, 34, 0, 1
6138, 498535100, 15, 0, 1
5658, 498540758, 12, 0, 1
5651, 498546409, 12, 0, 1
11823, 498558232, 25, 0, 1
6138, 498564370, 16, 0, 1
5658, 498570028, 11, 0, 1
830921, 499400949, 13117, 411, 5
60242, 499461191, 2213, 13, 1
6394, 499467585, 35, 0, 1
12106, 499479691, 394, 9, 1
6668, 499486359, 36, 0, 1
13093, 499499452, 37, 0, 1
8278, 499507730, 138, 5, 1
6926, 499514656, 28, 0, 1
13405, 499528061, 41, 0, 1
