5,1.0,391002011.86999995,3889417319.267523
8,391002012.86999995,418590176.68999994,3021399624.513291
7,418590177.68999994,484896812.7199998,1078954198.302667
9,484896813.7199998,530420625.17999977,710127551.439987
2,530420626.17999977,571214592.2999997,3036024722.4208217
1,571214593.2999997,1261560379.1999996,4437195218.808543
2,1261560380.1999996,1302806749.4799995,3036024722.4208217
9,1302806750.4799995,1349018574.7499993,710127551.439987
4,1349018575.7499993,1381259674.9299994,2021348296.0527227
6,1381259675.9299994,2043986296.1199992,4889939584.3099985
4,2043986297.1199992,2058555327.929999,2021348296.0527227
9,2058555328.929999,2093008592.1699991,710127551.439987
4,2093008593.1699991,2098733175.539999,2021348296.0527227
0,2098733176.539999,2100651853.039999,239763616.18792993
