0,1,152021859.71,2967176654.3650727
5,152021860.71,183896640.87,2889592776.231653
11,183896641.87,221802295.08,3671114250.0599723
0,221802296.08,284589548.87,2967176654.3650727
5,284589549.87,3840889141.1900005,2889592776.231653
6,3840889142.1900005,3867515117.0700006,2131834795.7711167
14,3867515118.0700006,3912617719.3700004,2446824213.8627768
6,3912617720.3700004,3956215885.2400002,2131834795.7711167
10,3956215886.2400002,3997420171.5844603,797661017.4990699
8,3997420172.5844603,4022672482.5844603,498751948.10867727
10,4022672483.5844603,4038696706.5844603,797661017.4990699
