23, 1, 4808830, 961765.800
20, 4808831, 12744899, 1587213.600
17, 12744900, 20898547, 1630729.400
4, 20898548, 28819727, 1584235.800
26, 28819728, 35039512, 1243956.800
5, 35039513, 40101099, 1012317.200
24, 40101100, 53742330, 2728246.000
3, 53742331, 168691900, 2554434.867
1, 168691901, 839784549, 2164814.994
9, 839784550, 849651937, 1973477.400
1, 849651938, 898847995, 1967842.280
9, 898847996, 908676556, 1965712.000
1, 908676557, 918497347, 1964158.000
9, 918497348, 938051733, 1955438.500
1, 938051734, 947845522, 1958757.600
9, 947845523, 957564451, 1943785.600
1, 957564452, 967280395, 1943188.600
9, 967280396, 1025355752, 1935845.200
1, 1025355753, 1034941346, 1917118.600
9, 1034941347, 1054121333, 1917998.600
1, 1054121334, 1063741755, 1924084.200
9, 1063741756, 1168582983, 1906204.127
1, 1168582984, 1178037790, 1890961.200
9, 1178037791, 1291213583, 1886263.200
8, 1291213584, 1565934616, 1169025.668
5, 1565934617, 1571011043, 1015285.200
7, 1571011044, 1603589219, 434375.667
5, 1603589220, 1642253840, 429606.889
18, 1642253841, 1642657229, 80677.600
27, 1642657230, 1643652927, 199139.400
25, 1643652928, 1655293751, 2328164.600
2, 1655293752, 1656143329, 169915.400
6, 1656143330, 1656159378, 1604.800
2, 1656159379, 1656228619, 13848.000
