5,1.0,391726991.82,3889417319.267523
4,391726992.82,420607893.82,2021348296.0527227
7,420607894.82,479872434.90999997,1078954198.302667
4,479872435.90999997,491478277.16999996,2021348296.0527227
3,491478278.16999996,524303235.53,1647012626.1522777
2,524303236.53,557588479.47,3036024722.4208217
1,557588480.47,1260215704.1200001,4437195218.808543
2,1260215705.1200001,1298933993.5000002,3036024722.4208217
3,1298933994.5000002,1337958331.7500002,1647012626.1522777
2,1337958332.7500002,1376353483.1300004,3036024722.4208217
6,1376353484.1300004,2010719404.5400007,4889939584.3099985
4,2010719405.5400007,2047889630.1700008,2021348296.0527227
2,2047889631.1700008,2069126631.9500008,3036024722.4208217
3,2069126632.9500008,2087836777.0500007,1647012626.1522777
4,2087836778.0500007,2095282513.8104174,2021348296.0527227
0,2095282514.8104174,2095285543.8104174,239763616.18792993
