2, 1, 1183473, 236694.400
20, 1183474, 7044835, 1172272.200
28, 7044836, 14755816, 1542196.000
26, 14755817, 30392439, 1563662.200
13, 30392440, 35935449, 1108601.800
23, 35935450, 42122564, 1237422.800
24, 42122565, 101505965, 2375336.000
1, 101505966, 1286680721, 1646076.049
5, 1286680722, 1292739226, 1211700.800
8, 1292739227, 1567412330, 886042.268
5, 1567412331, 1571213931, 760320.000
7, 1571213932, 1602639338, 330793.747
5, 1602639339, 1643037138, 504972.487
2, 1643037139, 1644090934, 210759.000
25, 1644090935, 1656411240, 2464061.000
6, 1656411241, 1656435395, 2415.400
2, 1656435396, 1657259317, 164784.200
