2553291 2553291 54085 2057
8636285 11189576 75209 10840
19121357 30310933 19113 4954
6763484 37074417 7852 1598
18993299 56067716 20984 4906
19575481 75643197 17812 4948
18493887 94137084 23300 6435
19321162 113458246 18885 5058
19052769 132511015 18572 4757
19525968 152036983 18392 4989
19646521 171683504 20772 5239
19516847 191200351 19815 4533
19378262 210578613 18718 5190
19458377 230036990 18772 5098
18673149 248710139 19820 4774
18847631 267557770 25545 4860
19465243 287023013 19634 4981
19613903 306636916 18924 5011
19665105 326302021 18698 5016
19724949 346026970 19825 5325
19529113 365556083 18918 5208
19772126 385328209 18534 5022
19521131 404849340 19319 5225
19663090 424512430 19464 5302
19660368 444172798 18861 4901
19662711 463835509 18827 5269
19600725 483436234 19128 5329
12002254 495438488 29504 714
3021896 498460384 6826 260
5658 498466042 17 0
6100 498472142 27 0
11778 498483920 35 0
5634 498489554 16 0
5658 498495212 11 0
6168 498501380 22 0
11795 498513175 35 0
5658 498518833 11 0
5658 498524491 11 0
6160 498530651 18 0
11796 498542447 21 0
5628 498548075 16 0
5658 498553733 6 0
6173 498559906 15 0
11801 498571707 36 0
5640 498577347 12 0
5657 498583004 17 0
6136 498589140 19 0
11802 498600942 47 0
5652 498606594 13 0
5652 498612246 13 0
6160 498618406 16 0
11787 498630193 36 0
5645 498635838 17 0
5668 498641506 32 0
6137 498647643 23 0
11782 498659425 38 0
5651 498665076 18 0
5646 498670722 25 0
6150 498676872 27 0
11816 498688688 21 0
5644 498694332 18 0
5656 498699988 27 0
6160 498706148 16 0
11789 498717937 35 0
5657 498723594 16 0
5658 498729252 11 0
6166 498735418 28 0
11741 498747159 35 0
5658 498752817 11 0
5652 498758469 16 0
6148 498764617 25 0
13160 498777777 110 2
5658 498783435 10 0
5642 498789077 23 0
6148 498795225 20 0
11745 498806970 35 0
5657 498812627 11 0
5658 498818285 10 0
6124 498824409 23 0
11766 498836175 35 0
5644 498841819 18 0
5649 498847468 26 0
6141 498853609 23 0
11795 498865404 67 9
5657 498871061 18 0
5642 498876703 19 0
6149 498882852 19 0
11794 498894646 30 1
5657 498900303 25 0
5658 498905961 12 0
6142 498912103 19 0
11803 498923906 28 0
5640 498929546 19 0
5652 498935198 14 0
6160 498941358 20 0
11796 498953154 24 0
5657 498958811 14 0
5657 498964468 15 0
6160 498970628 22 0
12275 498982903 89 0
6315 498989218 29 0
5649 498994867 11 0
6644 499001511 26 0
12918 499014429 53 0
6123 499020552 18 0
5660 499026212 30 0
6138 499032350 16 0
12213 499044563 30 0
6098 499050661 21 0
6086 499056747 27 0
6116 499062863 17 0
12249 499075112 42 0
6116 499081228 17 0
6109 499087337 25 0
6103 499093440 21 0
12187 499105627 42 0
6116 499111743 16 0
15223 499126966 374 15
6090 499133056 52 0
12223 499145279 44 0
6110 499151389 21 0
6103 499157492 22 0
6086 499163578 23 0
13168 499176746 60 1
6107 499182853 32 0
5658 499188511 13 0
6132 499194643 23 0
11757 499206400 50 0
5658 499212058 12 0
5651 499217709 22 0
6173 499223882 16 0
11771 499235653 33 0
5658 499241311 11 0
5649 499246960 25 0
6147 499253107 28 0
11772 499264879 36 0
5650 499270529 24 0
5658 499276187 11 0
7061 499283248 84 27
11770 499295018 38 0
5632 499300650 20 0
5658 499306308 12 0
6160 499312468 22 0
11754 499324222 37 0
5644 499329866 22 0
5658 499335524 7 0
6124 499341648 24 0
11790 499353438 28 0
5640 499359078 14 0
5642 499364720 26 0
6173 499370893 19 0
11784 499382677 32 0
5633 499388310 20 0
5644 499393954 27 0
6142 499400096 20 0
11807 499411903 37 0
5658 499417561 8 0
5652 499423213 14 0
6118 499429331 20 0
11784 499441115 22 0
5643 499446758 23 0
5652 499452410 15 0
11795 499464205 31 0
6138 499470343 16 0
5626 499475969 22 0
5657 499481626 19 0
11811 499493437 37 0
6126 499499563 19 0
5640 499505203 16 0
5652 499510855 13 0
11835 499522690 45 0
6138 499528828 17 0
5651 499534479 18 0
5652 499540131 13 0
13199 499553330 60 0
6151 499559481 14 0
5658 499565139 10 0
5658 499570797 9 0
11800 499582597 26 0
6096 499588693 20 0
5634 499594327 19 0
5643 499599970 27 0
11785 499611755 43 0
6138 499617893 15 0
5615 499623508 18 0
5652 499629160 15 0
11810 499640970 29 0
6151 499647121 16 0
5652 499652773 15 0
5652 499658425 16 0
11800 499670225 25 0
6108 499676333 19 0
5658 499681991 10 0
5652 499687643 16 0
11789 499699432 28 0
6120 499705552 24 0
5639 499711191 26 0
5657 499716848 24 0
11791 499728639 37 0
6138 499734777 15 0
5622 499740399 16 0
5647 499746046 25 0
11831 499757877 25 0
6138 499764015 15 0
5658 499769673 11 0
5651 499775324 17 0
11817 499787141 35 0
6151 499793292 16 0
5648 499798940 24 0
5651 499804591 18 0
11800 499816391 23 0
6132 499822523 19 0
5626 499828149 21 0
5658 499833807 9 0
11825 499845632 29 0
6121 499851753 25 0
5656 499857409 26 0
5645 499863054 20 0
11808 499874862 42 0
6133 499880995 23 0
5640 499886635 17 0
5650 499892285 25 0
11806 499904091 28 0
6090 499910181 23 0
5644 499915825 23 0
6992 499922817 37 0
11813 499934630 39 0
6141 499940771 42 0
5658 499946429 12 0
5651 499952080 21 0
11794 499963874 26 0
6138 499970012 16 0
5650 499975662 24 0
5658 499981320 11 0
11831 499993151 22 0
6132 499999283 17 0
5643 500004926 24 0
5650 500010576 31 0
11827 500022403 45 0
6121 500028524 21 0
5646 500034170 15 0
5645 500039815 19 0
11779 500051594 30 0
6118 500057712 23 0
5656 500063368 24 0
5658 500069026 12 0
11794 500080820 41 0
6124 500086944 24 0
5630 500092574 22 0
5638 500098212 21 0
11774 500109986 39 0
6151 500116137 16 0
5644 500121781 23 0
5658 500127439 10 0
11807 500139246 43 0
6132 500145378 16 0
5644 500151022 20 0
5658 500156680 16 0
11815 500168495 43 0
6139 500174634 22 0
5658 500180292 12 0
5647 500185939 26 0
11802 500197741 44 0
6131 500203872 21 0
5635 500209507 22 0
5658 500215165 6 0
11776 500226941 37 0
6126 500233067 19 0
5615 500238682 22 0
5658 500244340 9 0
11818 500256158 18 0
6164 500262322 14 0
5642 500267964 20 0
5653 500273617 23 0
11799 500285416 36 0
6122 500291538 30 0
7029 500298567 31 0
5644 500304211 25 0
11824 500316035 32 0
6138 500322173 17 0
5622 500327795 20 0
5616 500333411 21 0
11809 500345220 37 0
6145 500351365 21 0
5650 500357015 20 0
5658 500362673 10 0
11806 500374479 50 0
6138 500380617 18 0
5658 500386275 12 0
5658 500391933 30 0
11816 500403749 36 0
6138 500409887 17 0
5632 500415519 25 0
5653 500421172 29 0
11802 500432974 43 0
6132 500439106 21 0
5646 500444752 21 0
5645 500450397 23 0
11827 500462224 39 0
6138 500468362 17 0
5635 500473997 24 0
5650 500479647 29 0
11817 500491464 27 0
6133 500497597 20 0
5658 500503255 10 0
5646 500508901 11 0
11792 500520693 34 0
6137 500526830 21 0
5645 500532475 17 0
5658 500538133 11 0
11806 500549939 32 0
6132 500556071 20 0
5652 500561723 15 0
5640 500567363 24 0
11788 500579151 30 0
6153 500585304 28 0
5658 500590962 13 0
5672 500596634 31 0
11805 500608439 32 0
6124 500614563 27 0
5658 500620221 13 0
5652 500625873 16 0
11844 500637717 34 0
6132 500643849 15 0
5652 500649501 19 0
5658 500655159 9 0
11781 500666940 33 0
7515 500674455 28 0
5639 500680094 21 0
5642 500685736 23 0
11822 500697558 38 0
6114 500703672 22 0
5646 500709318 16 0
5651 500714969 24 0
11785 500726754 39 0
9477 500736231 181 7
902396 501638627 15306 2373
6431 501645058 63 1
18647 501663705 380 27
6852 501670557 49 1
6718 501677275 23 0
6369 501683644 18 0
14886 501698530 196 12
2443059 2443059 51637 1720
8770070 11213129 76594 10541
19767917 30981046 18851 5102
19032857 50013903 20144 4935
19588235 69602138 21817 5332
19676469 89278607 19119 5147
19691145 108969752 18491 5060
18569669 127539421 24773 6425
19441024 146980445 20008 5133
19791469 166771914 19492 5061
19532481 186304395 21322 4686
19749236 206053631 19421 5279
19715161 225768792 20441 5236
19712317 245481109 20365 5102
18894563 264375672 23814 4962
19161615 283537287 18733 4666
19337421 302874708 19352 4788
19588766 322463474 19110 5017
19865075 342328549 18812 5288
19760080 362088629 18570 5299
19812989 381901618 19822 5164
19709877 401611495 18635 5198
19829830 421441325 18840 5301
19794880 441236205 19113 4895
19729206 460965411 19721 5334
19783472 480748883 19217 5332
12298570 493047453 29120 918
3288521 496335974 7645 293
5651 496341625 24 0
6132 496347757 25 0
5626 496353383 20 0
11811 496365194 47 0
7035 496372229 93 30
6138 496378367 14 0
5634 496384001 18 0
11812 496395813 26 0
5658 496401471 10 0
6139 496407610 21 0
5657 496413267 19 0
11818 496425085 20 0
5658 496430743 11 0
6138 496436881 14 0
5627 496442508 18 0
11831 496454339 31 0
5638 496459977 28 0
6141 496466118 39 0
5633 496471751 18 0
11796 496483547 41 0
5640 496489187 16 0
7039 496496226 105 15
5631 496501857 21 0
11800 496513657 51 0
5658 496519315 9 0
6138 496525453 16 0
5626 496531079 22 0
11831 496542910 25 0
5642 496548552 29 0
6112 496554664 30 0
5631 496560295 23 0
11809 496572104 40 0
5658 496577762 11 0
6136 496583898 26 0
5658 496589556 12 0
11812 496601368 40 0
5658 496607026 10 0
6138 496613164 14 0
5637 496618801 20 0
11804 496630605 43 0
5656 496636261 21 0
6151 496642412 15 0
5622 496648034 21 0
11800 496659834 29 0
5658 496665492 18 0
6145 496671637 14 0
5651 496677288 14 0
11783 496689071 39 0
5638 496694709 24 0
6096 496700805 23 0
5650 496706455 17 0
11806 496718261 29 0
5653 496723914 26 0
6151 496730065 14 0
5645 496735710 16 0
13189 496748899 45 0
5658 496754557 12 0
6138 496760695 14 0
5652 496766347 15 0
11831 496778178 31 0
5616 496783794 19 0
6138 496789932 13 0
5658 496795590 24 0
11810 496807400 29 0
5652 496813052 13 0
6137 496819189 28 0
5658 496824847 11 0
11838 496836685 30 0
5657 496842342 24 0
6126 496848468 21 0
5658 496854126 16 0
11817 496865943 26 0
6352 496872295 71 0
6616 496878911 39 0
6373 496885284 23 0
12930 496898214 41 0
5652 496903866 11 0
6119 496909985 24 0
6116 496916101 15 0
12224 496928325 44 0
6104 496934429 18 0
6116 496940545 16 0
6116 496946661 15 0
12232 496958893 28 0
6116 496965009 17 0
6123 496971132 20 0
6116 496977248 16 0
12192 496989440 48 0
6115 496995555 18 0
6068 497001623 29 0
6110 497007733 21 0
12241 497019974 38 0
6097 497026071 28 0
6115 497032186 21 0
5646 497037832 19 0
11816 497049648 29 0
6108 497055756 25 0
6103 497061859 22 0
5658 497067517 17 0
20878 497088395 349 12
5658 497094053 28 0
6106 497100159 27 0
5651 497105810 26 0
11812 497117622 27 0
5658 497123280 12 0
6136 497129416 26 0
5634 497135050 16 0
13192 497148242 67 0
5658 497153900 10 0
6125 497160025 22 0
5640 497165665 17 0
11802 497177467 39 0
5658 497183125 13 0
6120 497189245 26 0
5645 497194890 19 0
11796 497206686 32 0
5657 497212343 25 0
6157 497218500 26 0
5636 497224136 23 0
11795 497235931 38 0
5657 497241588 21 0
6114 497247702 22 0
5658 497253360 12 0
11831 497265191 33 0
5658 497270849 13 0
6101 497276950 28 0
5655 497282605 23 0
11783 497294388 47 0
5652 497300040 13 0
6121 497306161 30 0
5658 497311819 12 0
11828 497323647 31 0
5662 497329309 31 0
6124 497335433 28 0
5654 497341087 21 0
11797 497352884 45 0
5657 497358541 17 0
6119 497364660 25 0
5658 497370318 13 0
11817 497382135 33 0
5638 497387773 23 0
6138 497393911 17 0
5632 497399543 22 1
11793 497411336 39 0
5649 497416985 26 0
6138 497423123 30 0
5620 497428743 23 0
11819 497440562 42 0
5649 497446211 23 0
6151 497452362 16 0
5627 497457989 18 0
11811 497469800 32 0
5641 497475441 21 0
6138 497481579 18 0
5658 497487237 12 0
11824 497499061 37 0
5650 497504711 17 0
6096 497510807 20 0
7035 497517842 28 0
11818 497529660 28 0
5658 497535318 14 0
6117 497541435 26 0
5658 497547093 11 0
11830 497558923 32 0
5652 497564575 14 0
6122 497570697 30 0
5661 497576358 34 0
11776 497588134 32 0
5652 497593786 14 0
6186 497599972 35 0
5658 497605630 11 0
11804 497617434 36 0
5658 497623092 8 0
6126 497629218 20 0
5658 497634876 8 0
11830 497646706 33 0
5658 497652364 10 0
6096 497658460 19 0
5628 497664088 14 0
11811 497675899 27 0
5648 497681547 23 0
6151 497687698 18 0
5658 497693356 10 0
11808 497705164 44 0
5667 497710831 28 0
6126 497716957 23 0
5658 497722615 11 0
11805 497734420 34 0
5649 497740069 20 0
6131 497746200 28 0
5637 497751837 22 0
11818 497763655 22 0
5642 497769297 23 0
6125 497775422 23 0
5650 497781072 17 0
11825 497792897 30 0
5644 497798541 23 0
6138 497804679 18 0
5628 497810307 17 0
11812 497822119 29 0
5649 497827768 27 1
14351 497842119 260 118
5651 497847770 34 0
11803 497859573 47 0
5668 497865241 27 0
6138 497871379 17 0
5658 497877037 15 0
11835 497888872 31 0
5640 497894512 18 0
7431 497901943 34 0
5639 497907582 19 0
11810 497919392 32 0
5658 497925050 10 0
6154 497931204 24 0
5622 497936826 16 0
11811 497948637 34 0
5658 497954295 11 0
6134 497960429 32 0
5628 497966057 22 0
11831 497977888 26 0
5658 497983546 9 0
6138 497989684 15 0
5628 497995312 15 0
11812 498007124 23 0
5658 498012782 11 0
6138 498018920 26 0
5651 498024571 17 0
11806 498036377 28 0
5652 498042029 13 0
6112 498048141 22 0
5642 498053783 24 0
11807 498065590 49 0
5645 498071235 24 0
6109 498077344 23 0
5639 498082983 17 0
11788 498094771 23 0
5658 498100429 9 0
6125 498106554 21 0
5615 498112169 18 0
11799 498123968 29 0
5658 498129626 13 0
6120 498135746 18 0
5649 498141395 22 0
11818 498153213 22 0
5640 498158853 16 0
6149 498165002 24 0
5634 498170636 15 0
11780 498182416 32 0
5657 498188073 20 0
6131 498194204 21 0
5639 498199843 17 0
11800 498211643 30 0
5633 498217276 17 0
6138 498223414 15 0
5628 498229042 15 0
11788 498240830 29 0
5652 498246482 15 0
6138 498252620 15 0
5652 498258272 11 0
11830 498270102 22 0
7034 498277136 28 0
6132 498283268 18 0
5658 498288926 10 0
11824 498300750 27 0
5652 498306402 14 0
6145 498312547 18 0
5628 498318175 15 0
11818 498329993 24 0
5658 498335651 13 0
6138 498341789 18 0
11268 498353057 29 0
6186 498359243 16 0
5658 498364901 13 0
6138 498371039 15 0
11280 498382319 21 0
6160 498388479 16 0
5658 498394137 13 0
6151 498400288 18 0
11316 498411604 17 0
6160 498417764 13 0
5658 498423422 11 0
6138 498429560 14 0
11316 498440876 17 0
6154 498447030 18 0
5658 498452688 9 0
6138 498458826 17 0
11316 498470142 17 0
6154 498476296 20 0
5658 498481954 14 0
6138 498488092 24 0
11316 498499408 19 0
6173 498505581 12 0
5657 498511238 16 0
6132 498517370 20 0
11286 498528656 26 0
6152 498534808 24 0
5658 498540466 12 0
6145 498546611 20 0
11307 498557918 41 0
6154 498564072 17 0
5658 498569730 17 0
6138 498575868 17 0
11298 498587166 18 0
6149 498593315 20 0
5658 498598973 17 0
6132 498605105 18 0
11295 498616400 30 0
6159 498622559 23 0
5658 498628217 13 0
6150 498634367 22 0
11297 498645664 25 0
904886 499550550 15772 2315
6624 499557174 582 1
6107 499563281 29 0
13110 499576391 52 0
12375 499588766 365 30
6651 499595417 38 0
6724 499602141 33 0
15098 499617239 151 13
6629 499623868 32 0
3515016 3515016 70870 2455
10648567 14163583 60289 10437
19279946 33443529 19834 4965
6615628 40059157 8503 1530
19091548 59150705 20780 4780
19581933 78732638 17570 5073
18414585 97147223 23757 6467
19225345 116372568 18634 4925
19090313 135462881 18024 4816
19573264 155036145 17873 5128
19585434 174621579 20385 4819
19574335 194195914 18964 4664
19546502 213742416 19076 5239
19419723 233162139 18425 5121
18874769 252036908 19774 4895
18718045 270754953 24702 4546
19190107 289945060 19499 5055
19603914 309548974 19152 5034
19609560 329158534 18719 4957
19657506 348816040 20036 5314
19511220 368327260 18773 5220
19700328 388027588 18822 5051
19512284 407539872 19041 5191
19639654 427179526 19267 5117
19651330 446830856 18798 4937
19596842 466427698 19174 5264
19200241 485627939 22731 5218
10815964 496443903 25188 147
1959357 498403260 5450 283
5652 498408912 23 0
6114 498415026 25 0
11785 498426811 38 0
5658 498432469 12 0
5656 498438125 28 0
6128 498444253 29 0
11770 498456023 41 0
7005 498463028 102 13
5661 498468689 32 0
6173 498474862 15 0
11770 498486632 30 0
5640 498492272 18 0
5658 498497930 14 0
6154 498504084 20 0
11783 498515867 36 0
5658 498521525 11 0
5651 498527176 17 0
6130 498533306 27 0
11775 498545081 45 1
5628 498550709 21 0
5658 498556367 12 0
6112 498562479 23 0
11790 498574269 36 0
5634 498579903 17 0
5658 498585561 12 0
6146 498591707 25 0
11780 498603487 48 0
5652 498609139 16 0
5647 498614786 25 0
6137 498620923 21 0
11790 498632713 29 0
5648 498638361 21 0
5651 498644012 29 0
6134 498650146 28 0
11822 498661968 29 0
5649 498667617 27 0
5646 498673263 18 0
6142 498679405 24 0
11775 498691180 35 0
5646 498696826 17 0
5658 498702484 11 0
6142 498708626 24 0
11773 498720399 52 0
6086 498726485 22 0
5646 498732131 19 0
6138 498738269 18 0
11790 498750059 26 0
5657 498755716 16 0
5658 498761374 12 0
6173 498767547 20 0
11807 498779354 39 0
5633 498784987 18 0
5658 498790645 11 0
6153 498796798 19 0
11807 498808605 39 0
5650 498814255 28 0
5642 498819897 25 0
11804 498831701 46 0
7478 498839179 42 0
5662 498844841 27 0
5656 498850497 27 0
11830 498862327 37 0
6137 498868464 29 0
5658 498874122 13 0
5658 498879780 12 0
11800 498891580 22 0
6142 498897722 22 0
5658 498903380 13 0
5651 498909031 18 0
11810 498920841 40 0
6665 498927506 61 0
6308 498933814 35 0
5652 498939466 34 0
13008 498952474 32 0
6601 498959075 21 0
6092 498965167 19 0
5645 498970812 27 0
12216 498983028 39 0
6101 498989129 29 0
6129 498995258 19 0
6080 499001338 24 0
12216 499013554 43 0
6116 499019670 17 0
6109 499025779 23 0
6104 499031883 23 0
12214 499044097 46 0
6116 499050213 17 0
6116 499056329 16 0
6110 499062439 24 0
12237 499074676 36 0
6091 499080767 21 0
6094 499086861 30 0
6110 499092971 30 0
11762 499104733 34 0
6138 499110871 17 0
6098 499116969 18 0
5651 499122620 26 0
11788 499134408 31 0
6138 499140546 22 0
5658 499146204 12 0
5652 499151856 15 0
11806 499163662 24 0
6138 499169800 12 0
5615 499175415 19 0
5640 499181055 15 0
20866 499201921 382 19
6138 499208059 21 0
5646 499213705 18 0
5658 499219363 14 0
13174 499232537 61 0
6138 499238675 18 0
5652 499244327 12 0
5652 499249979 15 0
11773 499261752 42 0
6138 499267890 16 0
5658 499273548 12 0
5658 499279206 11 0
11803 499291009 36 0
6151 499297160 16 0
5634 499302794 18 0
5639 499308433 23 0
11810 499320243 29 0
6138 499326381 18 0
5658 499332039 13 0
5652 499337691 15 0
11815 499349506 36 0
6138 499355644 15 0
5634 499361278 20 0
5643 499366921 29 0
11799 499378720 30 0
6151 499384871 18 0
5622 499390493 21 0
5638 499396131 27 0
11818 499407949 23 0
6128 499414077 28 0
5658 499419735 13 0
5658 499425393 12 0
11843 499437236 34 0
6132 499443368 20 0
5673 499449041 32 0
5658 499454699 13 0
11812 499466511 29 0
6138 499472649 18 0
5652 499478301 13 0
5647 499483948 30 0
11831 499495779 22 0
6138 499501917 17 0
5662 499507579 27 0
5658 499513237 10 0
11817 499525054 31 0
6158 499531212 16 0
5658 499536870 14 0
5652 499542522 13 0
11776 499554298 28 0
6113 499560411 30 0
5651 499566062 14 0
5652 499571714 16 0
11819 499583533 28 0
6102 499589635 23 0
5657 499595292 15 0
5652 499600944 23 0
13185 499614129 50 0
6145 499620274 20 0
5616 499625890 21 0
5650 499631540 25 0
11788 499643328 31 0
6119 499649447 23 0
5634 499655081 19 0
5652 499660733 14 0
11792 499672525 47 0
6118 499678643 23 0
5658 499684301 11 0
5646 499689947 11 0
11818 499701765 23 0
6138 499707903 15 0
5646 499713549 22 0
5649 499719198 26 0
11822 499731020 32 0
6138 499737158 14 0
5627 499742785 21 0
5671 499748456 29 0
11818 499760274 38 0
6155 499766429 29 0
5658 499772087 14 0
5658 499777745 8 0
11779 499789524 40 0
6123 499795647 33 0
5651 499801298 20 0
5652 499806950 15 0
11825 499818775 37 0
6117 499824892 27 0
5634 499830526 15 0
5658 499836184 11 0
11786 499847970 47 0
6151 499854121 15 0
5644 499859765 20 0
5657 499865422 23 0
11805 499877227 35 0
6138 499883365 19 0
5656 499889021 26 0
5658 499894679 10 0
11776 499906455 37 0
6138 499912593 15 0
5627 499918220 25 0
5658 499923878 13 0
11812 499935690 24 0
6108 499941798 22 0
5651 499947449 17 0
5644 499953093 25 0
11835 499964928 33 0
6126 499971054 20 0
5620 499976674 19 0
7035 499983709 22 0
11803 499995512 37 0
6151 500001663 17 0
5649 500007312 20 0
5658 500012970 8 0
11811 500024781 30 0
6112 500030893 22 0
5658 500036551 10 0
5657 500042208 18 0
11831 500054039 20 0
6132 500060171 18 0
5646 500065817 13 0
5652 500071469 12 0
11800 500083269 53 0
6151 500089420 14 0
5631 500095051 24 0
5651 500100702 19 0
11815 500112517 41 0
6138 500118655 15 0
5635 500124290 21 0
5658 500129948 8 0
11790 500141738 47 0
6138 500147876 16 0
5650 500153526 18 0
5652 500159178 15 0
11812 500170990 26 0
6138 500177128 17 0
5616 500182744 21 0
5650 500188394 27 0
11808 500200202 39 0
6134 500206336 35 0
5646 500211982 24 0
5658 500217640 11 0
11787 500229427 30 0
6133 500235560 23 0
5640 500241200 20 0
5644 500246844 23 0
11818 500258662 29 0
6145 500264807 16 0
5621 500270428 17 0
5660 500276088 28 0
11807 500287895 44 0
6138 500294033 17 0
5621 500299654 21 0
5658 500305312 9 0
11817 500317129 30 0
6151 500323280 18 0
5615 500328895 23 0
5638 500334533 22 0
11809 500346342 43 0
6138 500352480 17 0
7025 500359505 35 0
5658 500365163 12 0
11760 500376923 34 0
6138 500383061 18 0
5658 500388719 14 0
5652 500394371 13 0
11816 500406187 39 0
6138 500412325 16 0
5622 500417947 18 0
5643 500423590 28 0
11838 500435428 44 0
6138 500441566 17 0
5646 500447212 20 0
5652 500452864 16 0
11812 500464676 32 0
6151 500470827 18 0
5639 500476466 18 0
5658 500482124 11 0
11790 500493914 47 0
6137 500500051 17 0
5628 500505679 15 0
5658 500511337 9 0
11777 500523114 31 0
6138 500529252 16 0
5668 500534920 24 0
5622 500540542 21 0
11791 500552333 39 0
6164 500558497 15 0
5648 500564145 24 0
5651 500569796 32 0
11783 500581579 37 0
6138 500587717 19 0
5656 500593373 20 0
5662 500599035 26 0
11788 500610823 48 0
6138 500616961 18 0
5625 500622586 19 0
5645 500628231 17 0
11795 500640026 36 0
6111 500646137 27 0
5648 500651785 27 0
5655 500657440 28 0
11806 500669246 27 0
6125 500675371 21 0
884549 501559920 15299 2298
6496 501566416 602 11
12245 501578661 95 0
6694 501585355 43 0
6651 501592006 22 0
12099 501604105 372 30
14771 501618876 131 2
6667 501625543 25 0
1264540 1264540 28559 563
6184624 7449164 88718 9665
18609655 26058819 25644 5600
19318303 45377122 20679 4874
18985521 64362643 20416 5061
19646082 84008725 19442 5069
19531893 103540618 18376 5086
18728226 122268844 24464 6634
19196905 141465749 19065 4908
19745662 161211411 20204 5123
19308677 180520088 20930 4996
19685706 200205794 18892 4834
19702213 219908007 18652 5224
19527937 239435944 20541 5093
18786749 258222693 23486 4878
19306713 277529406 18864 4706
18977440 296506846 18708 5054
19530237 316037083 19217 4888
19756777 335793860 19266 5128
19662824 355456684 18722 5188
19598169 375054853 19346 5243
19751583 394806436 19418 5002
19742821 414549257 18478 5277
19683123 434232380 18610 4919
19679752 453912132 18676 5265
19689812 473601944 19626 5267
16692066 490294010 31631 2841
6079818 496373828 11534 279
6139 496379967 360 2
11753 496391720 51 0
5662 496397382 34 0
5666 496403048 31 0
6118 496409166 26 0
11788 496420954 34 0
5634 496426588 21 0
5639 496432227 27 0
6136 496438363 26 0
11768 496450131 42 0
5663 496455794 17 0
5658 496461452 10 0
6151 496467603 29 0
11779 496479382 38 0
5646 496485028 15 0
5642 496490670 23 0
6160 496496830 17 0
11773 496508603 47 0
5658 496514261 14 0
5645 496519906 19 0
7541 496527447 110 5
11796 496539243 27 0
5640 496544883 22 0
5626 496550509 22 0
6143 496556652 27 0
11797 496568449 29 0
5639 496574088 26 0
5646 496579734 26 0
6160 496585894 17 0
11771 496597665 29 0
5633 496603298 23 0
5658 496608956 10 0
6147 496615103 24 0
11717 496626820 38 0
5658 496632478 12 0
5678 496638156 33 0
6154 496644310 20 0
11778 496656088 27 0
5633 496661721 17 0
5658 496667379 10 0
6131 496673510 22 0
11795 496685305 33 0
5658 496690963 10 0
5658 496696621 9 0
6142 496702763 24 0
11817 496714580 44 0
5610 496720190 21 0
5644 496725834 27 0
11821 496737655 45 0
6125 496743780 30 0
5652 496749432 9 0
5658 496755090 12 0
11795 496766885 31 0
6132 496773017 20 0
5668 496778685 22 0
5662 496784347 27 0
11794 496796141 33 0
6151 496802292 17 0
5651 496807943 19 0
5652 496813595 14 0
11787 496825382 30 0
6138 496831520 14 0
5656 496837176 27 0
5658 496842834 10 0
11814 496854648 47 0
6132 496860780 27 0
5658 496866438 11 0
5658 496872096 11 0
11793 496883889 42 0
6120 496890009 20 0
5658 496895667 15 0
7035 496902702 29 3
12539 496915241 69 0
6804 496922045 65 4
6628 496928673 39 0
6333 496935006 18 0
12248 496947254 54 0
6103 496953357 24 0
6115 496959472 29 0
6116 496965588 17 0
12211 496977799 62 1
6080 496983879 23 0
6078 496989957 24 0
6117 496996074 22 0
12219 497008293 34 0
6103 497014396 23 0
6116 497020512 18 0
6097 497026609 25 0
12220 497038829 32 0
6131 497044960 32 0
6110 497051070 17 0
6110 497057180 25 7
12226 497069406 28 0
6098 497075504 22 0
6109 497081613 16 0
5645 497087258 15 0
12261 497099519 35 0
6116 497105635 16 0
6104 497111739 23 0
5658 497117397 13 0
11782 497129179 29 0
6108 497135287 21 0
5652 497140939 18 0
5657 497146596 18 0
11838 497158434 40 0
6138 497164572 14 0
5634 497170206 20 0
5642 497175848 24 0
11780 497187628 30 0
6151 497193779 15 0
5658 497199437 9 0
5651 497205088 19 0
11827 497216915 39 0
6126 497223041 16 0
5658 497228699 9 0
5646 497234345 20 0
11843 497246188 38 0
6138 497252326 14 0
5658 497257984 9 0
5657 497263641 27 0
11785 497275426 39 0
6151 497281577 15 0
7022 497288599 32 0
5658 497294257 10 0
11791 497306048 46 0
6126 497312174 24 0
5658 497317832 10 0
5640 497323472 14 0
23227 497346699 446 8
6138 497352837 24 0
5632 497358469 19 0
5652 497364121 30 0
11781 497375902 40 0
6138 497382040 16 0
5650 497387690 19 0
5643 497393333 23 0
11812 497405145 29 0
6132 497411277 20 0
5652 497416929 14 0
5651 497422580 20 0
11794 497434374 26 0
6133 497440507 21 0
5638 497446145 21 0
5658 497451803 11 0
11786 497463589 25 0
6123 497469712 30 0
5634 497475346 21 0
5665 497481011 29 0
11833 497492844 46 0
6138 497498982 16 0
5620 497504602 20 0
5652 497510254 15 0
11800 497522054 45 0
6126 497528180 25 0
5658 497533838 12 0
5658 497539496 12 0
11789 497551285 39 0
6138 497557423 18 0
5640 497563063 18 0
5645 497568708 20 0
11816 497580524 40 0
6138 497586662 17 0
5646 497592308 19 0
5658 497597966 13 0
11805 497609771 30 0
6145 497615916 14 0
5636 497621552 24 0
5651 497627203 17 0
11805 497639008 42 0
6138 497645146 15 0
5640 497650786 20 0
5649 497656435 29 0
13195 497669630 36 0
6146 497675776 35 0
5647 497681423 27 0
5648 497687071 26 0
11801 497698872 56 0
6120 497704992 20 0
5658 497710650 10 0
5658 497716308 9 0
11787 497728095 39 0
6138 497734233 14 0
5645 497739878 15 0
5658 497745536 10 0
11782 497757318 36 0
6138 497763456 24 0
5627 497769083 22 0
5639 497774722 16 0
11797 497786519 37 0
6138 497792657 17 0
5658 497798315 14 0
5658 497803973 8 0
11819 497815792 25 0
6119 497821911 20 0
5658 497827569 11 0
5652 497833221 13 0
11770 497844991 38 0
6125 497851116 22 0
6128 497857244 23 0
5627 497862871 20 0
11764 497874635 33 0
6112 497880747 23 0
5658 497886405 12 0
5658 497892063 11 0
11811 497903874 27 0
6151 497910025 13 0
5634 497915659 18 0
5651 497921310 19 0
11818 497933128 24 0
6119 497939247 23 0
5651 497944898 22 0
5658 497950556 16 0
11785 497962341 41 0
6138 497968479 16 0
5639 497974118 16 0
5640 497979758 12 0
11793 497991551 38 0
6177 497997728 21 0
5620 498003348 17 0
5657 498009005 21 0
11785 498020790 42 0
6107 498026897 25 0
5646 498032543 30 0
5645 498038188 18 0
13193 498051381 51 0
6107 498057488 26 0
5616 498063104 19 0
5656 498068760 25 0
11820 498080580 31 0
6138 498086718 16 0
5652 498092370 16 0
5658 498098028 26 7
11768 498109796 43 0
6138 498115934 13 0
5640 498121574 17 0
5651 498127225 19 0
11816 498139041 36 0
6136 498145177 31 0
5622 498150799 17 0
5652 498156451 15 0
11776 498168227 45 0
6113 498174340 22 0
5620 498179960 19 0
5658 498185618 11 0
11802 498197420 43 0
6138 498203558 15 0
5627 498209185 17 0
5658 498214843 13 0
11802 498226645 30 0
6151 498232796 16 0
5645 498238441 22 0
5658 498244099 10 0
11800 498255899 44 0
6138 498262037 18 0
5645 498267682 22 0
5666 498273348 29 0
11788 498285136 31 0
6138 498291274 15 0
5649 498296923 20 0
5651 498302574 21 0
11816 498314390 41 0
6138 498320528 16 0
5643 498326171 26 0
5652 498331823 25 0
11787 498343610 37 0
6135 498349745 35 0
5658 498355403 14 0
5652 498361055 15 0
11790 498372845 46 0
6164 498379009 18 0
5621 498384630 20 0
5642 498390272 24 0
11826 498402098 40 0
6138 498408236 19 0
5658 498413894 12 0
7029 498420923 36 0
11827 498432750 41 0
6135 498438885 30 0
5641 498444526 25 0
5652 498450178 13 0
11811 498461989 38 0
6151 498468140 19 0
5651 498473791 16 0
5615 498479406 20 0
11811 498491217 28 0
6138 498497355 15 0
5656 498503011 31 0
5653 498508664 24 0
11817 498520481 56 0
6096 498526577 26 0
5620 498532197 18 0
5643 498537840 23 0
11787 498549627 25 0
6123 498555750 27 0
5634 498561384 20 0
5633 498567017 20 0
11799 498578816 41 0
6138 498584954 17 0
5633 498590587 23 0
5656 498596243 25 0
11795 498608038 38 0
6138 498614176 21 0
5652 498619828 18 0
5658 498625486 11 0
11806 498637292 27 0
6126 498643418 22 0
5658 498649076 16 0
5658 498654734 13 0
11823 498666557 35 0
56059 498722616 3479 809
854837 499577453 12194 1665
6707 499584160 54 0
20459 499604619 462 43
6682 499611301 48 0
6433 499617734 23 0
14943 499632677 179 10
2847941 2847941 56701 2042
9479140 12327081 70801 10498
19183764 31510845 18972 4976
6674971 38185816 7809 1457
19039346 57225162 20493 4862
19531149 76756311 17550 5114
18450366 95206677 23028 6483
19182059 114388736 18350 4928
19041631 133430367 17904 4840
19499443 152929810 17848 5133
19619562 172549372 19895 5166
19556529 192105901 18752 4715
19575846 211681747 18290 5225
19453403 231135150 18632 5089
18682536 249817686 19373 4930
18725466 268543152 24007 4556
19111834 287654986 18803 4956
19552705 307207691 18531 5137
19510186 326717877 19114 4945
19617785 346335662 19296 5281
19471936 365807598 18567 5096
19652158 385459756 18078 5045
19508898 404968654 18425 5135
19555992 424524646 19170 5280
19502680 444027326 18899 4890
19558816 463586142 18638 5227
19515569 483101711 18742 5268
12081112 495182823 29191 820
3102825 498285648 7025 276
5658 498291306 29 1
6138 498297444 16 0
11780 498309224 36 0
5658 498314882 12 0
5658 498320540 12 0
6173 498326713 16 0
11768 498338481 43 0
5620 498344101 21 0
5658 498349759 7 0
6129 498355888 19 0
11790 498367678 46 0
5628 498373306 16 0
5645 498378951 27 0
6160 498385111 18 0
11778 498396889 27 0
5650 498402539 27 0
5658 498408197 4 0
6152 498414349 30 0
11793 498426142 36 0
5656 498431798 15 0
5656 498437454 31 0
6142 498443596 19 0
11783 498455379 30 0
5638 498461017 21 0
5646 498466663 19 0
6173 498472836 18 0
13135 498485971 117 5
5658 498491629 12 0
5644 498497273 23 0
6118 498503391 26 0
20010 498523401 290 73
5658 498529059 29 0
5639 498534698 16 0
6160 498540858 17 0
11758 498552616 33 0
5658 498558274 11 0
5658 498563932 9 0
6177 498570109 25 0
11800 498581909 36 0
5658 498587567 8 0
5658 498593225 10 0
6112 498599337 24 0
11807 498611144 42 0
5657 498616801 19 0
5646 498622447 19 0
11797 498634244 48 0
6138 498640382 19 0
5662 498646044 18 0
5658 498651702 10 0
11822 498663524 36 0
6113 498669637 19 0
5640 498675277 14 0
5652 498680929 12 0
11787 498692716 38 0
6138 498698854 19 0
5622 498704476 20 0
5650 498710126 25 0
11830 498721956 46 0
6122 498728078 33 0
5658 498733736 16 0
5658 498739394 12 0
11798 498751192 43 0
6138 498757330 20 0
5658 498762988 14 0
5658 498768646 12 0
12536 498781182 103 0
6624 498787806 38 0
6373 498794179 15 0
6333 498800512 16 0
12298 498812810 57 0
6663 498819473 27 0
6333 498825806 15 0
5643 498831449 19 0
13005 498844454 39 0
6589 498851043 32 0
6104 498857147 22 0
5633 498862780 23 0
13600 498876380 61 3
6085 498882465 25 0
6096 498888561 29 0
6104 498894665 21 0
12182 498906847 48 0
6098 498912945 21 0
6086 498919031 23 0
6099 498925130 32 0
12205 498937335 48 0
6092 498943427 22 0
6100 498949527 23 0
6109 498955636 22 0
12207 498967843 46 0
6116 498973959 14 0
6092 498980051 21 0
6109 498986160 24 0
11723 498997883 41 0
6151 499004034 13 0
6101 499010135 28 0
5652 499015787 18 0
11768 499027555 34 0
6116 499033671 30 0
5658 499039329 16 0
5654 499044983 27 0
11831 499056814 33 0
6141 499062955 24 0
5634 499068589 14 0
5658 499074247 16 0
11780 499086027 27 0
6151 499092178 16 0
5627 499097805 22 0
5655 499103460 23 0
11800 499115260 45 0
6138 499121398 15 0
5644 499127042 19 0
5646 499132688 21 0
11816 499144504 34 0
6124 499150628 24 0
5658 499156286 14 0
5646 499161932 17 0
11819 499173751 36 0
6138 499179889 15 0
5658 499185547 11 0
5651 499191198 17 0
11791 499202989 35 0
6120 499209109 21 0
5658 499214767 10 0
5658 499220425 10 0
11793 499232218 32 0
6151 499238369 15 0
5658 499244027 11 0
5658 499249685 12 0
13150 499262835 58 0
6138 499268973 15 0
5655 499274628 28 0
5650 499280278 27 0
11815 499292093 37 0
6138 499298231 16 0
5622 499303853 18 0
5658 499309511 7 0
11783 499321294 30 0
17582 499338876 378 9
5658 499344534 27 0
5658 499350192 14 0
11812 499362004 44 0
6138 499368142 15 0
5662 499373804 27 0
5658 499379462 8 0
11824 499391286 28 0
6130 499397416 27 0
5658 499403074 13 0
5658 499408732 9 0
11746 499420478 34 0
6138 499426616 14 0
5658 499432274 10 0
5651 499437925 18 0
11825 499449750 27 0
6138 499455888 16 0
5658 499461546 9 0
5658 499467204 10 0
11791 499478995 40 0
6139 499485134 26 0
5621 499490755 20 0
5658 499496413 13 0
11827 499508240 43 0
6138 499514378 14 0
5646 499520024 17 0
5651 499525675 19 0
11792 499537467 34 0
6138 499543605 16 0
5627 499549232 22 0
5658 499554890 13 0
11822 499566712 42 0
6139 499572851 23 0
5646 499578497 19 0
5658 499584155 12 0
11792 499595947 38 0
6149 499602096 31 0
5642 499607738 21 0
5633 499613371 27 0
11821 499625192 40 0
6138 499631330 16 0
7010 499638340 38 0
5658 499643998 15 0
11761 499655759 39 0
6138 499661897 16 0
5630 499667527 22 0
5658 499673185 10 0
11828 499685013 39 0
6132 499691145 18 0
5634 499696779 16 0
5652 499702431 15 0
11816 499714247 51 0
6144 499720391 32 0
5648 499726039 25 0
5657 499731696 23 0
11812 499743508 33 0
6116 499749624 23 0
6079 499755703 25 0
5649 499761352 25 0
11787 499773139 51 0
6138 499779277 14 0
5628 499784905 19 0
5658 499790563 13 1
11790 499802353 27 0
6144 499808497 23 0
5657 499814154 20 0
5660 499819814 25 0
11834 499831648 41 0
6125 499837773 26 0
5616 499843389 20 0
5658 499849047 17 0
11815 499860862 51 0
6124 499866986 28 0
5652 499872638 14 0
5652 499878290 12 0
11796 499890086 40 0
6138 499896224 15 0
5615 499901839 21 0
5646 499907485 17 0
11830 499919315 29 0
6126 499925441 25 0
5658 499931099 11 0
5652 499936751 13 0
11768 499948519 29 0
6125 499954644 23 0
5658 499960302 8 0
5652 499965954 14 0
11799 499977753 36 0
6138 499983891 14 0
5620 499989511 17 0
5658 499995169 13 0
11812 500006981 31 0
7515 500014496 31 0
5627 500020123 21 0
5661 500025784 31 0
11806 500037590 25 0
6151 500043741 15 0
5639 500049380 17 0
5652 500055032 11 0
11761 500066793 45 0
6138 500072931 15 0
5643 500078574 23 0
5658 500084232 11 0
11790 500096022 29 0
6138 500102160 14 0
5660 500107820 29 0
5658 500113478 12 0
11799 500125277 28 0
6131 500131408 28 0
5658 500137066 10 0
5659 500142725 23 0
11801 500154526 43 0
6138 500160664 14 0
5655 500166319 21 0
5645 500171964 20 0
11800 500183764 29 0
7039 500190803 68 5
5642 500196445 24 0
5651 500202096 19 0
11799 500213895 34 0
6126 500220021 27 0
5646 500225667 20 0
5658 500231325 31 0
11788 500243113 37 0
6138 500249251 19 0
5658 500254909 8 0
5651 500260560 19 0
11820 500272380 36 0
6145 500278525 13 0
5640 500284165 16 0
5652 500289817 12 0
11815 500301632 44 0
6138 500307770 14 0
5658 500313428 13 0
5658 500319086 13 0
11809 500330895 39 0
6108 500337003 25 0
5628 500342631 15 0
5646 500348277 11 0
11773 500360050 38 0
6132 500366182 27 0
5658 500371840 10 0
5658 500377498 11 0
13171 500390669 58 0
6138 500396807 16 0
5644 500402451 16 0
5658 500408109 9 0
11796 500419905 39 0
6151 500426056 16 0
5658 500431714 9 0
5640 500437354 13 0
11791 500449145 37 0
6138 500455283 15 0
5621 500460904 21 0
5652 500466556 15 0
11830 500478386 30 0
6138 500484524 18 0
5651 500490175 15 0
5657 500495832 20 0
11792 500507624 38 0
6151 500513775 19 0
5644 500519419 21 0
5658 500525077 9 0
11777 500536854 43 0
6119 500542973 20 0
5658 500548631 12 0
5658 500554289 11 0
888809 501443098 15385 2247
6707 501449805 78 0
6666 501456471 37 0
12314 501468785 413 26
13442 501482227 69 0
6652 501488879 25 0
8289 501497168 125 5
6602 501503770 23 0
