4506488, 4506488, 87618, 3405, 16
13735586, 18242074, 49737, 10853, 20
19352470, 37594544, 17991, 4894, 11
18906405, 56500949, 20107, 4640, 11
19301706, 75802655, 19955, 5191, 11
19412570, 95215225, 19160, 5100, 11
19358820, 114574045, 18158, 4919, 11
18656448, 133230493, 23410, 6621, 2
18995023, 152225516, 18441, 4896, 11
19566964, 171792480, 19311, 5062, 11
19098833, 190891313, 20489, 4420, 11
19551754, 210443067, 18480, 5100, 11
19470513, 229913580, 18371, 5106, 11
19425935, 249339515, 20257, 4756, 11
18660935, 268000450, 24067, 4392, 11
19226545, 287226995, 18477, 5037, 11
18809197, 306036192, 18906, 4910, 11
19277580, 325313772, 19381, 5055, 11
19623666, 344937438, 19367, 5285, 11
19441300, 364378738, 19456, 5111, 11
19680409, 384059147, 18546, 5156, 11
19532247, 403591394, 19644, 5188, 11
19661815, 423253209, 18891, 5006, 11
19615430, 442868639, 19456, 4889, 11
19537329, 462405968, 19050, 5223, 11
19480561, 481886529, 20260, 5252, 11
11583316, 493469845, 28380, 586, 19
2875640, 496345485, 6631, 247, 5
6089, 496351574, 46, 0, 1
11768, 496363342, 46, 0, 1
5621, 496368963, 20, 0, 1
5662, 496374625, 27, 0, 1
6134, 496380759, 27, 0, 1
11790, 496392549, 29, 0, 1
5648, 496398197, 25, 0, 1
5644, 496403841, 19, 0, 1
6147, 496409988, 24, 0, 1
11787, 496421775, 30, 0, 1
5663, 496427438, 16, 0, 1
5650, 496433088, 27, 0, 1
11800, 496444888, 42, 0, 1
6138, 496451026, 17, 0, 1
5650, 496456676, 12, 0, 1
5652, 496462328, 11, 0, 1
11843, 496474171, 30, 0, 1
6138, 496480309, 15, 0, 1
5646, 496485955, 12, 0, 1
5633, 496491588, 22, 0, 1
11818, 496503406, 35, 0, 1
6151, 496509557, 15, 0, 1
5658, 496515215, 10, 0, 1
5659, 496520874, 25, 0, 1
11808, 496532682, 44, 0, 1
6142, 496538824, 28, 0, 1
5621, 496544445, 21, 0, 1
5658, 496550103, 12, 0, 1
11789, 496561892, 29, 0, 1
6125, 496568017, 24, 0, 1
5628, 496573645, 19, 0, 1
5658, 496579303, 13, 0, 1
11805, 496591108, 30, 0, 1
6151, 496597259, 13, 0, 1
5646, 496602905, 22, 0, 1
5658, 496608563, 9, 0, 1
11776, 496620339, 34, 0, 1
6138, 496626477, 15, 0, 1
5645, 496632122, 18, 0, 1
5658, 496637780, 9, 0, 1
11815, 496649595, 48, 0, 1
6138, 496655733, 15, 0, 1
5643, 496661376, 22, 0, 1
5645, 496667021, 17, 0, 1
11801, 496678822, 39, 0, 1
6134, 496684956, 30, 1, 1
5658, 496690614, 10, 0, 1
5650, 496696264, 24, 0, 1
13154, 496709418, 111, 0, 1
6130, 496715548, 25, 0, 1
5652, 496721200, 15, 0, 1
5658, 496726858, 9, 0, 1
11799, 496738657, 35, 0, 1
6155, 496744812, 29, 0, 1
5658, 496750470, 11, 0, 1
5658, 496756128, 11, 0, 1
11785, 496767913, 47, 0, 1
6108, 496774021, 19, 0, 1
5658, 496779679, 10, 0, 1
5640, 496785319, 16, 0, 1
11825, 496797144, 34, 0, 1
6138, 496803282, 16, 0, 1
5658, 496808940, 15, 0, 1
5658, 496814598, 10, 0, 1
11822, 496826420, 44, 0, 1
6164, 496832584, 14, 0, 1
5658, 496838242, 11, 0, 1
5652, 496843894, 14, 0, 1
11806, 496855700, 37, 0, 1
6138, 496861838, 16, 0, 1
5649, 496867487, 27, 0, 1
5658, 496873145, 8, 0, 1
13020, 496886165, 46, 1, 1
6488, 496892653, 38, 0, 1
6373, 496899026, 12, 0, 1
6333, 496905359, 17, 0, 1
12721, 496918080, 37, 0, 1
6119, 496924199, 31, 0, 1
6103, 496930302, 28, 0, 1
6079, 496936381, 23, 0, 1
12231, 496948612, 32, 0, 1
6104, 496954716, 24, 0, 1
6116, 496960832, 18, 0, 1
6116, 496966948, 16, 0, 1
13111, 496980059, 126, 14, 1
6107, 496986166, 31, 0, 1
6097, 496992263, 24, 0, 1
6113, 496998376, 19, 0, 1
12210, 497010586, 44, 0, 1
6116, 497016702, 18, 0, 1
6074, 497022776, 24, 0, 1
6099, 497028875, 22, 0, 1
12216, 497041091, 48, 0, 1
6110, 497047201, 15, 0, 1
6105, 497053306, 32, 0, 1
5658, 497058964, 14, 0, 1
11773, 497070737, 44, 0, 1
6151, 497076888, 18, 0, 1
5658, 497082546, 15, 0, 1
7038, 497089584, 40, 0, 1
11820, 497101404, 42, 0, 1
6123, 497107527, 29, 0, 1
5657, 497113184, 22, 0, 1
5658, 497118842, 9, 0, 1
11783, 497130625, 35, 0, 1
6147, 497136772, 29, 0, 1
5610, 497142382, 20, 0, 1
5650, 497148032, 25, 0, 1
11819, 497159851, 39, 0, 1
6138, 497165989, 14, 0, 1
5634, 497171623, 16, 0, 1
5652, 497177275, 11, 0, 1
11824, 497189099, 32, 0, 1
6138, 497195237, 15, 0, 1
5633, 497200870, 23, 0, 1
5642, 497206512, 23, 0, 1
11818, 497218330, 22, 0, 1
6158, 497224488, 20, 0, 1
5658, 497230146, 13, 0, 1
5652, 497235798, 16, 0, 1
11784, 497247582, 42, 0, 1
6132, 497253714, 18, 0, 1
5652, 497259366, 14, 0, 1
5658, 497265024, 13, 0, 1
11807, 497276831, 41, 0, 1
6137, 497282968, 20, 0, 1
5658, 497288626, 14, 0, 1
5658, 497294284, 12, 0, 1
11786, 497306070, 36, 0, 1
6151, 497312221, 20, 0, 1
5651, 497317872, 23, 0, 1
5658, 497323530, 12, 0, 1
11810, 497335340, 41, 0, 1
6132, 497341472, 19, 0, 1
5633, 497347105, 15, 0, 1
5652, 497352757, 14, 0, 1
11787, 497364544, 34, 0, 1
6138, 497370682, 18, 0, 1
5658, 497376340, 11, 0, 1
5658, 497381998, 11, 0, 1
11810, 497393808, 37, 0, 1
6138, 497399946, 17, 0, 1
5652, 497405598, 14, 0, 1
5658, 497411256, 13, 0, 1
11831, 497423087, 33, 0, 1
6138, 497429225, 18, 0, 1
5616, 497434841, 21, 0, 1
5658, 497440499, 13, 0, 1
11812, 497452311, 32, 0, 1
6133, 497458444, 26, 0, 1
7011, 497465455, 32, 0, 1
5652, 497471107, 19, 0, 1
11790, 497482897, 34, 0, 1
6138, 497489035, 15, 0, 1
5633, 497494668, 20, 0, 1
5658, 497500326, 11, 0, 1
11800, 497512126, 37, 0, 1
6132, 497518258, 22, 0, 1
5640, 497523898, 17, 0, 1
5657, 497529555, 19, 0, 1
11770, 497541325, 29, 0, 1
6151, 497547476, 14, 0, 1
5627, 497553103, 19, 0, 1
5658, 497558761, 13, 0, 1
11784, 497570545, 39, 0, 1
6109, 497576654, 21, 0, 1
5652, 497582306, 14, 0, 1
5658, 497587964, 17, 0, 1
23214, 497611178, 439, 13, 1
6137, 497617315, 31, 0, 1
5622, 497622937, 18, 0, 1
5658, 497628595, 10, 0, 1
11777, 497640372, 38, 0, 1
6138, 497646510, 17, 0, 1
5658, 497652168, 15, 0, 1
5658, 497657826, 10, 0, 1
11831, 497669657, 22, 0, 1
6138, 497675795, 16, 0, 1
5646, 497681441, 19, 0, 1
5658, 497687099, 13, 0, 1
11788, 497698887, 35, 0, 1
6151, 497705038, 17, 0, 1
5646, 497710684, 20, 0, 1
5658, 497716342, 10, 0, 1
11812, 497728154, 34, 0, 1
6132, 497734286, 15, 0, 1
5658, 497739944, 13, 0, 1
5658, 497745602, 12, 0, 1
11831, 497757433, 21, 0, 1
6132, 497763565, 20, 0, 1
5646, 497769211, 16, 0, 1
5646, 497774857, 24, 0, 1
11799, 497786656, 38, 0, 1
6145, 497792801, 24, 0, 1
5652, 497798453, 14, 0, 1
5658, 497804111, 13, 0, 1
11812, 497815923, 31, 0, 1
6138, 497822061, 19, 0, 1
6101, 497828162, 27, 0, 1
5658, 497833820, 13, 0, 1
13173, 497846993, 44, 0, 1
6138, 497853131, 18, 0, 1
5658, 497858789, 14, 0, 1
5658, 497864447, 14, 0, 1
11815, 497876262, 39, 0, 1
6135, 497882397, 32, 1, 1
5658, 497888055, 14, 0, 1
5652, 497893707, 16, 0, 1
11801, 497905508, 30, 0, 1
6138, 497911646, 19, 0, 1
5658, 497917304, 14, 0, 1
5568, 497922872, 19, 0, 1
11781, 497934653, 42, 0, 1
6156, 497940809, 18, 0, 1
5654, 497946463, 24, 0, 1
5655, 497952118, 21, 0, 1
11805, 497963923, 34, 0, 1
6138, 497970061, 20, 0, 1
5640, 497975701, 18, 0, 1
5658, 497981359, 17, 0, 1
11824, 497993183, 38, 0, 1
6132, 497999315, 18, 0, 1
5646, 498004961, 19, 0, 1
5658, 498010619, 15, 0, 1
11792, 498022411, 37, 0, 1
6121, 498028532, 21, 0, 1
5652, 498034184, 14, 0, 1
5658, 498039842, 16, 0, 1
11774, 498051616, 34, 0, 1
6115, 498057731, 29, 0, 1
5634, 498063365, 13, 0, 1
5662, 498069027, 21, 0, 1
11811, 498080838, 37, 0, 1
6138, 498086976, 17, 0, 1
5645, 498092621, 18, 0, 1
5658, 498098279, 13, 0, 1
11817, 498110096, 35, 0, 1
6132, 498116228, 16, 0, 1
5658, 498121886, 15, 0, 1
5658, 498127544, 8, 0, 1
11800, 498139344, 34, 0, 1
6131, 498145475, 19, 0, 1
5639, 498151114, 15, 0, 1
5658, 498156772, 12, 0, 1
11782, 498168554, 34, 0, 1
6127, 498174681, 21, 0, 1
5649, 498180330, 22, 0, 1
5662, 498185992, 18, 0, 1
11807, 498197799, 37, 0, 1
6138, 498203937, 19, 0, 1
5646, 498209583, 21, 0, 1
5658, 498215241, 15, 0, 1
13169, 498228410, 54, 0, 1
6125, 498234535, 24, 0, 1
5658, 498240193, 12, 0, 1
5652, 498245845, 14, 0, 1
11799, 498257644, 34, 0, 1
6151, 498263795, 17, 0, 1
5646, 498269441, 20, 0, 1
5652, 498275093, 17, 0, 1
11769, 498286862, 37, 0, 1
6125, 498292987, 25, 0, 1
5658, 498298645, 8, 0, 1
5658, 498304303, 10, 0, 1
11806, 498316109, 34, 0, 1
6138, 498322247, 18, 0, 1
5633, 498327880, 15, 0, 1
5663, 498333543, 16, 0, 1
11811, 498345354, 37, 0, 1
6138, 498351492, 19, 0, 1
5657, 498357149, 16, 0, 1
5658, 498362807, 10, 0, 1
11844, 498374651, 19, 0, 1
6132, 498380783, 24, 0, 1
5658, 498386441, 16, 0, 1
5652, 498392093, 12, 0, 1
11818, 498403911, 21, 0, 1
6151, 498410062, 17, 0, 1
5652, 498415714, 15, 0, 1
11805, 498427519, 35, 0, 1
5656, 498433175, 22, 0, 1
6138, 498439313, 16, 0, 1
5615, 498444928, 19, 0, 1
11801, 498456729, 31, 0, 1
5652, 498462381, 12, 0, 1
6107, 498468488, 22, 0, 1
5652, 498474140, 15, 0, 1
11799, 498485939, 37, 0, 1
5640, 498491579, 15, 0, 1
6151, 498497730, 18, 0, 1
5658, 498503388, 12, 0, 1
11814, 498515202, 35, 0, 1
5652, 498520854, 14, 0, 1
6138, 498526992, 15, 0, 1
5634, 498532626, 15, 0, 1
11819, 498544445, 44, 0, 1
5651, 498550096, 18, 0, 1
6138, 498556234, 17, 0, 1
5652, 498561886, 14, 0, 1
11816, 498573702, 33, 0, 1
5658, 498579360, 13, 0, 1
6138, 498585498, 15, 0, 1
5652, 498591150, 12, 0, 1
13184, 498604334, 46, 0, 1
5662, 498609996, 20, 0, 1
6145, 498616141, 15, 0, 1
5639, 498621780, 18, 0, 1
15134, 498636914, 213, 6, 1
916220, 499553134, 15332, 2164, 9
6707, 499559841, 52, 0, 1
6434, 499566275, 30, 0, 1
19137, 499585412, 410, 38, 1
499755, 500085167, 69, 3, 1
6694, 500091861, 32, 0, 1
6387, 500098248, 16, 0, 1
15039, 500113287, 129, 11, 1
2538186, 2538186, 53271, 1828, 4
8888281, 11426467, 75977, 10277, 13
19084498, 30510965, 19110, 4859, 11
19235041, 49746006, 20186, 5075, 11
19145736, 68891742, 20930, 4904, 11
19540710, 88432452, 18339, 5200, 11
19372909, 107805361, 17708, 5070, 11
18512770, 126318131, 23782, 6494, 2
18809560, 145127691, 19145, 4911, 11
19721307, 164848998, 18063, 5163, 11
19623331, 184472329, 20144, 4507, 11
19524317, 203996646, 18362, 4989, 11
19439663, 223436309, 18803, 5205, 11
19398456, 242834765, 18383, 4909, 11
18289002, 261123767, 24330, 4804, 11
19518953, 280642720, 18674, 4721, 11
18848925, 299491645, 18322, 4829, 11
19655551, 319147196, 18412, 5109, 11
19623735, 338770931, 18436, 5245, 11
19519757, 358290688, 18930, 5215, 11
19552919, 377843607, 19060, 5076, 11
19602281, 397445888, 18379, 5234, 11
19653652, 417099540, 18240, 5105, 11
19612228, 436711768, 18362, 4769, 11
19502279, 456214047, 19374, 5253, 11
19628900, 475842947, 18711, 5269, 11
15305409, 491148356, 30059, 2185, 19
5266708, 496415064, 10472, 327, 6
13138, 496428202, 487, 25, 1
5658, 496433860, 16, 0, 1
6148, 496440008, 28, 0, 1
5651, 496445659, 21, 0, 1
11814, 496457473, 45, 0, 1
5652, 496463125, 25, 0, 1
6142, 496469267, 22, 0, 1
5652, 496474919, 15, 0, 1
11796, 496486715, 36, 0, 1
5652, 496492367, 20, 0, 1
6173, 496498540, 18, 0, 1
5663, 496504203, 22, 0, 1
11815, 496516018, 44, 0, 1
5651, 496521669, 15, 0, 1
6146, 496527815, 25, 0, 1
5658, 496533473, 11, 0, 1
11809, 496545282, 27, 0, 1
5658, 496550940, 9, 0, 1
6160, 496557100, 18, 0, 1
5658, 496562758, 9, 0, 1
11796, 496574554, 26, 0, 1
5658, 496580212, 15, 0, 1
6167, 496586379, 22, 0, 1
5658, 496592037, 12, 0, 1
11796, 496603833, 22, 0, 1
5658, 496609491, 13, 0, 1
6160, 496615651, 18, 0, 1
11796, 496627447, 29, 0, 1
5658, 496633105, 15, 0, 1
5652, 496638757, 15, 0, 1
6173, 496644930, 16, 0, 1
11786, 496656716, 51, 0, 1
5658, 496662374, 16, 0, 1
5657, 496668031, 25, 0, 1
6154, 496674185, 19, 0, 1
11822, 496686007, 27, 0, 1
5658, 496691665, 13, 0, 1
5658, 496697323, 14, 0, 1
6148, 496703471, 19, 0, 1
11800, 496715271, 54, 0, 1
5658, 496720929, 14, 0, 1
5651, 496726580, 18, 0, 1
6161, 496732741, 24, 0, 1
11752, 496744493, 44, 0, 1
5646, 496750139, 15, 0, 1
5652, 496755791, 17, 0, 1
6153, 496761944, 20, 0, 1
11809, 496773753, 30, 0, 1
5639, 496779392, 24, 0, 1
5652, 496785044, 20, 0, 1
6142, 496791186, 20, 0, 1
13173, 496804359, 41, 0, 1
5658, 496810017, 14, 0, 1
5657, 496815674, 24, 0, 1
6142, 496821816, 25, 0, 1
11796, 496833612, 32, 0, 1
5658, 496839270, 15, 0, 1
5658, 496844928, 11, 0, 1
6160, 496851088, 20, 0, 1
11789, 496862877, 37, 0, 1
5640, 496868517, 22, 0, 1
5652, 496874169, 17, 0, 1
6165, 496880334, 26, 1, 1
11771, 496892105, 45, 0, 1
5658, 496897763, 14, 0, 1
5658, 496903421, 15, 0, 1
6160, 496909581, 18, 0, 1
20431, 496930012, 319, 145, 1
5650, 496935662, 41, 0, 1
5652, 496941314, 22, 0, 1
6159, 496947473, 20, 0, 1
12323, 496959796, 72, 0, 1
6333, 496966129, 26, 0, 1
5649, 496971778, 14, 0, 1
6699, 496978477, 26, 0, 1
12934, 496991411, 35, 0, 1
6116, 496997527, 20, 0, 1
5657, 497003184, 16, 0, 1
6132, 497009316, 18, 0, 1
12245, 497021561, 31, 0, 1
6116, 497027677, 19, 0, 1
6080, 497033757, 27, 0, 1
6109, 497039866, 23, 0, 1
12213, 497052079, 43, 0, 1
6116, 497058195, 18, 0, 1
6116, 497064311, 20, 0, 1
6118, 497070429, 24, 0, 1
12223, 497082652, 44, 0, 1
6098, 497088750, 18, 0, 1
6085, 497094835, 26, 0, 1
6098, 497100933, 19, 0, 1
12225, 497113158, 38, 0, 1
6123, 497119281, 19, 0, 1
6104, 497125385, 24, 0, 1
6108, 497131493, 24, 0, 1
11762, 497143255, 42, 0, 1
6104, 497149359, 24, 0, 1
5652, 497155011, 16, 0, 1
6108, 497161119, 26, 0, 1
11778, 497172897, 40, 0, 1
5658, 497178555, 14, 0, 1
5658, 497184213, 16, 0, 1
7543, 497191756, 42, 0, 1
11783, 497203539, 33, 0, 1
5628, 497209167, 18, 0, 1
5640, 497214807, 19, 0, 1
6149, 497220956, 25, 0, 1
11794, 497232750, 32, 0, 1
5658, 497238408, 11, 0, 1
5657, 497244065, 19, 0, 1
6148, 497250213, 19, 0, 1
11802, 497262015, 37, 0, 1
5637, 497267652, 24, 0, 1
5658, 497273310, 15, 0, 1
6160, 497279470, 16, 0, 1
11778, 497291248, 47, 0, 1
5640, 497296888, 19, 0, 1
5640, 497302528, 14, 0, 1
6148, 497308676, 25, 0, 1
11765, 497320441, 31, 0, 1
5657, 497326098, 15, 0, 1
5658, 497331756, 13, 0, 1
6136, 497337892, 25, 0, 1
11789, 497349681, 39, 0, 1
5658, 497355339, 16, 0, 1
5658, 497360997, 16, 0, 1
6173, 497367170, 16, 0, 1
11796, 497378966, 26, 0, 1
5651, 497384617, 20, 0, 1
5658, 497390275, 15, 0, 1
6160, 497396435, 20, 0, 1
11809, 497408244, 32, 0, 1
5658, 497413902, 11, 0, 1
5663, 497419565, 14, 0, 1
6136, 497425701, 24, 0, 1
11795, 497437496, 30, 0, 1
5658, 497443154, 11, 0, 1
5658, 497448812, 14, 0, 1
6175, 497454987, 24, 0, 1
11793, 497466780, 44, 0, 1
5652, 497472432, 10, 0, 1
5658, 497478090, 11, 0, 1
6160, 497484250, 16, 0, 1
11772, 497496022, 33, 0, 1
5658, 497501680, 11, 0, 1
5658, 497507338, 13, 0, 1
6141, 497513479, 22, 0, 1
11790, 497525269, 27, 0, 1
5652, 497530921, 11, 0, 1
5658, 497536579, 12, 0, 1
6173, 497542752, 18, 0, 1
11796, 497554548, 26, 0, 1
5658, 497560206, 14, 0, 1
7023, 497567229, 36, 0, 1
6118, 497573347, 23, 0, 1
11787, 497585134, 40, 0, 1
5658, 497590792, 12, 0, 1
5652, 497596444, 16, 0, 1
6159, 497602603, 23, 0, 1
11775, 497614378, 37, 0, 1
5658, 497620036, 14, 0, 1
5651, 497625687, 15, 0, 1
6166, 497631853, 22, 0, 1
11814, 497643667, 45, 0, 1
5652, 497649319, 13, 0, 1
5645, 497654964, 19, 0, 1
6158, 497661122, 28, 0, 1
11796, 497672918, 29, 0, 1
5658, 497678576, 12, 0, 1
5658, 497684234, 15, 0, 1
15230, 497699464, 297, 11, 1
11777, 497711241, 53, 0, 1
5652, 497716893, 18, 0, 1
5658, 497722551, 17, 0, 1
6136, 497728687, 23, 0, 1
11767, 497740454, 34, 0, 1
5658, 497746112, 14, 0, 1
5658, 497751770, 9, 0, 1
6160, 497757930, 17, 0, 1
11796, 497769726, 21, 0, 1
5660, 497775386, 23, 0, 1
5662, 497781048, 17, 0, 1
6172, 497787220, 27, 0, 1
11796, 497799016, 24, 0, 1
5658, 497804674, 14, 0, 1
5658, 497810332, 13, 0, 1
6146, 497816478, 31, 0, 1
11796, 497828274, 27, 0, 1
5658, 497833932, 10, 0, 1
5658, 497839590, 14, 0, 1
6161, 497845751, 25, 0, 1
11792, 497857543, 39, 0, 1
5658, 497863201, 17, 0, 1
5634, 497868835, 20, 0, 1
6152, 497874987, 28, 0, 1
11791, 497886778, 39, 0, 1
5658, 497892436, 12, 0, 1
5658, 497898094, 15, 0, 1
6134, 497904228, 27, 0, 1
11784, 497916012, 35, 0, 1
6107, 497922119, 27, 0, 1
5658, 497927777, 18, 0, 1
6137, 497933914, 27, 0, 1
11771, 497945685, 33, 0, 1
7035, 497952720, 34, 0, 1
5658, 497958378, 14, 0, 1
6142, 497964520, 26, 0, 1
11779, 497976299, 32, 0, 1
5656, 497981955, 18, 0, 1
5658, 497987613, 14, 0, 1
6124, 497993737, 25, 0, 1
11784, 498005521, 35, 0, 1
5634, 498011155, 15, 0, 1
5620, 498016775, 20, 0, 1
6169, 498022944, 27, 0, 1
11781, 498034725, 41, 0, 1
5640, 498040365, 14, 0, 1
5658, 498046023, 14, 0, 1
6160, 498052183, 17, 0, 1
11801, 498063984, 27, 0, 1
5658, 498069642, 8, 0, 1
5658, 498075300, 15, 0, 1
6167, 498081467, 18, 0, 1
11796, 498093263, 27, 0, 1
5658, 498098921, 14, 0, 1
5658, 498104579, 15, 0, 1
6160, 498110739, 18, 0, 1
11809, 498122548, 26, 0, 1
5652, 498128200, 14, 0, 1
5652, 498133852, 19, 0, 1
6146, 498139998, 25, 0, 1
11770, 498151768, 43, 0, 1
5658, 498157426, 23, 0, 1
5658, 498163084, 13, 0, 1
6142, 498169226, 25, 0, 1
11782, 498181008, 35, 0, 1
5651, 498186659, 17, 0, 1
5652, 498192311, 13, 0, 1
6154, 498198465, 18, 0, 1
11798, 498210263, 31, 0, 1
5658, 498215921, 12, 0, 1
5651, 498221572, 20, 0, 1
6157, 498227729, 25, 0, 1
11793, 498239522, 34, 0, 1
5646, 498245168, 16, 0, 1
5663, 498250831, 22, 0, 1
6167, 498256998, 18, 0, 1
11778, 498268776, 33, 0, 1
5658, 498274434, 13, 0, 1
5658, 498280092, 12, 0, 1
6160, 498286252, 18, 0, 1
11796, 498298048, 25, 0, 1
5645, 498303693, 23, 0, 1
5658, 498309351, 19, 0, 1
6167, 498315518, 19, 0, 1
13167, 498328685, 41, 0, 1
5645, 498334330, 19, 0, 1
5664, 498339994, 14, 0, 1
6159, 498346153, 19, 0, 1
11809, 498357962, 20, 0, 1
5652, 498363614, 14, 0, 1
5657, 498369271, 13, 0, 1
6157, 498375428, 30, 0, 1
11777, 498387205, 31, 0, 1
5633, 498392838, 19, 0, 1
5657, 498398495, 16, 0, 1
6142, 498404637, 26, 0, 1
11788, 498416425, 40, 0, 1
5658, 498422083, 17, 0, 1
5657, 498427740, 21, 0, 1
6148, 498433888, 22, 0, 1
11792, 498445680, 52, 0, 1
5640, 498451320, 18, 0, 1
5646, 498456966, 19, 0, 1
6141, 498463107, 24, 0, 1
11772, 498474879, 30, 0, 1
5658, 498480537, 15, 0, 1
5658, 498486195, 11, 0, 1
6173, 498492368, 20, 0, 1
11789, 498504157, 31, 0, 1
5634, 498509791, 14, 0, 1
5658, 498515449, 13, 0, 1
6152, 498521601, 26, 0, 1
11795, 498533396, 28, 0, 1
5658, 498539054, 11, 0, 1
5652, 498544706, 20, 0, 1
6165, 498550871, 25, 0, 1
11796, 498562667, 26, 0, 1
5658, 498568325, 11, 0, 1
5652, 498573977, 14, 0, 1
11785, 498585762, 41, 0, 1
6151, 498591913, 23, 0, 1
5658, 498597571, 13, 0, 1
5656, 498603227, 21, 0, 1
11803, 498615030, 36, 0, 1
6138, 498621168, 17, 0, 1
5640, 498626808, 16, 0, 1
5658, 498632466, 13, 0, 1
11813, 498644279, 29, 0, 1
6132, 498650411, 20, 0, 1
5650, 498656061, 18, 0, 1
5652, 498661713, 14, 0, 1
11817, 498673530, 22, 0, 1
6151, 498679681, 17, 0, 1
5658, 498685339, 11, 0, 1
5658, 498690997, 12, 0, 1
13195, 498704192, 38, 0, 1
6113, 498710305, 24, 0, 1
5657, 498715962, 16, 0, 1
5652, 498721614, 17, 0, 1
11800, 498733414, 38, 0, 1
6145, 498739559, 19, 0, 1
907248, 499646807, 15338, 2098, 5
6708, 499653515, 62, 0, 1
18734, 499672249, 422, 29, 1
6661, 499678910, 38, 0, 1
6449, 499685359, 18, 0, 1
6662, 499692021, 32, 0, 1
15264, 499707285, 196, 5, 1
6107, 499713392, 27, 0, 1
1267709, 1267709, 29307, 635, 5
5881289, 7148998, 82621, 8577, 15
17395891, 24544889, 31061, 6095, 2
19127722, 43672611, 20503, 4831, 11
18882069, 62554680, 21519, 4862, 11
19547418, 82102098, 19560, 5191, 11
19389761, 101491859, 18815, 5026, 11
18513040, 120004899, 24663, 6489, 2
18773501, 138778400, 19487, 4929, 11
19586682, 158365082, 20049, 5041, 11
19514320, 177879402, 21117, 5067, 11
19512447, 197391849, 19524, 4488, 11
19409120, 216800969, 19064, 5174, 11
19524507, 236325476, 20138, 5008, 11
18187029, 254512505, 25750, 4661, 11
19515647, 274028152, 19319, 4720, 11
18680614, 292708766, 19132, 4924, 11
19557992, 312266758, 20083, 4810, 11
19522088, 331788846, 19866, 5198, 11
19618142, 351406988, 19568, 5266, 11
19515803, 370922791, 19413, 5173, 11
19691779, 390614570, 20179, 5132, 11
19651923, 410266493, 19160, 5166, 11
19605370, 429871863, 19341, 4776, 11
19564561, 449436424, 20021, 5086, 11
19611501, 469047925, 20069, 5314, 11
17485518, 486533443, 28069, 3961, 11
9706508, 496239951, 17534, 108, 12
116978, 496356929, 2525, 312, 1
11273, 496368202, 40, 0, 1
6160, 496374362, 17, 0, 1
5660, 496380022, 26, 0, 1
6108, 496386130, 26, 0, 1
11281, 496397411, 37, 0, 1
6147, 496403558, 26, 0, 1
5650, 496409208, 20, 0, 1
6138, 496415346, 17, 0, 1
11256, 496426602, 35, 0, 1
6160, 496432762, 14, 0, 1
5643, 496438405, 22, 0, 1
6127, 496444532, 24, 0, 1
11281, 496455813, 41, 0, 1
6156, 496461969, 27, 0, 1
5658, 496467627, 11, 0, 1
6141, 496473768, 34, 0, 1
11313, 496485081, 35, 0, 1
6173, 496491254, 14, 0, 1
5658, 496496912, 11, 0, 1
6113, 496503025, 21, 0, 1
11298, 496514323, 20, 0, 1
6159, 496520482, 18, 0, 1
5658, 496526140, 9, 0, 1
6129, 496532269, 27, 0, 1
11278, 496543547, 40, 0, 1
6160, 496549707, 13, 0, 1
5645, 496555352, 18, 0, 1
6138, 496561490, 14, 0, 1
11284, 496572774, 31, 0, 1
6173, 496578947, 15, 0, 1
5650, 496584597, 21, 0, 1
6138, 496590735, 17, 0, 1
11273, 496602008, 20, 0, 1
6148, 496608156, 23, 0, 1
5657, 496613813, 20, 0, 1
6138, 496619951, 17, 0, 1
11302, 496631253, 32, 0, 1
6173, 496637426, 16, 0, 1
5650, 496643076, 26, 0, 1
6137, 496649213, 17, 0, 1
11274, 496660487, 38, 0, 1
6160, 496666647, 18, 0, 1
5653, 496672300, 21, 0, 1
6142, 496678442, 25, 0, 1
11295, 496689737, 31, 0, 1
6160, 496695897, 20, 1, 1
5658, 496701555, 9, 0, 1
6141, 496707696, 29, 0, 1
12681, 496720377, 105, 11, 1
6180, 496726557, 28, 0, 1
5654, 496732211, 26, 0, 1
6134, 496738345, 28, 0, 1
11293, 496749638, 19, 0, 1
6160, 496755798, 14, 0, 1
5651, 496761449, 21, 0, 1
6151, 496767600, 20, 0, 1
11305, 496778905, 26, 0, 1
6160, 496785065, 17, 0, 1
5652, 496790717, 31, 0, 1
6132, 496796849, 14, 0, 1
11311, 496808160, 30, 0, 1
6173, 496814333, 14, 0, 1
5658, 496819991, 11, 0, 1
6126, 496826117, 17, 0, 1
11310, 496837427, 36, 0, 1
6142, 496843569, 19, 0, 1
5645, 496849214, 20, 0, 1
6123, 496855337, 28, 0, 1
11310, 496866647, 23, 0, 1
6173, 496872820, 16, 0, 1
5652, 496878472, 22, 0, 1
6665, 496885137, 51, 0, 1
11964, 496897101, 33, 0, 1
6671, 496903772, 36, 0, 1
6319, 496910091, 24, 0, 1
6614, 496916705, 23, 0, 1
11765, 496928470, 40, 0, 1
6111, 496934581, 25, 0, 1
6104, 496940685, 22, 0, 1
6097, 496946782, 25, 0, 1
12233, 496959015, 33, 0, 1
6116, 496965131, 18, 0, 1
6073, 496971204, 25, 0, 1
6116, 496977320, 16, 0, 1
12232, 496989552, 37, 0, 1
6103, 496995655, 23, 0, 1
6097, 497001752, 34, 0, 1
6099, 497007851, 25, 0, 1
12201, 497020052, 53, 0, 1
6116, 497026168, 15, 0, 1
6104, 497032272, 25, 0, 1
6090, 497038362, 26, 0, 1
12238, 497050600, 53, 0, 1
6111, 497056711, 24, 0, 1
5652, 497062363, 13, 0, 1
6120, 497068483, 19, 0, 1
11736, 497080219, 36, 0, 1
6120, 497086339, 23, 0, 1
5640, 497091979, 25, 0, 1
6138, 497098117, 14, 0, 1
12678, 497110795, 53, 2, 1
6186, 497116981, 15, 0, 1
5640, 497122621, 16, 0, 1
6138, 497128759, 20, 0, 1
11283, 497140042, 46, 0, 1
6160, 497146202, 16, 0, 1
5658, 497151860, 12, 0, 1
6151, 497158011, 17, 0, 1
11305, 497169316, 30, 0, 1
6155, 497175471, 28, 0, 1
5652, 497181123, 15, 0, 1
6127, 497187250, 21, 0, 1
11316, 497198566, 11, 0, 1
6153, 497204719, 23, 0, 1
5652, 497210371, 14, 0, 1
6138, 497216509, 17, 0, 1
11315, 497227824, 23, 0, 1
6160, 497233984, 17, 0, 1
5658, 497239642, 10, 0, 1
11767, 497251409, 37, 0, 1
5657, 497257066, 15, 0, 1
6136, 497263202, 23, 0, 1
5658, 497268860, 12, 0, 1
11663, 497280523, 46, 0, 1
5658, 497286181, 9, 0, 1
6144, 497292325, 19, 0, 1
5658, 497297983, 13, 0, 1
11785, 497309768, 42, 0, 1
5645, 497315413, 14, 0, 1
6157, 497321570, 33, 0, 1
5658, 497327228, 14, 0, 1
11783, 497339011, 39, 0, 1
5644, 497344655, 25, 0, 1
6173, 497350828, 20, 0, 1
5643, 497356471, 23, 0, 1
11729, 497368200, 38, 0, 1
5651, 497373851, 14, 0, 1
6160, 497380011, 16, 0, 1
5644, 497385655, 26, 0, 1
11789, 497397444, 39, 0, 1
5658, 497403102, 12, 0, 1
6153, 497409255, 24, 0, 1
5664, 497414919, 33, 0, 1
11740, 497426659, 33, 0, 1
5658, 497432317, 14, 0, 1
6161, 497438478, 23, 0, 1
5645, 497444123, 17, 0, 1
11764, 497455887, 41, 0, 1
5658, 497461545, 11, 0, 1
6141, 497467686, 27, 0, 1
5650, 497473336, 23, 0, 1
13151, 497486487, 45, 0, 1
5658, 497492145, 10, 0, 1
6150, 497498295, 28, 0, 1
5648, 497503943, 25, 0, 1
11790, 497515733, 27, 0, 1
5658, 497521391, 23, 0, 1
6149, 497527540, 21, 0, 1
5634, 497533174, 14, 0, 1
11753, 497544927, 35, 0, 1
5658, 497550585, 9, 0, 1
6148, 497556733, 25, 0, 1
5639, 497562372, 25, 0, 1
11770, 497574142, 29, 0, 1
5632, 497579774, 19, 0, 1
15228, 497595002, 331, 14, 1
5633, 497600635, 47, 9, 1
11796, 497612431, 28, 0, 1
5658, 497618089, 16, 0, 1
6154, 497624243, 23, 0, 1
5652, 497629895, 17, 0, 1
11748, 497641643, 32, 0, 1
5658, 497647301, 13, 0, 1
6138, 497653439, 26, 0, 1
5639, 497659078, 21, 0, 1
11753, 497670831, 45, 0, 1
5658, 497676489, 12, 0, 1
6158, 497682647, 30, 0, 1
5652, 497688299, 17, 0, 1
11764, 497700063, 35, 0, 1
5640, 497705703, 14, 0, 1
6118, 497711821, 26, 0, 1
5661, 497717482, 30, 0, 1
11809, 497729291, 23, 0, 1
5657, 497734948, 15, 0, 1
6160, 497741108, 18, 0, 1
5666, 497746774, 26, 0, 1
11748, 497758522, 32, 0, 1
5658, 497764180, 10, 0, 1
6166, 497770346, 25, 0, 1
5646, 497775992, 16, 0, 1
11776, 497787768, 30, 0, 1
5658, 497793426, 14, 0, 1
6149, 497799575, 28, 0, 1
5658, 497805233, 9, 0, 1
12200, 497817433, 46, 0, 1
5658, 497823091, 13, 0, 1
6138, 497829229, 19, 0, 1
5658, 497834887, 10, 0, 1
11780, 497846667, 31, 0, 1
5657, 497852324, 19, 0, 1
6148, 497858472, 26, 0, 1
7017, 497865489, 37, 0, 1
11829, 497877318, 43, 0, 1
5658, 497882976, 12, 0, 1
6130, 497889106, 28, 0, 1
5642, 497894748, 25, 0, 1
11786, 497906534, 37, 0, 1
5658, 497912192, 12, 0, 1
6137, 497918329, 27, 0, 1
5639, 497923968, 15, 0, 1
11772, 497935740, 35, 0, 1
5658, 497941398, 10, 0, 1
6129, 497947527, 23, 0, 1
5634, 497953161, 24, 0, 1
11778, 497964939, 31, 0, 1
5658, 497970597, 13, 0, 1
6160, 497976757, 17, 0, 1
5667, 497982424, 32, 0, 1
11758, 497994182, 46, 0, 1
5658, 497999840, 13, 0, 1
6142, 498005982, 23, 0, 1
5646, 498011628, 16, 0, 1
11763, 498023391, 34, 0, 1
5658, 498029049, 10, 0, 1
6153, 498035202, 26, 0, 1
5631, 498040833, 24, 0, 1
11774, 498052607, 35, 0, 1
5635, 498058242, 16, 0, 1
6173, 498064415, 18, 0, 1
5640, 498070055, 17, 0, 1
11796, 498081851, 32, 0, 1
5658, 498087509, 14, 0, 1
6139, 498093648, 28, 0, 1
5657, 498099305, 17, 0, 1
11783, 498111088, 33, 0, 1
5658, 498116746, 10, 0, 1
6160, 498122906, 20, 0, 1
5652, 498128558, 14, 0, 1
11760, 498140318, 33, 0, 1
5658, 498145976, 9, 0, 1
6176, 498152152, 32, 0, 1
5643, 498157795, 22, 0, 1
11785, 498169580, 46, 0, 1
5658, 498175238, 13, 0, 1
6145, 498181383, 29, 0, 1
5658, 498187041, 11, 0, 1
11817, 498198858, 37, 0, 1
5658, 498204516, 12, 0, 1
6160, 498210676, 21, 0, 1
5640, 498216316, 13, 0, 1
11787, 498228103, 46, 0, 1
5657, 498233760, 19, 0, 1
7563, 498241323, 32, 0, 1
5656, 498246979, 25, 0, 1
11795, 498258774, 31, 0, 1
5658, 498264432, 9, 0, 1
6156, 498270588, 28, 0, 1
5633, 498276221, 20, 0, 1
11773, 498287994, 50, 0, 1
5645, 498293639, 20, 0, 1
6130, 498299769, 26, 0, 1
5658, 498305427, 11, 0, 1
11726, 498317153, 41, 0, 1
5658, 498322811, 11, 0, 1
6146, 498328957, 29, 0, 1
5641, 498334598, 26, 1, 1
19988, 498354586, 277, 85, 1
5658, 498360244, 15, 0, 1
6154, 498366398, 18, 0, 1
5652, 498372050, 16, 0, 1
11740, 498383790, 39, 0, 1
5657, 498389447, 30, 0, 1
6173, 498395620, 15, 0, 1
5658, 498401278, 11, 0, 1
11779, 498413057, 38, 0, 1
5658, 498418715, 12, 0, 1
6117, 498424832, 25, 0, 1
5646, 498430478, 16, 0, 1
11772, 498442250, 38, 0, 1
5658, 498447908, 15, 0, 1
6139, 498454047, 26, 0, 1
5658, 498459705, 12, 0, 1
11756, 498471461, 49, 0, 1
5652, 498477113, 13, 0, 1
6173, 498483286, 14, 0, 1
5639, 498488925, 18, 0, 1
11777, 498500702, 29, 0, 1
5658, 498506360, 13, 0, 1
6138, 498512498, 29, 0, 1
5658, 498518156, 17, 0, 1
11745, 498529901, 39, 0, 1
5652, 498535553, 14, 0, 1
6137, 498541690, 24, 0, 1
5648, 498547338, 25, 0, 1
11781, 498559119, 47, 0, 1
5646, 498564765, 22, 0, 1
6153, 498570918, 24, 0, 1
5652, 498576570, 15, 0, 1
11782, 498588352, 40, 0, 1
5658, 498594010, 11, 0, 1
6160, 498600170, 19, 0, 1
5656, 498605826, 27, 0, 1
11790, 498617616, 37, 0, 1
7035, 498624651, 27, 0, 1
6186, 498630837, 17, 0, 1
5661, 498636498, 28, 0, 1
911925, 499548423, 15457, 2219, 9
6420, 499554843, 54, 0, 1
6666, 499561509, 24, 0, 1
12138, 499573647, 386, 25, 1
13416, 499587063, 57, 0, 1
6637, 499593700, 39, 0, 1
8263, 499601963, 166, 6, 1
6601, 499608564, 25, 0, 1
12753, 499621317, 69, 0, 1
1958101, 1958101, 43758, 879, 4
7305120, 9263221, 82407, 10552, 13
19272922, 28536143, 19104, 4963, 11
19083390, 47619533, 19316, 5019, 11
19141765, 66761298, 21268, 4922, 11
19553698, 86314996, 18687, 5220, 11
19370661, 105685657, 18636, 5187, 11
18546988, 124232645, 23809, 6550, 2
19087403, 143320048, 19680, 5100, 11
19672378, 162992426, 19387, 5033, 11
19120274, 182112700, 20290, 4804, 11
19571611, 201684311, 18546, 4817, 11
19566711, 221251022, 19078, 5207, 11
19518686, 240769708, 19269, 4871, 11
18672165, 259441873, 23674, 4791, 11
19286426, 278728299, 18157, 4645, 11
18953412, 297681711, 19208, 5030, 11
19438059, 317119770, 18641, 4964, 11
19631457, 336751227, 19103, 5270, 11
19615560, 356366787, 18393, 5208, 11
19516897, 375883684, 19705, 5009, 11
19657529, 395541213, 18791, 5174, 11
19653864, 415195077, 18607, 5160, 11
19612145, 434807222, 18677, 4680, 11
19569365, 454376587, 19349, 5224, 11
19532267, 473908854, 19072, 5244, 11
16506866, 490415720, 31130, 2705, 7
5970279, 496385999, 11507, 347, 6
11789, 496397788, 433, 4, 1
6132, 496403920, 22, 0, 1
5649, 496409569, 20, 0, 1
5658, 496415227, 21, 0, 1
11825, 496427052, 33, 0, 1
7515, 496434567, 109, 7, 1
5638, 496440205, 28, 0, 1
5657, 496445862, 23, 0, 1
11800, 496457662, 27, 0, 1
6132, 496463794, 19, 0, 1
5633, 496469427, 15, 0, 1
5652, 496475079, 13, 0, 1
11797, 496486876, 37, 0, 1
6132, 496493008, 18, 0, 1
5615, 496498623, 18, 0, 1
5658, 496504281, 9, 0, 1
11819, 496516100, 36, 0, 1
6138, 496522238, 16, 0, 1
5620, 496527858, 20, 0, 1
5652, 496533510, 13, 0, 1
11786, 496545296, 53, 0, 1
6145, 496551441, 18, 0, 1
5651, 496557092, 24, 0, 1
5645, 496562737, 22, 0, 1
11807, 496574544, 41, 0, 1
6124, 496580668, 22, 0, 1
5650, 496586318, 21, 0, 1
5651, 496591969, 29, 0, 1
11809, 496603778, 36, 0, 1
6138, 496609916, 36, 0, 1
5658, 496615574, 13, 0, 1
5658, 496621232, 10, 0, 1
11770, 496633002, 32, 0, 1
6120, 496639122, 19, 0, 1
5626, 496644748, 20, 0, 1
5658, 496650406, 11, 0, 1
11831, 496662237, 24, 0, 1
6138, 496668375, 19, 0, 1
5638, 496674013, 24, 0, 1
5658, 496679671, 12, 0, 1
11810, 496691481, 39, 0, 1
6151, 496697632, 16, 0, 1
5627, 496703259, 20, 0, 1
5651, 496708910, 19, 0, 1
11801, 496720711, 47, 0, 1
6138, 496726849, 19, 0, 1
5652, 496732501, 18, 0, 1
5650, 496738151, 19, 0, 1
11829, 496749980, 46, 0, 1
6120, 496756100, 24, 0, 1
5644, 496761744, 21, 0, 1
5616, 496767360, 19, 0, 1
11793, 496779153, 35, 0, 1
6138, 496785291, 21, 0, 1
5638, 496790929, 28, 0, 1
5655, 496796584, 31, 0, 1
13204, 496809788, 63, 8, 1
6140, 496815928, 33, 0, 1
5623, 496821551, 18, 0, 1
5658, 496827209, 10, 0, 1
11798, 496839007, 30, 0, 1
6127, 496845134, 21, 0, 1
5658, 496850792, 8, 0, 1
5652, 496856444, 15, 0, 1
11805, 496868249, 44, 0, 1
6120, 496874369, 17, 0, 1
5657, 496880026, 17, 0, 1
5625, 496885651, 22, 0, 1
11825, 496897476, 38, 0, 1
6138, 496903614, 18, 0, 1
5658, 496909272, 13, 0, 1
5651, 496914923, 21, 0, 1
12528, 496927451, 71, 0, 1
6602, 496934053, 28, 0, 1
6372, 496940425, 19, 0, 1
6327, 496946752, 24, 0, 1
12269, 496959021, 30, 0, 1
6126, 496965147, 19, 0, 1
6112, 496971259, 33, 0, 1
6111, 496977370, 23, 0, 1
12238, 496989608, 31, 0, 1
6098, 496995706, 15, 0, 1
6085, 497001791, 23, 0, 1
6109, 497007900, 22, 0, 1
12220, 497020120, 33, 0, 1
6078, 497026198, 25, 0, 1
6105, 497032303, 25, 0, 1
6090, 497038393, 25, 0, 1
12225, 497050618, 33, 0, 1
6116, 497056734, 14, 0, 1
6104, 497062838, 27, 0, 1
6095, 497068933, 29, 0, 1
12239, 497081172, 33, 0, 1
6091, 497087263, 27, 0, 1
6116, 497093379, 16, 0, 1
5661, 497099040, 25, 0, 1
11796, 497110836, 23, 0, 1
6126, 497116962, 19, 0, 1
5659, 497122621, 28, 0, 1
5658, 497128279, 12, 0, 1
11828, 497140107, 36, 0, 1
6138, 497146245, 17, 0, 1
5634, 497151879, 17, 0, 1
5658, 497157537, 11, 0, 1
11806, 497169343, 33, 0, 1
6137, 497175480, 24, 0, 1
5658, 497181138, 12, 0, 1
5658, 497186796, 10, 0, 1
13171, 497199967, 50, 1, 1
6144, 497206111, 31, 0, 1
5640, 497211751, 14, 0, 1
5656, 497217407, 22, 0, 1
12539, 497229946, 54, 0, 1
10120, 497240066, 238, 5, 1
6373, 497246439, 21, 0, 1
6321, 497252760, 17, 0, 1
12244, 497265004, 30, 0, 1
6138, 497271142, 14, 0, 1
5656, 497276798, 19, 0, 1
5652, 497282450, 21, 0, 1
11821, 497294271, 35, 0, 1
6145, 497300416, 15, 0, 1
5658, 497306074, 12, 0, 1
5646, 497311720, 14, 0, 1
11781, 497323501, 39, 0, 1
6164, 497329665, 15, 0, 1
5640, 497335305, 19, 0, 1
5651, 497340956, 16, 0, 1
11815, 497352771, 34, 0, 1
6138, 497358909, 13, 0, 1
5639, 497364548, 12, 0, 1
5658, 497370206, 17, 0, 1
11825, 497382031, 29, 0, 1
6123, 497388154, 31, 0, 1
5658, 497393812, 13, 0, 1
5657, 497399469, 16, 0, 1
11803, 497411272, 38, 0, 1
6143, 497417415, 28, 0, 1
5640, 497423055, 16, 0, 1
5657, 497428712, 21, 0, 1
11781, 497440493, 34, 0, 1
6120, 497446613, 24, 0, 1
5658, 497452271, 13, 0, 1
5658, 497457929, 25, 0, 1
11830, 497469759, 30, 0, 1
6138, 497475897, 15, 0, 1
5651, 497481548, 15, 0, 1
5652, 497487200, 16, 0, 1
11818, 497499018, 36, 0, 1
6138, 497505156, 15, 0, 1
5646, 497510802, 16, 0, 1
5668, 497516470, 30, 0, 1
11817, 497528287, 33, 0, 1
6138, 497534425, 13, 0, 1
5640, 497540065, 13, 0, 1
5652, 497545717, 16, 0, 1
11797, 497557514, 31, 0, 1
6120, 497563634, 23, 0, 1
5651, 497569285, 18, 0, 1
7035, 497576320, 28, 0, 1
11826, 497588146, 34, 0, 1
6140, 497594286, 30, 0, 1
5645, 497599931, 18, 0, 1
5658, 497605589, 14, 0, 1
11812, 497617401, 34, 0, 1
6112, 497623513, 28, 0, 1
5658, 497629171, 14, 0, 1
5639, 497634810, 12, 0, 1
11797, 497646607, 25, 0, 1
6151, 497652758, 13, 0, 1
5648, 497658406, 25, 0, 1
5658, 497664064, 11, 0, 1
11817, 497675881, 28, 0, 1
6138, 497682019, 17, 0, 1
5640, 497687659, 14, 0, 1
5646, 497693305, 18, 0, 1
20903, 497714208, 347, 9, 1
6138, 497720346, 24, 0, 1
5658, 497726004, 13, 0, 1
11793, 497737797, 31, 0, 1
5662, 497743459, 24, 0, 1
6119, 497749578, 17, 0, 1
5615, 497755193, 20, 0, 1
11809, 497767002, 34, 0, 1
5667, 497772669, 28, 0, 1
6138, 497778807, 16, 0, 1
5638, 497784445, 21, 0, 1
11817, 497796262, 31, 0, 1
5657, 497801919, 16, 0, 1
6153, 497808072, 30, 0, 1
5638, 497813710, 20, 0, 1
11818, 497825528, 31, 0, 1
5658, 497831186, 12, 0, 1
6132, 497837318, 21, 0, 1
5646, 497842964, 14, 0, 1
11816, 497854780, 30, 0, 1
5658, 497860438, 11, 0, 1
6138, 497866576, 19, 0, 1
5658, 497872234, 13, 0, 1
11816, 497884050, 27, 0, 1
5658, 497889708, 13, 0, 1
6151, 497895859, 19, 0, 1
5652, 497901511, 19, 0, 1
11812, 497913323, 29, 0, 1
5658, 497918981, 13, 0, 1
6138, 497925119, 19, 0, 1
5658, 497930777, 13, 0, 1
11801, 497942578, 26, 0, 1
5658, 497948236, 11, 0, 1
6138, 497954374, 26, 0, 1
7016, 497961390, 37, 0, 1
11812, 497973202, 24, 0, 1
5658, 497978860, 14, 0, 1
6145, 497985005, 20, 0, 1
5652, 497990657, 17, 0, 1
11825, 498002482, 42, 0, 1
5658, 498008140, 9, 0, 1
6144, 498014284, 22, 0, 1
5658, 498019942, 13, 0, 1
11818, 498031760, 27, 0, 1
5658, 498037418, 15, 0, 1
6150, 498043568, 25, 0, 1
5646, 498049214, 15, 0, 1
11810, 498061024, 30, 0, 1
5658, 498066682, 12, 0, 1
6131, 498072813, 18, 0, 1
5639, 498078452, 15, 0, 1
11829, 498090281, 32, 0, 1
5657, 498095938, 15, 0, 1
6114, 498102052, 22, 0, 1
5640, 498107692, 15, 0, 1
11804, 498119496, 34, 0, 1
5658, 498125154, 13, 0, 1
6151, 498131305, 19, 0, 1
5658, 498136963, 13, 0, 1
11818, 498148781, 26, 0, 1
5657, 498154438, 16, 0, 1
6130, 498160568, 31, 0, 1
5651, 498166219, 15, 0, 1
11829, 498178048, 34, 0, 1
5658, 498183706, 13, 0, 1
6138, 498189844, 18, 0, 1
5658, 498195502, 14, 0, 1
11811, 498207313, 31, 0, 1
5658, 498212971, 12, 0, 1
6138, 498219109, 17, 0, 1
5658, 498224767, 15, 0, 1
11825, 498236592, 22, 0, 1
5658, 498242250, 9, 0, 1
6108, 498248358, 20, 0, 1
5634, 498253992, 19, 0, 1
11806, 498265798, 30, 0, 1
5658, 498271456, 10, 0, 1
6127, 498277583, 23, 0, 1
5634, 498283217, 19, 0, 1
11812, 498295029, 26, 0, 1
5658, 498300687, 11, 0, 1
6119, 498306806, 25, 0, 1
5645, 498312451, 19, 0, 1
11817, 498324268, 36, 0, 1
5652, 498329920, 13, 0, 1
7499, 498337419, 39, 0, 1
5652, 498343071, 15, 0, 1
11818, 498354889, 24, 0, 1
5658, 498360547, 13, 0, 1
6132, 498366679, 25, 0, 1
5652, 498372331, 17, 0, 1
11811, 498384142, 32, 0, 1
5658, 498389800, 16, 0, 1
6138, 498395938, 14, 0, 1
5652, 498401590, 14, 0, 1
11805, 498413395, 35, 0, 1
5658, 498419053, 11, 0, 1
6138, 498425191, 17, 0, 1
5640, 498430831, 14, 0, 1
11811, 498442642, 30, 0, 1
5658, 498448300, 12, 0, 1
6115, 498454415, 24, 0, 1
5658, 498460073, 13, 0, 1
11826, 498471899, 26, 0, 1
5656, 498477555, 17, 0, 1
6132, 498483687, 17, 0, 1
5658, 498489345, 14, 0, 1
11799, 498501144, 31, 0, 1
5658, 498506802, 13, 0, 1
6145, 498512947, 32, 0, 1
5652, 498518599, 11, 0, 1
11809, 498530408, 35, 0, 1
5650, 498536058, 16, 0, 1
6138, 498542196, 16, 0, 1
5640, 498547836, 12, 0, 1
11811, 498559647, 39, 0, 1
5658, 498565305, 12, 0, 1
6119, 498571424, 23, 0, 1
5658, 498577082, 13, 0, 1
11821, 498588903, 36, 0, 1
5658, 498594561, 14, 0, 1
7020, 498601581, 83, 11, 1
5640, 498607221, 19, 0, 1
11812, 498619033, 32, 0, 1
5646, 498624679, 17, 0, 1
6118, 498630797, 21, 0, 1
5644, 498636441, 18, 0, 1
11817, 498648258, 34, 0, 1
5652, 498653910, 16, 0, 1
6126, 498660036, 21, 0, 1
5634, 498665670, 17, 0, 1
11804, 498677474, 33, 0, 1
5658, 498683132, 19, 0, 1
6138, 498689270, 15, 0, 1
5658, 498694928, 13, 0, 1
11831, 498706759, 28, 0, 1
882386, 499589145, 15244, 2161, 9
6703, 499595848, 63, 0, 1
6662, 499602510, 37, 1, 1
19078, 499621588, 478, 37, 1
6731, 499628319, 34, 0, 1
6844, 499635163, 33, 0, 1
7982, 499643145, 149, 6, 1
13509, 499656654, 55, 0, 1
601949, 601949, 14369, 397, 5
3045211, 3647160, 53013, 1739, 4
9483520, 13130680, 63995, 10391, 17
19501660, 32632340, 18621, 4968, 11
18606042, 51238382, 23129, 5163, 11
19521337, 70759719, 18957, 4749, 11
19484057, 90243776, 17292, 5160, 11
18661261, 108905037, 23422, 6632, 2
18869237, 127774274, 18411, 4932, 11
19498008, 147272282, 19017, 4995, 11
19178044, 166450326, 20387, 5163, 11
19663920, 186114246, 18538, 4420, 11
19383610, 205497856, 19781, 5143, 11
19550223, 225048079, 20206, 5128, 11
19198303, 244246382, 18570, 4914, 11
18884720, 263131102, 23244, 4926, 11
18728428, 281859530, 18703, 4466, 11
19471751, 301331281, 19173, 4843, 11
19445295, 320776576, 18249, 5178, 11
19622896, 340399472, 18591, 5205, 11
19618089, 360017561, 18342, 5273, 11
19605809, 379623370, 18923, 4866, 11
19633822, 399257192, 18415, 5252, 11
19619001, 418876193, 18704, 5039, 11
19631583, 438507776, 18413, 4761, 11
19530538, 458038314, 18979, 5248, 11
19576881, 477615195, 18638, 5266, 11
14381089, 491996284, 30635, 1809, 19
4593862, 496590146, 9431, 273, 6
12257, 496602403, 373, 4, 1
5652, 496608055, 16, 0, 1
5646, 496613701, 18, 0, 1
6167, 496619868, 21, 0, 1
11790, 496631658, 25, 0, 1
5658, 496637316, 13, 0, 1
7035, 496644351, 92, 11, 1
6160, 496650511, 25, 0, 1
11809, 496662320, 21, 0, 1
5658, 496667978, 11, 0, 1
5645, 496673623, 18, 0, 1
6154, 496679777, 18, 0, 1
11782, 496691559, 40, 0, 1
5652, 496697211, 13, 0, 1
5658, 496702869, 11, 0, 1
6149, 496709018, 22, 0, 1
11741, 496720759, 46, 0, 1
5639, 496726398, 22, 0, 1
5652, 496732050, 17, 0, 1
6154, 496738204, 22, 0, 1
11778, 496749982, 38, 0, 1
5652, 496755634, 13, 0, 1
5652, 496761286, 15, 0, 1
6154, 496767440, 19, 0, 1
11803, 496779243, 24, 0, 1
5658, 496784901, 13, 0, 1
5658, 496790559, 11, 0, 1
6173, 496796732, 17, 0, 1
11796, 496808528, 23, 0, 1
5658, 496814186, 12, 0, 1
5658, 496819844, 11, 0, 1
6160, 496826004, 16, 0, 1
11778, 496837782, 30, 0, 1
5657, 496843439, 19, 0, 1
5658, 496849097, 16, 0, 1
6173, 496855270, 21, 0, 1
11796, 496867066, 24, 0, 1
5658, 496872724, 11, 0, 1
5646, 496878370, 13, 0, 1
6152, 496884522, 28, 0, 1
11804, 496896326, 28, 0, 1
5658, 496901984, 11, 0, 1
5658, 496907642, 12, 0, 1
6124, 496913766, 22, 0, 1
11796, 496925562, 30, 0, 1
5658, 496931220, 14, 0, 1
5646, 496936866, 19, 0, 1
6154, 496943020, 22, 0, 1
11778, 496954798, 28, 0, 1
5640, 496960438, 17, 0, 1
5652, 496966090, 17, 0, 1
6136, 496972226, 18, 0, 1
11808, 496984034, 31, 0, 1
5628, 496989662, 17, 0, 1
5657, 496995319, 18, 0, 1
6129, 497001448, 21, 0, 1
11799, 497013247, 54, 0, 1
7035, 497020282, 27, 2, 1
5658, 497025940, 11, 0, 1
6161, 497032101, 23, 0, 1
11771, 497043872, 35, 0, 1
5652, 497049524, 19, 0, 1
5658, 497055182, 11, 0, 1
6160, 497061342, 18, 0, 1
11796, 497073138, 25, 0, 1
5658, 497078796, 13, 0, 1
5652, 497084448, 13, 0, 1
6173, 497090621, 16, 0, 1
11778, 497102399, 28, 0, 1
5658, 497108057, 12, 0, 1
5651, 497113708, 13, 0, 1
6153, 497119861, 24, 0, 1
13005, 497132866, 89, 0, 1
6359, 497139225, 20, 0, 1
6327, 497145552, 18, 0, 1
6623, 497152175, 21, 0, 1
11796, 497163971, 23, 0, 1
6116, 497170087, 19, 0, 1
6105, 497176192, 25, 0, 1
6116, 497182308, 14, 0, 1
12232, 497194540, 29, 0, 1
6116, 497200656, 17, 0, 1
6116, 497206772, 17, 0, 1
6116, 497212888, 16, 0, 1
12167, 497225055, 38, 0, 1
6110, 497231165, 15, 0, 1
6074, 497237239, 23, 0, 1
6096, 497243335, 26, 0, 1
12214, 497255549, 38, 0, 1
5658, 497261207, 11, 0, 1
6138, 497267345, 17, 0, 1
6136, 497273481, 17, 0, 1
12232, 497285713, 30, 0, 1
6116, 497291829, 12, 0, 1
5658, 497297487, 11, 0, 1
6138, 497303625, 20, 0, 1
12202, 497315827, 41, 0, 1
6116, 497321943, 22, 0, 1
5645, 497327588, 18, 0, 1
6126, 497333714, 17, 0, 1
11764, 497345478, 41, 0, 1
5639, 497351117, 13, 0, 1
5658, 497356775, 11, 0, 1
6160, 497362935, 16, 0, 1
11790, 497374725, 30, 0, 1
5658, 497380383, 10, 0, 1
5658, 497386041, 8, 0, 1
6112, 497392153, 21, 0, 1
13163, 497405316, 61, 2, 1
5658, 497410974, 13, 0, 1
5658, 497416632, 9, 0, 1
6167, 497422799, 16, 0, 1
11790, 497434589, 24, 0, 1
5658, 497440247, 11, 0, 1
5657, 497445904, 21, 0, 1
6148, 497452052, 17, 0, 1
11778, 497463830, 33, 0, 1
5640, 497469470, 14, 0, 1
5652, 497475122, 21, 0, 1
6129, 497481251, 23, 0, 1
11777, 497493028, 33, 0, 1
5658, 497498686, 14, 0, 1
5657, 497504343, 21, 0, 1
6161, 497510504, 18, 0, 1
11796, 497522300, 37, 0, 1
5652, 497527952, 14, 0, 1
5658, 497533610, 10, 0, 1
6141, 497539751, 21, 0, 1
11794, 497551545, 45, 0, 1
5658, 497557203, 10, 0, 1
5658, 497562861, 11, 0, 1
6173, 497569034, 12, 0, 1
11796, 497580830, 20, 0, 1
5657, 497586487, 20, 0, 1
5658, 497592145, 10, 0, 1
6160, 497598305, 15, 0, 1
11812, 497610117, 38, 0, 1
5658, 497615775, 15, 0, 1
5651, 497621426, 17, 0, 1
6142, 497627568, 19, 0, 1
11760, 497639328, 29, 0, 1
5652, 497644980, 11, 0, 1
5652, 497650632, 13, 0, 1
6155, 497656787, 23, 0, 1
11796, 497668583, 21, 0, 1
5658, 497674241, 11, 0, 1
5658, 497679899, 11, 0, 1
6159, 497686058, 18, 0, 1
11791, 497697849, 27, 0, 1
5658, 497703507, 11, 0, 1
5658, 497709165, 16, 0, 1
6159, 497715324, 19, 0, 1
11796, 497727120, 22, 0, 1
5658, 497732778, 12, 0, 1
5658, 497738436, 15, 0, 1
6173, 497744609, 17, 0, 1
11771, 497756380, 33, 0, 1
5658, 497762038, 8, 0, 1
5658, 497767696, 12, 0, 1
6124, 497773820, 22, 0, 1
13155, 497786975, 45, 0, 1
5652, 497792627, 16, 0, 1
5658, 497798285, 13, 0, 1
6149, 497804434, 17, 0, 1
11760, 497816194, 31, 0, 1
5652, 497821846, 13, 0, 1
5652, 497827498, 12, 0, 1
6141, 497833639, 25, 0, 1
11789, 497845428, 42, 0, 1
5652, 497851080, 12, 0, 1
5651, 497856731, 12, 0, 1
6142, 497862873, 16, 0, 1
11772, 497874645, 31, 0, 1
5634, 497880279, 15, 0, 1
5658, 497885937, 11, 0, 1
6173, 497892110, 14, 0, 1
11796, 497903906, 18, 0, 1
5658, 497909564, 10, 0, 1
5658, 497915222, 7, 0, 1
6160, 497921382, 14, 0, 1
20860, 497942242, 331, 5, 1
5651, 497947893, 34, 0, 1
5657, 497953550, 17, 0, 1
6140, 497959690, 25, 0, 1
11796, 497971486, 29, 0, 1
5658, 497977144, 12, 0, 1
5652, 497982796, 19, 0, 1
6161, 497988957, 18, 0, 1
11793, 498000750, 47, 0, 1
5658, 498006408, 10, 0, 1
5658, 498012066, 9, 0, 1
6154, 498018220, 18, 0, 1
11759, 498029979, 33, 0, 1
5652, 498035631, 16, 0, 1
5657, 498041288, 21, 0, 1
6155, 498047443, 21, 0, 1
11790, 498059233, 26, 0, 1
6103, 498065336, 28, 0, 1
5658, 498070994, 14, 0, 1
6138, 498077132, 17, 0, 1
12673, 498089805, 96, 17, 1
5658, 498095463, 14, 0, 1
5658, 498101121, 10, 0, 1
6146, 498107267, 25, 0, 1
11777, 498119044, 31, 0, 1
5622, 498124666, 16, 0, 1
5651, 498130317, 13, 0, 1
6173, 498136490, 17, 0, 1
11785, 498148275, 35, 0, 1
5658, 498153933, 9, 0, 1
5657, 498159590, 19, 0, 1
13188, 498172778, 52, 0, 1
6151, 498178929, 16, 0, 1
5651, 498184580, 18, 0, 1
5658, 498190238, 8, 0, 1
11812, 498202050, 22, 0, 1
6107, 498208157, 21, 0, 1
5658, 498213815, 12, 0, 1
5658, 498219473, 13, 0, 1
11813, 498231286, 31, 0, 1
6138, 498237424, 16, 0, 1
5658, 498243082, 12, 0, 1
5651, 498248733, 24, 0, 1
11800, 498260533, 31, 0, 1
6149, 498266682, 21, 0, 1
5658, 498272340, 11, 0, 1
5657, 498277997, 19, 0, 1
11818, 498289815, 34, 0, 1
6133, 498295948, 17, 0, 1
5650, 498301598, 21, 0, 1
5658, 498307256, 8, 0, 1
11818, 498319074, 17, 0, 1
6151, 498325225, 16, 0, 1
5648, 498330873, 23, 0, 1
5658, 498336531, 14, 0, 1
11818, 498348349, 25, 0, 1
6144, 498354493, 20, 0, 1
5658, 498360151, 14, 0, 1
5658, 498365809, 10, 0, 1
11811, 498377620, 38, 0, 1
6132, 498383752, 19, 0, 1
5646, 498389398, 14, 0, 1
5657, 498395055, 18, 0, 1
11804, 498406859, 32, 0, 1
6164, 498413023, 20, 0, 1
5658, 498418681, 15, 0, 1
5652, 498424333, 16, 0, 1
11806, 498436139, 42, 0, 1
6132, 498442271, 22, 0, 1
5658, 498447929, 12, 0, 1
5650, 498453579, 18, 0, 1
11824, 498465403, 32, 0, 1
6138, 498471541, 16, 0, 1
5651, 498477192, 16, 0, 1
5658, 498482850, 13, 0, 1
11817, 498494667, 28, 0, 1
6138, 498500805, 21, 0, 1
5658, 498506463, 12, 0, 1
5655, 498512118, 18, 0, 1
11818, 498523936, 32, 0, 1
6138, 498530074, 27, 0, 1
5658, 498535732, 12, 0, 1
7035, 498542767, 23, 0, 1
11818, 498554585, 23, 0, 1
6151, 498560736, 15, 0, 1
5658, 498566394, 12, 0, 1
5658, 498572052, 11, 0, 1
11800, 498583852, 29, 0, 1
6138, 498589990, 18, 0, 1
5658, 498595648, 12, 0, 1
5658, 498601306, 11, 0, 1
11771, 498613077, 32, 0, 1
6119, 498619196, 23, 0, 1
5627, 498624823, 15, 0, 1
5652, 498630475, 14, 0, 1
11796, 498642271, 34, 0, 1
6151, 498648422, 20, 0, 1
5639, 498654061, 15, 0, 1
5658, 498659719, 10, 0, 1
11804, 498671523, 29, 0, 1
6131, 498677654, 22, 0, 1
5658, 498683312, 9, 0, 1
5658, 498688970, 12, 0, 1
11794, 498700764, 38, 0, 1
6138, 498706902, 17, 0, 1
5640, 498712542, 17, 0, 1
5658, 498718200, 13, 0, 1
11763, 498729963, 40, 0, 1
6132, 498736095, 26, 0, 1
5652, 498741747, 17, 0, 1
5652, 498747399, 18, 0, 1
11818, 498759217, 37, 0, 1
6137, 498765354, 19, 0, 1
5652, 498771006, 14, 0, 1
5652, 498776658, 13, 0, 1
11794, 498788452, 34, 0, 1
6158, 498794610, 19, 0, 1
5652, 498800262, 12, 0, 1
5651, 498805913, 17, 0, 1
11800, 498817713, 25, 0, 1
6138, 498823851, 16, 0, 1
5651, 498829502, 15, 0, 1
5658, 498835160, 14, 0, 1
11811, 498846971, 39, 0, 1
6120, 498853091, 17, 0, 1
5658, 498858749, 10, 0, 1
5658, 498864407, 12, 0, 1
916198, 499780605, 15559, 2178, 9
6719, 499787324, 46, 0, 1
6434, 499793758, 31, 0, 1
6831, 499800589, 68, 0, 1
20170, 499820759, 496, 44, 1
6704, 499827463, 36, 0, 1
6676, 499834139, 19, 0, 1
7988, 499842127, 127, 7, 1
13278, 499855405, 47, 0, 1
