2630334, 2630334, 55025, 107, 4
10845868, 13476202, 73824, 1157, 8
19236693, 32712895, 18872, 771, 3
19287232, 52000127, 21188, 613, 3
19125048, 71125175, 22036, 669, 3
19564154, 90689329, 18642, 557, 3
19560567, 110249896, 19057, 505, 3
19048699, 129298595, 25072, 1140, 3
19171072, 148469667, 19689, 330, 3
19709176, 168178843, 19324, 527, 3
19336045, 187514888, 19269, 316, 3
19525658, 207040546, 21307, 906, 3
19621337, 226661883, 19867, 612, 3
19664494, 246326377, 19532, 515, 3
18812000, 265138377, 24206, 743, 3
19351817, 284490194, 19972, 550, 3
18992930, 303483124, 19416, 691, 3
19633390, 323116514, 19334, 460, 3
19763199, 342879713, 19789, 1035, 3
19672294, 362552007, 19380, 524, 3
19800496, 382352503, 19235, 594, 3
19674437, 402026940, 19176, 618, 3
19731144, 421758084, 18957, 601, 3
19676710, 441434794, 20453, 338, 3
19661579, 461096373, 19710, 781, 3
19684356, 480780729, 19691, 1265, 3
12190897, 492971626, 29715, 109, 19
3277371, 496248997, 7854, 12, 5
7034, 496256031, 120, 0, 1
5658, 496261689, 15, 0, 1
6161, 496267850, 19, 0, 1
11769, 496279619, 37, 0, 1
5640, 496285259, 17, 1, 1
5646, 496290905, 23, 0, 1
6142, 496297047, 20, 0, 1
11809, 496308856, 26, 0, 1
5651, 496314507, 13, 0, 1
5652, 496320159, 15, 0, 1
6154, 496326313, 17, 0, 1
11777, 496338090, 41, 0, 1
5663, 496343753, 20, 0, 1
5658, 496349411, 10, 0, 1
6160, 496355571, 21, 0, 1
11778, 496367349, 25, 0, 1
5640, 496372989, 22, 0, 1
5658, 496378647, 21, 0, 1
6142, 496384789, 17, 0, 1
11790, 496396579, 34, 0, 1
5640, 496402219, 16, 0, 1
5658, 496407877, 11, 0, 1
6159, 496414036, 22, 0, 1
11784, 496425820, 36, 0, 1
5658, 496431478, 10, 0, 1
5658, 496437136, 19, 0, 1
6136, 496443272, 18, 0, 1
11791, 496455063, 35, 0, 1
5652, 496460715, 18, 0, 1
5658, 496466373, 12, 0, 1
6152, 496472525, 22, 0, 1
11778, 496484303, 23, 0, 1
5658, 496489961, 11, 0, 1
5639, 496495600, 16, 0, 1
6167, 496501767, 15, 0, 1
11790, 496513557, 29, 0, 1
5640, 496519197, 16, 0, 1
5658, 496524855, 10, 0, 1
6160, 496531015, 16, 0, 1
11791, 496542806, 25, 0, 1
5658, 496548464, 12, 0, 1
5652, 496554116, 18, 0, 1
6136, 496560252, 17, 0, 1
11796, 496572048, 22, 0, 1
5658, 496577706, 11, 0, 1
5658, 496583364, 10, 0, 1
11830, 496595194, 33, 0, 1
6120, 496601314, 19, 0, 1
5652, 496606966, 19, 0, 1
5658, 496612624, 8, 0, 1
11818, 496624442, 22, 0, 1
7515, 496631957, 30, 0, 1
5658, 496637615, 12, 0, 1
5651, 496643266, 13, 0, 1
11804, 496655070, 43, 0, 1
6132, 496661202, 20, 0, 1
5658, 496666860, 15, 0, 1
5658, 496672518, 11, 0, 1
11799, 496684317, 30, 0, 1
6145, 496690462, 17, 0, 1
5652, 496696114, 16, 0, 1
5658, 496701772, 9, 0, 1
11817, 496713589, 26, 0, 1
6138, 496719727, 19, 0, 1
5658, 496725385, 15, 0, 1
5658, 496731043, 15, 0, 1
11834, 496742877, 39, 0, 1
6145, 496749022, 22, 0, 1
5658, 496754680, 14, 0, 1
5658, 496760338, 9, 0, 1
12522, 496772860, 74, 0, 1
6918, 496779778, 73, 0, 1
6343, 496786121, 23, 0, 1
6333, 496792454, 19, 0, 1
12263, 496804717, 42, 0, 1
6131, 496810848, 18, 0, 1
5652, 496816500, 21, 0, 1
5658, 496822158, 14, 0, 1
12266, 496834424, 41, 0, 1
6122, 496840546, 25, 0, 1
6116, 496846662, 17, 0, 1
6106, 496852768, 30, 0, 1
12213, 496864981, 41, 0, 1
6110, 496871091, 17, 0, 1
6116, 496877207, 24, 0, 1
6086, 496883293, 21, 0, 1
12224, 496895517, 40, 0, 1
6110, 496901627, 22, 0, 1
6086, 496907713, 25, 0, 1
5658, 496913371, 18, 0, 1
12242, 496925613, 45, 0, 1
6110, 496931723, 16, 0, 1
6104, 496937827, 22, 0, 1
5657, 496943484, 18, 0, 1
11785, 496955269, 37, 0, 1
6126, 496961395, 21, 0, 1
5658, 496967053, 11, 0, 1
5658, 496972711, 12, 0, 1
11831, 496984542, 20, 0, 1
6138, 496990680, 19, 0, 1
5652, 496996332, 14, 0, 1
5658, 497001990, 17, 0, 1
13156, 497015146, 49, 0, 1
6139, 497021285, 23, 0, 1
5652, 497026937, 13, 0, 1
5658, 497032595, 17, 0, 1
11811, 497044406, 26, 0, 1
6131, 497050537, 16, 0, 1
5622, 497056159, 18, 0, 1
5652, 497061811, 20, 0, 1
11803, 497073614, 40, 0, 1
6126, 497079740, 23, 0, 1
5646, 497085386, 11, 0, 1
5658, 497091044, 19, 0, 1
11774, 497102818, 34, 0, 1
6132, 497108950, 17, 0, 1
5656, 497114606, 17, 0, 1
5652, 497120258, 13, 0, 1
11794, 497132052, 34, 0, 1
6132, 497138184, 22, 0, 1
5658, 497143842, 12, 0, 1
5651, 497149493, 13, 0, 1
11801, 497161294, 45, 0, 1
6151, 497167445, 20, 0, 1
5650, 497173095, 18, 0, 1
5652, 497178747, 14, 0, 1
11788, 497190535, 32, 0, 1
6131, 497196666, 25, 0, 1
5651, 497202317, 15, 0, 1
5657, 497207974, 20, 0, 1
11831, 497219805, 32, 0, 1
6132, 497225937, 19, 0, 1
5651, 497231588, 18, 0, 1
5652, 497237240, 13, 0, 1
11788, 497249028, 25, 0, 1
6151, 497255179, 16, 0, 1
5633, 497260812, 21, 0, 1
5652, 497266464, 17, 0, 1
11781, 497278245, 31, 0, 1
6138, 497284383, 16, 0, 1
5643, 497290026, 24, 0, 1
5657, 497295683, 14, 0, 1
23079, 497318762, 465, 0, 1
6138, 497324900, 26, 0, 1
5658, 497330558, 13, 0, 1
5652, 497336210, 13, 0, 1
11810, 497348020, 35, 0, 1
6138, 497354158, 16, 0, 1
5651, 497359809, 17, 0, 1
5652, 497365461, 15, 0, 1
11817, 497377278, 43, 0, 1
6131, 497383409, 30, 0, 1
5639, 497389048, 19, 0, 1
7028, 497396076, 32, 0, 1
11793, 497407869, 38, 0, 1
7033, 497414902, 76, 0, 1
5658, 497420560, 14, 0, 1
5658, 497426218, 12, 0, 1
11812, 497438030, 24, 0, 1
6138, 497444168, 17, 0, 1
5652, 497449820, 13, 0, 1
5657, 497455477, 21, 0, 1
11818, 497467295, 31, 0, 1
6120, 497473415, 31, 0, 1
5639, 497479054, 18, 0, 1
5658, 497484712, 10, 0, 1
11818, 497496530, 22, 0, 1
6151, 497502681, 15, 0, 1
5628, 497508309, 16, 0, 1
5658, 497513967, 20, 0, 1
11811, 497525778, 26, 0, 1
6138, 497531916, 16, 0, 1
5634, 497537550, 18, 0, 1
5658, 497543208, 11, 0, 1
11825, 497555033, 38, 0, 1
6131, 497561164, 22, 0, 1
5658, 497566822, 9, 0, 1
5651, 497572473, 12, 0, 1
11770, 497584243, 34, 0, 1
6139, 497590382, 17, 0, 1
5651, 497596033, 24, 0, 1
5646, 497601679, 15, 0, 1
11830, 497613509, 38, 0, 1
6132, 497619641, 21, 0, 1
5652, 497625293, 13, 0, 1
5657, 497630950, 19, 0, 1
11805, 497642755, 37, 0, 1
6151, 497648906, 14, 0, 1
5640, 497654546, 14, 0, 1
5652, 497660198, 13, 0, 1
11808, 497672006, 38, 0, 1
6136, 497678142, 26, 0, 1
6097, 497684239, 22, 0, 1
5658, 497689897, 17, 0, 1
11801, 497701698, 33, 0, 1
6132, 497707830, 17, 0, 1
5658, 497713488, 11, 0, 1
5652, 497719140, 13, 0, 1
11797, 497730937, 43, 0, 1
6151, 497737088, 25, 0, 1
5658, 497742746, 13, 0, 1
5661, 497748407, 18, 0, 1
11793, 497760200, 36, 0, 1
6138, 497766338, 16, 0, 1
7034, 497773372, 35, 0, 1
5657, 497779029, 17, 0, 1
11800, 497790829, 40, 0, 1
6131, 497796960, 24, 0, 1
5652, 497802612, 13, 0, 1
5657, 497808269, 19, 0, 1
11770, 497820039, 31, 0, 1
6137, 497826176, 23, 0, 1
5658, 497831834, 21, 0, 1
5658, 497837492, 12, 0, 1
11823, 497849315, 35, 0, 1
6125, 497855440, 23, 0, 1
5658, 497861098, 16, 0, 1
5658, 497866756, 15, 0, 1
11775, 497878531, 36, 0, 1
6151, 497884682, 21, 0, 1
5640, 497890322, 19, 0, 1
5658, 497895980, 15, 0, 1
11793, 497907773, 33, 0, 1
6132, 497913905, 20, 0, 1
5652, 497919557, 13, 0, 1
5658, 497925215, 18, 0, 1
11824, 497937039, 35, 0, 1
6108, 497943147, 24, 0, 1
5658, 497948805, 12, 0, 1
5658, 497954463, 17, 0, 1
11807, 497966270, 39, 0, 1
6152, 497972422, 20, 0, 1
5645, 497978067, 20, 0, 1
5657, 497983724, 18, 0, 1
11799, 497995523, 33, 0, 1
6132, 498001655, 17, 0, 1
5616, 498007271, 20, 0, 1
5658, 498012929, 18, 0, 1
11804, 498024733, 37, 0, 1
6143, 498030876, 25, 0, 1
5640, 498036516, 15, 0, 1
5645, 498042161, 20, 0, 1
11798, 498053959, 34, 0, 1
6137, 498060096, 20, 0, 1
5640, 498065736, 19, 0, 1
5658, 498071394, 16, 0, 1
11824, 498083218, 34, 0, 1
6114, 498089332, 21, 0, 1
5651, 498094983, 15, 0, 1
5652, 498100635, 16, 0, 1
11793, 498112428, 35, 0, 1
6151, 498118579, 18, 0, 1
5639, 498124218, 17, 0, 1
5657, 498129875, 16, 0, 1
11786, 498141661, 38, 0, 1
7502, 498149163, 37, 0, 1
5658, 498154821, 14, 0, 1
5658, 498160479, 15, 0, 1
11818, 498172297, 33, 0, 1
6138, 498178435, 18, 0, 1
5651, 498184086, 22, 0, 1
5658, 498189744, 16, 0, 1
11802, 498201546, 38, 0, 1
6138, 498207684, 23, 0, 1
5652, 498213336, 13, 0, 1
5658, 498218994, 20, 0, 1
11799, 498230793, 30, 0, 1
6138, 498236931, 20, 0, 1
5644, 498242575, 17, 0, 1
5658, 498248233, 13, 0, 1
11824, 498260057, 32, 0, 1
6125, 498266182, 23, 0, 1
5658, 498271840, 14, 0, 1
5657, 498277497, 15, 0, 1
11781, 498289278, 34, 0, 1
6138, 498295416, 16, 0, 1
5658, 498301074, 11, 0, 1
5658, 498306732, 16, 0, 1
11826, 498318558, 45, 0, 1
6144, 498324702, 27, 0, 1
5652, 498330354, 15, 0, 1
5658, 498336012, 14, 0, 1
11786, 498347798, 33, 0, 1
6164, 498353962, 18, 0, 1
5646, 498359608, 19, 0, 1
5652, 498365260, 16, 0, 1
11809, 498377069, 38, 0, 1
6131, 498383200, 24, 0, 1
5646, 498388846, 12, 0, 1
5650, 498394496, 22, 0, 1
11831, 498406327, 41, 0, 1
6132, 498412459, 16, 0, 1
5658, 498418117, 13, 0, 1
5658, 498423775, 10, 0, 1
11809, 498435584, 32, 0, 1
6145, 498441729, 20, 0, 1
5652, 498447381, 11, 0, 1
5651, 498453032, 14, 0, 1
11800, 498464832, 29, 0, 1
6113, 498470945, 22, 0, 1
5657, 498476602, 29, 0, 1
742526, 499219128, 12701, 188, 5
182238, 499401366, 3167, 37, 1
14884, 499416250, 367, 0, 1
13311, 499429561, 459, 7, 1
6673, 499436234, 46, 0, 1
13718, 499449952, 45, 0, 1
8251, 499458203, 137, 2, 1
6655, 499464858, 33, 0, 1
5649, 499470507, 16, 0, 1
2115966, 2115966, 46097, 98, 4
1534122, 3650088, 22634, 58, 5
11415018, 15065106, 64189, 1171, 8
19558047, 34623153, 19204, 754, 3
18420894, 53044047, 24129, 673, 3
19647159, 72691206, 20575, 659, 3
19604239, 92295445, 19905, 575, 3
18864461, 111159906, 25351, 819, 3
18976766, 130136672, 20488, 431, 3
19611599, 149748271, 21027, 269, 3
19393212, 169141483, 22083, 582, 3
19723488, 188864971, 20219, 329, 3
19614168, 208479139, 20073, 877, 3
19586404, 228065543, 22247, 611, 3
19394516, 247460059, 20381, 581, 3
18941458, 266401517, 24414, 655, 3
18883206, 285284723, 18986, 594, 3
19550846, 304835569, 19601, 655, 3
19687569, 324523138, 19115, 459, 3
19796412, 344319550, 19091, 975, 3
19697276, 364016826, 18806, 474, 3
19801987, 383818813, 18752, 629, 3
19730286, 403549099, 18511, 595, 3
19788965, 423338064, 18469, 600, 3
19734159, 443072223, 18972, 368, 3
19686532, 462758755, 19522, 839, 3
19735324, 482494079, 18589, 1167, 3
11482353, 493976432, 28351, 34, 19
2598791, 496575223, 5854, 7, 5
12222, 496587445, 312, 0, 1
5658, 496593103, 16, 0, 1
5662, 496598765, 17, 0, 1
6142, 496604907, 26, 0, 1
11778, 496616685, 55, 0, 1
5658, 496622343, 12, 0, 1
5650, 496627993, 26, 0, 1
6136, 496634129, 23, 0, 1
11796, 496645925, 24, 0, 1
5621, 496651546, 17, 0, 1
5652, 496657198, 21, 0, 1
6186, 496663384, 23, 0, 1
11795, 496675179, 31, 0, 1
5667, 496680846, 31, 0, 1
5658, 496686504, 11, 0, 1
6160, 496692664, 16, 0, 1
11788, 496704452, 52, 0, 1
5658, 496710110, 11, 0, 1
5658, 496715768, 13, 0, 1
6130, 496721898, 25, 0, 1
13155, 496735053, 138, 0, 1
5658, 496740711, 17, 0, 1
5654, 496746365, 18, 0, 1
6160, 496752525, 18, 0, 1
11785, 496764310, 37, 0, 1
5628, 496769938, 22, 0, 1
5658, 496775596, 9, 0, 1
6148, 496781744, 28, 0, 1
11769, 496793513, 35, 0, 1
5633, 496799146, 21, 0, 1
5658, 496804804, 12, 0, 1
6167, 496810971, 21, 0, 1
11790, 496822761, 26, 0, 1
5626, 496828387, 19, 0, 1
5646, 496834033, 24, 0, 1
6153, 496840186, 23, 0, 1
11777, 496851963, 42, 0, 1
5651, 496857614, 17, 0, 1
5661, 496863275, 28, 0, 1
6141, 496869416, 27, 0, 1
11796, 496881212, 25, 0, 1
5658, 496886870, 12, 0, 1
5658, 496892528, 12, 0, 1
6165, 496898693, 27, 0, 1
11792, 496910485, 48, 0, 1
5658, 496916143, 15, 0, 1
5658, 496921801, 10, 0, 1
6124, 496927925, 24, 0, 1
11778, 496939703, 31, 0, 1
5658, 496945361, 11, 0, 1
5630, 496950991, 23, 0, 1
6173, 496957164, 18, 0, 1
11748, 496968912, 29, 0, 1
5633, 496974545, 18, 0, 1
5658, 496980203, 12, 0, 1
6123, 496986326, 25, 0, 1
19989, 497006315, 295, 6, 1
5616, 497011931, 43, 0, 1
5658, 497017589, 10, 0, 1
6160, 497023749, 15, 0, 1
11794, 497035543, 59, 0, 1
5640, 497041183, 16, 0, 1
5658, 497046841, 10, 0, 1
6153, 497052994, 25, 0, 1
11788, 497064782, 48, 0, 1
5645, 497070427, 21, 0, 1
5658, 497076085, 10, 0, 1
6160, 497082245, 18, 0, 1
11795, 497094040, 43, 0, 1
5652, 497099692, 14, 0, 1
5657, 497105349, 19, 0, 1
6681, 497112030, 58, 0, 1
14356, 497126386, 66, 0, 1
6517, 497132903, 53, 0, 1
5628, 497138531, 23, 0, 1
7524, 497146055, 120, 0, 1
11781, 497157836, 54, 0, 1
6080, 497163916, 22, 0, 1
5658, 497169574, 10, 0, 1
6138, 497175712, 14, 0, 1
12195, 497187907, 31, 0, 1
6093, 497194000, 22, 0, 1
6104, 497200104, 24, 0, 1
6084, 497206188, 25, 0, 1
12232, 497218420, 29, 0, 1
6092, 497224512, 22, 0, 1
6091, 497230603, 25, 0, 1
6116, 497236719, 17, 0, 1
12202, 497248921, 37, 0, 1
6115, 497255036, 24, 0, 1
5658, 497260694, 11, 0, 1
6119, 497266813, 25, 0, 1
11762, 497278575, 43, 0, 1
5640, 497284215, 19, 0, 1
5658, 497289873, 12, 0, 1
6142, 497296015, 29, 0, 1
11787, 497307802, 53, 0, 1
5640, 497313442, 15, 0, 1
5632, 497319074, 24, 0, 1
6160, 497325234, 18, 0, 1
11791, 497337025, 27, 0, 1
5638, 497342663, 22, 0, 1
5646, 497348309, 19, 0, 1
6160, 497354469, 14, 0, 1
11777, 497366246, 39, 0, 1
5646, 497371892, 15, 0, 1
5656, 497377548, 19, 0, 1
6173, 497383721, 16, 0, 1
11764, 497395485, 35, 0, 1
5652, 497401137, 20, 0, 1
5658, 497406795, 15, 0, 1
6112, 497412907, 22, 0, 1
11784, 497424691, 29, 0, 1
5645, 497430336, 19, 0, 1
5660, 497435996, 24, 0, 1
6186, 497442182, 15, 0, 1
11795, 497453977, 37, 0, 1
5658, 497459635, 15, 0, 1
5644, 497465279, 24, 0, 1
6150, 497471429, 30, 0, 1
11809, 497483238, 25, 0, 1
5634, 497488872, 17, 0, 1
5652, 497494524, 13, 0, 1
7495, 497502019, 36, 0, 1
11799, 497513818, 43, 0, 1
5658, 497519476, 13, 0, 1
5652, 497525128, 20, 0, 1
6161, 497531289, 22, 0, 1
11796, 497543085, 39, 0, 1
5658, 497548743, 12, 0, 1
5622, 497554365, 20, 0, 1
6156, 497560521, 26, 0, 1
11771, 497572292, 41, 0, 1
5652, 497577944, 15, 0, 1
5656, 497583600, 25, 0, 1
6160, 497589760, 17, 0, 1
11775, 497601535, 37, 0, 1
5658, 497607193, 14, 0, 1
5650, 497612843, 20, 0, 1
6155, 497618998, 23, 0, 1
11771, 497630769, 32, 0, 1
5658, 497636427, 9, 0, 1
5658, 497642085, 9, 0, 1
6118, 497648203, 19, 0, 1
11778, 497659981, 45, 0, 1
5658, 497665639, 10, 0, 1
5655, 497671294, 24, 0, 1
6173, 497677467, 18, 0, 1
11783, 497689250, 28, 0, 1
5634, 497694884, 17, 0, 1
5658, 497700542, 15, 0, 1
6130, 497706672, 22, 0, 1
11791, 497718463, 26, 0, 1
5651, 497724114, 23, 0, 1
5658, 497729772, 7, 0, 1
6124, 497735896, 19, 0, 1
11764, 497747660, 41, 0, 1
5640, 497753300, 17, 0, 1
5658, 497758958, 10, 0, 1
6177, 497765135, 30, 0, 1
11795, 497776930, 35, 0, 1
5658, 497782588, 8, 0, 1
5620, 497788208, 17, 0, 1
6160, 497794368, 15, 0, 1
23192, 497817560, 385, 0, 1
5640, 497823200, 28, 0, 1
5646, 497828846, 13, 0, 1
6160, 497835006, 16, 0, 1
11774, 497846780, 33, 0, 1
5658, 497852438, 15, 0, 1
5652, 497858090, 26, 0, 1
11804, 497869894, 37, 0, 1
6134, 497876028, 34, 0, 1
7031, 497883059, 51, 0, 1
5650, 497888709, 24, 0, 1
11787, 497900496, 49, 0, 1
6137, 497906633, 22, 0, 1
5658, 497912291, 13, 0, 1
5668, 497917959, 25, 0, 1
11825, 497929784, 28, 0, 1
6112, 497935896, 33, 0, 1
5658, 497941554, 12, 0, 1
5658, 497947212, 12, 0, 1
11791, 497959003, 32, 0, 1
6138, 497965141, 22, 0, 1
5634, 497970775, 16, 0, 1
5658, 497976433, 13, 0, 1
11817, 497988250, 34, 0, 1
6138, 497994388, 13, 0, 1
5639, 498000027, 25, 0, 1
5662, 498005689, 29, 0, 1
11795, 498017484, 35, 0, 1
6138, 498023622, 17, 0, 1
6115, 498029737, 21, 0, 1
5658, 498035395, 13, 0, 1
11774, 498047169, 41, 0, 1
6151, 498053320, 15, 0, 1
5658, 498058978, 11, 0, 1
5655, 498064633, 30, 0, 1
11781, 498076414, 38, 0, 1
6145, 498082559, 15, 0, 1
5658, 498088217, 12, 0, 1
5650, 498093867, 24, 0, 1
11817, 498105684, 42, 0, 1
6138, 498111822, 20, 0, 1
5627, 498117449, 20, 0, 1
5653, 498123102, 28, 0, 1
11796, 498134898, 34, 0, 1
6125, 498141023, 23, 0, 1
5640, 498146663, 15, 0, 1
5652, 498152315, 16, 0, 1
11789, 498164104, 30, 0, 1
6138, 498170242, 15, 0, 1
5652, 498175894, 18, 0, 1
5657, 498181551, 14, 0, 1
11808, 498193359, 45, 0, 1
6158, 498199517, 20, 0, 1
5637, 498205154, 25, 0, 1
5667, 498210821, 27, 0, 1
11817, 498222638, 32, 0, 1
6126, 498228764, 18, 0, 1
5658, 498234422, 11, 0, 1
5645, 498240067, 24, 0, 1
11809, 498251876, 50, 0, 1
7488, 498259364, 40, 0, 1
5658, 498265022, 13, 0, 1
5645, 498270667, 29, 0, 1
11789, 498282456, 48, 0, 1
6147, 498288603, 29, 0, 1
5658, 498294261, 12, 0, 1
5622, 498299883, 24, 0, 1
11785, 498311668, 39, 0, 1
6114, 498317782, 22, 0, 1
5634, 498323416, 17, 0, 1
5645, 498329061, 26, 0, 1
11813, 498340874, 43, 0, 1
6138, 498347012, 15, 0, 1
5656, 498352668, 26, 0, 1
5658, 498358326, 12, 0, 1
11797, 498370123, 40, 0, 1
6138, 498376261, 18, 0, 1
5658, 498381919, 9, 0, 1
5647, 498387566, 22, 0, 1
11818, 498399384, 43, 0, 1
6138, 498405522, 15, 0, 1
5658, 498411180, 13, 0, 1
5652, 498416832, 14, 0, 1
11814, 498428646, 55, 0, 1
6151, 498434797, 16, 0, 1
5640, 498440437, 18, 0, 1
5662, 498446099, 22, 0, 1
11815, 498457914, 33, 0, 1
6138, 498464052, 13, 0, 1
5658, 498469710, 11, 0, 1
5650, 498475360, 18, 0, 1
11824, 498487184, 26, 0, 1
6137, 498493321, 20, 0, 1
5658, 498498979, 9, 0, 1
5627, 498504606, 14, 0, 1
11793, 498516399, 31, 0, 1
6139, 498522538, 19, 0, 1
5658, 498528196, 14, 0, 1
5658, 498533854, 15, 0, 1
11780, 498545634, 35, 0, 1
6132, 498551766, 20, 0, 1
5658, 498557424, 13, 0, 1
5646, 498563070, 20, 0, 1
11812, 498574882, 35, 0, 1
6131, 498581013, 26, 0, 1
5658, 498586671, 17, 0, 1
5657, 498592328, 22, 0, 1
11811, 498604139, 37, 0, 1
6138, 498610277, 19, 0, 1
5645, 498615922, 19, 0, 1
5658, 498621580, 15, 0, 1
13194, 498634774, 51, 0, 1
6132, 498640906, 26, 0, 1
5658, 498646564, 14, 0, 1
5652, 498652216, 20, 0, 1
11800, 498664016, 32, 0, 1
6151, 498670167, 18, 0, 1
5628, 498675795, 19, 0, 1
5658, 498681453, 12, 0, 1
11799, 498693252, 34, 0, 1
6126, 498699378, 20, 0, 1
5658, 498705036, 12, 0, 1
5662, 498710698, 22, 0, 1
11793, 498722491, 34, 0, 1
6138, 498728629, 19, 0, 1
5657, 498734286, 21, 0, 1
5657, 498739943, 18, 0, 1
11805, 498751748, 40, 0, 1
6138, 498757886, 25, 0, 1
5658, 498763544, 17, 0, 1
5658, 498769202, 20, 0, 1
11804, 498781006, 34, 0, 1
6132, 498787138, 19, 0, 1
5639, 498792777, 19, 0, 1
5658, 498798435, 16, 0, 1
11817, 498810252, 44, 0, 1
6128, 498816380, 22, 0, 1
5645, 498822025, 20, 0, 1
5658, 498827683, 16, 0, 1
934067, 499761750, 15587, 314, 5
6703, 499768453, 66, 0, 1
6662, 499775115, 34, 0, 1
12323, 499787438, 370, 8, 1
13553, 499800991, 62, 0, 1
6662, 499807653, 25, 0, 1
8407, 499816060, 158, 4, 1
6331, 499822391, 29, 0, 1
2605269, 2605269, 55391, 105, 4
10611427, 13216696, 73368, 1107, 8
19399190, 32615886, 20501, 793, 3
19091753, 51707639, 24880, 639, 3
19099807, 70807446, 18644, 674, 3
19605044, 90412490, 18535, 548, 3
19419658, 109832148, 21263, 506, 3
18536529, 128368677, 23357, 867, 3
19277676, 147646353, 19425, 286, 3
19695562, 167341915, 19674, 540, 3
19647802, 186989717, 21962, 272, 3
19464859, 206454576, 19272, 1045, 3
19708588, 226163164, 19343, 589, 3
19546021, 245709185, 19033, 503, 3
18295194, 264004379, 25706, 787, 3
19318195, 283322574, 18884, 547, 3
19296579, 302619153, 18891, 657, 3
19660827, 322279980, 18510, 433, 3
19793844, 342073824, 19172, 1022, 3
19710463, 361784287, 18611, 465, 3
19781690, 381565977, 19185, 750, 3
19710434, 401276411, 18815, 550, 3
19784842, 421061253, 19525, 583, 3
19805240, 440866493, 18705, 292, 3
19717302, 460583795, 18926, 659, 3
19705056, 480288851, 19109, 1309, 3
12619338, 492908189, 29519, 196, 19
3381805, 496289994, 7584, 16, 5
5658, 496295652, 22, 0, 1
5655, 496301307, 28, 0, 1
11827, 496313134, 41, 0, 1
6132, 496319266, 34, 0, 1
5667, 496324933, 30, 0, 1
5650, 496330583, 19, 0, 1
11814, 496342397, 53, 0, 1
6158, 496348555, 16, 0, 1
5634, 496354189, 15, 0, 1
5640, 496359829, 13, 0, 1
11749, 496371578, 38, 0, 1
6107, 496377685, 24, 0, 1
5660, 496383345, 24, 0, 1
5643, 496388988, 24, 0, 1
11830, 496400818, 30, 0, 1
6138, 496406956, 14, 0, 1
5652, 496412608, 13, 0, 1
5651, 496418259, 24, 0, 1
11780, 496430039, 31, 0, 1
6151, 496436190, 17, 0, 1
5639, 496441829, 19, 0, 1
5658, 496447487, 8, 0, 1
11773, 496459260, 37, 0, 1
6138, 496465398, 17, 0, 1
5650, 496471048, 18, 0, 1
5643, 496476691, 22, 0, 1
13202, 496489893, 131, 0, 1
6123, 496496016, 33, 0, 1
5652, 496501668, 15, 0, 1
5652, 496507320, 14, 0, 1
11800, 496519120, 34, 0, 1
6130, 496525250, 25, 0, 1
5616, 496530866, 18, 0, 1
5658, 496536524, 8, 0, 1
11824, 496548348, 35, 0, 1
6132, 496554480, 21, 0, 1
5651, 496560131, 12, 0, 1
5645, 496565776, 21, 0, 1
11776, 496577552, 35, 0, 1
6133, 496583685, 22, 0, 1
5658, 496589343, 12, 0, 1
5626, 496594969, 22, 0, 1
11806, 496606775, 38, 0, 1
6114, 496612889, 18, 0, 1
5616, 496618505, 16, 0, 1
5658, 496624163, 11, 0, 1
11811, 496635974, 26, 0, 1
6132, 496642106, 20, 0, 1
5616, 496647722, 14, 0, 1
5644, 496653366, 25, 0, 1
11818, 496665184, 23, 0, 1
6151, 496671335, 18, 0, 1
5640, 496676975, 18, 0, 1
5660, 496682635, 32, 0, 1
11780, 496694415, 36, 0, 1
6138, 496700553, 17, 0, 1
5639, 496706192, 26, 0, 1
5641, 496711833, 17, 0, 1
11807, 496723640, 32, 0, 1
6126, 496729766, 29, 0, 1
5658, 496735424, 9, 0, 1
5651, 496741075, 17, 0, 1
11806, 496752881, 27, 0, 1
6138, 496759019, 16, 0, 1
5658, 496764677, 14, 0, 1
5658, 496770335, 10, 0, 1
11831, 496782166, 40, 0, 1
6126, 496788292, 20, 0, 1
5639, 496793931, 17, 0, 1
5652, 496799583, 18, 0, 1
13021, 496812604, 102, 0, 1
6637, 496819241, 34, 0, 1
5622, 496824863, 22, 0, 1
5637, 496830500, 20, 0, 1
12987, 496843487, 48, 0, 1
6571, 496850058, 28, 0, 1
5658, 496855716, 12, 0, 1
5645, 496861361, 14, 0, 1
13648, 496875009, 43, 0, 1
6116, 496881125, 15, 0, 1
6085, 496887210, 26, 0, 1
6103, 496893313, 21, 0, 1
12241, 496905554, 41, 0, 1
6136, 496911690, 17, 0, 1
6116, 496917806, 16, 0, 1
6107, 496923913, 28, 0, 1
12194, 496936107, 37, 0, 1
6116, 496942223, 17, 0, 1
6073, 496948296, 24, 0, 1
5655, 496953951, 19, 0, 1
12238, 496966189, 31, 0, 1
6110, 496972299, 23, 0, 1
5620, 496977919, 22, 0, 1
5658, 496983577, 11, 0, 1
11792, 496995369, 33, 0, 1
6120, 497001489, 19, 0, 1
5627, 497007116, 24, 0, 1
5652, 497012768, 15, 0, 1
11781, 497024549, 36, 0, 1
6136, 497030685, 20, 0, 1
5637, 497036322, 20, 0, 1
5658, 497041980, 10, 0, 1
11811, 497053791, 28, 0, 1
6151, 497059942, 15, 0, 1
5628, 497065570, 15, 0, 1
5658, 497071228, 11, 0, 1
11816, 497083044, 34, 0, 1
6142, 497089186, 26, 0, 1
5658, 497094844, 12, 0, 1
5652, 497100496, 16, 0, 1
11798, 497112294, 34, 0, 1
6112, 497118406, 30, 0, 1
5658, 497124064, 11, 0, 1
5652, 497129716, 13, 0, 1
11799, 497141515, 32, 0, 1
6132, 497147647, 28, 0, 1
5658, 497153305, 8, 0, 1
5658, 497158963, 9, 0, 1
11820, 497170783, 46, 0, 1
6138, 497176921, 17, 0, 1
5658, 497182579, 11, 0, 1
5651, 497188230, 13, 0, 1
11798, 497200028, 34, 0, 1
6120, 497206148, 15, 0, 1
5633, 497211781, 15, 0, 1
5661, 497217442, 30, 0, 1
11780, 497229222, 34, 0, 1
6138, 497235360, 16, 0, 1
5658, 497241018, 11, 0, 1
7021, 497248039, 35, 0, 1
11830, 497259869, 44, 0, 1
6138, 497266007, 17, 0, 1
5626, 497271633, 22, 0, 1
5645, 497277278, 20, 0, 1
11781, 497289059, 40, 0, 1
6190, 497295249, 18, 0, 1
5610, 497300859, 19, 0, 1
5652, 497306511, 14, 0, 1
11807, 497318318, 42, 0, 1
6138, 497324456, 16, 0, 1
5634, 497330090, 17, 0, 1
5627, 497335717, 24, 0, 1
11819, 497347536, 26, 0, 1
6096, 497353632, 22, 0, 1
5652, 497359284, 15, 0, 1
5658, 497364942, 12, 0, 1
11777, 497376719, 41, 0, 1
6151, 497382870, 15, 0, 1
5658, 497388528, 13, 0, 1
5658, 497394186, 12, 0, 1
11807, 497405993, 45, 0, 1
6130, 497412123, 25, 0, 1
5658, 497417781, 11, 0, 1
5658, 497423439, 13, 0, 1
11799, 497435238, 42, 0, 1
6138, 497441376, 14, 0, 1
5640, 497447016, 16, 0, 1
5649, 497452665, 25, 0, 1
11798, 497464463, 54, 0, 1
6138, 497470601, 15, 0, 1
5658, 497476259, 12, 0, 1
5652, 497481911, 16, 0, 1
20886, 497502797, 356, 2, 1
6130, 497508927, 28, 0, 1
5640, 497514567, 14, 0, 1
5639, 497520206, 22, 0, 1
11794, 497532000, 27, 0, 1
6151, 497538151, 16, 0, 1
5640, 497543791, 14, 0, 1
5649, 497549440, 27, 0, 1
11769, 497561209, 33, 0, 1
6138, 497567347, 20, 0, 1
5668, 497573015, 33, 0, 1
5644, 497578659, 26, 0, 1
11819, 497590478, 25, 0, 1
6120, 497596598, 23, 0, 1
5643, 497602241, 24, 0, 1
5643, 497607884, 28, 0, 1
11812, 497619696, 28, 0, 1
6127, 497625823, 18, 0, 1
7007, 497632830, 40, 0, 1
5654, 497638484, 32, 0, 1
11794, 497650278, 32, 0, 1
6124, 497656402, 23, 0, 1
5622, 497662024, 19, 0, 1
5658, 497667682, 9, 0, 1
19629, 497687311, 233, 2, 1
6137, 497693448, 22, 0, 1
5654, 497699102, 29, 0, 1
5658, 497704760, 16, 0, 1
11798, 497716558, 49, 0, 1
6120, 497722678, 15, 0, 1
6129, 497728807, 17, 0, 1
5656, 497734463, 21, 0, 1
11796, 497746259, 22, 0, 1
6132, 497752391, 18, 0, 1
5647, 497758038, 22, 0, 1
5648, 497763686, 26, 0, 1
11817, 497775503, 32, 0, 1
6151, 497781654, 16, 0, 1
5658, 497787312, 12, 0, 1
5632, 497792944, 20, 0, 1
11840, 497804784, 44, 0, 1
6132, 497810916, 19, 0, 1
5658, 497816574, 9, 0, 1
5652, 497822226, 14, 0, 1
11794, 497834020, 31, 0, 1
6145, 497840165, 17, 0, 1
5649, 497845814, 21, 0, 1
5621, 497851435, 22, 0, 1
11817, 497863252, 27, 0, 1
6151, 497869403, 16, 0, 1
5627, 497875030, 22, 0, 1
5658, 497880688, 14, 0, 1
11783, 497892471, 44, 0, 1
6128, 497898599, 28, 0, 1
5639, 497904238, 16, 0, 1
5645, 497909883, 25, 0, 1
11830, 497921713, 34, 0, 1
6138, 497927851, 15, 0, 1
5658, 497933509, 11, 0, 1
5638, 497939147, 26, 0, 1
11790, 497950937, 37, 0, 1
6112, 497957049, 28, 0, 1
5636, 497962685, 22, 0, 1
5656, 497968341, 29, 0, 1
11821, 497980162, 34, 0, 1
6137, 497986299, 20, 0, 1
5658, 497991957, 11, 0, 1
5656, 497997613, 26, 0, 1
13170, 498010783, 57, 0, 1
6132, 498016915, 22, 0, 1
5658, 498022573, 8, 0, 1
5646, 498028219, 19, 0, 1
11814, 498040033, 32, 0, 1
6138, 498046171, 15, 0, 1
5621, 498051792, 18, 0, 1
5645, 498057437, 18, 0, 1
11828, 498069265, 29, 0, 1
6138, 498075403, 13, 0, 1
5646, 498081049, 14, 0, 1
5658, 498086707, 12, 0, 1
11820, 498098527, 35, 0, 1
6139, 498104666, 23, 0, 1
5645, 498110311, 17, 0, 1
5639, 498115950, 24, 0, 1
11806, 498127756, 25, 0, 1
6142, 498133898, 33, 0, 1
5658, 498139556, 10, 0, 1
11825, 498151381, 25, 0, 1
5657, 498157038, 27, 0, 1
6126, 498163164, 19, 0, 1
5651, 498168815, 25, 0, 1
11818, 498180633, 23, 0, 1
5658, 498186291, 12, 0, 1
6096, 498192387, 19, 0, 1
5640, 498198027, 15, 0, 1
11791, 498209818, 36, 0, 1
5658, 498215476, 8, 0, 1
6120, 498221596, 23, 0, 1
5640, 498227236, 20, 0, 1
11785, 498239021, 36, 0, 1
5653, 498244674, 29, 1, 1
14332, 498259006, 264, 11, 1
5620, 498264626, 34, 0, 1
11812, 498276438, 25, 0, 1
5638, 498282076, 20, 0, 1
6138, 498288214, 14, 0, 1
5652, 498293866, 9, 0, 1
11827, 498305693, 39, 0, 1
5658, 498311351, 10, 0, 1
6118, 498317469, 27, 0, 1
5639, 498323108, 15, 0, 1
11783, 498334891, 41, 0, 1
5652, 498340543, 13, 0, 1
6113, 498346656, 25, 0, 1
5658, 498352314, 10, 0, 1
11805, 498364119, 28, 0, 1
5636, 498369755, 21, 0, 1
6117, 498375872, 21, 0, 1
5658, 498381530, 9, 0, 1
13195, 498394725, 47, 0, 1
5655, 498400380, 24, 0, 1
6113, 498406493, 32, 0, 1
5658, 498412151, 10, 0, 1
11792, 498423943, 31, 0, 1
5651, 498429594, 20, 0, 1
6121, 498435715, 28, 0, 1
5658, 498441373, 10, 0, 1
11831, 498453204, 34, 0, 1
5652, 498458856, 20, 0, 1
6097, 498464953, 21, 0, 1
5658, 498470611, 10, 0, 1
11785, 498482396, 49, 0, 1
5657, 498488053, 15, 0, 1
6148, 498494201, 31, 0, 1
5651, 498499852, 20, 0, 1
11796, 498511648, 55, 0, 1
6355, 498518003, 43, 0, 1
6622, 498524625, 40, 0, 1
6372, 498530997, 23, 0, 1
895141, 499426138, 15318, 225, 5
6699, 499432837, 71, 0, 1
6393, 499439230, 23, 0, 1
12084, 499451314, 371, 2, 1
13379, 499464693, 58, 0, 1
6656, 499471349, 23, 0, 1
8437, 499479786, 183, 1, 1
6602, 499486388, 30, 0, 1
1653280, 1653280, 38221, 86, 4
8259996, 9913276, 88111, 1138, 8
19381912, 29295188, 18759, 848, 3
19453251, 48748439, 19720, 634, 3
19696885, 68445324, 17935, 676, 3
19568578, 88013902, 21603, 436, 3
19606127, 107620029, 18791, 568, 3
19702131, 127322160, 18446, 547, 3
19161554, 146483714, 19075, 270, 3
19501811, 165985525, 24798, 850, 3
19176557, 185162082, 19321, 284, 3
19552460, 204714542, 19010, 1006, 3
19413538, 224128080, 18840, 701, 3
19575873, 243703953, 21723, 462, 3
19105704, 262809657, 24176, 839, 3
19633496, 282443153, 18694, 555, 3
19451705, 301894858, 19579, 676, 3
19606728, 321501586, 19479, 477, 3
19027072, 340528658, 18610, 987, 3
19739900, 360268558, 18948, 519, 3
19793175, 380061733, 18585, 752, 3
19782713, 399844446, 19105, 426, 3
19803243, 419647689, 19258, 762, 3
19815787, 439463476, 18561, 264, 3
19783292, 459246768, 18512, 713, 3
19677488, 478924256, 19916, 1332, 3
13463218, 492387474, 29112, 269, 19
3945281, 496332755, 8053, 8, 6
6759, 496339514, 50, 0, 1
13428, 496352942, 59, 0, 1
6413, 496359355, 19, 0, 1
6431, 496365786, 18, 0, 1
6719, 496372505, 23, 0, 1
14524, 496387029, 107, 0, 1
6431, 496393460, 18, 0, 1
6431, 496399891, 23, 0, 1
6757, 496406648, 24, 0, 1
13150, 496419798, 34, 0, 1
6407, 496426205, 19, 0, 1
6431, 496432636, 12, 0, 1
6744, 496439380, 21, 0, 1
13166, 496452546, 25, 0, 1
6431, 496458977, 15, 0, 1
6413, 496465390, 19, 0, 1
6738, 496472128, 18, 0, 1
13283, 496485411, 48, 0, 1
6425, 496491836, 20, 0, 1
6425, 496498261, 18, 0, 1
6744, 496505005, 27, 0, 1
13147, 496518152, 36, 0, 1
6431, 496524583, 10, 0, 1
6431, 496531014, 13, 0, 1
6725, 496537739, 26, 0, 1
13166, 496550905, 42, 0, 1
6424, 496557329, 18, 0, 1
6431, 496563760, 18, 0, 1
6880, 496570640, 27, 0, 1
13140, 496583780, 35, 0, 1
6430, 496590210, 21, 0, 1
6423, 496596633, 21, 0, 1
6721, 496603354, 23, 0, 1
13140, 496616494, 48, 0, 1
6430, 496622924, 20, 0, 1
6431, 496629355, 15, 0, 1
6720, 496636075, 27, 0, 1
13147, 496649222, 36, 0, 1
6431, 496655653, 14, 0, 1
6430, 496662083, 20, 0, 1
6751, 496668834, 18, 0, 1
13146, 496681980, 38, 0, 1
6429, 496688409, 20, 0, 1
6431, 496694840, 16, 0, 1
6731, 496701571, 24, 0, 1
13166, 496714737, 38, 0, 1
6413, 496721150, 22, 0, 1
6413, 496727563, 17, 0, 1
6733, 496734296, 23, 0, 1
13151, 496747447, 42, 0, 1
6419, 496753866, 21, 0, 1
6431, 496760297, 12, 0, 1
6757, 496767054, 17, 0, 1
13129, 496780183, 33, 0, 1
6418, 496786601, 21, 0, 1
6424, 496793025, 21, 0, 1
8103, 496801128, 35, 0, 1
13157, 496814285, 49, 0, 1
6407, 496820692, 20, 0, 1
6431, 496827123, 13, 0, 1
6744, 496833867, 18, 0, 1
13151, 496847018, 41, 0, 1
6401, 496853419, 30, 0, 1
6424, 496859843, 23, 0, 1
6757, 496866600, 17, 0, 1
13151, 496879751, 49, 0, 1
6431, 496886182, 16, 0, 1
6431, 496892613, 14, 0, 1
6744, 496899357, 21, 0, 1
13152, 496912509, 37, 0, 1
6431, 496918940, 14, 0, 1
6419, 496925359, 20, 0, 1
6875, 496932234, 30, 0, 1
13383, 496945617, 40, 0, 1
6532, 496952149, 15, 0, 1
6396, 496958545, 21, 0, 1
6816, 496965361, 29, 0, 1
13162, 496978523, 51, 0, 1
6694, 496985217, 18, 0, 1
6686, 496991903, 23, 0, 1
6688, 496998591, 21, 0, 1
13397, 497011988, 39, 0, 1
6694, 497018682, 19, 0, 1
6688, 497025370, 24, 0, 1
6682, 497032052, 22, 0, 1
13399, 497045451, 36, 0, 1
6669, 497052120, 32, 0, 1
6681, 497058801, 25, 0, 1
6700, 497065501, 23, 0, 1
13142, 497078643, 40, 0, 1
6700, 497085343, 17, 0, 1
6425, 497091768, 19, 0, 1
6697, 497098465, 27, 0, 1
13133, 497111598, 40, 0, 1
6414, 497118012, 18, 0, 1
6431, 497124443, 23, 0, 1
6757, 497131200, 21, 0, 1
13122, 497144322, 41, 0, 1
6590, 497150912, 29, 0, 1
6431, 497157343, 18, 0, 1
6701, 497164044, 26, 0, 1
13152, 497177196, 39, 0, 1
6431, 497183627, 17, 0, 1
6431, 497190058, 13, 0, 1
6751, 497196809, 18, 0, 1
13139, 497209948, 46, 0, 1
6401, 497216349, 20, 0, 1
7807, 497224156, 30, 0, 1
6869, 497231025, 25, 0, 1
13148, 497244173, 31, 0, 1
6431, 497250604, 14, 0, 1
6429, 497257033, 20, 0, 1
6726, 497263759, 20, 0, 1
13134, 497276893, 40, 0, 1
6424, 497283317, 19, 0, 1
6431, 497289748, 12, 0, 1
6733, 497296481, 24, 0, 1
13157, 497309638, 35, 0, 1
6425, 497316063, 18, 0, 1
6431, 497322494, 12, 0, 1
6738, 497329232, 17, 0, 1
13166, 497342398, 25, 0, 1
6431, 497348829, 13, 0, 1
6425, 497355254, 20, 0, 1
6720, 497361974, 24, 0, 1
13135, 497375109, 31, 0, 1
6431, 497381540, 21, 0, 1
6431, 497387971, 14, 0, 1
6770, 497394741, 19, 0, 1
13142, 497407883, 37, 0, 1
6431, 497414314, 18, 0, 1
6417, 497420731, 19, 0, 1
13167, 497433898, 42, 0, 1
6716, 497440614, 18, 0, 1
6401, 497447015, 20, 0, 1
6430, 497453445, 20, 0, 1
13180, 497466625, 45, 0, 1
6705, 497473330, 23, 0, 1
6424, 497479754, 16, 0, 1
6424, 497486178, 22, 0, 1
13169, 497499347, 44, 0, 1
6735, 497506082, 18, 0, 1
6431, 497512513, 11, 0, 1
6425, 497518938, 15, 0, 1
13169, 497532107, 29, 0, 1
6722, 497538829, 15, 0, 1
6425, 497545254, 16, 0, 1
6424, 497551678, 16, 0, 1
13188, 497564866, 25, 0, 1
6722, 497571588, 17, 0, 1
6424, 497578012, 23, 0, 1
6425, 497584437, 17, 0, 1
13138, 497597575, 39, 0, 1
6735, 497604310, 16, 0, 1
6431, 497610741, 21, 0, 1
6431, 497617172, 13, 0, 1
13167, 497630339, 48, 0, 1
6703, 497637042, 26, 0, 1
7796, 497644838, 29, 0, 1
6430, 497651268, 19, 0, 1
13176, 497664444, 33, 0, 1
6722, 497671166, 18, 0, 1
6431, 497677597, 10, 0, 1
6431, 497684028, 15, 0, 1
13293, 497697321, 44, 0, 1
6698, 497704019, 24, 0, 1
6419, 497710438, 16, 0, 1
6431, 497716869, 14, 0, 1
13164, 497730033, 32, 0, 1
6716, 497736749, 23, 0, 1
6423, 497743172, 18, 0, 1
6431, 497749603, 13, 0, 1
13145, 497762748, 35, 0, 1
6735, 497769483, 16, 0, 1
6425, 497775908, 18, 0, 1
6430, 497782338, 21, 0, 1
13156, 497795494, 31, 0, 1
6721, 497802215, 27, 0, 1
6419, 497808634, 17, 0, 1
6431, 497815065, 15, 0, 1
13180, 497828245, 50, 0, 1
6692, 497834937, 23, 0, 1
6419, 497841356, 17, 0, 1
6424, 497847780, 20, 0, 1
13159, 497860939, 41, 0, 1
6729, 497867668, 21, 0, 1
6424, 497874092, 24, 0, 1
6431, 497880523, 15, 0, 1
13150, 497893673, 41, 0, 1
6716, 497900389, 24, 0, 1
6686, 497907075, 24, 0, 1
6431, 497913506, 17, 0, 1
22227, 497935733, 363, 2, 1
6722, 497942455, 37, 0, 1
6431, 497948886, 15, 0, 1
6425, 497955311, 19, 0, 1
13127, 497968438, 45, 0, 1
6716, 497975154, 28, 0, 1
6413, 497981567, 22, 0, 1
6424, 497987991, 20, 0, 1
13163, 498001154, 44, 0, 1
6722, 498007876, 21, 0, 1
6430, 498014306, 21, 0, 1
6424, 498020730, 18, 0, 1
13159, 498033889, 47, 0, 1
6709, 498040598, 31, 0, 1
6431, 498047029, 16, 0, 1
6435, 498053464, 21, 0, 1
13137, 498066601, 35, 0, 1
8091, 498074692, 44, 0, 1
6431, 498081123, 16, 0, 1
6425, 498087548, 20, 0, 1
13145, 498100693, 39, 0, 1
6865, 498107558, 28, 0, 1
6431, 498113989, 14, 0, 1
6425, 498120414, 21, 0, 1
13174, 498133588, 40, 0, 1
6735, 498140323, 22, 0, 1
6425, 498146748, 21, 0, 1
6431, 498153179, 15, 0, 1
13175, 498166354, 29, 0, 1
6722, 498173076, 21, 0, 1
6431, 498179507, 17, 0, 1
6424, 498185931, 21, 0, 1
13163, 498199094, 40, 0, 1
6710, 498205804, 21, 0, 1
6420, 498212224, 21, 0, 1
6431, 498218655, 12, 0, 1
13175, 498231830, 24, 0, 1
6722, 498238552, 20, 0, 1
6425, 498244977, 19, 0, 1
6430, 498251407, 25, 0, 1
13188, 498264595, 39, 0, 1
6722, 498271317, 25, 0, 1
6431, 498277748, 13, 0, 1
6431, 498284179, 15, 0, 1
13162, 498297341, 35, 0, 1
6729, 498304070, 25, 0, 1
6431, 498310501, 16, 0, 1
6430, 498316931, 21, 0, 1
13160, 498330091, 45, 0, 1
6722, 498336813, 21, 0, 1
6424, 498343237, 24, 0, 1
6431, 498349668, 15, 0, 1
13169, 498362837, 44, 0, 1
6865, 498369702, 27, 0, 1
6431, 498376133, 14, 0, 1
6430, 498382563, 23, 0, 1
13157, 498395720, 34, 0, 1
6735, 498402455, 25, 0, 1
6419, 498408874, 16, 0, 1
6431, 498415305, 14, 0, 1
13175, 498428480, 34, 0, 1
6698, 498435178, 24, 0, 1
6417, 498441595, 18, 0, 1
6431, 498448026, 14, 0, 1
13181, 498461207, 46, 0, 1
6716, 498467923, 22, 0, 1
6407, 498474330, 21, 0, 1
6425, 498480755, 15, 0, 1
14541, 498495296, 57, 0, 1
6710, 498502006, 24, 0, 1
6431, 498508437, 15, 0, 1
6424, 498514861, 19, 0, 1
13158, 498528019, 40, 0, 1
6715, 498534734, 21, 0, 1
6418, 498541152, 20, 0, 1
6425, 498547577, 19, 0, 1
13160, 498560737, 44, 0, 1
6723, 498567460, 20, 0, 1
6425, 498573885, 15, 0, 1
6418, 498580303, 24, 0, 1
13163, 498593466, 43, 0, 1
6722, 498600188, 23, 0, 1
6431, 498606619, 22, 0, 1
6431, 498613050, 16, 0, 1
13167, 498626217, 43, 0, 1
6710, 498632927, 21, 0, 1
6425, 498639352, 17, 0, 1
6417, 498645769, 23, 0, 1
13163, 498658932, 41, 0, 1
6748, 498665680, 18, 0, 1
6412, 498672092, 20, 0, 1
6413, 498678505, 21, 0, 1
13160, 498691665, 47, 0, 1
6703, 498698368, 23, 0, 1
6430, 498704798, 18, 0, 1
6430, 498711228, 24, 0, 1
13188, 498724416, 28, 0, 1
6722, 498731138, 17, 0, 1
6431, 498737569, 17, 0, 1
6431, 498744000, 19, 0, 1
13175, 498757175, 31, 0, 1
6722, 498763897, 22, 0, 1
6425, 498770322, 17, 0, 1
6430, 498776752, 22, 0, 1
13168, 498789920, 35, 0, 1
6716, 498796636, 22, 0, 1
6424, 498803060, 22, 0, 1
6413, 498809473, 21, 0, 1
13167, 498822640, 36, 0, 1
475259, 499297899, 6965, 97, 1
446930, 499744829, 8608, 142, 5
6910, 499751739, 68, 0, 1
13792, 499765531, 63, 0, 1
12278, 499777809, 392, 5, 1
6879, 499784688, 43, 0, 1
6981, 499791669, 45, 0, 1
12714, 499804383, 50, 0, 1
8461, 499812844, 139, 3, 1
812968, 812968, 18946, 64, 5
5973693, 6786661, 87699, 932, 16
17310722, 24097383, 34586, 670, 3
19176436, 43273819, 20219, 876, 3
19098963, 62372782, 22383, 664, 3
19580275, 81953057, 19432, 463, 3
19513402, 101466459, 20132, 763, 3
19502432, 120968891, 19343, 389, 3
18480508, 139449399, 26238, 1019, 3
19334796, 158784195, 19573, 101, 3
19653437, 178437632, 20354, 761, 3
19517221, 197954853, 20185, 578, 3
19478219, 217433072, 22661, 1037, 3
19511829, 236944901, 19414, 370, 3
19021881, 255966782, 24660, 856, 3
18911402, 274878184, 19443, 409, 3
19327284, 294205468, 19627, 663, 3
19280924, 313486392, 18553, 832, 3
19707975, 333194367, 19050, 541, 3
19776700, 352971067, 18456, 881, 3
19664320, 372635387, 19318, 915, 3
19846648, 392482035, 18735, 222, 3
19739000, 412221035, 18520, 732, 3
19754047, 431975082, 18349, 385, 3
19726886, 451701968, 18870, 465, 3
19744297, 471446265, 18535, 1364, 3
18055295, 489501560, 29212, 712, 3
6774266, 496275826, 15028, 23, 6
12206, 496288032, 408, 3, 1
5658, 496293690, 17, 0, 1
5658, 496299348, 14, 0, 1
6136, 496305484, 25, 0, 1
11795, 496317279, 34, 0, 1
5658, 496322937, 16, 0, 1
5656, 496328593, 19, 0, 1
6167, 496334760, 22, 0, 1
11790, 496346550, 36, 0, 1
5663, 496352213, 16, 0, 1
5658, 496357871, 11, 0, 1
6160, 496364031, 20, 0, 1
11820, 496375851, 36, 0, 1
5658, 496381509, 13, 0, 1
5658, 496387167, 19, 0, 1
11800, 496398967, 35, 0, 1
6131, 496405098, 23, 0, 1
5657, 496410755, 15, 0, 1
5658, 496416413, 8, 0, 1
20900, 496437313, 313, 0, 1
6138, 496443451, 19, 0, 1
5658, 496449109, 12, 0, 1
5651, 496454760, 15, 0, 1
11801, 496466561, 43, 0, 1
6151, 496472712, 19, 0, 1
5652, 496478364, 16, 0, 1
5658, 496484022, 12, 0, 1
13189, 496497211, 107, 0, 1
6138, 496503349, 20, 0, 1
5658, 496509007, 11, 0, 1
5658, 496514665, 12, 0, 1
11830, 496526495, 33, 0, 1
6138, 496532633, 20, 0, 1
5657, 496538290, 18, 0, 1
5658, 496543948, 12, 0, 1
11818, 496555766, 26, 0, 1
6138, 496561904, 16, 0, 1
5640, 496567544, 17, 0, 1
5658, 496573202, 14, 0, 1
11830, 496585032, 26, 0, 1
6138, 496591170, 18, 0, 1
5658, 496596828, 13, 0, 1
5658, 496602486, 14, 0, 1
11775, 496614261, 35, 0, 1
6151, 496620412, 19, 0, 1
5658, 496626070, 18, 0, 1
5658, 496631728, 13, 0, 1
11818, 496643546, 30, 0, 1
6138, 496649684, 20, 0, 1
5658, 496655342, 14, 0, 1
5658, 496661000, 9, 0, 1
11831, 496672831, 25, 0, 1
6138, 496678969, 20, 0, 1
5658, 496684627, 14, 0, 1
5658, 496690285, 13, 0, 1
11791, 496702076, 39, 0, 1
6139, 496708215, 21, 0, 1
5633, 496713848, 16, 0, 1
5658, 496719506, 12, 0, 1
11794, 496731300, 26, 0, 1
6145, 496737445, 17, 0, 1
5645, 496743090, 16, 0, 1
5651, 496748741, 18, 0, 1
11824, 496760565, 35, 0, 1
6138, 496766703, 18, 0, 1
5652, 496772355, 16, 0, 1
5658, 496778013, 14, 0, 1
11794, 496789807, 33, 0, 1
6114, 496795921, 19, 0, 1
5658, 496801579, 13, 0, 1
5658, 496807237, 11, 0, 1
13033, 496820270, 82, 0, 1
6664, 496826934, 23, 0, 1
6333, 496833267, 13, 0, 1
5643, 496838910, 20, 0, 1
12281, 496851191, 31, 0, 1
6145, 496857336, 18, 0, 1
6104, 496863440, 22, 0, 1
5658, 496869098, 11, 0, 1
13606, 496882704, 51, 0, 1
6086, 496888790, 21, 0, 1
6116, 496894906, 16, 0, 1
6129, 496901035, 19, 0, 1
12200, 496913235, 50, 0, 1
6116, 496919351, 15, 0, 1
6116, 496925467, 17, 0, 1
6116, 496931583, 17, 0, 1
12232, 496943815, 28, 0, 1
6123, 496949938, 17, 0, 1
6098, 496956036, 24, 0, 1
5658, 496961694, 17, 0, 1
11777, 496973471, 33, 0, 1
6137, 496979608, 20, 0, 1
5622, 496985230, 19, 0, 1
5658, 496990888, 12, 0, 1
11813, 497002701, 35, 0, 1
6132, 497008833, 17, 0, 1
5652, 497014485, 14, 0, 1
5657, 497020142, 17, 0, 1
11781, 497031923, 35, 0, 1
6138, 497038061, 18, 0, 1
5658, 497043719, 11, 0, 1
5652, 497049371, 17, 0, 1
11818, 497061189, 33, 0, 1
6138, 497067327, 13, 0, 1
5640, 497072967, 12, 0, 1
5651, 497078618, 13, 0, 1
11769, 497090387, 36, 0, 1
6151, 497096538, 18, 0, 1
5652, 497102190, 12, 0, 1
5657, 497107847, 14, 0, 1
11817, 497119664, 30, 0, 1
6138, 497125802, 15, 0, 1
5658, 497131460, 10, 0, 1
5658, 497137118, 15, 0, 1
11829, 497148947, 29, 0, 1
6114, 497155061, 18, 0, 1
5658, 497160719, 12, 0, 1
5658, 497166377, 12, 0, 1
11818, 497178195, 21, 0, 1
6151, 497184346, 19, 0, 1
5658, 497190004, 13, 0, 1
5652, 497195656, 23, 0, 1
11793, 497207449, 35, 0, 1
6138, 497213587, 18, 0, 1
5657, 497219244, 17, 0, 1
5658, 497224902, 10, 0, 1
11830, 497236732, 26, 0, 1
6138, 497242870, 18, 0, 1
5658, 497248528, 11, 0, 1
7017, 497255545, 29, 0, 1
11811, 497267356, 32, 0, 1
6138, 497273494, 18, 0, 1
5652, 497279146, 16, 0, 1
5658, 497284804, 9, 0, 1
11824, 497296628, 33, 0, 1
6138, 497302766, 16, 0, 1
5639, 497308405, 22, 0, 1
5658, 497314063, 14, 0, 1
11818, 497325881, 23, 0, 1
6151, 497332032, 21, 0, 1
5640, 497337672, 13, 0, 1
5658, 497343330, 11, 0, 1
11818, 497355148, 23, 0, 1
6138, 497361286, 17, 0, 1
5658, 497366944, 11, 0, 1
5658, 497372602, 13, 0, 1
11831, 497384433, 20, 0, 1
6138, 497390571, 14, 0, 1
5658, 497396229, 8, 0, 1
5658, 497401887, 8, 0, 1
11818, 497413705, 24, 0, 1
6144, 497419849, 18, 0, 1
5622, 497425471, 17, 0, 1
5658, 497431129, 15, 0, 1
11800, 497442929, 30, 0, 1
6131, 497449060, 26, 0, 1
5658, 497454718, 9, 0, 1
5658, 497460376, 11, 0, 1
11825, 497472201, 31, 0, 1
6139, 497478340, 17, 0, 1
5658, 497483998, 10, 0, 1
5652, 497489650, 15, 0, 1
11770, 497501420, 33, 0, 1
6132, 497507552, 16, 0, 1
5658, 497513210, 11, 0, 1
5658, 497518868, 14, 0, 1
11844, 497530712, 20, 0, 1
6138, 497536850, 18, 0, 1
5652, 497542502, 18, 0, 1
5658, 497548160, 12, 0, 1
11767, 497559927, 38, 0, 1
6151, 497566078, 17, 0, 1
5640, 497571718, 14, 0, 1
5651, 497577369, 13, 0, 1
11788, 497589157, 29, 0, 1
6132, 497595289, 18, 0, 1
5658, 497600947, 12, 0, 1
5658, 497606605, 10, 0, 1
11831, 497618436, 28, 0, 1
6138, 497624574, 19, 0, 1
7035, 497631609, 29, 0, 1
5658, 497637267, 11, 0, 1
11774, 497649041, 37, 0, 1
6145, 497655186, 18, 0, 1
5657, 497660843, 17, 0, 1
5646, 497666489, 21, 0, 1
11794, 497678283, 39, 0, 1
6132, 497684415, 16, 0, 1
5652, 497690067, 9, 0, 1
5656, 497695723, 18, 0, 1
11782, 497707505, 38, 0, 1
6143, 497713648, 21, 0, 1
5646, 497719294, 15, 0, 1
5658, 497724952, 10, 0, 1
11787, 497736739, 38, 0, 1
6137, 497742876, 25, 0, 1
5652, 497748528, 13, 0, 1
5652, 497754180, 16, 0, 1
11793, 497765973, 33, 0, 1
6137, 497772110, 22, 0, 1
5658, 497777768, 8, 0, 1
5658, 497783426, 8, 0, 1
11811, 497795237, 34, 0, 1
6151, 497801388, 16, 0, 1
5651, 497807039, 15, 0, 1
5652, 497812691, 20, 0, 1
11812, 497824503, 22, 0, 1
6114, 497830617, 21, 0, 1
5658, 497836275, 10, 0, 1
5658, 497841933, 11, 0, 1
11793, 497853726, 40, 0, 1
6132, 497859858, 17, 0, 1
5662, 497865520, 21, 0, 1
5658, 497871178, 10, 0, 1
11818, 497882996, 18, 0, 1
6177, 497889173, 18, 0, 1
5652, 497894825, 15, 0, 1
5646, 497900471, 14, 0, 1
11818, 497912289, 24, 0, 1
6138, 497918427, 18, 0, 1
5658, 497924085, 12, 0, 1
5652, 497929737, 16, 0, 1
11806, 497941543, 37, 0, 1
6132, 497947675, 18, 0, 1
5657, 497953332, 19, 0, 1
5658, 497958990, 10, 0, 1
11800, 497970790, 34, 0, 1
6138, 497976928, 14, 0, 1
5651, 497982579, 12, 0, 1
5658, 497988237, 11, 0, 1
11825, 498000062, 22, 0, 1
7509, 498007571, 37, 0, 1
5658, 498013229, 9, 0, 1
5658, 498018887, 12, 0, 1
11823, 498030710, 22, 0, 1
6151, 498036861, 17, 0, 1
5652, 498042513, 14, 0, 1
5652, 498048165, 12, 0, 1
11812, 498059977, 29, 0, 1
6138, 498066115, 17, 0, 1
5658, 498071773, 13, 0, 1
5652, 498077425, 12, 0, 1
11794, 498089219, 35, 0, 1
6132, 498095351, 16, 0, 1
5657, 498101008, 13, 0, 1
5658, 498106666, 7, 0, 1
11806, 498118472, 24, 0, 1
6151, 498124623, 16, 0, 1
5658, 498130281, 9, 0, 1
5658, 498135939, 8, 0, 1
11817, 498147756, 35, 0, 1
6126, 498153882, 18, 0, 1
5646, 498159528, 12, 0, 1
5651, 498165179, 15, 0, 1
11812, 498176991, 33, 0, 1
6126, 498183117, 21, 0, 1
5658, 498188775, 12, 0, 1
5663, 498194438, 16, 0, 1
11818, 498206256, 25, 0, 1
6145, 498212401, 19, 0, 1
5658, 498218059, 8, 0, 1
5658, 498223717, 10, 0, 1
11831, 498235548, 23, 0, 1
6138, 498241686, 16, 0, 1
5651, 498247337, 18, 0, 1
5652, 498252989, 10, 0, 1
11787, 498264776, 38, 0, 1
13951, 498278727, 232, 1, 1
5658, 498284385, 27, 0, 1
5652, 498290037, 17, 0, 1
11811, 498301848, 35, 0, 1
6132, 498307980, 22, 0, 1
5652, 498313632, 12, 0, 1
5658, 498319290, 12, 0, 1
11818, 498331108, 35, 0, 1
6138, 498337246, 20, 0, 1
5652, 498342898, 15, 0, 1
5640, 498348538, 16, 0, 1
11817, 498360355, 25, 0, 1
6126, 498366481, 23, 0, 1
5658, 498372139, 12, 0, 1
5658, 498377797, 12, 0, 1
13195, 498390992, 38, 0, 1
6138, 498397130, 17, 0, 1
5628, 498402758, 15, 0, 1
5652, 498408410, 13, 0, 1
11807, 498420217, 26, 0, 1
6138, 498426355, 17, 0, 1
5652, 498432007, 11, 0, 1
5658, 498437665, 11, 0, 1
11806, 498449471, 21, 0, 1
6132, 498455603, 15, 0, 1
5658, 498461261, 9, 0, 1
11817, 498473078, 26, 0, 1
5658, 498478736, 9, 0, 1
6132, 498484868, 18, 0, 1
5649, 498490517, 23, 0, 1
11798, 498502315, 33, 0, 1
5634, 498507949, 19, 0, 1
6151, 498514100, 18, 0, 1
8997, 498523097, 184, 0, 1
885364, 499408461, 15269, 280, 5
6698, 499415159, 61, 0, 1
6644, 499421803, 42, 0, 1
12192, 499433995, 350, 7, 1
13932, 499447927, 63, 0, 1
6874, 499454801, 28, 0, 1
8460, 499463261, 173, 2, 1
6545, 499469806, 22, 0, 1
