23, 1, 4264281, 852856.000
20, 4264282, 12115653, 1570274.200
17, 12115654, 28986603, 1687094.900
26, 28986604, 35552855, 1313250.200
10, 35552856, 42604985, 1410425.800
3, 42604986, 799145219, 2521800.777
9, 799145220, 811126779, 2396311.800
3, 811126780, 882668024, 2384708.133
9, 882668025, 894590291, 2384453.200
3, 894590292, 906406653, 2363272.200
9, 906406654, 1289981864, 2324698.242
8, 1289981865, 1563122160, 1517446.083
5, 1563122161, 1570512529, 1478073.600
7, 1570512530, 1601375544, 617260.280
5, 1601375545, 1640902948, 1317580.100
15, 1640902949, 1642161948, 251799.800
27, 1642161949, 1642947165, 157043.200
25, 1642947166, 1651344484, 1679463.600
12, 1651344485, 1655650342, 861171.400
6, 1655650343, 1655835477, 6171.133
2, 1655835478, 1656605175, 153939.400
