2, 1, 1190783, 238156.400
28, 1190784, 12560012, 1136922.800
17, 12560013, 29401927, 1684191.400
26, 29401928, 35724551, 1264524.600
4, 35724552, 43182245, 1491538.600
10, 43182246, 57263878, 2816326.400
3, 57263879, 746874224, 2507673.982
9, 746874225, 770520302, 2364607.700
3, 770520303, 782405100, 2376959.400
9, 782405101, 1287914858, 2297771.623
18, 1287914859, 1291992141, 815456.400
13, 1291992142, 1295932865, 788144.600
8, 1295932866, 1424204276, 1425237.889
20, 1424204277, 1431586812, 1476507.000
8, 1431586813, 1569173770, 1528743.967
5, 1569173771, 1584168996, 374880.625
19, 1584168997, 1585604967, 287194.000
5, 1585604968, 1587244053, 327817.000
19, 1587244054, 1598262918, 275471.600
18, 1598262919, 1600763353, 250043.400
19, 1600763354, 1603247779, 248442.500
18, 1603247780, 1609385189, 1227481.800
2, 1609385190, 1614441189, 337066.600
18, 1614441190, 1616043111, 320384.200
5, 1616043112, 1621140029, 509691.700
18, 1621140030, 1624760621, 362059.100
2, 1624760622, 1626473747, 342625.000
18, 1626473748, 1628217329, 348716.200
2, 1628217330, 1642637507, 180252.212
25, 1642637508, 1654257622, 1162011.400
2, 1654257623, 1655800521, 308579.600
6, 1655800522, 1655993124, 6420.067
2, 1655993125, 1656746693, 150713.600
