0,1,153253580.75,2967176654.3650727
5,153253581.75,185819298.38,2889592776.231653
11,185819299.38,223574026.74,3671114250.0599723
0,223574027.74,286378034.22,2967176654.3650727
5,286378035.22,3840822000.039998,2889592776.231653
6,3840822001.039998,3891436910.299998,2131834795.7711167
3,3891436911.299998,3908960021.309998,1443023607.5620902
6,3908960022.309998,3969427672.8489456,2131834795.7711167
10,3969427673.8489456,3978796796.777517,797661017.4990699
6,3978796797.777517,4024889387.177517,2131834795.7711167
10,4024889388.177517,4038568168.177517,797661017.4990699
