3729425 3729425 71966 1192
11895265 15624690 62577 8076
19536043 35160733 17582 4543
18829727 53990460 24046 4665
19208842 73199302 18591 3610
19392287 92591589 19478 3787
18835519 111427108 24050 5894
18618986 130046094 19615 4366
19277091 149323185 19267 4496
19602755 168925940 21870 4277
19607277 188533217 19843 3577
19356930 207890147 19654 4055
19493742 227383889 20035 4529
19165944 246549833 20956 3009
18566301 265116134 24649 4348
18905196 284021330 18812 4007
19437621 303458951 19209 4322
19535368 322994319 19582 4719
19645618 342639937 19500 4685
19593178 362233115 18762 4728
19654458 381887573 19203 4305
19527985 401415558 19291 4619
19680754 421096312 18873 3940
19580026 440676338 19116 4289
19560591 460236929 19157 5014
19573646 479810575 20040 4943
12963529 492774104 29285 1026
3581019 496355123 7583 186
5658 496360781 22 0
11787 496372568 35 0
5658 496378226 10 0
6151 496384377 12 0
5658 496390035 10 0
11812 496401847 31 0
5650 496407497 15 0
6138 496413635 15 0
5651 496419286 21 0
11813 496431099 35 0
5658 496436757 11 0
6138 496442895 15 0
7029 496449924 92 2
11773 496461697 37 0
5644 496467341 22 0
6138 496473479 15 0
5645 496479124 15 0
11833 496490957 28 0
5640 496496597 12 0
6132 496502729 17 0
5658 496508387 10 0
11806 496520193 36 0
5658 496525851 8 0
6149 496532000 24 0
5657 496537657 22 0
11799 496549456 31 0
5651 496555107 17 0
6138 496561245 14 0
5645 496566890 16 0
20889 496587779 354 6
5652 496593431 31 0
6113 496599544 20 0
5646 496605190 19 0
11781 496616971 37 0
5658 496622629 17 0
6145 496628774 16 0
5658 496634432 11 0
11806 496646238 31 0
5658 496651896 9 0
6134 496658030 26 0
5640 496663670 19 0
11807 496675477 33 0
5658 496681135 10 0
6138 496687273 18 0
5658 496692931 12 0
11812 496704743 36 0
5634 496710377 21 0
6138 496716515 14 0
5658 496722173 12 0
11818 496733991 33 0
5651 496739642 18 0
6126 496745768 17 0
5662 496751430 16 0
11800 496763230 29 0
5658 496768888 19 0
6145 496775033 18 0
5652 496780685 12 0
11805 496792490 38 0
5628 496798118 17 0
6138 496804256 20 0
5639 496809895 15 0
11830 496821725 21 0
5652 496827377 14 0
7501 496834878 37 0
5657 496840535 17 0
11800 496852335 28 0
5640 496857975 15 0
6151 496864126 17 0
5658 496869784 11 0
11811 496881595 39 0
5658 496887253 18 0
6672 496893925 53 0
6326 496900251 34 0
12347 496912598 37 0
6327 496918925 19 0
6588 496925513 30 0
6116 496931629 17 0
11796 496943425 26 0
6116 496949541 13 0
6113 496955654 30 0
6104 496961758 26 0
12232 496973990 28 0
6116 496980106 16 0
6116 496986222 17 0
6116 496992338 16 0
12213 497004551 32 0
6126 497010677 27 0
6103 497016780 26 0
6097 497022877 20 0
12232 497035109 27 0
6116 497041225 17 0
6265 497047490 41 1
6116 497053606 16 0
12245 497065851 29 0
5658 497071509 10 0
6138 497077647 17 0
6116 497083763 18 0
11790 497095553 22 0
5639 497101192 19 0
6145 497107337 23 0
5628 497112965 17 0
11793 497124758 37 0
5652 497130410 15 0
6138 497136548 16 0
5640 497142188 14 0
11831 497154019 22 0
5658 497159677 12 0
6108 497165785 21 0
5658 497171443 13 0
11794 497183237 28 0
5658 497188895 8 0
6138 497195033 16 0
5646 497200679 18 0
11831 497212510 22 0
7035 497219545 30 0
6138 497225683 19 0
5658 497231341 11 0
11792 497243133 41 0
5652 497248785 16 0
6144 497254929 17 0
5658 497260587 12 0
11818 497272405 25 0
5658 497278063 11 0
6138 497284201 15 0
5658 497289859 13 0
11831 497301690 21 0
5658 497307348 11 0
6118 497313466 26 0
5645 497319111 16 0
11818 497330929 24 0
5658 497336587 11 0
6145 497342732 21 0
5634 497348366 14 0
11788 497360154 32 0
5657 497365811 16 0
6138 497371949 16 0
5658 497377607 12 0
11831 497389438 24 0
5658 497395096 16 0
6125 497401221 23 0
5658 497406879 12 0
11770 497418649 36 0
5652 497424301 13 0
6132 497430433 18 0
5652 497436085 17 0
11825 497447910 27 0
5652 497453562 13 0
6138 497459700 13 0
5634 497465334 15 0
11781 497477115 35 0
5646 497482761 13 0
6158 497488919 20 0
5658 497494577 14 0
11818 497506395 27 0
5658 497512053 11 0
6138 497518191 15 0
5658 497523849 10 0
11813 497535662 24 0
5658 497541320 11 0
6137 497547457 17 0
5658 497553115 12 0
11818 497564933 23 0
5658 497570591 11 0
6151 497576742 13 0
5634 497582376 14 0
13186 497595562 52 0
5652 497601214 12 0
6138 497607352 18 0
5658 497613010 11 0
11829 497624839 29 0
5652 497630491 13 0
6145 497636636 17 0
5658 497642294 11 0
11818 497654112 18 0
5658 497659770 11 0
6143 497665913 18 0
5646 497671559 19 0
11831 497683390 24 0
5652 497689042 15 0
6108 497695150 20 0
5634 497700784 12 0
11798 497712582 33 0
5658 497718240 12 0
6156 497724396 24 0
5658 497730054 11 0
11799 497741853 38 0
5652 497747505 15 0
6138 497753643 17 0
5658 497759301 12 0
11818 497771119 28 0
5632 497776751 20 0
6131 497782882 18 0
5646 497788528 13 0
11805 497800333 23 0
5658 497805991 15 0
6151 497812142 13 0
5658 497817800 10 0
11794 497829594 29 0
5657 497835251 16 0
6126 497841377 18 0
6108 497847485 22 0
11827 497859312 31 0
5658 497864970 13 0
6125 497871095 21 0
5640 497876735 12 0
11804 497888539 33 0
5658 497894197 11 0
6138 497900335 18 0
5658 497905993 9 0
11824 497917817 27 0
5657 497923474 14 0
6138 497929612 15 0
5652 497935264 14 0
11793 497947057 29 0
5658 497952715 10 0
6151 497958866 19 0
5658 497964524 9 0
13194 497977718 42 0
5658 497983376 12 0
6124 497989500 24 0
5652 497995152 9 0
11831 498006983 19 0
5658 498012641 10 0
6137 498018778 23 0
11310 498030088 20 0
6154 498036242 19 0
5658 498041900 11 0
6151 498048051 16 0
11316 498059367 17 0
6130 498065497 21 0
5658 498071155 12 0
6138 498077293 16 0
11283 498088576 27 0
6125 498094701 22 0
5658 498100359 13 0
6119 498106478 19 0
11295 498117773 31 0
6154 498123927 17 0
5656 498129583 18 0
6132 498135715 18 0
11290 498147005 29 0
6142 498153147 20 0
5658 498158805 10 0
6125 498164930 23 0
11302 498176232 28 0
6153 498182385 20 0
5658 498188043 10 0
6151 498194194 19 0
11316 498205510 16 0
6154 498211664 17 0
5658 498217322 11 0
6102 498223424 21 0
11291 498234715 31 0
6166 498240881 21 0
5625 498246506 20 0
6132 498252638 20 0
11256 498263894 29 0
6130 498270024 24 0
5658 498275682 11 0
6144 498281826 23 0
11310 498293136 31 0
6148 498299284 19 0
5658 498304942 10 0
6138 498311080 17 0
11304 498322384 23 0
6158 498328542 27 0
5658 498334200 11 0
6108 498340308 21 0
12689 498352997 42 0
6129 498359126 21 0
5646 498364772 14 0
6139 498370911 19 0
11303 498382214 29 0
6148 498388362 21 0
5657 498394019 12 0
6118 498400137 25 0
11297 498411434 35 0
6154 498417588 16 0
5642 498423230 21 0
6151 498429381 18 0
11291 498440672 29 0
6123 498446795 19 0
5658 498452453 12 0
6107 498458560 20 0
11303 498469863 28 0
6167 498476030 18 0
5646 498481676 12 0
6132 498487808 19 0
11290 498499098 31 0
6153 498505251 26 0
5658 498510909 13 0
6133 498517042 22 0
11316 498528358 14 0
6159 498534517 17 0
5658 498540175 11 0
6138 498546313 17 0
11316 498557629 17 0
6173 498563802 17 0
5658 498569460 11 0
6114 498575574 23 0
11291 498586865 32 0
6154 498593019 16 0
5652 498598671 13 0
6126 498604797 18 0
11267 498616064 27 0
6192 498622256 20 0
5658 498627914 12 0
6138 498634052 16 0
11295 498645347 41 0
6147 498651494 19 0
5650 498657144 16 0
887150 499544294 14677 1453
13141 499557435 690 3
6662 499564097 29 0
11741 499575838 353 27
6388 499582226 32 0
13706 499595932 87 3
9627 499605559 217 6
6602 499612161 32 0
6641 499618802 25 0
4172210 4172210 79215 1244
12771289 16943499 56473 8592
19613286 36556785 17183 4596
18727486 55284271 24221 4559
19225606 74509877 19645 3505
19448496 93958373 20700 4081
19385937 113344310 19795 4635
18638002 131982312 24879 5897
19262534 151244846 20550 4102
19628615 170873461 20590 4644
19357740 190231201 20014 3393
19536000 209767201 22036 4017
19326569 229093770 20228 4510
19337173 248430943 20950 3213
18650509 267081452 23849 3941
18869535 285950987 18571 4394
19574183 305525170 19967 4177
19585892 325111062 19248 4782
19672675 344783737 19195 4679
19513592 364297329 18792 4544
19725771 384023100 18159 4358
19524598 403547698 18936 4573
19712199 423259897 18514 3940
19630816 442890713 18692 4356
19538647 462429360 19138 4926
19541698 481971058 19487 5023
11586525 493557583 28268 473
2832754 496390337 6722 145
5640 496395977 23 0
11791 496407768 34 0
5658 496413426 11 0
6145 496419571 24 0
5628 496425199 16 0
11818 496437017 24 0
5651 496442668 16 0
6101 496448769 24 0
5658 496454427 11 0
11796 496466223 37 0
5658 496471881 9 0
6107 496477988 20 0
5657 496483645 22 0
11785 496495430 36 0
5658 496501088 10 0
6133 496507221 22 0
7017 496514238 92 4
11804 496526042 35 0
5658 496531700 18 0
6126 496537826 20 0
5622 496543448 18 0
11806 496555254 38 0
5658 496560912 12 0
6126 496567038 18 0
5640 496572678 12 0
11763 496584441 45 0
5658 496590099 14 0
6138 496596237 15 0
5644 496601881 24 0
20899 496622780 314 5
5644 496628424 31 0
6132 496634556 20 0
5658 496640214 26 0
11794 496652008 35 0
5652 496657660 15 0
6151 496663811 16 0
5640 496669451 12 0
11799 496681250 43 0
5658 496686908 7 0
6090 496692998 22 0
5640 496698638 13 0
11825 496710463 26 0
5654 496716117 26 0
6138 496722255 16 0
5651 496727906 32 0
11800 496739706 35 0
5658 496745364 11 0
6151 496751515 21 0
5658 496757173 11 0
11805 496768978 26 0
5644 496774622 18 0
6096 496780718 22 0
5628 496786346 16 0
11800 496798146 29 0
5652 496803798 24 0
6138 496809936 14 0
5634 496815570 15 0
11805 496827375 27 0
5651 496833026 19 0
6113 496839139 20 0
5640 496844779 18 0
11794 496856573 29 0
5646 496862219 27 0
6144 496868363 31 0
5644 496874007 19 0
11818 496885825 28 0
5658 496891483 19 0
7541 496899024 40 0
5658 496904682 13 0
11793 496916475 36 0
5658 496922133 17 0
6665 496928798 51 0
6333 496935131 28 0
12318 496947449 36 0
6333 496953782 15 0
6522 496960304 33 0
6579 496966883 20 0
11774 496978657 40 0
6104 496984761 21 0
6129 496990890 15 0
6103 496996993 28 0
12219 497009212 33 0
6090 497015302 31 0
6116 497021418 19 0
6110 497027528 22 0
12227 497039755 32 0
6116 497045871 17 0
6085 497051956 24 0
6109 497058065 27 0
12220 497070285 32 0
6084 497076369 25 0
6098 497082467 22 0
6087 497088554 22 0
12221 497100775 43 0
5658 497106433 12 0
6095 497112528 24 0
11754 497124282 35 0
6132 497130414 18 0
5640 497136054 14 0
6145 497142199 20 0
11296 497153495 31 0
6118 497159613 22 0
5651 497165264 22 0
6136 497171400 32 0
11282 497182682 37 0
6173 497188855 15 0
5658 497194513 9 0
6138 497200651 13 0
11290 497211941 27 0
6142 497218083 21 0
5652 497223735 15 0
6127 497229862 27 0
11295 497241157 32 0
6160 497247317 18 0
5636 497252953 25 0
6138 497259091 16 0
11297 497270388 39 0
6186 497276574 16 0
7017 497283591 32 0
6107 497289698 25 0
11300 497300998 35 0
6144 497307142 28 0
5656 497312798 36 0
6138 497318936 17 0
11275 497330211 36 0
6173 497336384 15 0
5650 497342034 22 0
6138 497348172 16 0
11295 497359467 37 0
6160 497365627 17 0
5656 497371283 13 1
14326 497385609 267 62
11279 497396888 56 0
6154 497403042 18 0
5658 497408700 9 0
6138 497414838 13 0
11298 497426136 20 0
6173 497432309 16 0
5652 497437961 18 0
6138 497444099 16 0
11271 497455370 32 0
6123 497461493 27 0
5645 497467138 26 0
6132 497473270 33 0
11306 497484576 26 0
6141 497490717 25 0
5658 497496375 10 0
6126 497502501 31 0
11295 497513796 46 0
6173 497519969 16 0
5643 497525612 24 0
6106 497531718 28 0
11315 497543033 35 0
6130 497549163 23 0
5640 497554803 14 0
6126 497560929 27 0
11302 497572231 34 0
6173 497578404 14 0
5668 497584072 30 0
6126 497590198 28 0
11285 497601483 36 0
6124 497607607 23 0
5658 497613265 10 0
6148 497619413 32 0
11285 497630698 35 0
6159 497636857 34 0
6374 497643231 44 4
6608 497649839 40 0
12664 497662503 32 0
7983 497670486 40 0
5658 497676144 15 0
6117 497682261 27 0
11304 497693565 42 0
6160 497699725 15 0
5652 497705377 17 0
6067 497711444 30 0
11286 497722730 28 0
6160 497728890 19 0
5658 497734548 11 0
6120 497740668 20 0
11267 497751935 37 0
6173 497758108 18 0
5654 497763762 24 0
6138 497769900 18 0
11260 497781160 43 0
6160 497787320 17 0
5644 497792964 17 0
6112 497799076 30 0
11267 497810343 37 0
6173 497816516 15 0
5645 497822161 20 0
6119 497828280 22 0
11263 497839543 40 0
6160 497845703 15 0
5645 497851348 21 0
6151 497857499 17 0
11778 497869277 51 0
6096 497875373 25 0
5651 497881024 21 0
6119 497887143 23 0
11315 497898458 26 0
6161 497904619 25 0
5634 497910253 18 0
6117 497916370 26 0
11298 497927668 16 0
6127 497933795 28 0
5658 497939453 16 0
6133 497945586 31 0
11313 497956899 34 0
6147 497963046 24 0
5646 497968692 14 0
6096 497974788 22 0
11267 497986055 33 0
6154 497992209 25 0
5652 497997861 16 0
6126 498003987 26 0
11273 498015260 29 0
6112 498021372 22 0
5651 498027023 13 0
6095 498033118 24 0
12687 498045805 49 0
6199 498052004 16 0
5658 498057662 11 0
6106 498063768 27 0
11304 498075072 32 0
6160 498081232 19 0
5658 498086890 12 0
6151 498093041 17 0
11295 498104336 27 0
6128 498110464 26 0
5646 498116110 23 0
6131 498122241 22 0
11294 498133535 49 0
6173 498139708 16 0
5657 498145365 24 0
6112 498151477 28 0
11295 498162772 29 0
6124 498168896 24 0
5658 498174554 11 0
6138 498180692 33 0
11291 498191983 28 0
6160 498198143 16 0
5645 498203788 17 0
6138 498209926 16 0
11274 498221200 26 0
6143 498227343 20 0
5632 498232975 26 0
6132 498239107 19 0
11289 498250396 35 0
6160 498256556 16 0
5658 498262214 10 0
6113 498268327 27 0
11300 498279627 33 0
6148 498285775 23 0
5658 498291433 11 0
6125 498297558 24 0
11318 498308876 35 0
6139 498315015 28 0
5654 498320669 29 0
6158 498326827 34 0
11309 498338136 29 0
6118 498344254 23 0
5658 498349912 11 0
6113 498356025 26 0
11296 498367321 27 0
6173 498373494 18 0
5640 498379134 27 0
6132 498385266 20 0
11291 498396557 29 0
6117 498402674 26 0
5651 498408325 19 0
6152 498414477 24 0
12686 498427163 48 0
6148 498433311 22 0
5637 498438948 22 0
6145 498445093 19 0
11259 498456352 41 0
6153 498462505 24 0
5658 498468163 11 0
6120 498474283 22 0
11292 498485575 24 0
6118 498491693 20 0
5644 498497337 24 0
6129 498503466 31 0
11296 498514762 49 0
6130 498520892 26 0
5639 498526531 16 0
6096 498532627 26 0
11310 498543937 23 0
6130 498550067 21 0
5657 498555724 24 0
6113 498561837 29 0
11291 498573128 28 0
6160 498579288 16 0
5644 498584932 21 0
6116 498591048 29 0
11316 498602364 19 0
6160 498608524 27 0
5658 498614182 14 0
6138 498620320 17 0
11283 498631603 34 0
6130 498637733 20 0
5638 498643371 25 0
6151 498649522 17 0
11294 498660816 31 0
6142 498666958 20 0
5658 498672616 10 0
888328 499560944 14770 1404
13123 499574067 654 0
6662 499580729 34 0
12075 499592804 364 28
6674 499599478 62 0
13365 499612843 55 0
8243 499621086 145 7
6333 499627419 16 0
6111 499633530 28 0
2223841 2223841 48630 843
7634079 9857920 79755 7329
19238093 29096013 18963 4421
6918017 36014030 7654 1378
18602762 54616792 20343 4721
19622560 74239352 17644 3550
18494040 92733392 22943 4957
19157607 111890999 18943 4710
19120764 131011763 18141 4739
19578823 150590586 18310 4375
19710819 170301405 20356 4285
19516223 189817628 18936 3558
19437583 209255211 18892 4043
19570538 228825749 18634 4501
18863293 247689042 19886 2915
18669641 266358683 23988 4513
19034508 285393191 18950 3949
19522040 304915231 19085 4514
19706226 324621457 19207 4691
19661285 344282742 18753 4562
19626563 363909305 18778 4945
19673511 383582816 18850 4221
19508566 403091382 19736 4554
19603469 422694851 19536 3955
19648729 442343580 18671 4246
19578041 461921621 18969 5050
19590142 481511763 19569 4921
13134385 494646148 29283 1138
3933629 498579777 8004 146
5637 498585414 35 0
11813 498597227 44 0
6138 498603365 16 0
5646 498609011 13 0
5658 498614669 10 0
11784 498626453 41 0
6151 498632604 15 0
5658 498638262 9 0
5658 498643920 8 0
11767 498655687 46 0
6138 498661825 12 0
5658 498667483 13 0
5658 498673141 11 0
11823 498684964 51 0
6138 498691102 15 0
5639 498696741 16 0
5658 498702399 8 0
11769 498714168 39 0
6119 498720287 23 0
5634 498725921 15 0
5643 498731564 29 0
11775 498743339 42 0
6114 498749453 20 0
5658 498755111 12 0
5658 498760769 16 0
11818 498772587 44 0
6153 498778740 25 0
5622 498784362 17 0
5646 498790008 13 0
11775 498801783 42 0
7515 498809298 96 0
5637 498814935 19 0
5658 498820593 8 0
11810 498832403 35 0
6117 498838520 24 0
5638 498844158 23 0
5651 498849809 12 0
11837 498861646 46 0
6135 498867781 31 0
5658 498873439 12 0
5658 498879097 8 0
11798 498890895 30 0
6120 498897015 21 0
5645 498902660 22 0
5658 498908318 8 0
20883 498929201 364 5
6113 498935314 29 0
5616 498940930 16 0
5649 498946579 29 0
11817 498958396 30 0
6138 498964534 14 0
5610 498970144 19 0
5658 498975802 12 0
11799 498987601 29 0
6120 498993721 18 0
5610 498999331 16 0
5662 499004993 24 0
11818 499016811 25 0
6139 499022950 17 0
5644 499028594 24 0
5644 499034238 26 0
11788 499046026 59 0
6138 499052164 25 0
5658 499057822 13 0
5651 499063473 17 0
11824 499075297 46 0
6132 499081429 18 0
5658 499087087 14 0
5658 499092745 13 0
11787 499104532 41 0
6678 499111210 61 0
6321 499117531 36 0
5649 499123180 15 0
12971 499136151 42 0
6601 499142752 21 0
6103 499148855 26 0
5643 499154498 20 0
12245 499166743 41 0
6073 499172816 28 0
6109 499178925 23 0
6078 499185003 25 0
13597 499198600 71 0
6116 499204716 17 0
6123 499210839 16 0
6116 499216955 21 0
12207 499229162 44 0
6100 499235262 32 0
6103 499241365 27 0
6097 499247462 28 0
12238 499259700 39 0
6117 499265817 16 0
6092 499271909 22 0
6115 499278024 28 0
11768 499289792 32 0
6138 499295930 16 0
6079 499302009 23 0
5672 499307681 36 0
11804 499319485 35 0
6138 499325623 18 0
5663 499331286 24 0
5658 499336944 12 0
11806 499348750 29 0
6151 499354901 17 0
5644 499360545 15 0
5652 499366197 18 0
11823 499378020 44 0
6112 499384132 28 0
5627 499389759 23 0
5661 499395420 31 0
11786 499407206 52 0
6102 499413308 23 0
5644 499418952 27 0
5652 499424604 14 0
11784 499436388 45 0
6138 499442526 18 0
5634 499448160 18 0
5658 499453818 14 0
11795 499465613 32 0
6138 499471751 12 0
5652 499477403 8 0
5646 499483049 20 0
11782 499494831 37 0
6155 499500986 22 0
5658 499506644 12 0
5658 499512302 11 0
11756 499524058 41 0
6120 499530178 21 0
5658 499535836 14 0
5658 499541494 11 0
11787 499553281 37 0
6132 499559413 22 0
5615 499565028 20 0
5640 499570668 15 0
13150 499583818 55 0
6151 499589969 18 0
5626 499595595 20 0
5641 499601236 27 0
11817 499613053 31 0
6138 499619191 17 0
5658 499624849 14 0
5658 499630507 11 0
11806 499642313 45 0
6126 499648439 16 0
5637 499654076 24 0
5658 499659734 13 0
11794 499671528 31 0
6138 499677666 18 0
5632 499683298 18 0
5654 499688952 29 0
11830 499700782 38 0
6128 499706910 27 0
5658 499712568 11 0
5650 499718218 30 0
11788 499730006 35 0
6132 499736138 25 0
5640 499741778 18 0
5647 499747425 28 0
11781 499759206 29 0
6119 499765325 25 0
5650 499770975 32 0
5658 499776633 12 0
11786 499788419 47 0
6138 499794557 17 0
5640 499800197 17 0
5658 499805855 29 0
11793 499817648 35 0
6151 499823799 17 0
5622 499829421 20 0
5638 499835059 29 0
11770 499846829 32 0
6113 499852942 23 0
5628 499858570 18 0
5632 499864202 25 0
11789 499875991 37 0
6132 499882123 21 0
5616 499887739 18 0
5654 499893393 27 0
11797 499905190 41 0
6138 499911328 16 0
5652 499916980 12 0
5645 499922625 21 0
11794 499934419 43 0
6095 499940514 26 0
5658 499946172 12 0
7035 499953207 26 0
11787 499964994 52 0
6151 499971145 20 0
5658 499976803 12 0
5652 499982455 16 0
11806 499994261 32 0
6114 500000375 26 0
5643 500006018 23 0
5650 500011668 21 0
11807 500023475 39 0
6138 500029613 19 0
6110 500035723 21 0
5658 500041381 15 0
11766 500053147 32 0
6160 500059307 29 0
5651 500064958 17 0
5658 500070616 10 0
11822 500082438 43 0
6123 500088561 24 0
5658 500094219 10 0
5633 500099852 11 0
11783 500111635 32 0
6120 500117755 21 0
5646 500123401 16 0
5651 500129052 15 0
11763 500140815 43 0
6138 500146953 14 0
5610 500152563 19 0
5645 500158208 16 0
11828 500170036 38 0
6132 500176168 19 0
5652 500181820 14 0
5658 500187478 15 0
11806 500199284 32 0
6151 500205435 19 0
5621 500211056 18 0
5636 500216692 24 0
11822 500228514 43 0
6138 500234652 18 0
5658 500240310 13 0
5657 500245967 15 0
11829 500257796 47 0
6138 500263934 18 0
5658 500269592 11 0
5652 500275244 14 0
11817 500287061 42 0
6136 500293197 28 0
5632 500298829 26 0
5636 500304465 23 0
11774 500316239 39 0
6138 500322377 14 0
7033 500329410 41 0
5632 500335042 25 0
11790 500346832 41 0
6138 500352970 17 0
5643 500358613 28 0
5652 500364265 15 0
11793 500376058 44 0
6130 500382188 29 0
5656 500387844 28 0
5658 500393502 13 0
11832 500405334 40 0
6118 500411452 28 0
5658 500417110 11 0
5632 500422742 18 0
11816 500434558 34 0
6152 500440710 22 0
5634 500446344 16 0
5658 500452002 11 0
11782 500463784 34 0
6138 500469922 17 0
5652 500475574 27 0
5644 500481218 29 0
11819 500493037 20 0
6119 500499156 25 0
5658 500504814 10 0
5632 500510446 22 0
11800 500522246 19 0
6151 500528397 17 0
5658 500534055 11 0
11788 500545843 30 0
5646 500551489 13 0
6131 500557620 22 0
5633 500563253 15 0
12704 500575957 126 4
5658 500581615 11 0
6126 500587741 19 0
5658 500593399 14 0
11804 500605203 30 0
5658 500610861 13 0
6114 500616975 22 0
5651 500622626 27 0
11831 500634457 21 0
5651 500640108 14 0
6115 500646223 23 0
5645 500651868 17 0
11806 500663674 27 0
5652 500669326 45 17
6151 500675477 24 0
5640 500681117 14 0
11806 500692923 26 0
5658 500698581 11 0
7515 500706096 32 0
5628 500711724 16 0
11819 500723543 32 0
5652 500729195 17 0
6139 500735334 18 0
5616 500740950 20 0
11792 500752742 37 0
5652 500758394 14 0
6147 500764541 33 0
5657 500770198 15 0
11798 500781996 35 0
5652 500787648 14 0
6138 500793786 18 0
5610 500799396 21 0
11817 500811213 48 0
5658 500816871 13 0
6126 500822997 21 0
5652 500828649 15 0
11812 500840461 29 0
5652 500846113 15 0
9445 500855558 177 2
896637 501752195 15271 1309
13078 501765273 83 0
12193 501777466 361 13
6393 501783859 48 0
6734 501790593 31 1
14910 501805503 193 8
6333 501811836 22 0
6664 501818500 26 0
1735407 1735407 40299 460
7410486 9145893 84229 7559
19189437 28335330 19013 4521
19026832 47362162 23318 4961
18974473 66336635 17638 3550
19490899 85827534 17329 3635
19486588 105314122 18044 4663
18974316 124288438 24285 5999
18934857 143223295 18799 4430
19532821 162756116 17999 4361
19175018 181931134 18739 4142
19497860 201428994 21359 3271
19588977 221017971 18502 4844
19480428 240498399 18446 3182
18673096 259171495 24367 4394
19301292 278472787 18651 4014
18806667 297279454 18905 4656
19497480 316776934 18370 4370
19600172 336377106 18856 4428
19528115 355905221 18932 5015
19548285 375453506 18496 4440
19587443 395040949 18602 4202
19651534 414692483 18317 4246
19554298 434246781 18964 3949
19582401 453829182 18262 5010
19574874 473404056 18501 4993
16694601 490098657 30807 2609
6238878 496337535 12158 175
5646 496343181 33 0
5652 496348833 14 0
6173 496355006 19 0
11767 496366773 37 0
5652 496372425 16 0
5652 496378077 15 0
6134 496384211 27 0
11776 496395987 42 0
5658 496401645 11 0
5652 496407297 17 0
6141 496413438 25 0
11763 496425201 33 0
5646 496430847 13 0
5631 496436478 20 0
6118 496442596 18 0
11773 496454369 30 0
5622 496459991 17 0
5652 496465643 13 0
6118 496471761 24 0
11778 496483539 36 0
5658 496489197 9 0
5658 496494855 12 0
6186 496501041 16 0
11766 496512807 30 0
5643 496518450 27 0
5658 496524108 13 0
6148 496530256 18 0
11807 496542063 35 0
5615 496547678 16 0
5658 496553336 9 0
6154 496559490 17 0
11762 496571252 41 0
5658 496576910 11 0
5650 496582560 20 0
6173 496588733 14 0
11753 496600486 29 0
5660 496606146 23 0
5661 496611807 31 0
6160 496617967 18 0
11771 496629738 32 0
5661 496635399 17 0
5651 496641050 18 0
6155 496647205 23 0
13125 496660330 111 0
5640 496665970 20 0
5637 496671607 22 0
6160 496677767 18 0
11779 496689546 37 0
5627 496695173 16 0
5651 496700824 15 0
6154 496706978 20 0
11790 496718768 29 0
5658 496724426 10 0
5640 496730066 16 0
6173 496736239 18 0
11772 496748011 29 0
5634 496753645 21 0
5651 496759296 19 0
6160 496765456 16 0
20879 496786335 341 3
5657 496791992 36 0
5658 496797650 14 0
6112 496803762 20 0
11794 496815556 32 0
5633 496821189 21 0
5658 496826847 10 0
6173 496833020 16 0
11772 496844792 26 0
5652 496850444 13 0
5625 496856069 18 0
6140 496862209 24 0
12296 496874505 77 0
6297 496880802 38 0
5642 496886444 19 0
6709 496893153 36 0
12922 496906075 34 0
6115 496912190 29 0
5651 496917841 21 0
6107 496923948 22 0
12191 496936139 40 0
6113 496942252 26 0
6116 496948368 18 0
6127 496954495 31 0
12184 496966679 42 0
6115 496972794 29 0
6129 496978923 16 0
6116 496985039 16 0
12212 496997251 38 0
6090 497003341 26 0
6109 497009450 25 0
6109 497015559 28 0
12258 497027817 49 0
6103 497033920 21 0
6091 497040011 25 0
6114 497046125 25 0
13152 497059277 56 0
6085 497065362 27 0
5648 497071010 24 0
6151 497077161 18 0
11782 497088943 40 0
5655 497094598 26 0
5646 497100244 14 0
6139 497106383 26 0
11796 497118179 27 0
5646 497123825 13 0
5658 497129483 9 0
6153 497135636 25 0
11765 497147401 25 0
5650 497153051 16 0
5656 497158707 19 0
11797 497170504 35 0
6151 497176655 13 0
5645 497182300 27 0
5654 497187954 23 0
11801 497199755 23 0
6138 497205893 22 0
5658 497211551 12 0
5658 497217209 27 0
11828 497229037 33 0
6126 497235163 21 0
5638 497240801 25 0
5652 497246453 19 0
11805 497258258 44 0
6164 497264422 15 0
5639 497270061 17 0
5639 497275700 23 0
11812 497287512 27 0
6126 497293638 21 0
5658 497299296 12 0
5658 497304954 9 0
11798 497316752 37 0
6138 497322890 16 0
5652 497328542 15 0
5652 497334194 15 0
11756 497345950 34 0
6132 497352082 21 0
5659 497357741 28 0
5667 497363408 27 0
11815 497375223 40 0
6138 497381361 15 0
5638 497386999 23 0
5658 497392657 10 0
11797 497404454 38 0
6151 497410605 15 0
5652 497416257 12 0
5650 497421907 19 0
13191 497435098 55 0
6120 497441218 20 0
5652 497446870 11 0
5645 497452515 17 0
11810 497464325 39 0
6138 497470463 19 0
5635 497476098 23 0
5658 497481756 11 0
11792 497493548 40 0
6151 497499699 14 0
5625 497505324 22 0
5655 497510979 21 0
11804 497522783 37 0
6137 497528920 31 0
5650 497534570 17 0
5628 497540198 19 0
11830 497552028 21 0
6138 497558166 15 0
5650 497563816 19 0
5634 497569450 17 0
11790 497581240 45 0
6138 497587378 17 0
5628 497593006 23 0
5658 497598664 14 0
11804 497610468 38 0
6119 497616587 18 0
5640 497622227 19 0
5658 497627885 12 0
11778 497639663 48 0
6164 497645827 16 0
5658 497651485 11 0
5643 497657128 24 0
11786 497668914 37 0
6126 497675040 17 0
5650 497680690 18 0
5652 497686342 13 0
12714 497699056 109 5
6138 497705194 19 0
5622 497710816 20 0
5658 497716474 14 0
11786 497728260 31 0
6137 497734397 29 0
5615 497740012 21 0
5668 497745680 30 0
11791 497757471 42 0
6138 497763609 17 0
5636 497769245 26 0
5643 497774888 22 0
11817 497786705 31 0
6132 497792837 13 0
5639 497798476 20 0
7025 497805501 44 0
11800 497817301 40 0
6138 497823439 19 0
6104 497829543 29 0
5645 497835188 21 0
11753 497846941 35 0
6145 497853086 18 0
5634 497858720 21 0
5640 497864360 18 0
11811 497876171 25 0
6138 497882309 26 0
5663 497887972 25 0
5657 497893629 19 0
11773 497905402 40 0
6138 497911540 17 0
5634 497917174 18 0
5645 497922819 19 0
11825 497934644 37 0
6138 497940782 15 0
5638 497946420 20 0
5658 497952078 11 0
11814 497963892 46 0
6145 497970037 20 0
5658 497975695 13 0
5658 497981353 14 0
11763 497993116 35 0
6112 497999228 27 0
5651 498004879 20 0
5632 498010511 23 0
11815 498022326 37 0
6138 498028464 17 0
5656 498034120 26 0
5658 498039778 12 0
11793 498051571 50 0
6118 498057689 21 0
5628 498063317 20 0
5658 498068975 13 0
11807 498080782 43 0
6138 498086920 15 0
5647 498092567 24 0
5637 498098204 28 0
11812 498110016 32 0
6151 498116167 20 0
5668 498121835 23 0
5658 498127493 12 0
11820 498139313 35 0
6130 498145443 28 0
5660 498151103 22 0
5658 498156761 12 0
11806 498168567 31 0
6114 498174681 17 0
7004 498181685 38 0
5655 498187340 20 0
11781 498199121 40 0
6115 498205236 24 0
5652 498210888 16 0
5640 498216528 14 0
11793 498228321 37 0
6114 498234435 22 0
5658 498240093 15 0
5658 498245751 11 0
11788 498257539 28 0
6132 498263671 19 0
5658 498269329 11 0
5649 498274978 27 0
11805 498286783 31 0
6127 498292910 35 0
5651 498298561 19 0
5654 498304215 28 0
11785 498316000 33 0
6130 498322130 31 0
5658 498327788 10 0
5658 498333446 13 0
11811 498345257 46 0
6151 498351408 20 0
5634 498357042 19 0
5654 498362696 25 0
11823 498374519 36 0
6136 498380655 23 0
5625 498386280 22 0
5658 498391938 11 0
11826 498403764 31 0
6138 498409902 14 0
5658 498415560 14 0
5644 498421204 22 0
11781 498432985 39 0
6151 498439136 15 0
5638 498444774 17 0
5644 498450418 26 0
11793 498462211 27 0
6138 498468349 16 0
5620 498473969 21 0
5648 498479617 27 0
11811 498491428 36 0
6126 498497554 32 0
5627 498503181 14 0
5648 498508829 24 0
11817 498520646 27 0
6108 498526754 25 0
5678 498532432 25 0
5658 498538090 22 0
11831 498549921 24 0
7482 498557403 35 0
5658 498563061 17 0
5647 498568708 25 0
11817 498580525 31 0
6158 498586683 15 0
5620 498592303 15 0
5639 498597942 19 0
11840 498609782 42 0
6138 498615920 15 0
5633 498621553 19 0
5646 498627199 22 0
11824 498639023 34 0
6138 498645161 14 0
904079 499549240 15186 1347
6414 499555654 60 0
19074 499574728 430 22
6682 499581410 50 0
6715 499588125 26 0
6664 499594789 23 0
14591 499609380 135 4
6664 499616044 25 0
550482 550482 13900 346
5269804 5820286 87985 4356
16380023 22200309 37035 7117
18818659 41018968 19977 4498
19205409 60224377 22580 4378
19596078 79820455 18905 3131
19481694 99302149 19007 4747
19391893 118694042 18728 4763
18408162 137102204 25256 5863
18993246 156095450 19083 4193
19665188 175760638 18854 4701
19493725 195254363 20823 3059
19429386 214683749 19655 4568
19488148 234171897 19083 4080
18853431 253025328 24133 3354
18945550 271970878 20315 3893
19335271 291306149 19855 4712
18983374 310289523 19166 4178
19656336 329945859 19111 4657
19669285 349615144 19686 4627
19458956 369074100 19916 4685
19691430 388765530 19027 4100
19631138 408396668 18839 4955
19677360 428074028 18989 3923
19638223 447712251 19542 4290
19575864 467288115 18905 5035
17745358 485033473 30289 4154
10516336 495549809 16636 74
763036 496312845 3715 146
5658 496318503 26 0
5652 496324155 13 0
6153 496330308 26 0
11793 496342101 36 0
5658 496347759 8 0
5658 496353417 10 0
6148 496359565 20 0
11790 496371355 30 0
5638 496376993 20 0
5658 496382651 9 0
6145 496388796 24 0
11799 496400595 27 0
5652 496406247 15 0
5655 496411902 19 0
6143 496418045 22 0
11770 496429815 37 0
5648 496435463 26 0
5659 496441122 27 0
6154 496447276 18 0
11796 496459072 23 0
5634 496464706 13 0
5658 496470364 9 0
6167 496476531 18 0
11781 496488312 35 0
5658 496493970 10 0
5658 496499628 8 0
6136 496505764 20 0
11778 496517542 32 0
5658 496523200 10 0
5658 496528858 15 0
6118 496534976 24 0
11775 496546751 29 0
5652 496552403 22 0
5657 496558060 15 0
6153 496564213 21 0
11737 496575950 34 0
5658 496581608 8 0
5658 496587266 7 0
6118 496593384 19 0
11806 496605190 34 0
5628 496610818 22 0
5658 496616476 9 0
6112 496622588 21 0
11778 496634366 25 0
5658 496640024 23 0
5657 496645681 22 0
6125 496651806 20 0
13172 496664978 112 0
5626 496670604 18 0
5658 496676262 12 0
6148 496682410 17 0
11796 496694206 37 0
5634 496699840 17 0
5658 496705498 9 0
6167 496711665 15 0
11795 496723460 30 0
5660 496729120 27 0
5651 496734771 21 0
6140 496740911 25 0
11797 496752708 28 0
5645 496758353 14 0
5658 496764011 7 0
6148 496770159 18 0
11784 496781943 33 0
5658 496787601 11 0
5658 496793259 7 0
15234 496808493 323 8
11789 496820282 56 0
5658 496825940 11 0
5645 496831585 23 0
6675 496838260 60 0
15047 496853307 194 3
6333 496859640 16 0
5649 496865289 14 0
12691 496877980 39 0
6114 496884094 27 0
6100 496890194 30 0
6107 496896301 31 0
12201 496908502 37 0
6098 496914600 22 0
6116 496920716 17 0
6073 496926789 25 0
12226 496939015 36 0
6090 496945105 25 0
6968 496952073 89 1
6126 496958199 34 0
12184 496970383 36 0
6114 496976497 23 0
6086 496982583 22 0
6116 496988699 16 0
12266 497000965 51 0
6090 497007055 26 0
6096 497013151 26 0
5658 497018809 9 0
11758 497030567 31 0
6118 497036685 25 0
5622 497042307 23 0
5637 497047944 22 0
13212 497061156 63 0
6138 497067294 15 0
5661 497072955 30 0
5658 497078613 10 0
11796 497090409 39 0
6151 497096560 15 0
5620 497102180 18 0
5649 497107829 28 0
11757 497119586 36 0
6145 497125731 14 0
5615 497131346 20 0
5652 497136998 12 0
11788 497148786 29 0
6138 497154924 17 0
5639 497160563 22 0
5654 497166217 23 0
11752 497177969 32 0
6138 497184107 14 0
5633 497189740 12 0
5610 497195350 15 0
11817 497207167 44 0
6138 497213305 18 0
5640 497218945 22 0
5610 497224555 21 0
11803 497236358 35 0
6142 497242500 29 0
5658 497248158 11 0
5658 497253816 9 0
11797 497265613 37 0
6138 497271751 17 0
5650 497277401 23 0
5651 497283052 11 0
11793 497294845 49 0
6119 497300964 23 0
5643 497306607 25 0
5640 497312247 22 0
11785 497324032 45 0
6151 497330183 14 0
5622 497335805 17 0
5650 497341455 18 0
11792 497353247 42 0
6138 497359385 18 0
5652 497365037 14 0
5658 497370695 10 0
11840 497382535 36 0
6133 497388668 31 0
5633 497394301 18 0
5656 497399957 23 0
11812 497411769 27 0
6138 497417907 18 0
5639 497423546 26 0
5658 497429204 11 0
13180 497442384 55 0
6138 497448522 14 0
5649 497454171 23 0
5658 497459829 10 0
11776 497471605 35 0
6151 497477756 15 0
5644 497483400 21 0
5658 497489058 9 0
11786 497500844 27 0
6138 497506982 14 0
5630 497512612 25 0
5658 497518270 9 0
11800 497530070 35 0
6138 497536208 19 0
5627 497541835 23 0
5658 497547493 7 0
11815 497559308 37 0
6151 497565459 15 0
5658 497571117 9 0
5652 497576769 13 0
11818 497588587 20 0
6114 497594701 19 0
5610 497600311 22 0
5643 497605954 20 0
11808 497617762 51 0
6138 497623900 15 0
5658 497629558 10 0
5633 497635191 13 0
11820 497647011 42 0
6138 497653149 15 0
5640 497658789 14 0
5657 497664446 21 0
11807 497676253 25 0
6138 497682391 17 0
5640 497688031 15 0
5658 497693689 13 0
11818 497705507 28 0
6139 497711646 23 0
5658 497717304 9 0
5658 497722962 9 0
11769 497734731 33 0
6138 497740869 16 0
5638 497746507 14 0
5652 497752159 13 0
11836 497763995 44 0
6138 497770133 17 0
5662 497775795 24 0
5660 497781455 28 0
11802 497793257 49 0
6162 497799419 38 0
5658 497805077 13 0
7035 497812112 27 0
11802 497823914 45 0
6138 497830052 14 0
5656 497835708 18 0
5658 497841366 12 0
11830 497853196 47 0
6131 497859327 21 0
5658 497864985 13 0
5648 497870633 28 0
11806 497882439 27 0
6138 497888577 16 0
5649 497894226 17 0
5658 497899884 6 0
11809 497911693 42 0
6138 497917831 19 0
5616 497923447 18 0
5658 497929105 12 0
11817 497940922 31 0
6151 497947073 17 0
5658 497952731 9 0
5658 497958389 9 0
11800 497970189 39 0
6119 497976308 20 0
5620 497981928 22 0
5633 497987561 25 0
11831 497999392 21 0
6118 498005510 31 0
5649 498011159 29 0
5640 498016799 19 0
11803 498028602 40 0
6151 498034753 15 0
5615 498040368 19 0
5657 498046025 19 0
11817 498057842 27 0
6138 498063980 18 0
5628 498069608 21 0
5645 498075253 20 0
11785 498087038 45 0
6125 498093163 21 0
5620 498098783 19 0
5640 498104423 14 0
11769 498116192 37 0
6130 498122322 27 0
5644 498127966 24 0
5651 498133617 14 0
11815 498145432 46 0
6138 498151570 19 0
5645 498157215 18 0
5658 498162873 10 0
11784 498174657 42 0
6151 498180808 17 0
7035 498187843 28 0
5658 498193501 10 0
11774 498205275 49 0
6132 498211407 21 0
5646 498217053 15 0
5662 498222715 22 0
11818 498234533 33 0
6123 498240656 32 0
5658 498246314 9 0
5652 498251966 13 0
11796 498263762 35 0
6151 498269913 17 0
5628 498275541 17 0
5657 498281198 16 0
11781 498292979 37 0
6126 498299105 21 0
5658 498304763 13 0
5658 498310421 13 0
11783 498322204 27 0
6138 498328342 18 0
5658 498334000 11 0
5646 498339646 16 0
11812 498351458 19 0
6132 498357590 18 0
5634 498363224 22 0
5652 498368876 12 0
11825 498380701 25 0
6138 498386839 17 0
5658 498392497 12 0
5658 498398155 13 0
11787 498409942 36 0
6151 498416093 19 0
5652 498421745 14 0
5640 498427385 18 0
11797 498439182 43 0
6126 498445308 20 0
5658 498450966 12 0
5658 498456624 11 0
11819 498468443 32 0
6138 498474581 16 0
5658 498480239 10 0
5658 498485897 11 0
11816 498497713 34 0
6163 498503876 19 0
6117 498509993 26 0
5658 498515651 18 0
11783 498527434 30 0
6138 498533572 18 0
5658 498539230 14 0
5658 498544888 11 0
11819 498556707 31 0
7515 498564222 28 0
914166 499478388 15534 1288
6525 499484913 352 1
12735 499497648 58 0
6671 499504319 34 0
11773 499516092 345 16
6703 499522795 27 0
13374 499536169 47 0
6089 499542258 27 0
