3561054 3561054 71581 1028
11104226 14665280 59523 7254
19363734 34029014 19421 3957
6608510 40637524 8377 1275
19165648 59803172 21793 4026
19689713 79492885 18673 2754
18512087 98004972 24771 4974
19251839 117256811 19754 4262
19138402 136395213 18939 4416
19610499 156005712 18668 3124
19624852 175630564 20897 3965
19651483 195282047 19927 3139
19554730 214836777 19492 4116
19606681 234443458 19985 4081
18784616 253228074 20679 3049
18896284 272124358 24631 3706
19177916 291302274 19266 4149
19539422 310841696 18980 3838
19690667 330532363 18722 4717
19711973 350244336 19717 4473
19586513 369830849 18494 4425
19724548 389555397 18638 3751
19583284 409138681 18971 4415
19637287 428775968 19588 3682
19711304 448487272 18174 4140
19574071 468061343 18848 5081
18340262 486401605 30559 4503
10601415 497003020 17061 41
1409890 498412910 4457 87
5656 498418566 31 0
6139 498424705 31 0
11790 498436495 36 0
5658 498442153 15 0
5656 498447809 20 0
6160 498453969 18 0
11796 498465765 28 0
5658 498471423 13 0
5658 498477081 11 0
6148 498483229 30 0
11787 498495016 42 0
5658 498500674 12 0
5652 498506326 23 0
6160 498512486 17 0
11802 498524288 36 0
5637 498529925 22 0
5640 498535565 19 0
6146 498541711 28 0
11796 498553507 24 0
5658 498559165 11 0
5652 498564817 15 0
6130 498570947 26 0
11781 498582728 43 0
5645 498588373 28 0
5658 498594031 13 0
6143 498600174 29 0
11783 498611957 49 0
5658 498617615 15 0
5658 498623273 11 0
6139 498629412 28 0
11769 498641181 43 0
5658 498646839 14 0
5658 498652497 11 0
6160 498658657 29 0
11767 498670424 46 0
5628 498676052 17 0
5658 498681710 11 0
6154 498687864 17 0
11790 498699654 30 0
5660 498705314 28 0
5658 498710972 13 0
6131 498717103 25 0
11770 498728873 35 0
5633 498734506 22 0
5652 498740158 15 0
6160 498746318 19 0
21343 498767661 377 50
5632 498773293 38 0
5646 498778939 24 0
6141 498785080 26 0
11787 498796867 30 0
5655 498802522 35 0
5658 498808180 14 0
6167 498814347 20 0
11774 498826121 38 0
5658 498831779 11 0
5658 498837437 13 0
6129 498843566 27 0
11809 498855375 30 0
5656 498861031 21 0
5643 498866674 27 0
6161 498872835 31 0
11784 498884619 33 0
5658 498890277 23 0
5658 498895935 13 0
6167 498902102 18 0
11796 498913898 29 0
5658 498919556 14 0
5658 498925214 13 0
6123 498931337 27 0
12322 498943659 61 0
6308 498949967 41 0
5634 498955601 31 0
6675 498962276 28 0
12935 498975211 59 0
6109 498981320 19 0
5634 498986954 16 0
6138 498993092 18 0
12179 499005271 37 0
6116 499011387 16 0
6084 499017471 27 0
6116 499023587 30 0
13245 499036832 37 0
6636 499043468 25 0
6628 499050096 22 0
6541 499056637 29 0
12231 499068868 36 0
6080 499074948 22 0
6083 499081031 27 0
6116 499087147 21 0
12245 499099392 31 0
6079 499105471 25 0
5658 499111129 13 0
6131 499117260 25 0
11789 499129049 30 0
5658 499134707 12 0
5637 499140344 22 0
7502 499147846 42 0
11796 499159642 25 0
5622 499165264 17 0
5644 499170908 20 0
6160 499177068 14 0
11796 499188864 21 0
5621 499194485 19 0
5658 499200143 8 0
11800 499211943 45 0
6138 499218081 19 0
5610 499223691 20 0
5646 499229337 19 0
11780 499241117 38 0
6151 499247268 18 0
5658 499252926 10 0
5658 499258584 9 0
11817 499270401 33 0
6113 499276514 21 0
5658 499282172 12 0
5644 499287816 24 0
11782 499299598 38 0
6138 499305736 17 0
5644 499311380 22 0
5628 499317008 22 0
11791 499328799 49 0
6151 499334950 17 0
5658 499340608 13 0
5649 499346257 27 0
11779 499358036 41 0
6132 499364168 21 0
5638 499369806 22 0
5647 499375453 27 0
11805 499387258 35 0
6114 499393372 23 0
5656 499399028 18 0
5652 499404680 14 0
11781 499416461 44 0
6112 499422573 24 0
5654 499428227 27 0
5652 499433879 17 0
11830 499445709 49 0
6138 499451847 19 0
5658 499457505 13 0
5639 499463144 26 0
11781 499474925 40 0
6151 499481076 14 0
5658 499486734 10 0
5646 499492380 14 0
11758 499504138 33 0
6090 499510228 25 0
5628 499515856 19 0
7035 499522891 26 0
11781 499534672 38 0
6138 499540810 15 0
5644 499546454 23 0
5652 499552106 14 0
11816 499563922 36 0
17666 499581588 371 8
5658 499587246 31 0
5644 499592890 27 0
11807 499604697 38 0
6138 499610835 17 0
5648 499616483 22 0
5658 499622141 10 0
11831 499633972 30 0
6138 499640110 14 0
5644 499645754 22 0
5658 499651412 10 0
11786 499663198 32 0
6138 499669336 16 0
5650 499674986 26 0
5651 499680637 19 0
11830 499692467 40 0
6138 499698605 19 0
5658 499704263 10 0
5656 499709919 23 0
11814 499721733 35 0
6118 499727851 23 0
5647 499733498 24 0
5657 499739155 19 0
11798 499750953 34 0
6138 499757091 17 0
5658 499762749 11 0
5649 499768398 24 0
11809 499780207 46 0
6126 499786333 21 0
5621 499791954 21 0
5648 499797602 24 0
11764 499809366 42 0
6157 499815523 21 0
6113 499821636 29 0
5658 499827294 15 0
11792 499839086 32 0
6127 499845213 19 0
5632 499850845 24 0
5657 499856502 20 0
11815 499868317 57 0
6138 499874455 19 0
6097 499880552 21 0
5646 499886198 19 0
11777 499897975 32 0
7509 499905484 34 0
5626 499911110 23 0
5652 499916762 17 0
11788 499928550 43 0
6102 499934652 29 0
5658 499940310 14 0
5652 499945962 15 0
11776 499957738 34 0
6151 499963889 18 0
5631 499969520 19 0
5652 499975172 12 0
11822 499986994 43 0
6114 499993108 23 0
5640 499998748 20 0
5650 500004398 28 0
11831 500016229 25 0
6132 500022361 21 0
5642 500028003 25 0
5658 500033661 27 0
11770 500045431 41 0
6151 500051582 15 0
5644 500057226 21 0
5647 500062873 24 0
11775 500074648 40 0
6138 500080786 19 0
5637 500086423 25 0
5657 500092080 21 0
11830 500103910 33 0
6102 500110012 23 0
5626 500115638 20 0
5651 500121289 21 0
11815 500133104 38 0
6130 500139234 27 0
5658 500144892 14 0
5658 500150550 13 0
11782 500162332 40 0
6138 500168470 20 0
5658 500174128 11 0
5652 500179780 20 0
11810 500191590 42 0
6155 500197745 26 0
5646 500203391 14 0
5657 500209048 20 0
11798 500220846 29 0
6123 500226969 35 0
5628 500232597 17 0
5658 500238255 8 0
11830 500250085 35 0
6137 500256222 29 0
5658 500261880 14 0
5621 500267501 23 0
13162 500280663 47 0
6151 500286814 18 0
5646 500292460 22 0
5646 500298106 22 0
11810 500309916 46 0
6108 500316024 23 0
5630 500321654 23 0
5651 500327305 19 0
11823 500339128 38 0
6130 500345258 24 0
5658 500350916 12 0
5658 500356574 11 0
11775 500368349 43 0
6138 500374487 15 0
5633 500380120 15 0
5636 500385756 24 0
11810 500397566 33 0
6114 500403680 31 0
5658 500409338 14 0
5633 500414971 25 0
11817 500426788 38 0
7039 500433827 66 5
5652 500439479 16 0
5667 500445146 27 0
11789 500456935 45 0
6138 500463073 17 0
5651 500468724 15 0
5644 500474368 26 0
11836 500486204 39 0
6138 500492342 21 0
5643 500497985 24 0
5649 500503634 29 0
11780 500515414 35 0
6151 500521565 15 0
5644 500527209 26 0
5652 500532861 16 0
11770 500544631 33 0
6119 500550750 27 0
5658 500556408 13 0
5658 500562066 12 0
11787 500573853 46 0
6145 500579998 14 0
5615 500585613 20 0
5651 500591264 20 0
11781 500603045 40 0
6138 500609183 17 0
5634 500614817 18 0
5651 500620468 19 0
11837 500632305 40 0
6138 500638443 16 0
5652 500644095 18 0
5646 500649741 17 0
13152 500662893 50 0
6138 500669031 32 0
5658 500674689 13 0
5658 500680347 15 0
903413 501583760 15408 895
6860 501590620 104 3
6706 501597326 37 0
6678 501604004 38 0
18820 501622824 391 15
6705 501629529 38 0
6662 501636191 20 0
5649 501641840 20 0
4058670 4058670 76842 1039
12569933 16628603 56795 7873
19059270 35687873 17328 3829
18612420 54300293 22289 4222
19096772 73397065 19032 2887
19134828 92531893 19152 3211
19014091 111545984 18656 4070
19062768 130608752 21042 4405
19117563 149726315 19503 3180
19379375 169105690 19760 4100
19107602 188213292 19879 2725
19164225 207377517 20452 3859
19161575 226539092 19559 4291
19178290 245717382 19463 2789
18537808 264255190 24209 4263
19087005 283342195 19315 3413
19188169 302530364 18071 3813
19198139 321728503 18273 4555
19244090 340972593 18341 4493
19229235 360201828 18991 4266
19251302 379453130 18550 3889
19168576 398621706 18593 3808
19252298 417874004 18356 3467
19223391 437097395 18587 3964
19159257 456256652 18472 4746
19193182 475449834 18657 4991
14909538 490359372 30021 1832
5178965 495538337 10834 125
5658 495543995 30 0
5651 495549646 19 0
6118 495555764 30 0
11757 495567521 39 0
5639 495573160 17 0
5640 495578800 16 0
6141 495584941 26 1
11789 495596730 31 0
5628 495602358 16 0
5655 495608013 26 0
6140 495614153 26 0
11803 495625956 32 0
5644 495631600 21 0
7035 495638635 95 0
6160 495644795 17 0
11796 495656591 17 0
5658 495662249 8 0
5644 495667893 22 0
6186 495674079 15 0
11768 495685847 30 0
5658 495691505 10 0
5657 495697162 14 0
6112 495703274 22 0
11796 495715070 23 0
5632 495720702 20 0
5661 495726363 26 0
6160 495732523 13 0
11769 495744292 46 0
5634 495749926 17 0
5658 495755584 8 0
11805 495767389 35 0
6138 495773527 14 0
5658 495779185 9 0
5651 495784836 18 0
11816 495796652 36 0
6117 495802769 25 0
5652 495808421 13 0
5644 495814065 25 0
11825 495825890 24 0
6138 495832028 17 0
5628 495837656 15 0
5651 495843307 20 0
11787 495855094 41 0
6151 495861245 18 0
5642 495866887 20 0
5658 495872545 8 0
11797 495884342 42 0
6138 495890480 16 0
5638 495896118 23 0
5658 495901776 10 0
11788 495913564 30 0
6119 495919683 20 0
5652 495925335 14 0
5651 495930986 24 0
11818 495942804 23 0
6127 495948931 18 0
5646 495954577 21 0
5658 495960235 13 0
11818 495972053 33 0
6124 495978177 26 0
5631 495983808 20 0
5654 495989462 28 0
11831 496001293 37 0
6138 496007431 22 0
7011 496014442 33 0
5658 496020100 10 0
11811 496031911 33 0
6138 496038049 15 0
5639 496043688 18 0
5658 496049346 11 0
12536 496061882 85 0
6600 496068482 39 0
6373 496074855 22 0
6333 496081188 13 0
12236 496093424 54 0
6151 496099575 17 0
6106 496105681 31 0
5645 496111326 17 0
12205 496123531 37 0
6116 496129647 16 0
6116 496135763 17 0
6129 496141892 18 0
12178 496154070 40 0
6092 496160162 20 0
6110 496166272 14 0
6105 496172377 33 0
12219 496184596 31 0
6123 496190719 19 0
6112 496196831 31 0
6101 496202932 30 0
11742 496214674 41 0
6124 496220798 28 0
6074 496226872 23 0
5646 496232518 17 0
11790 496244308 38 0
6138 496250446 16 0
5638 496256084 21 0
5658 496261742 11 0
11784 496273526 47 0
6138 496279664 18 0
5658 496285322 13 0
5650 496290972 24 0
11782 496302754 37 0
6138 496308892 16 0
5634 496314526 15 0
5655 496320181 27 0
11817 496331998 31 0
6151 496338149 17 0
5658 496343807 11 0
5639 496349446 21 0
11800 496361246 47 0
6140 496367386 25 0
5658 496373044 10 0
5652 496378696 15 0
11819 496390515 36 0
7515 496398030 31 0
5658 496403688 9 0
5642 496409330 27 0
11818 496421148 21 0
6156 496427304 33 0
5651 496432955 15 0
5658 496438613 14 0
11773 496450386 47 0
6138 496456524 15 0
5622 496462146 15 0
5662 496467808 32 0
11811 496479619 31 0
6124 496485743 22 0
5647 496491390 22 0
5649 496497039 23 0
11780 496508819 37 0
6138 496514957 14 0
5631 496520588 19 0
5647 496526235 26 0
11831 496538066 22 0
6136 496544202 25 0
5658 496549860 11 0
5656 496555516 28 0
11818 496567334 25 0
6151 496573485 14 0
5658 496579143 7 0
5646 496584789 18 0
11797 496596586 39 0
6138 496602724 15 0
5661 496608385 24 0
5658 496614043 10 0
11776 496625819 33 0
6112 496631931 21 0
5672 496637603 31 0
5651 496643254 16 0
11772 496655026 43 0
6133 496661159 25 0
5660 496666819 29 0
5657 496672476 17 0
11809 496684285 31 0
6132 496690417 29 0
5658 496696075 9 0
5658 496701733 8 0
11813 496713546 28 0
6138 496719684 16 0
5662 496725346 29 0
5648 496730994 26 0
11791 496742785 43 0
6138 496748923 23 0
5658 496754581 13 0
5658 496760239 10 0
22257 496782496 401 4
6126 496788622 30 0
5658 496794280 9 0
5658 496799938 10 0
11797 496811735 44 0
6158 496817893 30 0
5620 496823513 24 0
5657 496829170 20 0
11788 496840958 32 0
6126 496847084 35 0
5658 496852742 14 0
5662 496858404 28 0
11829 496870233 38 0
6138 496876371 14 0
5628 496881999 20 0
5646 496887645 22 0
11801 496899446 40 0
6151 496905597 19 0
5640 496911237 17 0
5655 496916892 19 0
11816 496928708 50 0
6138 496934846 16 0
5633 496940479 24 0
5665 496946144 30 0
12682 496958826 113 2
6138 496964964 14 0
5658 496970622 11 0
5652 496976274 21 0
11806 496988080 31 0
6090 496994170 22 0
5621 496999791 19 0
5652 497005443 14 0
11831 497017274 20 0
6138 497023412 18 0
5642 497029054 26 0
5646 497034700 21 0
11769 497046469 40 0
6141 497052610 31 0
5645 497058255 21 0
5658 497063913 12 0
11752 497075665 32 0
6138 497081803 20 0
5650 497087453 30 0
5639 497093092 17 0
11822 497104914 52 0
6145 497111059 18 0
5658 497116717 10 0
5648 497122365 28 0
11835 497134200 43 0
6137 497140337 23 0
5658 497145995 13 0
5639 497151634 24 0
13193 497164827 55 0
6138 497170965 15 0
5637 497176602 24 0
5658 497182260 10 0
11829 497194089 52 0
6127 497200216 32 0
5641 497205857 21 0
5658 497211515 12 0
11816 497223331 29 0
6138 497229469 17 0
5658 497235127 9 0
5652 497240779 12 0
11813 497252592 25 0
6132 497258724 17 0
5658 497264382 9 0
5658 497270040 7 0
11804 497281844 29 0
6151 497287995 13 0
5658 497293653 7 0
5656 497299309 29 0
11805 497311114 37 0
6138 497317252 15 0
5655 497322907 19 0
5640 497328547 18 0
11817 497340364 33 0
6111 497346475 25 0
5640 497352115 24 0
5658 497357773 6 0
11818 497369591 19 0
6151 497375742 17 0
5638 497381380 19 0
5656 497387036 30 0
11808 497398844 33 0
6138 497404982 14 0
5658 497410640 15 0
5670 497416310 31 0
11804 497428114 33 0
6132 497434246 22 0
5671 497439917 28 0
5658 497445575 10 0
11774 497457349 39 0
6147 497463496 31 0
5658 497469154 11 0
5662 497474816 25 0
11828 497486644 40 0
6114 497492758 20 0
5621 497498379 17 0
5640 497504019 14 0
11819 497515838 40 0
14343 497530181 257 40
5658 497535839 32 0
7027 497542866 42 0
11819 497554685 37 0
6138 497560823 15 0
5658 497566481 13 0
5651 497572132 18 0
11843 497583975 32 0
6138 497590113 15 0
5622 497595735 18 0
5639 497601374 25 0
11782 497613156 28 0
6151 497619307 13 0
5650 497624957 27 0
5658 497630615 10 0
11804 497642419 31 0
6125 497648544 21 0
5652 497654196 9 0
5651 497659847 17 0
11819 497671666 26 0
6126 497677792 17 0
5658 497683450 6 0
5650 497689100 24 0
11806 497700906 22 0
6138 497707044 15 0
5626 497712670 18 0
5656 497718326 18 0
11813 497730139 22 0
6138 497736277 13 0
5657 497741934 16 0
5638 497747572 24 0
11799 497759371 34 0
6150 497765521 23 0
5635 497771156 23 0
11782 497782938 25 0
5651 497788589 20 0
6107 497794696 22 0
8990 497803686 180 1
914600 498718286 15105 821
6659 498724945 71 0
6666 498731611 40 0
14662 498746273 464 19
13392 498759665 63 0
6657 498766322 29 0
8297 498774619 158 3
6603 498781222 28 0
3652189 3652189 71146 1131
11599299 15251488 60969 7230
19447716 34699204 18340 4073
18977804 53677008 21891 4470
19475836 73152844 18783 2767
19564485 92717329 18891 3277
19446787 112164116 18812 4198
19576302 131740418 18869 4420
19627879 151368297 18754 3001
19770718 171139015 18683 4229
19490290 190629305 19161 2824
19549994 210179299 19635 4068
19463349 229642648 20265 4101
19614808 249257456 19000 2965
19002668 268260124 23859 3717
19524754 287784878 20002 4026
19598555 307383433 19086 3765
19668269 327051702 19071 4434
19746169 346797871 19492 4362
19588474 366386345 19533 4497
19704933 386091278 19228 3537
19614226 405705504 19276 4492
19684835 425390339 18621 3517
19601615 444991954 19606 4003
19570359 464562313 19239 5018
18585576 483147889 28105 4621
10857759 494005648 18916 43
1541215 495546863 5309 99
6310 495553173 33 0
5652 495558825 30 0
6160 495564985 17 0
11810 495576795 49 0
5658 495582453 11 0
5658 495588111 10 0
6141 495594252 21 0
11788 495606040 35 0
5633 495611673 15 0
5651 495617324 14 0
6173 495623497 20 0
11788 495635285 37 0
5658 495640943 13 0
5658 495646601 12 0
6134 495652735 27 0
11794 495664529 39 0
5655 495670184 21 0
5658 495675842 10 0
6130 495681972 20 0
11745 495693717 42 0
5652 495699369 15 0
5645 495705014 19 0
6137 495711151 25 0
11788 495722939 26 0
5638 495728577 26 0
5656 495734233 17 0
6134 495740367 27 0
11772 495752139 27 0
7032 495759171 95 0
5658 495764829 8 0
6158 495770987 30 0
11760 495782747 32 0
5658 495788405 9 0
5658 495794063 8 0
6147 495800210 20 0
11803 495812013 40 0
5658 495817671 13 0
5658 495823329 10 0
6118 495829447 20 0
11752 495841199 36 0
5621 495846820 23 0
5646 495852466 20 0
6173 495858639 18 0
11781 495870420 34 0
5644 495876064 22 0
5658 495881722 10 0
6118 495887840 23 0
11782 495899622 47 0
5651 495905273 25 0
5651 495910924 15 0
6146 495917070 27 0
11796 495928866 24 0
5638 495934504 19 0
5658 495940162 12 0
6167 495946329 17 0
11802 495958131 35 0
5651 495963782 21 0
5652 495969434 15 0
6117 495975551 25 0
11771 495987322 56 0
5658 495992980 9 0
5658 495998638 11 0
6161 496004799 23 0
11778 496016577 27 0
5640 496022217 22 0
5655 496027872 22 0
6160 496034032 18 0
11791 496045823 27 0
5652 496051475 13 0
5658 496057133 11 0
6687 496063820 26 0
12967 496076787 24 0
6462 496083249 41 0
5649 496088898 14 0
12243 496101141 48 0
6138 496107279 17 0
6107 496113386 34 0
5658 496119044 9 0
12230 496131274 31 0
7480 496138754 40 0
6116 496144870 16 0
6113 496150983 22 0
12210 496163193 42 0
6079 496169272 22 0
6116 496175388 17 0
6097 496181485 27 0
12244 496193729 41 0
6116 496199845 19 0
6116 496205961 18 0
6116 496212077 24 0
11750 496223827 28 0
6138 496229965 18 0
6117 496236082 20 0
5658 496241740 11 0
11772 496253512 32 0
6138 496259650 16 0
5652 496265302 21 0
5645 496270947 20 0
11782 496282729 30 0
6164 496288893 16 0
5621 496294514 22 0
5645 496300159 16 0
11788 496311947 25 0
6124 496318071 21 0
5646 496323717 21 0
5658 496329375 10 0
12681 496342056 133 3
6100 496348156 26 0
5658 496353814 14 0
5658 496359472 10 0
11797 496371269 29 0
6136 496377405 28 0
5657 496383062 25 0
5652 496388714 17 0
11780 496400494 31 0
6118 496406612 29 0
5646 496412258 18 0
5646 496417904 14 0
11814 496429718 41 0
6138 496435856 16 0
5634 496441490 21 0
5645 496447135 16 0
11782 496458917 30 0
6102 496465019 17 0
5640 496470659 20 0
5658 496476317 13 0
11805 496488122 43 0
6145 496494267 19 0
5615 496499882 18 0
5651 496505533 29 0
13194 496518727 54 0
6151 496524878 15 0
5634 496530512 20 0
5662 496536174 29 0
11811 496547985 38 0
6138 496554123 16 0
5645 496559768 19 0
5664 496565432 31 0
11819 496577251 29 0
6138 496583389 14 0
5658 496589047 12 0
5658 496594705 11 0
11762 496606467 41 0
6156 496612623 36 0
5645 496618268 18 0
5658 496623926 11 0
11805 496635731 40 0
6125 496641856 17 0
5658 496647514 11 0
5658 496653172 13 0
11827 496664999 51 0
6138 496671137 15 0
5610 496676747 17 0
5652 496682399 16 0
11799 496694198 43 0
6126 496700324 23 0
5658 496705982 10 0
5658 496711640 14 0
11819 496723459 28 0
6126 496729585 21 0
5658 496735243 12 0
5650 496740893 25 0
11835 496752728 45 0
6151 496758879 15 0
5625 496764504 21 0
5658 496770162 13 0
11787 496781949 32 0
6122 496788071 28 0
5658 496793729 11 0
5658 496799387 11 0
11805 496811192 50 0
6138 496817330 15 0
5646 496822976 13 0
5642 496828618 25 0
11780 496840398 31 0
6139 496846537 19 0
5658 496852195 11 0
5651 496857846 21 0
11798 496869644 45 0
6138 496875782 16 0
5649 496881431 25 0
5638 496887069 27 0
22259 496909328 342 1
6138 496915466 29 0
5646 496921112 13 0
5658 496926770 9 0
11779 496938549 32 0
6135 496944684 36 0
5638 496950322 20 0
5645 496955967 17 0
11817 496967784 36 0
6138 496973922 15 0
6109 496980031 23 0
5646 496985677 16 0
11778 496997455 28 0
6151 497003606 18 0
5640 497009246 18 0
5663 497014909 21 0
11814 497026723 36 0
6128 497032851 28 0
5646 497038497 15 0
5651 497044148 16 0
11825 497055973 46 0
6138 497062111 19 0
5658 497067769 12 0
5662 497073431 28 0
11783 497085214 36 0
6151 497091365 17 0
5620 497096985 20 0
5661 497102646 30 0
11818 497114464 15 0
6138 497120602 15 0
5652 497126254 17 0
5637 497131891 22 0
11798 497143689 37 0
6138 497149827 18 0
5631 497155458 21 0
5644 497161102 19 0
11775 497172877 29 0
6119 497178996 24 0
5625 497184621 23 0
5657 497190278 17 0
11777 497202055 45 0
6126 497208181 20 0
5652 497213833 18 0
5655 497219488 28 0
11811 497231299 36 0
6152 497237451 19 0
5658 497243109 13 0
5645 497248754 22 0
11755 497260509 42 0
6114 497266623 19 0
5641 497272264 25 0
7035 497279299 31 0
11810 497291109 46 0
6118 497297227 23 0
5658 497302885 6 0
5656 497308541 24 0
11803 497320344 40 0
6144 497326488 25 0
5658 497332146 12 0
5658 497337804 16 0
11786 497349590 37 0
6125 497355715 27 0
5640 497361355 13 0
5638 497366993 22 0
11789 497378782 37 0
6138 497384920 15 0
5645 497390565 15 0
5645 497396210 18 0
11799 497408009 36 0
6138 497414147 19 0
5615 497419762 18 0
5651 497425413 20 0
11764 497437177 43 0
6120 497443297 20 0
5649 497448946 26 0
5658 497454604 10 0
11752 497466356 39 0
6126 497472482 24 0
5626 497478108 22 0
5660 497483768 28 0
11797 497495565 55 0
6138 497501703 18 0
5615 497507318 20 0
5646 497512964 20 0
11789 497524753 28 0
6143 497530896 33 0
5658 497536554 13 0
5656 497542210 28 0
11801 497554011 48 0
6145 497560156 17 0
5640 497565796 24 0
5658 497571454 9 0
11774 497583228 35 0
6136 497589364 30 0
5658 497595022 10 0
5658 497600680 11 0
11802 497612482 40 0
6130 497618612 21 0
5616 497624228 22 0
5652 497629880 14 0
11763 497641643 33 0
6138 497647781 18 0
7029 497654810 27 0
5651 497660461 20 0
11817 497672278 39 0
6132 497678410 20 0
5658 497684068 11 0
5658 497689726 10 0
11806 497701532 26 0
6151 497707683 16 0
5643 497713326 22 0
5651 497718977 24 0
11820 497730797 43 0
6138 497736935 18 0
5648 497742583 22 0
5645 497748228 18 0
11825 497760053 30 0
6135 497766188 33 0
5626 497771814 17 0
5637 497777451 25 0
15140 497792591 235 3
894527 498687118 14610 689
6709 498693827 614 0
6439 498700266 17 0
13368 498713634 80 0
14737 498728371 412 20
6662 498735033 35 0
6443 498741476 20 0
14690 498756166 173 4
6624 498762790 26 0
2531471 2531471 52537 675
9804953 12336424 75744 6707
19143141 31479565 18746 4001
19094871 50574436 24388 4701
18993132 69567568 17522 2852
19590106 89157674 17999 2896
19451973 108609647 20187 4510
18369308 126978955 23353 5468
19132775 146111730 18778 3652
19760849 165872579 18764 3781
19497815 185370394 21674 2891
19439495 204809889 19284 3968
19615757 224425646 19320 4305
19448569 243874215 19344 2704
18300961 262175176 25531 4309
19175845 281351021 18987 3483
19281048 300632069 19027 3611
19603689 320235758 18282 4670
19567373 339803131 20120 4461
19639659 359442790 18988 4378
19641933 379084723 18834 4053
19621040 398705763 18738 3842
19624952 418330715 19367 3565
19633957 437964672 18842 4117
19460814 457425486 19351 4790
19603609 477029095 18952 5069
14512021 491541116 31461 1630
4831248 496372364 9362 94
5657 496378021 28 0
5658 496383679 13 0
11816 496395495 50 0
6133 496401628 18 0
5645 496407273 16 0
5658 496412931 9 0
11779 496424710 43 0
6138 496430848 16 0
5658 496436506 11 0
5643 496442149 27 0
11825 496453974 31 0
6126 496460100 20 0
5658 496465758 10 0
5646 496471404 17 0
11814 496483218 43 0
6138 496489356 16 0
5652 496495008 17 0
5646 496500654 19 0
12711 496513365 109 2
6138 496519503 16 0
5658 496525161 10 0
5645 496530806 24 0
11785 496542591 37 0
6164 496548755 13 0
5639 496554394 13 0
5652 496560046 14 0
11789 496571835 39 0
6138 496577973 13 0
5640 496583613 14 0
5637 496589250 20 0
11830 496601080 29 0
6126 496607206 23 0
5649 496612855 24 0
5655 496618510 19 0
11764 496630274 45 0
6125 496636399 28 0
5630 496642029 23 0
5658 496647687 10 0
13175 496660862 114 0
6128 496666990 30 0
5646 496672636 14 0
5643 496678279 21 0
11823 496690102 38 0
6107 496696209 28 0
5629 496701838 18 0
5652 496707490 13 0
11808 496719298 36 0
6138 496725436 13 0
5660 496731096 26 0
5658 496736754 10 0
11768 496748522 36 0
6119 496754641 29 0
5652 496760293 19 0
5643 496765936 23 0
11822 496777758 48 0
6151 496783909 17 0
5651 496789560 20 0
5658 496795218 10 0
11769 496806987 37 0
6138 496813125 17 0
5640 496818765 17 0
5652 496824417 12 0
11794 496836211 43 0
6138 496842349 16 0
5652 496848001 21 0
5622 496853623 19 0
11791 496865414 48 0
6151 496871565 15 0
5658 496877223 11 0
5658 496882881 8 0
11785 496894666 48 0
6642 496901308 70 0
6315 496907623 29 0
5636 496913259 17 0
13020 496926279 36 0
6601 496932880 25 0
6116 496938996 18 0
5632 496944628 22 0
12222 496956850 34 0
6098 496962948 18 0
6112 496969060 26 0
6108 496975168 24 0
12241 496987409 49 0
6098 496993507 16 0
6116 496999623 23 0
6116 497005739 16 0
12221 497017960 32 0
6112 497024072 33 0
6078 497030150 25 0
7493 497037643 31 0
12211 497049854 49 0
6116 497055970 13 0
6116 497062086 17 0
5658 497067744 19 0
11784 497079528 34 0
6123 497085651 27 0
5658 497091309 11 0
5640 497096949 13 0
11805 497108754 31 0
6142 497114896 25 0
5658 497120554 9 0
5658 497126212 8 0
11782 497137994 34 0
6138 497144132 18 0
5648 497149780 23 0
5651 497155431 17 0
11812 497167243 35 0
6138 497173381 15 0
5628 497179009 17 0
5643 497184652 21 0
11779 497196431 35 0
6138 497202569 17 0
5621 497208190 20 0
5655 497213845 20 0
11831 497225676 20 0
6118 497231794 25 0
5661 497237455 30 0
5574 497243029 14 0
11817 497254846 35 0
6121 497260967 21 0
5646 497266613 12 0
5651 497272264 19 0
11818 497284082 20 0
6111 497290193 22 0
5633 497295826 24 0
5642 497301468 25 0
11844 497313312 21 0
6108 497319420 18 0
5651 497325071 18 0
5638 497330709 24 0
11805 497342514 38 0
6151 497348665 17 0
5645 497354310 27 0
5658 497359968 10 0
11765 497371733 41 0
6130 497377863 25 0
5658 497383521 10 0
5657 497389178 14 0
11804 497400982 46 0
6145 497407127 19 0
7029 497414156 27 0
5645 497419801 18 0
11805 497431606 24 0
6132 497437738 15 0
5633 497443371 22 0
5646 497449017 13 0
11826 497460843 38 0
6138 497466981 18 0
5646 497472627 18 0
5658 497478285 9 0
11805 497490090 32 0
6130 497496220 24 0
5635 497501855 25 0
5658 497507513 11 0
11817 497519330 27 0
6138 497525468 17 0
6097 497531565 25 0
5647 497537212 26 0
11809 497549021 31 0
6120 497555141 22 0
6116 497561257 18 0
5634 497566891 23 0
11796 497578687 21 0
6148 497584835 31 0
6104 497590939 21 0
5640 497596579 15 0
11776 497608355 36 0
6120 497614475 23 0
5627 497620102 19 0
5658 497625760 8 0
11783 497637543 31 0
6138 497643681 20 0
5628 497649309 18 0
5636 497654945 27 0
11791 497666736 30 0
6138 497672874 15 0
5658 497678532 10 0
5652 497684184 14 0
11831 497696015 38 0
6132 497702147 26 0
5646 497707793 17 0
5651 497713444 19 0
11788 497725232 30 0
6151 497731383 14 0
5652 497737035 17 0
5652 497742687 21 0
11815 497754502 37 0
6138 497760640 17 0
5640 497766280 14 0
5652 497771932 13 0
11817 497783749 43 0
7515 497791264 26 0
5651 497796915 24 0
5646 497802561 16 0
11792 497814353 41 0
15214 497829567 316 1
5616 497835183 38 0
5646 497840829 15 0
11809 497852638 40 0
6138 497858776 15 0
5622 497864398 17 0
5652 497870050 14 0
11792 497881842 35 0
6122 497887964 30 0
5658 497893622 12 0
5652 497899274 14 0
11781 497911055 40 0
6117 497917172 35 0
5658 497922830 12 0
5658 497928488 13 0
11814 497940302 39 0
6126 497946428 23 0
5658 497952086 10 0
5658 497957744 9 0
11815 497969559 44 0
6126 497975685 28 0
5651 497981336 17 0
5652 497986988 14 0
11781 497998769 45 0
6138 498004907 17 0
5628 498010535 18 0
5658 498016193 10 0
11808 498028001 51 0
6138 498034139 16 0
5651 498039790 19 0
5657 498045447 18 0
11796 498057243 33 0
6161 498063404 31 0
5658 498069062 10 0
5645 498074707 22 0
11799 498086506 28 0
6138 498092644 18 0
5658 498098302 11 0
5646 498103948 15 0
11847 498115795 36 0
6138 498121933 14 0
5628 498127561 17 0
5658 498133219 12 0
11812 498145031 22 0
6127 498151158 20 0
5634 498156792 18 0
11818 498168610 28 0
7016 498175626 37 0
6141 498181767 36 0
5640 498187407 21 0
11775 498199182 30 0
5642 498204824 24 0
6154 498210978 36 0
5658 498216636 12 0
11818 498228454 21 0
5643 498234097 15 0
6132 498240229 19 0
5658 498245887 10 0
11821 498257708 47 0
5649 498263357 19 0
6139 498269496 29 0
5650 498275146 27 0
11809 498286955 38 0
5646 498292601 16 0
6127 498298728 21 0
5658 498304386 12 0
11800 498316186 25 0
5652 498321838 17 0
6138 498327976 16 0
5658 498333634 12 0
11813 498345447 37 0
5658 498351105 11 0
6138 498357243 17 0
5658 498362901 12 0
11827 498374728 32 0
5658 498380386 10 0
6138 498386524 16 0
5634 498392158 14 0
11817 498403975 36 0
5658 498409633 13 0
6137 498415770 23 0
5640 498421410 14 0
11793 498433203 32 0
5658 498438861 11 0
6164 498445025 17 0
5645 498450670 16 0
11788 498462458 32 0
5640 498468098 19 0
6138 498474236 15 0
5634 498479870 16 0
11837 498491707 26 0
5657 498497364 16 0
6138 498503502 17 0
5658 498509160 11 0
11782 498520942 26 0
5652 498526594 14 0
6132 498532726 19 0
5652 498538378 14 0
13177 498551555 54 0
5658 498557213 18 0
6138 498563351 16 0
5653 498569004 23 0
11831 498580835 21 0
5658 498586493 10 0
6260 498592753 32 0
5658 498598411 11 0
11785 498610196 34 0
5658 498615854 11 0
6114 498621968 23 0
5640 498627608 13 0
11825 498639433 26 0
5658 498645091 12 0
6138 498651229 15 0
5658 498656887 11 0
11787 498668674 35 0
1090924 499759598 15319 928
9800 499769398 257 14
6393 499775791 33 0
18752 499794543 438 19
6717 499801260 42 0
6650 499807910 28 0
8332 499816242 126 6
13016 499829258 40 0
830355 830355 18418 230
6048077 6878432 88177 5272
17091268 23969700 35530 4869
13440325 37410025 13538 2681
12437713 49847738 14405 2817
19619097 69466835 17770 3284
19064929 88531764 23732 4274
19018151 107549915 18108 4409
19183803 126733718 18596 4163
19454071 146187789 18183 3999
19694300 165882089 21063 3924
19731108 185613197 18335 3100
19682875 205296072 18393 3646
19602375 224898447 18772 4544
19045107 243943554 20160 2479
18803067 262746621 23994 4441
19053989 281800610 19460 3526
19583561 301384171 19043 3890
19733342 321117513 19903 4685
19684918 340802431 20112 4394
19673282 360475713 19513 4439
19696818 380172531 19537 4279
19669691 399842222 20099 3895
19747208 419589430 19306 3647
19613014 439202444 19696 4171
19636726 458839170 19701 4800
19624727 478463897 20178 5092
14873106 493337003 30826 1872
5071499 498408502 10186 113
6121 498414623 322 1
11790 498426413 41 0
5655 498432068 29 0
6138 498438206 14 0
5655 498443861 34 0
11837 498455698 31 0
7035 498462733 99 0
6138 498468871 19 0
5658 498474529 22 0
11818 498486347 22 0
5658 498492005 10 0
6138 498498143 15 0
5641 498503784 21 0
20899 498524683 335 3
5621 498530304 37 0
6138 498536442 20 0
5634 498542076 18 0
11787 498553863 35 0
5652 498559515 16 0
6145 498565660 14 0
5628 498571288 20 0
11802 498583090 54 0
5652 498588742 15 0
6120 498594862 24 0
5646 498600508 18 0
11825 498612333 29 0
5667 498618000 22 0
6123 498624123 29 0
5649 498629772 30 0
11796 498641568 40 0
5652 498647220 24 0
6148 498653368 25 0
5656 498659024 26 0
11788 498670812 33 0
5658 498676470 12 0
6126 498682596 20 0
5646 498688242 19 0
11830 498700072 41 0
5658 498705730 13 0
6126 498711856 20 0
5643 498717499 22 0
11818 498729317 25 0
5638 498734955 22 0
6090 498741045 26 0
5653 498746698 30 0
11819 498758517 19 0
5658 498764175 14 0
6138 498770313 14 0
11297 498781610 41 0
6152 498787762 23 0
5648 498793410 22 0
6151 498799561 15 0
11283 498810844 39 0
6160 498817004 14 0
5657 498822661 21 0
6138 498828799 16 0
11308 498840107 27 0
7576 498847683 39 0
5658 498853341 12 0
6145 498859486 13 0
11320 498870806 29 0
6136 498876942 20 0
5657 498882599 30 0
6144 498888743 21 0
11315 498900058 41 0
6160 498906218 15 0
5658 498911876 18 0
6120 498917996 18 0
11306 498929302 34 0
6143 498935445 24 0
5657 498941102 24 0
6653 498947755 64 0
11975 498959730 35 0
6656 498966386 29 0
6314 498972700 25 0
6601 498979301 22 0
11759 498991060 50 0
6116 498997176 32 0
6108 499003284 22 0
6084 499009368 27 0
12235 499021603 52 0
6116 499027719 20 0
6120 499033839 30 0
6116 499039955 20 0
12207 499052162 43 0
6116 499058278 17 0
6116 499064394 18 0
6078 499070472 28 0
12190 499082662 40 0
6116 499088778 16 0
6103 499094881 24 0
6106 499100987 37 0
11772 499112759 44 0
6138 499118897 16 0
5646 499124543 26 0
6133 499130676 21 0
11280 499141956 36 0
6160 499148116 15 0
5646 499153762 31 0
6138 499159900 17 0
11319 499171219 50 0
6154 499177373 23 0
5640 499183013 24 0
6131 499189144 29 0
11297 499200441 27 0
6135 499206576 22 0
5658 499212234 12 0
6124 499218358 22 0
12650 499231008 54 0
6186 499237194 19 0
5649 499242843 28 0
6114 499248957 30 0
11297 499260254 26 0
6160 499266414 17 0
5632 499272046 27 1
14339 499286385 261 76
11291 499297676 61 0
6160 499303836 17 0
5658 499309494 12 0
6152 499315646 33 0
11296 499326942 35 0
6173 499333115 16 0
5656 499338771 18 0
6106 499344877 29 0
11280 499356157 25 0
6130 499362287 21 0
5652 499367939 15 0
6113 499374052 25 0
11300 499385352 25 0
6160 499391512 15 0
5652 499397164 14 0
6119 499403283 29 0
11310 499414593 46 0
6173 499420766 15 0
5640 499426406 16 0
6125 499432531 25 0
11304 499443835 36 0
6160 499449995 18 0
5650 499455645 27 0
6138 499461783 14 0
11295 499473078 39 0
6142 499479220 24 0
5640 499484860 14 0
6096 499490956 20 0
11298 499502254 37 0
6160 499508414 17 0
5656 499514070 24 0
6151 499520221 18 0
11316 499531537 17 0
6134 499537671 29 0
5663 499543334 27 0
6126 499549460 30 0
11306 499560766 34 0
6152 499566918 24 0
5637 499572555 24 0
6131 499578686 28 0
11279 499589965 27 0
6160 499596125 17 0
5640 499601765 13 0
6171 499607936 16 0
12693 499620629 46 0
6160 499626789 18 0
5658 499632447 12 0
6114 499638561 25 0
11329 499649890 40 0
6173 499656063 17 0
5658 499661721 11 0
6138 499667859 19 0
11306 499679165 35 0
6160 499685325 16 0
5649 499690974 22 0
6101 499697075 26 0
11300 499708375 35 0
6125 499714500 22 0
5658 499720158 12 0
6132 499726290 20 0
11310 499737600 36 0
6160 499743760 12 0
5646 499749406 15 0
6150 499755556 31 0
11284 499766840 32 0
6142 499772982 25 0
5661 499778643 27 0
6138 499784781 16 0
11268 499796049 26 0
6137 499802186 24 0
5658 499807844 11 0
6120 499813964 21 0
11309 499825273 32 0
6160 499831433 18 0
5652 499837085 13 0
6154 499843239 33 0
11278 499854517 31 0
6160 499860677 26 0
5656 499866333 23 0
6138 499872471 15 0
11274 499883745 40 0
6173 499889918 16 0
5657 499895575 26 0
6138 499901713 16 0
11259 499912972 39 0
6160 499919132 15 0
5658 499924790 13 0
6112 499930902 26 0
11286 499942188 36 0
6153 499948341 20 0
5651 499953992 26 0
6096 499960088 26 0
11310 499971398 39 0
6135 499977533 26 0
5662 499983195 28 0
7541 499990736 31 0
11255 500001991 37 0
6129 500008120 25 0
5628 500013748 15 0
6138 500019886 16 0
11297 500031183 40 0
6167 500037350 18 0
5638 500042988 26 0
6138 500049126 17 0
11296 500060422 32 0
6135 500066557 20 0
5657 500072214 17 0
6145 500078359 22 0
11300 500089659 44 0
6160 500095819 17 0
5656 500101475 16 0
6113 500107588 28 0
11262 500118850 40 0
6173 500125023 15 0
5661 500130684 29 0
6117 500136801 28 0
11279 500148080 35 0
6160 500154240 17 0
5645 500159885 20 0
6113 500165998 23 0
11303 500177301 23 0
6141 500183442 26 0
5658 500189100 16 0
6124 500195224 31 0
11272 500206496 39 0
6112 500212608 24 0
5658 500218266 16 0
6131 500224397 27 0
11280 500235677 40 0
6160 500241837 18 0
5645 500247482 23 0
6138 500253620 15 0
11281 500264901 35 0
6173 500271074 17 0
5657 500276731 19 0
6090 500282821 25 0
11274 500294095 40 0
6160 500300255 19 0
5650 500305905 26 0
6154 500312059 34 0
11300 500323359 36 0
6160 500329519 18 0
5662 500335181 20 0
6139 500341320 18 0
11290 500352610 40 0
6180 500358790 17 0
7033 500365823 45 0
6131 500371954 33 0
11316 500383270 50 0
6142 500389412 26 0
5658 500395070 13 0
6146 500401216 34 0
11298 500412514 36 0
6173 500418687 18 0
5639 500424326 18 0
6126 500430452 34 0
11283 500441735 42 0
6146 500447881 23 0
5625 500453506 23 0
6138 500459644 23 0
11322 500470966 35 0
6160 500477126 17 0
5644 500482770 24 0
6134 500488904 37 0
11307 500500211 37 0
6173 500506384 17 0
5658 500512042 12 0
6138 500518180 19 0
11286 500529466 40 0
6141 500535607 25 0
5646 500541253 13 0
6151 500547404 17 0
11310 500558714 35 0
6160 500564874 19 0
5627 500570501 21 0
6138 500576639 18 0
11286 500587925 45 0
6161 500594086 26 0
5652 500599738 12 0
6116 500605854 26 0
11286 500617140 26 0
6160 500623300 14 0
5667 500628967 26 0
6126 500635093 31 0
11257 500646350 40 0
6173 500652523 18 0
5640 500658163 29 0
9465 500667628 189 0
11773 500679401 58 0
893869 501573270 15103 853
7006 501580276 66 0
6659 501586935 54 0
18500 501605435 422 16
6449 501611884 22 0
6684 501618568 21 0
6095 501624663 33 0
