2132489, 2132489, 45994, 467, 4
8306565, 10439054, 82085, 5822, 17
19316961, 29756015, 18384, 3982, 7
19244774, 49000789, 19361, 4185, 7
18868263, 67869052, 20197, 3077, 7
19485935, 87354987, 18236, 2909, 7
19481736, 106836723, 17607, 4106, 7
18559580, 125396303, 23943, 5300, 11
19054718, 144451021, 18072, 4042, 7
19627244, 164078265, 18840, 4106, 7
19221967, 183300232, 20044, 3163, 7
19504472, 202804704, 17972, 3575, 7
19519150, 222323854, 18525, 4420, 11
19443336, 241767190, 19652, 2490, 7
18732615, 260499805, 23382, 4397, 11
19411151, 279910956, 18573, 3664, 7
18796140, 298707096, 18081, 3540, 7
19399525, 318106621, 19265, 4329, 11
19543864, 337650485, 19244, 4567, 11
19595262, 357245747, 18583, 4026, 7
19582820, 376828567, 18665, 4258, 11
19600548, 396429115, 18985, 3762, 7
19630789, 416059904, 18269, 3753, 7
19488833, 435548737, 19006, 4209, 7
19567426, 455116163, 18625, 4672, 11
19549170, 474665333, 19487, 5024, 11
15972669, 490638002, 31108, 2284, 7
5681897, 496319899, 11010, 93, 6
6140, 496326039, 349, 1, 1
11794, 496337833, 40, 0, 1
5634, 496343467, 19, 0, 1
5643, 496349110, 28, 0, 1
6160, 496355270, 17, 0, 1
11826, 496367096, 41, 0, 1
5626, 496372722, 20, 0, 1
5610, 496378332, 17, 0, 1
6160, 496384492, 18, 0, 1
11742, 496396234, 36, 0, 1
5645, 496401879, 22, 0, 1
5658, 496407537, 10, 0, 1
6147, 496413684, 26, 0, 1
11758, 496425442, 48, 0, 1
5649, 496431091, 31, 0, 1
5640, 496436731, 25, 0, 1
6160, 496442891, 15, 0, 1
11793, 496454684, 45, 0, 1
5649, 496460333, 20, 0, 1
7021, 496467354, 110, 0, 1
6118, 496473472, 24, 0, 1
11778, 496485250, 46, 0, 1
5652, 496490902, 15, 0, 1
5657, 496496559, 16, 0, 1
6131, 496502690, 25, 0, 1
11796, 496514486, 24, 0, 1
5628, 496520114, 24, 0, 1
5646, 496525760, 17, 0, 1
6136, 496531896, 23, 0, 1
11796, 496543692, 27, 0, 1
5656, 496549348, 18, 0, 1
5667, 496555015, 32, 0, 1
6163, 496561178, 26, 0, 1
11796, 496572974, 19, 0, 1
5633, 496578607, 18, 0, 1
5658, 496584265, 12, 0, 1
6160, 496590425, 18, 0, 1
11796, 496602221, 27, 0, 1
5622, 496607843, 20, 0, 1
5658, 496613501, 10, 0, 1
6123, 496619624, 28, 0, 1
11788, 496631412, 32, 0, 1
5658, 496637070, 15, 0, 1
5656, 496642726, 17, 0, 1
11823, 496654549, 41, 0, 1
6138, 496660687, 16, 0, 1
5646, 496666333, 23, 0, 1
5658, 496671991, 12, 0, 1
11797, 496683788, 55, 0, 1
6146, 496689934, 21, 0, 1
5658, 496695592, 14, 0, 1
5645, 496701237, 24, 0, 1
11795, 496713032, 55, 0, 1
6138, 496719170, 21, 0, 1
5658, 496724828, 16, 0, 1
5658, 496730486, 10, 0, 1
11806, 496742292, 36, 0, 1
6101, 496748393, 25, 0, 1
5646, 496754039, 20, 0, 1
5653, 496759692, 27, 0, 1
11798, 496771490, 38, 0, 1
6138, 496777628, 17, 0, 1
5628, 496783256, 26, 0, 1
5651, 496788907, 20, 0, 1
11817, 496800724, 39, 0, 1
6138, 496806862, 17, 0, 1
5658, 496812520, 14, 0, 1
5658, 496818178, 12, 0, 1
11792, 496829970, 41, 0, 1
6151, 496836121, 19, 0, 1
7014, 496843135, 44, 0, 1
5658, 496848793, 13, 0, 1
12990, 496861783, 87, 0, 1
6654, 496868437, 41, 0, 1
6316, 496874753, 18, 0, 1
5636, 496880389, 23, 0, 1
12282, 496892671, 35, 0, 1
6138, 496898809, 14, 0, 1
6079, 496904888, 26, 0, 1
6116, 496911004, 19, 0, 1
12236, 496923240, 34, 0, 1
6129, 496929369, 15, 0, 1
6103, 496935472, 28, 0, 1
6116, 496941588, 15, 0, 1
12219, 496953807, 49, 0, 1
6109, 496959916, 20, 0, 1
6110, 496966026, 23, 0, 1
6120, 496972146, 34, 0, 1
12240, 496984386, 46, 0, 1
6101, 496990487, 27, 0, 1
6116, 496996603, 14, 0, 1
6086, 497002689, 27, 0, 1
11737, 497014426, 28, 0, 1
6130, 497020556, 23, 0, 1
6104, 497026660, 26, 0, 1
5658, 497032318, 13, 0, 1
11739, 497044057, 37, 0, 1
6138, 497050195, 15, 0, 1
5658, 497055853, 7, 0, 1
5658, 497061511, 10, 0, 1
11806, 497073317, 24, 0, 1
6164, 497079481, 17, 0, 1
5644, 497085125, 23, 0, 1
5651, 497090776, 17, 0, 1
11793, 497102569, 36, 0, 1
6127, 497108696, 27, 0, 1
5658, 497114354, 12, 0, 1
5658, 497120012, 10, 0, 1
11810, 497131822, 33, 0, 1
6138, 497137960, 16, 0, 1
5639, 497143599, 19, 0, 1
5651, 497149250, 14, 0, 1
11789, 497161039, 43, 0, 1
6151, 497167190, 17, 0, 1
5638, 497172828, 20, 0, 1
5664, 497178492, 23, 0, 1
11816, 497190308, 37, 0, 1
6138, 497196446, 16, 0, 1
5658, 497202104, 11, 0, 1
5658, 497207762, 10, 0, 1
11788, 497219550, 38, 0, 1
7515, 497227065, 34, 0, 1
5658, 497232723, 9, 0, 1
5654, 497238377, 18, 0, 1
11812, 497250189, 27, 0, 1
6138, 497256327, 15, 0, 1
5658, 497261985, 11, 0, 1
5638, 497267623, 21, 0, 1
11830, 497279453, 34, 0, 1
6138, 497285591, 15, 0, 1
5658, 497291249, 9, 0, 1
5646, 497296895, 20, 0, 1
11805, 497308700, 38, 0, 1
6151, 497314851, 18, 0, 1
5658, 497320509, 13, 0, 1
5658, 497326167, 11, 0, 1
11813, 497337980, 44, 0, 1
6102, 497344082, 24, 0, 1
5631, 497349713, 21, 0, 1
5652, 497355365, 12, 0, 1
11783, 497367148, 24, 0, 1
6138, 497373286, 15, 0, 1
5622, 497378908, 15, 0, 1
5658, 497384566, 8, 0, 1
11811, 497396377, 26, 0, 1
6133, 497402510, 19, 0, 1
5658, 497408168, 11, 0, 1
5658, 497413826, 8, 0, 1
11786, 497425612, 26, 0, 1
6138, 497431750, 16, 0, 1
5658, 497437408, 10, 0, 1
5658, 497443066, 10, 0, 1
11815, 497454881, 30, 0, 1
6112, 497460993, 29, 0, 1
5640, 497466633, 16, 0, 1
5652, 497472285, 14, 0, 1
11794, 497484079, 39, 0, 1
6132, 497490211, 21, 0, 1
5615, 497495826, 20, 0, 1
5658, 497501484, 14, 0, 1
20856, 497522340, 400, 0, 1
6138, 497528478, 19, 0, 1
5638, 497534116, 18, 0, 1
5658, 497539774, 13, 0, 1
11787, 497551561, 32, 0, 1
6133, 497557694, 24, 0, 1
5658, 497563352, 10, 0, 1
5658, 497569010, 15, 0, 1
11797, 497580807, 28, 0, 1
6138, 497586945, 18, 0, 1
5638, 497592583, 22, 0, 1
5658, 497598241, 7, 0, 1
13199, 497611440, 59, 0, 1
6138, 497617578, 15, 0, 1
5637, 497623215, 21, 0, 1
5645, 497628860, 17, 0, 1
11818, 497640678, 37, 0, 1
6151, 497646829, 16, 0, 1
5626, 497652455, 22, 0, 1
5658, 497658113, 14, 0, 1
11789, 497669902, 44, 0, 1
6138, 497676040, 18, 0, 1
5615, 497681655, 16, 0, 1
5658, 497687313, 10, 0, 1
12715, 497700028, 110, 3, 1
6138, 497706166, 17, 0, 1
5654, 497711820, 24, 0, 1
5645, 497717465, 17, 0, 1
11818, 497729283, 21, 0, 1
6138, 497735421, 17, 0, 1
5654, 497741075, 22, 0, 1
5651, 497746726, 19, 0, 1
11827, 497758553, 40, 0, 1
6113, 497764666, 22, 0, 1
6110, 497770776, 19, 0, 1
5658, 497776434, 11, 0, 1
11790, 497788224, 30, 0, 1
6151, 497794375, 15, 0, 1
5669, 497800044, 25, 0, 1
5657, 497805701, 24, 0, 1
11831, 497817532, 53, 0, 1
6132, 497823664, 19, 0, 1
5628, 497829292, 18, 0, 1
5658, 497834950, 11, 0, 1
11837, 497846787, 29, 0, 1
6145, 497852932, 17, 0, 1
5634, 497858566, 20, 0, 1
5652, 497864218, 13, 0, 1
11774, 497875992, 38, 0, 1
6151, 497882143, 16, 0, 1
5658, 497887801, 11, 0, 1
5651, 497893452, 16, 0, 1
11803, 497905255, 39, 0, 1
6132, 497911387, 21, 0, 1
5637, 497917024, 22, 0, 1
5652, 497922676, 24, 0, 1
11807, 497934483, 37, 0, 1
6130, 497940613, 24, 0, 1
5658, 497946271, 13, 0, 1
5658, 497951929, 12, 0, 1
11789, 497963718, 48, 0, 1
6132, 497969850, 18, 0, 1
5628, 497975478, 23, 0, 1
5657, 497981135, 18, 0, 1
13208, 497994343, 32, 0, 1
6130, 498000473, 26, 0, 1
5658, 498006131, 10, 0, 1
5658, 498011789, 10, 0, 1
11789, 498023578, 42, 0, 1
6121, 498029699, 21, 0, 1
5628, 498035327, 15, 0, 1
5658, 498040985, 12, 0, 1
11798, 498052783, 28, 0, 1
6125, 498058908, 21, 0, 1
5616, 498064524, 19, 0, 1
5651, 498070175, 26, 0, 1
11800, 498081975, 38, 0, 1
6138, 498088113, 16, 0, 1
5649, 498093762, 22, 0, 1
5658, 498099420, 10, 0, 1
11797, 498111217, 44, 0, 1
6151, 498117368, 16, 0, 1
5658, 498123026, 10, 0, 1
5658, 498128684, 11, 0, 1
11786, 498140470, 43, 0, 1
6120, 498146590, 22, 0, 1
5633, 498152223, 17, 0, 1
5658, 498157881, 9, 0, 1
11815, 498169696, 45, 0, 1
6138, 498175834, 13, 0, 1
5626, 498181460, 23, 0, 1
5661, 498187121, 30, 0, 1
11774, 498198895, 34, 0, 1
6138, 498205033, 18, 0, 1
5616, 498210649, 21, 0, 1
5658, 498216307, 10, 0, 1
11792, 498228099, 42, 0, 1
6111, 498234210, 28, 0, 1
5651, 498239861, 22, 0, 1
5652, 498245513, 15, 0, 1
11815, 498257328, 40, 0, 1
14338, 498271666, 279, 57, 1
5622, 498277288, 45, 1, 1
5653, 498282941, 13, 0, 1
11798, 498294739, 38, 0, 1
6138, 498300877, 18, 0, 1
5644, 498306521, 22, 0, 1
5646, 498312167, 12, 0, 1
11788, 498323955, 36, 0, 1
6138, 498330093, 18, 0, 1
5633, 498335726, 17, 0, 1
5639, 498341365, 14, 0, 1
11802, 498353167, 33, 0, 1
6151, 498359318, 15, 0, 1
5648, 498364966, 22, 0, 1
7014, 498371980, 42, 0, 1
11793, 498383773, 27, 0, 1
6138, 498389911, 14, 0, 1
5628, 498395539, 16, 0, 1
5610, 498401149, 18, 0, 1
11801, 498412950, 37, 0, 1
6138, 498419088, 20, 0, 1
5650, 498424738, 18, 0, 1
5651, 498430389, 12, 0, 1
11781, 498442170, 29, 0, 1
6132, 498448302, 18, 0, 1
5616, 498453918, 19, 0, 1
5658, 498459576, 37, 2, 1
11782, 498471358, 39, 0, 1
6101, 498477459, 23, 0, 1
5650, 498483109, 17, 0, 1
5652, 498488761, 11, 0, 1
11816, 498500577, 40, 0, 1
6151, 498506728, 18, 0, 1
5639, 498512367, 16, 0, 1
5658, 498518025, 9, 0, 1
11785, 498529810, 40, 0, 1
6138, 498535948, 17, 0, 1
5658, 498541606, 10, 0, 1
5657, 498547263, 18, 0, 1
11807, 498559070, 28, 0, 1
6124, 498565194, 32, 0, 1
5658, 498570852, 12, 0, 1
5658, 498576510, 15, 0, 1
894661, 499471171, 15289, 889, 5
6766, 499477937, 69, 0, 1
6688, 499484625, 45, 0, 1
6663, 499491288, 43, 0, 1
18488, 499509776, 408, 17, 1
6449, 499516225, 22, 0, 1
6678, 499522903, 26, 0, 1
7987, 499530890, 145, 4, 1
13012, 499543902, 42, 0, 1
805389, 805389, 19077, 190, 5
6196827, 7002216, 90299, 4872, 16
17014647, 24016863, 31865, 4323, 2
19374791, 43391654, 19866, 4115, 7
18781817, 62173471, 21285, 3556, 7
19699883, 81873354, 19013, 2366, 7
19450688, 101324042, 18356, 4396, 11
18590336, 119914378, 24411, 5208, 11
18893767, 138808145, 19286, 4403, 11
19746292, 158554437, 18681, 3489, 7
19568074, 178122511, 20683, 3930, 7
19546146, 197668657, 18957, 2955, 7
19417952, 217086609, 20200, 4452, 11
19594108, 236680717, 18787, 3223, 7
18315324, 254996041, 25105, 3616, 7
19604894, 274600935, 19960, 4108, 7
18893259, 293494194, 20418, 3337, 7
19567129, 313061323, 20368, 4657, 11
19677674, 332738997, 20348, 4615, 11
19692146, 352431143, 19928, 4336, 11
19532085, 371963228, 20297, 4446, 11
19715195, 391678423, 19935, 4073, 7
19562255, 411240678, 20180, 4666, 11
19603091, 430843769, 20140, 3808, 7
19616662, 450460431, 20675, 4850, 11
19625988, 470086419, 20329, 5293, 11
17293862, 487380281, 28038, 3570, 7
8964133, 496344414, 18965, 182, 12
11785, 496356199, 403, 3, 1
5658, 496361857, 12, 0, 1
6134, 496367991, 29, 0, 1
5655, 496373646, 30, 0, 1
11802, 496385448, 46, 0, 1
5654, 496391102, 28, 0, 1
6147, 496397249, 23, 0, 1
5658, 496402907, 11, 0, 1
11771, 496414678, 36, 0, 1
5641, 496420319, 27, 0, 1
6154, 496426473, 19, 0, 1
5651, 496432124, 23, 0, 1
11784, 496443908, 36, 0, 1
5662, 496449570, 27, 0, 1
6118, 496455688, 21, 0, 1
5658, 496461346, 22, 0, 1
11803, 496473149, 33, 0, 1
5658, 496478807, 9, 0, 1
6130, 496484937, 21, 0, 1
5650, 496490587, 32, 0, 1
11778, 496502365, 32, 0, 1
5658, 496508023, 11, 0, 1
6151, 496514174, 26, 0, 1
5652, 496519826, 15, 0, 1
11766, 496531592, 32, 0, 1
5658, 496537250, 9, 0, 1
6133, 496543383, 25, 0, 1
5643, 496549026, 21, 0, 1
11754, 496560780, 40, 0, 1
5640, 496566420, 14, 0, 1
6164, 496572584, 26, 0, 1
5658, 496578242, 9, 0, 1
11796, 496590038, 26, 0, 1
5658, 496595696, 10, 0, 1
6124, 496601820, 19, 0, 1
5658, 496607478, 19, 0, 1
11831, 496619309, 50, 0, 1
5658, 496624967, 12, 0, 1
6160, 496631127, 16, 0, 1
5637, 496636764, 24, 0, 1
11770, 496648534, 45, 0, 1
7035, 496655569, 91, 0, 1
6142, 496661711, 27, 0, 1
5658, 496667369, 11, 0, 1
11784, 496679153, 35, 0, 1
5632, 496684785, 18, 0, 1
6118, 496690903, 20, 0, 1
5658, 496696561, 11, 0, 1
11790, 496708351, 43, 0, 1
5645, 496713996, 17, 0, 1
6148, 496720144, 24, 0, 1
5658, 496725802, 12, 0, 1
11760, 496737562, 36, 0, 1
5658, 496743220, 10, 0, 1
6173, 496749393, 15, 0, 1
5658, 496755051, 12, 0, 1
11771, 496766822, 43, 0, 1
5652, 496772474, 13, 0, 1
6136, 496778610, 25, 0, 1
5658, 496784268, 10, 0, 1
11781, 496796049, 33, 0, 1
5658, 496801707, 10, 0, 1
6161, 496807868, 19, 0, 1
5638, 496813506, 27, 0, 1
11795, 496825301, 26, 0, 1
5644, 496830945, 24, 0, 1
6160, 496837105, 18, 0, 1
5658, 496842763, 13, 0, 1
11814, 496854577, 39, 0, 1
5658, 496860235, 9, 0, 1
6150, 496866385, 30, 0, 1
5643, 496872028, 23, 0, 1
12998, 496885026, 79, 0, 1
5649, 496890675, 13, 0, 1
6669, 496897344, 25, 0, 1
6333, 496903677, 15, 0, 1
12687, 496916364, 42, 0, 1
5652, 496922016, 16, 0, 1
6124, 496928140, 20, 0, 1
6109, 496934249, 16, 0, 1
12232, 496946481, 34, 0, 1
6085, 496952566, 25, 0, 1
6110, 496958676, 16, 0, 1
6116, 496964792, 16, 0, 1
12206, 496976998, 42, 0, 1
6104, 496983102, 23, 0, 1
6111, 496989213, 25, 0, 1
6107, 496995320, 34, 0, 1
12223, 497007543, 33, 0, 1
6102, 497013645, 22, 0, 1
6116, 497019761, 17, 0, 1
6097, 497025858, 24, 0, 1
13573, 497039431, 69, 0, 1
5658, 497045089, 12, 0, 1
6126, 497051215, 19, 0, 1
6089, 497057304, 24, 0, 1
11744, 497069048, 28, 0, 1
5646, 497074694, 12, 0, 1
6148, 497080842, 17, 0, 1
5652, 497086494, 16, 0, 1
11809, 497098303, 25, 0, 1
5658, 497103961, 10, 0, 1
6136, 497110097, 21, 0, 1
5644, 497115741, 17, 0, 1
11759, 497127500, 35, 0, 1
5685, 497133185, 29, 0, 1
7041, 497140226, 95, 9, 1
5658, 497145884, 12, 0, 1
11805, 497157689, 42, 0, 1
5658, 497163347, 12, 0, 1
6160, 497169507, 18, 0, 1
5649, 497175156, 26, 0, 1
11789, 497186945, 39, 0, 1
5658, 497192603, 14, 0, 1
6160, 497198763, 16, 0, 1
5658, 497204421, 11, 0, 1
11789, 497216210, 27, 0, 1
5615, 497221825, 20, 0, 1
6155, 497227980, 27, 0, 1
5658, 497233638, 12, 0, 1
11748, 497245386, 24, 0, 1
5646, 497251032, 11, 0, 1
6135, 497257167, 20, 0, 1
5658, 497262825, 9, 0, 1
11778, 497274603, 21, 0, 1
5658, 497280261, 9, 0, 1
6173, 497286434, 16, 0, 1
5640, 497292074, 12, 0, 1
11765, 497303839, 35, 0, 1
5655, 497309494, 21, 0, 1
6160, 497315654, 16, 0, 1
5658, 497321312, 12, 0, 1
11802, 497333114, 38, 0, 1
5663, 497338777, 26, 0, 1
6160, 497344937, 17, 0, 1
5658, 497350595, 9, 0, 1
11757, 497362352, 31, 0, 1
5658, 497368010, 12, 0, 1
6160, 497374170, 19, 0, 1
5655, 497379825, 33, 0, 1
11796, 497391621, 21, 0, 1
5646, 497397267, 16, 0, 1
6160, 497403427, 18, 0, 1
5646, 497409073, 16, 0, 1
13186, 497422259, 37, 0, 1
5658, 497427917, 11, 0, 1
6124, 497434041, 20, 0, 1
5658, 497439699, 11, 0, 1
11760, 497451459, 27, 0, 1
5657, 497457116, 20, 0, 1
6137, 497463253, 18, 0, 1
5628, 497468881, 16, 0, 1
11777, 497480658, 26, 0, 1
5658, 497486316, 15, 0, 1
6142, 497492458, 21, 0, 1
5656, 497498114, 29, 0, 1
11789, 497509903, 22, 0, 1
5646, 497515549, 12, 0, 1
6152, 497521701, 26, 0, 1
5652, 497527353, 8, 0, 1
11777, 497539130, 26, 0, 1
5656, 497544786, 15, 0, 1
6160, 497550946, 14, 0, 1
5616, 497556562, 17, 0, 1
11790, 497568352, 25, 0, 1
5658, 497574010, 10, 0, 1
6136, 497580146, 18, 0, 1
5640, 497585786, 14, 0, 1
11782, 497597568, 35, 0, 1
5658, 497603226, 12, 0, 1
6135, 497609361, 25, 0, 1
5658, 497615019, 10, 0, 1
11784, 497626803, 23, 0, 1
5658, 497632461, 11, 0, 1
6123, 497638584, 21, 0, 1
5643, 497644227, 24, 0, 1
11809, 497656036, 28, 0, 1
5658, 497661694, 12, 0, 1
6160, 497667854, 16, 0, 1
5638, 497673492, 24, 0, 1
11793, 497685285, 31, 0, 1
5658, 497690943, 10, 0, 1
15194, 497706137, 338, 2, 1
5649, 497711786, 34, 0, 1
11784, 497723570, 22, 0, 1
5658, 497729228, 10, 0, 1
6149, 497735377, 24, 0, 1
11786, 497747163, 38, 0, 1
5658, 497752821, 12, 0, 1
5640, 497758461, 24, 0, 1
6165, 497764626, 26, 0, 1
11762, 497776388, 43, 0, 1
5658, 497782046, 11, 0, 1
5660, 497787706, 29, 0, 1
6160, 497793866, 15, 0, 1
13178, 497807044, 74, 0, 1
6097, 497813141, 26, 0, 1
5658, 497818799, 11, 0, 1
6112, 497824911, 27, 0, 1
11783, 497836694, 31, 0, 1
5658, 497842352, 10, 0, 1
5658, 497848010, 10, 0, 1
6135, 497854145, 22, 0, 1
11729, 497865874, 33, 0, 1
5646, 497871520, 15, 0, 1
5638, 497877158, 22, 0, 1
6139, 497883297, 27, 0, 1
11783, 497895080, 39, 0, 1
5652, 497900732, 10, 0, 1
5645, 497906377, 14, 0, 1
6127, 497912504, 24, 0, 1
11770, 497924274, 36, 0, 1
5610, 497929884, 17, 0, 1
5658, 497935542, 10, 0, 1
6141, 497941683, 24, 0, 1
11783, 497953466, 29, 0, 1
5639, 497959105, 17, 0, 1
5658, 497964763, 10, 0, 1
6133, 497970896, 23, 0, 1
11775, 497982671, 37, 0, 1
5658, 497988329, 10, 0, 1
5658, 497993987, 14, 0, 1
6173, 498000160, 17, 0, 1
11790, 498011950, 28, 0, 1
5626, 498017576, 20, 0, 1
5651, 498023227, 16, 0, 1
6160, 498029387, 14, 0, 1
11821, 498041208, 38, 0, 1
5631, 498046839, 21, 0, 1
5658, 498052497, 10, 0, 1
6141, 498058638, 21, 0, 1
11789, 498070427, 35, 0, 1
5658, 498076085, 12, 0, 1
5658, 498081743, 11, 0, 1
6164, 498087907, 24, 0, 1
11756, 498099663, 40, 0, 1
5658, 498105321, 17, 0, 1
5658, 498110979, 6, 0, 1
6148, 498117127, 21, 0, 1
11802, 498128929, 45, 0, 1
5658, 498134587, 8, 0, 1
5658, 498140245, 10, 0, 1
6154, 498146399, 17, 0, 1
11795, 498158194, 35, 0, 1
5658, 498163852, 9, 0, 1
5639, 498169491, 14, 0, 1
7532, 498177023, 42, 0, 1
11796, 498188819, 24, 0, 1
5644, 498194463, 18, 0, 1
5656, 498200119, 24, 0, 1
6160, 498206279, 15, 0, 1
11782, 498218061, 29, 0, 1
5633, 498223694, 14, 0, 1
5621, 498229315, 17, 0, 1
6166, 498235481, 26, 0, 1
11777, 498247258, 38, 0, 1
5526, 498252784, 16, 0, 1
5658, 498258442, 10, 0, 1
6160, 498264602, 13, 0, 1
11803, 498276405, 24, 0, 1
5658, 498282063, 9, 0, 1
5633, 498287696, 21, 0, 1
6133, 498293829, 26, 0, 1
11782, 498305611, 35, 0, 1
5658, 498311269, 10, 0, 1
5658, 498316927, 7, 0, 1
6155, 498323082, 17, 0, 1
11781, 498334863, 27, 0, 1
5658, 498340521, 10, 0, 1
5652, 498346173, 21, 0, 1
6160, 498352333, 13, 0, 1
11776, 498364109, 40, 0, 1
5658, 498369767, 10, 0, 1
5646, 498375413, 11, 0, 1
6142, 498381555, 23, 0, 1
11749, 498393304, 37, 0, 1
5651, 498398955, 15, 0, 1
5646, 498404601, 11, 0, 1
6155, 498410756, 22, 0, 1
11790, 498422546, 33, 0, 1
5658, 498428204, 11, 0, 1
5639, 498433843, 17, 0, 1
6117, 498439960, 26, 0, 1
11776, 498451736, 31, 0, 1
5658, 498457394, 11, 0, 1
5658, 498463052, 10, 0, 1
6136, 498469188, 24, 0, 1
11788, 498480976, 42, 0, 1
5638, 498486614, 16, 0, 1
5671, 498492285, 28, 0, 1
6112, 498498397, 22, 0, 1
11820, 498510217, 37, 0, 1
5658, 498515875, 12, 0, 1
5645, 498521520, 16, 0, 1
6153, 498527673, 23, 0, 1
11810, 498539483, 38, 0, 1
5658, 498545141, 8, 0, 1
7010, 498552151, 29, 0, 1
6173, 498558324, 19, 0, 1
11766, 498570090, 27, 0, 1
5634, 498575724, 17, 0, 1
5656, 498581380, 18, 0, 1
6112, 498587492, 21, 0, 1
11785, 498599277, 29, 0, 1
5646, 498604923, 14, 0, 1
5658, 498610581, 9, 0, 1
877085, 499487666, 14707, 1254, 5
14023, 499501689, 674, 1, 1
6695, 499508384, 44, 0, 1
6661, 499515045, 42, 0, 1
11920, 499526965, 383, 23, 1
13472, 499540437, 80, 0, 1
6656, 499547093, 22, 0, 1
7957, 499555050, 114, 5, 1
6602, 499561652, 23, 0, 1
2350517, 2350517, 50456, 588, 4
9043639, 11394156, 76997, 6215, 17
19419958, 30814114, 18499, 3941, 7
19085930, 49900044, 23251, 4112, 7
19340760, 69240804, 16824, 2720, 7
19658784, 88899588, 17618, 3004, 7
19494444, 108394032, 17659, 3689, 7
18412342, 126806374, 24515, 5101, 11
19184098, 145990472, 18051, 3577, 7
19812961, 165803433, 18054, 3682, 7
19699423, 185502856, 20184, 2625, 7
19426969, 204929825, 19492, 3241, 7
19677301, 224607126, 18377, 4169, 7
19585668, 244192794, 18340, 2399, 7
18357427, 262550221, 24527, 4309, 11
19313528, 281863749, 19606, 2729, 7
19286739, 301150488, 18853, 2891, 7
19673322, 320823810, 18280, 4093, 7
19714055, 340537865, 18730, 3920, 7
19644038, 360181903, 19103, 4072, 7
19683617, 379865520, 18717, 3025, 7
19708806, 399574326, 18581, 3403, 7
19658733, 419233059, 19897, 2927, 7
19709046, 438942105, 19135, 3164, 7
19651011, 458593116, 18557, 4190, 7
19679730, 478272846, 18817, 4650, 11
13800283, 492073129, 29715, 1271, 19
4317412, 496390541, 9471, 73, 6
5620, 496396161, 36, 0, 1
5652, 496401813, 18, 0, 1
6136, 496407949, 19, 0, 1
11753, 496419702, 49, 0, 1
5658, 496425360, 12, 0, 1
5645, 496431005, 14, 0, 1
6174, 496437179, 24, 0, 1
11757, 496448936, 34, 0, 1
5658, 496454594, 12, 0, 1
5633, 496460227, 20, 0, 1
6160, 496466387, 16, 0, 1
11788, 496478175, 41, 0, 1
5658, 496483833, 10, 0, 1
5658, 496489491, 11, 0, 1
7055, 496496546, 98, 3, 1
11784, 496508330, 31, 0, 1
5658, 496513988, 12, 0, 1
5658, 496519646, 12, 0, 1
6154, 496525800, 21, 0, 1
11809, 496537609, 19, 0, 1
5658, 496543267, 14, 0, 1
5658, 496548925, 8, 0, 1
6148, 496555073, 17, 0, 1
11796, 496566869, 22, 0, 1
5658, 496572527, 12, 0, 1
5651, 496578178, 15, 0, 1
6147, 496584325, 22, 0, 1
11794, 496596119, 35, 0, 1
5651, 496601770, 15, 0, 1
5658, 496607428, 11, 0, 1
6160, 496613588, 18, 0, 1
11785, 496625373, 29, 0, 1
5652, 496631025, 16, 0, 1
5650, 496636675, 18, 0, 1
6154, 496642829, 16, 0, 1
11790, 496654619, 33, 0, 1
5646, 496660265, 15, 0, 1
5658, 496665923, 12, 0, 1
6131, 496672054, 22, 0, 1
11778, 496683832, 29, 0, 1
5658, 496689490, 13, 0, 1
5651, 496695141, 17, 0, 1
6154, 496701295, 16, 0, 1
11772, 496713067, 29, 0, 1
5646, 496718713, 15, 0, 1
5658, 496724371, 12, 0, 1
6155, 496730526, 20, 0, 1
11790, 496742316, 30, 0, 1
5634, 496747950, 22, 0, 1
7017, 496754967, 94, 0, 1
6154, 496761121, 17, 0, 1
11809, 496772930, 21, 0, 1
5658, 496778588, 12, 0, 1
5658, 496784246, 12, 0, 1
11803, 496796049, 28, 0, 1
6131, 496802180, 24, 0, 1
5663, 496807843, 24, 0, 1
5652, 496813495, 18, 0, 1
11850, 496825345, 25, 0, 1
6102, 496831447, 22, 0, 1
5633, 496837080, 19, 0, 1
5658, 496842738, 12, 0, 1
11818, 496854556, 32, 0, 1
6151, 496860707, 18, 0, 1
5645, 496866352, 17, 0, 1
5656, 496872008, 22, 0, 1
11818, 496883826, 27, 0, 1
6143, 496889969, 22, 0, 1
5658, 496895627, 12, 0, 1
5658, 496901285, 10, 0, 1
12534, 496913819, 75, 0, 1
6935, 496920754, 69, 0, 1
6355, 496927109, 22, 0, 1
6327, 496933436, 18, 0, 1
12281, 496945717, 25, 0, 1
6138, 496951855, 15, 0, 1
6129, 496957984, 17, 0, 1
5658, 496963642, 10, 0, 1
12254, 496975896, 33, 0, 1
6092, 496981988, 19, 0, 1
6110, 496988098, 20, 0, 1
6116, 496994214, 17, 0, 1
12245, 497006459, 32, 0, 1
6116, 497012575, 16, 0, 1
6116, 497018691, 15, 0, 1
6116, 497024807, 18, 0, 1
12225, 497037032, 37, 0, 1
6103, 497043135, 26, 0, 1
6091, 497049226, 21, 0, 1
6111, 497055337, 23, 0, 1
12232, 497067569, 28, 0, 1
6116, 497073685, 16, 0, 1
6115, 497079800, 22, 0, 1
5652, 497085452, 16, 0, 1
11769, 497097221, 42, 0, 1
6150, 497103371, 27, 0, 1
5657, 497109028, 17, 0, 1
5646, 497114674, 15, 0, 1
11818, 497126492, 24, 1, 1
6138, 497132630, 17, 0, 1
7035, 497139665, 27, 0, 1
5658, 497145323, 13, 0, 1
11812, 497157135, 30, 0, 1
6120, 497163255, 21, 0, 1
5658, 497168913, 9, 0, 1
5658, 497174571, 9, 0, 1
11818, 497186389, 22, 0, 1
6132, 497192521, 19, 0, 1
5626, 497198147, 19, 0, 1
5658, 497203805, 15, 0, 1
11812, 497215617, 35, 0, 1
6126, 497221743, 21, 0, 1
5657, 497227400, 16, 0, 1
5650, 497233050, 13, 0, 1
11817, 497244867, 28, 0, 1
6151, 497251018, 17, 0, 1
5639, 497256657, 24, 0, 1
5658, 497262315, 10, 0, 1
11818, 497274133, 24, 0, 1
6138, 497280271, 20, 0, 1
5658, 497285929, 11, 0, 1
5658, 497291587, 11, 0, 1
11831, 497303418, 23, 0, 1
6138, 497309556, 17, 0, 1
5656, 497315212, 13, 0, 1
5658, 497320870, 14, 0, 1
11806, 497332676, 31, 0, 1
6138, 497338814, 22, 0, 1
5658, 497344472, 9, 0, 1
5657, 497350129, 20, 0, 1
11821, 497361950, 39, 0, 1
6138, 497368088, 18, 0, 1
5652, 497373740, 15, 0, 1
5658, 497379398, 15, 0, 1
11788, 497391186, 34, 0, 1
6132, 497397318, 24, 0, 1
5646, 497402964, 16, 0, 1
5657, 497408621, 18, 0, 1
11804, 497420425, 40, 0, 1
6138, 497426563, 18, 0, 1
5654, 497432217, 23, 0, 1
5658, 497437875, 11, 0, 1
11830, 497449705, 30, 0, 1
6132, 497455837, 23, 0, 1
5646, 497461483, 13, 0, 1
5657, 497467140, 19, 0, 1
11788, 497478928, 25, 0, 1
6139, 497485067, 20, 0, 1
5658, 497490725, 13, 0, 1
5658, 497496383, 7, 0, 1
11818, 497508201, 21, 0, 1
7515, 497515716, 29, 0, 1
5658, 497521374, 12, 0, 1
5657, 497527031, 17, 0, 1
11818, 497538849, 32, 0, 1
6131, 497544980, 16, 0, 1
5651, 497550631, 17, 0, 1
5646, 497556277, 19, 0, 1
11770, 497568047, 31, 0, 1
6140, 497574187, 16, 0, 1
5658, 497579845, 11, 0, 1
5658, 497585503, 13, 0, 1
11804, 497597307, 42, 0, 1
6132, 497603439, 15, 0, 1
5650, 497609089, 20, 0, 1
5658, 497614747, 10, 0, 1
11831, 497626578, 21, 0, 1
6138, 497632716, 15, 0, 1
5646, 497638362, 14, 0, 1
5657, 497644019, 18, 0, 1
11804, 497655823, 30, 0, 1
6138, 497661961, 17, 0, 1
5646, 497667607, 17, 0, 1
5658, 497673265, 12, 0, 1
11788, 497685053, 39, 0, 1
6120, 497691173, 20, 0, 1
5658, 497696831, 14, 0, 1
5652, 497702483, 12, 0, 1
11818, 497714301, 35, 0, 1
6156, 497720457, 20, 0, 1
5652, 497726109, 13, 0, 1
5658, 497731767, 13, 0, 1
11815, 497743582, 45, 0, 1
6131, 497749713, 21, 0, 1
5652, 497755365, 15, 0, 1
5657, 497761022, 16, 0, 1
11836, 497772858, 31, 0, 1
6132, 497778990, 21, 0, 1
5658, 497784648, 14, 0, 1
5652, 497790300, 14, 0, 1
11815, 497802115, 32, 0, 1
15166, 497817281, 307, 0, 1
5658, 497822939, 29, 0, 1
5651, 497828590, 16, 0, 1
11770, 497840360, 29, 0, 1
6138, 497846498, 16, 0, 1
6103, 497852601, 28, 0, 1
5652, 497858253, 13, 0, 1
11797, 497870050, 32, 0, 1
6138, 497876188, 17, 0, 1
5640, 497881828, 17, 0, 1
5658, 497887486, 10, 0, 1
13195, 497900681, 41, 0, 1
6138, 497906819, 18, 0, 1
5652, 497912471, 12, 0, 1
5646, 497918117, 14, 0, 1
11822, 497929939, 28, 0, 1
6138, 497936077, 17, 0, 1
5640, 497941717, 12, 0, 1
5658, 497947375, 14, 0, 1
11798, 497959173, 29, 0, 1
6158, 497965331, 18, 0, 1
6109, 497971440, 17, 0, 1
5644, 497977084, 16, 0, 1
11777, 497988861, 27, 0, 1
6138, 497994999, 15, 0, 1
5658, 498000657, 12, 0, 1
5658, 498006315, 10, 0, 1
11810, 498018125, 38, 0, 1
6132, 498024257, 16, 0, 1
5658, 498029915, 10, 0, 1
5658, 498035573, 15, 0, 1
11804, 498047377, 29, 0, 1
6151, 498053528, 16, 0, 1
5628, 498059156, 15, 0, 1
5658, 498064814, 10, 0, 1
11817, 498076631, 30, 0, 1
6126, 498082757, 20, 0, 1
5658, 498088415, 9, 0, 1
5652, 498094067, 10, 0, 1
11831, 498105898, 18, 0, 1
6126, 498112024, 19, 0, 1
5658, 498117682, 12, 0, 1
5658, 498123340, 15, 0, 1
11816, 498135156, 36, 0, 1
6139, 498141295, 22, 0, 1
5658, 498146953, 10, 0, 1
5658, 498152611, 10, 0, 1
11807, 498164418, 28, 0, 1
6132, 498170550, 17, 0, 1
5634, 498176184, 16, 0, 1
5658, 498181842, 11, 0, 1
11807, 498193649, 49, 0, 1
6144, 498199793, 23, 0, 1
5658, 498205451, 13, 0, 1
5649, 498211100, 16, 0, 1
11816, 498222916, 33, 0, 1
6138, 498229054, 18, 0, 1
5646, 498234700, 13, 0, 1
5658, 498240358, 11, 0, 1
11831, 498252189, 18, 0, 1
6138, 498258327, 16, 0, 1
5658, 498263985, 11, 0, 1
5658, 498269643, 12, 0, 1
13195, 498282838, 37, 0, 1
6151, 498288989, 17, 0, 1
5658, 498294647, 12, 0, 1
5658, 498300305, 11, 0, 1
11805, 498312110, 29, 0, 1
6102, 498318212, 20, 0, 1
5651, 498323863, 16, 0, 1
5649, 498329512, 17, 0, 1
11831, 498341343, 31, 0, 1
6138, 498347481, 13, 0, 1
5658, 498353139, 12, 0, 1
5658, 498358797, 9, 0, 1
11818, 498370615, 20, 0, 1
6138, 498376753, 17, 0, 1
5658, 498382411, 13, 0, 1
5658, 498388069, 9, 0, 1
11825, 498399894, 20, 0, 1
6132, 498406026, 19, 0, 1
5634, 498411660, 21, 0, 1
5658, 498417318, 12, 0, 1
11781, 498429099, 36, 0, 1
6138, 498435237, 22, 0, 1
5658, 498440895, 12, 0, 1
5650, 498446545, 17, 0, 1
11810, 498458355, 38, 0, 1
6138, 498464493, 17, 0, 1
5658, 498470151, 14, 0, 1
5658, 498475809, 16, 0, 1
11831, 498487640, 18, 0, 1
6138, 498493778, 15, 0, 1
5652, 498499430, 13, 0, 1
5651, 498505081, 19, 0, 1
11781, 498516862, 26, 0, 1
6151, 498523013, 14, 0, 1
5658, 498528671, 17, 0, 1
5658, 498534329, 11, 0, 1
11812, 498546141, 23, 0, 1
6138, 498552279, 18, 0, 1
5658, 498557937, 12, 0, 1
5658, 498563595, 12, 0, 1
11788, 498575383, 35, 0, 1
6138, 498581521, 18, 0, 1
5639, 498587160, 23, 0, 1
5662, 498592822, 22, 0, 1
11799, 498604621, 34, 0, 1
6114, 498610735, 20, 0, 1
5658, 498616393, 10, 0, 1
5658, 498622051, 8, 0, 1
11831, 498633882, 25, 0, 1
6138, 498640020, 15, 0, 1
5658, 498645678, 11, 0, 1
7034, 498652712, 30, 0, 1
11789, 498664501, 49, 0, 1
6127, 498670628, 21, 0, 1
884529, 499555157, 15790, 930, 5
6377, 499561534, 365, 3, 1
12569, 499574103, 77, 0, 1
6662, 499580765, 33, 0, 1
12002, 499592767, 359, 15, 1
6652, 499599419, 45, 0, 1
13430, 499612849, 47, 0, 1
8703, 499621552, 157, 4, 1
6772, 499628324, 30, 0, 1
1616693, 1616693, 37151, 541, 4
6567604, 8184297, 86978, 6057, 15
18992681, 27176978, 19589, 3991, 7
18991135, 46168113, 20916, 3819, 7
19032811, 65200924, 17855, 3214, 7
19452382, 84653306, 17517, 2688, 7
19235904, 103889210, 18588, 4228, 11
19371142, 123260352, 18670, 3957, 7
19357571, 142617923, 17664, 3908, 7
19576031, 162193954, 17686, 3602, 7
19441717, 181635671, 17836, 2950, 7
19332420, 200968091, 19044, 2821, 7
19388007, 220356098, 18143, 4238, 11
19344177, 239700275, 18067, 2527, 7
18819573, 258519848, 22888, 3963, 7
19411890, 277931738, 18792, 3651, 7
19334185, 297265923, 18692, 3163, 7
19484753, 316750676, 18535, 4387, 11
19447780, 336198456, 18588, 4360, 11
19437640, 355636096, 19076, 4044, 7
19414263, 375050359, 18377, 4015, 7
19428648, 394479007, 18674, 3478, 7
19461278, 413940285, 18365, 3833, 7
19392320, 433332605, 18853, 3695, 7
19418927, 452751532, 18624, 4482, 11
19455589, 472207121, 18587, 5025, 11
16938058, 489145179, 31108, 2804, 7
6435224, 495580403, 12795, 190, 6
6098, 495586501, 60, 0, 1
5652, 495592153, 21, 0, 1
6124, 495598277, 24, 0, 1
11296, 495609573, 43, 0, 1
6167, 495615740, 18, 0, 1
5658, 495621398, 11, 0, 1
6143, 495627541, 25, 0, 1
12693, 495640234, 116, 0, 1
6160, 495646394, 15, 0, 1
5658, 495652052, 9, 0, 1
6132, 495658184, 19, 0, 1
11289, 495669473, 30, 0, 1
6159, 495675632, 26, 0, 1
5656, 495681288, 27, 0, 1
6114, 495687402, 20, 0, 1
11301, 495698703, 37, 0, 1
6160, 495704863, 15, 0, 1
5634, 495710497, 16, 0, 1
6155, 495716652, 35, 0, 1
11298, 495727950, 34, 0, 1
6147, 495734097, 25, 0, 1
5639, 495739736, 20, 0, 1
6126, 495745862, 18, 0, 1
11307, 495757169, 30, 0, 1
6167, 495763336, 16, 0, 1
5645, 495768981, 26, 0, 1
6138, 495775119, 16, 0, 1
11294, 495786413, 43, 0, 1
6160, 495792573, 17, 0, 1
5638, 495798211, 22, 0, 1
6126, 495804337, 19, 0, 1
11309, 495815646, 29, 0, 1
6186, 495821832, 16, 0, 1
5658, 495827490, 12, 0, 1
6138, 495833628, 13, 0, 1
11272, 495844900, 41, 0, 1
6136, 495851036, 22, 0, 1
5658, 495856694, 13, 0, 1
6138, 495862832, 31, 0, 1
11316, 495874148, 13, 0, 1
6117, 495880265, 25, 0, 1
5640, 495885905, 19, 0, 1
6138, 495892043, 20, 0, 1
11300, 495903343, 30, 0, 1
6173, 495909516, 17, 0, 1
5648, 495915164, 23, 0, 1
6145, 495921309, 17, 0, 1
11279, 495932588, 28, 0, 1
6149, 495938737, 25, 0, 1
5658, 495944395, 11, 0, 1
6109, 495950504, 20, 0, 1
11316, 495961820, 19, 0, 1
6160, 495967980, 18, 0, 1
5656, 495973636, 29, 0, 1
6138, 495979774, 14, 0, 1
11272, 495991046, 33, 0, 1
6159, 495997205, 25, 0, 1
5658, 496002863, 11, 0, 1
7507, 496010370, 48, 0, 1
11298, 496021668, 25, 0, 1
6145, 496027813, 33, 2, 1
5633, 496033446, 21, 0, 1
6138, 496039584, 17, 0, 1
11316, 496050900, 16, 0, 1
6155, 496057055, 24, 0, 1
5652, 496062707, 13, 0, 1
6137, 496068844, 22, 0, 1
11324, 496080168, 37, 0, 1
6160, 496086328, 18, 0, 1
5657, 496091985, 26, 0, 1
6140, 496098125, 32, 0, 1
11304, 496109429, 34, 0, 1
6657, 496116086, 69, 0, 1
6332, 496122418, 40, 0, 1
6656, 496129074, 42, 0, 1
12917, 496141991, 52, 0, 1
6151, 496148142, 18, 0, 1
6083, 496154225, 28, 0, 1
6104, 496160329, 27, 0, 1
12232, 496172561, 40, 0, 1
6095, 496178656, 29, 0, 1
6074, 496184730, 27, 0, 1
6142, 496190872, 20, 0, 1
12231, 496203103, 36, 0, 1
6116, 496209219, 20, 0, 1
6124, 496215343, 35, 0, 1
6089, 496221432, 30, 0, 1
12231, 496233663, 42, 0, 1
6123, 496239786, 20, 0, 1
6080, 496245866, 25, 0, 1
12187, 496258053, 54, 0, 1
5658, 496263711, 15, 0, 1
6142, 496269853, 36, 0, 1
6116, 496275969, 19, 0, 1
12221, 496288190, 38, 0, 1
5649, 496293839, 26, 0, 1
6096, 496299935, 23, 0, 1
5652, 496305587, 17, 0, 1
11789, 496317376, 36, 0, 1
5639, 496323015, 23, 0, 1
6117, 496329132, 25, 0, 1
5656, 496334788, 11, 1, 1
19973, 496354761, 304, 95, 1
5649, 496360410, 27, 0, 1
6160, 496366570, 19, 0, 1
5658, 496372228, 11, 0, 1
11781, 496384009, 33, 0, 1
5658, 496389667, 14, 0, 1
6173, 496395840, 16, 0, 1
7035, 496402875, 28, 0, 1
11759, 496414634, 29, 0, 1
5652, 496420286, 16, 0, 1
6130, 496426416, 26, 0, 1
5658, 496432074, 13, 0, 1
11782, 496443856, 44, 0, 1
5652, 496449508, 13, 0, 1
6144, 496455652, 29, 0, 1
5646, 496461298, 12, 0, 1
11760, 496473058, 45, 0, 1
5658, 496478716, 13, 0, 1
6130, 496484846, 26, 0, 1
5658, 496490504, 13, 0, 1
11767, 496502271, 46, 0, 1
5658, 496507929, 15, 0, 1
6160, 496514089, 17, 0, 1
5658, 496519747, 12, 0, 1
11796, 496531543, 27, 0, 1
5658, 496537201, 12, 0, 1
6173, 496543374, 15, 0, 1
5652, 496549026, 16, 0, 1
11781, 496560807, 37, 0, 1
5658, 496566465, 14, 0, 1
6160, 496572625, 18, 0, 1
5658, 496578283, 13, 0, 1
11795, 496590078, 34, 0, 1
5633, 496595711, 20, 0, 1
6136, 496601847, 28, 0, 1
5654, 496607501, 22, 0, 1
11778, 496619279, 30, 0, 1
5658, 496624937, 13, 0, 1
6130, 496631067, 25, 0, 1
5658, 496636725, 13, 0, 1
11712, 496648437, 27, 0, 1
5661, 496654098, 29, 0, 1
6153, 496660251, 25, 0, 1
5658, 496665909, 10, 0, 1
11816, 496677725, 25, 0, 1
5651, 496683376, 13, 0, 1
6128, 496689504, 27, 0, 1
5658, 496695162, 14, 0, 1
11759, 496706921, 33, 0, 1
5658, 496712579, 26, 0, 1
6174, 496718753, 31, 0, 1
5658, 496724411, 9, 0, 1
11781, 496736192, 40, 0, 1
5646, 496741838, 18, 0, 1
6160, 496747998, 18, 0, 1
5622, 496753620, 20, 0, 1
11769, 496765389, 34, 0, 1
5658, 496771047, 13, 0, 1
7508, 496778555, 42, 0, 1
5646, 496784201, 20, 0, 1
11765, 496795966, 34, 0, 1
5633, 496801599, 17, 0, 1
6145, 496807744, 30, 0, 1
5646, 496813390, 17, 0, 1
11767, 496825157, 32, 0, 1
5658, 496830815, 14, 0, 1
6154, 496836969, 17, 0, 1
5652, 496842621, 16, 0, 1
11764, 496854385, 35, 0, 1
5658, 496860043, 13, 0, 1
6165, 496866208, 24, 0, 1
5646, 496871854, 15, 0, 1
11753, 496883607, 35, 0, 1
5658, 496889265, 14, 0, 1
6148, 496895413, 20, 0, 1
5638, 496901051, 22, 0, 1
11811, 496912862, 49, 0, 1
5652, 496918514, 18, 0, 1
6133, 496924647, 29, 0, 1
5650, 496930297, 22, 0, 1
11790, 496942087, 57, 0, 1
5637, 496947724, 23, 0, 1
6168, 496953892, 24, 0, 1
5652, 496959544, 15, 0, 1
11772, 496971316, 34, 0, 1
5658, 496976974, 13, 0, 1
6160, 496983134, 19, 0, 1
5662, 496988796, 33, 0, 1
11736, 497000532, 36, 0, 1
5658, 497006190, 10, 0, 1
6161, 497012351, 25, 0, 1
5625, 497017976, 21, 0, 1
12248, 497030224, 45, 0, 1
5632, 497035856, 23, 0, 1
6132, 497041988, 19, 0, 1
5658, 497047646, 15, 0, 1
11800, 497059446, 40, 0, 1
5658, 497065104, 13, 0, 1
6147, 497071251, 24, 0, 1
5646, 497076897, 15, 0, 1
11774, 497088671, 41, 0, 1
5658, 497094329, 13, 0, 1
6149, 497100478, 27, 0, 1
5658, 497106136, 13, 0, 1
11800, 497117936, 34, 0, 1
5641, 497123577, 25, 0, 1
6145, 497129722, 31, 0, 1
5638, 497135360, 22, 0, 1
11809, 497147169, 26, 0, 1
7035, 497154204, 28, 0, 1
6160, 497160364, 21, 0, 1
5657, 497166021, 27, 0, 1
11796, 497177817, 30, 0, 1
5656, 497183473, 23, 0, 1
6173, 497189646, 21, 0, 1
5658, 497195304, 15, 0, 1
11775, 497207079, 38, 0, 1
5658, 497212737, 14, 0, 1
6160, 497218897, 17, 0, 1
5668, 497224565, 30, 0, 1
11768, 497236333, 36, 0, 1
5658, 497241991, 12, 0, 1
6154, 497248145, 24, 0, 1
5650, 497253795, 23, 0, 1
11746, 497265541, 49, 0, 1
5650, 497271191, 21, 0, 1
6144, 497277335, 28, 0, 1
5651, 497282986, 28, 0, 1
11784, 497294770, 36, 0, 1
5652, 497300422, 18, 0, 1
6142, 497306564, 23, 0, 1
5653, 497312217, 29, 0, 1
11803, 497324020, 45, 0, 1
5658, 497329678, 14, 0, 1
6160, 497335838, 26, 0, 1
5657, 497341495, 19, 0, 1
11795, 497353290, 47, 0, 1
5658, 497358948, 12, 0, 1
6160, 497365108, 18, 0, 1
5655, 497370763, 31, 0, 1
11790, 497382553, 32, 0, 1
5652, 497388205, 12, 0, 1
6130, 497394335, 20, 0, 1
5646, 497399981, 16, 0, 1
11746, 497411727, 37, 0, 1
5652, 497417379, 18, 0, 1
6155, 497423534, 24, 0, 1
5649, 497429183, 30, 0, 1
11796, 497440979, 25, 0, 1
5648, 497446627, 28, 0, 1
6122, 497452749, 29, 0, 1
5658, 497458407, 28, 0, 1
11765, 497470172, 46, 0, 1
5658, 497475830, 11, 0, 1
6137, 497481967, 26, 0, 1
5642, 497487609, 29, 0, 1
11783, 497499392, 26, 0, 1
5652, 497505044, 19, 0, 1
6160, 497511204, 19, 0, 1
5662, 497516866, 23, 0, 1
13156, 497530022, 66, 0, 1
5658, 497535680, 12, 0, 1
6139, 497541819, 28, 0, 1
5622, 497547441, 23, 0, 1
11812, 497559253, 45, 0, 1
5658, 497564911, 14, 0, 1
6173, 497571084, 20, 0, 1
5650, 497576734, 21, 0, 1
11780, 497588514, 39, 0, 1
5640, 497594154, 19, 0, 1
6160, 497600314, 17, 0, 1
5658, 497605972, 11, 0, 1
11777, 497617749, 37, 0, 1
5646, 497623395, 23, 0, 1
6160, 497629555, 16, 0, 1
5658, 497635213, 12, 0, 1
11777, 497646990, 30, 0, 1
5658, 497652648, 13, 0, 1
6173, 497658821, 16, 0, 1
5656, 497664477, 20, 0, 1
11783, 497676260, 30, 0, 1
5639, 497681899, 17, 0, 1
6160, 497688059, 14, 0, 1
5658, 497693717, 11, 0, 1
11758, 497705475, 30, 0, 1
5658, 497711133, 12, 0, 1
6174, 497717307, 23, 0, 1
5656, 497722963, 32, 0, 1
11756, 497734719, 39, 0, 1
5650, 497740369, 17, 0, 1
6160, 497746529, 18, 0, 1
5658, 497752187, 12, 0, 1
11763, 497763950, 54, 0, 1
5658, 497769608, 16, 0, 1
6142, 497775750, 20, 0, 1
5655, 497781405, 30, 0, 1
11789, 497793194, 26, 0, 1
5658, 497798852, 11, 0, 1
6173, 497805025, 16, 0, 1
5645, 497810670, 18, 0, 1
11782, 497822452, 33, 0, 1
5657, 497828109, 16, 0, 1
6136, 497834245, 19, 0, 1
5650, 497839895, 20, 0, 1
893637, 498733532, 15214, 1122, 5
6711, 498740243, 85, 0, 1
6651, 498746894, 40, 0, 1
14732, 498761626, 412, 23, 1
13116, 498774742, 66, 0, 1
8060, 498782802, 95, 0, 1
8288, 498791090, 125, 3, 1
12429, 498803519, 52, 0, 1
6107, 498809626, 19, 0, 1
4118174, 4118174, 78406, 1136, 14
13061158, 17179332, 55674, 6964, 17
19508037, 36687369, 17557, 3549, 7
19017155, 55704524, 20183, 3386, 7
19399065, 75103589, 21669, 2389, 7
19572046, 94675635, 18688, 3141, 7
19476925, 114152560, 18064, 3487, 7
18692017, 132844577, 23725, 4847, 11
19221285, 152065862, 19384, 2873, 7
19770128, 171835990, 18803, 3689, 7
19143908, 190979898, 21197, 2288, 7
19628289, 210608187, 18938, 3566, 7
19586596, 230194783, 19514, 4075, 7
19602083, 249796866, 19801, 2311, 7
12209563, 262006429, 18134, 2970, 12
5098240, 267104669, 5568, 632, 6
18861306, 285965975, 20102, 2782, 7
19465664, 305431639, 18787, 3503, 7
19699471, 325131110, 19047, 4121, 7
19744420, 344875530, 19101, 4543, 11
19541456, 364416986, 19245, 3866, 7
19734598, 384151584, 18409, 3462, 7
19540341, 403691925, 19184, 3925, 7
19739415, 423431340, 18936, 2928, 7
19618641, 443049981, 19516, 3904, 7
19587429, 462637410, 19173, 4744, 11
19589727, 482227137, 19134, 5231, 11
11512303, 493739440, 28831, 393, 19
3023624, 496763064, 7590, 125, 5
6116, 496769180, 46, 0, 1
5633, 496774813, 21, 0, 1
5652, 496780465, 25, 0, 1
20848, 496801313, 365, 5, 1
6129, 496807442, 27, 0, 1
5658, 496813100, 11, 0, 1
7023, 496820123, 99, 0, 1
11791, 496831914, 41, 0, 1
6114, 496838028, 24, 0, 1
5633, 496843661, 18, 0, 1
5648, 496849309, 28, 0, 1
11782, 496861091, 43, 0, 1
6129, 496867220, 27, 0, 1
5658, 496872878, 12, 0, 1
5658, 496878536, 14, 0, 1
11809, 496890345, 44, 0, 1
6134, 496896479, 33, 0, 1
5645, 496902124, 20, 0, 1
5658, 496907782, 12, 0, 1
11799, 496919581, 35, 0, 1
6138, 496925719, 21, 0, 1
5658, 496931377, 12, 0, 1
5658, 496937035, 23, 0, 1
11817, 496948852, 39, 0, 1
6138, 496954990, 18, 0, 1
5658, 496960648, 12, 0, 1
5658, 496966306, 11, 0, 1
11792, 496978098, 35, 0, 1
6151, 496984249, 19, 0, 1
5639, 496989888, 22, 0, 1
5658, 496995546, 12, 0, 1
11817, 497007363, 31, 0, 1
6138, 497013501, 16, 0, 1
5633, 497019134, 17, 0, 1
5637, 497024771, 27, 0, 1
11804, 497036575, 44, 0, 1
6138, 497042713, 16, 0, 1
5640, 497048353, 14, 0, 1
5650, 497054003, 16, 0, 1
11753, 497065756, 39, 0, 1
6138, 497071894, 16, 0, 1
5628, 497077522, 20, 0, 1
5651, 497083173, 13, 0, 1
11805, 497094978, 36, 0, 1
6113, 497101091, 21, 0, 1
5658, 497106749, 11, 0, 1
5648, 497112397, 24, 0, 1
11825, 497124222, 55, 0, 1
6171, 497130393, 17, 0, 1
5622, 497136015, 18, 0, 1
5658, 497141673, 10, 0, 1
11808, 497153481, 35, 0, 1
6134, 497159615, 30, 0, 1
5652, 497165267, 15, 0, 1
5658, 497170925, 12, 0, 1
11817, 497182742, 40, 0, 1
6120, 497188862, 23, 0, 1
7017, 497195879, 35, 0, 1
5658, 497201537, 14, 0, 1
11818, 497213355, 30, 0, 1
6151, 497219506, 18, 0, 1
5616, 497225122, 20, 0, 1
5655, 497230777, 22, 0, 1
11786, 497242563, 32, 0, 1
6138, 497248701, 17, 0, 1
5650, 497254351, 20, 0, 1
5650, 497260001, 17, 0, 1
11804, 497271805, 42, 0, 1
6138, 497277943, 16, 0, 1
5638, 497283581, 19, 0, 1
5648, 497289229, 27, 0, 1
13020, 497302249, 86, 0, 1
6664, 497308913, 23, 0, 1
6333, 497315246, 13, 0, 1
5649, 497320895, 17, 0, 1
12288, 497333183, 30, 0, 1
6140, 497339323, 34, 0, 1
6098, 497345421, 23, 0, 1
5637, 497351058, 26, 0, 1
12264, 497363322, 59, 0, 1
6085, 497369407, 25, 0, 1
6110, 497375517, 18, 0, 1
6104, 497381621, 22, 0, 1
12193, 497393814, 45, 0, 1
6097, 497399911, 27, 0, 1
6091, 497406002, 23, 0, 1
6132, 497412134, 31, 0, 1
12238, 497424372, 43, 0, 1
6086, 497430458, 24, 0, 1
6100, 497436558, 26, 0, 1
6085, 497442643, 28, 0, 1
11766, 497454409, 39, 0, 1
6133, 497460542, 20, 0, 1
6108, 497466650, 32, 0, 1
5656, 497472306, 17, 0, 1
11739, 497484045, 39, 0, 1
6138, 497490183, 17, 0, 1
5645, 497495828, 18, 0, 1
5658, 497501486, 12, 0, 1
11858, 497513344, 39, 0, 1
6131, 497519475, 29, 0, 1
5638, 497525113, 30, 0, 1
5632, 497530745, 22, 0, 1
11806, 497542551, 29, 0, 1
6138, 497548689, 16, 0, 1
5644, 497554333, 17, 0, 1
5650, 497559983, 19, 0, 1
11829, 497571812, 38, 0, 1
7515, 497579327, 32, 0, 1
5622, 497584949, 19, 0, 1
5658, 497590607, 14, 0, 1
11814, 497602421, 33, 0, 1
6151, 497608572, 17, 0, 1
5629, 497614201, 19, 0, 1
5643, 497619844, 25, 0, 1
11789, 497631633, 49, 0, 1
6106, 497637739, 23, 0, 1
5645, 497643384, 19, 0, 1
5643, 497649027, 23, 0, 1
11836, 497660863, 35, 0, 1
6138, 497667001, 14, 0, 1
5652, 497672653, 12, 0, 1
5652, 497678305, 14, 0, 1
11786, 497690091, 35, 0, 1
6132, 497696223, 23, 0, 1
5658, 497701881, 10, 0, 1
5644, 497707525, 24, 0, 1
11770, 497719295, 31, 0, 1
6138, 497725433, 19, 0, 1
5649, 497731082, 21, 0, 1
5637, 497736719, 30, 0, 1
11796, 497748515, 48, 0, 1
6138, 497754653, 17, 0, 1
5640, 497760293, 20, 0, 1
5652, 497765945, 14, 0, 1
11793, 497777738, 31, 0, 1
6138, 497783876, 18, 0, 1
5625, 497789501, 22, 0, 1
5654, 497795155, 21, 0, 1
11775, 497806930, 42, 0, 1
6132, 497813062, 15, 0, 1
5620, 497818682, 18, 0, 1
5658, 497824340, 10, 0, 1
11797, 497836137, 37, 0, 1
6151, 497842288, 17, 0, 1
5632, 497847920, 24, 0, 1
5657, 497853577, 15, 0, 1
11793, 497865370, 39, 0, 1
6132, 497871502, 31, 0, 1
5645, 497877147, 20, 0, 1
5656, 497882803, 29, 0, 1
11811, 497894614, 35, 0, 1
6138, 497900752, 18, 0, 1
5658, 497906410, 12, 0, 1
5658, 497912068, 12, 0, 1
11789, 497923857, 27, 0, 1
6143, 497930000, 27, 0, 1
5658, 497935658, 10, 0, 1
5658, 497941316, 9, 0, 1
13181, 497954497, 44, 0, 1
6102, 497960599, 24, 0, 1
5625, 497966224, 22, 0, 1
5649, 497971873, 29, 0, 1
11805, 497983678, 53, 0, 1
6132, 497989810, 19, 0, 1
5620, 497995430, 24, 0, 1
5652, 498001082, 13, 0, 1
11816, 498012898, 40, 0, 1
6138, 498019036, 17, 0, 1
5652, 498024688, 15, 0, 1
5634, 498030322, 18, 0, 1
11801, 498042123, 45, 0, 1
6138, 498048261, 17, 0, 1
5632, 498053893, 19, 0, 1
5650, 498059543, 27, 0, 1
11803, 498071346, 30, 0, 1
6145, 498077491, 15, 0, 1
5640, 498083131, 20, 0, 1
5657, 498088788, 19, 0, 1
11812, 498100600, 28, 0, 1
6126, 498106726, 21, 0, 1
5633, 498112359, 18, 0, 1
5637, 498117996, 25, 0, 1
11812, 498129808, 29, 0, 1
6129, 498135937, 31, 0, 1
5645, 498141582, 19, 0, 1
5652, 498147234, 15, 0, 1
11800, 498159034, 23, 0, 1
6151, 498165185, 17, 0, 1
5620, 498170805, 20, 0, 1
5652, 498176457, 19, 0, 1
11815, 498188272, 32, 0, 1
6114, 498194386, 20, 0, 1
5639, 498200025, 23, 0, 1
11810, 498211835, 37, 0, 1
5631, 498217466, 22, 0, 1
6115, 498223581, 31, 0, 1
6116, 498229697, 18, 0, 1
11742, 498241439, 41, 0, 1
5658, 498247097, 9, 0, 1
6132, 498253229, 19, 0, 1
5644, 498258873, 20, 0, 1
11826, 498270699, 28, 0, 1
5658, 498276357, 9, 0, 1
6131, 498282488, 29, 0, 1
5625, 498288113, 20, 0, 1
11818, 498299931, 23, 0, 1
5640, 498305571, 17, 0, 1
6119, 498311690, 24, 0, 1
5658, 498317348, 10, 0, 1
13134, 498330482, 53, 0, 1
5632, 498336114, 23, 0, 1
6101, 498342215, 25, 0, 1
5629, 498347844, 17, 0, 1
11829, 498359673, 37, 0, 1
5658, 498365331, 10, 0, 1
6135, 498371466, 31, 0, 1
5658, 498377124, 11, 0, 1
11805, 498388929, 29, 0, 1
5627, 498394556, 22, 0, 1
6151, 498400707, 15, 0, 1
5656, 498406363, 23, 0, 1
11820, 498418183, 44, 0, 1
5652, 498423835, 15, 0, 1
6126, 498429961, 22, 0, 1
5621, 498435582, 19, 0, 1
11811, 498447393, 28, 0, 1
5658, 498453051, 11, 0, 1
6138, 498459189, 17, 0, 1
5633, 498464822, 19, 0, 1
11818, 498476640, 23, 0, 1
5627, 498482267, 20, 0, 1
6127, 498488394, 34, 0, 1
5628, 498494022, 16, 0, 1
11809, 498505831, 30, 0, 1
5658, 498511489, 10, 0, 1
6138, 498517627, 15, 0, 1
5638, 498523265, 22, 0, 1
11814, 498535079, 38, 0, 1
5658, 498540737, 10, 0, 1
6142, 498546879, 29, 0, 1
5643, 498552522, 22, 0, 1
11775, 498564297, 37, 0, 1
5658, 498569955, 13, 0, 1
6096, 498576051, 22, 0, 1
5658, 498581709, 11, 0, 1
11805, 498593514, 30, 0, 1
5657, 498599171, 26, 0, 1
6121, 498605292, 22, 0, 1
5627, 498610919, 20, 0, 1
11775, 498622694, 35, 0, 1
5649, 498628343, 17, 0, 1
13968, 498642311, 237, 32, 1
6116, 498648427, 29, 0, 1
11763, 498660190, 35, 0, 1
5652, 498665842, 27, 0, 1
6120, 498671962, 19, 0, 1
5625, 498677587, 19, 0, 1
11831, 498689418, 26, 0, 1
5634, 498695052, 16, 0, 1
6130, 498701182, 25, 0, 1
7034, 498708216, 41, 0, 1
11812, 498720028, 31, 0, 1
5625, 498725653, 22, 0, 1
6138, 498731791, 16, 0, 1
5638, 498737429, 23, 0, 1
11801, 498749230, 27, 0, 1
5645, 498754875, 19, 0, 1
6133, 498761008, 31, 0, 1
5658, 498766666, 14, 0, 1
11794, 498778460, 43, 1, 1
5652, 498784112, 15, 0, 1
6125, 498790237, 24, 0, 1
5640, 498795877, 15, 0, 1
11816, 498807693, 40, 0, 1
5645, 498813338, 18, 0, 1
6120, 498819458, 21, 0, 1
5621, 498825079, 23, 0, 1
11813, 498836892, 38, 0, 1
5658, 498842550, 10, 0, 1
6126, 498848676, 19, 0, 1
5648, 498854324, 22, 0, 1
11812, 498866136, 27, 0, 1
5652, 498871788, 26, 0, 1
6147, 498877935, 27, 0, 1
5655, 498883590, 26, 0, 1
11779, 498895369, 42, 0, 1
5626, 498900995, 22, 0, 1
6129, 498907124, 34, 0, 1
5658, 498912782, 10, 0, 1
11824, 498924606, 25, 0, 1
5658, 498930264, 12, 0, 1
6138, 498936402, 13, 0, 1
5625, 498942027, 23, 0, 1
11798, 498953825, 36, 0, 1
5658, 498959483, 12, 0, 1
6131, 498965614, 26, 0, 1
5621, 498971235, 16, 0, 1
11818, 498983053, 31, 0, 1
5657, 498988710, 19, 0, 1
6138, 498994848, 14, 0, 1
5632, 499000480, 20, 0, 1
11811, 499012291, 34, 0, 1
5650, 499017941, 16, 0, 1
14367, 499032308, 250, 36, 1
5652, 499037960, 27, 0, 1
11798, 499049758, 32, 0, 1
889488, 499939246, 15461, 1172, 5
6839, 499946085, 90, 0, 1
6703, 499952788, 40, 0, 1
19872, 499972660, 455, 26, 1
6668, 499979328, 34, 0, 1
6718, 499986046, 26, 0, 1
6662, 499992708, 21, 0, 1
14612, 500007320, 162, 8, 1
6373, 500013693, 24, 0, 1
