4652190 4652190 90343 5508
14203585 18855775 46560 12848
19547221 38402996 19975 5383
18496570 56899566 24081 5729
19542937 76442503 18310 5310
19383380 95825883 19278 5382
18747767 114573650 24828 7499
18724184 133297834 19000 5182
19543419 152841253 18567 5397
19303080 172144333 19324 5331
19425545 191569878 21760 5597
19424564 210994442 20043 5398
19480897 230475339 19135 5343
19275262 249750601 20145 5345
18880443 268631044 24755 5283
18677002 287308046 19081 5141
19538422 306846468 19706 5295
19234365 326080833 19408 5254
19638765 345719598 20599 5399
19478400 365197998 18970 5282
19652997 384850995 19005 5375
19644049 404495044 19387 5356
19596794 424091838 19390 5319
19619500 443711338 19084 5376
19564686 463276024 18826 5300
19600667 482876691 19638 5307
10920723 493797414 28346 955
2522567 496319981 6248 857
5645 496325626 31 0
11771 496337397 48 1
5669 496343066 22 0
6149 496349215 26 0
5646 496354861 16 0
11778 496366639 37 0
5658 496372297 17 0
6123 496378420 28 2
5658 496384078 12 0
11796 496395874 35 0
5657 496401531 18 0
6160 496407691 18 0
5668 496413359 21 0
11766 496425125 43 1
5658 496430783 11 0
6167 496436950 21 0
5668 496442618 25 1
11796 496454414 43 9
5652 496460066 14 1
6160 496466226 19 0
5657 496471883 20 0
11798 496483681 46 0
5658 496489339 12 0
6160 496495499 14 0
5652 496501151 22 0
11787 496512938 42 0
5658 496518596 9 0
6173 496524769 23 2
5649 496530418 25 0
11765 496542183 57 0
5678 496547861 32 0
6160 496554021 19 1
5645 496559666 20 0
11760 496571426 42 4
5658 496577084 11 0
6173 496583257 15 0
5656 496588913 24 0
11784 496600697 35 0
5658 496606355 11 0
6160 496612515 19 1
5652 496618167 17 0
11803 496629970 34 0
5658 496635628 17 0
6135 496641763 26 0
5658 496647421 13 0
12261 496659682 36 0
5652 496665334 20 1
6183 496671517 24 0
5658 496677175 14 2
12217 496689392 49 1
7005 496696397 49 13
6138 496702535 20 2
5652 496708187 17 0
11789 496719976 44 0
5658 496725634 13 0
6156 496731790 28 0
5658 496737448 19 0
11784 496749232 32 1
5658 496754890 10 0
6167 496761057 31 2
5658 496766715 13 0
11796 496778511 37 2
5658 496784169 15 0
6124 496790293 27 0
5652 496795945 20 0
11754 496807699 37 2
5657 496813356 19 0
6161 496819517 21 0
5658 496825175 18 0
11796 496836971 34 2
5651 496842622 17 0
6154 496848776 25 2
5658 496854434 14 0
12259 496866693 46 1
5658 496872351 12 0
7626 496879977 92 21
6368 496886345 31 0
17097 496903442 237 29
8559 496912001 100 22
6614 496918615 31 0
6115 496924730 24 0
12224 496936954 39 0
5625 496942579 23 0
6138 496948717 17 0
6116 496954833 17 0
12232 496967065 38 0
6116 496973181 16 0
6116 496979297 14 0
6116 496985413 16 0
12210 496997623 42 0
6110 497003733 15 0
6123 497009856 19 0
6083 497015939 25 0
12232 497028171 32 0
6116 497034287 16 0
6116 497040403 17 0
6106 497046509 30 0
21335 497067844 447 296
6116 497073960 34 1
6085 497080045 23 0
6116 497086161 17 0
13601 497099762 66 15
5638 497105400 24 0
6141 497111541 36 0
6129 497117670 14 0
12209 497129879 35 0
5652 497135531 17 0
6126 497141657 30 0
5660 497147317 31 0
11796 497159113 25 0
5658 497164771 12 0
6160 497170931 23 0
5658 497176589 13 0
11796 497188385 28 0
5658 497194043 12 0
6154 497200197 21 0
5649 497205846 27 0
11781 497217627 35 0
5657 497223284 20 0
6160 497229444 16 0
5640 497235084 20 0
11800 497246884 28 0
5658 497252542 10 0
6163 497258705 30 0
5658 497264363 15 0
11790 497276153 30 0
5658 497281811 11 0
6154 497287965 18 0
5661 497293626 30 0
11784 497305410 27 0
5658 497311068 12 0
6161 497317229 25 0
5652 497322881 17 0
11759 497334640 34 0
5652 497340292 13 0
6155 497346447 28 0
5637 497352084 26 0
11772 497363856 34 0
5652 497369508 30 0
6151 497375659 28 0
5658 497381317 14 0
11789 497393106 28 0
5658 497398764 17 0
6167 497404931 22 0
5646 497410577 22 0
11803 497422380 24 0
5658 497428038 12 0
6139 497434177 32 0
5645 497439822 23 0
11809 497451631 31 0
5662 497457293 27 0
6130 497463423 26 0
5650 497469073 28 0
13167 497482240 53 4
5658 497487898 9 0
6173 497494071 16 0
5643 497499714 27 0
11768 497511482 31 0
5652 497517134 16 0
6153 497523287 21 0
5658 497528945 26 0
11760 497540705 30 0
5658 497546363 19 0
6173 497552536 21 0
5657 497558193 20 0
11790 497569983 30 0
5657 497575640 14 0
6160 497581800 16 0
5644 497587444 28 0
11804 497599248 40 0
5652 497604900 11 0
6159 497611059 24 0
5658 497616717 12 0
11779 497628496 34 0
5658 497634154 9 0
6155 497640309 19 0
5667 497645976 32 0
11796 497657772 23 0
5658 497663430 12 0
6148 497669578 20 0
5645 497675223 29 0
11802 497687025 36 0
5658 497692683 12 0
6142 497698825 25 0
5646 497704471 18 0
11796 497716267 22 0
5658 497721925 12 0
6165 497728090 23 0
5641 497733731 26 0
11796 497745527 22 0
5658 497751185 11 0
6160 497757345 16 0
5658 497763003 12 0
11796 497774799 24 0
5652 497780451 10 0
6153 497786604 23 0
5645 497792249 18 0
11787 497804036 35 0
5658 497809694 11 0
6160 497815854 15 0
5660 497821514 29 1
20021 497841535 265 110
5658 497847193 18 0
6148 497853341 21 0
7017 497860358 35 0
11787 497872145 43 0
5661 497877806 29 0
6173 497883979 18 0
6110 497890089 24 0
11748 497901837 26 0
5658 497907495 11 0
6147 497913642 22 0
5658 497919300 9 0
11803 497931103 25 0
5649 497936752 31 1
6144 497942896 27 0
5661 497948557 30 0
11790 497960347 25 0
5658 497966005 9 0
7064 497973069 103 50
5652 497978721 14 0
11783 497990504 23 0
5658 497996162 10 0
6142 498002304 27 0
11787 498014091 35 0
5630 498019721 19 0
5655 498025376 21 0
6164 498031540 21 0
11778 498043318 35 0
5658 498048976 12 0
5658 498054634 14 0
6159 498060793 24 0
11787 498072580 33 0
5658 498078238 9 1
5656 498083894 25 0
6158 498090052 24 0
11796 498101848 21 0
5649 498107497 25 0
5656 498113153 25 0
6177 498119330 27 0
11788 498131118 34 0
5638 498136756 19 0
5658 498142414 14 0
6154 498148568 27 0
11802 498160370 33 0
5650 498166020 23 0
5658 498171678 10 0
6160 498177838 16 0
11796 498189634 19 0
5646 498195280 15 0
5658 498200938 11 0
6171 498207109 28 0
11796 498218905 22 0
5655 498224560 24 0
5658 498230218 10 0
7531 498237749 40 1
11769 498249518 49 0
5643 498255161 19 0
5572 498260733 19 0
6173 498266906 17 0
11778 498278684 45 0
5658 498284342 20 0
5652 498289994 14 0
6139 498296133 30 0
11787 498307920 39 0
5628 498313548 20 0
5658 498319206 13 0
6160 498325366 16 0
11753 498337119 35 0
5652 498342771 14 0
5658 498348429 11 0
6173 498354602 13 0
11774 498366376 39 0
5658 498372034 11 0
5667 498377701 32 0
6153 498383854 25 0
11812 498395666 32 0
5658 498401324 9 0
5658 498406982 12 0
6140 498413122 26 0
11766 498424888 31 0
5652 498430540 12 0
5658 498436198 11 0
6172 498442370 26 0
11783 498454153 32 0
5638 498459791 17 0
5657 498465448 12 0
6153 498471601 23 0
11764 498483365 32 0
5638 498489003 24 0
5658 498494661 11 0
6136 498500797 21 0
11794 498512591 40 0
5658 498518249 11 0
5658 498523907 11 0
6145 498530052 28 0
11797 498541849 36 0
5665 498547514 27 1
5651 498553165 19 0
6159 498559324 22 0
11784 498571108 33 0
5626 498576734 20 0
5651 498582385 23 0
6186 498588571 18 0
11766 498600337 33 0
5658 498605995 10 0
7027 498613022 41 1
6160 498619182 20 0
11818 498631000 49 0
5640 498636640 11 0
5660 498642300 29 0
6160 498648460 19 0
11792 498660252 54 0
5658 498665910 13 0
5657 498671567 19 0
6173 498677740 19 0
11783 498689523 42 0
5621 498695144 19 0
5658 498700802 16 0
883571 499584373 14766 4578
15068 499599441 794 68
6662 499606103 38 0
12102 499618205 363 130
6662 499624867 52 3
13125 499637992 42 0
7988 499645980 163 20
6624 499652604 28 0
6642 499659246 23 0
2971463 2971463 57882 3482
8208570 11180033 71139 13147
19092339 30272372 19401 5291
19135917 49408289 20281 5134
18992872 68401161 21362 5925
19475836 87876997 18279 5329
19294189 107171186 18124 5269
18465749 125636935 24243 7180
18569493 144206428 19153 5170
19598364 163804792 18825 5422
19298544 183103336 20861 5631
19455333 202558669 18769 5340
19264943 221823612 19315 5318
19368065 241191677 18602 5348
17742812 258934489 24251 4951
264440 259198929 105 29
15890607 275089536 17316 4353
19424470 294514006 19771 5330
19536842 314050848 19008 5281
19546690 333597538 19235 5351
19482152 353079690 19436 5373
19482338 372562028 19097 5308
19639092 392201120 19454 5419
19618052 411819172 19327 5330
19568740 431387912 19345 5250
19576691 450964603 18972 5360
19630759 470595362 18937 5298
17253616 487848978 26804 4099
8906719 496755697 19336 1320
6132 496761829 135 33
6129 496767958 28 2
5657 496773615 28 0
11790 496785405 31 0
5652 496791057 14 0
6154 496797211 19 0
5662 496802873 27 1
11752 496814625 37 0
5658 496820283 12 0
6153 496826436 24 0
5646 496832082 19 0
11789 496843871 39 0
5658 496849529 10 0
6160 496855689 15 0
7022 496862711 98 35
11799 496874510 44 1
5652 496880162 16 0
6148 496886310 22 0
5645 496891955 22 0
11788 496903743 39 0
5658 496909401 8 0
6173 496915574 17 0
5646 496921220 18 0
11798 496933018 40 0
5652 496938670 13 0
6160 496944830 26 2
5651 496950481 19 0
11801 496962282 33 0
5658 496967940 8 0
6160 496974100 18 1
5658 496979758 11 0
11765 496991523 35 0
5657 496997180 20 0
6173 497003353 19 1
5658 497009011 17 0
11790 497020801 33 1
5658 497026459 12 0
6136 497032595 25 0
5646 497038241 20 0
11765 497050006 38 1
5657 497055663 17 0
6137 497061800 26 1
5658 497067458 10 0
11722 497079180 48 0
5662 497084842 31 0
6160 497091002 17 1
5654 497096656 34 5
11809 497108465 35 4
5658 497114123 13 0
6157 497120280 23 0
5658 497125938 19 2
12260 497138198 66 0
5658 497143856 16 0
6148 497150004 30 0
5658 497155662 11 0
11790 497167452 25 0
5658 497173110 18 0
6160 497179270 15 0
5659 497184929 31 0
11802 497196731 42 0
5658 497202389 13 0
6160 497208549 22 3
5646 497214195 19 0
11772 497225967 30 2
5658 497231625 15 0
16620 497248245 439 278
5658 497253903 48 0
11781 497265684 53 0
5658 497271342 12 0
6160 497277502 15 0
5658 497283160 19 0
11796 497294956 31 0
5658 497300614 12 0
6173 497306787 17 0
5657 497312444 27 0
11796 497324240 27 0
5658 497329898 15 0
6667 497336565 76 7
6642 497343207 40 2
13245 497356452 48 0
6579 497363031 20 0
6104 497369135 24 0
6110 497375245 24 0
12206 497387451 39 0
6129 497393580 18 0
6104 497399684 24 0
6117 497405801 38 0
12226 497418027 37 0
6116 497424143 16 0
6085 497430228 25 0
6096 497436324 26 0
13132 497449456 101 49
6110 497455566 16 0
6116 497461682 17 0
6110 497467792 23 0
12190 497479982 34 0
6116 497486098 15 0
6111 497492209 26 0
6116 497498325 17 0
12231 497510556 38 0
6116 497516672 16 0
6116 497522788 17 0
5658 497528446 11 0
12259 497540705 39 0
5649 497546354 26 0
6126 497552480 18 0
5668 497558148 33 0
11777 497569925 28 0
5658 497575583 11 0
6148 497581731 18 0
5645 497587376 18 0
11810 497599186 22 0
5640 497604826 14 0
6135 497610961 25 0
5640 497616601 21 0
11786 497628387 35 0
7035 497635422 29 0
6173 497641595 19 0
5654 497647249 32 0
11775 497659024 35 0
5658 497664682 12 0
6154 497670836 17 0
5646 497676482 15 0
11809 497688291 24 0
5649 497693940 26 0
6134 497700074 24 0
5639 497705713 27 0
11796 497717509 27 0
5658 497723167 12 0
6155 497729322 29 0
5648 497734970 27 0
11768 497746738 41 0
5652 497752390 26 0
6153 497758543 24 0
5622 497764165 23 0
11778 497775943 31 0
5658 497781601 10 0
6149 497787750 19 0
5645 497793395 20 0
11768 497805163 33 0
5658 497810821 10 0
6160 497816981 19 0
5658 497822639 10 0
11795 497834434 44 0
5658 497840092 10 0
6160 497846252 16 0
5646 497851898 20 0
11795 497863693 34 0
5658 497869351 12 0
6147 497875498 27 0
5663 497881161 26 0
11783 497892944 30 0
5653 497898597 29 0
6145 497904742 30 0
5658 497910400 10 0
11754 497922154 34 0
5662 497927816 22 0
6142 497933958 18 0
5649 497939607 25 0
11794 497951401 32 0
5657 497957058 20 0
6172 497963230 28 0
5662 497968892 27 0
11796 497980688 24 0
5658 497986346 13 0
6160 497992506 14 0
5667 497998173 31 2
13160 498011333 35 0
5658 498016991 14 0
6160 498023151 20 0
5661 498028812 31 0
11796 498040608 19 0
5657 498046265 13 0
6140 498052405 24 0
5650 498058055 23 0
11809 498069864 17 0
5652 498075516 10 0
6171 498081687 33 0
5649 498087336 27 0
11796 498099132 19 0
5658 498104790 18 0
6174 498110964 20 0
11781 498122745 49 0
5658 498128403 9 0
5658 498134061 9 0
6159 498140220 27 0
11803 498152023 31 0
5648 498157671 23 0
5657 498163328 19 0
6148 498169476 20 0
11791 498181267 42 0
5640 498186907 12 0
5658 498192565 14 0
6170 498198735 21 0
11787 498210522 32 0
5647 498216169 22 0
5658 498221827 9 0
6162 498227989 27 0
11769 498239758 39 0
5651 498245409 20 0
5652 498251061 15 0
6179 498257240 19 0
11778 498269018 28 0
5637 498274655 21 0
5650 498280305 17 0
6154 498286459 18 0
11803 498298262 33 0
6116 498304378 20 0
5658 498310036 12 0
6132 498316168 26 0
11801 498327969 36 0
5658 498333627 10 0
5654 498339281 28 0
6181 498345462 32 0
11796 498357258 25 0
5658 498362916 12 0
5652 498368568 11 0
6153 498374721 25 0
13157 498387878 65 0
5658 498393536 12 0
5658 498399194 12 0
6160 498405354 18 0
11784 498417138 28 0
5665 498422803 26 0
5658 498428461 25 0
6172 498434633 25 0
11794 498446427 45 0
5634 498452061 20 0
5656 498457717 29 0
6160 498463877 18 0
11769 498475646 44 0
5652 498481298 14 0
5656 498486954 25 0
6197 498493151 26 0
11816 498504967 45 0
5633 498510600 23 0
5666 498516266 29 0
6166 498522432 24 0
11805 498534237 37 0
5658 498539895 10 0
5657 498545552 20 0
6140 498551692 25 0
11784 498563476 27 0
5640 498569116 15 0
5648 498574764 29 2
6167 498580931 20 0
11778 498592709 29 0
5658 498598367 12 0
5658 498604025 13 0
6160 498610185 18 0
11778 498621963 34 0
5657 498627620 18 0
5658 498633278 24 0
6160 498639438 18 0
11804 498651242 40 0
5650 498656892 27 0
5658 498662550 13 0
6173 498668723 18 0
11789 498680512 27 0
5633 498686145 22 0
5658 498691803 10 0
6127 498697930 26 0
11776 498709706 41 0
5658 498715364 12 0
5658 498721022 20 0
6169 498727191 27 0
11771 498738962 36 0
5651 498744613 21 0
5658 498750271 11 0
6154 498756425 25 0
13186 498769611 38 0
5640 498775251 18 0
5652 498780903 15 0
6130 498787033 25 0
11786 498798819 40 0
5658 498804477 10 0
5658 498810135 15 0
6154 498816289 24 0
11811 498828100 37 0
5658 498833758 11 0
5658 498839416 11 0
6160 498845576 15 0
11822 498857398 22 0
5634 498863032 22 0
5658 498868690 9 0
6160 498874850 16 0
11783 498886633 37 0
5657 498892290 20 0
5658 498897948 13 0
6125 498904073 24 0
11789 498915862 34 0
5658 498921520 12 0
5652 498927172 14 0
6160 498933332 14 0
11795 498945127 30 0
5633 498950760 24 0
5649 498956409 25 0
6173 498962582 17 0
11795 498974377 31 0
5636 498980013 26 0
5658 498985671 12 0
6160 498991831 25 0
11813 499003644 32 0
5638 499009282 23 0
5658 499014940 13 0
6160 499021100 16 0
11781 499032881 36 0
5632 499038513 21 0
5658 499044171 12 0
6167 499050338 23 0
11796 499062134 37 0
5652 499067786 15 0
5656 499073442 23 0
6157 499079599 26 0
11816 499091415 56 0
5657 499097072 13 0
5658 499102730 15 0
6160 499108890 17 0
11767 499120657 46 0
888207 500008864 15476 4572
6408 500015272 63 8
6673 500021945 41 1
18380 500040325 398 144
6449 500046774 24 4
6656 500053430 23 0
8479 500061909 174 42
12973 500074882 59 1
13713 13713 547 49
4369432 4383145 85520 5082
12198383 16581528 49596 13168
9986912 26568440 9148 2966
15670290 42238730 16726 4124
19106060 61344790 19964 5251
18385341 79730131 23328 7310
19085125 98815256 18570 5240
18510188 117325444 18860 5130
19395383 136720827 19103 5346
19261823 155982650 20273 5541
19547930 175530580 18603 5352
19271885 194802465 18419 5303
19385710 214188175 19400 5308
18859873 233048048 20365 5297
19417494 252465542 19201 5259
17866682 270332224 23988 4987
19445067 289777291 19287 5259
19326868 309104159 18596 5211
19512070 328616229 18817 5332
19580247 348196476 18701 5338
19442730 367639206 19031 5271
19574703 387213909 18208 5310
19532425 406746334 17909 5282
19594200 426340534 18328 5346
19586395 445926929 19259 5296
19495779 465422708 18759 5280
19585113 485007821 18644 5330
10958739 495966560 28718 906
2415442 498382002 6336 743
6116 498388118 34 0
5658 498393776 14 0
6129 498399905 27 0
11316 498411221 30 1
6199 498417420 18 0
5658 498423078 9 0
6126 498429204 24 0
11306 498440510 27 0
6136 498446646 20 0
5658 498452304 10 0
6138 498458442 15 0
11313 498469755 29 0
6167 498475922 22 1
5657 498481579 21 1
11789 498493368 33 0
5674 498499042 29 0
6160 498505202 18 0
5639 498510841 22 0
11766 498522607 41 1
5658 498528265 13 0
6148 498534413 20 0
5667 498540080 29 0
11765 498551845 37 0
5658 498557503 7 0
6161 498563664 28 0
5657 498569321 22 0
13158 498582479 117 30
5658 498588137 12 0
6147 498594284 36 3
5652 498599936 14 0
20907 498620843 406 227
5657 498626500 17 0
6141 498632641 27 1
5637 498638278 21 0
11763 498650041 42 0
5658 498655699 16 0
6155 498661854 27 0
5658 498667512 10 1
11777 498679289 37 0
5667 498684956 31 0
6147 498691103 26 1
5658 498696761 13 0
11781 498708542 40 2
5658 498714200 11 0
6166 498720366 25 1
5658 498726024 12 0
11790 498737814 35 3
5658 498743472 11 0
6139 498749611 25 0
5657 498755268 25 1
11813 498767081 45 1
5652 498772733 15 0
6154 498778887 25 0
5628 498784515 17 0
11794 498796309 45 0
5658 498801967 11 0
6186 498808153 16 2
5658 498813811 24 0
11776 498825587 36 0
5658 498831245 12 0
6153 498837398 26 0
5652 498843050 12 0
11773 498854823 34 0
5640 498860463 20 0
6154 498866617 18 0
5658 498872275 11 0
11796 498884071 31 1
5650 498889721 30 0
6173 498895894 21 0
5657 498901551 31 0
11795 498913346 31 0
5658 498919004 10 0
6153 498925157 21 0
5658 498930815 11 0
13005 498943820 86 7
5649 498949469 15 0
6699 498956168 22 0
7977 498964145 58 13
12683 498976828 40 0
5658 498982486 11 0
6138 498988624 19 0
6129 498994753 20 0
12212 499006965 47 0
6104 499013069 24 0
6109 499019178 24 0
6121 499025299 25 0
12205 499037504 51 0
6129 499043633 15 0
6108 499049741 36 0
6115 499055856 27 0
12226 499068082 45 0
6116 499074198 20 0
6115 499080313 27 0
6091 499086404 25 0
12232 499098636 47 0
6104 499104740 22 0
6115 499110855 21 0
6116 499116971 20 0
12219 499129190 42 0
5658 499134848 12 0
6120 499140968 23 0
6121 499147089 28 0
12235 499159324 59 0
5658 499164982 12 0
6143 499171125 33 0
5663 499176788 30 0
11796 499188584 27 0
5658 499194242 13 0
6150 499200392 28 0
5673 499206065 29 0
11796 499217861 23 0
5658 499223519 17 0
6147 499229666 22 0
5652 499235318 17 0
11783 499247101 50 0
5658 499252759 10 0
6148 499258907 21 0
5636 499264543 28 0
11795 499276338 27 0
5662 499282000 29 0
6173 499288173 18 0
5658 499293831 14 0
11747 499305578 33 0
5658 499311236 10 0
6153 499317389 27 0
5658 499323047 13 0
11801 499334848 39 0
5658 499340506 17 0
7529 499348035 41 0
5650 499353685 18 0
11765 499365450 32 0
5658 499371108 12 0
6173 499377281 20 0
5660 499382941 32 0
11788 499394729 36 0
5658 499400387 9 0
6123 499406510 25 0
5658 499412168 13 0
11782 499423950 40 0
5658 499429608 12 0
6160 499435768 29 0
5657 499441425 17 0
11769 499453194 41 0
5658 499458852 11 0
6158 499465010 26 0
5651 499470661 16 0
11790 499482451 29 0
5658 499488109 10 0
6160 499494269 18 0
5644 499499913 24 0
11796 499511709 22 0
5658 499517367 16 0
6173 499523540 18 0
5652 499529192 21 0
11796 499540988 27 0
5661 499546649 24 0
6160 499552809 25 0
5658 499558467 13 0
11821 499570288 35 0
5658 499575946 14 0
6152 499582098 29 0
5658 499587756 12 0
11775 499599531 39 0
5661 499605192 24 0
6182 499611374 25 0
5654 499617028 28 0
11772 499628800 33 0
5658 499634458 10 0
6154 499640612 20 0
5635 499646247 23 0
11796 499658043 32 0
5652 499663695 17 0
6161 499669856 25 0
5658 499675514 13 0
11784 499687298 50 0
5652 499692950 15 0
6151 499699101 31 0
5658 499704759 11 0
11748 499716507 36 0
7034 499723541 31 0
6142 499729683 25 0
5658 499735341 15 0
11778 499747119 35 0
5663 499752782 22 0
6173 499758955 15 0
5656 499764611 19 0
11782 499776393 30 0
5658 499782051 12 0
6142 499788193 21 0
5646 499793839 15 0
11809 499805648 25 0
5658 499811306 9 0
6160 499817466 15 0
5657 499823123 16 0
11771 499834894 31 0
5662 499840556 23 0
6165 499846721 27 0
5667 499852388 35 0
11801 499864189 29 0
5658 499869847 13 0
6146 499875993 24 0
5662 499881655 28 0
11796 499893451 26 0
5645 499899096 26 0
6177 499905273 35 0
5646 499910919 22 0
11793 499922712 52 0
5650 499928362 24 0
6117 499934479 28 0
5658 499940137 15 0
11764 499951901 40 0
5658 499957559 14 0
6146 499963705 28 0
5646 499969351 20 0
11796 499981147 32 0
5658 499986805 12 0
6173 499992978 17 0
5654 499998632 28 0
11776 500010408 41 0
5658 500016066 9 0
6133 500022199 24 0
5646 500027845 19 0
11809 500039654 21 0
5658 500045312 13 0
6160 500051472 20 0
5658 500057130 11 0
11782 500068912 32 0
5658 500074570 11 0
6172 500080742 26 0
5654 500086396 25 0
13152 500099548 44 0
5658 500105206 17 0
6160 500111366 17 0
11778 500123144 47 0
5658 500128802 13 0
5658 500134460 14 0
6149 500140609 18 0
11790 500152399 29 0
5652 500158051 18 0
5652 500163703 14 0
6160 500169863 19 0
11788 500181651 43 0
5637 500187288 23 0
5654 500192942 27 0
6160 500199102 16 0
11780 500210882 41 0
5652 500216534 13 0
5658 500222192 17 0
6161 500228353 20 0
11759 500240112 34 0
5658 500245770 11 0
5653 500251423 27 0
6156 500257579 29 0
11791 500269370 31 0
5658 500275028 12 0
5652 500280680 13 0
6150 500286830 29 0
11793 500298623 47 0
5658 500304281 9 0
5652 500309933 15 0
6173 500316106 23 0
11790 500327896 41 0
5651 500333547 23 0
5662 500339209 34 0
6135 500345344 23 0
11765 500357109 44 0
5657 500362766 17 0
5652 500368418 17 0
6135 500374553 26 0
11784 500386337 28 0
5645 500391982 21 0
5652 500397634 14 0
6151 500403785 28 0
11820 500415605 44 0
5643 500421248 26 0
5656 500426904 27 0
6159 500433063 23 0
11789 500444852 47 0
5652 500450504 26 0
5651 500456155 18 0
6173 500462328 20 0
13175 500475503 58 0
5651 500481154 20 0
5658 500486812 14 0
6159 500492971 25 0
11801 500504772 45 0
5646 500510418 18 0
5658 500516076 11 0
6154 500522230 25 0
11789 500534019 28 0
5662 500539681 26 0
5652 500545333 13 0
6173 500551506 20 0
11792 500563298 42 0
5654 500568952 30 0
5652 500574604 16 0
6152 500580756 30 0
11812 500592568 44 0
5632 500598200 22 0
5658 500603858 10 0
6166 500610024 22 0
11790 500621814 55 0
5634 500627448 16 0
5658 500633106 25 0
6159 500639265 27 0
11793 500651058 39 0
5651 500656709 18 0
5658 500662367 14 0
6160 500668527 20 0
11804 500680331 45 0
5658 500685989 14 0
5650 500691639 27 0
6179 500697818 25 0
11762 500709580 49 0
5647 500715227 29 0
5656 500720883 25 0
910780 501631663 15088 4888
15209 501646872 787 75
6703 501653575 41 0
6668 501660243 36 1
12278 501672521 412 137
13138 501685659 61 0
6656 501692315 30 0
8255 501700570 141 14
6607 501707177 30 0
4581022 4581022 88434 5340
14083473 18664495 47534 13311
19241010 37905505 17721 5246
18852634 56758139 25159 5876
19442489 76200628 18812 5297
19426229 95626857 18900 5391
19390427 115017284 19012 5263
18194966 133212250 25211 7411
18981495 152193745 19785 5271
19682364 171876109 19167 5320
19447288 191323397 21328 5732
19347886 210671283 20354 5330
19447690 230118973 19672 5420
19399901 249518874 19616 5306
18272241 267791115 25438 5144
19234988 287026103 19547 5262
18970526 305996629 19424 5033
19553833 325550462 19221 5379
19623232 345173694 19651 5339
19425529 364599223 19742 5265
19647088 384246311 18415 5363
19499223 403745534 18740 5308
19632262 423377796 18850 5340
19604673 442982469 19702 5296
19492436 462474905 19358 5358
19600105 482075010 18938 5374
11574801 493649811 29434 1187
2690449 496340260 7061 717
5656 496345916 34 0
5651 496351567 22 0
6160 496357727 19 0
11796 496369523 18 0
5652 496375175 14 0
5651 496380826 13 0
15222 496396048 320 74
11771 496407819 49 0
5658 496413477 9 0
5658 496419135 11 0
6150 496425285 26 0
11796 496437081 27 0
5651 496442732 19 0
5658 496448390 7 0
6133 496454523 30 0
11796 496466319 22 0
5658 496471977 11 0
5657 496477634 15 0
6173 496483807 16 0
11782 496495589 31 0
5650 496501239 21 0
5652 496506891 17 0
6160 496513051 19 0
11796 496524847 24 1
5658 496530505 11 0
5658 496536163 13 0
6173 496542336 17 0
11795 496554131 43 0
5658 496559789 13 0
5658 496565447 13 1
6135 496571582 22 0
11808 496583390 33 0
5669 496589059 19 1
5657 496594716 15 0
6118 496600834 24 0
11782 496612616 36 0
5634 496618250 13 0
5657 496623907 19 0
6173 496630080 14 0
11782 496641862 35 1
5652 496647514 14 1
5657 496653171 30 0
6146 496659317 22 2
11837 496671154 37 0
5662 496676816 31 0
5638 496682454 24 0
6135 496688589 35 1
12252 496700841 41 0
6107 496706948 37 3
7035 496713983 90 24
6151 496720134 15 0
11796 496731930 20 0
5657 496737587 16 0
5658 496743245 7 0
11789 496755034 44 0
6138 496761172 16 0
5638 496766810 22 0
5658 496772468 9 0
11824 496784292 42 1
6138 496790430 13 0
5658 496796088 17 1
5658 496801746 11 0
11812 496813558 32 2
6151 496819709 13 0
5662 496825371 29 0
5655 496831026 27 0
11818 496842844 37 0
6138 496848982 15 0
5652 496854634 15 2
5658 496860292 9 0
11830 496872122 27 0
6131 496878253 23 0
5658 496883911 14 1
5657 496889568 19 0
11817 496901385 33 0
6678 496908063 67 2
6596 496914659 38 2
6373 496921032 15 0
13173 496934205 46 0
6114 496940319 33 0
6104 496946423 25 0
5658 496952081 13 0
12266 496964347 36 0
6117 496970464 30 0
6116 496976580 17 0
6108 496982688 33 0
12214 496994902 33 0
6116 497001018 16 0
6123 497007141 21 0
6096 497013237 28 0
12193 497025430 48 0
6110 497031540 20 0
6107 497037647 30 0
6107 497043754 31 0
12230 497055984 49 0
6116 497062100 19 0
6097 497068197 32 0
6101 497074298 30 0
12230 497086528 53 0
6096 497092624 29 0
7475 497100099 39 2
5646 497105745 18 0
12246 497117991 44 0
6103 497124094 23 0
6083 497130177 30 0
5652 497135829 16 0
11792 497147621 46 0
6139 497153760 23 0
5651 497159411 18 0
5652 497165063 14 0
11812 497176875 31 0
6132 497183007 19 0
5658 497188665 12 0
5658 497194323 12 0
11831 497206154 24 0
6126 497212280 23 0
5658 497217938 14 0
5658 497223596 12 0
11814 497235410 39 0
6138 497241548 16 0
5639 497247187 20 0
5658 497252845 13 0
11829 497264674 40 0
6135 497270809 33 0
5625 497276434 22 0
5658 497282092 12 0
11791 497293883 38 0
6151 497300034 18 0
5638 497305672 23 0
5642 497311314 24 0
11794 497323108 44 0
6115 497329223 27 0
5658 497334881 12 0
5678 497340559 35 0
11825 497352384 35 0
6138 497358522 16 0
5645 497364167 19 0
5650 497369817 28 0
11811 497381628 33 0
6145 497387773 20 0
5657 497393430 22 0
5658 497399088 15 0
11798 497410886 41 0
6138 497417024 17 0
5658 497422682 14 0
5658 497428340 17 0
11831 497440171 41 0
6133 497446304 19 0
5658 497451962 12 0
5653 497457615 16 0
11800 497469415 25 0
7515 497476930 31 0
5658 497482588 11 0
5658 497488246 12 0
11807 497500053 36 0
6138 497506191 17 0
5638 497511829 24 0
5652 497517481 15 0
11830 497529311 50 0
6151 497535462 14 0
5638 497541100 23 0
5658 497546758 12 0
11806 497558564 28 0
6138 497564702 14 0
5662 497570364 21 0
5658 497576022 12 0
11825 497587847 29 0
6113 497593960 24 0
5672 497599632 32 0
5652 497605284 19 0
11822 497617106 46 0
6151 497623257 17 0
5658 497628915 14 0
5652 497634567 15 0
11769 497646336 36 0
6126 497652462 20 0
5658 497658120 12 0
5652 497663772 15 0
11819 497675591 28 0
6107 497681698 24 0
5658 497687356 14 0
5672 497693028 32 0
11797 497704825 40 0
6138 497710963 17 0
5655 497716618 22 0
5651 497722269 16 0
11831 497734100 20 0
6138 497740238 16 0
5640 497745878 21 0
5658 497751536 11 0
11810 497763346 32 0
6151 497769497 18 0
5648 497775145 22 0
5652 497780797 15 0
11801 497792598 38 0
6138 497798736 17 0
5658 497804394 12 0
5657 497810051 15 0
11835 497821886 51 0
6138 497828024 14 0
5631 497833655 24 0
5640 497839295 13 0
13195 497852490 39 0
6139 497858629 23 0
5640 497864269 16 0
5657 497869926 27 0
11823 497881749 24 0
6138 497887887 18 0
5626 497893513 17 0
5646 497899159 17 0
11800 497910959 41 0
6132 497917091 20 0
5658 497922749 17 0
5658 497928407 17 0
11810 497940217 33 0
6138 497946355 15 0
5647 497952002 29 0
5658 497957660 14 0
11816 497969476 34 0
6138 497975614 18 0
5640 497981254 23 0
5658 497986912 11 0
11818 497998730 23 0
6151 498004881 16 0
5658 498010539 12 0
5658 498016197 10 0
11817 498028014 32 0
6138 498034152 17 0
5658 498039810 12 0
5658 498045468 12 0
11800 498057268 36 0
6138 498063406 14 0
5633 498069039 20 0
5658 498074697 12 0
11781 498086478 40 0
6151 498092629 17 0
5658 498098287 13 0
5657 498103944 17 0
11784 498115728 47 0
6138 498121866 15 0
5658 498127524 12 0
5658 498133182 16 0
11787 498144969 42 0
6138 498151107 17 0
5640 498156747 19 0
5658 498162405 11 0
11808 498174213 43 0
6145 498180358 18 0
5644 498186002 22 0
5658 498191660 12 0
11840 498203500 44 0
6138 498209638 18 0
5658 498215296 12 0
5658 498220954 13 0
13189 498234143 51 0
6155 498240298 23 0
5658 498245956 11 0
5658 498251614 12 0
11807 498263421 40 0
6138 498269559 15 0
5658 498275217 12 0
5652 498280869 15 0
11810 498292679 39 0
6132 498298811 21 0
5652 498304463 10 0
5640 498310103 17 0
11813 498321916 46 0
6151 498328067 16 0
5645 498333712 22 0
5658 498339370 13 0
11805 498351175 40 0
6147 498357322 37 0
5658 498362980 13 0
5657 498368637 15 0
11830 498380467 38 0
6119 498386586 23 0
5657 498392243 28 0
5658 498397901 13 0
11779 498409680 50 0
6106 498415786 26 0
5658 498421444 10 0
5658 498427102 10 0
11828 498438930 38 0
6136 498445066 25 0
5658 498450724 10 0
5658 498456382 12 0
11808 498468190 41 0
6067 498474257 15 0
5660 498479917 28 0
5658 498485575 7 0
11792 498497367 51 0
6131 498503498 24 0
5622 498509120 19 0
5651 498514771 23 0
11819 498526590 28 0
6132 498532722 22 0
5651 498538373 19 0
5645 498544018 26 0
11817 498555835 31 0
6158 498561993 26 0
5646 498567639 14 0
5655 498573294 30 0
11800 498585094 27 0
6134 498591228 28 0
5658 498596886 10 0
7035 498603921 30 0
11806 498615727 44 0
6138 498621865 17 0
5658 498627523 12 0
5658 498633181 11 0
11806 498644987 34 0
6138 498651125 16 0
5658 498656783 11 0
5668 498662451 27 0
11827 498674278 36 0
6106 498680384 27 0
5638 498686022 26 0
5662 498691684 22 0
890005 499581689 15597 4655
6741 499588430 54 0
6703 499595133 31 0
6661 499601794 27 0
18998 499620792 474 72
6695 499627487 39 1
6662 499634149 21 0
10068 499644217 236 58
4813244 4813244 91582 5395
14288770 19102014 44713 12990
19342057 38444071 23515 6015
18640976 57085047 20629 5075
19502398 76587445 18487 5351
19380818 95968263 17452 5295
18072022 114040285 23911 7313
19079331 133119616 17832 5212
19536720 152656336 18356 5293
19639231 172295567 21142 5806
19355499 191651066 18845 5357
19420634 211071700 18531 5391
19459467 230531167 18328 5375
18799325 249330492 19857 5284
18560305 267890797 24352 5177
18921240 286812037 19112 5193
19618479 306430516 19041 5211
19564596 325995112 19327 5321
19658664 345653776 19440 5406
19422648 365076424 19362 5270
19673543 384749967 18792 5284
19487609 404237576 19311 5294
19621319 423858895 19172 5343
19622321 443481216 18923 5281
19549081 463030297 19415 5327
19546707 482577004 20028 5267
11203949 493780953 28353 1020
2590188 496371141 6384 828
5658 496376799 37 6
11795 496388594 45 0
6131 496394725 23 0
5657 496400382 15 0
5658 496406040 16 0
11825 496417865 54 0
6137 496424002 31 0
5639 496429641 22 0
5658 496435299 16 0
11791 496447090 51 0
6138 496453228 19 0
5658 496458886 11 0
5658 496464544 12 0
11789 496476333 49 0
6138 496482471 18 0
5657 496488128 15 0
5652 496493780 15 0
11806 496505586 33 0
6151 496511737 17 0
5644 496517381 21 0
5658 496523039 11 0
11804 496534843 42 0
6124 496540967 30 0
5638 496546605 22 0
5658 496552263 10 0
11795 496564058 53 1
6114 496570172 25 0
7029 496577201 92 24
5658 496582859 12 0
11818 496594677 31 2
6123 496600800 26 0
5638 496606438 25 0
5658 496612096 11 0
11769 496623865 42 0
6138 496630003 15 0
5651 496635654 22 0
5651 496641305 15 0
11842 496653147 42 0
6138 496659285 15 0
5652 496664937 19 1
5658 496670595 11 0
11808 496682403 34 0
6132 496688535 20 0
5646 496694181 16 2
5645 496699826 18 0
11831 496711657 37 3
6138 496717795 20 0
5658 496723453 18 5
5645 496729098 21 0
12289 496741387 32 0
6116 496747503 16 0
5658 496753161 17 0
5658 496758819 11 0
11822 496770641 40 0
6132 496776773 20 0
5645 496782418 25 1
5658 496788076 13 0
11830 496799906 40 2
6136 496806042 30 0
5658 496811700 13 0
5646 496817346 17 0
11818 496829164 24 1
6151 496835315 17 0
5650 496840965 19 1
5658 496846623 13 0
11811 496858434 39 0
6138 496864572 18 0
5658 496870230 12 0
5658 496875888 15 0
11831 496887719 33 0
6124 496893843 33 0
5658 496899501 14 1
5631 496905132 25 0
11818 496916950 29 0
6657 496923607 73 0
6614 496930221 38 8
6367 496936588 27 1
13177 496949765 60 0
7480 496957245 56 0
6116 496963361 18 0
5658 496969019 11 0
12251 496981270 40 1
14742 496996012 401 283
6098 497002110 45 1
6116 497008226 21 0
12223 497020449 42 1
6110 497026559 20 0
6116 497032675 18 0
6140 497038815 35 0
12231 497051046 40 0
6116 497057162 19 0
6080 497063242 26 0
6109 497069351 24 0
12226 497081577 32 0
6129 497087706 18 0
6116 497093822 16 0
6109 497099931 22 0
12220 497112151 32 0
6109 497118260 23 0
6116 497124376 18 0
5658 497130034 17 0
12267 497142301 35 0
6116 497148417 13 0
6111 497154528 34 0
5646 497160174 14 0
11752 497171926 33 0
6134 497178060 31 0
5658 497183718 17 0
5664 497189382 19 0
11782 497201164 31 0
6120 497207284 20 0
5658 497212942 14 0
5658 497218600 19 0
11806 497230406 31 0
6145 497236551 20 0
5646 497242197 15 0
5658 497247855 13 0
11800 497259655 26 0
6138 497265793 15 0
5628 497271421 20 1
5639 497277060 25 0
11824 497288884 30 0
6138 497295022 16 0
5658 497300680 10 0
5657 497306337 15 0
11814 497318151 34 0
6152 497324303 20 0
5650 497329953 20 0
5651 497335604 17 0
13195 497348799 50 1
6142 497354941 29 0
5643 497360584 23 0
5657 497366241 17 0
11818 497378059 31 0
6138 497384197 18 0
5658 497389855 15 0
5658 497395513 30 9
11810 497407323 61 4
6138 497413461 17 0
5658 497419119 11 0
5657 497424776 19 0
11841 497436617 35 0
6138 497442755 14 0
5658 497448413 11 0
5652 497454065 15 0
11818 497465883 19 0
6148 497472031 28 0
5622 497477653 18 0
5658 497483311 11 0
11823 497495134 35 0
6129 497501263 29 0
5658 497506921 12 0
5658 497512579 15 0
11819 497524398 35 0
6131 497530529 26 0
5658 497536187 12 0
5658 497541845 13 0
11787 497553632 28 0
6142 497559774 34 0
5661 497565435 29 0
5666 497571101 25 0
11817 497582918 39 0
6136 497589054 26 0
5646 497594700 20 0
5652 497600352 18 0
11822 497612174 47 0
6138 497618312 17 0
5658 497623970 11 0
5658 497629628 8 0
11801 497641429 37 0
6138 497647567 14 0
5656 497653223 16 1
5658 497658881 12 1
11831 497670712 22 0
6125 497676837 22 0
5672 497682509 31 0
5668 497688177 23 0
11821 497699998 39 0
6146 497706144 37 0
5634 497711778 19 0
5658 497717436 9 0
13176 497730612 64 4
6132 497736744 18 0
5658 497742402 15 0
5652 497748054 19 0
20891 497768945 389 194
6138 497775083 22 0
5628 497780711 16 0
5657 497786368 15 0
11802 497798170 33 0
6158 497804328 21 0
5658 497809986 13 0
5658 497815644 12 0
11794 497827438 38 0
6138 497833576 17 0
5646 497839222 18 0
5658 497844880 12 0
11837 497856717 32 0
6129 497862846 32 0
5651 497868497 19 0
5658 497874155 11 0
11823 497885978 29 0
6123 497892101 29 0
5658 497897759 11 0
5658 497903417 12 0
12715 497916132 98 41
6142 497922274 25 0
6116 497928390 20 0
5640 497934030 18 0
11787 497945817 32 0
6139 497951956 18 0
5658 497957614 10 0
5658 497963272 17 0
11804 497975076 40 0
6138 497981214 16 0
5658 497986872 10 0
5655 497992527 25 0
11818 498004345 45 0
6138 498010483 18 0
5657 498016140 18 0
5693 498021833 31 0
11812 498033645 26 0
6154 498039799 30 0
5658 498045457 17 0
5666 498051123 22 0
11820 498062943 46 0
6145 498069088 19 0
5658 498074746 9 0
5646 498080392 13 0
11827 498092219 35 0
6138 498098357 16 0
5652 498104009 13 0
7034 498111043 48 3
11814 498122857 37 0
6138 498128995 14 0
5658 498134653 13 0
5658 498140311 10 0
11812 498152123 42 0
6138 498158261 14 0
5643 498163904 20 0
5658 498169562 11 0
11804 498181366 28 0
6157 498187523 24 0
5648 498193171 19 0
5645 498198816 17 0
11819 498210635 30 0
6137 498216772 21 0
5616 498222388 20 0
5660 498228048 26 0
11841 498239889 24 0
6136 498246025 20 0
5652 498251677 15 0
5655 498257332 27 0
11824 498269156 23 0
6140 498275296 27 0
5658 498280954 11 0
11818 498292772 29 0
5657 498298429 16 0
6138 498304567 16 0
5632 498310199 22 0
11831 498322030 31 0
5645 498327675 21 0
6126 498333801 21 0
5646 498339447 16 0
11794 498351241 36 0
5654 498356895 28 0
6128 498363023 28 0
5658 498368681 12 0
11825 498380506 32 0
5658 498386164 12 0
6127 498392291 33 0
5656 498397947 18 0
11800 498409747 30 0
5662 498415409 26 0
6139 498421548 17 0
5631 498427179 20 0
11816 498438995 38 0
5658 498444653 12 0
6138 498450791 15 0
5639 498456430 20 0
11829 498468259 29 0
5665 498473924 30 0
6126 498480050 24 0
7014 498487064 41 1
11826 498498890 39 0
5658 498504548 11 0
6155 498510703 31 0
5651 498516354 17 0
11822 498528176 44 0
5645 498533821 18 0
6126 498539947 19 0
5652 498545599 8 0
11844 498557443 36 0
5658 498563101 14 0
6138 498569239 17 0
5667 498574906 30 0
11813 498586719 34 0
5652 498592371 19 0
6138 498598509 17 0
5651 498604160 16 0
11817 498615977 31 0
5657 498621634 26 0
6138 498627772 16 0
5622 498633394 20 0
11810 498645204 39 0
5654 498650858 25 0
6156 498657014 24 0
5658 498662672 11 0
11817 498674489 34 0
5658 498680147 10 0
6138 498686285 13 0
5644 498691929 26 0
11831 498703760 23 0
5656 498709416 21 0
6138 498715554 15 0
5645 498721199 21 0
11821 498733020 32 0
5656 498738676 28 0
6144 498744820 32 0
5661 498750481 21 0
15135 498765616 200 39
891667 499657283 15480 4761
6706 499663989 61 0
6729 499670718 39 0
19070 499689788 419 144
6401 499696189 30 1
6752 499702941 36 0
6662 499709603 22 0
14858 499724461 157 20
