0,1,153800819.19,2967176654.3650727
5,153800820.19,186871061.79,2889592776.231653
11,186871062.79,224449634.25,3671114250.0599723
0,224449635.25,287184332.42,2967176654.3650727
5,287184333.42,3816374658.8100014,2889592776.231653
6,3816374659.8100014,3869405993.0200014,2131834795.7711167
14,3869405994.0200014,3912737451.370002,2446824213.8627768
6,3912737452.370002,3956790284.390002,2131834795.7711167
10,3956790285.390002,3980305022.561719,797661017.4990699
6,3980305023.561719,4036941527.9283853,2131834795.7711167
10,4036941528.9283853,4045244817.4283853,797661017.4990699
