2686346, 2686346, 54560, 1248, 4
3888706, 6575052, 50624, 4879, 4
11676642, 18251694, 32222, 5091, 19
19568499, 37820193, 17394, 4734, 11
18785637, 56605830, 23541, 4507, 11
19622133, 76227963, 18797, 3496, 7
19489706, 95717669, 18080, 4137, 7
16815470, 112533139, 22440, 5056, 2
19107362, 131640501, 18573, 4371, 11
19542389, 151182890, 20087, 4032, 7
19344133, 170527023, 21028, 4385, 11
19680320, 190207343, 18926, 3307, 7
19635712, 209843055, 18767, 4096, 7
19563995, 229407050, 20505, 4296, 11
19278389, 248685439, 19582, 2777, 7
18821969, 267507408, 24103, 3928, 7
18699178, 286206586, 19085, 4187, 11
19479299, 305685885, 19486, 3441, 7
19651062, 325336947, 19104, 4242, 7
19679038, 345015985, 19693, 4743, 11
19503830, 364519815, 18994, 4152, 7
19633881, 384153696, 19032, 4010, 7
19529136, 403682832, 18900, 4303, 11
19683447, 423366279, 18594, 3625, 7
19622939, 442989218, 18571, 4035, 7
19461530, 462450748, 19556, 4944, 11
19536756, 481987504, 18890, 5008, 11
11640903, 493628407, 28325, 447, 19
2777482, 496405889, 6712, 105, 5
12216, 496418105, 369, 2, 1
5639, 496423744, 25, 0, 1
5652, 496429396, 15, 0, 1
6173, 496435569, 19, 0, 1
11762, 496447331, 44, 0, 1
5637, 496452968, 23, 0, 1
5638, 496458606, 25, 0, 1
7537, 496466143, 95, 0, 1
11773, 496477916, 57, 0, 1
5627, 496483543, 17, 0, 1
5633, 496489176, 14, 0, 1
6160, 496495336, 16, 0, 1
11748, 496507084, 43, 0, 1
5658, 496512742, 12, 0, 1
5656, 496518398, 19, 0, 1
6186, 496524584, 18, 0, 1
11766, 496536350, 34, 0, 1
5658, 496542008, 10, 0, 1
5652, 496547660, 15, 0, 1
6148, 496553808, 19, 0, 1
11782, 496565590, 30, 0, 1
5640, 496571230, 16, 0, 1
5658, 496576888, 8, 0, 1
6134, 496583022, 28, 0, 1
11796, 496594818, 38, 0, 1
5640, 496600458, 20, 0, 1
5645, 496606103, 20, 0, 1
6173, 496612276, 17, 0, 1
11783, 496624059, 30, 0, 1
5628, 496629687, 15, 0, 1
5658, 496635345, 10, 0, 1
6159, 496641504, 21, 0, 1
11753, 496653257, 34, 0, 1
5658, 496658915, 12, 0, 1
5652, 496664567, 14, 0, 1
6173, 496670740, 19, 0, 1
11779, 496682519, 33, 0, 1
5646, 496688165, 15, 0, 1
5652, 496693817, 14, 0, 1
6112, 496699929, 24, 0, 1
11767, 496711696, 32, 0, 1
5627, 496717323, 22, 0, 1
5658, 496722981, 11, 0, 1
6128, 496729109, 26, 0, 1
11770, 496740879, 44, 0, 1
5632, 496746511, 25, 0, 1
5646, 496752157, 14, 0, 1
6173, 496758330, 20, 0, 1
11789, 496770119, 49, 0, 1
5658, 496775777, 10, 0, 1
5656, 496781433, 26, 0, 1
6148, 496787581, 19, 0, 1
11789, 496799370, 47, 0, 1
5634, 496805004, 18, 0, 1
5658, 496810662, 12, 0, 1
6124, 496816786, 26, 0, 1
11786, 496828572, 44, 0, 1
5658, 496834230, 11, 0, 1
7035, 496841265, 24, 0, 1
6153, 496847418, 27, 0, 1
11784, 496859202, 26, 0, 1
5626, 496864828, 19, 0, 1
5658, 496870486, 12, 0, 1
6160, 496876646, 19, 0, 1
11796, 496888442, 25, 0, 1
5634, 496894076, 19, 0, 1
5652, 496899728, 17, 0, 1
6186, 496905914, 16, 0, 1
11777, 496917691, 37, 0, 1
5658, 496923349, 12, 0, 1
5652, 496929001, 15, 0, 1
6639, 496935640, 67, 0, 1
12968, 496948608, 62, 0, 1
6301, 496954909, 23, 0, 1
5629, 496960538, 26, 0, 1
6623, 496967161, 19, 0, 1
11758, 496978919, 35, 0, 1
6098, 496985017, 21, 0, 1
6129, 496991146, 19, 0, 1
6093, 496997239, 24, 0, 1
12200, 497009439, 40, 0, 1
6116, 497015555, 15, 0, 1
6109, 497021664, 30, 0, 1
6110, 497027774, 20, 0, 1
12245, 497040019, 27, 0, 1
6086, 497046105, 22, 0, 1
6110, 497052215, 16, 0, 1
6092, 497058307, 21, 0, 1
12213, 497070520, 31, 0, 1
6092, 497076612, 16, 0, 1
6097, 497082709, 23, 0, 1
20836, 497103545, 318, 4, 1
6138, 497109683, 22, 0, 1
6116, 497115799, 19, 0, 1
5650, 497121449, 28, 0, 1
11770, 497133219, 42, 0, 1
6131, 497139350, 19, 0, 1
5615, 497144965, 20, 0, 1
5645, 497150610, 19, 0, 1
11829, 497162439, 39, 0, 1
6120, 497168559, 20, 0, 1
5628, 497174187, 23, 0, 1
5652, 497179839, 15, 0, 1
11816, 497191655, 28, 0, 1
6114, 497197769, 22, 0, 1
5633, 497203402, 18, 0, 1
5658, 497209060, 13, 0, 1
11774, 497220834, 36, 0, 1
6138, 497226972, 16, 0, 1
6992, 497233964, 39, 0, 1
5658, 497239622, 16, 0, 1
11788, 497251410, 31, 0, 1
6129, 497257539, 30, 0, 1
5658, 497263197, 14, 0, 1
5632, 497268829, 21, 0, 1
11797, 497280626, 36, 0, 1
6163, 497286789, 25, 0, 1
5658, 497292447, 14, 0, 1
5649, 497298096, 24, 0, 1
11803, 497309899, 35, 0, 1
6138, 497316037, 15, 0, 1
5658, 497321695, 14, 0, 1
5650, 497327345, 26, 0, 1
11785, 497339130, 42, 0, 1
6138, 497345268, 19, 0, 1
5632, 497350900, 21, 0, 1
5654, 497356554, 23, 0, 1
11792, 497368346, 32, 0, 1
6138, 497374484, 16, 0, 1
5658, 497380142, 13, 0, 1
5660, 497385802, 27, 0, 1
11813, 497397615, 26, 0, 1
6120, 497403735, 20, 0, 1
5616, 497409351, 22, 0, 1
5655, 497415006, 25, 0, 1
11785, 497426791, 33, 0, 1
6156, 497432947, 34, 0, 1
5645, 497438592, 29, 0, 1
5658, 497444250, 11, 0, 1
11795, 497456045, 35, 0, 1
6135, 497462180, 28, 0, 1
5658, 497467838, 13, 0, 1
5656, 497473494, 24, 1, 1
11819, 497485313, 29, 0, 1
6138, 497491451, 16, 0, 1
5652, 497497103, 16, 0, 1
5658, 497502761, 11, 0, 1
11770, 497514531, 32, 0, 1
6133, 497520664, 21, 0, 1
5652, 497526316, 15, 0, 1
5645, 497531961, 16, 0, 1
11810, 497543771, 29, 0, 1
6138, 497549909, 15, 0, 1
5639, 497555548, 16, 0, 1
5646, 497561194, 14, 0, 1
11816, 497573010, 37, 0, 1
6132, 497579142, 14, 0, 1
5640, 497584782, 18, 0, 1
5640, 497590422, 16, 0, 1
11778, 497602200, 33, 0, 1
7506, 497609706, 47, 0, 1
5646, 497615352, 18, 0, 1
5643, 497620995, 23, 0, 1
11803, 497632798, 40, 0, 1
6103, 497638901, 26, 0, 1
5644, 497644545, 19, 0, 1
5658, 497650203, 15, 0, 1
11814, 497662017, 40, 0, 1
6145, 497668162, 23, 0, 1
5631, 497673793, 24, 0, 1
5664, 497679457, 27, 0, 1
11798, 497691255, 32, 0, 1
6108, 497697363, 23, 0, 1
5645, 497703008, 19, 0, 1
5658, 497708666, 13, 0, 1
11811, 497720477, 43, 0, 1
6138, 497726615, 18, 0, 1
5640, 497732255, 17, 0, 1
5652, 497737907, 16, 0, 1
11779, 497749686, 40, 0, 1
6151, 497755837, 17, 0, 1
5622, 497761459, 15, 0, 1
5651, 497767110, 22, 0, 1
11817, 497778927, 32, 0, 1
6131, 497785058, 19, 0, 1
5657, 497790715, 21, 0, 1
5658, 497796373, 11, 0, 1
11814, 497808187, 44, 0, 1
6107, 497814294, 24, 0, 1
5646, 497819940, 25, 0, 1
5658, 497825598, 14, 0, 1
11783, 497837381, 35, 0, 1
6141, 497843522, 26, 0, 1
5652, 497849174, 16, 0, 1
5626, 497854800, 21, 0, 1
11806, 497866606, 38, 0, 1
6138, 497872744, 16, 0, 1
6104, 497878848, 28, 0, 1
5658, 497884506, 30, 0, 1
11777, 497896283, 31, 0, 1
6151, 497902434, 16, 0, 1
5622, 497908056, 13, 0, 1
5646, 497913702, 19, 0, 1
11799, 497925501, 33, 0, 1
6138, 497931639, 18, 0, 1
5642, 497937281, 23, 0, 1
5657, 497942938, 22, 0, 1
11800, 497954738, 30, 0, 1
6119, 497960857, 26, 0, 1
5622, 497966479, 18, 0, 1
5658, 497972137, 11, 0, 1
13164, 497985301, 51, 0, 1
6139, 497991440, 21, 0, 1
5622, 497997062, 13, 0, 1
5646, 498002708, 17, 0, 1
11791, 498014499, 33, 0, 1
6116, 498020615, 27, 0, 1
5645, 498026260, 16, 0, 1
5658, 498031918, 9, 0, 1
11848, 498043766, 33, 0, 1
6129, 498049895, 29, 0, 1
5650, 498055545, 24, 0, 1
5646, 498061191, 13, 0, 1
11818, 498073009, 35, 0, 1
6138, 498079147, 14, 0, 1
5664, 498084811, 26, 0, 1
5658, 498090469, 10, 0, 1
11813, 498102282, 24, 0, 1
6132, 498108414, 16, 0, 1
5652, 498114066, 17, 0, 1
5654, 498119720, 24, 0, 1
11804, 498131524, 40, 0, 1
6119, 498137643, 25, 0, 1
5627, 498143270, 21, 0, 1
5658, 498148928, 13, 0, 1
11767, 498160695, 41, 0, 1
6145, 498166840, 16, 0, 1
5632, 498172472, 28, 0, 1
5658, 498178130, 14, 0, 1
11775, 498189905, 35, 0, 1
6126, 498196031, 23, 0, 1
5651, 498201682, 28, 0, 1
5644, 498207326, 19, 0, 1
11781, 498219107, 37, 0, 1
6151, 498225258, 17, 0, 1
5642, 498230900, 22, 0, 1
5658, 498236558, 22, 0, 1
11770, 498248328, 31, 0, 1
6132, 498254460, 20, 0, 1
5636, 498260096, 26, 0, 1
5658, 498265754, 22, 0, 1
11815, 498277569, 37, 0, 1
6138, 498283707, 15, 0, 1
5610, 498289317, 17, 0, 1
5646, 498294963, 23, 0, 1
11820, 498306783, 43, 0, 1
6138, 498312921, 18, 0, 1
5658, 498318579, 12, 0, 1
5656, 498324235, 26, 0, 1
11806, 498336041, 40, 0, 1
6138, 498342179, 18, 0, 1
5631, 498347810, 23, 0, 1
5652, 498353462, 22, 0, 1
13199, 498366661, 48, 0, 1
6151, 498372812, 18, 0, 1
5640, 498378452, 14, 0, 1
5659, 498384111, 24, 0, 1
11818, 498395929, 21, 0, 1
6138, 498402067, 17, 0, 1
5640, 498407707, 14, 0, 1
5658, 498413365, 13, 0, 1
11808, 498425173, 24, 0, 1
6123, 498431296, 24, 0, 1
5658, 498436954, 13, 0, 1
5658, 498442612, 12, 0, 1
11827, 498454439, 42, 0, 1
6150, 498460589, 24, 0, 1
5658, 498466247, 14, 0, 1
5656, 498471903, 22, 0, 1
11814, 498483717, 39, 0, 1
6138, 498489855, 15, 0, 1
5642, 498495497, 23, 0, 1
5658, 498501155, 10, 0, 1
11814, 498512969, 43, 0, 1
6138, 498519107, 17, 0, 1
5610, 498524717, 19, 0, 1
5633, 498530350, 25, 0, 1
11778, 498542128, 44, 0, 1
6125, 498548253, 25, 0, 1
5645, 498553898, 21, 0, 1
5649, 498559547, 25, 0, 1
11830, 498571377, 37, 0, 1
6119, 498577496, 22, 0, 1
5658, 498583154, 11, 0, 1
5562, 498588716, 14, 0, 1
11823, 498600539, 41, 0, 1
6136, 498606675, 27, 0, 1
5639, 498612314, 23, 0, 1
5654, 498617968, 31, 0, 1
11818, 498629786, 25, 0, 1
6138, 498635924, 29, 0, 1
5632, 498641556, 24, 0, 1
5648, 498647204, 22, 0, 1
11824, 498659028, 30, 0, 1
6125, 498665153, 20, 0, 1
5658, 498670811, 12, 0, 1
5658, 498676469, 10, 0, 1
11810, 498688279, 37, 0, 1
6151, 498694430, 18, 0, 1
8984, 498703414, 215, 2, 1
918290, 499621704, 14879, 1149, 5
13161, 499634865, 650, 0, 1
8027, 499642892, 91, 0, 1
19893, 499662785, 739, 53, 1
6656, 499669441, 47, 0, 1
13146, 499682587, 43, 0, 1
8267, 499690854, 166, 4, 1
6584, 499697438, 31, 0, 1
5653, 499703091, 24, 0, 1
1321117, 1321117, 29264, 286, 5
4933259, 6254376, 75293, 3726, 14
11762721, 18017097, 33320, 4623, 19
13727241, 31744338, 14795, 2837, 19
18810850, 50555188, 20317, 4190, 11
19544004, 70099192, 18020, 3008, 7
16978706, 87077898, 22428, 4036, 11
18623260, 105701158, 18046, 4374, 11
19002169, 124703327, 18169, 4314, 11
19568567, 144271894, 21077, 3630, 7
19633775, 163905669, 19120, 4296, 11
19693732, 183599401, 18488, 3776, 7
19479331, 203078732, 18590, 3238, 7
19608081, 222686813, 20325, 4560, 11
18923070, 241609883, 18762, 2634, 7
18878246, 260488129, 23975, 4356, 11
19112680, 279600809, 18821, 3870, 7
19492991, 299093800, 19339, 4204, 7
19720122, 318813922, 18709, 4060, 7
19704144, 338518066, 19060, 4445, 11
19683304, 358201370, 18782, 4624, 11
19587254, 377788624, 20195, 4135, 7
19689485, 397478109, 18920, 3950, 7
19734113, 417212222, 18633, 3797, 7
19649457, 436861679, 18896, 4074, 7
19630279, 456491958, 19452, 4908, 11
19614400, 476106358, 19480, 5094, 11
15703366, 491809724, 30409, 2152, 19
5503631, 497313355, 10708, 122, 6
12188, 497325543, 380, 2, 1
5651, 497331194, 16, 0, 1
5646, 497336840, 16, 0, 1
6153, 497342993, 27, 0, 1
11742, 497354735, 43, 0, 1
5646, 497360381, 16, 0, 1
5658, 497366039, 11, 0, 1
6125, 497372164, 26, 0, 1
11777, 497383941, 43, 0, 1
5616, 497389557, 19, 0, 1
5658, 497395215, 14, 0, 1
6160, 497401375, 17, 0, 1
11788, 497413163, 40, 0, 1
5633, 497418796, 18, 0, 1
5652, 497424448, 17, 0, 1
6112, 497430560, 26, 0, 1
11771, 497442331, 43, 0, 1
5651, 497447982, 28, 0, 1
5639, 497453621, 21, 0, 1
6125, 497459746, 23, 0, 1
13154, 497472900, 117, 1, 1
5640, 497478540, 15, 0, 1
5634, 497484174, 16, 0, 1
6160, 497490334, 18, 0, 1
11770, 497502104, 35, 0, 1
5646, 497507750, 13, 0, 1
5573, 497513323, 14, 0, 1
6149, 497519472, 21, 0, 1
11789, 497531261, 29, 0, 1
5645, 497536906, 21, 0, 1
5658, 497542564, 11, 0, 1
6139, 497548703, 29, 0, 1
11797, 497560500, 38, 0, 1
5658, 497566158, 14, 0, 1
5658, 497571816, 14, 0, 1
6147, 497577963, 23, 0, 1
11754, 497589717, 31, 0, 1
5651, 497595368, 18, 0, 1
5661, 497601029, 34, 8, 1
6161, 497607190, 26, 0, 1
11751, 497618941, 44, 0, 1
5658, 497624599, 11, 0, 1
5652, 497630251, 16, 0, 1
6160, 497636411, 23, 0, 1
11798, 497648209, 36, 0, 1
5657, 497653866, 23, 0, 1
5658, 497659524, 12, 0, 1
6112, 497665636, 25, 0, 1
11800, 497677436, 35, 0, 1
5651, 497683087, 14, 0, 1
5658, 497688745, 11, 0, 1
6173, 497694918, 17, 0, 1
11771, 497706689, 38, 0, 1
5646, 497712335, 16, 0, 1
5654, 497717989, 26, 0, 1
6160, 497724149, 16, 0, 1
11765, 497735914, 32, 0, 1
5640, 497741554, 17, 0, 1
5658, 497747212, 9, 0, 1
6173, 497753385, 16, 0, 1
11763, 497765148, 42, 0, 1
5648, 497770796, 26, 0, 1
5628, 497776424, 14, 0, 1
6148, 497782572, 21, 0, 1
11779, 497794351, 33, 0, 1
5658, 497800009, 14, 0, 1
5658, 497805667, 15, 0, 1
6135, 497811802, 25, 0, 1
11763, 497823565, 43, 0, 1
5658, 497829223, 11, 0, 1
5640, 497834863, 19, 0, 1
6692, 497841555, 78, 0, 1
14349, 497855904, 66, 2, 1
6331, 497862235, 26, 0, 1
5649, 497867884, 16, 0, 1
6592, 497874476, 34, 0, 1
11779, 497886255, 35, 0, 1
6116, 497892371, 19, 0, 1
6092, 497898463, 27, 0, 1
6116, 497904579, 18, 0, 1
12212, 497916791, 37, 0, 1
6097, 497922888, 23, 0, 1
6116, 497929004, 17, 0, 1
6081, 497935085, 23, 0, 1
12220, 497947305, 32, 0, 1
6108, 497953413, 34, 0, 1
6116, 497959529, 19, 0, 1
6080, 497965609, 28, 0, 1
12241, 497977850, 46, 0, 1
6125, 497983975, 34, 0, 1
6104, 497990079, 25, 0, 1
12202, 498002281, 37, 0, 1
6101, 498008382, 24, 0, 1
6116, 498014498, 24, 0, 1
5658, 498020156, 15, 0, 1
11774, 498031930, 32, 0, 1
6164, 498038094, 17, 0, 1
5639, 498043733, 16, 0, 1
5658, 498049391, 14, 0, 1
11789, 498061180, 42, 0, 1
6141, 498067321, 33, 0, 1
5652, 498072973, 16, 0, 1
5658, 498078631, 12, 0, 1
11790, 498090421, 42, 0, 1
6138, 498096559, 17, 0, 1
5643, 498102202, 23, 0, 1
5627, 498107829, 24, 0, 1
11817, 498119646, 38, 0, 1
15214, 498134860, 334, 4, 1
5610, 498140470, 42, 0, 1
5642, 498146112, 25, 0, 1
11745, 498157857, 40, 0, 1
6138, 498163995, 18, 0, 1
5616, 498169611, 18, 0, 1
5658, 498175269, 10, 0, 1
11812, 498187081, 36, 0, 1
6138, 498193219, 20, 0, 1
5640, 498198859, 13, 0, 1
5634, 498204493, 14, 0, 1
11809, 498216302, 38, 0, 1
6138, 498222440, 21, 0, 1
5672, 498228112, 35, 0, 1
5652, 498233764, 23, 0, 1
13190, 498246954, 64, 0, 1
6138, 498253092, 19, 0, 1
5632, 498258724, 21, 0, 1
5658, 498264382, 9, 0, 1
11774, 498276156, 42, 0, 1
6115, 498282271, 23, 0, 1
5653, 498287924, 24, 0, 1
5651, 498293575, 20, 0, 1
11818, 498305393, 45, 0, 1
6138, 498311531, 18, 0, 1
5636, 498317167, 24, 0, 1
5644, 498322811, 24, 0, 1
11813, 498334624, 35, 0, 1
6135, 498340759, 32, 0, 1
5652, 498346411, 16, 0, 1
5632, 498352043, 19, 0, 1
11801, 498363844, 37, 0, 1
6151, 498369995, 16, 0, 1
5615, 498375610, 20, 0, 1
5646, 498381256, 19, 0, 1
11780, 498393036, 30, 0, 1
6138, 498399174, 16, 0, 1
5634, 498404808, 17, 0, 1
5658, 498410466, 13, 0, 1
11831, 498422297, 25, 0, 1
6131, 498428428, 23, 0, 1
5650, 498434078, 30, 0, 1
5657, 498439735, 20, 0, 1
11808, 498451543, 41, 0, 1
6145, 498457688, 17, 0, 1
5643, 498463331, 23, 0, 1
5645, 498468976, 18, 0, 1
11783, 498480759, 33, 0, 1
6138, 498486897, 16, 0, 1
5652, 498492549, 13, 0, 1
5656, 498498205, 24, 0, 1
11786, 498509991, 32, 0, 1
6139, 498516130, 20, 0, 1
5661, 498521791, 24, 0, 1
5658, 498527449, 13, 0, 1
11792, 498539241, 32, 0, 1
6138, 498545379, 20, 0, 1
5634, 498551013, 19, 0, 1
5633, 498556646, 23, 0, 1
11806, 498568452, 33, 0, 1
6132, 498574584, 16, 0, 1
5651, 498580235, 15, 0, 1
5646, 498585881, 15, 0, 1
11817, 498597698, 39, 0, 1
6151, 498603849, 16, 0, 1
5656, 498609505, 32, 0, 1
7032, 498616537, 40, 0, 1
11752, 498628289, 38, 0, 1
6138, 498634427, 17, 0, 1
5657, 498640084, 27, 0, 1
5658, 498645742, 12, 0, 1
11813, 498657555, 41, 0, 1
6100, 498663655, 26, 0, 1
5651, 498669306, 16, 0, 1
5658, 498674964, 13, 0, 1
11800, 498686764, 32, 0, 1
6138, 498692902, 19, 0, 1
5638, 498698540, 28, 0, 1
5658, 498704198, 9, 0, 1
11825, 498716023, 30, 0, 1
6138, 498722161, 16, 0, 1
5649, 498727810, 18, 0, 1
5658, 498733468, 14, 0, 1
11785, 498745253, 39, 0, 1
6151, 498751404, 14, 0, 1
5632, 498757036, 23, 0, 1
5658, 498762694, 17, 0, 1
11804, 498774498, 39, 0, 1
6138, 498780636, 16, 0, 1
5627, 498786263, 19, 0, 1
5651, 498791914, 19, 0, 1
11830, 498803744, 36, 0, 1
6138, 498809882, 14, 0, 1
5610, 498815492, 15, 0, 1
5656, 498821148, 28, 0, 1
11786, 498832934, 36, 0, 1
6138, 498839072, 25, 0, 1
5633, 498844705, 22, 0, 1
5658, 498850363, 10, 0, 1
11797, 498862160, 36, 0, 1
6138, 498868298, 18, 0, 1
5634, 498873932, 17, 0, 1
5651, 498879583, 17, 0, 1
11822, 498891405, 42, 0, 1
6132, 498897537, 23, 0, 1
5645, 498903182, 17, 0, 1
5658, 498908840, 12, 0, 1
11810, 498920650, 38, 0, 1
6123, 498926773, 33, 0, 1
5634, 498932407, 16, 0, 1
5658, 498938065, 11, 0, 1
11799, 498949864, 39, 0, 1
6138, 498956002, 18, 0, 1
5643, 498961645, 24, 0, 1
5638, 498967283, 26, 0, 1
11755, 498979038, 38, 0, 1
6133, 498985171, 25, 0, 1
7017, 498992188, 34, 0, 1
5658, 498997846, 12, 0, 1
11781, 499009627, 33, 0, 1
6119, 499015746, 29, 0, 1
5658, 499021404, 12, 0, 1
5658, 499027062, 11, 0, 1
11794, 499038856, 34, 0, 1
6132, 499044988, 17, 0, 1
5634, 499050622, 15, 0, 1
5660, 499056282, 26, 0, 1
11809, 499068091, 35, 0, 1
6119, 499074210, 27, 0, 1
5658, 499079868, 12, 0, 1
5667, 499085535, 28, 0, 1
11821, 499097356, 40, 0, 1
6138, 499103494, 17, 0, 1
5634, 499109128, 16, 0, 1
5658, 499114786, 12, 0, 1
11824, 499126610, 26, 0, 1
6138, 499132748, 19, 0, 1
5653, 499138401, 24, 0, 1
5643, 499144044, 27, 0, 1
11824, 499155868, 38, 0, 1
6123, 499161991, 30, 0, 1
5652, 499167643, 12, 0, 1
5650, 499173293, 20, 0, 1
11838, 499185131, 33, 0, 1
6126, 499191257, 24, 0, 1
5628, 499196885, 14, 0, 1
5640, 499202525, 16, 0, 1
11770, 499214295, 31, 0, 1
6151, 499220446, 15, 0, 1
5645, 499226091, 25, 0, 1
5643, 499231734, 22, 0, 1
11803, 499243537, 34, 0, 1
6123, 499249660, 29, 0, 1
5637, 499255297, 19, 0, 1
5642, 499260939, 25, 0, 1
11787, 499272726, 45, 0, 1
6107, 499278833, 28, 0, 1
5658, 499284491, 14, 0, 1
5658, 499290149, 12, 0, 1
11752, 499301901, 36, 0, 1
6151, 499308052, 17, 0, 1
5650, 499313702, 19, 0, 1
5644, 499319346, 29, 0, 1
11794, 499331140, 37, 0, 1
6090, 499337230, 24, 0, 1
5658, 499342888, 12, 0, 1
5626, 499348514, 21, 0, 1
11776, 499360290, 38, 0, 1
7515, 499367805, 29, 0, 1
5637, 499373442, 27, 0, 1
5658, 499379100, 30, 0, 1
11778, 499390878, 40, 0, 1
6108, 499396986, 26, 0, 1
5652, 499402638, 11, 0, 1
5658, 499408296, 12, 0, 1
11795, 499420091, 36, 0, 1
6138, 499426229, 16, 0, 1
5656, 499431885, 24, 0, 1
5652, 499437537, 15, 0, 1
11805, 499449342, 30, 0, 1
6113, 499455455, 28, 0, 1
5616, 499461071, 19, 0, 1
5652, 499466723, 15, 0, 1
11775, 499478498, 40, 0, 1
6133, 499484631, 35, 0, 1
5625, 499490256, 23, 0, 1
5652, 499495908, 16, 0, 1
11831, 499507739, 27, 0, 1
6132, 499513871, 32, 0, 1
5646, 499519517, 21, 0, 1
5652, 499525169, 22, 0, 1
11764, 499536933, 33, 0, 1
6156, 499543089, 21, 0, 1
5634, 499548723, 16, 0, 1
5652, 499554375, 16, 0, 1
11763, 499566138, 51, 0, 1
6138, 499572276, 21, 0, 1
893588, 500465864, 14895, 1364, 5
8568, 500474432, 755, 0, 1
13407, 500487839, 88, 0, 1
12089, 500499928, 373, 20, 1
6657, 500506585, 40, 1, 1
6720, 500513305, 35, 0, 1
14670, 500527975, 181, 4, 1
6595, 500534570, 25, 0, 1
6655, 500541225, 22, 0, 1
1651401, 1651401, 36871, 520, 4
5070835, 6722236, 68459, 4423, 14
13565329, 20287565, 33342, 4498, 19
19627740, 39915305, 17650, 4082, 7
18510887, 58426192, 21577, 3760, 7
19608919, 78035111, 19107, 2984, 7
19452357, 97487468, 18323, 4407, 11
19478888, 116966356, 18324, 4336, 11
19543248, 136509604, 18911, 3902, 7
19650030, 156159634, 19448, 3702, 7
19671989, 175831623, 18843, 4474, 11
19654123, 195485746, 18760, 2797, 7
19579858, 215065604, 18388, 4553, 11
19533911, 234599515, 19267, 3469, 7
18866291, 253465806, 24331, 3383, 7
19558676, 273024482, 19740, 3896, 7
19539429, 292563911, 19484, 4177, 7
19583928, 312147839, 19879, 4234, 7
19651434, 331799273, 19943, 4187, 7
19617094, 351416367, 19975, 4512, 11
19501207, 370917574, 19733, 4273, 11
19661852, 390579426, 20212, 3669, 7
19627294, 410206720, 19306, 4585, 11
19522828, 429729548, 19166, 3117, 7
19519323, 449248871, 19639, 4596, 11
19524226, 468773097, 20395, 5141, 11
17318619, 486091716, 27838, 3541, 7
9456439, 495548155, 17436, 85, 12
34873, 495583028, 2108, 111, 1
11795, 495594823, 36, 0, 1
5634, 495600457, 19, 0, 1
5658, 495606115, 12, 0, 1
6129, 495612244, 27, 0, 1
11748, 495623992, 46, 0, 1
5658, 495629650, 13, 0, 1
5652, 495635302, 14, 0, 1
6148, 495641450, 28, 0, 1
11784, 495653234, 25, 0, 1
5615, 495658849, 19, 0, 1
5651, 495664500, 20, 0, 1
6160, 495670660, 17, 0, 1
20423, 495691083, 285, 41, 1
5652, 495696735, 32, 0, 1
5658, 495702393, 11, 0, 1
6142, 495708535, 21, 0, 1
11775, 495720310, 28, 0, 1
5643, 495725953, 20, 0, 1
5652, 495731605, 20, 0, 1
6173, 495737778, 16, 0, 1
11764, 495749542, 40, 0, 1
5634, 495755176, 22, 0, 1
5652, 495760828, 12, 0, 1
6160, 495766988, 16, 0, 1
11800, 495778788, 34, 0, 1
7035, 495785823, 93, 0, 1
5658, 495791481, 10, 0, 1
6130, 495797611, 21, 0, 1
11770, 495809381, 27, 0, 1
5640, 495815021, 17, 0, 1
5658, 495820679, 9, 0, 1
6173, 495826852, 14, 0, 1
11742, 495838594, 31, 0, 1
5655, 495844249, 23, 0, 1
5658, 495849907, 23, 0, 1
6160, 495856067, 17, 0, 1
11753, 495867820, 31, 0, 1
5658, 495873478, 9, 0, 1
5652, 495879130, 22, 0, 1
6125, 495885255, 20, 0, 1
11783, 495897038, 36, 0, 1
5626, 495902664, 21, 0, 1
5658, 495908322, 8, 0, 1
6130, 495914452, 20, 0, 1
11796, 495926248, 39, 0, 1
5640, 495931888, 12, 0, 1
5652, 495937540, 10, 0, 1
6118, 495943658, 32, 1, 1
12986, 495956644, 93, 0, 1
6355, 495962999, 25, 1, 1
6333, 495969332, 11, 0, 1
6624, 495975956, 26, 0, 1
11758, 495987714, 41, 0, 1
5627, 495993341, 19, 0, 1
5653, 495998994, 26, 0, 1
6136, 496005130, 20, 0, 1
11797, 496016927, 38, 0, 1
5658, 496022585, 13, 0, 1
5656, 496028241, 24, 0, 1
6160, 496034401, 21, 0, 1
11780, 496046181, 37, 0, 1
5628, 496051809, 15, 0, 1
5652, 496057461, 14, 0, 1
6174, 496063635, 25, 0, 1
11735, 496075370, 36, 0, 1
5628, 496080998, 15, 0, 1
5658, 496086656, 8, 0, 1
6142, 496092798, 21, 0, 1
11771, 496104569, 35, 0, 1
5661, 496110230, 25, 0, 1
5658, 496115888, 10, 0, 1
6669, 496122557, 31, 0, 1
12949, 496135506, 42, 0, 1
6307, 496141813, 21, 0, 1
5643, 496147456, 16, 0, 1
6597, 496154053, 34, 0, 1
13177, 496167230, 60, 1, 1
6096, 496173326, 22, 0, 1
6103, 496179429, 24, 0, 1
6116, 496185545, 16, 0, 1
12214, 496197759, 32, 0, 1
6116, 496203875, 16, 0, 1
6091, 496209966, 25, 0, 1
6103, 496216069, 26, 0, 1
12192, 496228261, 48, 0, 1
6095, 496234356, 30, 0, 1
6103, 496240459, 25, 0, 1
6116, 496246575, 17, 0, 1
12232, 496258807, 33, 0, 1
6097, 496264904, 23, 0, 1
6090, 496270994, 28, 0, 1
6086, 496277080, 22, 0, 1
11805, 496288885, 50, 0, 1
6109, 496294994, 27, 0, 1
5644, 496300638, 16, 0, 1
6127, 496306765, 23, 0, 1
11747, 496318512, 37, 0, 1
5628, 496324140, 17, 0, 1
5649, 496329789, 25, 0, 1
6159, 496335948, 19, 0, 1
11796, 496347744, 25, 0, 1
5616, 496353360, 18, 0, 1
5633, 496358993, 23, 0, 1
6151, 496365144, 25, 0, 1
11787, 496376931, 50, 0, 1
5633, 496382564, 19, 0, 1
5657, 496388221, 16, 0, 1
6136, 496394357, 21, 0, 1
11787, 496406144, 44, 0, 1
5658, 496411802, 13, 0, 1
5658, 496417460, 14, 0, 1
6142, 496423602, 27, 0, 1
11740, 496435342, 39, 0, 1
5620, 496440962, 19, 0, 1
5652, 496446614, 16, 0, 1
15225, 496461839, 322, 22, 1
11763, 496473602, 64, 0, 1
5658, 496479260, 10, 0, 1
5652, 496484912, 13, 0, 1
6142, 496491054, 23, 0, 1
11817, 496502871, 48, 0, 1
5644, 496508515, 17, 0, 1
5641, 496514156, 22, 0, 1
6112, 496520268, 22, 0, 1
11809, 496532077, 46, 0, 1
5656, 496537733, 25, 0, 1
5657, 496543390, 13, 0, 1
6146, 496549536, 25, 0, 1
13164, 496562700, 59, 0, 1
5622, 496568322, 15, 0, 1
5651, 496573973, 29, 0, 1
6160, 496580133, 18, 0, 1
11795, 496591928, 36, 0, 1
5658, 496597586, 10, 0, 1
5648, 496603234, 25, 0, 1
6155, 496609389, 26, 0, 1
11799, 496621188, 32, 0, 1
5645, 496626833, 19, 0, 1
5658, 496632491, 12, 0, 1
6130, 496638621, 20, 0, 1
11788, 496650409, 42, 0, 1
5622, 496656031, 17, 0, 1
5658, 496661689, 10, 0, 1
6148, 496667837, 22, 0, 1
11799, 496679636, 32, 0, 1
5640, 496685276, 15, 0, 1
5651, 496690927, 18, 0, 1
6148, 496697075, 25, 0, 1
11777, 496708852, 39, 0, 1
5663, 496714515, 13, 0, 1
5658, 496720173, 9, 0, 1
6128, 496726301, 25, 0, 1
11810, 496738111, 39, 0, 1
5656, 496743767, 22, 0, 1
5652, 496749419, 12, 0, 1
6160, 496755579, 15, 0, 1
11766, 496767345, 31, 0, 1
5616, 496772961, 18, 0, 1
5637, 496778598, 25, 0, 1
6167, 496784765, 21, 0, 1
11776, 496796541, 32, 0, 1
5644, 496802185, 21, 0, 1
5658, 496807843, 11, 0, 1
6160, 496814003, 15, 0, 1
11778, 496825781, 25, 0, 1
5658, 496831439, 11, 0, 1
5634, 496837073, 14, 0, 1
6180, 496843253, 19, 0, 1
11796, 496855049, 22, 0, 1
5621, 496860670, 19, 0, 1
5660, 496866330, 26, 0, 1
11780, 496878110, 36, 0, 1
6151, 496884261, 13, 0, 1
5658, 496889919, 10, 0, 1
5652, 496895571, 12, 0, 1
11776, 496907347, 25, 0, 1
6138, 496913485, 17, 0, 1
5651, 496919136, 18, 0, 1
5658, 496924794, 13, 0, 1
13195, 496937989, 52, 0, 1
6095, 496944084, 26, 0, 1
5655, 496949739, 33, 0, 1
5658, 496955397, 12, 0, 1
11754, 496967151, 45, 0, 1
6147, 496973298, 25, 0, 1
5658, 496978956, 11, 0, 1
5657, 496984613, 17, 0, 1
11797, 496996410, 30, 0, 1
6102, 497002512, 29, 0, 1
5658, 497008170, 13, 0, 1
5658, 497013828, 11, 0, 1
11794, 497025622, 35, 0, 1
6112, 497031734, 28, 0, 1
5625, 497037359, 21, 0, 1
5633, 497042992, 24, 0, 1
11821, 497054813, 40, 0, 1
6095, 497060908, 27, 0, 1
6129, 497067037, 21, 0, 1
5666, 497072703, 35, 0, 1
11746, 497084449, 42, 0, 1
6138, 497090587, 18, 0, 1
5659, 497096246, 29, 0, 1
5646, 497101892, 22, 0, 1
11814, 497113706, 34, 0, 1
6151, 497119857, 16, 0, 1
5639, 497125496, 20, 0, 1
5646, 497131142, 30, 0, 1
11817, 497142959, 32, 0, 1
6108, 497149067, 18, 0, 1
5638, 497154705, 20, 0, 1
5648, 497160353, 26, 0, 1
11800, 497172153, 30, 0, 1
6117, 497178270, 26, 0, 1
5661, 497183931, 26, 0, 1
5658, 497189589, 30, 7, 1
11828, 497201417, 43, 0, 1
6164, 497207581, 17, 0, 1
5657, 497213238, 27, 0, 1
5658, 497218896, 11, 0, 1
11748, 497230644, 43, 0, 1
6125, 497236769, 25, 0, 1
5650, 497242419, 24, 0, 1
5645, 497248064, 20, 0, 1
11795, 497259859, 30, 0, 1
6138, 497265997, 15, 0, 1
5651, 497271648, 19, 0, 1
5658, 497277306, 9, 0, 1
11768, 497289074, 36, 0, 1
6138, 497295212, 15, 0, 1
5637, 497300849, 22, 0, 1
7038, 497307887, 41, 0, 1
11804, 497319691, 33, 0, 1
6108, 497325799, 19, 0, 1
5639, 497331438, 24, 0, 1
5652, 497337090, 14, 0, 1
11776, 497348866, 45, 0, 1
7043, 497355909, 104, 4, 1
5634, 497361543, 15, 0, 1
5638, 497367181, 25, 0, 1
11772, 497378953, 36, 0, 1
6132, 497385085, 18, 0, 1
5616, 497390701, 21, 0, 1
5657, 497396358, 32, 0, 1
11805, 497408163, 39, 0, 1
6138, 497414301, 18, 0, 1
5658, 497419959, 10, 0, 1
5643, 497425602, 25, 0, 1
11781, 497437383, 36, 0, 1
6114, 497443497, 22, 0, 1
5658, 497449155, 12, 0, 1
5652, 497454807, 16, 0, 1
11793, 497466600, 37, 0, 1
6124, 497472724, 30, 0, 1
5652, 497478376, 16, 0, 1
5634, 497484010, 29, 0, 1
11824, 497495834, 24, 0, 1
6114, 497501948, 21, 0, 1
5658, 497507606, 13, 0, 1
5615, 497513221, 20, 0, 1
11797, 497525018, 37, 0, 1
6138, 497531156, 16, 0, 1
5658, 497536814, 11, 0, 1
5648, 497542462, 28, 0, 1
11813, 497554275, 28, 0, 1
6101, 497560376, 25, 0, 1
5616, 497565992, 22, 0, 1
5663, 497571655, 28, 0, 1
11792, 497583447, 29, 0, 1
6152, 497589599, 20, 0, 1
5646, 497595245, 19, 0, 1
5658, 497600903, 11, 0, 1
11785, 497612688, 40, 0, 1
6138, 497618826, 16, 0, 1
5658, 497624484, 12, 0, 1
5658, 497630142, 11, 0, 1
11781, 497641923, 36, 0, 1
6138, 497648061, 16, 0, 1
5658, 497653719, 11, 0, 1
5658, 497659377, 14, 0, 1
11776, 497671153, 43, 0, 1
6151, 497677304, 18, 0, 1
6993, 497684297, 30, 0, 1
5652, 497689949, 16, 0, 1
11792, 497701741, 33, 0, 1
6138, 497707879, 17, 0, 1
5658, 497713537, 13, 0, 1
5668, 497719205, 29, 0, 1
11825, 497731030, 33, 0, 1
6138, 497737168, 17, 0, 1
5621, 497742789, 21, 0, 1
5646, 497748435, 21, 0, 1
11782, 497760217, 45, 0, 1
6138, 497766355, 16, 0, 1
5638, 497771993, 24, 0, 1
5658, 497777651, 13, 0, 1
11822, 497789473, 32, 0, 1
6143, 497795616, 31, 0, 1
5634, 497801250, 20, 0, 1
5646, 497806896, 15, 0, 1
11781, 497818677, 41, 0, 1
6151, 497824828, 18, 0, 1
5655, 497830483, 29, 0, 1
5655, 497836138, 24, 0, 1
11794, 497847932, 27, 0, 1
6120, 497854052, 20, 0, 1
5646, 497859698, 17, 0, 1
5658, 497865356, 12, 0, 1
15129, 497880485, 219, 5, 1
890293, 498770778, 14553, 1259, 5
8074, 498778852, 749, 6, 1
6707, 498785559, 38, 0, 1
21187, 498806746, 424, 34, 1
14375, 498821121, 433, 20, 1
6691, 498827812, 33, 0, 1
6712, 498834524, 26, 0, 1
14943, 498849467, 155, 5, 1
3164316, 3164316, 60327, 1229, 14
3858563, 7022879, 48775, 4544, 4
15777361, 22800240, 32543, 4717, 2
19188286, 41988526, 20353, 3930, 7
19044490, 61033016, 21657, 4089, 7
19642215, 80675231, 19474, 2779, 7
19434314, 100109545, 19739, 4431, 11
19454306, 119563851, 19398, 4452, 11
15660161, 135224012, 22685, 4558, 19
19428233, 154652245, 20113, 3556, 7
19152867, 173805112, 18891, 4365, 11
19648597, 193453709, 19442, 3472, 7
19555619, 213009328, 21484, 4074, 7
19548472, 232557800, 20964, 3995, 7
19589661, 252147461, 19560, 3273, 7
18862676, 271010137, 24107, 3583, 7
18914303, 289924440, 20276, 4513, 11
19331039, 309255479, 19642, 3724, 7
19371204, 328626683, 19415, 4050, 7
19727789, 348354472, 19329, 4616, 11
19589602, 367944074, 18794, 4525, 11
19716022, 387660096, 19375, 3597, 7
19654654, 407314750, 18843, 4709, 11
19680126, 426994876, 19325, 3558, 7
19661254, 446656130, 18446, 4015, 7
19533060, 466189190, 19689, 5164, 11
18322843, 484512033, 30518, 4447, 11
10542295, 495054328, 15816, 56, 12
1340941, 496395269, 4561, 113, 5
13127, 496408396, 69, 0, 1
6431, 496414827, 14, 0, 1
6431, 496421258, 15, 0, 1
6720, 496427978, 25, 0, 1
13159, 496441137, 45, 0, 1
6549, 496447686, 42, 0, 1
6417, 496454103, 27, 0, 1
6744, 496460847, 17, 0, 1
13128, 496473975, 41, 0, 1
6431, 496480406, 12, 0, 1
6424, 496486830, 30, 0, 1
6741, 496493571, 30, 0, 1
13127, 496506698, 39, 0, 1
6383, 496513081, 22, 0, 1
6431, 496519512, 15, 0, 1
6702, 496526214, 31, 0, 1
13147, 496539361, 40, 0, 1
6431, 496545792, 14, 0, 1
6416, 496552208, 32, 0, 1
6737, 496558945, 25, 0, 1
13147, 496572092, 44, 0, 1
6431, 496578523, 13, 0, 1
6431, 496584954, 17, 0, 1
6743, 496591697, 22, 0, 1
13152, 496604849, 43, 0, 1
6431, 496611280, 14, 0, 1
6425, 496617705, 19, 0, 1
6744, 496624449, 18, 0, 1
14524, 496638973, 114, 0, 1
6608, 496645581, 32, 0, 1
6418, 496651999, 25, 0, 1
6770, 496658769, 17, 0, 1
13140, 496671909, 30, 0, 1
6395, 496678304, 24, 0, 1
6427, 496684731, 32, 0, 1
6707, 496691438, 26, 0, 1
13165, 496704603, 35, 0, 1
6431, 496711034, 15, 0, 1
6431, 496717465, 15, 0, 1
6701, 496724166, 29, 0, 1
13153, 496737319, 27, 0, 1
6395, 496743714, 23, 0, 1
6423, 496750137, 29, 0, 1
6757, 496756894, 16, 0, 1
13181, 496770075, 49, 0, 1
6431, 496776506, 15, 0, 1
6431, 496782937, 14, 0, 1
13167, 496796104, 39, 0, 1
6722, 496802826, 19, 0, 1
6576, 496809402, 28, 0, 1
6431, 496815833, 15, 0, 1
13168, 496829001, 46, 0, 1
6722, 496835723, 19, 0, 1
6407, 496842130, 24, 0, 1
6431, 496848561, 14, 0, 1
13142, 496861703, 41, 0, 1
6728, 496868431, 26, 0, 1
6425, 496874856, 13, 0, 1
6431, 496881287, 17, 0, 1
13128, 496894415, 48, 0, 1
6729, 496901144, 23, 0, 1
6431, 496907575, 16, 0, 1
6431, 496914006, 17, 0, 1
13180, 496927186, 53, 0, 1
6722, 496933908, 20, 0, 1
6431, 496940339, 15, 0, 1
6430, 496946769, 25, 0, 1
13157, 496959926, 36, 0, 1
6735, 496966661, 19, 0, 1
6401, 496973062, 20, 0, 1
6431, 496979493, 15, 0, 1
13410, 496992903, 69, 0, 1
6827, 496999730, 31, 0, 1
6502, 497006232, 22, 0, 1
6396, 497012628, 21, 0, 1
13257, 497025885, 53, 0, 1
6722, 497032607, 16, 0, 1
6687, 497039294, 22, 0, 1
6663, 497045957, 27, 0, 1
14721, 497060678, 54, 0, 1
6700, 497067378, 19, 0, 1
6729, 497074107, 35, 0, 1
6680, 497080787, 31, 0, 1
13358, 497094145, 48, 0, 1
6700, 497100845, 17, 0, 1
6705, 497107550, 42, 0, 1
6700, 497114250, 21, 0, 1
13388, 497127638, 41, 0, 1
6703, 497134341, 26, 0, 1
6682, 497141023, 25, 0, 1
6652, 497147675, 27, 0, 1
13088, 497160763, 46, 0, 1
6722, 497167485, 20, 0, 1
6688, 497174173, 22, 0, 1
6425, 497180598, 17, 0, 1
13146, 497193744, 48, 0, 1
6684, 497200428, 25, 0, 1
6412, 497206840, 23, 0, 1
6431, 497213271, 15, 0, 1
13137, 497226408, 36, 0, 1
6735, 497233143, 18, 0, 1
6431, 497239574, 16, 0, 1
6416, 497245990, 26, 0, 1
13163, 497259153, 42, 0, 1
6722, 497265875, 16, 0, 1
6431, 497272306, 13, 0, 1
6420, 497278726, 27, 0, 1
13182, 497291908, 33, 0, 1
6680, 497298588, 22, 0, 1
6395, 497304983, 19, 0, 1
6425, 497311408, 24, 0, 1
13163, 497324571, 33, 0, 1
6722, 497331293, 16, 0, 1
6389, 497337682, 20, 0, 1
6418, 497344100, 32, 0, 1
22185, 497366285, 370, 2, 1
6722, 497373007, 19, 0, 1
6434, 497379441, 34, 0, 1
6425, 497385866, 18, 0, 1
13167, 497399033, 44, 0, 1
6729, 497405762, 18, 0, 1
6416, 497412178, 26, 0, 1
6425, 497418603, 17, 0, 1
13163, 497431766, 32, 0, 1
6722, 497438488, 18, 0, 1
6393, 497444881, 22, 0, 1
6419, 497451300, 17, 0, 1
13176, 497464476, 34, 0, 1
6718, 497471194, 38, 0, 1
6412, 497477606, 22, 0, 1
7808, 497485414, 28, 0, 1
13153, 497498567, 38, 0, 1
6746, 497505313, 28, 0, 1
6537, 497511850, 25, 0, 1
6429, 497518279, 22, 0, 1
13155, 497531434, 34, 0, 1
6716, 497538150, 23, 0, 1
6413, 497544563, 20, 0, 1
6608, 497551171, 34, 0, 1
14057, 497565228, 96, 5, 1
6722, 497571950, 20, 0, 1
6425, 497578375, 28, 0, 1
6431, 497584806, 16, 0, 1
13169, 497597975, 34, 0, 1
6722, 497604697, 20, 0, 1
6414, 497611111, 22, 0, 1
6431, 497617542, 15, 0, 1
13158, 497630700, 30, 0, 1
6722, 497637422, 18, 0, 1
6421, 497643843, 31, 0, 1
6425, 497650268, 20, 0, 1
13144, 497663412, 38, 0, 1
6709, 497670121, 28, 0, 1
6388, 497676509, 23, 0, 1
6425, 497682934, 17, 0, 1
13149, 497696083, 35, 0, 1
6712, 497702795, 34, 0, 1
6431, 497709226, 11, 0, 1
6425, 497715651, 18, 0, 1
13169, 497728820, 38, 0, 1
6705, 497735525, 20, 0, 1
6441, 497741966, 34, 0, 1
6409, 497748375, 28, 0, 1
13133, 497761508, 35, 0, 1
6735, 497768243, 16, 0, 1
6394, 497774637, 22, 0, 1
6418, 497781055, 33, 0, 1
13175, 497794230, 26, 0, 1
6704, 497800934, 26, 0, 1
6431, 497807365, 14, 0, 1
6418, 497813783, 23, 0, 1
13170, 497826953, 45, 0, 1
6722, 497833675, 17, 0, 1
6435, 497840110, 23, 0, 1
6427, 497846537, 23, 0, 1
13158, 497859695, 47, 0, 1
6716, 497866411, 21, 0, 1
6413, 497872824, 17, 0, 1
6429, 497879253, 26, 0, 1
13182, 497892435, 31, 0, 1
6715, 497899150, 26, 0, 1
7760, 497906910, 38, 0, 1
6435, 497913345, 31, 0, 1
13150, 497926495, 40, 0, 1
6748, 497933243, 18, 0, 1
6425, 497939668, 12, 0, 1
6425, 497946093, 18, 0, 1
13160, 497959253, 42, 0, 1
6720, 497965973, 30, 0, 1
6418, 497972391, 20, 0, 1
6425, 497978816, 18, 0, 1
13161, 497991977, 47, 0, 1
6716, 497998693, 20, 0, 1
6400, 498005093, 23, 0, 1
6425, 498011518, 21, 0, 1
13149, 498024667, 35, 0, 1
6882, 498031549, 35, 0, 1
6401, 498037950, 19, 0, 1
6423, 498044373, 21, 0, 1
13151, 498057524, 31, 0, 1
6719, 498064243, 35, 0, 1
6401, 498070644, 20, 0, 1
6418, 498077062, 22, 0, 1
13176, 498090238, 29, 0, 1
6679, 498096917, 27, 0, 1
6417, 498103334, 19, 0, 1
6407, 498109741, 31, 0, 1
13174, 498122915, 32, 0, 1
6722, 498129637, 16, 0, 1
6413, 498136050, 15, 0, 1
6431, 498142481, 12, 0, 1
13164, 498155645, 29, 0, 1
6891, 498162536, 25, 0, 1
6431, 498168967, 13, 0, 1
6411, 498175378, 22, 0, 1
13262, 498188640, 36, 1, 1
14979, 498203619, 256, 56, 1
6372, 498209991, 46, 0, 1
6413, 498216404, 30, 0, 1
13154, 498229558, 40, 0, 1
6713, 498236271, 29, 0, 1
6425, 498242696, 18, 0, 1
6431, 498249127, 15, 0, 1
13176, 498262303, 26, 0, 1
6704, 498269007, 21, 0, 1
6431, 498275438, 10, 0, 1
6431, 498281869, 14, 0, 1
13127, 498294996, 36, 0, 1
6729, 498301725, 21, 0, 1
6404, 498308129, 20, 0, 1
6424, 498314553, 22, 0, 1
13163, 498327716, 32, 0, 1
8067, 498335783, 45, 0, 1
6422, 498342205, 22, 0, 1
6417, 498348622, 20, 0, 1
13179, 498361801, 45, 0, 1
6710, 498368511, 21, 0, 1
6431, 498374942, 14, 0, 1
6401, 498381343, 23, 0, 1
13157, 498394500, 29, 0, 1
6710, 498401210, 23, 0, 1
6412, 498407622, 18, 0, 1
6431, 498414053, 15, 0, 1
13140, 498427193, 31, 0, 1
6710, 498433903, 28, 0, 1
6398, 498440301, 27, 0, 1
6431, 498446732, 13, 0, 1
13157, 498459889, 40, 0, 1
6699, 498466588, 24, 0, 1
6412, 498473000, 24, 0, 1
6431, 498479431, 18, 0, 1
13147, 498492578, 46, 0, 1
6692, 498499270, 28, 0, 1
6431, 498505701, 11, 0, 1
6425, 498512126, 37, 7, 1
13145, 498525271, 36, 0, 1
6704, 498531975, 21, 0, 1
6407, 498538382, 19, 0, 1
6431, 498544813, 13, 0, 1
13155, 498557968, 29, 0, 1
6723, 498564691, 24, 0, 1
6431, 498571122, 12, 0, 1
6395, 498577517, 19, 0, 1
13173, 498590690, 43, 0, 1
6722, 498597412, 17, 0, 1
6418, 498603830, 20, 0, 1
6431, 498610261, 14, 0, 1
13170, 498623431, 39, 0, 1
6722, 498630153, 14, 0, 1
6416, 498636569, 16, 0, 1
6417, 498642986, 20, 0, 1
13186, 498656172, 46, 0, 1
6722, 498662894, 18, 0, 1
6431, 498669325, 11, 0, 1
6401, 498675726, 23, 0, 1
13180, 498688906, 38, 0, 1
6716, 498695622, 23, 0, 1
6431, 498702053, 10, 0, 1
6418, 498708471, 23, 0, 1
13169, 498721640, 45, 0, 1
6735, 498728375, 18, 0, 1
6407, 498734782, 20, 0, 1
6425, 498741207, 17, 0, 1
14536, 498755743, 54, 0, 1
6702, 498762445, 30, 0, 1
6425, 498768870, 14, 0, 1
6430, 498775300, 17, 0, 1
13185, 498788485, 48, 0, 1
6722, 498795207, 16, 0, 1
6395, 498801602, 18, 0, 1
6405, 498808007, 28, 0, 1
13135, 498821142, 44, 0, 1
6735, 498827877, 17, 0, 1
6424, 498834301, 28, 0, 1
6431, 498840732, 15, 0, 1
13148, 498853880, 37, 0, 1
6845, 498860725, 29, 0, 1
6419, 498867144, 17, 0, 1
6431, 498873575, 14, 0, 1
13170, 498886745, 25, 0, 1
6722, 498893467, 17, 0, 1
6422, 498899889, 30, 0, 1
6401, 498906290, 22, 0, 1
13156, 498919446, 31, 0, 1
10036, 498929482, 188, 4, 1
892326, 499821808, 15168, 1199, 5
6593, 499828401, 58, 0, 1
13772, 499842173, 67, 0, 1
12220, 499854393, 377, 31, 1
6855, 499861248, 34, 0, 1
13746, 499874994, 52, 0, 1
8468, 499883462, 125, 6, 1
6801, 499890263, 30, 0, 1
3105202, 3105202, 58408, 1161, 14
3871407, 6976609, 48339, 4651, 4
15661073, 22637682, 33175, 4678, 2
19225944, 41863626, 20553, 3995, 7
19057561, 60921187, 21177, 4108, 7
19687425, 80608612, 18819, 2772, 7
19466590, 100075202, 18007, 4506, 11
14796440, 114871642, 20986, 4918, 19
19071639, 133943281, 18857, 3984, 7
19656168, 153599449, 19148, 3694, 7
19193263, 172792712, 21066, 4468, 11
19681564, 192474276, 18757, 3426, 7
19576802, 212051078, 18650, 3907, 7
19603834, 231654912, 20331, 4163, 7
19376305, 251031217, 19127, 2983, 7
18867091, 269898308, 24081, 3607, 7
18764236, 288662544, 19374, 4396, 11
19469840, 308132384, 19586, 3748, 7
19643935, 327776319, 19292, 4300, 11
19757270, 347533589, 19312, 4629, 11
19558106, 367091695, 19508, 4463, 11
19686674, 386778369, 19922, 3594, 7
19635047, 406413416, 18984, 4673, 11
19658942, 426072358, 18727, 3491, 7
19669375, 445741733, 19106, 4145, 7
19584909, 465326642, 19774, 5101, 11
18621225, 483947867, 27811, 4689, 11
10829392, 494777259, 19226, 60, 12
1594638, 496371897, 4458, 120, 5
11759, 496383656, 43, 0, 1
5628, 496389284, 21, 0, 1
5658, 496394942, 11, 0, 1
6161, 496401103, 19, 0, 1
11750, 496412853, 47, 0, 1
5658, 496418511, 13, 0, 1
5636, 496424147, 27, 0, 1
6160, 496430307, 18, 0, 1
11795, 496442102, 32, 0, 1
5646, 496447748, 21, 0, 1
5652, 496453400, 17, 0, 1
6186, 496459586, 20, 0, 1
11781, 496471367, 41, 0, 1
5643, 496477010, 26, 0, 1
5653, 496482663, 27, 0, 1
6142, 496488805, 24, 0, 1
11803, 496500608, 28, 0, 1
5622, 496506230, 21, 0, 1
5658, 496511888, 13, 0, 1
6142, 496518030, 20, 0, 1
11783, 496529813, 31, 0, 1
5632, 496535445, 18, 0, 1
5654, 496541099, 30, 0, 1
6173, 496547272, 17, 0, 1
11796, 496559068, 20, 0, 1
5652, 496564720, 12, 0, 1
5640, 496570360, 13, 0, 1
6160, 496576520, 18, 1, 1
11803, 496588323, 27, 0, 1
5626, 496593949, 19, 0, 1
5652, 496599601, 24, 0, 1
6160, 496605761, 16, 0, 1
11788, 496617549, 38, 0, 1
5645, 496623194, 19, 0, 1
5658, 496628852, 11, 0, 1
6151, 496635003, 28, 0, 1
11795, 496646798, 33, 0, 1
5658, 496652456, 11, 0, 1
5658, 496658114, 12, 0, 1
6136, 496664250, 22, 0, 1
11757, 496676007, 36, 0, 1
5658, 496681665, 11, 0, 1
7035, 496688700, 81, 0, 1
6173, 496694873, 17, 0, 1
11788, 496706661, 39, 0, 1
5644, 496712305, 19, 0, 1
5658, 496717963, 9, 0, 1
6117, 496724080, 23, 0, 1
11809, 496735889, 35, 0, 1
5616, 496741505, 20, 0, 1
5657, 496747162, 20, 0, 1
6160, 496753322, 18, 0, 1
11763, 496765085, 35, 0, 1
5615, 496770700, 20, 0, 1
5644, 496776344, 24, 0, 1
7061, 496783405, 98, 7, 1
11776, 496795181, 41, 0, 1
5645, 496800826, 19, 0, 1
5658, 496806484, 13, 0, 1
6033, 496812517, 25, 0, 1
11822, 496824339, 24, 0, 1
5646, 496829985, 19, 0, 1
5658, 496835643, 12, 0, 1
6160, 496841803, 16, 0, 1
11784, 496853587, 28, 0, 1
5658, 496859245, 12, 0, 1
5658, 496864903, 12, 0, 1
6161, 496871064, 22, 0, 1
11796, 496882860, 21, 0, 1
5640, 496888500, 16, 0, 1
5658, 496894158, 12, 0, 1
6681, 496900839, 72, 0, 1
15030, 496915869, 216, 3, 1
6315, 496922184, 60, 10, 1
5636, 496927820, 34, 0, 1
6619, 496934439, 31, 0, 1
11779, 496946218, 29, 0, 1
6104, 496952322, 22, 0, 1
6098, 496958420, 23, 0, 1
6074, 496964494, 22, 0, 1
12221, 496976715, 26, 0, 1
6094, 496982809, 28, 0, 1
6098, 496988907, 19, 0, 1
12194, 497001101, 49, 0, 1
6098, 497007199, 25, 0, 1
6088, 497013287, 26, 0, 1
6129, 497019416, 16, 0, 1
12178, 497031594, 33, 0, 1
6116, 497037710, 13, 0, 1
6085, 497043795, 25, 0, 1
6104, 497049899, 23, 0, 1
11707, 497061606, 43, 0, 1
6133, 497067739, 19, 0, 1
7484, 497075223, 42, 0, 1
5658, 497080881, 9, 0, 1
11765, 497092646, 33, 0, 1
6138, 497098784, 16, 0, 1
5610, 497104394, 20, 0, 1
5656, 497110050, 24, 0, 1
11831, 497121881, 24, 0, 1
6124, 497128005, 22, 0, 1
5630, 497133635, 23, 0, 1
5652, 497139287, 30, 0, 1
11781, 497151068, 42, 0, 1
6138, 497157206, 15, 0, 1
5634, 497162840, 18, 0, 1
5625, 497168465, 21, 0, 1
11767, 497180232, 40, 0, 1
6113, 497186345, 21, 0, 1
5637, 497191982, 21, 0, 1
5658, 497197640, 10, 0, 1
11800, 497209440, 22, 0, 1
6164, 497215604, 16, 0, 1
5632, 497221236, 19, 0, 1
5658, 497226894, 7, 0, 1
11752, 497238646, 41, 0, 1
6138, 497244784, 15, 0, 1
5610, 497250394, 20, 0, 1
5657, 497256051, 21, 0, 1
11829, 497267880, 35, 0, 1
6132, 497274012, 20, 0, 1
5634, 497279646, 18, 0, 1
5658, 497285304, 11, 0, 1
11793, 497297097, 25, 0, 1
6151, 497303248, 15, 0, 1
5656, 497308904, 27, 0, 1
5649, 497314553, 19, 0, 1
11780, 497326333, 47, 0, 1
6108, 497332441, 23, 0, 1
5658, 497338099, 9, 0, 1
5652, 497343751, 14, 0, 1
20868, 497364619, 335, 4, 1
6138, 497370757, 18, 0, 1
5632, 497376389, 19, 0, 1
5638, 497382027, 23, 0, 1
11776, 497393803, 30, 0, 1
6125, 497399928, 21, 0, 1
5616, 497405544, 21, 0, 1
5646, 497411190, 22, 0, 1
11800, 497422990, 33, 0, 1
6138, 497429128, 18, 0, 1
5633, 497434761, 15, 0, 1
5658, 497440419, 10, 0, 1
11780, 497452199, 34, 0, 1
7490, 497459689, 40, 0, 1
5627, 497465316, 17, 0, 1
5654, 497470970, 26, 0, 1
11806, 497482776, 28, 0, 1
6138, 497488914, 17, 0, 1
5632, 497494546, 20, 0, 1
5622, 497500168, 17, 0, 1
11807, 497511975, 49, 0, 1
6102, 497518077, 24, 0, 1
5652, 497523729, 15, 0, 1
5652, 497529381, 14, 0, 1
11804, 497541185, 40, 0, 1
6145, 497547330, 16, 0, 1
5658, 497552988, 10, 0, 1
5658, 497558646, 13, 0, 1
11801, 497570447, 39, 0, 1
6138, 497576585, 14, 0, 1
5651, 497582236, 15, 0, 1
5658, 497587894, 8, 0, 1
11808, 497599702, 33, 0, 1
6138, 497605840, 15, 0, 1
5616, 497611456, 19, 0, 1
5643, 497617099, 28, 0, 1
11800, 497628899, 33, 0, 1
6138, 497635037, 16, 0, 1
5628, 497640665, 13, 0, 1
5651, 497646316, 19, 0, 1
11801, 497658117, 27, 0, 1
6120, 497664237, 23, 0, 1
5658, 497669895, 11, 0, 1
5655, 497675550, 27, 0, 1
11812, 497687362, 38, 0, 1
6145, 497693507, 26, 0, 1
5658, 497699165, 12, 0, 1
5658, 497704823, 11, 0, 1
11804, 497716627, 51, 0, 1
6138, 497722765, 19, 0, 1
5640, 497728405, 16, 0, 1
5639, 497734044, 27, 0, 1
11782, 497745826, 35, 0, 1
6126, 497751952, 21, 0, 1
5622, 497757574, 18, 0, 1
5652, 497763226, 15, 0, 1
11789, 497775015, 40, 0, 1
6151, 497781166, 15, 0, 1
5638, 497786804, 26, 0, 1
5640, 497792444, 18, 0, 1
11812, 497804256, 29, 0, 1
6138, 497810394, 16, 0, 1
5620, 497816014, 24, 0, 1
5628, 497821642, 13, 0, 1
13193, 497834835, 43, 0, 1
6138, 497840973, 20, 0, 1
5634, 497846607, 26, 0, 1
5654, 497852261, 31, 0, 1
11812, 497864073, 29, 0, 1
6124, 497870197, 27, 0, 1
5622, 497875819, 20, 0, 1
5658, 497881477, 12, 0, 1
11810, 497893287, 44, 0, 1
6138, 497899425, 17, 0, 1
5645, 497905070, 27, 0, 1
5649, 497910719, 26, 0, 1
11792, 497922511, 46, 0, 1
6151, 497928662, 14, 0, 1
5622, 497934284, 17, 0, 1
5650, 497939934, 25, 0, 1
11806, 497951740, 27, 0, 1
6095, 497957835, 25, 0, 1
5658, 497963493, 9, 0, 1
5652, 497969145, 15, 0, 1
11811, 497980956, 41, 0, 1
6138, 497987094, 17, 0, 1
5625, 497992719, 21, 0, 1
5658, 497998377, 12, 0, 1
11788, 498010165, 36, 0, 1
6151, 498016316, 16, 0, 1
5628, 498021944, 21, 0, 1
5649, 498027593, 27, 0, 1
11793, 498039386, 38, 0, 1
6117, 498045503, 26, 0, 1
5650, 498051153, 22, 0, 1
5657, 498056810, 22, 0, 1
11806, 498068616, 34, 0, 1
6118, 498074734, 27, 0, 1
5658, 498080392, 12, 0, 1
5658, 498086050, 12, 0, 1
11778, 498097828, 46, 0, 1
6119, 498103947, 24, 0, 1
5620, 498109567, 19, 0, 1
5646, 498115213, 13, 0, 1
11795, 498127008, 38, 0, 1
6138, 498133146, 16, 0, 1
5645, 498138791, 22, 0, 1
5658, 498144449, 12, 0, 1
11783, 498156232, 38, 0, 1
6151, 498162383, 17, 0, 1
5620, 498168003, 18, 0, 1
5645, 498173648, 21, 0, 1
11764, 498185412, 46, 0, 1
6138, 498191550, 19, 0, 1
5639, 498197189, 22, 0, 1
5652, 498202841, 14, 0, 1
13187, 498216028, 48, 0, 1
6131, 498222159, 26, 0, 1
5626, 498227785, 22, 0, 1
5652, 498233437, 15, 0, 1
11803, 498245240, 45, 0, 1
6151, 498251391, 18, 0, 1
5655, 498257046, 29, 0, 1
5658, 498262704, 11, 0, 1
11810, 498274514, 33, 0, 1
6118, 498280632, 28, 0, 1
5655, 498286287, 37, 4, 1
5658, 498291945, 11, 0, 1
11795, 498303740, 25, 0, 1
6136, 498309876, 35, 0, 1
5652, 498315528, 16, 0, 1
5658, 498321186, 13, 0, 1
11772, 498332958, 48, 0, 1
6138, 498339096, 17, 0, 1
5610, 498344706, 19, 0, 1
5658, 498350364, 11, 0, 1
11832, 498362196, 31, 0, 1
6102, 498368298, 23, 0, 1
5626, 498373924, 24, 0, 1
5658, 498379582, 12, 0, 1
11763, 498391345, 36, 0, 1
6151, 498397496, 18, 0, 1
5645, 498403141, 17, 0, 1
5658, 498408799, 12, 0, 1
11817, 498420616, 37, 0, 1
6109, 498426725, 20, 0, 1
5632, 498432357, 23, 0, 1
5646, 498438003, 16, 0, 1
11802, 498449805, 39, 0, 1
6132, 498455937, 16, 0, 1
5658, 498461595, 11, 0, 1
5651, 498467246, 20, 0, 1
11815, 498479061, 38, 0, 1
6151, 498485212, 18, 0, 1
5667, 498490879, 22, 0, 1
5638, 498496517, 26, 0, 1
11811, 498508328, 28, 0, 1
6145, 498514473, 33, 0, 1
5656, 498520129, 23, 0, 1
5651, 498525780, 19, 0, 1
11825, 498537605, 33, 0, 1
6125, 498543730, 26, 0, 1
5658, 498549388, 9, 0, 1
5658, 498555046, 12, 0, 1
11774, 498566820, 40, 0, 1
6132, 498572952, 18, 0, 1
5652, 498578604, 15, 0, 1
7010, 498585614, 40, 0, 1
11763, 498597377, 41, 0, 1
6118, 498603495, 26, 0, 1
5644, 498609139, 22, 0, 1
5646, 498614785, 27, 0, 1
11811, 498626596, 34, 0, 1
559872, 499186468, 10144, 885, 5
324680, 499511148, 5411, 277, 1
6725, 499517873, 64, 0, 1
18470, 499536343, 367, 11, 1
6399, 499542742, 37, 0, 1
7090, 499549832, 27, 0, 1
6393, 499556225, 16, 0, 1
14827, 499571052, 192, 4, 1
