2728125, 2728125, 55360, 3343, 4
8602077, 11330202, 73166, 12034, 13
19250941, 30581143, 18212, 5264, 11
18965439, 49546582, 19622, 5047, 11
19273674, 68820256, 22219, 5791, 11
19468489, 88288745, 19116, 5231, 11
19298935, 107587680, 18517, 5208, 11
18558594, 126146274, 24219, 7009, 2
18925635, 145071909, 19245, 5180, 11
19647408, 164719317, 18845, 5188, 11
19431953, 184151270, 19894, 5272, 11
19375601, 203526871, 19392, 5243, 11
19200447, 222727318, 19382, 5237, 11
19170924, 241898242, 18710, 5162, 11
18475792, 260374034, 23870, 5027, 11
19453461, 279827495, 19297, 5295, 11
19468401, 299295896, 18978, 5177, 11
19626401, 318922297, 19129, 5330, 11
19619170, 338541467, 19352, 5306, 11
19572621, 358114088, 19015, 5369, 11
19558833, 377672921, 19725, 5232, 11
19532982, 397205903, 19342, 5276, 11
19607796, 416813699, 19134, 5307, 11
19552873, 436366572, 19045, 5209, 11
19540405, 455906977, 19754, 5226, 11
19583646, 475490623, 19365, 5254, 11
15469190, 490959813, 31594, 2633, 19
5421477, 496381290, 10533, 581, 6
11793, 496393083, 419, 23, 1
6131, 496399214, 28, 1, 1
5616, 496404830, 18, 0, 1
5658, 496410488, 13, 0, 1
11810, 496422298, 30, 0, 1
6151, 496428449, 16, 0, 1
5649, 496434098, 19, 0, 1
5658, 496439756, 9, 0, 1
11787, 496451543, 38, 0, 1
6114, 496457657, 22, 0, 1
5658, 496463315, 12, 0, 1
5658, 496468973, 13, 0, 1
11824, 496480797, 44, 0, 1
6119, 496486916, 26, 0, 1
5678, 496492594, 22, 0, 1
5658, 496498252, 15, 0, 1
13155, 496511407, 120, 10, 1
6138, 496517545, 15, 0, 1
5632, 496523177, 20, 0, 1
5661, 496528838, 24, 0, 1
11814, 496540652, 31, 0, 1
6138, 496546790, 15, 0, 1
5638, 496552428, 20, 0, 1
5654, 496558082, 30, 0, 1
11790, 496569872, 45, 0, 1
6151, 496576023, 19, 0, 1
5652, 496581675, 19, 0, 1
5651, 496587326, 20, 0, 1
11805, 496599131, 28, 0, 1
6138, 496605269, 16, 0, 1
5658, 496610927, 15, 0, 1
5652, 496616579, 14, 0, 1
11810, 496628389, 44, 1, 1
6138, 496634527, 17, 0, 1
5658, 496640185, 13, 0, 1
5658, 496645843, 13, 0, 1
11827, 496657670, 43, 0, 1
6151, 496663821, 19, 0, 1
5654, 496669475, 18, 0, 1
5658, 496675133, 14, 0, 1
11818, 496686951, 22, 0, 1
6130, 496693081, 33, 0, 1
5648, 496698729, 27, 0, 1
5658, 496704387, 18, 0, 1
11824, 496716211, 38, 0, 1
6119, 496722330, 22, 0, 1
5652, 496727982, 18, 2, 1
5658, 496733640, 12, 0, 1
11804, 496745444, 45, 3, 1
6132, 496751576, 17, 0, 1
5646, 496757222, 21, 0, 1
5655, 496762877, 27, 0, 1
11812, 496774689, 43, 0, 1
6117, 496780806, 32, 0, 1
5646, 496786452, 19, 0, 1
5651, 496792103, 19, 0, 1
11803, 496803906, 29, 0, 1
6139, 496810045, 20, 0, 1
5658, 496815703, 12, 0, 1
5652, 496821355, 16, 0, 1
11800, 496833155, 31, 0, 1
6132, 496839287, 25, 0, 1
5645, 496844932, 18, 0, 1
5662, 496850594, 22, 0, 1
11831, 496862425, 30, 0, 1
6138, 496868563, 19, 0, 1
5657, 496874220, 14, 0, 1
7028, 496881248, 52, 19, 1
11812, 496893060, 42, 0, 1
6133, 496899193, 24, 0, 1
5658, 496904851, 13, 0, 1
5658, 496910509, 13, 0, 1
11806, 496922315, 49, 0, 1
6665, 496928980, 58, 0, 1
6596, 496935576, 38, 0, 1
6373, 496941949, 21, 1, 1
12932, 496954881, 52, 3, 1
6138, 496961019, 18, 0, 1
6109, 496967128, 28, 0, 1
5658, 496972786, 15, 0, 1
12233, 496985019, 42, 0, 1
6089, 496991108, 30, 0, 1
6104, 496997212, 28, 0, 1
6109, 497003321, 35, 0, 1
12210, 497015531, 54, 0, 1
6113, 497021644, 31, 0, 1
6116, 497027760, 20, 0, 1
6116, 497033876, 20, 0, 1
12245, 497046121, 39, 0, 1
6120, 497052241, 37, 0, 1
6115, 497058356, 22, 0, 1
6092, 497064448, 26, 0, 1
12232, 497076680, 33, 0, 1
6116, 497082796, 18, 0, 1
6108, 497088904, 23, 0, 1
6117, 497095021, 27, 0, 1
12232, 497107253, 37, 0, 1
6116, 497113369, 16, 0, 1
6116, 497119485, 18, 0, 1
5658, 497125143, 16, 0, 1
11795, 497136938, 42, 0, 1
6145, 497143083, 22, 0, 1
5640, 497148723, 20, 0, 1
5658, 497154381, 16, 0, 1
11818, 497166199, 25, 0, 1
6140, 497172339, 34, 0, 1
5640, 497177979, 20, 0, 1
5653, 497183632, 20, 0, 1
11841, 497195473, 46, 0, 1
6138, 497201611, 18, 0, 1
5652, 497207263, 24, 0, 1
5658, 497212921, 16, 0, 1
11768, 497224689, 41, 0, 1
6132, 497230821, 18, 0, 1
5649, 497236470, 30, 0, 1
5652, 497242122, 21, 0, 1
11805, 497253927, 37, 0, 1
6138, 497260065, 17, 0, 1
7029, 497267094, 37, 0, 1
5658, 497272752, 13, 0, 1
11770, 497284522, 51, 0, 1
6151, 497290673, 19, 0, 1
5616, 497296289, 21, 0, 1
5658, 497301947, 13, 0, 1
11818, 497313765, 24, 0, 1
6138, 497319903, 18, 0, 1
5656, 497325559, 26, 0, 1
5658, 497331217, 19, 0, 1
11823, 497343040, 35, 0, 1
6138, 497349178, 19, 0, 1
5627, 497354805, 26, 0, 1
5644, 497360449, 29, 0, 1
11818, 497372267, 26, 0, 1
6151, 497378418, 18, 0, 1
5658, 497384076, 17, 0, 1
5652, 497389728, 30, 0, 1
11802, 497401530, 42, 0, 1
6138, 497407668, 19, 0, 1
5658, 497413326, 12, 0, 1
5646, 497418972, 18, 0, 1
11811, 497430783, 41, 0, 1
6138, 497436921, 19, 0, 1
5658, 497442579, 13, 0, 1
5658, 497448237, 15, 0, 1
11818, 497460055, 28, 0, 1
6138, 497466193, 18, 0, 1
5628, 497471821, 22, 0, 1
5651, 497477472, 26, 0, 1
11843, 497489315, 53, 0, 1
6132, 497495447, 20, 0, 1
5656, 497501103, 27, 0, 1
5658, 497506761, 13, 0, 1
11803, 497518564, 36, 0, 1
17692, 497536256, 453, 32, 1
5658, 497541914, 15, 0, 1
5658, 497547572, 16, 0, 1
11800, 497559372, 50, 0, 1
6132, 497565504, 24, 0, 1
5634, 497571138, 18, 0, 1
5651, 497576789, 20, 0, 1
11856, 497588645, 41, 0, 1
6138, 497594783, 16, 0, 1
5646, 497600429, 15, 0, 1
5650, 497606079, 26, 0, 1
11795, 497617874, 36, 0, 1
7037, 497624911, 81, 26, 1
5657, 497630568, 21, 0, 1
5658, 497636226, 14, 0, 1
13164, 497649390, 63, 0, 1
6138, 497655528, 21, 0, 1
5656, 497661184, 26, 0, 1
5657, 497666841, 21, 0, 1
11815, 497678656, 49, 0, 1
6132, 497684788, 24, 0, 1
5646, 497690434, 18, 0, 1
5645, 497696079, 17, 0, 1
11811, 497707890, 36, 0, 1
6119, 497714009, 22, 0, 1
5646, 497719655, 22, 0, 1
5658, 497725313, 10, 0, 1
11831, 497737144, 38, 0, 1
6135, 497743279, 27, 0, 1
5658, 497748937, 12, 0, 1
5668, 497754605, 30, 0, 1
11810, 497766415, 36, 0, 1
6144, 497772559, 25, 0, 1
5658, 497778217, 12, 0, 1
5652, 497783869, 15, 0, 1
11798, 497795667, 40, 0, 1
6126, 497801793, 22, 0, 1
5658, 497807451, 16, 0, 1
5657, 497813108, 33, 0, 1
11835, 497824943, 46, 0, 1
6138, 497831081, 21, 0, 1
5658, 497836739, 13, 0, 1
5652, 497842391, 18, 0, 1
11809, 497854200, 36, 0, 1
14410, 497868610, 210, 40, 1
6114, 497874724, 34, 0, 1
5652, 497880376, 18, 0, 1
11817, 497892193, 46, 0, 1
6132, 497898325, 25, 0, 1
6116, 497904441, 24, 0, 1
5663, 497910104, 35, 0, 1
11796, 497921900, 30, 0, 1
6132, 497928032, 22, 0, 1
5658, 497933690, 12, 0, 1
5658, 497939348, 12, 0, 1
11803, 497951151, 41, 0, 1
6138, 497957289, 17, 0, 1
5658, 497962947, 14, 0, 1
5652, 497968599, 25, 0, 1
11822, 497980421, 51, 0, 1
6130, 497986551, 27, 0, 1
5637, 497992188, 27, 0, 1
5658, 497997846, 13, 0, 1
11833, 498009679, 44, 0, 1
6151, 498015830, 17, 0, 1
5622, 498021452, 23, 0, 1
7017, 498028469, 31, 0, 1
11806, 498040275, 43, 0, 1
6138, 498046413, 16, 0, 1
5652, 498052065, 19, 0, 1
5649, 498057714, 26, 0, 1
11807, 498069521, 32, 0, 1
6138, 498075659, 19, 0, 1
5658, 498081317, 16, 0, 1
5640, 498086957, 17, 0, 1
11805, 498098762, 35, 0, 1
6126, 498104888, 26, 0, 1
5652, 498110540, 22, 0, 1
5657, 498116197, 17, 0, 1
11800, 498127997, 33, 0, 1
6138, 498134135, 20, 0, 1
5638, 498139773, 22, 0, 1
5658, 498145431, 12, 0, 1
11823, 498157254, 35, 0, 1
6120, 498163374, 26, 0, 1
5654, 498169028, 30, 0, 1
5658, 498174686, 12, 0, 1
11794, 498186480, 39, 0, 1
6125, 498192605, 26, 0, 1
5658, 498198263, 14, 0, 1
11812, 498210075, 36, 0, 1
5646, 498215721, 14, 0, 1
6132, 498221853, 24, 0, 1
5645, 498227498, 23, 0, 1
11827, 498239325, 46, 0, 1
5645, 498244970, 20, 0, 1
6164, 498251134, 19, 0, 1
5654, 498256788, 23, 0, 1
11794, 498268582, 32, 0, 1
5658, 498274240, 10, 0, 1
6108, 498280348, 23, 0, 1
5663, 498286011, 32, 0, 1
11818, 498297829, 28, 0, 1
5658, 498303487, 12, 0, 1
6119, 498309606, 23, 0, 1
5651, 498315257, 20, 0, 1
11805, 498327062, 30, 0, 1
5658, 498332720, 11, 0, 1
6138, 498338858, 27, 0, 1
5658, 498344516, 9, 0, 1
11806, 498356322, 24, 0, 1
5646, 498361968, 14, 0, 1
6138, 498368106, 15, 0, 1
5628, 498373734, 16, 0, 1
11819, 498385553, 32, 0, 1
5658, 498391211, 13, 0, 1
6138, 498397349, 19, 0, 1
6997, 498404346, 43, 0, 1
11817, 498416163, 38, 0, 1
5644, 498421807, 24, 0, 1
6120, 498427927, 22, 0, 1
5640, 498433567, 14, 0, 1
11831, 498445398, 27, 0, 1
5658, 498451056, 11, 0, 1
6138, 498457194, 16, 0, 1
5640, 498462834, 15, 0, 1
11818, 498474652, 26, 0, 1
5650, 498480302, 23, 0, 1
6119, 498486421, 29, 0, 1
5628, 498492049, 22, 0, 1
11812, 498503861, 29, 0, 1
5658, 498509519, 14, 0, 1
6114, 498515633, 25, 0, 1
5658, 498521291, 19, 0, 1
11823, 498533114, 54, 1, 1
5658, 498538772, 13, 0, 1
6138, 498544910, 16, 0, 1
5633, 498550543, 20, 0, 1
11818, 498562361, 27, 0, 1
5658, 498568019, 14, 0, 1
6145, 498574164, 22, 0, 1
5646, 498579810, 16, 0, 1
11811, 498591621, 32, 0, 1
5657, 498597278, 28, 0, 1
6116, 498603394, 32, 0, 1
5610, 498609004, 21, 0, 1
11824, 498620828, 35, 0, 1
5658, 498626486, 12, 0, 1
6132, 498632618, 22, 0, 1
5658, 498638276, 14, 0, 1
11805, 498650081, 40, 0, 1
5650, 498655731, 30, 0, 1
6138, 498661869, 18, 0, 1
5672, 498667541, 27, 0, 1
11841, 498679382, 50, 0, 1
5652, 498685034, 19, 0, 1
6143, 498691177, 28, 0, 1
5651, 498696828, 24, 0, 1
11816, 498708644, 50, 0, 1
5658, 498714302, 15, 0, 1
9460, 498723762, 175, 20, 1
899252, 499623014, 15655, 3707, 9
13368, 499636382, 264, 2, 1
10344, 499646726, 322, 62, 1
6688, 499653414, 47, 2, 1
8090, 499661504, 51, 6, 1
15847, 499677351, 242, 43, 1
6662, 499684013, 25, 0, 1
7352, 499691365, 51, 5, 1
945742, 945742, 19493, 844, 5
6065524, 7011266, 87990, 10575, 15
16701168, 23712434, 32918, 6951, 10
19101470, 42813904, 23153, 5749, 11
18933287, 61747191, 17948, 5003, 11
19552358, 81299549, 18991, 5288, 11
19350617, 100650166, 18265, 5232, 11
18274742, 118924908, 24533, 6686, 2
18952759, 137877667, 18684, 5201, 11
19647665, 157525332, 18501, 5260, 11
19578598, 177103930, 18908, 5316, 11
19261566, 196365496, 21393, 5426, 11
19566155, 215931651, 18319, 5343, 11
19407190, 235338841, 19171, 5275, 11
12809023, 248147864, 14476, 3498, 19
2824473, 250972337, 3916, 726, 5
18379656, 269351993, 24199, 4950, 11
19500942, 288852935, 18941, 5239, 11
19476601, 308329536, 18845, 5231, 11
19444066, 327773602, 19706, 5311, 11
19613028, 347386630, 19122, 5376, 11
19413306, 366799936, 18581, 5195, 11
19590791, 386390727, 18539, 5269, 11
19456164, 405846891, 19490, 5269, 11
19598937, 425445828, 18396, 5285, 11
19523872, 444969700, 19195, 5261, 11
19486525, 464456225, 18711, 5264, 11
19386899, 483843124, 20774, 5416, 11
10822548, 494665672, 26521, 270, 12
2099901, 496765573, 5267, 499, 5
6116, 496771689, 29, 1, 1
11809, 496783498, 27, 0, 1
5658, 496789156, 16, 0, 1
5652, 496794808, 13, 0, 1
6154, 496800962, 18, 0, 1
11778, 496812740, 31, 0, 1
5658, 496818398, 14, 0, 1
5651, 496824049, 19, 0, 1
6199, 496830248, 15, 0, 1
11796, 496842044, 30, 0, 1
5658, 496847702, 14, 0, 1
5658, 496853360, 15, 0, 1
6160, 496859520, 19, 0, 1
13186, 496872706, 105, 13, 1
5658, 496878364, 12, 0, 1
5658, 496884022, 12, 0, 1
6130, 496890152, 21, 0, 1
11796, 496901948, 25, 0, 1
5658, 496907606, 13, 0, 1
5658, 496913264, 12, 0, 1
6173, 496919437, 21, 1, 1
11796, 496931233, 23, 0, 1
5658, 496936891, 14, 0, 1
5658, 496942549, 12, 0, 1
6118, 496948667, 22, 0, 1
11796, 496960463, 24, 0, 1
5658, 496966121, 16, 1, 1
5658, 496971779, 12, 0, 1
6173, 496977952, 18, 1, 1
11747, 496989699, 38, 0, 1
5658, 496995357, 12, 0, 1
5658, 497001015, 13, 0, 1
6160, 497007175, 21, 0, 1
11809, 497018984, 25, 0, 1
5658, 497024642, 12, 0, 1
5658, 497030300, 14, 0, 1
6153, 497036453, 22, 0, 1
11789, 497048242, 43, 0, 1
5658, 497053900, 13, 0, 1
5651, 497059551, 16, 0, 1
6173, 497065724, 18, 0, 1
11796, 497077520, 27, 0, 1
5663, 497083183, 16, 0, 1
5658, 497088841, 13, 0, 1
6160, 497095001, 17, 0, 1
11809, 497106810, 23, 0, 1
5658, 497112468, 14, 1, 1
5652, 497118120, 15, 0, 1
6141, 497124261, 25, 0, 1
11796, 497136057, 27, 0, 1
5658, 497141715, 10, 0, 1
5658, 497147373, 12, 0, 1
6167, 497153540, 18, 0, 1
11795, 497165335, 31, 0, 1
5634, 497170969, 20, 0, 1
5658, 497176627, 12, 0, 1
6160, 497182787, 18, 0, 1
11796, 497194583, 23, 0, 1
5663, 497200246, 18, 0, 1
5658, 497205904, 13, 0, 1
6186, 497212090, 16, 0, 1
11796, 497223886, 22, 0, 1
5658, 497229544, 13, 0, 1
5658, 497235202, 10, 0, 1
7537, 497242739, 57, 21, 1
12697, 497255436, 98, 26, 1
5658, 497261094, 15, 0, 1
5658, 497266752, 10, 0, 1
6160, 497272912, 19, 0, 1
11796, 497284708, 27, 0, 1
6122, 497290830, 22, 0, 1
5658, 497296488, 14, 0, 1
6150, 497302638, 20, 0, 1
12984, 497315622, 70, 0, 1
6642, 497322264, 24, 0, 1
6333, 497328597, 15, 0, 1
6588, 497335185, 28, 0, 1
11815, 497347000, 28, 0, 1
6095, 497353095, 29, 0, 1
6110, 497359205, 23, 0, 1
6109, 497365314, 27, 0, 1
12229, 497377543, 42, 0, 1
6116, 497383659, 16, 0, 1
6116, 497389775, 16, 0, 1
6129, 497395904, 17, 0, 1
12238, 497408142, 30, 0, 1
6116, 497414258, 13, 0, 1
6116, 497420374, 17, 0, 1
6116, 497426490, 17, 0, 1
12232, 497438722, 30, 0, 1
6111, 497444833, 22, 0, 1
6110, 497450943, 17, 0, 1
12231, 497463174, 29, 0, 1
6115, 497469289, 26, 0, 1
6121, 497475410, 28, 0, 1
6116, 497481526, 15, 0, 1
11774, 497493300, 23, 0, 1
6151, 497499451, 17, 0, 1
6116, 497505567, 18, 0, 1
5658, 497511225, 13, 0, 1
11807, 497523032, 44, 1, 1
6137, 497529169, 18, 0, 1
5652, 497534821, 12, 0, 1
5658, 497540479, 14, 0, 1
11825, 497552304, 26, 0, 1
6138, 497558442, 16, 0, 1
5658, 497564100, 13, 0, 1
5658, 497569758, 11, 0, 1
11818, 497581576, 21, 0, 1
6164, 497587740, 17, 0, 1
5658, 497593398, 11, 0, 1
5657, 497599055, 20, 0, 1
11770, 497610825, 29, 0, 1
6138, 497616963, 17, 0, 1
5658, 497622621, 10, 0, 1
7038, 497629659, 36, 0, 1
11829, 497641488, 31, 0, 1
6138, 497647626, 18, 0, 1
5658, 497653284, 14, 0, 1
5658, 497658942, 16, 0, 1
11818, 497670760, 19, 0, 1
6138, 497676898, 14, 0, 1
5658, 497682556, 11, 0, 1
5658, 497688214, 12, 0, 1
11831, 497700045, 22, 0, 1
6137, 497706182, 20, 0, 1
5658, 497711840, 14, 0, 1
5664, 497717504, 13, 0, 1
11818, 497729322, 23, 2, 1
6150, 497735472, 20, 0, 1
5651, 497741123, 23, 0, 1
5658, 497746781, 12, 0, 1
11818, 497758599, 21, 0, 1
6138, 497764737, 17, 0, 1
5658, 497770395, 11, 0, 1
5658, 497776053, 12, 0, 1
11830, 497787883, 27, 0, 1
6138, 497794021, 16, 0, 1
5658, 497799679, 11, 0, 1
5658, 497805337, 11, 0, 1
11818, 497817155, 22, 0, 1
6151, 497823306, 16, 0, 1
5658, 497828964, 13, 0, 1
5658, 497834622, 12, 0, 1
11818, 497846440, 25, 0, 1
6126, 497852566, 19, 0, 1
5645, 497858211, 23, 0, 1
5658, 497863869, 12, 0, 1
23319, 497887188, 439, 29, 1
6138, 497893326, 21, 0, 1
5651, 497898977, 24, 0, 1
5658, 497904635, 11, 0, 1
11804, 497916439, 33, 0, 1
6132, 497922571, 18, 0, 1
5652, 497928223, 16, 0, 1
5658, 497933881, 11, 0, 1
11805, 497945686, 36, 0, 1
6138, 497951824, 16, 0, 1
5658, 497957482, 12, 0, 1
5658, 497963140, 14, 0, 1
11818, 497974958, 24, 0, 1
6164, 497981122, 17, 0, 1
5658, 497986780, 13, 0, 1
5658, 497992438, 16, 0, 1
11811, 498004249, 44, 0, 1
7502, 498011751, 38, 0, 1
5645, 498017396, 19, 0, 1
5652, 498023048, 15, 0, 1
11831, 498034879, 22, 0, 1
6138, 498041017, 16, 0, 1
5657, 498046674, 21, 0, 1
5658, 498052332, 11, 0, 1
11813, 498064145, 24, 0, 1
6151, 498070296, 15, 0, 1
5658, 498075954, 13, 0, 1
5658, 498081612, 10, 0, 1
11818, 498093430, 20, 0, 1
6138, 498099568, 18, 0, 1
5658, 498105226, 14, 0, 1
5658, 498110884, 15, 0, 1
11831, 498122715, 22, 0, 1
6138, 498128853, 13, 0, 1
5658, 498134511, 14, 0, 1
5658, 498140169, 11, 0, 1
11818, 498151987, 23, 0, 1
6145, 498158132, 17, 0, 1
5651, 498163783, 16, 0, 1
5658, 498169441, 13, 0, 1
11837, 498181278, 28, 0, 1
6138, 498187416, 17, 0, 1
5652, 498193068, 17, 0, 1
5652, 498198720, 12, 0, 1
11818, 498210538, 29, 0, 1
6138, 498216676, 21, 0, 1
5640, 498222316, 16, 0, 1
5658, 498227974, 12, 0, 1
11818, 498239792, 22, 0, 1
6138, 498245930, 15, 0, 1
5634, 498251564, 18, 0, 1
5652, 498257216, 14, 0, 1
11830, 498269046, 24, 0, 1
6138, 498275184, 13, 0, 1
5658, 498280842, 14, 0, 1
5658, 498286500, 10, 0, 1
11818, 498298318, 28, 0, 1
6151, 498304469, 17, 0, 1
5658, 498310127, 13, 0, 1
5658, 498315785, 15, 0, 1
11818, 498327603, 21, 0, 1
6138, 498333741, 17, 0, 1
5640, 498339381, 14, 0, 1
5658, 498345039, 14, 0, 1
11844, 498356883, 25, 0, 1
6138, 498363021, 16, 0, 1
5651, 498368672, 20, 0, 1
5658, 498374330, 13, 0, 1
13201, 498387531, 42, 0, 1
6126, 498393657, 22, 0, 1
5652, 498399309, 12, 0, 1
5651, 498404960, 13, 0, 1
11830, 498416790, 37, 0, 1
6149, 498422939, 34, 0, 1
5658, 498428597, 14, 0, 1
5658, 498434255, 12, 0, 1
11818, 498446073, 33, 0, 1
6138, 498452211, 20, 0, 1
5652, 498457863, 9, 0, 1
5646, 498463509, 12, 0, 1
11818, 498475327, 24, 0, 1
6138, 498481465, 18, 0, 1
5658, 498487123, 13, 0, 1
5658, 498492781, 9, 0, 1
11825, 498504606, 23, 0, 1
6138, 498510744, 19, 0, 1
5652, 498516396, 17, 0, 1
5651, 498522047, 16, 0, 1
11815, 498533862, 41, 0, 1
6151, 498540013, 16, 0, 1
5658, 498545671, 9, 0, 1
5652, 498551323, 16, 0, 1
11802, 498563125, 39, 0, 1
6131, 498569256, 23, 0, 1
5658, 498574914, 12, 0, 1
5657, 498580571, 13, 0, 1
11798, 498592369, 39, 0, 1
6138, 498598507, 18, 0, 1
5658, 498604165, 16, 0, 1
5658, 498609823, 11, 0, 1
11811, 498621634, 26, 0, 1
6109, 498627743, 23, 0, 1
5646, 498633389, 19, 0, 1
5663, 498639052, 18, 0, 1
11818, 498650870, 36, 0, 1
6138, 498657008, 16, 0, 1
5658, 498662666, 10, 0, 1
5658, 498668324, 8, 0, 1
11818, 498680142, 22, 0, 1
6133, 498686275, 22, 0, 1
5658, 498691933, 13, 0, 1
5658, 498697591, 14, 0, 1
11793, 498709384, 28, 0, 1
6138, 498715522, 16, 0, 1
5658, 498721180, 13, 0, 1
5658, 498726838, 13, 0, 1
11844, 498738682, 24, 0, 1
6132, 498744814, 18, 0, 1
5652, 498750466, 14, 0, 1
5658, 498756124, 13, 0, 1
13194, 498769318, 49, 0, 1
6145, 498775463, 19, 0, 1
5658, 498781121, 13, 0, 1
5657, 498786778, 16, 0, 1
11787, 498798565, 40, 0, 1
6138, 498804703, 18, 0, 1
5658, 498810361, 14, 0, 1
5658, 498816019, 14, 0, 1
11831, 498827850, 26, 0, 1
6138, 498833988, 19, 0, 1
5658, 498839646, 13, 0, 1
5658, 498845304, 12, 0, 1
11818, 498857122, 22, 0, 1
6138, 498863260, 17, 0, 1
5652, 498868912, 16, 0, 1
5646, 498874558, 13, 0, 1
11801, 498886359, 38, 0, 1
6127, 498892486, 20, 0, 1
5658, 498898144, 14, 0, 1
5658, 498903802, 12, 0, 1
11818, 498915620, 23, 0, 1
6151, 498921771, 19, 0, 1
5658, 498927429, 12, 0, 1
5658, 498933087, 13, 0, 1
11793, 498944880, 37, 0, 1
6138, 498951018, 16, 0, 1
5658, 498956676, 12, 0, 1
5658, 498962334, 14, 0, 1
11831, 498974165, 26, 0, 1
6138, 498980303, 14, 0, 1
5658, 498985961, 13, 0, 1
5658, 498991619, 12, 0, 1
11796, 499003415, 52, 0, 1
6151, 499009566, 17, 0, 1
5658, 499015224, 13, 0, 1
5658, 499020882, 13, 0, 1
11818, 499032700, 31, 0, 1
6138, 499038838, 18, 0, 1
5658, 499044496, 12, 0, 1
5658, 499050154, 12, 0, 1
11831, 499061985, 21, 0, 1
6138, 499068123, 17, 0, 1
5658, 499073781, 19, 0, 1
5658, 499079439, 15, 0, 1
11818, 499091257, 19, 0, 1
6138, 499097395, 15, 0, 1
5651, 499103046, 21, 0, 1
5657, 499108703, 15, 0, 1
904213, 500012916, 15692, 3810, 9
8106, 500021022, 126, 13, 1
6434, 500027456, 25, 0, 1
6684, 500034140, 23, 0, 1
18576, 500052716, 403, 70, 1
6735, 500059451, 38, 0, 1
7000, 500066451, 27, 0, 1
8257, 500074708, 137, 18, 1
539137, 539137, 13040, 709, 5
4884446, 5423583, 87061, 7045, 15
15655763, 21079346, 39507, 9981, 10
19009230, 40088576, 18630, 5156, 11
19134529, 59223105, 20478, 5069, 11
19296181, 78519286, 21601, 5857, 11
19486946, 98006232, 19326, 5306, 11
18512463, 116518695, 23677, 7002, 2
19039963, 135558658, 18826, 5188, 11
19083020, 154641678, 18296, 5204, 11
19610781, 174252459, 20112, 5271, 11
19433869, 193686328, 19251, 5254, 11
19433026, 213119354, 18952, 5218, 11
19407411, 232526765, 18968, 5361, 11
19466974, 251993739, 19769, 5296, 11
18129991, 270123730, 23864, 4895, 11
19418761, 289542491, 18936, 5220, 11
18969358, 308511849, 18981, 5126, 11
19634076, 328145925, 19575, 5283, 11
19652042, 347797967, 19234, 5365, 11
19504911, 367302878, 18606, 5243, 11
19616031, 386918909, 19068, 5342, 11
19542230, 406461139, 19714, 5256, 11
19644547, 426105686, 18513, 5198, 11
19617771, 445723457, 18829, 5290, 11
19587293, 465310750, 19126, 5261, 11
18605968, 483916718, 28192, 5115, 11
10775896, 494692614, 19405, 211, 12
1663191, 496355805, 4927, 495, 5
6097, 496361902, 43, 0, 1
11809, 496373711, 29, 0, 1
5658, 496379369, 20, 0, 1
7035, 496386404, 99, 33, 1
6159, 496392563, 28, 0, 1
11796, 496404359, 24, 0, 1
5652, 496410011, 16, 0, 1
5658, 496415669, 17, 0, 1
6163, 496421832, 27, 0, 1
11788, 496433620, 30, 0, 1
5658, 496439278, 11, 0, 1
5657, 496444935, 14, 0, 1
6160, 496451095, 16, 0, 1
11816, 496462911, 32, 0, 1
5627, 496468538, 21, 0, 1
5647, 496474185, 23, 0, 1
6133, 496480318, 26, 0, 1
11796, 496492114, 23, 0, 1
5637, 496497751, 20, 0, 1
5658, 496503409, 12, 0, 1
6159, 496509568, 29, 1, 1
11796, 496521364, 24, 0, 1
5627, 496526991, 20, 0, 1
5652, 496532643, 14, 0, 1
6152, 496538795, 30, 0, 1
11788, 496550583, 42, 0, 1
5652, 496556235, 17, 0, 1
5658, 496561893, 11, 0, 1
6149, 496568042, 22, 0, 1
11770, 496579812, 36, 0, 1
5658, 496585470, 10, 0, 1
5658, 496591128, 12, 0, 1
6160, 496597288, 18, 0, 1
20014, 496617302, 311, 111, 1
5655, 496622957, 38, 0, 1
5657, 496628614, 18, 0, 1
6152, 496634766, 29, 0, 1
11783, 496646549, 45, 0, 1
5658, 496652207, 11, 1, 1
5652, 496657859, 15, 0, 1
6173, 496664032, 15, 0, 1
11789, 496675821, 39, 0, 1
5651, 496681472, 16, 1, 1
5652, 496687124, 15, 0, 1
6128, 496693252, 24, 0, 1
11789, 496705041, 36, 0, 1
5657, 496710698, 24, 0, 1
5658, 496716356, 13, 0, 1
6158, 496722514, 35, 0, 1
11801, 496734315, 27, 0, 1
5664, 496739979, 20, 0, 1
5658, 496745637, 12, 0, 1
6157, 496751794, 28, 0, 1
11788, 496763582, 33, 0, 1
7022, 496770604, 34, 0, 1
5658, 496776262, 13, 0, 1
6160, 496782422, 15, 0, 1
11796, 496794218, 28, 0, 1
5651, 496799869, 17, 0, 1
5632, 496805501, 20, 0, 1
6173, 496811674, 17, 1, 1
11778, 496823452, 28, 0, 1
5658, 496829110, 12, 0, 1
5645, 496834755, 16, 0, 1
6160, 496840915, 16, 0, 1
11822, 496852737, 24, 0, 1
5658, 496858395, 13, 1, 1
5658, 496864053, 14, 0, 1
6160, 496870213, 16, 0, 1
11795, 496882008, 35, 0, 1
6116, 496888124, 23, 0, 1
5658, 496893782, 13, 0, 1
6145, 496899927, 18, 0, 1
12998, 496912925, 80, 1, 1
6606, 496919531, 28, 0, 1
6333, 496925864, 15, 1, 1
6583, 496932447, 28, 0, 1
11816, 496944263, 24, 0, 1
6100, 496950363, 28, 0, 1
6116, 496956479, 17, 0, 1
6097, 496962576, 30, 0, 1
12232, 496974808, 23, 0, 1
6110, 496980918, 16, 0, 1
6108, 496987026, 27, 0, 1
6140, 496993166, 40, 0, 1
12225, 497005391, 32, 0, 1
6096, 497011487, 27, 0, 1
6113, 497017600, 27, 0, 1
6118, 497023718, 31, 0, 1
12232, 497035950, 34, 0, 1
6129, 497042079, 18, 0, 1
6074, 497048153, 23, 0, 1
6092, 497054245, 22, 0, 1
12232, 497066477, 25, 0, 1
6092, 497072569, 19, 0, 1
6116, 497078685, 15, 0, 1
11783, 497090468, 42, 0, 1
6127, 497096595, 23, 0, 1
6113, 497102708, 28, 0, 1
5658, 497108366, 11, 0, 1
11779, 497120145, 41, 0, 1
6138, 497126283, 16, 0, 1
5658, 497131941, 12, 0, 1
5652, 497137593, 14, 0, 1
11809, 497149402, 53, 0, 1
7510, 497156912, 47, 1, 1
5658, 497162570, 12, 0, 1
5664, 497168234, 25, 0, 1
11809, 497180043, 36, 0, 1
6136, 497186179, 20, 0, 1
5657, 497191836, 17, 0, 1
5658, 497197494, 12, 0, 1
11812, 497209306, 40, 0, 1
6138, 497215444, 13, 0, 1
5646, 497221090, 19, 0, 1
5658, 497226748, 8, 0, 1
11838, 497238586, 39, 0, 1
6132, 497244718, 17, 0, 1
5662, 497250380, 19, 0, 1
5658, 497256038, 8, 0, 1
11818, 497267856, 31, 0, 1
6138, 497273994, 15, 0, 1
5668, 497279662, 24, 0, 1
5644, 497285306, 24, 0, 1
11831, 497297137, 19, 0, 1
6129, 497303266, 30, 0, 1
5633, 497308899, 21, 0, 1
5659, 497314558, 26, 0, 1
11827, 497326385, 45, 0, 1
6151, 497332536, 16, 0, 1
5640, 497338176, 18, 0, 1
5651, 497343827, 17, 0, 1
11818, 497355645, 23, 0, 1
6120, 497361765, 16, 0, 1
5627, 497367392, 20, 0, 1
5658, 497373050, 9, 0, 1
11805, 497384855, 41, 0, 1
6138, 497390993, 13, 0, 1
5657, 497396650, 17, 0, 1
5652, 497402302, 12, 0, 1
11787, 497414089, 49, 0, 1
17666, 497431755, 402, 24, 1
5656, 497437411, 45, 0, 1
5655, 497443066, 23, 0, 1
11803, 497454869, 44, 0, 1
6147, 497461016, 30, 0, 1
5658, 497466674, 9, 0, 1
5658, 497472332, 8, 0, 1
11824, 497484156, 33, 0, 1
6138, 497490294, 16, 0, 1
5632, 497495926, 22, 0, 1
5658, 497501584, 11, 0, 1
11820, 497513404, 49, 0, 1
6138, 497519542, 19, 0, 1
5658, 497525200, 12, 0, 1
5658, 497530858, 9, 0, 1
13160, 497544018, 45, 2, 1
6132, 497550150, 19, 0, 1
5645, 497555795, 19, 0, 1
5658, 497561453, 12, 0, 1
11762, 497573215, 36, 0, 1
6151, 497579366, 18, 0, 1
5658, 497585024, 11, 0, 1
5658, 497590682, 10, 0, 1
11810, 497602492, 53, 0, 1
6138, 497608630, 16, 0, 1
5651, 497614281, 23, 0, 1
13898, 497628179, 187, 36, 1
11832, 497640011, 35, 0, 1
6130, 497646141, 34, 0, 1
5658, 497651799, 8, 0, 1
5652, 497657451, 13, 0, 1
11822, 497669273, 45, 0, 1
6150, 497675423, 35, 0, 1
5658, 497681081, 8, 0, 1
5658, 497686739, 8, 0, 1
11793, 497698532, 31, 0, 1
6145, 497704677, 15, 0, 1
5637, 497710314, 19, 0, 1
5650, 497715964, 20, 0, 1
11831, 497727795, 20, 0, 1
6131, 497733926, 22, 0, 1
5644, 497739570, 15, 0, 1
5656, 497745226, 31, 0, 1
11818, 497757044, 37, 0, 1
6132, 497763176, 26, 0, 1
5658, 497768834, 12, 0, 1
5646, 497774480, 14, 0, 1
11839, 497786319, 38, 0, 1
6138, 497792457, 15, 0, 1
5658, 497798115, 10, 0, 1
5653, 497803768, 16, 0, 1
11805, 497815573, 48, 0, 1
6151, 497821724, 14, 0, 1
5632, 497827356, 20, 0, 1
5658, 497833014, 11, 0, 1
11825, 497844839, 47, 0, 1
6138, 497850977, 15, 0, 1
5658, 497856635, 14, 0, 1
5658, 497862293, 11, 0, 1
11785, 497874078, 46, 0, 1
6131, 497880209, 20, 0, 1
6105, 497886314, 22, 0, 1
5658, 497891972, 12, 0, 1
11774, 497903746, 31, 0, 1
6151, 497909897, 16, 0, 1
7035, 497916932, 31, 0, 1
5658, 497922590, 15, 0, 1
11772, 497934362, 45, 0, 1
6138, 497940500, 24, 0, 1
5658, 497946158, 11, 0, 1
5657, 497951815, 17, 0, 1
11825, 497963640, 29, 0, 1
6138, 497969778, 19, 0, 1
5646, 497975424, 13, 0, 1
5652, 497981076, 14, 0, 1
11780, 497992856, 41, 0, 1
6143, 497998999, 32, 0, 1
5657, 498004656, 29, 0, 1
5658, 498010314, 14, 0, 1
11837, 498022151, 33, 0, 1
6138, 498028289, 17, 0, 1
5633, 498033922, 20, 0, 1
5650, 498039572, 29, 0, 1
11800, 498051372, 43, 0, 1
6151, 498057523, 17, 0, 1
5646, 498063169, 11, 0, 1
5651, 498068820, 19, 0, 1
11792, 498080612, 33, 0, 1
6138, 498086750, 19, 0, 1
5652, 498092402, 15, 0, 1
5643, 498098045, 22, 0, 1
11831, 498109876, 25, 0, 1
6138, 498116014, 15, 0, 1
5628, 498121642, 17, 0, 1
5651, 498127293, 18, 0, 1
11812, 498139105, 24, 0, 1
6151, 498145256, 16, 0, 1
5658, 498150914, 13, 0, 1
5658, 498156572, 14, 0, 1
11798, 498168370, 39, 0, 1
6138, 498174508, 15, 0, 1
5658, 498180166, 11, 0, 1
5649, 498185815, 24, 0, 1
11829, 498197644, 30, 0, 1
6138, 498203782, 13, 0, 1
5656, 498209438, 18, 0, 1
5646, 498215084, 15, 0, 1
11818, 498226902, 21, 0, 1
6123, 498233025, 27, 0, 1
5658, 498238683, 7, 0, 1
5668, 498244351, 31, 0, 1
11813, 498256164, 36, 0, 1
6117, 498262281, 28, 0, 1
5658, 498267939, 8, 0, 1
5645, 498273584, 24, 0, 1
11788, 498285372, 42, 0, 1
7513, 498292885, 50, 0, 1
5644, 498298529, 24, 0, 1
5657, 498304186, 27, 0, 1
11782, 498315968, 46, 0, 1
6132, 498322100, 20, 0, 1
5615, 498327715, 19, 0, 1
5652, 498333367, 22, 0, 1
11831, 498345198, 36, 0, 1
6138, 498351336, 14, 0, 1
5652, 498356988, 16, 0, 1
5651, 498362639, 16, 0, 1
11808, 498374447, 31, 0, 1
6164, 498380611, 15, 0, 1
5648, 498386259, 22, 0, 1
5651, 498391910, 17, 0, 1
11780, 498403690, 34, 0, 1
6138, 498409828, 17, 0, 1
5656, 498415484, 19, 0, 1
5656, 498421140, 23, 0, 1
11831, 498432971, 22, 0, 1
6118, 498439089, 28, 0, 1
5649, 498444738, 22, 0, 1
5658, 498450396, 13, 0, 1
11817, 498462213, 25, 0, 1
6138, 498468351, 15, 0, 1
5658, 498474009, 11, 0, 1
5651, 498479660, 25, 0, 1
11800, 498491460, 33, 0, 1
6138, 498497598, 18, 0, 1
5658, 498503256, 11, 0, 1
5656, 498508912, 25, 0, 1
11803, 498520715, 42, 0, 1
6145, 498526860, 17, 0, 1
5651, 498532511, 17, 0, 1
5652, 498538163, 12, 0, 1
11818, 498549981, 36, 0, 1
6124, 498556105, 23, 0, 1
5632, 498561737, 21, 0, 1
5640, 498567377, 13, 0, 1
11787, 498579164, 35, 0, 1
6135, 498585299, 31, 0, 1
5658, 498590957, 14, 0, 1
5646, 498596603, 10, 0, 1
11806, 498608409, 25, 0, 1
6151, 498614560, 13, 0, 1
5631, 498620191, 21, 0, 1
5658, 498625849, 14, 0, 1
11812, 498637661, 26, 0, 1
6138, 498643799, 17, 0, 1
5657, 498649456, 20, 0, 1
5652, 498655108, 11, 0, 1
13209, 498668317, 60, 0, 1
6139, 498674456, 35, 0, 1
5658, 498680114, 10, 0, 1
5651, 498685765, 20, 0, 1
909614, 499595379, 15731, 3712, 9
6664, 499602043, 66, 1, 1
6689, 499608732, 23, 0, 1
6099, 499614831, 26, 0, 1
18254, 499633085, 408, 71, 1
6714, 499639799, 26, 0, 1
6672, 499646471, 26, 0, 1
8252, 499654723, 165, 15, 1
2363096, 2363096, 49100, 2824, 4
7966977, 10330073, 77379, 12374, 13
18564423, 28894496, 18911, 5101, 11
13282493, 42176989, 17440, 3916, 19
19207006, 61383995, 20852, 5061, 11
19588892, 80972887, 22121, 5307, 11
18728740, 99701627, 25905, 6836, 2
18888273, 118589900, 20905, 5079, 11
19169947, 137759847, 20663, 5274, 11
19413002, 157172849, 23090, 5438, 11
19674059, 176846908, 20766, 5288, 11
19545750, 196392658, 19944, 5264, 11
19479555, 215872213, 21145, 5324, 11
19473496, 235345709, 22238, 5362, 11
18594488, 253940197, 22526, 5001, 11
18880802, 272820999, 22599, 5173, 11
19139686, 291960685, 19775, 5147, 11
19496306, 311456991, 20790, 5229, 11
19629452, 331086443, 19907, 5386, 11
19645666, 350732109, 20239, 5381, 11
19509622, 370241731, 19462, 5269, 11
19648171, 389889902, 20233, 5270, 11
19567608, 409457510, 19804, 5255, 11
19627501, 429085011, 19790, 5288, 11
19640029, 448725040, 19653, 5280, 11
19562127, 468287167, 19992, 5250, 11
17796241, 486083408, 30404, 4679, 2
10374463, 496457871, 16434, 233, 12
1002881, 497460752, 3941, 469, 1
11789, 497472541, 56, 2, 1
5658, 497478199, 16, 0, 1
5658, 497483857, 12, 0, 1
6160, 497490017, 20, 0, 1
11809, 497501826, 22, 0, 1
5645, 497507471, 19, 0, 1
5651, 497513122, 20, 0, 1
6153, 497519275, 19, 0, 1
11794, 497531069, 38, 0, 1
5663, 497536732, 22, 0, 1
5658, 497542390, 11, 0, 1
6149, 497548539, 21, 0, 1
11790, 497560329, 34, 0, 1
5658, 497565987, 13, 0, 1
5664, 497571651, 24, 0, 1
6160, 497577811, 18, 0, 1
11795, 497589606, 33, 0, 1
5658, 497595264, 14, 0, 1
5658, 497600922, 12, 0, 1
6124, 497607046, 23, 0, 1
11796, 497618842, 25, 0, 1
5658, 497624500, 14, 1, 1
5658, 497630158, 12, 0, 1
6206, 497636364, 25, 0, 1
11796, 497648160, 26, 0, 1
5658, 497653818, 17, 1, 1
5658, 497659476, 13, 0, 1
6136, 497665612, 25, 0, 1
11795, 497677407, 44, 0, 1
5652, 497683059, 18, 0, 1
5658, 497688717, 12, 0, 1
6173, 497694890, 19, 0, 1
11782, 497706672, 34, 0, 1
5652, 497712324, 13, 0, 1
5652, 497717976, 17, 0, 1
6154, 497724130, 24, 0, 1
11809, 497735939, 25, 0, 1
5658, 497741597, 13, 0, 1
5658, 497747255, 18, 0, 1
6147, 497753402, 32, 0, 1
11778, 497765180, 30, 0, 1
5652, 497770832, 16, 0, 1
5652, 497776484, 15, 0, 1
6167, 497782651, 20, 0, 1
11777, 497794428, 36, 0, 1
6098, 497800526, 25, 0, 1
7035, 497807561, 85, 6, 1
6137, 497813698, 34, 0, 1
11801, 497825499, 38, 0, 1
6085, 497831584, 24, 0, 1
5658, 497837242, 15, 0, 1
6132, 497843374, 17, 0, 1
11783, 497855157, 34, 0, 1
5648, 497860805, 23, 0, 1
5658, 497866463, 12, 0, 1
6173, 497872636, 21, 0, 1
11790, 497884426, 38, 0, 1
5646, 497890072, 19, 0, 1
5652, 497895724, 17, 0, 1
6160, 497901884, 27, 0, 1
11777, 497913661, 40, 0, 1
5658, 497919319, 13, 0, 1
5658, 497924977, 10, 0, 1
6173, 497931150, 17, 0, 1
11764, 497942914, 43, 0, 1
5658, 497948572, 17, 1, 1
5658, 497954230, 14, 0, 1
6160, 497960390, 20, 0, 1
11791, 497972181, 39, 0, 1
5649, 497977830, 30, 1, 1
5658, 497983488, 12, 0, 1
6136, 497989624, 27, 0, 1
12314, 498001938, 90, 0, 1
6333, 498008271, 34, 0, 1
5649, 498013920, 17, 0, 1
6706, 498020626, 23, 1, 1
12922, 498033548, 45, 0, 1
6118, 498039666, 25, 0, 1
5652, 498045318, 14, 0, 1
6138, 498051456, 17, 0, 1
12232, 498063688, 31, 0, 1
6110, 498069798, 20, 0, 1
6110, 498075908, 21, 0, 1
6104, 498082012, 23, 0, 1
12226, 498094238, 34, 0, 1
6116, 498100354, 16, 0, 1
6116, 498106470, 20, 0, 1
6129, 498112599, 18, 0, 1
11774, 498124373, 19, 0, 1
6138, 498130511, 22, 0, 1
6098, 498136609, 22, 0, 1
6116, 498142725, 19, 0, 1
12232, 498154957, 34, 0, 1
6129, 498161086, 19, 0, 1
6091, 498167177, 27, 0, 1
12204, 498179381, 44, 0, 1
6098, 498185479, 24, 0, 1
7475, 498192954, 37, 3, 1
5658, 498198612, 34, 0, 1
12245, 498210857, 53, 0, 1
6122, 498216979, 23, 0, 1
6103, 498223082, 28, 0, 1
5652, 498228734, 15, 0, 1
11759, 498240493, 42, 0, 1
6120, 498246613, 17, 0, 1
5640, 498252253, 15, 0, 1
5656, 498257909, 20, 0, 1
11824, 498269733, 34, 0, 1
6138, 498275871, 18, 0, 1
5658, 498281529, 12, 0, 1
5658, 498287187, 13, 0, 1
11786, 498298973, 40, 0, 1
6151, 498305124, 15, 0, 1
5657, 498310781, 21, 0, 1
5658, 498316439, 13, 0, 1
11799, 498328238, 37, 0, 1
6114, 498334352, 21, 0, 1
5658, 498340010, 13, 0, 1
5658, 498345668, 12, 0, 1
11793, 498357461, 44, 0, 1
6138, 498363599, 14, 0, 1
5658, 498369257, 13, 0, 1
5658, 498374915, 11, 0, 1
11816, 498386731, 41, 0, 1
6138, 498392869, 15, 0, 1
5658, 498398527, 8, 0, 1
5658, 498404185, 12, 0, 1
11818, 498416003, 34, 0, 1
6138, 498422141, 17, 0, 1
5658, 498427799, 16, 0, 1
5658, 498433457, 10, 0, 1
11811, 498445268, 37, 0, 1
6151, 498451419, 16, 0, 1
5657, 498457076, 14, 0, 1
5658, 498462734, 14, 0, 1
11812, 498474546, 25, 0, 1
6102, 498480648, 24, 0, 1
5652, 498486300, 17, 0, 1
17172, 498503472, 447, 18, 1
11830, 498515302, 61, 0, 1
6132, 498521434, 27, 0, 1
5652, 498527086, 14, 0, 1
5658, 498532744, 11, 0, 1
11800, 498544544, 29, 0, 1
6133, 498550677, 21, 0, 1
5658, 498556335, 9, 0, 1
5658, 498561993, 8, 0, 1
13195, 498575188, 41, 0, 1
6138, 498581326, 18, 0, 1
5658, 498586984, 14, 1, 1
5658, 498592642, 9, 0, 1
11828, 498604470, 37, 0, 1
6137, 498610607, 20, 0, 1
5658, 498616265, 11, 0, 1
5658, 498621923, 11, 0, 1
11770, 498633693, 35, 0, 1
6132, 498639825, 23, 0, 1
5658, 498645483, 17, 0, 1
5658, 498651141, 13, 0, 1
11824, 498662965, 27, 0, 1
6138, 498669103, 16, 0, 1
5658, 498674761, 11, 0, 1
5658, 498680419, 10, 0, 1
11804, 498692223, 30, 0, 1
6151, 498698374, 17, 0, 1
5657, 498704031, 19, 0, 1
5658, 498709689, 13, 0, 1
11818, 498721507, 22, 0, 1
6138, 498727645, 13, 0, 1
5640, 498733285, 14, 0, 1
5652, 498738937, 16, 0, 1
11831, 498750768, 25, 0, 1
6139, 498756907, 18, 0, 1
5658, 498762565, 13, 0, 1
5652, 498768217, 13, 0, 1
11793, 498780010, 33, 0, 1
6164, 498786174, 17, 0, 1
5658, 498791832, 13, 0, 1
5658, 498797490, 19, 0, 1
11818, 498809308, 19, 0, 1
6138, 498815446, 21, 0, 1
5658, 498821104, 10, 0, 1
5658, 498826762, 10, 0, 1
11812, 498838574, 40, 0, 1
6137, 498844711, 23, 0, 1
5649, 498850360, 17, 0, 1
5652, 498856012, 13, 0, 1
11817, 498867829, 29, 0, 1
6126, 498873955, 21, 0, 1
5651, 498879606, 17, 0, 1
5658, 498885264, 10, 0, 1
11831, 498897095, 25, 0, 1
6161, 498903256, 21, 0, 1
5664, 498908920, 19, 0, 1
5657, 498914577, 17, 0, 1
11811, 498926388, 42, 0, 1
6103, 498932491, 23, 0, 1
5651, 498938142, 23, 0, 1
5652, 498943794, 17, 0, 1
13195, 498956989, 40, 0, 1
6113, 498963102, 24, 0, 1
5635, 498968737, 17, 0, 1
5658, 498974395, 13, 0, 1
11819, 498986214, 27, 0, 1
6138, 498992352, 14, 0, 1
5658, 498998010, 10, 0, 1
5658, 499003668, 12, 0, 1
11812, 499015480, 23, 0, 1
6139, 499021619, 22, 0, 1
5643, 499027262, 21, 0, 1
5651, 499032913, 17, 0, 1
11788, 499044701, 30, 0, 1
6132, 499050833, 19, 0, 1
5646, 499056479, 15, 0, 1
5658, 499062137, 14, 0, 1
11746, 499073883, 25, 0, 1
6138, 499080021, 15, 0, 1
5658, 499085679, 13, 0, 1
5658, 499091337, 13, 0, 1
11808, 499103145, 40, 0, 1
6138, 499109283, 16, 0, 1
5658, 499114941, 20, 0, 1
5658, 499120599, 14, 0, 1
11820, 499132419, 34, 0, 1
6138, 499138557, 18, 0, 1
5652, 499144209, 13, 0, 1
5651, 499149860, 12, 0, 1
11786, 499161646, 34, 1, 1
14777, 499176423, 282, 98, 1
5658, 499182081, 35, 0, 1
5657, 499187738, 18, 0, 1
11806, 499199544, 30, 0, 1
6132, 499205676, 23, 0, 1
5658, 499211334, 12, 0, 1
5652, 499216986, 10, 0, 1
11831, 499228817, 37, 0, 1
6132, 499234949, 18, 0, 1
5628, 499240577, 16, 0, 1
5658, 499246235, 12, 0, 1
11817, 499258052, 22, 0, 1
6151, 499264203, 17, 0, 1
5658, 499269861, 14, 0, 1
5657, 499275518, 16, 0, 1
11793, 499287311, 36, 0, 1
6119, 499293430, 23, 0, 1
5658, 499299088, 17, 0, 1
5658, 499304746, 9, 0, 1
11799, 499316545, 40, 0, 1
6138, 499322683, 21, 0, 1
5658, 499328341, 12, 0, 1
7017, 499335358, 43, 6, 1
11810, 499347168, 35, 0, 1
6138, 499353306, 15, 0, 1
5658, 499358964, 12, 0, 1
5658, 499364622, 11, 0, 1
11819, 499376441, 32, 0, 1
6132, 499382573, 19, 0, 1
5652, 499388225, 15, 0, 1
5658, 499393883, 16, 0, 1
11800, 499405683, 39, 0, 1
6127, 499411810, 21, 0, 1
5626, 499417436, 19, 0, 1
5658, 499423094, 11, 0, 1
11812, 499434906, 22, 0, 1
6138, 499441044, 16, 0, 1
5658, 499446702, 15, 0, 1
5646, 499452348, 12, 0, 1
11818, 499464166, 34, 0, 1
6138, 499470304, 16, 0, 1
5658, 499475962, 8, 0, 1
5658, 499481620, 14, 0, 1
11816, 499493436, 34, 0, 1
6152, 499499588, 19, 0, 1
5658, 499505246, 13, 0, 1
5658, 499510904, 22, 0, 1
11811, 499522715, 34, 0, 1
6138, 499528853, 17, 0, 1
5651, 499534504, 14, 0, 1
5658, 499540162, 10, 0, 1
11837, 499551999, 41, 0, 1
6138, 499558137, 15, 0, 1
5658, 499563795, 9, 0, 1
5658, 499569453, 9, 0, 1
11797, 499581250, 40, 0, 1
6132, 499587382, 18, 0, 1
5652, 499593034, 9, 0, 1
5658, 499598692, 10, 0, 1
11829, 499610521, 39, 0, 1
6132, 499616653, 22, 0, 1
5658, 499622311, 13, 0, 1
5658, 499627969, 21, 0, 1
11798, 499639767, 31, 0, 1
6151, 499645918, 18, 0, 1
5652, 499651570, 11, 0, 1
5658, 499657228, 13, 0, 1
11818, 499669046, 24, 0, 1
6138, 499675184, 16, 0, 1
5658, 499680842, 12, 0, 1
5658, 499686500, 11, 0, 1
11830, 499698330, 24, 0, 1
6138, 499704468, 17, 0, 1
7035, 499711503, 26, 0, 1
5657, 499717160, 21, 0, 1
11803, 499728963, 31, 0, 1
6151, 499735114, 15, 0, 1
5658, 499740772, 10, 0, 1
5658, 499746430, 13, 0, 1
11763, 499758193, 33, 0, 1
6132, 499764325, 17, 0, 1
5658, 499769983, 13, 0, 1
5657, 499775640, 17, 0, 1
11831, 499787471, 19, 0, 1
6138, 499793609, 15, 0, 1
877803, 500671412, 15248, 3582, 9
6697, 500678109, 60, 5, 1
18373, 500696482, 452, 66, 1
6658, 500703140, 54, 0, 1
6731, 500709871, 30, 0, 1
6393, 500716264, 16, 0, 1
14587, 500730851, 186, 18, 1
6664, 500737515, 25, 0, 1
464048, 464048, 10136, 597, 5
5220639, 5684687, 91095, 7516, 15
15915378, 21600065, 37576, 9545, 10
19161048, 40761113, 23624, 5737, 11
18944891, 59706004, 18976, 5129, 11
19581998, 79288002, 18698, 5281, 11
19419811, 98707813, 18846, 5289, 11
18193916, 116901729, 25434, 6813, 2
19001250, 135902979, 19425, 5177, 11
19619547, 155522526, 19192, 5285, 11
19565631, 175088157, 20793, 5403, 11
19443008, 194531165, 20144, 5297, 11
19566473, 214097638, 19532, 5322, 11
19528512, 233626150, 19612, 5331, 11
18808012, 252434162, 20783, 5142, 11
18688210, 271122372, 25029, 5183, 11
19037118, 290159490, 19085, 5219, 11
19621874, 309781364, 19149, 5232, 11
19562926, 329344290, 19268, 5308, 11
19592098, 348936388, 20279, 5384, 11
19546008, 368482396, 18814, 5253, 11
19645674, 388128070, 18897, 5262, 11
19594706, 407722776, 18875, 5327, 11
19550351, 427273127, 19857, 5260, 11
19612445, 446885572, 18499, 5315, 11
19545272, 466430844, 18903, 5261, 11
18123009, 484553853, 30328, 4904, 2
10566618, 495120471, 17254, 289, 12
1238382, 496358853, 4236, 576, 5
5658, 496364511, 21, 0, 1
6138, 496370649, 19, 0, 1
11777, 496382426, 62, 0, 1
5658, 496388084, 15, 1, 1
5658, 496393742, 21, 0, 1
6173, 496399915, 19, 1, 1
11783, 496411698, 33, 0, 1
5650, 496417348, 22, 0, 1
5658, 496423006, 12, 0, 1
6135, 496429141, 25, 0, 1
11797, 496440938, 34, 0, 1
5651, 496446589, 19, 0, 1
5661, 496452250, 26, 0, 1
6160, 496458410, 18, 0, 1
11797, 496470207, 49, 0, 1
5652, 496475859, 22, 0, 1
5652, 496481511, 15, 0, 1
6153, 496487664, 27, 0, 1
11775, 496499439, 45, 0, 1
5658, 496505097, 12, 0, 1
5658, 496510755, 12, 0, 1
6153, 496516908, 27, 0, 1
11772, 496528680, 53, 0, 1
5658, 496534338, 11, 0, 1
5658, 496539996, 9, 0, 1
6167, 496546163, 31, 1, 1
11771, 496557934, 33, 0, 1
5644, 496563578, 28, 0, 1
5652, 496569230, 23, 0, 1
7537, 496576767, 94, 8, 1
11779, 496588546, 46, 0, 1
5658, 496594204, 11, 0, 1
5657, 496599861, 16, 0, 1
6160, 496606021, 29, 1, 1
11795, 496617816, 37, 0, 1
5658, 496623474, 12, 1, 1
5658, 496629132, 16, 0, 1
6157, 496635289, 28, 0, 1
11813, 496647102, 56, 0, 1
5646, 496652748, 18, 0, 1
5652, 496658400, 17, 0, 1
6160, 496664560, 19, 0, 1
11819, 496676379, 42, 0, 1
5652, 496682031, 14, 0, 1
5657, 496687688, 24, 0, 1
6154, 496693842, 21, 1, 1
11796, 496705638, 32, 1, 1
6104, 496711742, 25, 1, 1
5658, 496717400, 12, 0, 1
6147, 496723547, 38, 0, 1
12997, 496736544, 94, 0, 1
6366, 496742910, 30, 0, 1
6333, 496749243, 24, 0, 1
6587, 496755830, 31, 0, 1
11797, 496767627, 40, 1, 1
5652, 496773279, 21, 0, 1
5658, 496778937, 10, 0, 1
6172, 496785109, 30, 0, 1
11788, 496796897, 37, 0, 1
5663, 496802560, 27, 2, 1
5652, 496808212, 15, 0, 1
6142, 496814354, 23, 1, 1
11789, 496826143, 46, 0, 1
5644, 496831787, 19, 0, 1
5658, 496837445, 10, 0, 1
6160, 496843605, 17, 0, 1
11778, 496855383, 33, 0, 1
5658, 496861041, 13, 0, 1
5658, 496866699, 13, 0, 1
6158, 496872857, 25, 0, 1
11796, 496884653, 22, 0, 1
6108, 496890761, 31, 0, 1
5658, 496896419, 17, 0, 1
6646, 496903065, 42, 1, 1
13006, 496916071, 33, 0, 1
6639, 496922710, 35, 0, 1
6333, 496929043, 16, 0, 1
6589, 496935632, 28, 0, 1
11796, 496947428, 25, 0, 1
6102, 496953530, 30, 0, 1
7493, 496961023, 48, 5, 1
12244, 496973267, 43, 0, 1
6116, 496979383, 21, 0, 1
6103, 496985486, 34, 0, 1
6116, 496991602, 19, 0, 1
12190, 497003792, 43, 0, 1
6106, 497009898, 29, 0, 1
6129, 497016027, 19, 0, 1
6110, 497022137, 20, 0, 1
12214, 497034351, 35, 0, 1
6090, 497040441, 28, 0, 1
6116, 497046557, 18, 0, 1
6116, 497052673, 19, 0, 1
12235, 497064908, 47, 0, 1
6095, 497071003, 27, 0, 1
6116, 497077119, 19, 0, 1
6074, 497083193, 27, 0, 1
11749, 497094942, 36, 0, 1
6138, 497101080, 16, 0, 1
6115, 497107195, 21, 0, 1
5645, 497112840, 22, 0, 1
11807, 497124647, 42, 0, 1
6138, 497130785, 15, 0, 1
5633, 497136418, 19, 0, 1
5658, 497142076, 13, 0, 1
11817, 497153893, 34, 0, 1
6151, 497160044, 17, 0, 1
5652, 497165696, 16, 0, 1
5657, 497171353, 15, 0, 1
11776, 497183129, 38, 0, 1
6119, 497189248, 24, 0, 1
5646, 497194894, 25, 0, 1
5658, 497200552, 14, 0, 1
11779, 497212331, 42, 0, 1
6137, 497218468, 29, 0, 1
5658, 497224126, 15, 0, 1
5668, 497229794, 26, 0, 1
11805, 497241599, 29, 0, 1
6137, 497247736, 31, 0, 1
5638, 497253374, 27, 0, 1
5658, 497259032, 12, 0, 1
11820, 497270852, 48, 0, 1
6138, 497276990, 18, 0, 1
5657, 497282647, 30, 0, 1
5658, 497288305, 9, 0, 1
11804, 497300109, 47, 0, 1
221790, 497521899, 759, 119, 1
6115, 497528014, 54, 0, 1
5663, 497533677, 31, 0, 1
13142, 497546819, 65, 1, 1
6138, 497552957, 22, 0, 1
5658, 497558615, 12, 0, 1
5658, 497564273, 12, 0, 1
11794, 497576067, 37, 0, 1
6138, 497582205, 16, 0, 1
5658, 497587863, 12, 0, 1
5652, 497593515, 15, 0, 1
11799, 497605314, 34, 0, 1
6165, 497611479, 34, 0, 1
5658, 497617137, 14, 0, 1
5661, 497622798, 27, 0, 1
11815, 497634613, 45, 0, 1
6138, 497640751, 15, 0, 1
5652, 497646403, 15, 0, 1
5644, 497652047, 17, 0, 1
11831, 497663878, 28, 0, 1
6138, 497670016, 17, 0, 1
5640, 497675656, 13, 0, 1
5657, 497681313, 21, 0, 1
11810, 497693123, 28, 0, 1
6138, 497699261, 18, 0, 1
5652, 497704913, 15, 0, 1
5652, 497710565, 13, 0, 1
11840, 497722405, 52, 0, 1
6137, 497728542, 21, 0, 1
5645, 497734187, 20, 0, 1
5650, 497739837, 17, 0, 1
11809, 497751646, 40, 0, 1
6158, 497757804, 15, 0, 1
5658, 497763462, 11, 0, 1
5645, 497769107, 22, 0, 1
11811, 497780918, 40, 0, 1
6138, 497787056, 19, 0, 1
5657, 497792713, 15, 0, 1
5658, 497798371, 13, 0, 1
11830, 497810201, 26, 0, 1
6138, 497816339, 19, 0, 1
5658, 497821997, 11, 0, 1
5658, 497827655, 12, 0, 1
11818, 497839473, 27, 0, 1
6151, 497845624, 17, 0, 1
5658, 497851282, 14, 0, 1
5658, 497856940, 12, 0, 1
11817, 497868757, 37, 0, 1
6126, 497874883, 24, 0, 1
5658, 497880541, 12, 0, 1
5658, 497886199, 13, 0, 1
11844, 497898043, 25, 0, 1
6126, 497904169, 23, 0, 1
5658, 497909827, 16, 0, 1
5658, 497915485, 16, 0, 1
13195, 497928680, 52, 0, 1
6138, 497934818, 19, 0, 1
5658, 497940476, 13, 0, 1
5658, 497946134, 12, 0, 1
11831, 497957965, 25, 0, 1
6138, 497964103, 17, 0, 1
5658, 497969761, 14, 0, 1
5658, 497975419, 13, 0, 1
11818, 497987237, 26, 0, 1
6149, 497993386, 26, 0, 1
5658, 497999044, 16, 0, 1
5658, 498004702, 18, 0, 1
11817, 498016519, 32, 0, 1
6138, 498022657, 26, 0, 1
5652, 498028309, 16, 0, 1
5651, 498033960, 14, 0, 1
11831, 498045791, 33, 0, 1
6138, 498051929, 18, 0, 1
5658, 498057587, 14, 0, 1
5658, 498063245, 14, 0, 1
11807, 498075052, 54, 0, 1
6151, 498081203, 16, 0, 1
6104, 498087307, 25, 0, 1
5658, 498092965, 17, 0, 1
11774, 498104739, 43, 0, 1
6138, 498110877, 19, 0, 1
5652, 498116529, 18, 0, 1
5658, 498122187, 12, 0, 1
11795, 498133982, 36, 0, 1
6137, 498140119, 19, 0, 1
5658, 498145777, 12, 0, 1
5652, 498151429, 15, 0, 1
11810, 498163239, 46, 0, 1
6114, 498169353, 24, 0, 1
5658, 498175011, 11, 0, 1
5658, 498180669, 14, 0, 1
11831, 498192500, 30, 0, 1
6138, 498198638, 18, 0, 1
5658, 498204296, 15, 0, 1
5657, 498209953, 18, 0, 1
11804, 498221757, 32, 0, 1
6151, 498227908, 18, 0, 1
5658, 498233566, 16, 0, 1
5652, 498239218, 17, 0, 1
11816, 498251034, 40, 0, 1
6138, 498257172, 24, 0, 1
5658, 498262830, 15, 0, 1
5658, 498268488, 16, 0, 1
11839, 498280327, 37, 0, 1
6132, 498286459, 20, 0, 1
5652, 498292111, 18, 0, 1
7035, 498299146, 36, 3, 1
11769, 498310915, 35, 0, 1
7033, 498317948, 92, 36, 1
5652, 498323600, 17, 0, 1
5658, 498329258, 16, 0, 1
11804, 498341062, 34, 0, 1
6138, 498347200, 20, 0, 1
5628, 498352828, 19, 0, 1
5658, 498358486, 17, 0, 1
11816, 498370302, 41, 0, 1
6125, 498376427, 28, 0, 1
5658, 498382085, 16, 0, 1
5658, 498387743, 11, 0, 1
11798, 498399541, 43, 0, 1
6138, 498405679, 19, 0, 1
5658, 498411337, 17, 0, 1
5658, 498416995, 14, 0, 1
11837, 498428832, 30, 0, 1
6138, 498434970, 17, 0, 1
5658, 498440628, 12, 0, 1
5658, 498446286, 19, 0, 1
11806, 498458092, 34, 0, 1
6145, 498464237, 19, 0, 1
5658, 498469895, 17, 0, 1
5658, 498475553, 16, 0, 1
11784, 498487337, 36, 0, 1
6133, 498493470, 23, 0, 1
5634, 498499104, 19, 0, 1
5646, 498504750, 15, 0, 1
11825, 498516575, 36, 0, 1
6132, 498522707, 16, 0, 1
5658, 498528365, 12, 0, 1
5658, 498534023, 15, 0, 1
11810, 498545833, 38, 0, 1
6145, 498551978, 21, 0, 1
5646, 498557624, 16, 0, 1
5651, 498563275, 20, 0, 1
11804, 498575079, 40, 0, 1
6138, 498581217, 20, 0, 1
5640, 498586857, 18, 0, 1
5658, 498592515, 17, 0, 1
11805, 498604320, 43, 0, 1
6130, 498610450, 24, 0, 1
5658, 498616108, 14, 0, 1
5658, 498621766, 15, 0, 1
11806, 498633572, 31, 0, 1
6138, 498639710, 16, 0, 1
5651, 498645361, 19, 0, 1
5658, 498651019, 17, 0, 1
11844, 498662863, 26, 0, 1
6138, 498669001, 16, 0, 1
7035, 498676036, 30, 0, 1
5657, 498681693, 22, 0, 1
11794, 498693487, 25, 0, 1
6151, 498699638, 18, 0, 1
5658, 498705296, 14, 0, 1
5658, 498710954, 13, 0, 1
11818, 498722772, 31, 0, 1
6120, 498728892, 23, 0, 1
5628, 498734520, 19, 0, 1
5657, 498740177, 17, 0, 1
11813, 498751990, 34, 0, 1
6138, 498758128, 19, 0, 1
5652, 498763780, 15, 0, 1
5658, 498769438, 10, 0, 1
11817, 498781255, 28, 0, 1
6151, 498787406, 23, 0, 1
5657, 498793063, 20, 0, 1
5658, 498798721, 12, 0, 1
11812, 498810533, 25, 0, 1
6138, 498816671, 17, 0, 1
5652, 498822323, 17, 0, 1
5658, 498827981, 18, 0, 1
11831, 498839812, 23, 0, 1
6138, 498845950, 14, 0, 1
5658, 498851608, 15, 0, 1
5652, 498857260, 14, 0, 1
11801, 498869061, 40, 0, 1
6132, 498875193, 19, 0, 1
5658, 498880851, 10, 0, 1
5658, 498886509, 13, 0, 1
23988, 498910497, 363, 96, 1
891440, 499801937, 15224, 3898, 9
6724, 499808661, 566, 5, 1
6663, 499815324, 44, 0, 1
14148, 499829472, 275, 40, 1
10731, 499840203, 148, 22, 1
6690, 499846893, 31, 0, 1
6727, 499853620, 35, 1, 1
15287, 499868907, 146, 14, 1
6601, 499875508, 28, 0, 1
