0,1,152571666.17,2967176654.3650727
5,152571667.17,185069248.92,2889592776.231653
11,185069249.92,223055731.20999998,3671114250.0599723
0,223055732.20999998,285813603.28999996,2967176654.3650727
5,285813604.28999996,3817325163.150001,2889592776.231653
6,3817325164.150001,3871440087.980001,2131834795.7711167
14,3871440088.980001,3944319120.0400004,2446824213.8627768
6,3944319121.0400004,3967380327.2117176,2131834795.7711167
10,3967380328.2117176,3974211853.083146,797661017.4990699
14,3974211854.083146,3991815943.458146,2446824213.8627768
6,3991815944.458146,4016371079.2581463,2131834795.7711167
10,4016371080.2581463,4030030838.7581463,797661017.4990699
6,4030030839.7581463,4043830992.7581463,2131834795.7711167
14,4043830993.7581463,4070354525.7581463,2446824213.8627768
3,4070354526.7581463,4086350039.7581463,1443023607.5620902
14,4086350040.7581463,4111594694.7581463,2446824213.8627768
6,4111594695.7581463,4135412990.7581463,2131834795.7711167
10,4135412991.7581463,4153461278.7581463,797661017.4990699
