0,1,152749682.15,2967176654.3650727
2,152749683.15,183758725.52,2644991375.7880425
14,183758726.52,220253852.36,2446824213.8627768
0,220253853.36,313896243.16999996,2967176654.3650727
5,313896244.16999996,2001447325.81,2889592776.231653
0,2001447326.81,2029966431.76,2967176654.3650727
5,2029966432.76,2058448324.08,2889592776.231653
0,2058448325.08,2086941465.25,2967176654.3650727
13,2086941466.25,2228691098.0899997,2697371521.4486256
0,2228691099.0899997,2257043076.3799996,2967176654.3650727
13,2257043077.3799996,3814337288.210001,2697371521.4486256
6,3814337289.210001,3886724486.650001,2131834795.7711167
3,3886724487.650001,3902426059.330001,1443023607.5620902
6,3902426060.330001,3919903397.130001,2131834795.7711167
1,3919903398.130001,3954872938.750001,1404728713.4590423
6,3954872939.750001,3971368136.913266,2131834795.7711167
10,3971368137.913266,3988868718.839582,797661017.4990699
6,3988868719.839582,4008184171.839582,2131834795.7711167
