630137, 630137, 15944, 1107, 5
4519453, 5149590, 83365, 9569, 15
14455506, 19605096, 40155, 14221, 20
18732733, 38337829, 19076, 6135, 2
17531328, 55869157, 23584, 7295, 2
19001444, 74870601, 18475, 6386, 2
19014361, 93884962, 18727, 6604, 2
18142969, 112027931, 24063, 8875, 2
18315234, 130343165, 20078, 6524, 2
18731283, 149074448, 19137, 6245, 2
19344282, 168418730, 19702, 6435, 2
18959442, 187378172, 22164, 6999, 2
19072184, 206450356, 19355, 6396, 2
19183683, 225634039, 19365, 6453, 2
19234986, 244869025, 19404, 6179, 2
17588591, 262457616, 26558, 7965, 2
18294161, 280751777, 20488, 8151, 2
18138513, 298890290, 20474, 8667, 2
18669529, 317559819, 21071, 8536, 2
18668422, 336228241, 22112, 8677, 2
18744824, 354973065, 20852, 8669, 2
18451945, 373425010, 21448, 8933, 2
18909621, 392334631, 20885, 8582, 2
18742512, 411077143, 21905, 8749, 2
18785806, 429862949, 21416, 8601, 2
18843082, 448706031, 21246, 8516, 2
18735334, 467441365, 21286, 9005, 2
17197289, 484638654, 33179, 9372, 10
10458952, 495097606, 17441, 2239, 12
1329899, 496427505, 4358, 906, 5
5644, 496433149, 42, 1, 1
11742, 496444891, 47, 5, 1
6151, 496451042, 18, 0, 1
5643, 496456685, 25, 0, 1
5661, 496462346, 35, 0, 1
11791, 496474137, 47, 1, 1
6137, 496480274, 27, 0, 1
5657, 496485931, 25, 3, 1
5652, 496491583, 27, 1, 1
11824, 496503407, 31, 0, 1
6125, 496509532, 34, 0, 1
5640, 496515172, 20, 3, 1
5643, 496520815, 23, 0, 1
11798, 496532613, 31, 0, 1
6151, 496538764, 17, 0, 1
5658, 496544422, 22, 8, 1
5658, 496550080, 16, 0, 1
11818, 496561898, 21, 0, 1
6138, 496568036, 16, 0, 1
5652, 496573688, 28, 0, 1
5652, 496579340, 17, 0, 1
11811, 496591151, 43, 1, 1
6138, 496597289, 19, 0, 1
5644, 496602933, 23, 1, 1
5658, 496608591, 12, 0, 1
11815, 496620406, 38, 3, 1
6138, 496626544, 17, 0, 1
5638, 496632182, 28, 3, 1
5658, 496637840, 16, 1, 1
11824, 496649664, 28, 0, 1
6138, 496655802, 19, 0, 1
5644, 496661446, 32, 0, 1
5658, 496667104, 13, 0, 1
11818, 496678922, 29, 0, 1
6151, 496685073, 19, 0, 1
5636, 496690709, 27, 0, 1
5646, 496696355, 14, 0, 1
11813, 496708168, 47, 1, 1
7482, 496715650, 106, 37, 1
5647, 496721297, 30, 0, 1
11830, 496733127, 33, 2, 1
5626, 496738753, 31, 0, 1
6126, 496744879, 19, 0, 1
5628, 496750507, 22, 0, 1
11806, 496762313, 29, 1, 1
5662, 496767975, 32, 0, 1
6138, 496774113, 32, 2, 1
6115, 496780228, 57, 9, 1
11774, 496792002, 93, 8, 1
5658, 496797660, 33, 18, 1
6133, 496803793, 44, 0, 1
6101, 496809894, 49, 1, 1
11807, 496821701, 55, 6, 1
5658, 496827359, 13, 0, 1
6138, 496833497, 19, 0, 1
5651, 496839148, 35, 15, 1
11812, 496850960, 54, 4, 1
5658, 496856618, 33, 19, 1
6138, 496862756, 19, 0, 1
5652, 496868408, 24, 10, 1
11813, 496880221, 37, 0, 1
5658, 496885879, 22, 2, 1
6120, 496891999, 17, 0, 1
5658, 496897657, 20, 9, 1
11818, 496909475, 25, 0, 1
5648, 496915123, 28, 0, 1
6139, 496921262, 25, 0, 1
5652, 496926914, 54, 16, 1
11812, 496938726, 38, 0, 1
5656, 496944382, 27, 6, 1
6126, 496950508, 19, 0, 1
5652, 496956160, 29, 5, 1
11831, 496967991, 46, 0, 1
5652, 496973643, 36, 5, 1
6138, 496979781, 21, 0, 1
6116, 496985897, 29, 0, 1
11784, 496997681, 43, 0, 1
6373, 497004054, 85, 14, 1
6637, 497010691, 29, 4, 1
6642, 497017333, 44, 2, 1
12926, 497030259, 54, 0, 1
6104, 497036363, 25, 0, 1
6116, 497042479, 21, 0, 1
6098, 497048577, 34, 0, 1
12227, 497060804, 40, 1, 1
6120, 497066924, 34, 0, 1
6117, 497073041, 20, 0, 1
6116, 497079157, 19, 0, 1
12238, 497091395, 57, 0, 1
7493, 497098888, 54, 19, 1
6116, 497105004, 19, 0, 1
6129, 497111133, 20, 0, 1
12208, 497123341, 49, 0, 1
6116, 497129457, 19, 0, 1
6073, 497135530, 26, 0, 1
6107, 497141637, 40, 0, 1
12237, 497153874, 38, 0, 1
6127, 497160001, 27, 0, 1
6119, 497166120, 41, 0, 1
6116, 497172236, 23, 0, 1
12226, 497184462, 36, 0, 1
6116, 497190578, 30, 0, 1
6116, 497196694, 18, 0, 1
6115, 497202809, 32, 0, 1
12232, 497215041, 47, 0, 1
5644, 497220685, 16, 0, 1
6138, 497226823, 16, 0, 1
6111, 497232934, 36, 0, 1
12207, 497245141, 42, 0, 1
5658, 497250799, 12, 0, 1
6150, 497256949, 32, 0, 1
6103, 497263052, 27, 0, 1
11790, 497274842, 31, 0, 1
5666, 497280508, 31, 0, 1
6138, 497286646, 18, 0, 1
5658, 497292304, 12, 0, 1
11825, 497304129, 27, 0, 1
5658, 497309787, 13, 0, 1
6124, 497315911, 30, 0, 1
5648, 497321559, 26, 0, 1
11804, 497333363, 44, 0, 1
5658, 497339021, 13, 0, 1
6120, 497345141, 25, 0, 1
5646, 497350787, 17, 0, 1
11825, 497362612, 38, 0, 1
5658, 497368270, 15, 0, 1
6132, 497374402, 21, 0, 1
5631, 497380033, 20, 0, 1
11800, 497391833, 29, 0, 1
5651, 497397484, 26, 0, 1
6148, 497403632, 30, 0, 1
5658, 497409290, 13, 1, 1
11820, 497421110, 50, 0, 1
5658, 497426768, 11, 0, 1
6138, 497432906, 17, 0, 1
5640, 497438546, 22, 0, 1
11841, 497450387, 37, 0, 1
5654, 497456041, 32, 0, 1
6140, 497462181, 31, 0, 1
5644, 497467825, 23, 0, 1
13161, 497480986, 66, 2, 1
5657, 497486643, 22, 0, 1
6139, 497492782, 23, 0, 1
5658, 497498440, 12, 0, 1
11818, 497510258, 31, 0, 1
5658, 497515916, 10, 0, 1
6138, 497522054, 19, 0, 1
5658, 497527712, 13, 0, 1
23373, 497551085, 652, 136, 1
5658, 497556743, 43, 6, 1
6125, 497562868, 30, 0, 1
5640, 497568508, 19, 0, 1
11818, 497580326, 24, 0, 1
5649, 497585975, 26, 0, 1
6136, 497592111, 34, 0, 1
6129, 497598240, 17, 0, 1
11784, 497610024, 28, 0, 1
5660, 497615684, 26, 0, 1
6138, 497621822, 15, 0, 1
6116, 497627938, 16, 0, 1
11804, 497639742, 48, 0, 1
5652, 497645394, 18, 0, 1
6157, 497651551, 23, 0, 1
6116, 497657667, 15, 0, 1
11796, 497669463, 25, 0, 1
5658, 497675121, 10, 0, 1
6138, 497681259, 15, 0, 1
6102, 497687361, 23, 1, 1
11807, 497699168, 36, 1, 1
5655, 497704823, 24, 0, 1
6138, 497710961, 17, 0, 1
6108, 497717069, 25, 0, 1
11783, 497728852, 26, 0, 1
5657, 497734509, 23, 0, 1
6145, 497740654, 24, 0, 1
6116, 497746770, 19, 0, 1
11797, 497758567, 55, 0, 1
5646, 497764213, 19, 0, 1
6132, 497770345, 19, 0, 1
6116, 497776461, 23, 0, 1
11809, 497788270, 22, 0, 1
5656, 497793926, 24, 0, 1
6138, 497800064, 32, 0, 1
6116, 497806180, 24, 0, 1
11795, 497817975, 38, 0, 1
5650, 497823625, 20, 0, 1
6139, 497829764, 21, 0, 1
6129, 497835893, 22, 0, 1
11757, 497847650, 45, 0, 1
5657, 497853307, 28, 0, 1
6139, 497859446, 33, 0, 1
7035, 497866481, 28, 0, 1
11811, 497878292, 38, 0, 1
5648, 497883940, 24, 0, 1
6125, 497890065, 26, 0, 1
5628, 497895693, 15, 0, 1
11818, 497907511, 29, 0, 1
5644, 497913155, 20, 0, 1
6138, 497919293, 15, 0, 1
5652, 497924945, 17, 0, 1
11826, 497936771, 34, 0, 1
5658, 497942429, 15, 1, 1
6129, 497948558, 28, 0, 1
6116, 497954674, 18, 0, 1
11777, 497966451, 34, 0, 1
5658, 497972109, 10, 0, 1
6151, 497978260, 16, 0, 1
5658, 497983918, 12, 0, 1
11799, 497995717, 38, 0, 1
5658, 498001375, 12, 0, 1
6123, 498007498, 23, 0, 1
5658, 498013156, 11, 0, 1
11822, 498024978, 39, 0, 1
5658, 498030636, 13, 0, 1
6096, 498036732, 22, 0, 1
5658, 498042390, 14, 1, 1
11781, 498054171, 45, 2, 1
6116, 498060287, 19, 0, 1
6104, 498066391, 22, 0, 1
5658, 498072049, 16, 1, 1
11812, 498083861, 35, 0, 1
5658, 498089519, 11, 0, 1
6125, 498095644, 28, 0, 1
5658, 498101302, 10, 1, 1
11797, 498113099, 32, 0, 1
5648, 498118747, 25, 0, 1
6133, 498124880, 25, 0, 1
5639, 498130519, 16, 0, 1
11816, 498142335, 33, 0, 1
5657, 498147992, 18, 0, 1
6138, 498154130, 17, 0, 1
5658, 498159788, 11, 0, 1
11804, 498171592, 37, 0, 1
5640, 498177232, 12, 0, 1
6125, 498183357, 22, 0, 1
5646, 498189003, 17, 0, 1
11811, 498200814, 37, 0, 1
5648, 498206462, 28, 0, 1
6142, 498212604, 33, 0, 1
5645, 498218249, 18, 3, 1
11787, 498230036, 35, 0, 1
5652, 498235688, 22, 0, 1
7531, 498243219, 59, 1, 1
5658, 498248877, 15, 1, 1
11828, 498260705, 39, 1, 1
5663, 498266368, 26, 0, 1
6129, 498272497, 33, 0, 1
5658, 498278155, 10, 0, 1
11831, 498289986, 39, 0, 1
5658, 498295644, 9, 0, 1
6126, 498301770, 21, 0, 1
5645, 498307415, 15, 0, 1
11850, 498319265, 35, 1, 1
5652, 498324917, 15, 1, 1
6143, 498331060, 36, 0, 1
5652, 498336712, 10, 0, 1
11796, 498348508, 28, 0, 1
5668, 498354176, 30, 0, 1
6142, 498360318, 34, 0, 1
5657, 498365975, 21, 0, 1
11817, 498377792, 30, 0, 1
5651, 498383443, 20, 0, 1
6138, 498389581, 21, 4, 1
5652, 498395233, 14, 0, 1
11804, 498407037, 35, 0, 1
5661, 498412698, 28, 0, 1
6138, 498418836, 19, 0, 1
5640, 498424476, 14, 0, 1
11801, 498436277, 39, 0, 1
5658, 498441935, 10, 0, 1
6138, 498448073, 19, 0, 1
5643, 498453716, 20, 0, 1
11812, 498465528, 27, 0, 1
5652, 498471180, 29, 0, 1
6107, 498477287, 24, 0, 1
5658, 498482945, 13, 1, 1
11819, 498494764, 42, 0, 1
5658, 498500422, 13, 0, 1
6132, 498506554, 17, 0, 1
5631, 498512185, 21, 0, 1
11823, 498524008, 29, 0, 1
5660, 498529668, 32, 0, 1
6123, 498535791, 28, 0, 1
5658, 498541449, 10, 0, 1
11831, 498553280, 24, 0, 1
5658, 498558938, 11, 0, 1
6128, 498565066, 30, 0, 1
5662, 498570728, 30, 0, 1
11812, 498582540, 20, 0, 1
5640, 498588180, 21, 0, 1
6132, 498594312, 20, 0, 1
5644, 498599956, 21, 0, 1
11800, 498611756, 27, 0, 1
7035, 498618791, 30, 0, 1
6138, 498624929, 17, 0, 1
5658, 498630587, 15, 0, 1
11823, 498642410, 30, 0, 1
5658, 498648068, 13, 0, 1
6132, 498654200, 20, 0, 1
5658, 498659858, 12, 0, 1
11812, 498671670, 31, 0, 1
5656, 498677326, 26, 0, 1
6126, 498683452, 25, 0, 1
5646, 498689098, 20, 0, 1
11810, 498700908, 32, 0, 1
5651, 498706559, 22, 0, 1
6117, 498712676, 27, 0, 1
5658, 498718334, 10, 0, 1
11812, 498730146, 29, 0, 1
5663, 498735809, 23, 0, 1
6122, 498741931, 33, 0, 1
11309, 498753240, 35, 0, 1
6160, 498759400, 15, 0, 1
5659, 498765059, 29, 0, 1
6132, 498771191, 17, 0, 1
11298, 498782489, 18, 0, 1
6173, 498788662, 14, 0, 1
5645, 498794307, 18, 0, 1
6138, 498800445, 16, 0, 1
11299, 498811744, 35, 0, 1
6160, 498817904, 15, 0, 1
5646, 498823550, 15, 0, 1
6138, 498829688, 25, 0, 1
11302, 498840990, 36, 0, 1
6160, 498847150, 14, 0, 1
5656, 498852806, 25, 0, 1
6125, 498858931, 20, 0, 1
11315, 498870246, 26, 0, 1
6165, 498876411, 21, 0, 1
5651, 498882062, 23, 0, 1
935863, 499817925, 15509, 5568, 9
15205, 499833130, 873, 141, 1
6397, 499839527, 36, 15, 1
12397, 499851924, 417, 174, 1
6704, 499858628, 58, 1, 1
13361, 499871989, 84, 11, 1
6486, 499878475, 35, 1, 1
8417, 499886892, 171, 27, 1
6381, 499893273, 27, 1, 1
466606, 466606, 10724, 946, 5
4587084, 5053690, 85727, 9130, 15
14213457, 19267147, 41294, 14472, 20
19058924, 38326071, 18295, 6548, 2
18082234, 56408305, 23246, 7195, 2
18803200, 75211505, 20690, 7264, 2
18925167, 94136672, 19790, 7266, 2
18754644, 112891316, 20529, 7155, 2
18859621, 131750937, 20567, 7331, 2
18900093, 150651030, 20053, 7303, 2
19150817, 169801847, 20108, 7483, 2
18926588, 188728435, 20261, 7718, 2
18857710, 207586145, 21374, 7699, 2
18933315, 226519460, 20663, 7154, 2
18835768, 245355228, 20591, 7875, 2
18380098, 263735326, 24375, 7019, 2
19122657, 282857983, 20250, 6359, 2
19135826, 301993809, 19418, 6370, 2
19099213, 321093022, 19573, 6742, 2
19160848, 340253870, 19609, 6759, 2
19228442, 359482312, 19947, 6575, 2
19180050, 378662362, 19756, 6683, 2
19250700, 397913062, 19431, 6614, 2
19381019, 417294081, 19071, 6350, 2
19125175, 436419256, 21786, 7025, 2
19194419, 455613675, 19978, 6850, 2
19379121, 474992796, 19656, 6295, 2
14995018, 489987814, 30767, 5078, 19
5505011, 495492825, 11344, 1019, 6
5658, 495498483, 37, 3, 1
6114, 495504597, 32, 3, 1
5634, 495510231, 24, 0, 1
11760, 495521991, 44, 4, 1
5652, 495527643, 17, 0, 1
6142, 495533785, 26, 0, 1
5658, 495539443, 25, 0, 1
11803, 495551246, 38, 1, 1
5658, 495556904, 15, 0, 1
6141, 495563045, 30, 0, 1
5658, 495568703, 14, 0, 1
11765, 495580468, 41, 1, 1
5646, 495586114, 14, 0, 1
7729, 495593843, 219, 110, 1
5658, 495599501, 28, 1, 1
11796, 495611297, 35, 5, 1
5657, 495616954, 21, 0, 1
6136, 495623090, 20, 0, 1
5658, 495628748, 16, 0, 1
11772, 495640520, 36, 0, 1
5658, 495646178, 19, 0, 1
6173, 495652351, 21, 2, 1
5657, 495658008, 20, 4, 1
11796, 495669804, 34, 1, 1
5658, 495675462, 19, 0, 1
6142, 495681604, 23, 0, 1
5652, 495687256, 20, 0, 1
11796, 495699052, 41, 0, 1
5652, 495704704, 17, 1, 1
6155, 495710859, 46, 1, 1
6373, 495717232, 77, 5, 1
12997, 495730229, 63, 3, 1
6333, 495736562, 16, 0, 1
6629, 495743191, 37, 0, 1
5658, 495748849, 15, 0, 1
11796, 495760645, 44, 5, 1
5658, 495766303, 14, 0, 1
6136, 495772439, 27, 0, 1
5651, 495778090, 13, 0, 1
13186, 495791276, 120, 37, 1
5658, 495796934, 14, 0, 1
6153, 495803087, 22, 0, 1
5652, 495808739, 24, 1, 1
11796, 495820535, 40, 10, 1
5658, 495826193, 13, 0, 1
6173, 495832366, 23, 2, 1
5658, 495838024, 12, 0, 1
12253, 495850277, 60, 11, 1
5658, 495855935, 15, 2, 1
6137, 495862072, 44, 5, 1
5658, 495867730, 23, 12, 1
12266, 495879996, 40, 3, 1
5658, 495885654, 24, 7, 1
6132, 495891786, 25, 0, 1
5657, 495897443, 22, 0, 1
11778, 495909221, 39, 2, 1
5658, 495914879, 17, 0, 1
6160, 495921039, 29, 1, 1
5658, 495926697, 34, 21, 1
11803, 495938500, 58, 20, 1
5652, 495944152, 23, 0, 1
6135, 495950287, 32, 0, 1
5640, 495955927, 18, 0, 1
11796, 495967723, 31, 4, 1
5658, 495973381, 14, 0, 1
6186, 495979567, 23, 0, 1
5658, 495985225, 17, 1, 1
11796, 495997021, 23, 1, 1
5658, 496002679, 13, 0, 1
6160, 496008839, 34, 3, 1
11797, 496020636, 30, 0, 1
5658, 496026294, 34, 17, 1
5658, 496031952, 11, 0, 1
6148, 496038100, 40, 0, 1
11788, 496049888, 54, 0, 1
6104, 496055992, 39, 0, 1
5657, 496061649, 17, 0, 1
6150, 496067799, 32, 5, 1
12874, 496080673, 71, 4, 1
6618, 496087291, 54, 0, 1
6379, 496093670, 33, 0, 1
6732, 496100402, 30, 2, 1
13147, 496113549, 60, 2, 1
6584, 496120133, 23, 0, 1
6560, 496126693, 29, 0, 1
6554, 496133247, 25, 0, 1
13138, 496146385, 49, 1, 1
6578, 496152963, 19, 0, 1
6578, 496159541, 24, 0, 1
6578, 496166119, 21, 0, 1
14546, 496180665, 78, 18, 1
6578, 496187243, 21, 0, 1
6572, 496193815, 21, 0, 1
6566, 496200381, 24, 0, 1
13156, 496213537, 52, 0, 1
6578, 496220115, 22, 1, 1
6591, 496226706, 17, 0, 1
6578, 496233284, 23, 0, 1
13161, 496246445, 48, 0, 1
6555, 496253000, 36, 0, 1
6559, 496259559, 27, 0, 1
6571, 496266130, 26, 0, 1
13169, 496279299, 50, 3, 1
17980, 496297279, 672, 133, 1
6564, 496303843, 40, 3, 1
6577, 496310420, 25, 1, 1
12896, 496323316, 48, 7, 1
6577, 496329893, 28, 0, 1
6309, 496336202, 22, 6, 1
6603, 496342805, 31, 0, 1
12891, 496355696, 41, 0, 1
6566, 496362262, 28, 0, 1
6309, 496368571, 17, 0, 1
6600, 496375171, 24, 0, 1
12896, 496388067, 37, 0, 1
6284, 496394351, 21, 0, 1
6309, 496400660, 15, 0, 1
6623, 496407283, 26, 0, 1
12897, 496420180, 36, 0, 1
6309, 496426489, 15, 0, 1
6309, 496432798, 14, 0, 1
6622, 496439420, 20, 0, 1
12902, 496452322, 42, 2, 1
6297, 496458619, 22, 1, 1
6303, 496464922, 18, 0, 1
6622, 496471544, 20, 0, 1
12909, 496484453, 31, 0, 1
6569, 496491022, 23, 0, 1
6309, 496497331, 19, 0, 1
6611, 496503942, 23, 0, 1
12895, 496516837, 41, 0, 1
6578, 496523415, 25, 0, 1
6309, 496529724, 15, 0, 1
6600, 496536324, 25, 0, 1
12922, 496549246, 33, 0, 1
6303, 496555549, 18, 0, 1
6308, 496561857, 20, 0, 1
6622, 496568479, 19, 0, 1
12899, 496581378, 38, 0, 1
6297, 496587675, 19, 1, 1
6309, 496593984, 15, 0, 1
8012, 496601996, 41, 5, 1
12896, 496614892, 39, 0, 1
6308, 496621200, 20, 0, 1
6309, 496627509, 23, 0, 1
6598, 496634107, 27, 0, 1
12909, 496647016, 26, 0, 1
6309, 496653325, 14, 0, 1
6309, 496659634, 21, 0, 1
6611, 496666245, 20, 0, 1
12909, 496679154, 25, 0, 1
6309, 496685463, 13, 0, 1
6309, 496691772, 16, 0, 1
6622, 496698394, 22, 0, 1
12922, 496711316, 32, 0, 1
6566, 496717882, 23, 0, 1
6303, 496724185, 19, 0, 1
6576, 496730761, 24, 0, 1
12902, 496743663, 29, 0, 1
6564, 496750227, 31, 0, 1
6309, 496756536, 21, 0, 1
6587, 496763123, 23, 0, 1
12889, 496776012, 44, 0, 1
6309, 496782321, 21, 0, 1
6303, 496788624, 20, 0, 1
6609, 496795233, 25, 0, 1
12935, 496808168, 29, 0, 1
6278, 496814446, 23, 0, 1
6290, 496820736, 22, 0, 1
6603, 496827339, 24, 0, 1
12901, 496840240, 32, 1, 1
6578, 496846818, 21, 0, 1
6297, 496853115, 21, 0, 1
6595, 496859710, 24, 0, 1
12909, 496872619, 32, 0, 1
6559, 496879178, 24, 0, 1
6282, 496885460, 25, 0, 1
6600, 496892060, 22, 0, 1
12891, 496904951, 36, 0, 1
6303, 496911254, 17, 0, 1
6303, 496917557, 24, 0, 1
6628, 496924185, 23, 0, 1
12902, 496937087, 38, 0, 1
6575, 496943662, 32, 0, 1
6297, 496949959, 17, 0, 1
6576, 496956535, 22, 0, 1
12921, 496969456, 30, 0, 1
6309, 496975765, 12, 0, 1
6309, 496982074, 14, 0, 1
6614, 496988688, 25, 0, 1
12890, 497001578, 43, 0, 1
6298, 497007876, 13, 0, 1
7686, 497015562, 37, 6, 1
6609, 497022171, 27, 0, 1
12901, 497035072, 34, 0, 1
6278, 497041350, 19, 0, 1
6308, 497047658, 27, 0, 1
6616, 497054274, 23, 0, 1
12921, 497067195, 45, 0, 1
6309, 497073504, 14, 0, 1
6302, 497079806, 17, 0, 1
6616, 497086422, 21, 0, 1
12903, 497099325, 39, 0, 1
6303, 497105628, 15, 0, 1
6308, 497111936, 20, 0, 1
6635, 497118571, 18, 0, 1
12909, 497131480, 31, 0, 1
6309, 497137789, 13, 1, 1
6309, 497144098, 20, 0, 1
6614, 497150712, 29, 0, 1
12909, 497163621, 29, 0, 1
6309, 497169930, 12, 0, 1
6296, 497176226, 21, 0, 1
6613, 497182839, 19, 0, 1
13172, 497196011, 29, 0, 1
6309, 497202320, 14, 0, 1
6309, 497208629, 18, 1, 1
6616, 497215245, 19, 0, 1
13804, 497229049, 102, 33, 1
6309, 497235358, 19, 0, 1
6309, 497241667, 15, 0, 1
6621, 497248288, 18, 0, 1
12909, 497261197, 27, 0, 1
6309, 497267506, 14, 0, 1
6302, 497273808, 23, 0, 1
6622, 497280430, 23, 0, 1
12909, 497293339, 28, 0, 1
6309, 497299648, 13, 0, 1
6308, 497305956, 25, 0, 1
6616, 497312572, 23, 0, 1
12897, 497325469, 39, 0, 1
6307, 497331776, 20, 0, 1
6309, 497338085, 19, 0, 1
6622, 497344707, 15, 0, 1
12909, 497357616, 26, 0, 1
6309, 497363925, 16, 0, 1
6309, 497370234, 19, 0, 1
6629, 497376863, 21, 0, 1
12898, 497389761, 41, 0, 1
6295, 497396056, 26, 0, 1
6309, 497402365, 15, 0, 1
6587, 497408952, 25, 0, 1
12909, 497421861, 32, 0, 1
7686, 497429547, 33, 1, 1
6308, 497435855, 22, 0, 1
6614, 497442469, 29, 0, 1
12908, 497455377, 37, 0, 1
6309, 497461686, 15, 0, 1
6309, 497467995, 16, 0, 1
6621, 497474616, 23, 0, 1
12914, 497487530, 34, 0, 1
6301, 497493831, 19, 0, 1
6309, 497500140, 14, 0, 1
6622, 497506762, 22, 0, 1
12897, 497519659, 34, 0, 1
6297, 497525956, 24, 0, 1
6315, 497532271, 17, 0, 1
6635, 497538906, 19, 0, 1
12909, 497551815, 32, 0, 1
6309, 497558124, 14, 0, 1
6309, 497564433, 16, 0, 1
6622, 497571055, 21, 0, 1
12904, 497583959, 32, 0, 1
6309, 497590268, 14, 0, 1
6309, 497596577, 17, 0, 1
6622, 497603199, 24, 0, 1
12909, 497616108, 31, 0, 1
6309, 497622417, 15, 0, 1
6309, 497628726, 16, 0, 1
6654, 497635380, 24, 0, 1
12909, 497648289, 29, 0, 1
6309, 497654598, 15, 0, 1
6309, 497660907, 15, 0, 1
6622, 497667529, 22, 0, 1
12896, 497680425, 33, 0, 1
6309, 497686734, 11, 0, 1
6309, 497693043, 17, 0, 1
6635, 497699678, 19, 0, 1
12909, 497712587, 29, 0, 1
6309, 497718896, 15, 0, 1
6309, 497725205, 17, 0, 1
6622, 497731827, 20, 0, 1
12903, 497744730, 39, 0, 1
6309, 497751039, 15, 0, 1
6309, 497757348, 15, 0, 1
6586, 497763934, 26, 0, 1
12907, 497776841, 46, 0, 1
6307, 497783148, 24, 0, 1
6309, 497789457, 20, 0, 1
6633, 497796090, 31, 0, 1
12908, 497808998, 38, 0, 1
6309, 497815307, 18, 0, 1
6302, 497821609, 18, 0, 1
6622, 497828231, 21, 0, 1
23172, 497851403, 511, 399, 1
6280, 497857683, 36, 0, 1
6309, 497863992, 15, 0, 1
6622, 497870614, 24, 0, 1
12899, 497883513, 47, 0, 1
6309, 497889822, 16, 0, 1
6309, 497896131, 14, 0, 1
6634, 497902765, 20, 0, 1
12909, 497915674, 28, 0, 1
6309, 497921983, 14, 0, 1
6303, 497928286, 17, 0, 1
6613, 497934899, 29, 0, 1
12903, 497947802, 37, 0, 1
6303, 497954105, 18, 0, 1
6302, 497960407, 17, 0, 1
6635, 497967042, 23, 0, 1
12901, 497979943, 42, 0, 1
6309, 497986252, 14, 0, 1
6303, 497992555, 18, 0, 1
6610, 497999165, 24, 0, 1
12922, 498012087, 28, 0, 1
6309, 498018396, 16, 0, 1
6309, 498024705, 15, 0, 1
6586, 498031291, 24, 0, 1
12909, 498044200, 31, 0, 1
6309, 498050509, 14, 0, 1
6309, 498056818, 16, 0, 1
6624, 498063442, 25, 0, 1
12903, 498076345, 26, 0, 1
6309, 498082654, 14, 0, 1
6309, 498088963, 16, 0, 1
9937, 498098900, 194, 50, 1
37592, 498136492, 2355, 1352, 1
862127, 498998619, 13419, 3779, 9
6708, 499005327, 83, 8, 1
6662, 499011989, 42, 8, 1
21312, 499033301, 473, 163, 1
6718, 499040019, 38, 7, 1
6662, 499046681, 37, 1, 1
8268, 499054949, 174, 29, 1
13257, 499068206, 54, 11, 1
2817222, 2817222, 54955, 4341, 4
7930031, 10747253, 73645, 17326, 13
18789705, 29536958, 19516, 6716, 2
18995737, 48532695, 19598, 5800, 11
19028109, 67560804, 20982, 6911, 2
19339224, 86900028, 18649, 5891, 11
19187602, 106087630, 18203, 5939, 11
18343052, 124430682, 23659, 8496, 2
18498573, 142929255, 18463, 6245, 2
19478066, 162407321, 19068, 6406, 2
19194340, 181601661, 21019, 7002, 2
19385556, 200987217, 18653, 5951, 11
19244630, 220231847, 18970, 6219, 2
19249651, 239481498, 19109, 6200, 2
17724636, 257206134, 25003, 8007, 2
17912053, 275118187, 24009, 12642, 10
17136329, 292254516, 23998, 12486, 10
17922552, 310177068, 24824, 12708, 10
17999914, 328176982, 23879, 12518, 10
17984400, 346161382, 24750, 13275, 10
17878716, 364040098, 24068, 12529, 10
17968634, 382008732, 24452, 13201, 10
17908327, 399917059, 24177, 12556, 10
17943403, 417860462, 24079, 13022, 10
17989626, 435850088, 23675, 12751, 10
17847236, 453697324, 24659, 13253, 10
17920715, 471618039, 23894, 13079, 10
16133354, 487751393, 30128, 9479, 10
8733672, 496485065, 19530, 2205, 12
11781, 496496846, 408, 29, 1
6138, 496502984, 37, 6, 1
5652, 496508636, 20, 0, 1
6138, 496514774, 19, 0, 1
11315, 496526089, 35, 4, 1
6155, 496532244, 27, 1, 1
5650, 496537894, 27, 0, 1
6138, 496544032, 17, 0, 1
11316, 496555348, 21, 4, 1
6159, 496561507, 24, 0, 1
5648, 496567155, 25, 0, 1
6151, 496573306, 18, 1, 1
11308, 496584614, 40, 2, 1
6160, 496590774, 20, 0, 1
5658, 496596432, 20, 0, 1
6120, 496602552, 24, 0, 1
11269, 496613821, 53, 7, 1
6173, 496619994, 18, 0, 1
5646, 496625640, 16, 0, 1
6127, 496631767, 22, 0, 1
11307, 496643074, 38, 6, 1
6160, 496649234, 21, 0, 1
5644, 496654878, 25, 0, 1
6145, 496661023, 21, 0, 1
11316, 496672339, 37, 8, 1
6154, 496678493, 18, 0, 1
5658, 496684151, 26, 0, 1
6138, 496690289, 17, 0, 1
11286, 496701575, 46, 3, 1
6167, 496707742, 31, 1, 1
5658, 496713400, 26, 13, 1
7509, 496720909, 101, 65, 1
11293, 496732202, 52, 0, 1
6160, 496738362, 21, 0, 1
5657, 496744019, 23, 0, 1
6138, 496750157, 15, 0, 1
11295, 496761452, 39, 0, 1
15280, 496776732, 614, 527, 1
5658, 496782390, 36, 12, 1
6126, 496788516, 30, 0, 1
11292, 496799808, 31, 1, 1
6148, 496805956, 23, 0, 1
5655, 496811611, 30, 0, 1
6151, 496817762, 16, 0, 1
11308, 496829070, 37, 0, 1
6148, 496835218, 28, 0, 1
5657, 496840875, 40, 14, 1
6138, 496847013, 17, 0, 1
11774, 496858787, 70, 20, 1
6151, 496864938, 44, 3, 1
6105, 496871043, 64, 7, 1
6115, 496877158, 25, 2, 1
11793, 496888951, 75, 10, 1
6138, 496895089, 24, 0, 1
5658, 496900747, 18, 0, 1
6151, 496906898, 20, 0, 1
11308, 496918206, 39, 5, 1
6160, 496924366, 28, 2, 1
5658, 496930024, 18, 5, 1
6114, 496936138, 23, 0, 1
11311, 496947449, 55, 18, 1
7049, 496954498, 98, 51, 1
5657, 496960155, 16, 0, 1
6138, 496966293, 21, 0, 1
11309, 496977602, 45, 17, 1
6154, 496983756, 33, 0, 1
5658, 496989414, 24, 0, 1
6130, 496995544, 29, 0, 1
11296, 497006840, 58, 15, 1
6173, 497013013, 24, 0, 1
5652, 497018665, 19, 2, 1
6144, 497024809, 30, 0, 1
11309, 497036118, 51, 19, 1
6159, 497042277, 24, 0, 1
5658, 497047935, 23, 1, 1
6150, 497054085, 25, 0, 1
12323, 497066408, 116, 26, 1
6664, 497073072, 57, 16, 1
6381, 497079453, 20, 0, 1
6622, 497086075, 46, 10, 1
12689, 497098764, 54, 0, 1
6116, 497104880, 19, 0, 1
7485, 497112365, 55, 6, 1
6123, 497118488, 20, 0, 1
12220, 497130708, 48, 0, 1
6109, 497136817, 34, 0, 1
6097, 497142914, 31, 0, 1
6126, 497149040, 26, 0, 1
12225, 497161265, 38, 0, 1
6115, 497167380, 22, 0, 1
6116, 497173496, 22, 0, 1
6116, 497179612, 18, 0, 1
12232, 497191844, 42, 0, 1
6123, 497197967, 26, 0, 1
6116, 497204083, 19, 0, 1
6080, 497210163, 28, 0, 1
12226, 497222389, 38, 0, 1
6109, 497228498, 24, 0, 1
6097, 497234595, 25, 0, 1
12226, 497246821, 47, 0, 1
6104, 497252925, 23, 0, 1
6103, 497259028, 29, 0, 1
6108, 497265136, 26, 0, 1
11784, 497276920, 47, 0, 1
5651, 497282571, 18, 0, 1
6137, 497288708, 24, 0, 1
6129, 497294837, 23, 0, 1
12218, 497307055, 56, 3, 1
5658, 497312713, 21, 0, 1
6137, 497318850, 30, 0, 1
5662, 497324512, 25, 0, 1
12252, 497336764, 40, 0, 1
5658, 497342422, 17, 0, 1
6133, 497348555, 30, 0, 1
5658, 497354213, 26, 0, 1
11796, 497366009, 26, 1, 1
5658, 497371667, 13, 0, 1
6122, 497377789, 25, 0, 1
5652, 497383441, 15, 0, 1
11803, 497395244, 33, 0, 1
5657, 497400901, 19, 0, 1
6136, 497407037, 21, 0, 1
5658, 497412695, 16, 0, 1
11796, 497424491, 34, 0, 1
5652, 497430143, 15, 0, 1
6186, 497436329, 18, 0, 1
5645, 497441974, 20, 0, 1
11784, 497453758, 31, 0, 1
5658, 497459416, 15, 0, 1
6160, 497465576, 22, 0, 1
5658, 497471234, 14, 0, 1
11789, 497483023, 39, 0, 1
5658, 497488681, 13, 0, 1
7545, 497496226, 42, 1, 1
5652, 497501878, 16, 0, 1
11796, 497513674, 28, 0, 1
5657, 497519331, 21, 0, 1
6156, 497525487, 30, 0, 1
5650, 497531137, 20, 1, 1
20000, 497551137, 354, 88, 1
5658, 497556795, 24, 0, 1
6142, 497562937, 20, 0, 1
5657, 497568594, 16, 0, 1
11796, 497580390, 32, 0, 1
5651, 497586041, 13, 0, 1
6167, 497592208, 21, 0, 1
5658, 497597866, 17, 0, 1
11788, 497609654, 33, 0, 1
5658, 497615312, 10, 0, 1
6147, 497621459, 23, 0, 1
5652, 497627111, 16, 0, 1
11807, 497638918, 39, 0, 1
5658, 497644576, 14, 0, 1
6160, 497650736, 22, 0, 1
5646, 497656382, 17, 0, 1
11771, 497668153, 36, 1, 1
5651, 497673804, 17, 0, 1
6155, 497679959, 22, 0, 1
5657, 497685616, 20, 0, 1
11790, 497697406, 23, 0, 1
5657, 497703063, 16, 0, 1
6160, 497709223, 20, 0, 1
5639, 497714862, 26, 0, 1
11792, 497726654, 44, 0, 1
5657, 497732311, 17, 0, 1
6167, 497738478, 18, 0, 1
5658, 497744136, 11, 0, 1
12247, 497756383, 42, 0, 1
5632, 497762015, 22, 0, 1
6112, 497768127, 28, 0, 1
5655, 497773782, 20, 0, 1
12266, 497786048, 31, 0, 1
5664, 497791712, 16, 0, 1
6132, 497797844, 19, 0, 1
5658, 497803502, 14, 0, 1
11771, 497815273, 32, 0, 1
5652, 497820925, 14, 0, 1
6199, 497827124, 19, 0, 1
5657, 497832781, 19, 0, 1
11772, 497844553, 34, 0, 1
5652, 497850205, 22, 0, 1
6153, 497856358, 20, 0, 1
5645, 497862003, 21, 0, 1
12261, 497874264, 37, 0, 1
7029, 497881293, 39, 4, 1
6138, 497887431, 23, 0, 1
5658, 497893089, 12, 0, 1
11771, 497904860, 39, 0, 1
5649, 497910509, 17, 0, 1
6155, 497916664, 19, 0, 1
5652, 497922316, 20, 0, 1
11790, 497934106, 44, 0, 1
5658, 497939764, 15, 0, 1
6159, 497945923, 33, 0, 1
5655, 497951578, 20, 0, 1
11796, 497963374, 35, 0, 1
5658, 497969032, 16, 0, 1
6167, 497975199, 18, 0, 1
5650, 497980849, 22, 0, 1
11772, 497992621, 33, 0, 1
5657, 497998278, 17, 0, 1
6160, 498004438, 23, 0, 1
5658, 498010096, 12, 0, 1
11772, 498021868, 38, 2, 1
5649, 498027517, 21, 0, 1
6148, 498033665, 21, 0, 1
5657, 498039322, 17, 0, 1
11778, 498051100, 36, 0, 1
5658, 498056758, 13, 0, 1
6166, 498062924, 24, 0, 1
5658, 498068582, 10, 0, 1
11770, 498080352, 44, 0, 1
5658, 498086010, 14, 0, 1
6156, 498092166, 35, 0, 1
6116, 498098282, 23, 0, 1
11779, 498110061, 37, 0, 1
5658, 498115719, 16, 0, 1
6160, 498121879, 18, 0, 1
5658, 498127537, 15, 0, 1
11789, 498139326, 35, 1, 1
5658, 498144984, 25, 0, 1
6159, 498151143, 25, 0, 1
5639, 498156782, 21, 0, 1
11796, 498168578, 27, 1, 1
5658, 498174236, 13, 0, 1
6153, 498180389, 25, 0, 1
5645, 498186034, 26, 0, 1
11772, 498197806, 31, 0, 1
5652, 498203458, 16, 0, 1
6168, 498209626, 22, 0, 1
5652, 498215278, 15, 0, 1
11796, 498227074, 26, 0, 1
5647, 498232721, 13, 0, 1
6148, 498238869, 24, 0, 1
5658, 498244527, 12, 0, 1
13155, 498257682, 51, 0, 1
5652, 498263334, 20, 0, 1
6160, 498269494, 19, 0, 1
5657, 498275151, 18, 0, 1
11796, 498286947, 28, 0, 1
5646, 498292593, 14, 0, 1
6161, 498298754, 21, 0, 1
5658, 498304412, 12, 0, 1
11795, 498316207, 29, 1, 1
5650, 498321857, 19, 0, 1
6141, 498327998, 22, 0, 1
5632, 498333630, 19, 0, 1
11785, 498345415, 29, 0, 1
5657, 498351072, 17, 0, 1
6160, 498357232, 20, 0, 1
5658, 498362890, 16, 0, 1
11771, 498374661, 42, 0, 1
5658, 498380319, 20, 0, 1
6153, 498386472, 26, 0, 1
5652, 498392124, 19, 0, 1
11790, 498403914, 35, 0, 1
5658, 498409572, 18, 0, 1
6141, 498415713, 26, 0, 1
5652, 498421365, 14, 0, 1
11790, 498433155, 26, 1, 1
5646, 498438801, 20, 0, 1
6161, 498444962, 21, 0, 1
5652, 498450614, 17, 0, 1
11778, 498462392, 31, 0, 1
5658, 498468050, 14, 0, 1
6124, 498474174, 23, 0, 1
5645, 498479819, 17, 0, 1
11790, 498491609, 36, 0, 1
5656, 498497265, 22, 0, 1
6142, 498503407, 20, 0, 1
5657, 498509064, 16, 0, 1
11770, 498520834, 37, 0, 1
5658, 498526492, 19, 0, 1
6170, 498532662, 30, 0, 1
5646, 498538308, 16, 0, 1
11790, 498550098, 30, 0, 1
5658, 498555756, 13, 0, 1
6162, 498561918, 30, 0, 1
5652, 498567570, 15, 0, 1
11822, 498579392, 23, 0, 1
5658, 498585050, 13, 0, 1
6160, 498591210, 23, 0, 1
5646, 498596856, 16, 0, 1
11803, 498608659, 25, 1, 1
5658, 498614317, 25, 0, 1
6171, 498620488, 23, 0, 1
5658, 498626146, 18, 0, 1
13167, 498639313, 46, 2, 1
5658, 498644971, 14, 0, 1
6160, 498651131, 23, 0, 1
5652, 498656783, 20, 0, 1
11759, 498668542, 39, 0, 1
5651, 498674193, 20, 0, 1
6167, 498680360, 27, 0, 1
5652, 498686012, 15, 0, 1
11784, 498697796, 30, 0, 1
5658, 498703454, 12, 0, 1
6154, 498709608, 18, 0, 1
5652, 498715260, 17, 0, 1
11809, 498727069, 26, 0, 1
5658, 498732727, 15, 0, 1
6123, 498738850, 25, 0, 1
5652, 498744502, 17, 0, 1
11789, 498756291, 27, 0, 1
5652, 498761943, 19, 0, 1
6161, 498768104, 26, 0, 1
5652, 498773756, 16, 0, 1
11778, 498785534, 26, 0, 1
5657, 498791191, 19, 0, 1
6136, 498797327, 24, 0, 1
5646, 498802973, 16, 0, 1
11803, 498814776, 26, 0, 1
5658, 498820434, 10, 0, 1
6160, 498826594, 17, 0, 1
5651, 498832245, 16, 0, 1
11796, 498844041, 24, 0, 1
5658, 498849699, 18, 0, 1
6161, 498855860, 23, 0, 1
11782, 498867642, 46, 0, 1
5658, 498873300, 13, 0, 1
5652, 498878952, 18, 0, 1
6154, 498885106, 23, 0, 1
11793, 498896899, 42, 0, 1
45500, 498942399, 3235, 1849, 1
862701, 499805100, 12336, 3474, 9
6477, 499811577, 73, 2, 1
19036, 499830613, 439, 168, 1
6677, 499837290, 62, 1, 1
6905, 499844195, 39, 2, 1
6664, 499850859, 37, 5, 1
14956, 499865815, 177, 50, 1
6642, 499872457, 35, 3, 1
6333, 499878790, 19, 4, 1
6658, 499885448, 30, 1, 1
2483552, 2483552, 52622, 4647, 4
7182132, 9665684, 74765, 16960, 13
19035231, 28700915, 20918, 6424, 2
18773064, 47473979, 20886, 5959, 2
18748316, 66222295, 22441, 7082, 2
19330711, 85553006, 20044, 6127, 2
19137741, 104690747, 19259, 6164, 2
18044838, 122735585, 24587, 8683, 2
18885884, 141621469, 20595, 6242, 2
19374041, 160995510, 19739, 5991, 11
18858079, 179853589, 21831, 6764, 2
19234023, 199087612, 19850, 6398, 2
19359725, 218447337, 20055, 6015, 11
19199791, 237647128, 21009, 6465, 2
18410495, 256057623, 25064, 6914, 2
18597316, 274654939, 20047, 7347, 2
18525282, 293180221, 20554, 6627, 2
18981394, 312161615, 20043, 6429, 2
19171041, 331332656, 20237, 6482, 2
19264318, 350596974, 20140, 6274, 2
19130540, 369727514, 20830, 6781, 2
19177467, 388904981, 20026, 6998, 2
19082401, 407987382, 19950, 7166, 2
19128521, 427115903, 20103, 7244, 2
19111290, 446227193, 20970, 7073, 2
19126634, 465353827, 20673, 6847, 2
18446068, 483799895, 25833, 7056, 2
10507178, 494307073, 23366, 3048, 12
2130706, 496437779, 6189, 929, 5
6116, 496443895, 28, 0, 1
5655, 496449550, 35, 5, 1
5658, 496455208, 9, 0, 1
11822, 496467030, 39, 2, 1
6135, 496473165, 29, 0, 1
5658, 496478823, 18, 0, 1
5666, 496484489, 27, 0, 1
11812, 496496301, 42, 1, 1
6145, 496502446, 20, 0, 1
5616, 496508062, 24, 1, 1
5649, 496513711, 28, 0, 1
11818, 496525529, 27, 4, 1
6119, 496531648, 33, 0, 1
5669, 496537317, 35, 7, 1
5637, 496542954, 26, 0, 1
11805, 496554759, 48, 2, 1
6138, 496560897, 18, 0, 1
5656, 496566553, 26, 9, 1
5658, 496572211, 12, 0, 1
11806, 496584017, 44, 2, 1
6139, 496590156, 25, 0, 1
5626, 496595782, 30, 4, 1
5658, 496601440, 12, 0, 1
11796, 496613236, 45, 2, 1
6138, 496619374, 19, 0, 1
5646, 496625020, 27, 5, 1
5658, 496630678, 11, 0, 1
11793, 496642471, 42, 1, 1
6138, 496648609, 14, 0, 1
5644, 496654253, 28, 4, 1
5652, 496659905, 16, 0, 1
11786, 496671691, 49, 1, 1
6132, 496677823, 21, 0, 1
5651, 496683474, 22, 1, 1
5669, 496689143, 27, 0, 1
11829, 496700972, 41, 0, 1
6125, 496707097, 22, 0, 1
5658, 496712755, 13, 0, 1
7034, 496719789, 103, 42, 1
11781, 496731570, 41, 1, 1
6146, 496737716, 21, 0, 1
6108, 496743824, 24, 0, 1
5658, 496749482, 10, 0, 1
11794, 496761276, 55, 2, 1
6138, 496767414, 20, 0, 1
5650, 496773064, 38, 7, 1
5657, 496778721, 19, 0, 1
12302, 496791023, 46, 2, 1
6109, 496797132, 29, 0, 1
6116, 496803248, 33, 0, 1
5656, 496808904, 27, 2, 1
12234, 496821138, 76, 4, 1
6129, 496827267, 39, 0, 1
5658, 496832925, 22, 6, 1
5658, 496838583, 21, 0, 1
11817, 496850400, 66, 11, 1
6116, 496856516, 28, 0, 1
5657, 496862173, 49, 26, 1
5658, 496867831, 12, 1, 1
11830, 496879661, 44, 0, 1
6131, 496885792, 21, 0, 1
5658, 496891450, 30, 12, 1
5658, 496897108, 16, 0, 1
11818, 496908926, 57, 1, 1
6108, 496915034, 23, 0, 1
5645, 496920679, 30, 5, 1
5658, 496926337, 14, 0, 1
11808, 496938145, 77, 7, 1
6138, 496944283, 23, 0, 1
5658, 496949941, 49, 22, 1
5658, 496955599, 15, 0, 1
11818, 496967417, 41, 9, 1
6151, 496973568, 16, 0, 1
6116, 496979684, 37, 0, 1
5658, 496985342, 16, 1, 1
11781, 496997123, 52, 0, 1
6665, 497003788, 82, 2, 1
6594, 497010382, 72, 14, 1
6354, 497016736, 28, 0, 1
13223, 497029959, 72, 2, 1
6116, 497036075, 23, 0, 1
6116, 497042191, 19, 0, 1
6116, 497048307, 19, 0, 1
12235, 497060542, 57, 0, 1
6093, 497066635, 41, 0, 1
6116, 497072751, 24, 0, 1
6116, 497078867, 22, 0, 1
12207, 497091074, 41, 0, 1
6110, 497097184, 34, 1, 1
7493, 497104677, 53, 20, 1
6109, 497110786, 34, 0, 1
12245, 497123031, 34, 0, 1
6116, 497129147, 21, 0, 1
6116, 497135263, 19, 0, 1
6098, 497141361, 24, 0, 1
12238, 497153599, 51, 0, 1
6116, 497159715, 24, 0, 1
6140, 497165855, 31, 0, 1
6073, 497171928, 25, 0, 1
12199, 497184127, 40, 0, 1
6104, 497190231, 28, 0, 1
6080, 497196311, 27, 0, 1
6090, 497202401, 26, 2, 1
12221, 497214622, 43, 0, 1
6116, 497220738, 20, 0, 1
6110, 497226848, 24, 0, 1
5640, 497232488, 20, 0, 1
12247, 497244735, 47, 0, 1
6114, 497250849, 28, 0, 1
6116, 497256965, 27, 0, 1
5640, 497262605, 22, 0, 1
11813, 497274418, 37, 0, 1
6131, 497280549, 36, 0, 1
5658, 497286207, 15, 0, 1
5652, 497291859, 17, 0, 1
11817, 497303676, 43, 0, 1
6151, 497309827, 21, 0, 1
5658, 497315485, 14, 0, 1
5658, 497321143, 12, 0, 1
11817, 497332960, 45, 0, 1
6138, 497339098, 15, 0, 1
5651, 497344749, 22, 0, 1
5658, 497350407, 13, 0, 1
11831, 497362238, 43, 0, 1
6138, 497368376, 16, 0, 1
5651, 497374027, 24, 0, 1
5658, 497379685, 10, 0, 1
11817, 497391502, 44, 0, 1
6132, 497397634, 20, 0, 1
5658, 497403292, 13, 0, 1
5650, 497408942, 16, 0, 1
11831, 497420773, 34, 1, 1
6124, 497426897, 35, 0, 1
5655, 497432552, 24, 0, 1
5661, 497438213, 29, 0, 1
11818, 497450031, 57, 0, 1
6151, 497456182, 19, 0, 1
5658, 497461840, 10, 0, 1
5649, 497467489, 21, 0, 1
11811, 497479300, 34, 0, 1
7525, 497486825, 49, 0, 1
5658, 497492483, 13, 0, 1
5652, 497498135, 16, 0, 1
11786, 497509921, 39, 0, 1
6138, 497516059, 16, 0, 1
5628, 497521687, 22, 0, 1
5657, 497527344, 19, 0, 1
11826, 497539170, 49, 0, 1
6151, 497545321, 25, 0, 1
5645, 497550966, 16, 0, 1
5652, 497556618, 13, 0, 1
11781, 497568399, 36, 0, 1
6138, 497574537, 17, 0, 1
5652, 497580189, 20, 0, 1
5652, 497585841, 20, 0, 1
11806, 497597647, 53, 0, 1
6126, 497603773, 23, 0, 1
5646, 497609419, 24, 0, 1
5646, 497615065, 17, 0, 1
11821, 497626886, 46, 1, 1
6107, 497632993, 33, 0, 1
5658, 497638651, 20, 5, 1
5645, 497644296, 18, 0, 1
11811, 497656107, 44, 0, 1
6124, 497662231, 36, 0, 1
6103, 497668334, 27, 0, 1
5657, 497673991, 21, 0, 1
11796, 497685787, 29, 0, 1
6109, 497691896, 27, 0, 1
6116, 497698012, 23, 0, 1
5665, 497703677, 29, 1, 1
11801, 497715478, 35, 0, 1
6132, 497721610, 25, 0, 1
6113, 497727723, 31, 0, 1
5656, 497733379, 22, 0, 1
11809, 497745188, 29, 0, 1
6117, 497751305, 39, 0, 1
6103, 497757408, 25, 0, 1
11790, 497769198, 30, 0, 1
5645, 497774843, 29, 0, 1
6145, 497780988, 25, 0, 1
5658, 497786646, 12, 0, 1
11818, 497798464, 33, 0, 1
5665, 497804129, 36, 0, 1
6122, 497810251, 33, 0, 1
5651, 497815902, 20, 0, 1
11831, 497827733, 29, 0, 1
5658, 497833391, 12, 0, 1
6126, 497839517, 23, 0, 1
5658, 497845175, 10, 0, 1
11818, 497856993, 21, 0, 1
7020, 497864013, 50, 5, 1
6107, 497870120, 28, 0, 1
5646, 497875766, 24, 1, 1
20907, 497896673, 663, 179, 1
5651, 497902324, 46, 0, 1
6138, 497908462, 21, 0, 1
5642, 497914104, 29, 0, 1
11800, 497925904, 38, 0, 1
5658, 497931562, 20, 0, 1
6164, 497937726, 24, 0, 1
5658, 497943384, 14, 0, 1
11818, 497955202, 26, 0, 1
5658, 497960860, 11, 0, 1
6132, 497966992, 24, 0, 1
5616, 497972608, 18, 0, 1
11824, 497984432, 32, 0, 1
5661, 497990093, 29, 0, 1
6130, 497996223, 31, 0, 1
5658, 498001881, 13, 0, 1
11822, 498013703, 55, 0, 1
5656, 498019359, 26, 0, 1
6151, 498025510, 18, 0, 1
6116, 498031626, 26, 0, 1
11774, 498043400, 29, 2, 1
6136, 498049536, 25, 0, 1
6119, 498055655, 35, 0, 1
5658, 498061313, 13, 0, 1
11817, 498073130, 33, 0, 1
5658, 498078788, 13, 0, 1
6126, 498084914, 26, 0, 1
5651, 498090565, 18, 0, 1
11803, 498102368, 40, 0, 1
5652, 498108020, 21, 0, 1
6131, 498114151, 22, 0, 1
5650, 498119801, 22, 0, 1
11826, 498131627, 47, 0, 1
5658, 498137285, 15, 0, 1
6106, 498143391, 26, 0, 1
5658, 498149049, 13, 0, 1
11818, 498160867, 36, 0, 1
5654, 498166521, 23, 0, 1
6151, 498172672, 20, 0, 1
5652, 498178324, 16, 1, 1
11810, 498190134, 31, 0, 1
5658, 498195792, 13, 0, 1
6138, 498201930, 19, 0, 1
5658, 498207588, 10, 0, 1
11820, 498219408, 32, 0, 1
5652, 498225060, 15, 0, 1
6133, 498231193, 24, 0, 1
5646, 498236839, 19, 0, 1
13188, 498250027, 45, 1, 1
5652, 498255679, 17, 0, 1
6151, 498261830, 20, 0, 1
5658, 498267488, 17, 3, 1
11815, 498279303, 36, 1, 1
5657, 498284960, 30, 1, 1
6096, 498291056, 22, 0, 1
5658, 498296714, 14, 0, 1
11844, 498308558, 25, 0, 1
5652, 498314210, 21, 0, 1
6107, 498320317, 23, 0, 1
5652, 498325969, 15, 0, 1
11810, 498337779, 39, 0, 1
5639, 498343418, 23, 0, 1
6119, 498349537, 23, 0, 1
5652, 498355189, 18, 0, 1
11829, 498367018, 29, 0, 1
5652, 498372670, 15, 0, 1
6137, 498378807, 29, 0, 1
5630, 498384437, 27, 0, 1
11803, 498396240, 36, 0, 1
5652, 498401892, 16, 0, 1
6144, 498408036, 22, 0, 1
5652, 498413688, 20, 0, 1
11804, 498425492, 37, 0, 1
5658, 498431150, 14, 0, 1
6096, 498437246, 24, 0, 1
5646, 498442892, 16, 0, 1
11807, 498454699, 35, 0, 1
5652, 498460351, 17, 0, 1
6132, 498466483, 18, 0, 1
5646, 498472129, 15, 0, 1
11799, 498483928, 35, 0, 1
5658, 498489586, 11, 0, 1
6127, 498495713, 26, 0, 1
5652, 498501365, 15, 0, 1
11805, 498513170, 36, 2, 1
5652, 498518822, 14, 0, 1
6131, 498524953, 26, 0, 1
5658, 498530611, 24, 0, 1
11817, 498542428, 38, 0, 1
5658, 498548086, 11, 0, 1
6138, 498554224, 18, 0, 1
5651, 498559875, 23, 0, 1
11806, 498571681, 29, 0, 1
5658, 498577339, 17, 0, 1
6138, 498583477, 18, 0, 1
5658, 498589135, 11, 0, 1
11813, 498600948, 30, 0, 1
5658, 498606606, 19, 0, 1
6138, 498612744, 22, 0, 1
5652, 498618396, 21, 0, 1
13188, 498631584, 49, 0, 1
5656, 498637240, 22, 0, 1
14325, 498651565, 413, 84, 1
5658, 498657223, 24, 5, 1
11805, 498669028, 35, 0, 1
5658, 498674686, 18, 0, 1
6138, 498680824, 17, 0, 1
5648, 498686472, 22, 0, 1
11843, 498698315, 23, 0, 1
5651, 498703966, 16, 0, 1
6130, 498710096, 30, 0, 1
5646, 498715742, 18, 0, 1
11816, 498727558, 41, 0, 1
5657, 498733215, 21, 0, 1
6145, 498739360, 17, 0, 1
5650, 498745010, 26, 1, 1
11818, 498756828, 31, 1, 1
5658, 498762486, 15, 0, 1
6138, 498768624, 17, 0, 1
5658, 498774282, 12, 0, 1
11821, 498786103, 39, 0, 1
5658, 498791761, 18, 1, 1
6138, 498797899, 18, 0, 1
5658, 498803557, 12, 0, 1
11797, 498815354, 33, 0, 1
5658, 498821012, 20, 0, 1
6138, 498827150, 16, 0, 1
5658, 498832808, 11, 0, 1
11807, 498844615, 28, 0, 1
5657, 498850272, 17, 0, 1
6132, 498856404, 18, 0, 1
5638, 498862042, 19, 0, 1
11788, 498873830, 43, 0, 1
929852, 499803682, 16187, 5578, 9
6701, 499810383, 80, 8, 1
6807, 499817190, 74, 9, 1
18275, 499835465, 459, 185, 1
6740, 499842205, 45, 6, 1
6662, 499848867, 27, 2, 1
7981, 499856848, 154, 43, 1
505532, 500362380, 289, 47, 1
6602, 500368982, 36, 3, 1
627493, 627493, 16047, 1146, 5
4920777, 5548270, 86159, 11491, 13
13233101, 18781371, 42112, 17320, 20
15584679, 34366050, 23746, 13140, 20
15227598, 49593648, 30299, 14351, 20
15731105, 65324753, 24670, 13224, 20
15938271, 81263024, 24057, 13123, 20
14973070, 96236094, 28998, 14901, 20
15742002, 111978096, 24445, 12908, 20
15530539, 127508635, 24704, 13153, 20
15882359, 143390994, 25016, 13374, 20
15936144, 159327138, 26389, 13865, 20
15982441, 175309579, 25318, 13275, 20
15935088, 191244667, 24310, 13368, 20
15795491, 207040158, 24749, 13609, 20
15438256, 222478414, 25715, 13245, 20
15616534, 238094948, 25251, 13227, 20
14696010, 252790958, 26133, 14380, 20
14612967, 267403925, 31366, 14951, 20
15206146, 282610071, 26497, 14403, 20
15136111, 297746182, 26705, 14555, 20
15205503, 312951685, 27053, 14954, 20
15227285, 328178970, 26708, 14802, 20
15094773, 343273743, 27669, 15110, 20
15092034, 358365777, 27504, 14718, 20
14984466, 373350243, 27273, 14955, 20
15294718, 388644961, 26905, 14641, 20
15146641, 403791602, 26642, 14756, 20
15414329, 419205931, 27543, 14383, 20
15195094, 434401025, 27325, 14942, 20
15238526, 449639551, 27175, 14769, 20
15180881, 464820432, 26977, 14946, 20
15144318, 479964750, 27972, 14742, 20
12303109, 492267859, 31507, 4951, 19
4152747, 496420606, 8442, 1032, 6
6106, 496426712, 362, 40, 1
11796, 496438508, 37, 2, 1
5616, 496444124, 23, 1, 1
5652, 496449776, 14, 0, 1
6173, 496455949, 18, 1, 1
11793, 496467742, 32, 0, 1
5639, 496473381, 17, 1, 1
5658, 496479039, 22, 0, 1
6160, 496485199, 23, 1, 1
11814, 496497013, 31, 3, 1
5645, 496502658, 24, 0, 1
5658, 496508316, 28, 0, 1
6140, 496514456, 28, 2, 1
11796, 496526252, 27, 3, 1
5652, 496531904, 16, 1, 1
5663, 496537567, 34, 0, 1
6173, 496543740, 22, 0, 1
11779, 496555519, 46, 0, 1
5658, 496561177, 14, 5, 1
5658, 496566835, 10, 0, 1
6140, 496572975, 30, 1, 1
11743, 496584718, 47, 0, 1
5620, 496590338, 24, 0, 1
5642, 496595980, 21, 0, 1
6173, 496602153, 15, 0, 1
11787, 496613940, 40, 0, 1
5645, 496619585, 23, 0, 1
5658, 496625243, 10, 0, 1
6148, 496631391, 23, 1, 1
11804, 496643195, 48, 0, 1
6110, 496649305, 24, 0, 1
5652, 496654957, 26, 0, 1
6125, 496661082, 24, 2, 1
11793, 496672875, 42, 0, 1
5651, 496678526, 26, 0, 1
5652, 496684178, 15, 0, 1
7538, 496691716, 109, 32, 1
11794, 496703510, 36, 0, 1
5655, 496709165, 30, 5, 1
5657, 496714822, 17, 0, 1
6136, 496720958, 22, 0, 1
11795, 496732753, 31, 0, 1
5659, 496738412, 14, 0, 1
5634, 496744046, 24, 0, 1
6160, 496750206, 16, 0, 1
11795, 496762001, 36, 0, 1
5627, 496767628, 42, 13, 1
5652, 496773280, 15, 0, 1
6138, 496779418, 25, 7, 1
12249, 496791667, 46, 1, 1
6095, 496797762, 48, 0, 1
5634, 496803396, 27, 3, 1
6138, 496809534, 22, 1, 1
12230, 496821764, 74, 9, 1
5651, 496827415, 28, 7, 1
5658, 496833073, 11, 0, 1
6173, 496839246, 32, 0, 1
11783, 496851029, 33, 4, 1
5634, 496856663, 47, 6, 1
5651, 496862314, 22, 1, 1
6160, 496868474, 28, 3, 1
11802, 496880276, 49, 0, 1
5658, 496885934, 43, 23, 1
5658, 496891592, 10, 0, 1
6139, 496897731, 37, 1, 1
11789, 496909520, 37, 2, 1
5651, 496915171, 32, 1, 1
5653, 496920824, 28, 0, 1
6173, 496926997, 29, 4, 1
11795, 496938792, 32, 0, 1
5646, 496944438, 20, 5, 1
5658, 496950096, 11, 0, 1
6160, 496956256, 38, 0, 1
11808, 496968064, 40, 0, 1
6110, 496974174, 65, 0, 1
5645, 496979819, 17, 0, 1
6138, 496985957, 27, 0, 1
12305, 496998262, 85, 3, 1
6600, 497004862, 85, 11, 1
6371, 497011233, 37, 2, 1
13255, 497024488, 69, 0, 1
6580, 497031068, 45, 5, 1
6636, 497037704, 31, 0, 1
6596, 497044300, 34, 1, 1
12689, 497056989, 53, 0, 1
6110, 497063099, 27, 0, 1
6096, 497069195, 30, 0, 1
7493, 497076688, 69, 32, 1
12220, 497088908, 43, 0, 1
6123, 497095031, 34, 0, 1
6117, 497101148, 37, 0, 1
6110, 497107258, 33, 0, 1
12244, 497119502, 40, 0, 1
6094, 497125596, 33, 0, 1
6113, 497131709, 31, 0, 1
6116, 497137825, 19, 0, 1
12225, 497150050, 38, 0, 1
6115, 497156165, 26, 0, 1
6116, 497162281, 22, 0, 1
6129, 497168410, 23, 0, 1
12224, 497180634, 41, 0, 1
6098, 497186732, 28, 0, 1
6102, 497192834, 37, 0, 1
6104, 497198938, 31, 0, 1
12226, 497211164, 39, 0, 1
6129, 497217293, 25, 0, 1
6110, 497223403, 28, 0, 1
5658, 497229061, 14, 2, 1
12262, 497241323, 77, 0, 1
6116, 497247439, 20, 0, 1
6115, 497253554, 31, 0, 1
5658, 497259212, 16, 1, 1
11835, 497271047, 43, 2, 1
6138, 497277185, 22, 0, 1
5658, 497282843, 17, 1, 1
5658, 497288501, 15, 0, 1
11768, 497300269, 52, 0, 1
6126, 497306395, 26, 0, 1
5658, 497312053, 14, 0, 1
5663, 497317716, 31, 0, 1
11823, 497329539, 39, 0, 1
6132, 497335671, 22, 0, 1
5642, 497341313, 24, 0, 1
5658, 497346971, 12, 0, 1
11811, 497358782, 36, 0, 1
6151, 497364933, 23, 0, 1
5642, 497370575, 25, 0, 1
5652, 497376227, 24, 0, 1
11780, 497388007, 41, 0, 1
6138, 497394145, 17, 0, 1
5572, 497399717, 32, 0, 1
5658, 497405375, 12, 0, 1
11796, 497417171, 54, 0, 1
6138, 497423309, 18, 0, 1
5658, 497428967, 13, 0, 1
5667, 497434634, 20, 0, 1
11805, 497446439, 42, 0, 1
6151, 497452590, 13, 0, 1
7003, 497459593, 49, 1, 1
5646, 497465239, 22, 0, 1
11818, 497477057, 28, 0, 1
6132, 497483189, 18, 0, 1
5658, 497488847, 12, 0, 1
5658, 497494505, 10, 0, 1
11808, 497506313, 58, 0, 1
6138, 497512451, 23, 0, 1
5643, 497518094, 27, 0, 1
5657, 497523751, 21, 0, 1
11816, 497535567, 33, 0, 1
6138, 497541705, 17, 0, 1
5652, 497547357, 15, 0, 1
5652, 497553009, 14, 0, 1
11813, 497564822, 25, 1, 1
6138, 497570960, 17, 0, 1
5658, 497576618, 15, 2, 1
5658, 497582276, 10, 0, 1
11803, 497594079, 57, 0, 1
17662, 497611741, 659, 95, 1
6110, 497617851, 29, 0, 1
5646, 497623497, 20, 0, 1
11782, 497635279, 41, 0, 1
6143, 497641422, 36, 0, 1
5632, 497647054, 22, 1, 1
5652, 497652706, 17, 0, 1
11823, 497664529, 57, 0, 1
6120, 497670649, 25, 0, 1
5622, 497676271, 23, 0, 1
5672, 497681943, 30, 0, 1
11797, 497693740, 55, 0, 1
6151, 497699891, 20, 0, 1
6107, 497705998, 38, 0, 1
5658, 497711656, 13, 0, 1
11776, 497723432, 43, 0, 1
6138, 497729570, 24, 0, 1
6098, 497735668, 28, 0, 1
5637, 497741305, 30, 0, 1
11803, 497753108, 38, 0, 1
6138, 497759246, 19, 0, 1
5658, 497764904, 17, 0, 1
5652, 497770556, 16, 0, 1
11812, 497782368, 36, 0, 1
6121, 497788489, 29, 0, 1
5658, 497794147, 24, 1, 1
5658, 497799805, 14, 0, 1
11824, 497811629, 48, 1, 1
6138, 497817767, 22, 0, 1
5652, 497823419, 17, 0, 1
5658, 497829077, 17, 0, 1
13167, 497842244, 67, 1, 1
6158, 497848402, 22, 0, 1
5656, 497854058, 29, 0, 1
5658, 497859716, 11, 0, 1
11806, 497871522, 55, 0, 1
6138, 497877660, 18, 0, 1
5652, 497883312, 18, 1, 1
5658, 497888970, 18, 0, 1
11825, 497900795, 49, 0, 1
6138, 497906933, 20, 0, 1
5651, 497912584, 20, 0, 1
5641, 497918225, 27, 0, 1
11806, 497930031, 39, 1, 1
6151, 497936182, 21, 0, 1
5658, 497941840, 14, 1, 1
5658, 497947498, 11, 0, 1
11805, 497959303, 47, 0, 1
6132, 497965435, 22, 0, 1
5646, 497971081, 16, 0, 1
5658, 497976739, 10, 0, 1
11820, 497988559, 54, 0, 1
6132, 497994691, 26, 0, 1
5658, 498000349, 14, 1, 1
5658, 498006007, 12, 0, 1
11792, 498017799, 73, 0, 1
6139, 498023938, 26, 0, 1
6142, 498030080, 31, 5, 1
6091, 498036171, 30, 0, 1
11770, 498047941, 51, 2, 1
6132, 498054073, 20, 0, 1
5646, 498059719, 25, 1, 1
5658, 498065377, 13, 0, 1
11806, 498077183, 32, 0, 1
6151, 498083334, 19, 0, 1
5663, 498088997, 23, 0, 1
5654, 498094651, 26, 3, 1
11818, 498106469, 23, 0, 1
6137, 498112606, 27, 0, 1
5652, 498118258, 16, 0, 1
5658, 498123916, 12, 0, 1
11833, 498135749, 50, 0, 1
6136, 498141885, 36, 0, 1
5640, 498147525, 15, 0, 1
5644, 498153169, 28, 0, 1
11818, 498164987, 34, 0, 1
6151, 498171138, 16, 0, 1
5650, 498176788, 19, 0, 1
5658, 498182446, 13, 0, 1
11809, 498194255, 50, 0, 1
6132, 498200387, 21, 0, 1
5652, 498206039, 19, 0, 1
5655, 498211694, 32, 0, 1
13208, 498224902, 49, 1, 1
6136, 498231038, 30, 0, 1
5656, 498236694, 22, 3, 1
5658, 498242352, 13, 0, 1
11784, 498254136, 41, 0, 1
6138, 498260274, 18, 0, 1
5620, 498265894, 29, 0, 1
5632, 498271526, 25, 0, 1
11839, 498283365, 41, 0, 1
6138, 498289503, 21, 0, 1
5666, 498295169, 33, 1, 1
5658, 498300827, 14, 0, 1
11809, 498312636, 36, 0, 1
6151, 498318787, 16, 0, 1
5652, 498324439, 21, 0, 1
5652, 498330091, 17, 0, 1
11792, 498341883, 32, 0, 1
6138, 498348021, 18, 0, 1
5640, 498353661, 19, 0, 1
5658, 498359319, 32, 0, 1
11822, 498371141, 41, 1, 1
6138, 498377279, 16, 0, 1
5631, 498382910, 25, 0, 1
5652, 498388562, 19, 0, 1
11833, 498400395, 40, 0, 1
7052, 498407447, 74, 46, 1
5660, 498413107, 32, 3, 1
5662, 498418769, 29, 0, 1
11834, 498430603, 44, 0, 1
6138, 498436741, 15, 0, 1
5651, 498442392, 26, 4, 1
5658, 498448050, 14, 0, 1
11836, 498459886, 49, 0, 1
6138, 498466024, 17, 0, 1
5658, 498471682, 18, 0, 1
5658, 498477340, 13, 0, 1
11785, 498489125, 47, 0, 1
6131, 498495256, 27, 0, 1
5657, 498500913, 19, 0, 1
5658, 498506571, 14, 0, 1
11816, 498518387, 29, 0, 1
6138, 498524525, 17, 0, 1
5645, 498530170, 18, 0, 1
5630, 498535800, 23, 0, 1
11800, 498547600, 30, 0, 1
6144, 498553744, 27, 0, 1
5658, 498559402, 16, 1, 1
5650, 498565052, 26, 0, 1
11797, 498576849, 34, 0, 1
6133, 498582982, 19, 0, 1
5658, 498588640, 17, 0, 1
7035, 498595675, 31, 1, 1
11831, 498607506, 27, 0, 1
6138, 498613644, 20, 0, 1
5657, 498619301, 16, 0, 1
5650, 498624951, 28, 0, 1
11804, 498636755, 43, 0, 1
6151, 498642906, 18, 0, 1
5639, 498648545, 21, 1, 1
5658, 498654203, 14, 0, 1
11818, 498666021, 32, 0, 1
6138, 498672159, 14, 0, 1
5650, 498677809, 26, 0, 1
5658, 498683467, 13, 0, 1
11813, 498695280, 31, 0, 1
6138, 498701418, 16, 0, 1
5646, 498707064, 16, 0, 1
5658, 498712722, 14, 0, 1
11800, 498724522, 33, 0, 1
6138, 498730660, 16, 0, 1
5632, 498736292, 24, 0, 1
5658, 498741950, 15, 0, 1
11833, 498753783, 46, 0, 1
6138, 498759921, 17, 0, 1
5658, 498765579, 16, 0, 1
5658, 498771237, 15, 0, 1
11818, 498783055, 30, 0, 1
6164, 498789219, 18, 0, 1
5658, 498794877, 13, 0, 1
5658, 498800535, 15, 0, 1
11823, 498812358, 35, 0, 1
6138, 498818496, 16, 0, 1
5658, 498824154, 15, 2, 1
5642, 498829796, 22, 0, 1
11830, 498841626, 28, 1, 1
9467, 498851093, 202, 49, 1
881574, 499732667, 15675, 5251, 9
6438, 499739105, 67, 18, 1
18486, 499757591, 458, 150, 1
6671, 499764262, 39, 2, 1
6297, 499770559, 53, 4, 1
6439, 499776998, 45, 17, 1
15267, 499792265, 235, 39, 1
6602, 499798867, 34, 1, 1
