5,1.0,390124556.64,3889417319.267523
4,390124557.64,419476212.95,2021348296.0527227
7,419476213.95,481085050.59000003,1078954198.302667
3,481085051.59000003,525831849.75000006,1647012626.1522777
4,525831850.75000006,557820966.23,2021348296.0527227
8,557820967.23,597649424.0500001,3021399624.513291
2,597649425.0500001,637873583.2800001,3036024722.4208217
8,637873584.2800001,678441928.7400001,3021399624.513291
2,678441929.7400001,758529592.6900002,3036024722.4208217
8,758529593.6900002,838280747.2900002,3021399624.513291
2,838280748.2900002,918822154.9900002,3036024722.4208217
8,918822155.9900002,1120605076.3400002,3021399624.513291
2,1120605077.3400002,1201294894.9700003,3036024722.4208217
8,1201294895.9700003,1241802342.1300004,3021399624.513291
2,1241802343.1300004,1308186652.1500003,3036024722.4208217
3,1308186653.1500003,1353558289.7800002,1647012626.1522777
8,1353558290.7800002,1435514466.93,3021399624.513291
6,1435514467.93,1481678909.67,4889939584.3099985
8,1481678910.67,1527531255.8000002,3021399624.513291
6,1527531256.8000002,1619157453.2300003,4889939584.3099985
8,1619157454.2300003,1664736740.7900002,3021399624.513291
6,1664736741.7900002,1710507700.8300002,4889939584.3099985
8,1710507701.8300002,1893847887.8500004,3021399624.513291
6,1893847888.8500004,1939777265.5700004,4889939584.3099985
8,1939777266.5700004,2029880812.4300003,3021399624.513291
3,2029880813.4300003,2092172083.0800004,1647012626.1522777
4,2092172084.0800004,2098773019.6133337,2021348296.0527227
0,2098773020.6133337,2104090182.5022225,239763616.18792993
8,2104090183.5022225,2235194109.5022225,3021399624.513291
2,2235194110.5022225,2269471052.5022225,3036024722.4208217
3,2269471053.5022225,2306292281.5022225,1647012626.1522777
4,2306292282.5022225,2310678307.5022225,2021348296.0527227
