5,1.0,393570717.29,3889417319.267523
4,393570718.29,422771996.96000004,2021348296.0527227
2,422771997.96000004,468023513.98,3036024722.4208217
4,468023514.98,481837346.64000005,2021348296.0527227
3,481837347.64000005,512758144.46000004,1647012626.1522777
2,512758145.46000004,536455789.29,3036024722.4208217
1,536455790.29,1302585227.89,4437195218.808543
2,1302585228.89,1393598415.7500002,3036024722.4208217
6,1393598416.7500002,2046510535.57,4889939584.3099985
2,2046510536.57,2095140004.82,3036024722.4208217
8,2095140005.82,2098113620.695,3021399624.513291
