1268095 1268095 28916 1574
5982248 7250343 82767 12385
17735559 24985902 30008 7220
18940251 43926153 20221 5152
18572799 62498952 20790 5922
19498177 81997129 18779 5388
19338003 101335132 19136 5399
18486378 119821510 24338 7533
18722827 138544337 19320 5260
19309651 157853988 19223 5536
19344964 177198952 21907 5792
19398765 196597717 19538 5376
19354491 215952208 19154 5449
19407735 235359943 19295 5380
18443896 253803839 25815 5394
19177501 272981340 18766 5298
18834523 291815863 19315 5178
19332775 311148638 18821 5382
19484974 330633612 19348 5422
19559259 350192871 19226 5474
19470230 369663101 18876 5318
19524726 389187827 18887 5413
19495613 408683440 19224 5412
19514000 428197440 18823 5491
19544283 447741723 18580 5418
19472717 467214440 18519 5332
17765350 484979790 30070 4919
10478546 495458336 16480 451
984926 496443262 3688 852
5646 496448908 27 0
11799 496460707 41 0
5649 496466356 25 1
6138 496472494 15 0
5633 496478127 17 0
11844 496489971 23 0
7029 496497000 97 65
6119 496503119 26 0
5657 496508776 21 0
11793 496520569 32 0
5652 496526221 16 0
6132 496532353 24 0
5640 496537993 17 0
11807 496549800 32 1
5658 496555458 11 0
6138 496561596 15 0
5644 496567240 30 2
11797 496579037 35 3
5662 496584699 25 0
6151 496590850 22 0
5658 496596508 14 1
11822 496608330 33 1
5669 496613999 22 0
6138 496620137 20 1
5654 496625791 24 1
11823 496637614 37 2
5658 496643272 15 0
6112 496649384 27 0
5658 496655042 18 5
11805 496666847 27 0
5634 496672481 20 0
6138 496678619 22 0
5637 496684256 26 0
11818 496696074 25 0
5658 496701732 13 2
6138 496707870 16 0
5658 496713528 14 1
11813 496725341 30 0
5658 496730999 11 1
6126 496737125 23 0
5652 496742777 26 0
11818 496754595 23 0
5652 496760247 15 0
6138 496766385 18 0
5652 496772037 18 0
11824 496783861 49 1
5652 496789513 22 0
6132 496795645 21 0
6116 496801761 62 5
11772 496813533 38 1
6104 496819637 29 0
6110 496825747 19 0
6116 496831863 31 5
11782 496843645 49 0
5658 496849303 16 1
6113 496855416 24 0
5658 496861074 31 18
22456 496883530 565 445
5657 496889187 50 0
6120 496895307 22 0
5658 496900965 23 1
11812 496912777 32 0
5646 496918423 28 0
6151 496924574 24 0
5658 496930232 18 1
11809 496942041 34 0
5658 496947699 12 2
6138 496953837 17 0
5658 496959495 17 4
11831 496971326 53 1
5658 496976984 20 0
6138 496983122 20 2
11304 496994426 70 27
6160 497000586 15 0
5648 497006234 25 0
6138 497012372 16 0
12502 497024874 67 2
6624 497031498 34 2
6637 497038135 40 0
6588 497044723 34 0
12683 497057406 43 1
6109 497063515 20 0
6123 497069638 16 0
6116 497075754 21 0
12232 497087986 32 0
6114 497094100 29 0
6116 497100216 28 0
6116 497106332 15 0
12245 497118577 35 0
6115 497124692 33 0
6116 497130808 14 0
6116 497136924 28 0
12220 497149144 30 0
6106 497155250 26 0
6116 497161366 19 0
6110 497167476 29 0
12242 497179718 45 0
6084 497185802 22 0
6100 497191902 28 0
6080 497197982 28 0
12222 497210204 55 0
6129 497216333 19 0
6107 497222440 28 0
6109 497228549 28 0
11766 497240315 43 0
6138 497246453 12 0
5645 497252098 19 0
6120 497258218 18 0
12678 497270896 48 0
6184 497277080 27 0
5646 497282726 14 0
6146 497288872 35 0
11314 497300186 42 0
6160 497306346 15 0
5667 497312013 27 0
6151 497318164 15 0
11309 497329473 41 0
6148 497335621 21 0
5658 497341279 10 0
6131 497347410 27 0
11295 497358705 48 0
6173 497364878 18 0
5638 497370516 26 0
6138 497376654 18 0
11290 497387944 35 0
6148 497394092 20 0
5640 497399732 18 1
6132 497405864 28 0
11320 497417184 41 0
6160 497423344 13 0
5634 497428978 19 0
6138 497435116 14 0
11309 497446425 25 0
6173 497452598 14 0
5658 497458256 14 0
6102 497464358 23 0
11301 497475659 38 1
6160 497481819 15 0
5658 497487477 10 0
6132 497493609 18 0
11314 497504923 43 0
6149 497511072 25 0
5645 497516717 19 0
6138 497522855 16 0
11310 497534165 32 0
6160 497540325 15 0
5644 497545969 23 0
6149 497552118 30 0
11316 497563434 15 0
6160 497569594 16 0
5657 497575251 16 0
6137 497581388 25 0
11309 497592697 23 1
6165 497598862 22 0
5655 497604517 27 0
6138 497610655 16 0
11286 497621941 47 0
6118 497628059 24 0
5637 497633696 27 0
6163 497639859 27 0
12686 497652545 50 1
6160 497658705 15 0
5658 497664363 12 0
6138 497670501 15 0
11291 497681792 28 1
6173 497687965 14 0
5648 497693613 29 0
6138 497699751 17 0
11315 497711066 25 1
6154 497717220 21 0
5658 497722878 25 1
6117 497728995 30 0
11319 497740314 44 0
6160 497746474 21 0
5643 497752117 27 0
6138 497758255 19 0
11315 497769570 29 0
6159 497775729 24 0
5651 497781380 17 0
7039 497788419 93 59
11281 497799700 26 0
6160 497805860 15 0
5645 497811505 18 0
6114 497817619 21 0
11283 497828902 36 0
6160 497835062 29 0
5652 497840714 13 0
6124 497846838 33 0
11305 497858143 37 0
6160 497864303 15 0
5661 497869964 31 0
6151 497876115 18 0
11304 497887419 20 0
6152 497893571 19 0
5644 497899215 24 0
6137 497905352 25 0
11286 497916638 41 0
6170 497922808 28 0
5638 497928446 17 0
6145 497934591 17 0
11306 497945897 36 0
6147 497952044 20 0
5655 497957699 27 0
6138 497963837 16 0
11302 497975139 36 0
6154 497981293 20 0
5658 497986951 11 0
6137 497993088 27 0
11773 498004861 31 0
6131 498010992 21 0
5672 498016664 29 0
7530 498024194 38 0
11323 498035517 30 0
6153 498041670 22 0
5666 498047336 32 0
6138 498053474 16 0
11297 498064771 36 0
6166 498070937 24 0
5657 498076594 16 0
6131 498082725 34 0
11323 498094048 36 0
6160 498100208 17 0
5640 498105848 14 0
6138 498111986 27 0
11315 498123301 27 0
6160 498129461 16 0
5636 498135097 22 0
6141 498141238 35 0
11316 498152554 27 0
6173 498158727 23 0
5652 498164379 14 0
6111 498170490 29 0
11315 498181805 21 0
6160 498187965 13 0
5646 498193611 18 0
6113 498199724 22 0
11312 498211036 43 0
6172 498217208 19 0
5647 498222855 24 0
6137 498228992 23 0
11310 498240302 26 0
6157 498246459 22 0
5637 498252096 23 0
6140 498258236 33 0
11304 498269540 24 0
6118 498275658 23 0
5648 498281306 27 0
6138 498287444 16 0
11300 498298744 25 0
6161 498304905 19 0
5657 498310562 23 0
6138 498316700 16 0
11279 498327979 39 0
6140 498334119 26 0
5645 498339764 14 0
6151 498345915 17 0
11279 498357194 37 0
6160 498363354 16 0
5652 498369006 18 0
6138 498375144 15 0
11314 498386458 36 0
6186 498392644 13 0
7027 498399671 36 0
6148 498405819 37 0
11321 498417140 38 0
6160 498423300 17 0
5650 498428950 19 0
6141 498435091 32 0
11266 498446357 30 0
6170 498452527 21 0
5651 498458178 14 0
6138 498464316 14 0
11293 498475609 32 0
6160 498481769 15 0
5645 498487414 24 0
6144 498493558 27 0
11316 498504874 14 0
6160 498511034 14 0
5656 498516690 26 0
6115 498522805 27 0
11289 498534094 28 0
6155 498540249 20 0
5650 498545899 16 0
6114 498552013 23 0
11282 498563295 35 0
6160 498569455 14 0
5648 498575103 25 0
6135 498581238 28 0
11315 498592553 28 0
6148 498598701 20 0
5657 498604358 23 0
6137 498610495 31 0
11298 498621793 26 0
6173 498627966 17 0
5652 498633618 14 0
6126 498639744 21 0
11304 498651048 25 0
6160 498657208 13 0
5658 498662866 9 0
6103 498668969 20 0
11316 498680285 13 0
6173 498686458 14 0
5658 498692116 11 0
6138 498698254 13 0
11316 498709570 13 0
6136 498715706 21 0
5656 498721362 23 0
6151 498727513 18 0
11315 498738828 23 1
6160 498744988 16 0
5646 498750634 17 0
6138 498756772 16 0
11316 498768088 24 0
7563 498775651 29 0
5651 498781302 17 0
6129 498787431 26 0
11304 498798735 24 0
6150 498804885 29 0
5655 498810540 25 0
881655 499692195 14760 4959
13404 499705599 670 22
6662 499712261 42 0
11702 499723963 377 140
6682 499730645 57 2
13374 499744019 37 1
8260 499752279 165 60
6602 499758881 35 0
6118 499764999 46 0
3661513 3661513 71877 4627
10445807 14107320 58420 13283
19326314 33433634 19413 5397
12815953 46249587 18111 4095
19330668 65580255 17777 5300
19477439 85057694 17574 5388
18183414 103241108 23479 7435
18827387 122068495 18799 5239
19309501 141377996 18094 5461
19389578 160767574 20474 5898
19529032 180296606 18367 5394
19261672 199558278 19112 5330
19466463 219024741 19298 5545
19080340 238105081 18073 5261
18623736 256728817 23249 5342
18753057 275481874 19718 5295
19305521 294787395 18613 5328
19593037 314380432 18649 5395
19515767 333896199 18627 5421
19577038 353473237 19786 5505
19430759 372903996 18931 5340
19739470 392643466 18444 5384
19646102 412289568 18695 5381
19617456 431907024 18986 5307
19617256 451524280 18568 5377
19595008 471119288 18763 5375
17252721 488372009 26960 4070
8917250 497289259 19666 1275
6114 497295373 375 29
6085 497301458 34 0
5652 497307110 20 1
11818 497318928 34 0
5658 497324586 15 2
6133 497330719 21 0
5651 497336370 29 0
11805 497348175 34 0
5658 497353833 14 0
6138 497359971 17 0
5640 497365611 22 0
11836 497377447 25 0
5658 497383105 9 0
6138 497389243 16 0
11315 497400558 42 0
6160 497406718 21 2
5657 497412375 16 0
6125 497418500 28 1
11303 497429803 38 0
15254 497445057 405 256
5658 497450715 32 0
7514 497458229 112 71
11310 497469539 23 2
6160 497475699 18 1
5657 497481356 20 0
6138 497487494 27 0
11315 497498809 23 1
6160 497504969 17 0
5658 497510627 16 0
6132 497516759 19 0
11302 497528061 35 0
6178 497534239 27 0
5658 497539897 12 0
6126 497546023 21 0
11316 497557339 18 2
6142 497563481 22 0
5658 497569139 20 0
6164 497575303 21 0
11303 497586606 29 0
6135 497592741 23 0
5658 497598399 16 0
6102 497604501 25 1
11310 497615811 23 0
7048 497622859 99 54
5658 497628517 19 0
6127 497634644 20 0
11774 497646418 31 4
6132 497652550 20 2
5658 497658208 45 30
6131 497664339 25 0
11784 497676123 51 0
6138 497682261 19 1
5658 497687919 9 1
6100 497694019 24 0
11314 497705333 37 2
6160 497711493 18 1
5658 497717151 16 1
6151 497723302 13 0
11316 497734618 20 5
6160 497740778 15 1
5658 497746436 12 0
6138 497752574 16 0
11316 497763890 24 7
6173 497770063 18 0
5658 497775721 10 0
6145 497781866 15 0
11297 497793163 25 0
6160 497799323 17 0
5658 497804981 13 2
6150 497811131 23 0
11319 497822450 35 2
6154 497828604 33 10
7035 497835639 31 13
6138 497841777 18 0
11774 497853551 37 0
6156 497859707 23 0
5658 497865365 10 0
6665 497872030 63 9
13110 497885140 79 13
6624 497891764 17 0
6579 497898343 23 0
6116 497904459 17 0
12215 497916674 38 0
6116 497922790 34 0
6115 497928905 30 0
5698 497934603 29 1
12235 497946838 41 1
6110 497952948 17 0
6094 497959042 23 0
6116 497965158 17 0
12238 497977396 38 0
6110 497983506 25 0
6116 497989622 18 0
6116 497995738 17 0
12225 498007963 41 0
6110 498014073 20 0
6110 498020183 25 0
6116 498026299 21 0
12238 498038537 43 0
6116 498044653 18 0
6116 498050769 18 0
6129 498056898 16 0
12232 498069130 33 0
6116 498075246 20 0
5658 498080904 12 0
6138 498087042 18 0
11778 498098820 32 0
6148 498104968 27 0
5646 498110614 23 0
6138 498116752 19 2
11316 498128068 21 0
6160 498134228 15 0
5658 498139886 12 0
6138 498146024 18 0
11292 498157316 34 1
6156 498163472 20 0
5645 498169117 15 0
6132 498175249 16 0
11284 498186533 34 0
6140 498192673 23 0
5655 498198328 18 1
14339 498212667 362 130
11308 498223975 29 0
7537 498231512 35 1
5656 498237168 21 0
6138 498243306 19 0
11283 498254589 33 0
6166 498260755 26 0
5652 498266407 14 0
6147 498272554 32 0
11307 498283861 33 0
6148 498290009 19 0
5649 498295658 25 0
6145 498301803 19 0
11320 498313123 40 0
6154 498319277 20 0
5658 498324935 18 0
6130 498331065 29 0
11300 498342365 40 0
6186 498348551 18 0
5658 498354209 14 0
6138 498360347 18 0
11308 498371655 23 0
6150 498377805 28 0
5658 498383463 11 0
6147 498389610 32 0
11316 498400926 24 0
6173 498407099 16 0
5658 498412757 13 0
6145 498418902 17 0
11316 498430218 18 0
6160 498436378 20 0
5657 498442035 16 0
6115 498448150 24 0
11307 498459457 33 0
6160 498465617 26 0
5650 498471267 18 0
6132 498477399 17 0
11297 498488696 34 0
6169 498494865 27 0
5652 498500517 14 0
6147 498506664 31 0
11286 498517950 26 0
6164 498524114 23 0
5656 498529770 19 0
6158 498535928 17 0
11298 498547226 21 0
6162 498553388 24 0
5646 498559034 19 0
6126 498565160 23 0
11316 498576476 36 0
6161 498582637 22 0
5655 498588292 15 0
6126 498594418 22 0
12641 498607059 44 0
6158 498613217 26 0
5658 498618875 12 0
6138 498625013 19 0
11286 498636299 31 0
6154 498642453 21 0
5651 498648104 25 0
6138 498654242 17 0
11315 498665557 40 0
6153 498671710 24 0
5658 498677368 13 0
6151 498683519 17 0
11316 498694835 19 0
6159 498700994 22 0
5645 498706639 22 0
6126 498712765 20 0
11294 498724059 31 0
6167 498730226 25 0
5658 498735884 16 0
6119 498742003 23 0
11308 498753311 35 0
6158 498759469 22 0
5652 498765121 17 0
6145 498771266 18 0
11291 498782557 35 0
6170 498788727 29 0
5650 498794377 21 0
6123 498800500 26 0
11309 498811809 25 0
6160 498817969 23 0
5646 498823615 18 0
6132 498829747 21 0
11316 498841063 28 6
6160 498847223 17 0
5658 498852881 12 0
6138 498859019 17 0
11316 498870335 17 0
6166 498876501 21 0
5662 498882163 22 0
6133 498888296 23 0
11778 498900074 38 0
6137 498906211 25 0
5652 498911863 15 0
6143 498918006 29 0
11303 498929309 35 0
6158 498935467 26 0
5644 498941111 17 0
6132 498947243 18 0
11296 498958539 33 0
6153 498964692 25 0
5652 498970344 16 0
6134 498976478 30 0
12674 498989152 41 0
6148 498995300 22 0
5658 499000958 21 0
6151 499007109 17 0
11307 499018416 36 0
6135 499024551 22 0
5646 499030197 14 0
6118 499036315 24 0
11319 499047634 29 0
6155 499053789 21 0
5646 499059435 17 0
6142 499065577 28 0
11312 499076889 36 0
6156 499083045 29 0
5658 499088703 14 0
6131 499094834 23 0
11314 499106148 28 0
6161 499112309 24 0
5652 499117961 17 0
6119 499124080 26 0
11300 499135380 41 0
6164 499141544 27 0
5658 499147202 15 0
6115 499153317 25 0
11308 499164625 26 0
6154 499170779 16 0
5658 499176437 11 0
6138 499182575 17 0
11308 499193883 24 0
6159 499200042 25 0
5658 499205700 12 0
6134 499211834 27 0
11313 499223147 42 0
6158 499229305 29 0
5656 499234961 21 0
6139 499241100 22 0
11310 499252410 34 0
6135 499258545 23 0
5652 499264197 15 0
6115 499270312 24 0
11319 499281631 34 0
6155 499287786 21 0
5646 499293432 19 0
6138 499299570 18 0
11316 499310886 16 0
6149 499317035 25 0
5657 499322692 17 0
6126 499328818 23 0
11316 499340134 14 0
6173 499346307 16 0
5652 499351959 18 0
7509 499359468 27 0
11308 499370776 19 0
6154 499376930 16 0
5654 499382584 24 0
11796 499394380 33 0
5657 499400037 13 0
6135 499406172 23 0
5658 499411830 17 0
11784 499423614 27 0
5652 499429266 15 0
6170 499435436 30 0
5652 499441088 15 0
11782 499452870 41 0
5663 499458533 22 0
6159 499464692 14 0
5658 499470350 13 0
11822 499482172 24 0
5658 499487830 11 0
6160 499493990 16 0
5658 499499648 12 0
11782 499511430 45 0
5658 499517088 14 0
6172 499523260 19 0
5658 499528918 12 0
11796 499540714 24 0
5658 499546372 10 0
6160 499552532 17 0
5658 499558190 12 0
11760 499569950 33 0
5657 499575607 14 0
6161 499581768 26 0
5656 499587424 22 0
11795 499599219 32 0
5657 499604876 14 0
6165 499611041 19 0
5652 499616693 17 0
11773 499628466 34 0
5657 499634123 16 0
6160 499640283 16 0
5658 499645941 12 0
11766 499657707 42 0
5658 499663365 14 0
6165 499669530 30 0
5651 499675181 17 0
11771 499686952 37 0
5651 499692603 18 0
6154 499698757 17 0
5640 499704397 18 0
11797 499716194 35 0
5657 499721851 19 0
6160 499728011 20 0
7035 499735046 23 0
128797 499863843 4448 2487
764646 500628489 11046 2566
6703 500635192 61 5
6675 500641867 34 3
18548 500660415 433 148
6718 500667133 26 2
6934 500674067 27 1
7988 500682055 155 27
13253 500695308 70 0
3642119 3642119 71386 3743
10401849 14043968 59037 13265
16023333 30067301 18269 4987
15556649 45623950 17869 4200
19264468 64888418 19074 5394
19407956 84296374 18834 5408
18151281 102447655 25162 7466
18639429 121087084 19205 5335
19339742 140426826 19293 5463
19381910 159808736 21485 5809
19401251 179209987 20574 5401
19307788 198517775 19964 5635
19410426 217928201 20023 5503
18813381 236741582 20235 5214
720740 237462322 499 102
15992265 253454587 17674 4505
18783406 272237993 24120 5281
19378269 291616262 19697 5394
19502171 311118433 18884 5323
19501372 330619805 18806 5501
19614153 350233958 19144 5408
19285895 369519853 19763 5494
19599158 389119011 18966 5353
19515897 408634908 18832 5391
19623896 428258804 19022 5446
19593398 447852202 18993 5304
19537143 467389345 19221 5447
18333445 485722790 30405 5191
10770952 496493742 16175 499
1333296 497827038 4390 822
5658 497832696 22 0
6167 497838863 20 0
5668 497844531 30 0
11796 497856327 34 1
5658 497861985 18 0
6128 497868113 29 0
5652 497873765 16 0
11784 497885549 40 0
5652 497891201 15 0
6136 497897337 26 1
5658 497902995 16 1
11770 497914765 43 0
5649 497920414 17 0
6186 497926600 18 1
5658 497932258 14 1
11771 497944029 36 0
5652 497949681 15 0
6160 497955841 23 3
5658 497961499 16 1
11780 497973279 46 0
5652 497978931 17 0
6173 497985104 19 0
5658 497990762 12 1
11796 498002558 30 1
5651 498008209 19 0
6141 498014350 26 1
5658 498020008 11 0
11810 498031818 34 0
5652 498037470 16 0
6154 498043624 20 0
5658 498049282 17 5
11796 498061078 29 0
7035 498068113 94 25
6173 498074286 19 1
5657 498079943 19 0
11795 498091738 40 1
5658 498097396 15 0
6160 498103556 17 0
5658 498109214 12 1
11809 498121023 35 0
5658 498126681 15 0
6160 498132841 20 1
5658 498138499 12 1
11796 498150295 31 0
5658 498155953 11 0
6167 498162120 18 0
5658 498167778 13 0
12210 498179988 41 0
5657 498185645 19 1
6137 498191782 46 0
5638 498197420 27 3
12253 498209673 48 1
5652 498215325 21 3
6138 498221463 24 0
5658 498227121 13 0
11796 498238917 26 0
5658 498244575 14 0
6160 498250735 22 0
5658 498256393 14 1
11797 498268190 30 2
5651 498273841 20 0
6154 498279995 23 1
5622 498285617 26 0
11772 498297389 42 3
5652 498303041 12 0
6178 498309219 27 0
5658 498314877 17 0
11796 498326673 53 21
5652 498332325 20 0
6160 498338485 24 0
5658 498344143 14 3
11809 498355952 38 3
5658 498361610 14 0
6160 498367770 20 0
5658 498373428 19 0
12230 498385658 37 0
5658 498391316 12 0
6678 498397994 75 4
6315 498404309 32 4
13247 498417556 51 0
6579 498424135 24 0
6116 498430251 17 0
6104 498436355 24 0
13615 498449970 85 39
6116 498456086 22 0
6116 498462202 19 0
6103 498468305 26 0
12224 498480529 38 0
6116 498486645 27 0
6097 498492742 27 0
6116 498498858 24 0
12219 498511077 56 0
6098 498517175 21 0
6116 498523291 17 0
6116 498529407 17 0
12231 498541638 29 0
6128 498547766 30 0
6109 498553875 24 0
6120 498559995 36 0
12219 498572214 38 0
6109 498578323 23 0
6116 498584439 19 0
6116 498590555 18 0
12239 498602794 40 0
5658 498608452 15 0
6138 498614590 23 0
6122 498620712 24 0
12231 498632943 47 0
5652 498638595 16 0
6127 498644722 23 0
5658 498650380 25 1
11789 498662169 35 0
5658 498667827 16 0
6136 498673963 21 0
5646 498679609 17 0
11783 498691392 28 0
5657 498697049 14 0
6166 498703215 26 0
5652 498708867 16 0
11789 498720656 31 0
5658 498726314 12 0
6160 498732474 18 0
5658 498738132 15 0
11807 498749939 35 0
5663 498755602 15 0
6146 498761748 27 0
5664 498767412 11 0
11795 498779207 41 0
5657 498784864 19 1
6161 498791025 28 0
5658 498796683 14 0
11765 498808448 28 0
5658 498814106 10 0
6141 498820247 25 0
5652 498825899 18 0
13148 498839047 49 0
5657 498844704 17 0
6153 498850857 25 0
5658 498856515 16 0
11782 498868297 37 0
5658 498873955 14 0
6173 498880128 19 0
5658 498885786 13 0
11796 498897582 24 0
5658 498903240 14 0
6160 498909400 19 0
5652 498915052 15 0
11796 498926848 22 0
5658 498932506 15 0
6173 498938679 14 0
5658 498944337 13 0
11796 498956133 22 0
5658 498961791 12 0
6147 498967938 26 0
5657 498973595 30 0
11809 498985404 25 2
5658 498991062 13 0
6160 498997222 17 0
5658 499002880 12 0
11782 499014662 31 1
5658 499020320 12 0
6173 499026493 22 0
5646 499032139 21 0
11784 499043923 32 0
5651 499049574 14 0
6147 499055721 27 0
5640 499061361 16 0
11835 499073196 27 0
5657 499078853 15 0
6160 499085013 22 0
5652 499090665 15 0
11777 499102442 36 0
5658 499108100 17 0
6143 499114243 29 0
5645 499119888 16 0
11790 499131678 29 0
5651 499137329 15 0
6146 499143475 27 0
5651 499149126 24 0
11790 499160916 26 0
5658 499166574 21 0
15262 499181836 568 466
5658 499187494 32 4
11760 499199254 38 0
5653 499204907 15 0
6141 499211048 28 0
7040 499218088 38 0
11790 499229878 32 0
5658 499235536 13 0
6160 499241696 19 0
5658 499247354 14 0
11789 499259143 31 0
5657 499264800 20 0
6172 499270972 22 0
5657 499276629 21 0
11796 499288425 21 0
5663 499294088 17 0
6146 499300234 25 0
5634 499305868 19 0
11803 499317671 26 1
5663 499323334 19 0
6159 499329493 23 0
11787 499341280 38 0
5658 499346938 12 0
5658 499352596 9 0
6173 499358769 19 0
11778 499370547 30 0
5640 499376187 18 0
5652 499381839 15 0
6132 499387971 23 0
12248 499400219 37 1
6121 499406340 31 1
5658 499411998 15 1
6138 499418136 18 0
11795 499429931 34 0
5644 499435575 21 0
5658 499441233 14 0
6159 499447392 21 0
11803 499459195 36 0
5658 499464853 14 0
5658 499470511 11 0
6159 499476670 18 0
11796 499488466 26 0
5658 499494124 12 0
5658 499499782 14 0
6147 499505929 28 0
11784 499517713 28 0
5658 499523371 10 0
5658 499529029 14 0
6136 499535165 21 0
11791 499546956 27 0
5638 499552594 17 0
5651 499558245 15 0
6136 499564381 22 0
11784 499576165 41 0
5634 499581799 15 0
5658 499587457 13 0
7530 499594987 39 0
11787 499606774 35 0
5650 499612424 19 0
5658 499618082 11 0
6159 499624241 17 0
11776 499636017 39 0
5658 499641675 12 0
5658 499647333 13 0
6173 499653506 15 0
11787 499665293 39 0
5658 499670951 11 0
5657 499676608 15 0
6160 499682768 18 0
11791 499694559 34 0
5658 499700217 13 0
5658 499705875 12 0
6160 499712035 16 0
11784 499723819 33 0
5664 499729483 19 1
5646 499735129 23 1
6167 499741296 21 0
11781 499753077 39 0
5652 499758729 17 0
5640 499764369 17 0
6154 499770523 18 0
11788 499782311 33 0
5658 499787969 14 0
5652 499793621 14 0
6160 499799781 16 0
11777 499811558 41 0
5646 499817204 16 0
5658 499822862 12 0
6161 499829023 26 0
11784 499840807 26 0
5652 499846459 17 0
5657 499852116 14 0
6148 499858264 22 0
11784 499870048 26 0
5658 499875706 11 0
5658 499881364 13 0
6155 499887519 21 0
11766 499899285 30 0
5645 499904930 20 0
5652 499910582 17 0
6153 499916735 27 0
20006 499936741 294 66
5657 499942398 28 7
5646 499948044 15 0
6142 499954186 24 0
11766 499965952 39 0
5645 499971597 17 0
7034 499978631 36 0
6166 499984797 18 0
11788 499996585 42 0
5652 500002237 16 0
5628 500007865 22 0
6129 500013994 26 0
11808 500025802 31 0
5658 500031460 12 0
5657 500037117 19 0
6154 500043271 19 0
11793 500055064 45 0
5658 500060722 16 0
5658 500066380 12 0
6172 500072552 17 0
11778 500084330 45 0
5658 500089988 8 0
5646 500095634 17 0
6142 500101776 18 0
11784 500113560 26 0
5658 500119218 14 0
5657 500124875 17 0
6165 500131040 27 0
11795 500142835 31 0
5658 500148493 11 0
5657 500154150 17 0
6154 500160304 17 0
11815 500172119 36 0
5638 500177757 25 0
5657 500183414 20 0
6141 500189555 20 0
11784 500201339 27 0
5658 500206997 16 0
5657 500212654 18 0
6185 500218839 23 0
11790 500230629 24 0
5658 500236287 12 0
5652 500241939 14 0
555281 500797220 10000 3915
374951 501172171 5911 1251
6655 501178826 57 0
11369 501190195 335 130
6696 501196891 37 0
13317 501210208 69 1
8576 501218784 166 27
6327 501225111 24 0
6657 501231768 35 0
2620868 2620868 54056 3578
8396045 11016913 74443 13831
19171728 30188641 18529 5298
13069558 43258199 16906 4193
19332732 62590931 17596 5268
19489470 82080401 19239 5425
18553779 100634180 23512 7607
18859932 119494112 18627 5251
19017499 138511611 18372 5529
19418229 157929840 21380 6095
19435995 177365835 18989 5525
19391189 196757024 18191 5503
19492441 216249465 18996 5439
19431899 235681364 20504 5497
18255899 253937263 23071 5375
19020945 272958208 21800 5425
19037167 291995375 21695 5492
19488183 311483558 22191 5387
19569579 331053137 21352 5380
19583576 350636713 22009 5453
19454495 370091208 21316 5401
19494517 389585725 22906 5387
19530702 409116427 21519 5364
19608553 428724980 21352 5350
19725955 448450935 21952 5421
19486109 467937044 21275 5361
17850307 485787351 32249 4957
10403027 496190378 16442 485
1102496 497292874 4052 847
6151 497299025 42 12
5640 497304665 24 0
5652 497310317 16 0
11818 497322135 29 2
6138 497328273 21 0
5632 497333905 24 0
5646 497339551 18 0
11810 497351361 56 2
6138 497357499 19 0
5644 497363143 25 0
5654 497368797 25 0
11822 497380619 53 5
6150 497386769 30 0
5652 497392421 14 0
5656 497398077 18 0
11811 497409888 36 2
6138 497416026 16 0
5628 497421654 18 0
5654 497427308 27 0
11830 497439138 37 2
6138 497445276 20 1
5640 497450916 13 0
5658 497456574 13 0
11776 497468350 34 1
6127 497474477 32 0
5641 497480118 22 0
5662 497485780 26 1
11831 497497611 23 1
6138 497503749 16 0
5656 497509405 24 2
5657 497515062 23 0
11799 497526861 40 1
6151 497533012 18 0
5658 497538670 11 0
5658 497544328 13 0
11806 497556134 49 0
6138 497562272 15 0
5652 497567924 17 0
5652 497573576 14 0
11813 497585389 24 0
6138 497591527 15 0
5626 497597153 18 0
5658 497602811 9 0
11789 497614600 57 0
6164 497620764 20 1
6107 497626871 41 0
5658 497632529 13 0
11788 497644317 53 4
6138 497650455 13 0
7469 497657924 96 38
5646 497663570 19 2
12241 497675811 45 0
6127 497681938 28 0
5634 497687572 21 0
5658 497693230 22 0
11805 497705035 41 0
6124 497711159 31 0
5658 497716817 12 1
5640 497722457 16 0
11831 497734288 29 3
6138 497740426 16 0
5658 497746084 20 9
5658 497751742 14 0
11818 497763560 26 1
6151 497769711 17 0
5658 497775369 28 16
5655 497781024 22 0
12254 497793278 37 0
6138 497799416 19 0
5658 497805074 15 4
5658 497810732 13 0
11831 497822563 44 7
6138 497828701 20 0
6115 497834816 25 0
5657 497840473 20 0
11783 497852256 32 0
6678 497858934 56 2
6602 497865536 34 5
6373 497871909 18 1
13172 497885081 51 0
6116 497891197 21 0
6098 497897295 24 0
6116 497903411 20 0
12752 497916163 77 3
6602 497922765 29 0
6642 497929407 26 0
6584 497935991 24 0
12669 497948660 52 0
6115 497954775 30 0
6121 497960896 23 0
6104 497967000 20 0
12232 497979232 35 0
6117 497985349 20 0
6092 497991441 25 0
6110 497997551 17 0
12252 498009803 37 0
6116 498015919 17 0
6115 498022034 24 0
6116 498028150 18 0
12213 498040363 42 0
7493 498047856 38 3
6116 498053972 17 0
6129 498060101 18 0
11774 498071875 33 0
6138 498078013 18 0
6113 498084126 28 0
5657 498089783 16 0
11771 498101554 41 0
6145 498107699 21 0
5634 498113333 21 0
5658 498118991 11 0
11786 498130777 39 0
6132 498136909 23 0
5640 498142549 18 0
5658 498148207 18 0
11819 498160026 36 0
6138 498166164 19 0
5658 498171822 12 0
5658 498177480 13 0
11786 498189266 43 0
6138 498195404 19 0
5627 498201031 21 0
5651 498206682 14 0
11816 498218498 39 0
6132 498224630 22 0
5658 498230288 13 0
5652 498235940 17 0
11782 498247722 31 0
6139 498253861 23 0
5652 498259513 14 0
5652 498265165 18 0
11818 498276983 26 0
6138 498283121 20 0
5650 498288771 20 0
5651 498294422 16 0
11819 498306241 32 0
6138 498312379 17 0
5650 498318029 19 0
5658 498323687 13 0
11818 498335505 26 0
6127 498341632 22 0
5655 498347287 19 0
5658 498352945 17 0
11811 498364756 47 0
6132 498370888 24 0
5652 498376540 12 0
5646 498382186 12 0
11844 498394030 21 0
6132 498400162 21 0
5640 498405802 16 0
5646 498411448 17 0
13176 498424624 58 1
6114 498430738 24 0
5646 498436384 17 0
5658 498442042 11 0
11831 498453873 26 0
6125 498459998 21 0
5651 498465649 18 0
5658 498471307 11 0
11787 498483094 37 0
17438 498500532 580 120
5658 498506190 21 0
5658 498511848 11 0
11804 498523652 35 0
6132 498529784 17 0
5640 498535424 16 0
5651 498541075 18 0
11825 498552900 34 0
6132 498559032 21 0
5657 498564689 24 1
5658 498570347 15 0
11794 498582141 29 0
6151 498588292 21 0
5657 498593949 19 0
5658 498599607 14 0
11799 498611406 40 0
6138 498617544 24 0
5663 498623207 24 0
5658 498628865 9 0
11818 498640683 42 0
6132 498646815 21 0
5658 498652473 11 0
5658 498658131 10 0
11810 498669941 32 0
6142 498676083 23 0
5658 498681741 12 0
5651 498687392 14 0
11811 498699203 40 0
6138 498705341 19 0
5650 498710991 24 0
5658 498716649 13 0
11769 498728418 38 0
6152 498734570 20 0
5645 498740215 21 0
5657 498745872 18 0
11818 498757690 26 0
6132 498763822 22 0
5644 498769466 21 0
5651 498775117 13 0
11831 498786948 42 0
6138 498793086 19 0
5657 498798743 19 0
7034 498805777 39 0
11806 498817583 39 0
6151 498823734 22 0
5640 498829374 18 0
5658 498835032 15 0
11792 498846824 35 0
6125 498852949 21 0
6110 498859059 31 3
5658 498864717 14 0
11806 498876523 40 0
6138 498882661 24 0
5653 498888314 21 0
5658 498893972 15 0
11818 498905790 28 0
6138 498911928 17 0
5658 498917586 13 0
5658 498923244 11 0
11831 498935075 21 0
6138 498941213 23 0
5652 498946865 12 0
5567 498952432 24 0
11810 498964242 39 0
6151 498970393 19 0
5658 498976051 15 1
5658 498981709 12 0
11817 498993526 33 0
6138 498999664 17 0
5627 499005291 21 0
5658 499010949 13 0
11831 499022780 31 0
6138 499028918 18 0
5658 499034576 14 0
5658 499040234 13 0
11806 499052040 36 0
6151 499058191 19 0
5645 499063836 19 0
5658 499069494 15 0
11824 499081318 31 0
6138 499087456 15 0
5658 499093114 23 0
5658 499098772 14 0
11823 499110595 36 0
6137 499116732 29 0
5652 499122384 17 0
5658 499128042 15 0
11811 499139853 30 0
6138 499145991 17 0
5651 499151642 19 0
5652 499157294 19 0
11844 499169138 22 0
6132 499175270 22 0
7034 499182304 45 0
11816 499194120 40 0
5658 499199778 18 0
6145 499205923 22 0
5651 499211574 17 0
11823 499223397 33 0
5655 499229052 25 0
6131 499235183 23 0
5657 499240840 16 0
11811 499252651 40 0
5658 499258309 17 0
6137 499264446 23 0
5650 499270096 16 0
11805 499281901 34 0
5657 499287558 17 0
7033 499294591 82 56
5658 499300249 19 0
11803 499312052 38 0
5658 499317710 13 0
6137 499323847 19 0
5658 499329505 11 0
11812 499341317 25 0
5658 499346975 10 0
6138 499353113 17 0
5658 499358771 11 0
11818 499370589 25 0
5646 499376235 14 0
6138 499382373 18 0
5658 499388031 15 0
11822 499399853 36 0
5658 499405511 10 0
6138 499411649 16 0
5639 499417288 16 0
11817 499429105 28 0
5652 499434757 14 0
6151 499440908 17 0
5652 499446560 15 0
11818 499458378 27 0
5652 499464030 16 0
6145 499470175 17 0
5658 499475833 12 0
11824 499487657 33 0
5658 499493315 15 0
6120 499499435 24 0
5634 499505069 16 0
11798 499516867 40 0
5658 499522525 12 0
6164 499528689 23 0
5658 499534347 13 0
11816 499546163 34 0
5658 499551821 13 0
7509 499559330 35 0
5640 499564970 13 0
11825 499576795 34 0
5651 499582446 15 0
6138 499588584 17 0
5658 499594242 11 0
11818 499606060 28 0
5658 499611718 13 0
6138 499617856 17 0
5658 499623514 14 0
11831 499635345 24 0
5640 499640985 16 0
6138 499647123 17 0
5657 499652780 19 0
11883 499664663 32 3
5658 499670321 14 0
6145 499676466 21 0
906408 500582874 15022 4901
15267 500598141 863 127
6662 500604803 30 0
11965 500616768 408 148
6668 500623436 41 1
13466 500636902 65 3
7990 500644892 151 28
7073 500651965 53 2
555495 555495 13527 891
4941657 5497152 87352 8345
15675725 21172877 38418 10863
18991095 40163972 19213 5251
18894434 59058406 23867 6052
19434035 78492441 18020 5416
19410475 97902916 18436 5382
19200793 117103709 19025 5338
18768563 135872272 25048 7662
18975059 154847331 18889 5316
19549352 174396683 18667 5495
19305926 193702609 19453 5415
19488468 213191077 19026 5468
19249418 232440495 19462 5445
19439083 251879578 19126 5465
18266057 270145635 26555 5868
19214266 289359901 19539 5313
19100707 308460608 18953 5217
19506234 327966842 19489 5345
19531613 347498455 21487 5565
19445934 366944389 19071 5284
19638189 386582578 18781 5392
19540030 406122608 18916 5356
19577359 425699967 19051 5428
19518969 445218936 20057 5438
19519534 464738470 19468 5439
18966739 483705209 24002 5366
10561643 494266852 23887 511
2112443 496379295 5405 769
5658 496384953 28 4
5658 496390611 15 0
11802 496402413 49 2
6151 496408564 14 0
5658 496414222 11 1
5658 496419880 11 0
11818 496431698 21 0
6142 496437840 29 0
5658 496443498 11 2
5657 496449155 15 0
13210 496462365 127 21
6138 496468503 15 0
5658 496474161 12 1
5657 496479818 17 0
11808 496491626 35 3
6151 496497777 16 0
5658 496503435 14 4
5658 496509093 10 0
11815 496520908 27 0
6138 496527046 15 0
5658 496532704 11 2
5652 496538356 13 0
11829 496550185 31 1
6138 496556323 14 0
5649 496561972 26 0
5658 496567630 11 0
11781 496579411 39 0
6137 496585548 25 0
5644 496591192 20 0
5676 496596868 31 0
11831 496608699 28 2
6124 496614823 18 0
5640 496620463 20 0
5658 496626121 13 0
11812 496637933 42 0
6144 496644077 32 1
5658 496649735 18 2
5646 496655381 23 0
11816 496667197 35 0
6138 496673335 17 0
5658 496678993 12 0
5661 496684654 26 0
11821 496696475 51 4
6138 496702613 13 0
5639 496708252 16 0
5652 496713904 18 0
11807 496725711 51 7
6151 496731862 18 0
6116 496737978 45 8
5658 496743636 12 0
12254 496755890 36 0
6098 496761988 25 4
6096 496768084 28 0
5658 496773742 17 0
11810 496785552 35 0
6139 496791691 17 0
5658 496797349 24 11
5656 496803005 31 0
11810 496814815 54 1
6120 496820935 19 0
5643 496826578 17 0
7035 496833613 59 45
11828 496845441 43 4
6132 496851573 18 0
5658 496857231 11 0
5647 496862878 17 0
11813 496874691 42 1
6151 496880842 13 0
5658 496886500 27 14
5675 496892175 34 1
11811 496903986 45 0
6113 496910099 22 0
5658 496915757 15 4
5658 496921415 9 0
11847 496933262 50 0
6665 496939927 64 1
6333 496946260 24 8
5655 496951915 34 0
13288 496965203 56 1
6596 496971799 29 3
6116 496977915 17 0
6084 496983999 24 0
12232 496996231 33 0
6090 497002321 28 0
6111 497008432 28 0
6110 497014542 24 0
12209 497026751 43 0
6114 497032865 25 0
6116 497038981 19 0
6110 497045091 19 0
12226 497057317 39 1
6116 497063433 17 0
6093 497069526 25 0
6118 497075644 32 0
12232 497087876 29 0
6116 497093992 21 0
6116 497100108 16 0
6109 497106217 31 0
12231 497118448 40 0
6101 497124549 30 0
6116 497130665 19 0
6098 497136763 21 0
11762 497148525 41 0
6138 497154663 21 0
6116 497160779 18 0
6116 497166895 27 0
11768 497178663 34 1
6138 497184801 15 0
5633 497190434 19 0
5657 497196091 18 0
11817 497207908 35 0
6151 497214059 17 0
7035 497221094 38 4
5658 497226752 10 0
11787 497238539 44 0
6135 497244674 23 0
5640 497250314 17 0
5658 497255972 14 0
23304 497279276 537 72
6138 497285414 25 3
5648 497291062 34 0
5658 497296720 7 0
11799 497308519 41 0
6106 497314625 26 0
5658 497320283 17 0
5658 497325941 14 0
11850 497337791 47 0
6138 497343929 17 0
5677 497349606 29 0
5636 497355242 27 0
11818 497367060 24 0
7039 497374099 83 49
5628 497379727 21 0
5657 497385384 22 0
11817 497397201 34 0
6126 497403327 23 0
5633 497408960 22 0
5657 497414617 19 0
11831 497426448 22 0
6138 497432586 18 0
5646 497438232 28 0
5657 497443889 21 0
11815 497455704 35 0
6151 497461855 15 0
5645 497467500 17 0
5658 497473158 11 0
11805 497484963 41 0
6120 497491083 23 0
5658 497496741 12 0
5645 497502386 26 0
11829 497514215 46 0
6138 497520353 18 0
5643 497525996 27 0
5657 497531653 15 0
11806 497543459 28 1
6144 497549603 20 0
5652 497555255 20 2
5658 497560913 10 0
11829 497572742 42 0
6138 497578880 17 0
5658 497584538 16 1
5657 497590195 21 0
13169 497603364 61 0
6143 497609507 32 0
5657 497615164 13 0
5657 497620821 20 0
11815 497632636 46 0
6138 497638774 18 0
5654 497644428 21 0
5633 497650061 25 0
11824 497661885 34 0
6138 497668023 15 0
5640 497673663 18 0
5652 497679315 16 0
11788 497691103 44 0
6164 497697267 18 0
5646 497702913 20 0
5658 497708571 13 0
11833 497720404 37 0
6148 497726552 30 0
5658 497732210 13 0
5658 497737868 12 0
11798 497749666 37 0
6132 497755798 23 0
5645 497761443 24 0
5658 497767101 13 0
11811 497778912 42 0
6138 497785050 18 0
5658 497790708 13 0
5658 497796366 14 0
11829 497808195 43 0
6130 497814325 30 0
5646 497819971 22 0
5657 497825628 25 0
11800 497837428 40 0
6135 497843563 30 0
5658 497849221 11 0
5658 497854879 12 0
11822 497866701 40 0
6138 497872839 19 0
5651 497878490 24 0
5658 497884148 11 0
11812 497895960 36 0
6138 497902098 17 0
5655 497907753 31 0
5652 497913405 15 0
11818 497925223 34 0
6151 497931374 15 0
6106 497937480 36 0
5634 497943114 17 0
11788 497954902 39 0
6132 497961034 19 0
5657 497966691 16 0
5652 497972343 13 0
13217 497985560 67 1
6126 497991686 19 0
5658 497997344 14 0
5648 498002992 25 0
11747 498014739 41 0
6138 498020877 17 0
5633 498026510 21 0
5658 498032168 12 0
11821 498043989 35 0
6126 498050115 24 0
5649 498055764 25 0
5645 498061409 24 0
11816 498073225 39 0
6152 498079377 16 0
5610 498084987 18 0
5658 498090645 12 0
11801 498102446 37 0
6119 498108565 22 0
5658 498114223 13 0
5658 498119881 18 0
11833 498131714 34 0
6138 498137852 18 0
5643 498143495 24 0
5658 498149153 11 0
11817 498160970 30 0
6139 498167109 17 0
5640 498172749 16 0
5657 498178406 19 0
11825 498190231 16 0
6124 498196355 27 0
5658 498202013 17 0
11825 498213838 28 0
5658 498219496 13 0
6137 498225633 30 0
5657 498231290 18 0
11817 498243107 22 0
5646 498248753 17 0
6130 498254883 29 0
5658 498260541 11 0
11812 498272353 35 0
5658 498278011 9 0
6145 498284156 17 0
5636 498289792 24 0
11818 498301610 33 0
5658 498307268 14 0
6138 498313406 23 0
5641 498319047 20 0
11805 498330852 35 0
5658 498336510 13 0
6129 498342639 31 0
5658 498348297 11 0
13208 498361505 39 0
5661 498367166 22 0
6125 498373291 34 0
5658 498378949 9 0
11818 498390767 35 0
5658 498396425 13 0
6151 498402576 17 0
5667 498408243 31 0
11817 498420060 30 0
5652 498425712 16 0
6132 498431844 19 0
5640 498437484 17 0
11846 498449330 36 0
5643 498454973 26 0
6138 498461111 18 0
5638 498466749 24 0
11818 498478567 25 0
5652 498484219 15 0
6130 498490349 29 0
5658 498496007 27 0
11818 498507825 35 0
5657 498513482 25 0
6126 498519608 21 0
5632 498525240 21 0
11818 498537058 27 0
5656 498542714 20 0
6151 498548865 14 0
5632 498554497 22 0
11835 498566332 44 0
5658 498571990 10 0
6119 498578109 22 0
5658 498583767 8 0
11825 498595592 33 0
5658 498601250 12 0
6138 498607388 12 0
5628 498613016 20 0
11821 498624837 46 0
5645 498630482 21 0
6109 498636591 25 0
5658 498642249 11 0
11800 498654049 27 0
5642 498659691 25 0
6138 498665829 17 0
5660 498671489 25 0
20625 498692114 365 259
5657 498697771 41 2
6132 498703903 22 0
5637 498709540 24 0
11799 498721339 50 0
5646 498726985 17 0
6126 498733111 23 0
7023 498740134 36 0
11825 498751959 38 0
5658 498757617 14 0
6132 498763749 20 0
914793 499678542 15585 5183
13175 499691717 625 49
19017 499710734 664 163
6668 499717402 64 3
11431 499728833 179 30
13391 499742224 57 3
6661 499748885 23 1
8249 499757134 151 19
