2, 1, 278293, 55658.400
18, 278294, 5393843, 1023109.800
28, 5393844, 13680917, 1657414.600
17, 13680918, 30566672, 1688575.400
26, 30566673, 36621582, 1210981.800
10, 36621583, 59664303, 2304272.000
3, 59664304, 801029392, 2513101.993
9, 801029393, 1280891487, 2340790.702
21, 1280891488, 1291454303, 2112563.000
8, 1291454304, 1568351536, 1538317.956
5, 1568351537, 1572753860, 880464.600
7, 1572753861, 1600942974, 626424.733
5, 1600942975, 1642331073, 1182517.086
2, 1642331074, 1643615873, 256959.800
25, 1643615874, 1655702583, 2417341.800
6, 1655702584, 1655731879, 1953.000
2, 1655731880, 1655877044, 29032.800
6, 1655877045, 1655906339, 1952.933
