1129350, 1129350, 25963, 480, 5
6114376, 7243726, 86380, 8449, 15
17762332, 25006058, 27918, 5747, 2
19120658, 44126716, 23198, 4555, 11
19061585, 63188301, 17709, 4588, 11
19625117, 82813418, 18290, 4701, 11
19444112, 102257530, 17493, 5023, 11
18284157, 120541687, 24501, 6433, 2
19026589, 139568276, 18609, 4681, 11
19698494, 159266770, 18292, 4809, 11
19633012, 178899782, 20371, 5003, 11
19475104, 198374886, 19352, 4030, 7
19587283, 217962169, 18431, 5166, 11
19600402, 237562571, 18341, 4649, 11
18197857, 255760428, 24745, 4248, 11
19383451, 275143879, 19403, 4320, 11
19100182, 294244061, 18869, 5019, 11
19671762, 313915823, 18667, 4973, 11
19687406, 333603229, 18801, 4966, 11
19566253, 353169482, 19626, 5141, 11
19618290, 372787772, 18744, 4996, 11
19794494, 392582266, 18724, 4992, 11
19704715, 412286981, 18782, 5165, 11
19647415, 431934396, 19519, 4408, 11
19642948, 451577344, 19275, 5171, 11
19690001, 471267345, 19020, 5309, 11
18086424, 489353769, 26486, 3313, 7
6991965, 496345734, 18330, 319, 6
6108, 496351842, 335, 7, 1
5658, 496357500, 37, 1, 1
6137, 496363637, 24, 0, 1
11803, 496375440, 31, 0, 1
5652, 496381092, 17, 0, 1
5657, 496386749, 17, 0, 1
6154, 496392903, 20, 0, 1
11795, 496404698, 30, 0, 1
5658, 496410356, 14, 0, 1
5651, 496416007, 16, 0, 1
6167, 496422174, 18, 0, 1
11795, 496433969, 32, 0, 1
5644, 496439613, 18, 0, 1
5658, 496445271, 9, 0, 1
6160, 496451431, 14, 0, 1
11783, 496463214, 31, 0, 1
5652, 496468866, 14, 0, 1
5658, 496474524, 11, 0, 1
6173, 496480697, 17, 0, 1
11772, 496492469, 28, 0, 1
5658, 496498127, 10, 0, 1
5652, 496503779, 15, 0, 1
6147, 496509926, 26, 0, 1
11809, 496521735, 25, 0, 1
5658, 496527393, 9, 0, 1
5658, 496533051, 8, 0, 1
6166, 496539217, 17, 0, 1
11796, 496551013, 24, 0, 1
5658, 496556671, 11, 0, 1
5658, 496562329, 10, 0, 1
6205, 496568534, 26, 0, 1
11777, 496580311, 31, 0, 1
5643, 496585954, 18, 0, 1
5658, 496591612, 11, 0, 1
7506, 496599118, 110, 1, 1
11811, 496610929, 41, 0, 1
5640, 496616569, 17, 0, 1
5658, 496622227, 11, 0, 1
6154, 496628381, 17, 0, 1
11796, 496640177, 27, 0, 1
5658, 496645835, 9, 0, 1
5658, 496651493, 15, 0, 1
15216, 496666709, 339, 10, 1
11760, 496678469, 55, 0, 1
5644, 496684113, 16, 0, 1
5658, 496689771, 10, 0, 1
6136, 496695907, 21, 0, 1
11795, 496707702, 26, 0, 1
5651, 496713353, 20, 0, 1
5658, 496719011, 12, 0, 1
6167, 496725178, 16, 0, 1
11796, 496736974, 21, 0, 1
5658, 496742632, 12, 1, 1
5652, 496748284, 10, 0, 1
6142, 496754426, 21, 0, 1
11785, 496766211, 36, 0, 1
5628, 496771839, 17, 0, 1
5658, 496777497, 9, 0, 1
6160, 496783657, 16, 0, 1
11790, 496795447, 21, 0, 1
5658, 496801105, 12, 0, 1
5658, 496806763, 12, 0, 1
6150, 496812913, 19, 0, 1
11790, 496824703, 25, 0, 1
5658, 496830361, 11, 0, 1
5651, 496836012, 13, 0, 1
6159, 496842171, 18, 0, 1
12684, 496854855, 94, 8, 1
5658, 496860513, 13, 0, 1
5652, 496866165, 14, 0, 1
6153, 496872318, 24, 0, 1
12298, 496884616, 82, 0, 1
6320, 496890936, 28, 0, 1
5649, 496896585, 12, 0, 1
6698, 496903283, 23, 0, 1
12926, 496916209, 38, 0, 1
6116, 496922325, 18, 0, 1
5658, 496927983, 13, 0, 1
6138, 496934121, 15, 0, 1
12206, 496946327, 37, 0, 1
6136, 496952463, 18, 0, 1
6109, 496958572, 21, 0, 1
6116, 496964688, 15, 0, 1
12218, 496976906, 34, 0, 1
6074, 496982980, 22, 0, 1
7493, 496990473, 41, 1, 1
12227, 497002700, 33, 0, 1
6123, 497008823, 20, 0, 1
6116, 497014939, 16, 0, 1
6116, 497021055, 14, 0, 1
12232, 497033287, 28, 0, 1
6116, 497039403, 14, 0, 1
6096, 497045499, 27, 0, 1
6121, 497051620, 22, 0, 1
11736, 497063356, 34, 0, 1
6138, 497069494, 16, 0, 1
6110, 497075604, 18, 0, 1
5658, 497081262, 9, 0, 1
11766, 497093028, 28, 0, 1
6151, 497099179, 18, 0, 1
5639, 497104818, 15, 0, 1
5658, 497110476, 10, 0, 1
11796, 497122272, 34, 0, 1
6138, 497128410, 15, 0, 1
5652, 497134062, 9, 0, 1
5658, 497139720, 8, 0, 1
11805, 497151525, 30, 0, 1
6138, 497157663, 17, 0, 1
5652, 497163315, 14, 0, 1
5658, 497168973, 9, 0, 1
11818, 497180791, 17, 0, 1
6138, 497186929, 15, 0, 1
5658, 497192587, 8, 0, 1
5658, 497198245, 13, 0, 1
11831, 497210076, 22, 0, 1
6138, 497216214, 16, 0, 1
5658, 497221872, 10, 0, 1
5658, 497227530, 9, 0, 1
11812, 497239342, 22, 0, 1
6151, 497245493, 17, 0, 1
5658, 497251151, 12, 0, 1
5658, 497256809, 8, 0, 1
11818, 497268627, 22, 0, 1
6137, 497274764, 19, 0, 1
5658, 497280422, 12, 0, 1
5658, 497286080, 17, 0, 1
11831, 497297911, 20, 0, 1
6138, 497304049, 15, 0, 1
5658, 497309707, 10, 0, 1
5658, 497315365, 8, 0, 1
11781, 497327146, 33, 0, 1
6152, 497333298, 16, 0, 1
5640, 497338938, 18, 0, 1
5658, 497344596, 13, 0, 1
11805, 497356401, 32, 0, 1
6138, 497362539, 16, 0, 1
7035, 497369574, 27, 0, 1
5658, 497375232, 11, 0, 1
11777, 497387009, 39, 0, 1
6138, 497393147, 15, 0, 1
5658, 497398805, 13, 0, 1
5658, 497404463, 9, 0, 1
11800, 497416263, 28, 0, 1
6120, 497422383, 17, 0, 1
5658, 497428041, 14, 0, 1
5658, 497433699, 10, 0, 1
11830, 497445529, 29, 0, 1
6126, 497451655, 16, 0, 1
5657, 497457312, 16, 0, 1
5658, 497462970, 12, 0, 1
11818, 497474788, 25, 0, 1
6133, 497480921, 18, 0, 1
5658, 497486579, 10, 0, 1
5652, 497492231, 15, 0, 1
11806, 497504037, 28, 0, 1
6132, 497510169, 16, 0, 1
5658, 497515827, 10, 0, 1
5658, 497521485, 11, 0, 1
11822, 497533307, 37, 0, 1
6132, 497539439, 16, 0, 1
5652, 497545091, 11, 0, 1
5652, 497550743, 14, 0, 1
11793, 497562536, 34, 0, 1
6144, 497568680, 24, 0, 1
5658, 497574338, 14, 0, 1
5646, 497579984, 11, 0, 1
11787, 497591771, 48, 0, 1
6138, 497597909, 14, 0, 1
5652, 497603561, 9, 0, 1
5658, 497609219, 7, 0, 1
11825, 497621044, 31, 0, 1
6138, 497627182, 17, 0, 1
5658, 497632840, 12, 0, 1
5658, 497638498, 13, 0, 1
11793, 497650291, 42, 0, 1
6138, 497656429, 17, 0, 1
5652, 497662081, 14, 0, 1
5658, 497667739, 12, 0, 1
11788, 497679527, 33, 0, 1
6138, 497685665, 15, 0, 1
5658, 497691323, 12, 0, 1
5634, 497696957, 14, 0, 1
11812, 497708769, 23, 0, 1
6152, 497714921, 18, 0, 1
5658, 497720579, 13, 0, 1
5658, 497726237, 11, 0, 1
11812, 497738049, 27, 0, 1
7516, 497745565, 36, 0, 1
5658, 497751223, 14, 0, 1
5652, 497756875, 14, 0, 1
11768, 497768643, 34, 0, 1
6132, 497774775, 21, 0, 1
5652, 497780427, 18, 0, 1
5658, 497786085, 12, 0, 1
11786, 497797871, 35, 0, 1
6151, 497804022, 18, 0, 1
6115, 497810137, 20, 0, 1
5658, 497815795, 11, 0, 1
11796, 497827591, 22, 0, 1
6138, 497833729, 15, 0, 1
5640, 497839369, 14, 0, 1
5658, 497845027, 11, 0, 1
11819, 497856846, 22, 0, 1
6127, 497862973, 20, 0, 1
5658, 497868631, 11, 0, 1
5658, 497874289, 20, 0, 1
11818, 497886107, 22, 0, 1
6138, 497892245, 17, 0, 1
5658, 497897903, 11, 0, 1
5652, 497903555, 14, 0, 1
11831, 497915386, 25, 0, 1
6138, 497921524, 13, 0, 1
5639, 497927163, 16, 0, 1
5658, 497932821, 12, 0, 1
11818, 497944639, 23, 0, 1
6151, 497950790, 17, 0, 1
5658, 497956448, 12, 0, 1
5651, 497962099, 14, 0, 1
11818, 497973917, 26, 0, 1
6138, 497980055, 21, 0, 1
5658, 497985713, 14, 0, 1
5658, 497991371, 16, 0, 1
11795, 498003166, 29, 0, 1
6132, 498009298, 23, 0, 1
5652, 498014950, 14, 0, 1
5658, 498020608, 11, 0, 1
11799, 498032407, 38, 0, 1
6156, 498038563, 19, 0, 1
5652, 498044215, 13, 0, 1
5658, 498049873, 8, 0, 1
11818, 498061691, 15, 0, 1
6138, 498067829, 16, 0, 1
5651, 498073480, 15, 0, 1
5658, 498079138, 12, 0, 1
11837, 498090975, 28, 0, 1
6137, 498097112, 18, 0, 1
5658, 498102770, 12, 0, 1
5658, 498108428, 10, 0, 1
13147, 498121575, 50, 0, 1
6138, 498127713, 18, 0, 1
5652, 498133365, 10, 0, 1
5657, 498139022, 14, 0, 1
11831, 498150853, 18, 0, 1
6138, 498156991, 16, 0, 1
5658, 498162649, 11, 0, 1
5658, 498168307, 10, 0, 1
11817, 498180124, 24, 0, 1
6151, 498186275, 16, 0, 1
5658, 498191933, 12, 0, 1
5651, 498197584, 19, 0, 1
11788, 498209372, 26, 0, 1
6138, 498215510, 16, 0, 1
5658, 498221168, 15, 0, 1
5658, 498226826, 11, 0, 1
11830, 498238656, 31, 0, 1
6138, 498244794, 17, 0, 1
5652, 498250446, 13, 0, 1
5657, 498256103, 12, 0, 1
11817, 498267920, 22, 0, 1
6151, 498274071, 16, 0, 1
5658, 498279729, 12, 0, 1
5658, 498285387, 12, 0, 1
11812, 498297199, 25, 0, 1
6138, 498303337, 18, 0, 1
5658, 498308995, 12, 0, 1
5658, 498314653, 11, 0, 1
11831, 498326484, 21, 0, 1
6137, 498332621, 21, 0, 1
5633, 498338254, 17, 0, 1
5658, 498343912, 14, 0, 1
11812, 498355724, 24, 0, 1
6131, 498361855, 18, 0, 1
5646, 498367501, 14, 0, 1
5658, 498373159, 11, 0, 1
11831, 498384990, 24, 0, 1
6138, 498391128, 17, 0, 1
5646, 498396774, 15, 0, 1
5658, 498402432, 11, 0, 1
11769, 498414201, 36, 0, 1
6151, 498420352, 18, 0, 1
5652, 498426004, 14, 0, 1
5652, 498431656, 19, 0, 1
11813, 498443469, 27, 0, 1
6138, 498449607, 16, 0, 1
5658, 498455265, 9, 0, 1
5658, 498460923, 11, 0, 1
11844, 498472767, 23, 0, 1
6145, 498478912, 15, 0, 1
5658, 498484570, 12, 0, 1
5658, 498490228, 9, 0, 1
13144, 498503372, 50, 0, 1
6109, 498509481, 18, 0, 1
5658, 498515139, 13, 0, 1
5658, 498520797, 11, 0, 1
11812, 498532609, 30, 0, 1
6132, 498538741, 20, 0, 1
5625, 498544366, 22, 0, 1
5646, 498550012, 15, 0, 1
11831, 498561843, 22, 0, 1
6137, 498567980, 14, 0, 1
5658, 498573638, 12, 0, 1
5658, 498579296, 12, 0, 1
11818, 498591114, 23, 0, 1
6138, 498597252, 15, 0, 1
5658, 498602910, 10, 0, 1
5658, 498608568, 13, 0, 1
11831, 498620399, 27, 0, 1
880362, 499500761, 14663, 1754, 5
7029, 499507790, 668, 0, 1
6439, 499514229, 34, 0, 1
13670, 499527899, 57, 0, 1
12238, 499540137, 363, 27, 1
6733, 499546870, 44, 0, 1
6699, 499553569, 30, 0, 1
14643, 499568212, 163, 11, 1
6611, 499574823, 31, 0, 1
3722927, 3722927, 71724, 2024, 14
11831048, 15553975, 59916, 10458, 17
19650527, 35204502, 17002, 4703, 11
18814822, 54019324, 20785, 4664, 11
19496687, 73516011, 19011, 4779, 11
19481382, 92997393, 18394, 4710, 11
19424428, 112421821, 18454, 4997, 11
19731243, 132153064, 18979, 4759, 11
19592444, 151745508, 19109, 4854, 11
19708771, 171454279, 18914, 5121, 11
19592273, 191046552, 19002, 3961, 7
19436024, 210482576, 20242, 5024, 11
19511734, 229994310, 19650, 4656, 11
19496524, 249490834, 19174, 4800, 11
18906505, 268397339, 23451, 4200, 11
19422984, 287820323, 19428, 4976, 11
19508147, 307328470, 18684, 4958, 11
19541694, 326870164, 18346, 4808, 11
19655401, 346525565, 18838, 5238, 11
19431104, 365956669, 18939, 4949, 11
19568046, 385524715, 18681, 4763, 11
19517510, 405042225, 18410, 5175, 11
19548402, 424590627, 17828, 4897, 11
19540381, 444131008, 18726, 4486, 11
19516130, 463647138, 18570, 5323, 11
19114735, 482761873, 22074, 5090, 11
10643457, 493405330, 24068, 154, 12
2130208, 495535538, 5861, 293, 5
5646, 495541184, 23, 0, 1
6151, 495547335, 19, 0, 1
5652, 495552987, 16, 0, 1
11797, 495564784, 31, 0, 1
5652, 495570436, 16, 0, 1
6130, 495576566, 24, 0, 1
5652, 495582218, 12, 0, 1
11772, 495593990, 35, 0, 1
5658, 495599648, 12, 0, 1
6168, 495605816, 19, 0, 1
5646, 495611462, 25, 0, 1
11742, 495623204, 42, 0, 1
5658, 495628862, 12, 0, 1
6135, 495634997, 26, 1, 1
5646, 495640643, 20, 0, 1
11808, 495652451, 36, 0, 1
5658, 495658109, 11, 0, 1
6118, 495664227, 23, 0, 1
5657, 495669884, 21, 0, 1
11775, 495681659, 46, 0, 1
5651, 495687310, 14, 0, 1
6135, 495693445, 27, 0, 1
5658, 495699103, 15, 0, 1
11784, 495710887, 37, 0, 1
5651, 495716538, 15, 0, 1
6160, 495722698, 18, 0, 1
5652, 495728350, 14, 0, 1
11796, 495740146, 35, 0, 1
5658, 495745804, 11, 0, 1
6160, 495751964, 14, 0, 1
5658, 495757622, 9, 0, 1
11790, 495769412, 39, 0, 1
5652, 495775064, 11, 0, 1
6155, 495781219, 24, 0, 1
5657, 495786876, 24, 0, 1
11796, 495798672, 30, 0, 1
5652, 495804324, 12, 0, 1
6146, 495810470, 26, 0, 1
5658, 495816128, 15, 0, 1
11766, 495827894, 31, 0, 1
5658, 495833552, 11, 0, 1
6158, 495839710, 24, 0, 1
5639, 495845349, 21, 0, 1
11796, 495857145, 32, 0, 1
5657, 495862802, 18, 0, 1
6160, 495868962, 14, 0, 1
5658, 495874620, 11, 0, 1
11803, 495886423, 30, 0, 1
7035, 495893458, 83, 0, 1
6160, 495899618, 20, 0, 1
5658, 495905276, 13, 0, 1
11796, 495917072, 21, 0, 1
5658, 495922730, 11, 0, 1
6166, 495928896, 25, 0, 1
5658, 495934554, 12, 0, 1
11796, 495946350, 29, 0, 1
5658, 495952008, 10, 0, 1
6160, 495958168, 17, 0, 1
5658, 495963826, 10, 0, 1
20887, 495984713, 359, 55, 1
5658, 495990371, 17, 0, 1
6160, 495996531, 18, 0, 1
5658, 496002189, 14, 0, 1
11796, 496013985, 31, 0, 1
5657, 496019642, 17, 0, 1
6173, 496025815, 22, 0, 1
5658, 496031473, 15, 0, 1
11796, 496043269, 35, 0, 1
5658, 496048927, 12, 0, 1
6160, 496055087, 17, 0, 1
5658, 496060745, 15, 0, 1
12506, 496073251, 88, 0, 1
6333, 496079584, 24, 0, 1
6699, 496086283, 27, 0, 1
6333, 496092616, 17, 0, 1
12711, 496105327, 38, 0, 1
5658, 496110985, 10, 0, 1
6135, 496117120, 27, 0, 1
6122, 496123242, 27, 0, 1
12231, 496135473, 35, 0, 1
6116, 496141589, 21, 0, 1
6116, 496147705, 21, 0, 1
6104, 496153809, 21, 0, 1
12190, 496165999, 41, 0, 1
6129, 496172128, 18, 0, 1
6116, 496178244, 19, 0, 1
6116, 496184360, 19, 0, 1
12226, 496196586, 33, 0, 1
6116, 496202702, 17, 0, 1
6116, 496208818, 19, 0, 1
6116, 496214934, 20, 0, 1
12219, 496227153, 42, 0, 1
6116, 496233269, 18, 0, 1
6122, 496239391, 24, 0, 1
6104, 496245495, 24, 0, 1
12212, 496257707, 44, 0, 1
5641, 496263348, 17, 0, 1
6151, 496269499, 18, 0, 1
5658, 496275157, 13, 0, 1
13173, 496288330, 40, 0, 1
5657, 496293987, 23, 0, 1
6148, 496300135, 24, 0, 1
5658, 496305793, 14, 0, 1
11803, 496317596, 22, 0, 1
5658, 496323254, 11, 0, 1
6173, 496329427, 20, 0, 1
5658, 496335085, 14, 0, 1
11796, 496346881, 23, 0, 1
5658, 496352539, 12, 0, 1
6160, 496358699, 18, 0, 1
5658, 496364357, 14, 0, 1
11822, 496376179, 24, 0, 1
5658, 496381837, 13, 0, 1
6160, 496387997, 18, 0, 1
5652, 496393649, 18, 0, 1
11775, 496405424, 36, 0, 1
5651, 496411075, 16, 0, 1
6159, 496417234, 23, 0, 1
5658, 496422892, 14, 0, 1
11795, 496434687, 34, 0, 1
5658, 496440345, 13, 0, 1
6160, 496446505, 19, 0, 1
5658, 496452163, 14, 0, 1
11809, 496463972, 25, 0, 1
5658, 496469630, 11, 0, 1
6152, 496475782, 29, 0, 1
5658, 496481440, 14, 0, 1
11758, 496493198, 34, 0, 1
5658, 496498856, 11, 0, 1
6173, 496505029, 19, 0, 1
5658, 496510687, 13, 0, 1
11796, 496522483, 22, 0, 1
5658, 496528141, 12, 0, 1
6136, 496534277, 21, 0, 1
5657, 496539934, 18, 0, 1
11796, 496551730, 24, 0, 1
5658, 496557388, 13, 0, 1
6173, 496563561, 17, 0, 1
5658, 496569219, 15, 0, 1
11784, 496581003, 38, 0, 1
5657, 496586660, 14, 0, 1
6118, 496592778, 26, 0, 1
5652, 496598430, 17, 0, 1
11790, 496610220, 30, 0, 1
5658, 496615878, 14, 0, 1
6159, 496622037, 22, 0, 1
5646, 496627683, 17, 0, 1
11772, 496639455, 28, 0, 1
5658, 496645113, 11, 0, 1
6173, 496651286, 21, 0, 1
5658, 496656944, 11, 0, 1
13173, 496670117, 43, 0, 1
5658, 496675775, 11, 0, 1
6160, 496681935, 17, 0, 1
5657, 496687592, 16, 0, 1
11791, 496699383, 23, 0, 1
5658, 496705041, 14, 0, 1
6129, 496711170, 25, 0, 1
5646, 496716816, 16, 0, 1
11754, 496728570, 37, 0, 1
5657, 496734227, 17, 0, 1
6186, 496740413, 18, 0, 1
5658, 496746071, 12, 0, 1
11796, 496757867, 19, 0, 1
5658, 496763525, 11, 0, 1
6158, 496769683, 30, 0, 1
5658, 496775341, 11, 0, 1
11796, 496787137, 24, 0, 1
5658, 496792795, 36, 9, 1
6157, 496798952, 35, 3, 1
5658, 496804610, 16, 0, 1
11766, 496816376, 28, 0, 1
5658, 496822034, 11, 0, 1
6160, 496828194, 16, 0, 1
5658, 496833852, 13, 0, 1
11785, 496845637, 31, 0, 1
5658, 496851295, 13, 0, 1
6141, 496857436, 22, 0, 1
5652, 496863088, 15, 0, 1
11778, 496874866, 30, 0, 1
5658, 496880524, 11, 0, 1
6161, 496886685, 18, 0, 1
5645, 496892330, 23, 0, 1
11789, 496904119, 39, 0, 1
5658, 496909777, 11, 0, 1
6160, 496915937, 16, 0, 1
5658, 496921595, 11, 0, 1
11796, 496933391, 33, 0, 1
5658, 496939049, 9, 0, 1
6142, 496945191, 18, 0, 1
5647, 496950838, 16, 0, 1
11796, 496962634, 20, 0, 1
5658, 496968292, 15, 0, 1
6173, 496974465, 17, 0, 1
11796, 496986261, 21, 0, 1
5652, 496991913, 14, 0, 1
5657, 496997570, 17, 0, 1
6159, 497003729, 23, 0, 1
11783, 497015512, 37, 0, 1
5646, 497021158, 14, 0, 1
5652, 497026810, 14, 0, 1
6159, 497032969, 21, 0, 1
13162, 497046131, 49, 0, 1
5646, 497051777, 15, 0, 1
5652, 497057429, 16, 0, 1
6160, 497063589, 19, 0, 1
11802, 497075391, 30, 0, 1
5646, 497081037, 16, 0, 1
5651, 497086688, 16, 0, 1
6148, 497092836, 21, 0, 1
11789, 497104625, 38, 0, 1
5646, 497110271, 16, 0, 1
5658, 497115929, 18, 0, 1
6179, 497122108, 27, 0, 1
11782, 497133890, 33, 0, 1
5633, 497139523, 19, 0, 1
5657, 497145180, 17, 0, 1
6142, 497151322, 21, 0, 1
11794, 497163116, 37, 0, 1
5658, 497168774, 13, 0, 1
5657, 497174431, 14, 0, 1
6160, 497180591, 19, 0, 1
11793, 497192384, 42, 0, 1
5652, 497198036, 14, 0, 1
5651, 497203687, 15, 0, 1
6167, 497209854, 22, 0, 1
11782, 497221636, 37, 0, 1
5657, 497227293, 24, 0, 1
5652, 497232945, 23, 0, 1
6153, 497239098, 20, 0, 1
11793, 497250891, 42, 0, 1
5652, 497256543, 14, 0, 1
5652, 497262195, 15, 0, 1
6173, 497268368, 20, 0, 1
11796, 497280164, 25, 0, 1
5663, 497285827, 17, 0, 1
5651, 497291478, 16, 0, 1
6136, 497297614, 24, 0, 1
11803, 497309417, 31, 0, 1
5657, 497315074, 16, 0, 1
5658, 497320732, 13, 0, 1
6160, 497326892, 16, 0, 1
11796, 497338688, 28, 0, 1
5646, 497344334, 14, 0, 1
5640, 497349974, 19, 0, 1
6167, 497356141, 22, 0, 1
11789, 497367930, 34, 0, 1
5658, 497373588, 15, 0, 1
5652, 497379240, 16, 0, 1
6153, 497385393, 28, 0, 1
11795, 497397188, 33, 0, 1
5651, 497402839, 17, 0, 1
5651, 497408490, 16, 0, 1
7535, 497416025, 43, 0, 1
11802, 497427827, 28, 0, 1
5658, 497433485, 12, 0, 1
5658, 497439143, 15, 0, 1
6173, 497445316, 14, 0, 1
11784, 497457100, 32, 0, 1
5658, 497462758, 10, 0, 1
5651, 497468409, 21, 0, 1
6154, 497474563, 20, 0, 1
11778, 497486341, 38, 0, 1
5622, 497491963, 16, 0, 1
5658, 497497621, 10, 0, 1
6199, 497503820, 19, 0, 1
11796, 497515616, 23, 0, 1
5658, 497521274, 12, 0, 1
5658, 497526932, 13, 0, 1
6154, 497533086, 18, 0, 1
11809, 497544895, 25, 0, 1
5658, 497550553, 9, 0, 1
5646, 497556199, 16, 0, 1
6154, 497562353, 19, 0, 1
11778, 497574131, 29, 0, 1
5652, 497579783, 13, 0, 1
5657, 497585440, 20, 0, 1
6173, 497591613, 18, 0, 1
11780, 497603393, 38, 0, 1
5658, 497609051, 14, 0, 1
5658, 497614709, 15, 0, 1
6142, 497620851, 20, 0, 1
11784, 497632635, 39, 0, 1
5658, 497638293, 12, 0, 1
5652, 497643945, 13, 0, 1
6118, 497650063, 23, 0, 1
11794, 497661857, 41, 0, 1
5652, 497667509, 14, 0, 1
5658, 497673167, 11, 0, 1
6148, 497679315, 20, 0, 1
11795, 497691110, 37, 0, 1
5652, 497696762, 11, 0, 1
5640, 497702402, 14, 0, 1
6136, 497708538, 18, 0, 1
11781, 497720319, 35, 0, 1
5628, 497725947, 17, 0, 1
5657, 497731604, 17, 0, 1
6161, 497737765, 18, 0, 1
11772, 497749537, 41, 0, 1
5658, 497755195, 12, 0, 1
5663, 497760858, 19, 0, 1
6135, 497766993, 25, 0, 1
11809, 497778802, 28, 0, 1
5658, 497784460, 11, 0, 1
7017, 497791477, 27, 0, 1
6154, 497797631, 21, 0, 1
11787, 497809418, 31, 0, 1
5658, 497815076, 12, 0, 1
5652, 497820728, 16, 0, 1
930143, 498750871, 15018, 1908, 5
15098, 498765969, 805, 5, 1
6438, 498772407, 35, 0, 1
14627, 498787034, 350, 30, 1
15161, 498802195, 450, 30, 1
13275, 498815470, 50, 0, 1
6892, 498822362, 32, 0, 1
8006, 498830368, 148, 11, 1
536583, 536583, 13720, 397, 5
5021610, 5558193, 87697, 5565, 15
16102742, 21660935, 39033, 8704, 10
18994346, 40655281, 20019, 4464, 11
19338085, 59993366, 17856, 4598, 11
19509483, 79502849, 21184, 5146, 11
19493990, 98996839, 18963, 5137, 11
19428611, 118425450, 17734, 4861, 11
18655895, 137081345, 24227, 6453, 2
19038225, 156119570, 18934, 4601, 11
19651944, 175771514, 18657, 5045, 11
19110378, 194881892, 19929, 3801, 7
19583060, 214464952, 18624, 5158, 11
19519153, 233984105, 18848, 4640, 11
19061947, 253046052, 23631, 4427, 11
19327199, 272373251, 19525, 4364, 11
19201692, 291574943, 18700, 4923, 11
19010648, 310585591, 19236, 4853, 11
19425037, 330010628, 18449, 4847, 11
19696705, 349707333, 19048, 5151, 11
19579963, 369287296, 18323, 4729, 11
19597246, 388884542, 19465, 4775, 11
19651363, 408535905, 18529, 5245, 11
19614428, 428150333, 18600, 4894, 11
19631602, 447781935, 18356, 4609, 11
19583274, 467365209, 18920, 5253, 11
17782586, 485147795, 29456, 4396, 11
10436716, 495584511, 16750, 93, 12
830584, 496415095, 3640, 220, 1
11769, 496426864, 68, 0, 1
6144, 496433008, 21, 0, 1
5643, 496438651, 20, 0, 1
5666, 496444317, 32, 0, 1
11836, 496456153, 40, 0, 1
6138, 496462291, 16, 0, 1
7035, 496469326, 90, 13, 1
5657, 496474983, 22, 0, 1
11787, 496486770, 40, 0, 1
6126, 496492896, 24, 0, 1
5658, 496498554, 14, 0, 1
5651, 496504205, 25, 0, 1
11768, 496515973, 46, 0, 1
6122, 496522095, 29, 0, 1
5627, 496527722, 22, 0, 1
5651, 496533373, 20, 0, 1
11805, 496545178, 45, 0, 1
6117, 496551295, 31, 0, 1
5658, 496556953, 11, 0, 1
5620, 496562573, 20, 0, 1
11788, 496574361, 40, 0, 1
6096, 496580457, 26, 0, 1
5664, 496586121, 31, 0, 1
5658, 496591779, 11, 0, 1
11794, 496603573, 40, 0, 1
6111, 496609684, 28, 0, 1
5651, 496615335, 30, 0, 1
5661, 496620996, 27, 0, 1
11800, 496632796, 38, 0, 1
6113, 496638909, 26, 0, 1
5631, 496644540, 22, 0, 1
5638, 496650178, 22, 0, 1
11779, 496661957, 43, 0, 1
6158, 496668115, 19, 0, 1
5636, 496673751, 22, 0, 1
5651, 496679402, 21, 0, 1
11786, 496691188, 35, 0, 1
6138, 496697326, 17, 0, 1
5621, 496702947, 21, 0, 1
5658, 496708605, 11, 0, 1
11788, 496720393, 35, 0, 1
6138, 496726531, 17, 0, 1
5652, 496732183, 17, 0, 1
5658, 496737841, 11, 0, 1
11799, 496749640, 32, 0, 1
6110, 496755750, 26, 0, 1
5658, 496761408, 32, 0, 1
5621, 496767029, 19, 0, 1
11812, 496778841, 29, 0, 1
6126, 496784967, 21, 0, 1
5658, 496790625, 15, 0, 1
5668, 496796293, 27, 0, 1
11812, 496808105, 30, 0, 1
6112, 496814217, 29, 0, 1
5645, 496819862, 15, 0, 1
5658, 496825520, 10, 0, 1
11771, 496837291, 53, 0, 1
7496, 496844787, 38, 0, 1
5640, 496850427, 19, 0, 1
5658, 496856085, 11, 0, 1
11819, 496867904, 30, 0, 1
6095, 496873999, 28, 0, 1
5658, 496879657, 17, 1, 1
5640, 496885297, 14, 0, 1
11762, 496897059, 41, 0, 1
6148, 496903207, 36, 0, 1
5658, 496908865, 21, 0, 1
5658, 496914523, 12, 0, 1
11833, 496926356, 42, 0, 1
6123, 496932479, 34, 0, 1
5658, 496938137, 11, 0, 1
5658, 496943795, 12, 0, 1
22071, 496965866, 417, 28, 1
6669, 496972535, 55, 0, 1
6583, 496979118, 45, 0, 1
6282, 496985400, 31, 0, 1
12221, 496997621, 49, 0, 1
6116, 497003737, 24, 0, 1
6092, 497009829, 30, 0, 1
6119, 497015948, 37, 0, 1
12214, 497028162, 43, 0, 1
6116, 497034278, 18, 0, 1
6085, 497040363, 25, 0, 1
6103, 497046466, 27, 0, 1
12253, 497058719, 38, 0, 1
6115, 497064834, 24, 0, 1
6116, 497070950, 20, 0, 1
6104, 497077054, 21, 0, 1
12198, 497089252, 42, 0, 1
6116, 497095368, 19, 0, 1
6093, 497101461, 25, 0, 1
6113, 497107574, 22, 0, 1
11765, 497119339, 39, 0, 1
6138, 497125477, 16, 0, 1
6116, 497131593, 15, 0, 1
5658, 497137251, 12, 0, 1
11770, 497149021, 31, 0, 1
6127, 497155148, 24, 0, 1
5645, 497160793, 19, 0, 1
5658, 497166451, 9, 0, 1
11787, 497178238, 36, 0, 1
6138, 497184376, 15, 0, 1
5652, 497190028, 11, 0, 1
5651, 497195679, 21, 0, 1
11831, 497207510, 40, 0, 1
6126, 497213636, 24, 0, 1
5651, 497219287, 22, 0, 1
5652, 497224939, 15, 0, 1
13153, 497238092, 56, 0, 1
6139, 497244231, 25, 0, 1
5615, 497249846, 23, 0, 1
5657, 497255503, 18, 0, 1
11812, 497267315, 31, 0, 1
6144, 497273459, 24, 0, 1
5658, 497279117, 14, 0, 1
5658, 497284775, 18, 0, 1
11831, 497296606, 21, 0, 1
6132, 497302738, 20, 0, 1
5658, 497308396, 12, 0, 1
5658, 497314054, 11, 0, 1
11805, 497325859, 31, 0, 1
6096, 497331955, 21, 0, 1
5652, 497337607, 23, 0, 1
5657, 497343264, 15, 0, 1
11831, 497355095, 27, 0, 1
6137, 497361232, 23, 0, 1
5658, 497366890, 14, 0, 1
5658, 497372548, 12, 0, 1
11817, 497384365, 36, 0, 1
6145, 497390510, 24, 0, 1
5652, 497396162, 14, 0, 1
5652, 497401814, 19, 0, 1
11799, 497413613, 32, 0, 1
6132, 497419745, 23, 0, 1
5629, 497425374, 22, 0, 1
5640, 497431014, 18, 0, 1
11801, 497442815, 45, 0, 1
6126, 497448941, 22, 0, 1
5628, 497454569, 22, 0, 1
5652, 497460221, 19, 0, 1
11799, 497472020, 35, 0, 1
6145, 497478165, 22, 0, 1
5622, 497483787, 23, 0, 1
5658, 497489445, 13, 0, 1
11787, 497501232, 37, 0, 1
6138, 497507370, 17, 0, 1
5640, 497513010, 15, 0, 1
5658, 497518668, 17, 0, 1
11810, 497530478, 35, 0, 1
6138, 497536616, 21, 0, 1
5658, 497542274, 13, 0, 1
5658, 497547932, 14, 0, 1
11780, 497559712, 35, 0, 1
6096, 497565808, 21, 0, 1
5658, 497571466, 13, 0, 1
5658, 497577124, 9, 0, 1
11831, 497588955, 23, 0, 1
6138, 497595093, 15, 0, 1
5627, 497600720, 17, 0, 1
5646, 497606366, 16, 0, 1
13139, 497619505, 50, 0, 1
6138, 497625643, 23, 0, 1
5646, 497631289, 17, 0, 1
5616, 497636905, 17, 0, 1
11803, 497648708, 40, 0, 1
6132, 497654840, 15, 0, 1
5655, 497660495, 22, 0, 1
5658, 497666153, 12, 0, 1
11830, 497677983, 35, 0, 1
6113, 497684096, 23, 0, 1
5652, 497689748, 16, 0, 1
5652, 497695400, 15, 0, 1
11768, 497707168, 36, 0, 1
6144, 497713312, 21, 0, 1
5658, 497718970, 16, 0, 1
5658, 497724628, 14, 0, 1
11805, 497736433, 34, 0, 1
6143, 497742576, 27, 0, 1
5646, 497748222, 19, 0, 1
5652, 497753874, 16, 0, 1
11816, 497765690, 34, 0, 1
6138, 497771828, 16, 0, 1
5652, 497777480, 12, 0, 1
5658, 497783138, 10, 0, 1
11793, 497794931, 32, 0, 1
6125, 497801056, 24, 0, 1
5658, 497806714, 11, 0, 1
5639, 497812353, 18, 0, 1
11825, 497824178, 30, 0, 1
6138, 497830316, 20, 0, 1
5616, 497835932, 20, 0, 1
5652, 497841584, 16, 0, 1
11793, 497853377, 29, 0, 1
6139, 497859516, 25, 0, 1
5658, 497865174, 12, 0, 1
5658, 497870832, 14, 0, 1
11811, 497882643, 27, 0, 1
6132, 497888775, 20, 0, 1
5652, 497894427, 14, 0, 1
5640, 497900067, 17, 0, 1
11807, 497911874, 25, 0, 1
6138, 497918012, 16, 0, 1
5658, 497923670, 14, 0, 1
5640, 497929310, 17, 0, 1
11799, 497941109, 39, 0, 1
6151, 497947260, 17, 0, 1
5658, 497952918, 11, 0, 1
5645, 497958563, 17, 0, 1
11787, 497970350, 33, 0, 1
6120, 497976470, 22, 0, 1
5634, 497982104, 19, 0, 1
7029, 497989133, 30, 0, 1
11818, 498000951, 38, 0, 1
6126, 498007077, 22, 0, 1
5651, 498012728, 14, 0, 1
5658, 498018386, 13, 0, 1
11790, 498030176, 41, 0, 1
6126, 498036302, 24, 0, 1
5658, 498041960, 10, 0, 1
5658, 498047618, 14, 0, 1
11806, 498059424, 39, 0, 1
6138, 498065562, 19, 0, 1
5658, 498071220, 14, 0, 1
5658, 498076878, 15, 0, 1
11769, 498088647, 40, 0, 1
6138, 498094785, 23, 0, 1
5658, 498100443, 14, 0, 1
5658, 498106101, 15, 0, 1
11823, 498117924, 26, 0, 1
6120, 498124044, 20, 0, 1
5640, 498129684, 16, 0, 1
5658, 498135342, 14, 0, 1
11813, 498147155, 37, 0, 1
6108, 498153263, 25, 0, 1
5640, 498158903, 15, 0, 1
5658, 498164561, 12, 0, 1
11818, 498176379, 21, 0, 1
6164, 498182543, 18, 0, 1
5658, 498188201, 13, 0, 1
5657, 498193858, 21, 0, 1
11818, 498205676, 19, 0, 1
6138, 498211814, 20, 0, 1
5634, 498217448, 18, 0, 1
11799, 498229247, 33, 0, 1
5658, 498234905, 19, 0, 1
6090, 498240995, 23, 0, 1
5658, 498246653, 14, 0, 1
11812, 498258465, 32, 0, 1
5658, 498264123, 14, 0, 1
6126, 498270249, 23, 0, 1
5658, 498275907, 13, 0, 1
11831, 498287738, 27, 0, 1
5658, 498293396, 15, 0, 1
6138, 498299534, 18, 0, 1
5658, 498305192, 13, 0, 1
11798, 498316990, 34, 0, 1
5658, 498322648, 18, 0, 1
6133, 498328781, 21, 0, 1
5652, 498334433, 18, 0, 1
11805, 498346238, 43, 0, 1
5658, 498351896, 18, 0, 1
6126, 498358022, 18, 0, 1
7008, 498365030, 33, 0, 1
11806, 498376836, 30, 0, 1
5652, 498382488, 19, 0, 1
6132, 498388620, 20, 0, 1
5633, 498394253, 17, 0, 1
11794, 498406047, 39, 0, 1
5657, 498411704, 16, 0, 1
6150, 498417854, 19, 0, 1
5652, 498423506, 12, 0, 1
11818, 498435324, 26, 0, 1
5658, 498440982, 10, 0, 1
6109, 498447091, 20, 0, 1
5652, 498452743, 12, 0, 1
11819, 498464562, 31, 0, 1
5652, 498470214, 15, 0, 1
6126, 498476340, 24, 0, 1
5646, 498481986, 16, 0, 1
11816, 498493802, 38, 0, 1
5658, 498499460, 16, 0, 1
6119, 498505579, 26, 0, 1
5652, 498511231, 13, 0, 1
11817, 498523048, 39, 0, 1
5646, 498528694, 15, 0, 1
6138, 498534832, 21, 0, 1
5652, 498540484, 12, 0, 1
11816, 498552300, 34, 0, 1
5658, 498557958, 15, 0, 1
6133, 498564091, 23, 0, 1
5658, 498569749, 15, 0, 1
11799, 498581548, 34, 0, 1
5634, 498587182, 22, 0, 1
6132, 498593314, 16, 0, 1
5634, 498598948, 20, 0, 1
11771, 498610719, 32, 0, 1
5657, 498616376, 18, 0, 1
6125, 498622501, 29, 0, 1
5658, 498628159, 13, 0, 1
11787, 498639946, 35, 0, 1
5658, 498645604, 10, 0, 1
6151, 498651755, 22, 0, 1
5658, 498657413, 8, 0, 1
11794, 498669207, 46, 0, 1
5658, 498674865, 15, 0, 1
9446, 498684311, 189, 10, 1
906604, 499590915, 15341, 1864, 5
13128, 499604043, 84, 0, 1
6684, 499610727, 37, 0, 1
12079, 499622806, 356, 31, 1
6399, 499629205, 36, 0, 1
14759, 499643964, 126, 3, 1
8323, 499652287, 127, 6, 1
6585, 499658872, 32, 0, 1
3843847, 3843847, 74794, 1826, 14
12694322, 16538169, 57057, 10376, 17
19728702, 36266871, 17893, 4714, 11
18779195, 55046066, 23847, 4711, 11
19492115, 74538181, 17561, 4771, 11
19604858, 94143039, 18273, 4702, 11
19554521, 113697560, 17647, 4888, 11
18351684, 132049244, 23545, 6062, 2
19565662, 151614906, 17908, 4797, 11
19522201, 171137107, 18054, 4993, 11
19601900, 190739007, 20611, 4060, 7
19550549, 210289556, 18814, 4963, 11
19619964, 229909520, 18170, 4612, 11
19445266, 249354786, 19249, 4741, 11
18839628, 268194414, 23767, 4230, 11
18756864, 286951278, 18692, 4866, 11
19456496, 306407774, 18481, 4635, 11
19475435, 325883209, 18402, 4720, 11
19691737, 345574946, 19310, 5189, 11
19496331, 365071277, 18607, 4968, 11
19658482, 384729759, 18657, 4862, 11
19565476, 404295235, 18186, 5128, 11
19666095, 423961330, 19124, 4971, 11
19678404, 443639734, 18385, 4498, 11
19576531, 463216265, 18470, 5290, 11
19620478, 482836743, 18658, 5196, 11
11029403, 493866146, 29446, 313, 12
2421326, 496287472, 5932, 252, 5
5658, 496293130, 23, 0, 1
6132, 496299262, 20, 0, 1
11309, 496310571, 33, 0, 1
6161, 496316732, 21, 0, 1
5658, 496322390, 15, 0, 1
6102, 496328492, 27, 0, 1
11308, 496339800, 40, 0, 1
6154, 496345954, 17, 0, 1
5652, 496351606, 16, 0, 1
6151, 496357757, 16, 0, 1
11302, 496369059, 32, 0, 1
6141, 496375200, 24, 0, 1
5652, 496380852, 26, 0, 1
6132, 496386984, 22, 0, 1
11303, 496398287, 36, 0, 1
6180, 496404467, 22, 0, 1
5652, 496410119, 17, 0, 1
6132, 496416251, 20, 0, 1
11297, 496427548, 28, 0, 1
6160, 496433708, 17, 0, 1
5651, 496439359, 15, 0, 1
6125, 496445484, 26, 0, 1
11300, 496456784, 44, 0, 1
6172, 496462956, 17, 0, 1
5651, 496468607, 17, 0, 1
7515, 496476122, 94, 5, 1
11326, 496487448, 37, 0, 1
6129, 496493577, 21, 0, 1
5658, 496499235, 15, 0, 1
6151, 496505386, 16, 0, 1
11306, 496516692, 37, 0, 1
6154, 496522846, 22, 0, 1
5658, 496528504, 13, 0, 1
6145, 496534649, 17, 0, 1
11303, 496545952, 23, 0, 1
6165, 496552117, 25, 0, 1
5658, 496557775, 18, 0, 1
6132, 496563907, 24, 0, 1
11299, 496575206, 36, 0, 1
6160, 496581366, 16, 0, 1
5658, 496587024, 11, 0, 1
6139, 496593163, 20, 0, 1
11297, 496604460, 35, 0, 1
6145, 496610605, 25, 0, 1
5634, 496616239, 19, 0, 1
6137, 496622376, 26, 0, 1
11316, 496633692, 20, 0, 1
6149, 496639841, 25, 0, 1
5644, 496645485, 26, 0, 1
6138, 496651623, 16, 0, 1
11314, 496662937, 29, 0, 1
6160, 496669097, 19, 0, 1
5658, 496674755, 11, 0, 1
6138, 496680893, 15, 0, 1
11314, 496692207, 35, 0, 1
6167, 496698374, 18, 0, 1
5650, 496704024, 23, 0, 1
6132, 496710156, 18, 0, 1
11279, 496721435, 30, 0, 1
6142, 496727577, 24, 0, 1
5658, 496733235, 16, 0, 1
6145, 496739380, 20, 0, 1
11315, 496750695, 31, 0, 1
6148, 496756843, 21, 0, 1
5658, 496762501, 12, 0, 1
6132, 496768633, 19, 0, 1
11316, 496779949, 31, 0, 1
6186, 496786135, 18, 0, 1
5634, 496791769, 17, 0, 1
6132, 496797901, 18, 0, 1
11292, 496809193, 23, 0, 1
6160, 496815353, 23, 0, 1
6374, 496821727, 58, 0, 1
6637, 496828364, 39, 0, 1
12705, 496841069, 45, 0, 1
6593, 496847662, 30, 0, 1
7035, 496854697, 30, 3, 1
6138, 496860835, 19, 0, 1
12220, 496873055, 37, 0, 1
6128, 496879183, 31, 0, 1
6098, 496885281, 19, 0, 1
6102, 496891383, 28, 0, 1
12214, 496903597, 35, 0, 1
6100, 496909697, 32, 0, 1
6109, 496915806, 20, 0, 1
6110, 496921916, 19, 0, 1
21301, 496943217, 352, 14, 1
6080, 496949297, 33, 0, 1
6104, 496955401, 22, 0, 1
6080, 496961481, 28, 0, 1
12200, 496973681, 47, 0, 1
6113, 496979794, 29, 0, 1
6117, 496985911, 22, 0, 1
6108, 496992019, 27, 0, 1
11774, 497003793, 31, 0, 1
6130, 497009923, 29, 0, 1
5658, 497015581, 23, 0, 1
6143, 497021724, 26, 0, 1
11316, 497033040, 20, 0, 1
6172, 497039212, 22, 0, 1
5652, 497044864, 13, 0, 1
6102, 497050966, 29, 0, 1
11304, 497062270, 37, 0, 1
6129, 497068399, 28, 0, 1
5650, 497074049, 27, 0, 1
6145, 497080194, 22, 0, 1
11296, 497091490, 41, 0, 1
6130, 497097620, 24, 0, 1
5658, 497103278, 19, 0, 1
6137, 497109415, 28, 0, 1
11316, 497120731, 21, 0, 1
6155, 497126886, 21, 0, 1
5639, 497132525, 18, 0, 1
6107, 497138632, 26, 1, 1
11291, 497149923, 33, 0, 1
6153, 497156076, 24, 0, 1
5658, 497161734, 14, 0, 1
6101, 497167835, 24, 0, 1
11316, 497179151, 18, 0, 1
6148, 497185299, 29, 0, 1
5645, 497190944, 20, 0, 1
6132, 497197076, 20, 0, 1
11307, 497208383, 31, 0, 1
6137, 497214520, 20, 0, 1
5658, 497220178, 17, 0, 1
6132, 497226310, 25, 0, 1
11286, 497237596, 26, 0, 1
7531, 497245127, 39, 0, 1
5628, 497250755, 23, 0, 1
6132, 497256887, 19, 0, 1
11300, 497268187, 31, 0, 1
6172, 497274359, 20, 0, 1
5640, 497279999, 20, 0, 1
6139, 497286138, 18, 0, 1
11313, 497297451, 36, 0, 1
6148, 497303599, 21, 0, 1
5646, 497309245, 19, 0, 1
6145, 497315390, 19, 0, 1
11292, 497326682, 26, 0, 1
6160, 497332842, 20, 0, 1
5658, 497338500, 12, 0, 1
6138, 497344638, 20, 0, 1
11316, 497355954, 26, 0, 1
6172, 497362126, 20, 0, 1
5658, 497367784, 15, 0, 1
6138, 497373922, 18, 0, 1
11287, 497385209, 32, 0, 1
6124, 497391333, 22, 0, 1
5652, 497396985, 13, 0, 1
6138, 497403123, 19, 0, 1
11316, 497414439, 20, 0, 1
6173, 497420612, 15, 0, 1
5658, 497426270, 14, 0, 1
6137, 497432407, 27, 0, 1
11290, 497443697, 37, 0, 1
6160, 497449857, 21, 0, 1
5658, 497455515, 15, 0, 1
6151, 497461666, 19, 0, 1
11316, 497472982, 22, 0, 1
6160, 497479142, 16, 0, 1
5640, 497484782, 19, 0, 1
6119, 497490901, 23, 0, 1
11315, 497502216, 36, 0, 1
6154, 497508370, 23, 0, 1
5646, 497514016, 19, 0, 1
6112, 497520128, 21, 0, 1
11297, 497531425, 22, 0, 1
6160, 497537585, 18, 0, 1
5658, 497543243, 10, 0, 1
6151, 497549394, 24, 0, 1
11304, 497560698, 26, 0, 1
6142, 497566840, 19, 0, 1
5657, 497572497, 15, 0, 1
6132, 497578629, 17, 0, 1
11296, 497589925, 38, 0, 1
6142, 497596067, 21, 0, 1
5646, 497601713, 13, 0, 1
6138, 497607851, 20, 0, 1
12692, 497620543, 46, 0, 1
6123, 497626666, 24, 0, 1
5658, 497632324, 10, 0, 1
6108, 497638432, 20, 0, 1
11280, 497649712, 23, 0, 1
6154, 497655866, 26, 0, 1
5646, 497661512, 16, 0, 1
6132, 497667644, 19, 0, 1
11315, 497678959, 37, 0, 1
6154, 497685113, 17, 0, 1
5644, 497690757, 21, 1, 1
14344, 497705101, 265, 77, 1
11304, 497716405, 34, 0, 1
6141, 497722546, 24, 0, 1
5658, 497728204, 14, 0, 1
6138, 497734342, 15, 0, 1
11314, 497745656, 34, 0, 1
6168, 497751824, 26, 0, 1
5646, 497757470, 21, 0, 1
6120, 497763590, 17, 0, 1
11774, 497775364, 26, 0, 1
6126, 497781490, 18, 0, 1
5652, 497787142, 12, 0, 1
6139, 497793281, 24, 0, 1
11298, 497804579, 23, 0, 1
6159, 497810738, 22, 0, 1
5658, 497816396, 13, 0, 1
6126, 497822522, 21, 0, 1
11310, 497833832, 21, 0, 1
6148, 497839980, 23, 0, 1
5658, 497845638, 13, 0, 1
6138, 497851776, 17, 0, 1
11316, 497863092, 18, 0, 1
6160, 497869252, 22, 0, 1
5646, 497874898, 18, 0, 1
6107, 497881005, 22, 0, 1
11283, 497892288, 34, 0, 1
6173, 497898461, 19, 0, 1
5658, 497904119, 16, 0, 1
6138, 497910257, 18, 0, 1
11301, 497921558, 36, 0, 1
6160, 497927718, 20, 0, 1
5640, 497933358, 15, 0, 1
6152, 497939510, 23, 0, 1
11298, 497950808, 22, 0, 1
6166, 497956974, 21, 0, 1
5658, 497962632, 11, 0, 1
6138, 497968770, 16, 0, 1
11308, 497980078, 40, 0, 1
6160, 497986238, 20, 0, 1
5662, 497991900, 31, 0, 1
6126, 497998026, 23, 0, 1
12681, 498010707, 45, 0, 1
6160, 498016867, 18, 0, 1
5646, 498022513, 20, 0, 1
6150, 498028663, 22, 0, 1
11320, 498039983, 30, 0, 1
6154, 498046137, 18, 0, 1
5651, 498051788, 13, 0, 1
6114, 498057902, 23, 0, 1
11309, 498069211, 20, 0, 1
6155, 498075366, 23, 0, 1
5658, 498081024, 19, 0, 1
6102, 498087126, 25, 0, 1
11303, 498098429, 18, 0, 1
6160, 498104589, 22, 0, 1
5658, 498110247, 11, 0, 1
6132, 498116379, 22, 0, 1
11304, 498127683, 21, 0, 1
6155, 498133838, 23, 0, 1
5646, 498139484, 19, 0, 1
11772, 498151256, 37, 0, 1
5652, 498156908, 18, 0, 1
6160, 498163068, 16, 0, 1
5652, 498168720, 17, 0, 1
11789, 498180509, 35, 0, 1
5652, 498186161, 14, 0, 1
6160, 498192321, 18, 0, 1
5658, 498197979, 12, 0, 1
11796, 498209775, 23, 0, 1
5658, 498215433, 12, 0, 1
6148, 498221581, 26, 0, 1
5658, 498227239, 14, 0, 1
11777, 498239016, 39, 0, 1
5658, 498244674, 16, 0, 1
6145, 498250819, 28, 0, 1
5652, 498256471, 16, 0, 1
11759, 498268230, 36, 0, 1
5657, 498273887, 20, 0, 1
6153, 498280040, 24, 0, 1
5658, 498285698, 11, 0, 1
11790, 498297488, 29, 0, 1
5658, 498303146, 17, 0, 1
6167, 498309313, 22, 0, 1
5658, 498314971, 15, 0, 1
11788, 498326759, 33, 0, 1
5656, 498332415, 18, 0, 1
6153, 498338568, 18, 0, 1
5646, 498344214, 15, 0, 1
11796, 498356010, 19, 0, 1
5658, 498361668, 16, 0, 1
6159, 498367827, 26, 0, 1
5663, 498373490, 19, 0, 1
13148, 498386638, 56, 0, 1
5645, 498392283, 21, 0, 1
6154, 498398437, 19, 0, 1
5657, 498404094, 15, 0, 1
11790, 498415884, 31, 0, 1
5663, 498421547, 16, 0, 1
6152, 498427699, 27, 0, 1
5652, 498433351, 13, 0, 1
11796, 498445147, 24, 0, 1
5658, 498450805, 12, 0, 1
6173, 498456978, 16, 0, 1
5658, 498462636, 12, 0, 1
11796, 498474432, 26, 0, 1
5652, 498480084, 16, 0, 1
6157, 498486241, 25, 0, 1
5655, 498491896, 24, 0, 1
11783, 498503679, 36, 0, 1
5652, 498509331, 19, 0, 1
6141, 498515472, 23, 0, 1
5658, 498521130, 14, 0, 1
11796, 498532926, 25, 0, 1
5658, 498538584, 17, 0, 1
6176, 498544760, 28, 0, 1
5658, 498550418, 17, 0, 1
11772, 498562190, 30, 0, 1
5621, 498567811, 22, 0, 1
6136, 498573947, 23, 0, 1
5651, 498579598, 22, 0, 1
884568, 499464166, 15636, 1805, 5
6361, 499470527, 330, 1, 1
6115, 499476642, 46, 0, 1
14261, 499490903, 349, 31, 1
18510, 499509413, 386, 24, 1
6738, 499516151, 54, 0, 1
6711, 499522862, 31, 0, 1
6776, 499529638, 24, 0, 1
15122, 499544760, 148, 6, 1
3861467, 3861467, 75368, 1788, 14
12330662, 16192129, 58298, 10373, 17
18882009, 35074138, 20117, 4633, 11
13765979, 48840117, 16774, 3255, 19
19304904, 68145021, 18380, 4649, 11
19616560, 87761581, 18076, 4597, 11
18322201, 106083782, 24790, 6489, 2
19031765, 125115547, 18655, 4887, 11
19550577, 144666124, 18420, 4738, 11
19692982, 164359106, 20554, 4966, 11
19689503, 184048609, 19255, 4314, 11
19443699, 203492308, 19060, 4453, 11
19646978, 223139286, 18992, 5195, 11
18863438, 242002724, 20143, 4249, 11
18882786, 260885510, 24725, 4809, 11
19039997, 279925507, 19650, 4111, 7
19517053, 299442560, 20375, 5131, 11
19598633, 319041193, 20559, 5063, 11
19593151, 338634344, 21035, 4888, 11
19609425, 358243769, 20350, 5217, 11
19604065, 377847834, 20290, 4864, 11
19626354, 397474188, 20190, 4880, 11
19578940, 417053128, 21368, 5038, 11
19588366, 436641494, 20289, 4458, 11
19603715, 456245209, 20736, 5171, 11
19612585, 475857794, 21092, 5274, 11
15819960, 491677754, 32201, 2413, 19
5630979, 497308733, 10674, 282, 6
6131, 497314864, 325, 5, 1
6103, 497320967, 38, 0, 1
11314, 497332281, 35, 0, 1
6173, 497338454, 21, 0, 1
5658, 497344112, 10, 0, 1
6138, 497350250, 16, 0, 1
11301, 497361551, 22, 0, 1
6160, 497367711, 17, 0, 1
5646, 497373357, 22, 0, 1
6136, 497379493, 22, 0, 1
11291, 497390784, 42, 0, 1
6173, 497396957, 15, 0, 1
5650, 497402607, 20, 0, 1
6119, 497408726, 18, 0, 1
11301, 497420027, 30, 0, 1
6160, 497426187, 19, 0, 1
5634, 497431821, 23, 0, 1
6151, 497437972, 18, 0, 1
11282, 497449254, 41, 0, 1
6136, 497455390, 19, 0, 1
5651, 497461041, 20, 0, 1
6143, 497467184, 20, 0, 1
11275, 497478459, 30, 0, 1
6160, 497484619, 24, 0, 1
5621, 497490240, 16, 0, 1
6119, 497496359, 28, 0, 1
11291, 497507650, 24, 0, 1
6148, 497513798, 24, 0, 1
5646, 497519444, 13, 0, 1
6133, 497525577, 17, 0, 1
11295, 497536872, 34, 0, 1
6160, 497543032, 15, 0, 1
5636, 497548668, 23, 0, 1
6120, 497554788, 26, 0, 1
11280, 497566068, 32, 0, 1
6136, 497572204, 26, 0, 1
7751, 497579955, 126, 4, 1
9858, 497589813, 232, 2, 1
12697, 497602510, 51, 0, 1
6596, 497609106, 34, 0, 1
5646, 497614752, 18, 0, 1
6114, 497620866, 22, 0, 1
11312, 497632178, 32, 0, 1
6172, 497638350, 24, 1, 1
5646, 497643996, 13, 0, 1
6127, 497650123, 23, 0, 1
11302, 497661425, 26, 0, 1
6148, 497667573, 22, 0, 1
5652, 497673225, 24, 0, 1
6151, 497679376, 18, 0, 1
11279, 497690655, 41, 0, 1
6160, 497696815, 18, 0, 1
5627, 497702442, 23, 0, 1
6136, 497708578, 32, 0, 1
11316, 497719894, 19, 0, 1
6173, 497726067, 17, 0, 1
5664, 497731731, 18, 0, 1
6125, 497737856, 27, 0, 1
11287, 497749143, 43, 0, 1
6142, 497755285, 25, 0, 1
5657, 497760942, 21, 0, 1
6151, 497767093, 18, 0, 1
11284, 497778377, 47, 0, 1
6135, 497784512, 27, 0, 1
5657, 497790169, 17, 0, 1
6138, 497796307, 18, 0, 1
11298, 497807605, 34, 0, 1
6173, 497813778, 19, 0, 1
5640, 497819418, 18, 0, 1
6138, 497825556, 16, 0, 1
11315, 497836871, 30, 0, 1
6159, 497843030, 27, 0, 1
6364, 497849394, 35, 0, 1
10260, 497859654, 118, 13, 1
12966, 497872620, 49, 0, 1
6569, 497879189, 28, 0, 1
5643, 497884832, 27, 0, 1
6138, 497890970, 16, 0, 1
11774, 497902744, 36, 0, 1
6095, 497908839, 21, 0, 1
6099, 497914938, 26, 0, 1
6095, 497921033, 26, 0, 1
12212, 497933245, 49, 0, 1
6098, 497939343, 22, 0, 1
6092, 497945435, 23, 0, 1
6116, 497951551, 16, 0, 1
12201, 497963752, 40, 0, 1
7469, 497971221, 41, 1, 1
6110, 497977331, 18, 0, 1
6112, 497983443, 27, 0, 1
12194, 497995637, 40, 0, 1
6089, 498001726, 25, 0, 1
6116, 498007842, 16, 0, 1
6137, 498013979, 31, 0, 1
11744, 498025723, 56, 2, 1
6138, 498031861, 18, 0, 1
6104, 498037965, 21, 0, 1
6116, 498044081, 16, 0, 1
11735, 498055816, 41, 0, 1
15195, 498071011, 312, 11, 1
5644, 498076655, 38, 0, 1
6138, 498082793, 18, 0, 1
11291, 498094084, 27, 0, 1
6123, 498100207, 25, 0, 1
5633, 498105840, 22, 0, 1
6136, 498111976, 27, 0, 1
11293, 498123269, 43, 0, 1
6173, 498129442, 20, 0, 1
5661, 498135103, 23, 0, 1
6138, 498141241, 18, 0, 1
11265, 498152506, 30, 0, 1
6130, 498158636, 19, 0, 1
5646, 498164282, 15, 0, 1
6109, 498170391, 23, 0, 1
11297, 498181688, 39, 0, 1
6160, 498187848, 16, 0, 1
5652, 498193500, 15, 0, 1
6138, 498199638, 13, 0, 1
11310, 498210948, 17, 0, 1
6156, 498217104, 24, 0, 1
5638, 498222742, 22, 0, 1
6138, 498228880, 14, 0, 1
11267, 498240147, 40, 0, 1
6136, 498246283, 22, 0, 1
5658, 498251941, 13, 0, 1
6119, 498258060, 24, 0, 1
11297, 498269357, 26, 0, 1
6136, 498275493, 22, 0, 1
5657, 498281150, 19, 0, 1
6138, 498287288, 14, 0, 1
11278, 498298566, 46, 0, 1
6135, 498304701, 23, 0, 1
5639, 498310340, 17, 0, 1
6138, 498316478, 15, 0, 1
11286, 498327764, 34, 0, 1
6139, 498333903, 28, 0, 1
5658, 498339561, 13, 0, 1
6120, 498345681, 20, 0, 1
12669, 498358350, 59, 0, 1
6161, 498364511, 26, 0, 1
5626, 498370137, 22, 0, 1
6138, 498376275, 14, 0, 1
11311, 498387586, 41, 0, 1
6160, 498393746, 15, 0, 1
5651, 498399397, 22, 0, 1
6176, 498405573, 26, 0, 1
11305, 498416878, 34, 0, 1
6160, 498423038, 18, 0, 1
5657, 498428695, 25, 0, 1
6138, 498434833, 18, 0, 1
11279, 498446112, 28, 0, 1
6155, 498452267, 21, 0, 1
5640, 498457907, 15, 0, 1
6113, 498464020, 19, 0, 1
11309, 498475329, 28, 0, 1
6157, 498481486, 21, 0, 1
5638, 498487124, 22, 0, 1
6151, 498493275, 12, 0, 1
11283, 498504558, 23, 0, 1
6122, 498510680, 23, 0, 1
5658, 498516338, 11, 0, 1
6120, 498522458, 18, 0, 1
11278, 498533736, 27, 0, 1
6137, 498539873, 25, 0, 1
5655, 498545528, 24, 0, 1
6138, 498551666, 15, 0, 1
11275, 498562941, 39, 0, 1
6136, 498569077, 23, 0, 1
5637, 498574714, 24, 0, 1
6138, 498580852, 17, 0, 1
11316, 498592168, 36, 0, 1
6173, 498598341, 19, 0, 1
5634, 498603975, 17, 0, 1
6138, 498610113, 16, 0, 1
11315, 498621428, 25, 0, 1
6160, 498627588, 14, 0, 1
5644, 498633232, 24, 0, 1
6151, 498639383, 13, 0, 1
11314, 498650697, 31, 0, 1
6160, 498656857, 14, 0, 1
5652, 498662509, 15, 0, 1
11772, 498674281, 25, 0, 1
5657, 498679938, 16, 0, 1
6173, 498686111, 18, 0, 1
5649, 498691760, 26, 0, 1
11746, 498703506, 37, 0, 1
5648, 498709154, 19, 0, 1
6160, 498715314, 17, 0, 1
5658, 498720972, 9, 0, 1
13160, 498734132, 42, 0, 1
5652, 498739784, 9, 0, 1
6160, 498745944, 18, 0, 1
5637, 498751581, 26, 0, 1
11775, 498763356, 36, 0, 1
5658, 498769014, 9, 0, 1
6186, 498775200, 16, 0, 1
5658, 498780858, 12, 0, 1
12259, 498793117, 39, 0, 1
5649, 498798766, 24, 0, 1
6096, 498804862, 22, 0, 1
5640, 498810502, 13, 0, 1
11769, 498822271, 41, 0, 1
5637, 498827908, 20, 0, 1
6151, 498834059, 27, 0, 1
5658, 498839717, 21, 0, 1
11792, 498851509, 39, 0, 1
5655, 498857164, 23, 0, 1
6160, 498863324, 16, 0, 1
5645, 498868969, 19, 0, 1
11785, 498880754, 28, 0, 1
5658, 498886412, 12, 0, 1
6134, 498892546, 28, 0, 1
5672, 498898218, 30, 0, 1
11778, 498909996, 23, 0, 1
5658, 498915654, 10, 0, 1
6161, 498921815, 22, 0, 1
5645, 498927460, 18, 0, 1
11742, 498939202, 35, 0, 1
5636, 498944838, 25, 0, 1
6136, 498950974, 19, 0, 1
5649, 498956623, 17, 0, 1
12678, 498969301, 101, 8, 1
5652, 498974953, 15, 0, 1
6117, 498981070, 23, 0, 1
5652, 498986722, 15, 0, 1
11778, 498998500, 31, 0, 1
5652, 499004152, 12, 0, 1
6173, 499010325, 15, 0, 1
5650, 499015975, 20, 0, 1
11769, 499027744, 47, 0, 1
5658, 499033402, 13, 0, 1
6154, 499039556, 18, 0, 1
5638, 499045194, 27, 0, 1
11783, 499056977, 27, 0, 1
5632, 499062609, 25, 0, 1
6173, 499068782, 16, 0, 1
5634, 499074416, 19, 0, 1
11771, 499086187, 30, 0, 1
5645, 499091832, 17, 0, 1
6160, 499097992, 17, 0, 1
5645, 499103637, 17, 0, 1
13173, 499116810, 54, 0, 1
5657, 499122467, 17, 0, 1
6150, 499128617, 28, 0, 1
5662, 499134279, 30, 0, 1
11769, 499146048, 43, 0, 1
5658, 499151706, 10, 0, 1
6162, 499157868, 22, 0, 1
5657, 499163525, 28, 0, 1
11791, 499175316, 56, 0, 1
5657, 499180973, 19, 0, 1
6160, 499187133, 13, 0, 1
5656, 499192789, 27, 0, 1
11802, 499204591, 31, 0, 1
5658, 499210249, 7, 0, 1
6128, 499216377, 25, 0, 1
5660, 499222037, 33, 0, 1
11790, 499233827, 25, 0, 1
5658, 499239485, 10, 0, 1
6172, 499245657, 22, 0, 1
5658, 499251315, 9, 0, 1
11789, 499263104, 27, 0, 1
5651, 499268755, 20, 0, 1
6160, 499274915, 17, 0, 1
5643, 499280558, 24, 0, 1
11758, 499292316, 33, 0, 1
5645, 499297961, 16, 0, 1
6130, 499304091, 26, 0, 1
5663, 499309754, 25, 0, 1
11763, 499321517, 54, 0, 1
5658, 499327175, 8, 0, 1
6130, 499333305, 22, 0, 1
5640, 499338945, 15, 0, 1
11785, 499350730, 28, 0, 1
5658, 499356388, 12, 0, 1
6129, 499362517, 27, 0, 1
5652, 499368169, 11, 0, 1
11769, 499379938, 34, 0, 1
5658, 499385596, 7, 0, 1
6158, 499391754, 30, 0, 1
5640, 499397394, 24, 0, 1
11753, 499409147, 27, 0, 1
5658, 499414805, 10, 0, 1
6118, 499420923, 23, 0, 1
5643, 499426566, 23, 0, 1
11776, 499438342, 27, 0, 1
5632, 499443974, 24, 0, 1
6160, 499450134, 18, 0, 1
5651, 499455785, 13, 0, 1
11787, 499467572, 41, 0, 1
5640, 499473212, 15, 0, 1
6141, 499479353, 23, 0, 1
7014, 499486367, 38, 0, 1
11770, 499498137, 31, 0, 1
5658, 499503795, 11, 0, 1
6135, 499509930, 22, 0, 1
5632, 499515562, 20, 0, 1
11776, 499527338, 40, 0, 1
5658, 499532996, 13, 0, 1
6143, 499539139, 25, 0, 1
5652, 499544791, 14, 0, 1
11772, 499556563, 28, 0, 1
5652, 499562215, 18, 0, 1
6118, 499568333, 22, 0, 1
5640, 499573973, 17, 0, 1
11800, 499585773, 37, 0, 1
5658, 499591431, 10, 0, 1
9484, 499600915, 196, 9, 1
5652, 499606567, 37, 0, 1
890749, 500497316, 15200, 1826, 5
6750, 500504066, 75, 0, 1
17951, 500522017, 460, 3, 1
6655, 500528672, 39, 0, 1
19006, 500547678, 448, 35, 1
6733, 500554411, 39, 0, 1
6661, 500561072, 30, 1, 1
