0,1,152717848.99,2967176654.3650727
2,152717849.99,181236782.43,2644991375.7880425
6,181236783.43,214121020.28,2131834795.7711167
0,214121021.28,2012480004.6100004,2967176654.3650727
13,2012480005.6100004,3818055298.03,2697371521.4486256
6,3818055299.03,3883892479.2900004,2131834795.7711167
3,3883892480.2900004,3895934444.4000006,1443023607.5620902
1,3895934445.4000006,3941170939.15,1404728713.4590423
6,3941170940.15,3956844636.7156568,2131834795.7711167
10,3956844637.7156568,3967035411.2425385,797661017.4990699
1,3967035412.2425385,3990469271.6711097,1404728713.4590423
6,3990469272.6711097,4008345511.6711097,2131834795.7711167
10,4008345512.6711097,4022419194.6711097,797661017.4990699
