3447883, 3447883, 66125, 145, 14
12153377, 15601260, 66231, 1315, 8
19562251, 35163511, 17314, 655, 3
19360702, 54524213, 20542, 668, 3
19191020, 73715233, 20957, 853, 3
19697422, 93412655, 18910, 546, 3
19708325, 113120980, 17893, 245, 3
18937283, 132058263, 24045, 845, 3
19463703, 151521966, 19300, 304, 3
19891630, 171413596, 18768, 801, 3
19338025, 190751621, 20656, 429, 3
19689271, 210440892, 19139, 568, 3
19683378, 230124270, 19140, 711, 3
19632158, 249756428, 19576, 469, 3
18785878, 268542306, 24212, 453, 3
19399214, 287941520, 18825, 644, 3
12622405, 300563925, 13161, 205, 12
4587513, 305151438, 5476, 251, 6
19782824, 324934262, 19481, 360, 3
19852152, 344786414, 19719, 1032, 3
19686868, 364473282, 19531, 316, 3
19861562, 384334844, 18618, 618, 3
19705984, 404040828, 18894, 371, 3
19788190, 423829018, 19335, 402, 3
19803520, 443632538, 19380, 249, 3
19754386, 463386924, 19040, 701, 3
19797687, 483184611, 19221, 685, 3
11116985, 494301596, 28461, 18, 12
2434823, 496736419, 6486, 15, 5
6116, 496742535, 30, 0, 1
5671, 496748206, 33, 0, 1
7003, 496755209, 106, 0, 1
11818, 496767027, 31, 0, 1
6138, 496773165, 17, 0, 1
5638, 496778803, 18, 0, 1
5648, 496784451, 25, 0, 1
11807, 496796258, 33, 0, 1
6117, 496802375, 26, 0, 1
5658, 496808033, 10, 0, 1
5658, 496813691, 21, 0, 1
11818, 496825509, 24, 0, 1
6147, 496831656, 31, 0, 1
5652, 496837308, 15, 0, 1
5658, 496842966, 18, 0, 1
11797, 496854763, 40, 0, 1
6132, 496860895, 20, 0, 1
5658, 496866553, 12, 0, 1
5652, 496872205, 14, 0, 1
11831, 496884036, 31, 0, 1
6102, 496890138, 28, 0, 1
5658, 496895796, 14, 0, 1
5658, 496901454, 9, 0, 1
11806, 496913260, 43, 0, 1
6145, 496919405, 18, 0, 1
5657, 496925062, 21, 0, 1
5657, 496930719, 17, 0, 1
11768, 496942487, 39, 0, 1
6120, 496948607, 26, 0, 1
5652, 496954259, 23, 0, 1
5643, 496959902, 21, 0, 1
11795, 496971697, 53, 0, 1
6138, 496977835, 17, 0, 1
5640, 496983475, 19, 0, 1
5658, 496989133, 12, 0, 1
11809, 497000942, 38, 0, 1
6138, 497007080, 16, 0, 1
5633, 497012713, 19, 0, 1
5658, 497018371, 12, 0, 1
11830, 497030201, 30, 0, 1
6138, 497036339, 19, 0, 1
5658, 497041997, 13, 0, 1
5652, 497047649, 23, 0, 1
11792, 497059441, 37, 0, 1
6151, 497065592, 16, 0, 1
5637, 497071229, 22, 0, 1
5658, 497076887, 13, 0, 1
11781, 497088668, 40, 0, 1
6138, 497094806, 18, 0, 1
5645, 497100451, 18, 0, 1
5661, 497106112, 25, 0, 1
11810, 497117922, 55, 0, 1
6138, 497124060, 18, 0, 1
7027, 497131087, 35, 0, 1
5638, 497136725, 27, 0, 1
11810, 497148535, 32, 0, 1
7026, 497155561, 106, 2, 1
5658, 497161219, 13, 0, 1
5658, 497166877, 12, 0, 1
11788, 497178665, 39, 0, 1
6138, 497184803, 19, 0, 1
5655, 497190458, 19, 0, 1
5641, 497196099, 24, 0, 1
11825, 497207924, 25, 0, 1
6137, 497214061, 30, 0, 1
5652, 497219713, 14, 0, 1
5652, 497225365, 11, 0, 1
11798, 497237163, 42, 0, 1
6138, 497243301, 18, 0, 1
5645, 497248946, 19, 0, 1
5658, 497254604, 12, 0, 1
12894, 497267498, 103, 0, 1
6670, 497274168, 47, 0, 1
6339, 497280507, 28, 0, 1
5648, 497286155, 18, 0, 1
12260, 497298415, 45, 0, 1
6151, 497304566, 18, 0, 1
6104, 497310670, 22, 0, 1
5652, 497316322, 15, 0, 1
12236, 497328558, 29, 0, 1
6123, 497334681, 15, 0, 1
6110, 497340791, 22, 0, 1
6129, 497346920, 22, 0, 1
12204, 497359124, 49, 0, 1
6110, 497365234, 21, 0, 1
6116, 497371350, 17, 0, 1
6079, 497377429, 27, 0, 1
12225, 497389654, 38, 0, 1
6129, 497395783, 16, 0, 1
6098, 497401881, 20, 0, 1
5640, 497407521, 17, 0, 1
11799, 497419320, 33, 0, 1
6136, 497425456, 32, 0, 1
5645, 497431101, 18, 0, 1
5650, 497436751, 23, 0, 1
11807, 497448558, 30, 0, 1
6138, 497454696, 19, 0, 1
5621, 497460317, 22, 0, 1
5658, 497465975, 10, 0, 1
11818, 497477793, 21, 0, 1
6138, 497483931, 18, 0, 1
5637, 497489568, 21, 0, 1
5658, 497495226, 13, 0, 1
11821, 497507047, 40, 0, 1
7515, 497514562, 34, 0, 1
5646, 497520208, 16, 0, 1
5652, 497525860, 14, 0, 1
11821, 497537681, 41, 0, 1
6151, 497543832, 17, 0, 1
5646, 497549478, 13, 0, 1
5652, 497555130, 21, 0, 1
11806, 497566936, 26, 0, 1
6138, 497573074, 15, 0, 1
5652, 497578726, 16, 0, 1
5652, 497584378, 14, 0, 1
11813, 497596191, 37, 0, 1
6132, 497602323, 21, 0, 1
5642, 497607965, 22, 0, 1
5642, 497613607, 26, 0, 1
11800, 497625407, 49, 0, 1
6164, 497631571, 17, 0, 1
5658, 497637229, 10, 0, 1
5638, 497642867, 24, 0, 1
11774, 497654641, 43, 0, 1
6138, 497660779, 18, 0, 1
5643, 497666422, 21, 0, 1
5645, 497672067, 18, 0, 1
11805, 497683872, 31, 0, 1
6138, 497690010, 15, 0, 1
5649, 497695659, 19, 0, 1
5658, 497701317, 12, 0, 1
11812, 497713129, 24, 0, 1
6138, 497719267, 16, 0, 1
5663, 497724930, 16, 0, 1
5657, 497730587, 18, 0, 1
11824, 497742411, 38, 0, 1
6131, 497748542, 21, 0, 1
5652, 497754194, 23, 0, 1
5646, 497759840, 18, 0, 1
11817, 497771657, 26, 0, 1
6151, 497777808, 16, 0, 1
5652, 497783460, 16, 0, 1
5652, 497789112, 15, 0, 1
11770, 497800882, 33, 0, 1
6132, 497807014, 19, 0, 1
5659, 497812673, 24, 0, 1
17046, 497829719, 395, 0, 1
11831, 497841550, 40, 0, 1
6138, 497847688, 21, 0, 1
5616, 497853304, 16, 0, 1
5652, 497858956, 14, 0, 1
11793, 497870749, 35, 0, 1
6145, 497876894, 20, 0, 1
5657, 497882551, 23, 0, 1
5658, 497888209, 9, 0, 1
13195, 497901404, 46, 0, 1
6138, 497907542, 19, 0, 1
5651, 497913193, 15, 0, 1
5658, 497918851, 16, 0, 1
11783, 497930634, 37, 0, 1
6126, 497936760, 22, 0, 1
5646, 497942406, 19, 0, 1
5658, 497948064, 16, 0, 1
11791, 497959855, 43, 0, 1
6138, 497965993, 22, 0, 1
5658, 497971651, 12, 0, 1
5658, 497977309, 12, 0, 1
11831, 497989140, 24, 0, 1
6131, 497995271, 18, 0, 1
5657, 498000928, 20, 0, 1
5658, 498006586, 13, 0, 1
11788, 498018374, 37, 0, 1
6128, 498024502, 27, 0, 1
5658, 498030160, 14, 0, 1
5657, 498035817, 20, 0, 1
11811, 498047628, 36, 0, 1
6138, 498053766, 15, 0, 1
5658, 498059424, 12, 0, 1
5640, 498065064, 16, 0, 1
11817, 498076881, 50, 0, 1
6145, 498083026, 18, 0, 1
5658, 498088684, 13, 0, 1
5658, 498094342, 12, 0, 1
11818, 498106160, 26, 0, 1
6151, 498112311, 18, 0, 1
5640, 498117951, 18, 0, 1
5650, 498123601, 20, 0, 1
11806, 498135407, 29, 0, 1
6114, 498141521, 19, 0, 1
5652, 498147173, 16, 0, 1
5650, 498152823, 18, 0, 1
11811, 498164634, 42, 0, 1
6131, 498170765, 25, 0, 1
5652, 498176417, 14, 0, 1
5657, 498182074, 22, 0, 1
11786, 498193860, 35, 0, 1
6138, 498199998, 20, 0, 1
5656, 498205654, 23, 0, 1
5657, 498211311, 18, 0, 1
11811, 498223122, 38, 0, 1
6119, 498229241, 24, 0, 1
5658, 498234899, 14, 0, 1
5657, 498240556, 19, 0, 1
11788, 498252344, 31, 0, 1
6151, 498258495, 20, 0, 1
5645, 498264140, 18, 0, 1
7035, 498271175, 26, 0, 1
11757, 498282932, 38, 0, 1
6126, 498289058, 20, 0, 1
5658, 498294716, 10, 0, 1
5658, 498300374, 14, 0, 1
11826, 498312200, 23, 0, 1
6120, 498318320, 17, 0, 1
5658, 498323978, 13, 0, 1
5658, 498329636, 14, 0, 1
11806, 498341442, 26, 0, 1
6151, 498347593, 16, 0, 1
5640, 498353233, 17, 0, 1
5652, 498358885, 13, 0, 1
11794, 498370679, 42, 0, 1
6120, 498376799, 18, 0, 1
5652, 498382451, 16, 0, 1
5651, 498388102, 20, 0, 1
11806, 498399908, 35, 0, 1
6138, 498406046, 18, 0, 1
5658, 498411704, 15, 0, 1
5652, 498417356, 17, 0, 1
11782, 498429138, 43, 0, 1
6138, 498435276, 18, 0, 1
5658, 498440934, 13, 0, 1
5658, 498446592, 13, 0, 1
11824, 498458416, 34, 0, 1
6138, 498464554, 19, 0, 1
5656, 498470210, 20, 0, 1
5652, 498475862, 15, 0, 1
11816, 498487678, 22, 0, 1
14766, 498502444, 261, 8, 1
5651, 498508095, 28, 0, 1
5652, 498513747, 21, 0, 1
11812, 498525559, 25, 0, 1
6138, 498531697, 19, 0, 1
5645, 498537342, 15, 0, 1
5658, 498543000, 10, 0, 1
11831, 498554831, 17, 0, 1
6138, 498560969, 16, 0, 1
5658, 498566627, 10, 0, 1
11788, 498578415, 30, 0, 1
5658, 498584073, 12, 0, 1
6133, 498590206, 21, 0, 1
5627, 498595833, 21, 0, 1
11810, 498607643, 29, 0, 1
5658, 498613301, 12, 0, 1
6126, 498619427, 23, 0, 1
5658, 498625085, 14, 0, 1
11810, 498636895, 40, 0, 1
5658, 498642553, 15, 0, 1
6096, 498648649, 23, 0, 1
7023, 498655672, 34, 0, 1
11817, 498667489, 39, 0, 1
5646, 498673135, 16, 0, 1
6130, 498679265, 35, 0, 1
5646, 498684911, 19, 0, 1
11807, 498696718, 40, 0, 1
5651, 498702369, 19, 0, 1
6138, 498708507, 17, 0, 1
5645, 498714152, 18, 0, 1
11805, 498725957, 36, 0, 1
5658, 498731615, 13, 0, 1
6151, 498737766, 18, 0, 1
5645, 498743411, 18, 0, 1
11794, 498755205, 32, 0, 1
5658, 498760863, 20, 0, 1
6137, 498767000, 21, 0, 1
5645, 498772645, 16, 0, 1
11818, 498784463, 38, 0, 1
5658, 498790121, 11, 0, 1
6138, 498796259, 17, 0, 1
5628, 498801887, 17, 0, 1
11786, 498813673, 43, 0, 1
5656, 498819329, 20, 0, 1
6152, 498825481, 17, 0, 1
5645, 498831126, 20, 0, 1
11816, 498842942, 38, 0, 1
5652, 498848594, 14, 0, 1
6138, 498854732, 16, 0, 1
5658, 498860390, 14, 0, 1
11805, 498872195, 29, 0, 1
5645, 498877840, 20, 0, 1
6138, 498883978, 19, 0, 1
5640, 498889618, 18, 0, 1
11810, 498901428, 38, 0, 1
5658, 498907086, 12, 0, 1
6131, 498913217, 25, 0, 1
5652, 498918869, 13, 0, 1
11812, 498930681, 40, 0, 1
5658, 498936339, 16, 0, 1
6126, 498942465, 21, 0, 1
5658, 498948123, 13, 0, 1
11818, 498959941, 32, 0, 1
5658, 498965599, 11, 0, 1
6151, 498971750, 19, 0, 1
912834, 499884584, 15640, 305, 5
13195, 499897779, 519, 0, 1
10134, 499907913, 350, 4, 1
6659, 499914572, 51, 0, 1
8358, 499922930, 72, 7, 1
15810, 499938740, 219, 0, 1
6393, 499945133, 23, 0, 1
6129, 499951262, 40, 0, 1
5527945, 5527945, 94452, 863, 16
16802648, 22330593, 37844, 921, 3
19290351, 41620944, 21828, 655, 3
18868119, 60489063, 21466, 646, 3
19643526, 80132589, 18812, 755, 3
19568698, 99701287, 19825, 541, 3
19084565, 118785852, 24360, 954, 3
18961536, 137747388, 20698, 276, 3
19590715, 157338103, 19069, 359, 3
19451355, 176789458, 19748, 733, 3
19334464, 196123922, 22542, 415, 3
19725579, 215849501, 19401, 785, 3
19576674, 235426175, 19516, 540, 3
18806460, 254232635, 25749, 683, 3
19511931, 273744566, 20476, 355, 3
18919286, 292663852, 19614, 561, 3
19514051, 312177903, 20192, 636, 3
19633088, 331810991, 20706, 498, 3
19693252, 351504243, 21090, 769, 3
19617558, 371121801, 20031, 568, 3
19829975, 390951776, 19953, 377, 3
19706588, 410658364, 20157, 456, 3
19646615, 430304979, 20431, 370, 3
19725039, 450030018, 19863, 209, 3
19729521, 469759539, 20214, 926, 3
17364418, 487123957, 28161, 442, 3
8849113, 495973070, 19140, 23, 12
6143, 495979213, 336, 2, 1
5651, 495984864, 27, 0, 1
6137, 495991001, 24, 0, 1
11292, 496002293, 32, 0, 1
6135, 496008428, 26, 0, 1
5658, 496014086, 15, 0, 1
6133, 496020219, 24, 0, 1
11315, 496031534, 25, 0, 1
6180, 496037714, 16, 0, 1
5652, 496043366, 18, 0, 1
6138, 496049504, 17, 0, 1
11295, 496060799, 30, 0, 1
6123, 496066922, 25, 0, 1
5658, 496072580, 15, 0, 1
6145, 496078725, 23, 0, 1
11292, 496090017, 29, 0, 1
6142, 496096159, 21, 0, 1
5646, 496101805, 14, 0, 1
6132, 496107937, 17, 0, 1
11303, 496119240, 22, 0, 1
6173, 496125413, 16, 0, 1
5652, 496131065, 12, 0, 1
6131, 496137196, 24, 0, 1
11310, 496148506, 25, 0, 1
6160, 496154666, 15, 0, 1
5645, 496160311, 15, 0, 1
6151, 496166462, 15, 0, 1
12680, 496179142, 122, 0, 1
6148, 496185290, 25, 0, 1
5658, 496190948, 11, 0, 1
6126, 496197074, 21, 0, 1
11309, 496208383, 36, 0, 1
6167, 496214550, 16, 0, 1
5658, 496220208, 16, 0, 1
6133, 496226341, 22, 0, 1
11309, 496237650, 36, 0, 1
6141, 496243791, 22, 0, 1
5658, 496249449, 10, 0, 1
6126, 496255575, 22, 0, 1
11302, 496266877, 36, 0, 1
6155, 496273032, 19, 0, 1
5658, 496278690, 12, 0, 1
6137, 496284827, 18, 0, 1
11310, 496296137, 22, 0, 1
6154, 496302291, 21, 0, 1
5657, 496307948, 20, 0, 1
6145, 496314093, 23, 0, 1
11303, 496325396, 23, 0, 1
6165, 496331561, 30, 0, 1
5662, 496337223, 20, 0, 1
6138, 496343361, 17, 0, 1
11297, 496354658, 34, 0, 1
6167, 496360825, 24, 0, 1
5658, 496366483, 9, 0, 1
6138, 496372621, 17, 0, 1
11320, 496383941, 36, 0, 1
6154, 496390095, 15, 0, 1
5652, 496395747, 16, 0, 1
6162, 496401909, 33, 0, 1
11309, 496413218, 31, 0, 1
6142, 496419360, 19, 0, 1
5658, 496425018, 10, 0, 1
6113, 496431131, 21, 0, 1
11315, 496442446, 34, 0, 1
6149, 496448595, 18, 0, 1
5657, 496454252, 18, 0, 1
6138, 496460390, 17, 0, 1
11316, 496471706, 26, 0, 1
6159, 496477865, 20, 0, 1
5651, 496483516, 15, 0, 1
6132, 496489648, 18, 0, 1
11297, 496500945, 29, 0, 1
6698, 496507643, 67, 0, 1
6327, 496513970, 19, 0, 1
6652, 496520622, 27, 0, 1
11982, 496532604, 18, 0, 1
6623, 496539227, 21, 0, 1
5658, 496544885, 12, 0, 1
6151, 496551036, 15, 0, 1
13602, 496564638, 43, 0, 1
6116, 496570754, 15, 0, 1
6110, 496576864, 20, 0, 1
6103, 496582967, 27, 0, 1
12231, 496595198, 41, 0, 1
6110, 496601308, 19, 0, 1
6114, 496607422, 22, 0, 1
6116, 496613538, 16, 0, 1
12190, 496625728, 34, 0, 1
6110, 496631838, 29, 0, 1
5646, 496637484, 19, 0, 1
6146, 496643630, 27, 0, 1
11766, 496655396, 35, 0, 1
6119, 496661515, 18, 0, 1
5651, 496667166, 21, 0, 1
6138, 496673304, 17, 0, 1
11315, 496684619, 29, 0, 1
6166, 496690785, 21, 0, 1
5658, 496696443, 14, 0, 1
6132, 496702575, 21, 0, 1
11310, 496713885, 32, 0, 1
6165, 496720050, 26, 0, 1
5658, 496725708, 19, 0, 1
6138, 496731846, 17, 0, 1
11302, 496743148, 31, 0, 1
6154, 496749302, 20, 0, 1
5658, 496754960, 13, 0, 1
6139, 496761099, 24, 0, 1
11315, 496772414, 34, 0, 1
6154, 496778568, 14, 0, 1
5652, 496784220, 16, 0, 1
6164, 496790384, 15, 0, 1
11302, 496801686, 30, 0, 1
6148, 496807834, 22, 0, 1
5652, 496813486, 10, 0, 1
6102, 496819588, 23, 0, 1
11304, 496830892, 32, 0, 1
6173, 496837065, 18, 0, 1
5657, 496842722, 16, 0, 1
6138, 496848860, 16, 0, 1
11279, 496860139, 35, 0, 1
6141, 496866280, 21, 0, 1
5652, 496871932, 12, 0, 1
6126, 496878058, 26, 0, 1
12483, 496890541, 52, 0, 1
6623, 496897164, 26, 0, 1
6373, 496903537, 14, 0, 1
6872, 496910409, 39, 0, 1
12690, 496923099, 41, 0, 1
6612, 496929711, 26, 0, 1
5658, 496935369, 11, 0, 1
7514, 496942883, 33, 0, 1
11303, 496954186, 21, 0, 1
6134, 496960320, 23, 0, 1
5652, 496965972, 22, 0, 1
6114, 496972086, 23, 0, 1
11294, 496983380, 32, 0, 1
6155, 496989535, 18, 0, 1
5652, 496995187, 13, 0, 1
6132, 497001319, 20, 0, 1
11303, 497012622, 20, 0, 1
6160, 497018782, 19, 0, 1
5652, 497024434, 16, 0, 1
6145, 497030579, 23, 0, 1
11303, 497041882, 22, 0, 1
6154, 497048036, 18, 0, 1
5658, 497053694, 12, 0, 1
6114, 497059808, 18, 0, 1
11316, 497071124, 13, 0, 1
6172, 497077296, 18, 0, 1
5658, 497082954, 15, 0, 1
6119, 497089073, 20, 0, 1
11316, 497100389, 13, 0, 1
6144, 497106533, 26, 0, 1
5651, 497112184, 18, 0, 1
11791, 497123975, 30, 0, 1
5658, 497129633, 16, 0, 1
6160, 497135793, 18, 0, 1
5651, 497141444, 12, 0, 1
11754, 497153198, 29, 0, 1
5652, 497158850, 16, 0, 1
6180, 497165030, 16, 0, 1
5645, 497170675, 17, 0, 1
11796, 497182471, 27, 0, 1
5658, 497188129, 11, 0, 1
6123, 497194252, 23, 0, 1
5652, 497199904, 15, 0, 1
11752, 497211656, 40, 0, 1
5651, 497217307, 14, 0, 1
6167, 497223474, 19, 0, 1
5652, 497229126, 17, 0, 1
11782, 497240908, 29, 0, 1
5658, 497246566, 13, 0, 1
6142, 497252708, 24, 0, 1
5658, 497258366, 10, 0, 1
23075, 497281441, 467, 2, 1
5651, 497287092, 13, 0, 1
6153, 497293245, 24, 0, 1
5650, 497298895, 17, 0, 1
11796, 497310691, 29, 0, 1
5657, 497316348, 15, 0, 1
7538, 497323886, 41, 0, 1
5652, 497329538, 18, 0, 1
11776, 497341314, 40, 0, 1
5657, 497346971, 15, 0, 1
6148, 497353119, 18, 0, 1
5652, 497358771, 19, 0, 1
11803, 497370574, 34, 0, 1
5658, 497376232, 16, 0, 1
6160, 497382392, 31, 0, 1
5652, 497388044, 13, 0, 1
11770, 497399814, 38, 0, 1
5651, 497405465, 13, 0, 1
6171, 497411636, 28, 0, 1
5662, 497417298, 19, 0, 1
12251, 497429549, 46, 0, 1
5658, 497435207, 11, 0, 1
6119, 497441326, 23, 0, 1
5658, 497446984, 12, 0, 1
11759, 497458743, 32, 0, 1
5658, 497464401, 22, 0, 1
6149, 497470550, 19, 0, 1
5658, 497476208, 18, 0, 1
11790, 497487998, 35, 0, 1
5657, 497493655, 14, 0, 1
6145, 497499800, 25, 0, 1
5658, 497505458, 18, 0, 1
11776, 497517234, 35, 0, 1
5658, 497522892, 20, 0, 1
6151, 497529043, 23, 0, 1
5652, 497534695, 16, 0, 1
11788, 497546483, 35, 0, 1
5652, 497552135, 14, 0, 1
6199, 497558334, 20, 0, 1
5658, 497563992, 11, 0, 1
11788, 497575780, 28, 0, 1
5657, 497581437, 18, 0, 1
6147, 497587584, 19, 0, 1
5658, 497593242, 12, 0, 1
11796, 497605038, 31, 0, 1
5658, 497610696, 12, 0, 1
6152, 497616848, 26, 0, 1
5658, 497622506, 14, 0, 1
11747, 497634253, 40, 0, 1
5656, 497639909, 21, 0, 1
6142, 497646051, 22, 0, 1
5651, 497651702, 15, 0, 1
11760, 497663462, 27, 0, 1
5658, 497669120, 16, 0, 1
6160, 497675280, 14, 0, 1
5658, 497680938, 16, 0, 1
11771, 497692709, 34, 0, 1
7034, 497699743, 27, 0, 1
6154, 497705897, 19, 0, 1
5658, 497711555, 16, 0, 1
11778, 497723333, 25, 0, 1
5650, 497728983, 22, 0, 1
6146, 497735129, 21, 0, 1
5657, 497740786, 14, 0, 1
11789, 497752575, 35, 0, 1
5658, 497758233, 21, 0, 1
6142, 497764375, 20, 0, 1
5657, 497770032, 19, 0, 1
11788, 497781820, 34, 0, 1
5658, 497787478, 9, 0, 1
6165, 497793643, 23, 0, 1
5658, 497799301, 17, 0, 1
11764, 497811065, 31, 0, 1
5652, 497816717, 12, 0, 1
6146, 497822863, 21, 0, 1
5658, 497828521, 15, 0, 1
11790, 497840311, 31, 0, 1
5658, 497845969, 11, 0, 1
6151, 497852120, 26, 0, 1
5652, 497857772, 14, 0, 1
11776, 497869548, 34, 0, 1
5652, 497875200, 18, 0, 1
6173, 497881373, 15, 0, 1
5658, 497887031, 11, 0, 1
11783, 497898814, 31, 0, 1
5657, 497904471, 19, 0, 1
6153, 497910624, 28, 0, 1
5658, 497916282, 9, 0, 1
11762, 497928044, 36, 0, 1
5650, 497933694, 16, 0, 1
6180, 497939874, 16, 0, 1
5663, 497945537, 20, 0, 1
11771, 497957308, 32, 0, 1
5651, 497962959, 13, 0, 1
6136, 497969095, 23, 0, 1
5657, 497974752, 20, 0, 1
11781, 497986533, 31, 0, 1
5657, 497992190, 24, 0, 1
6142, 497998332, 19, 0, 1
5658, 498003990, 18, 0, 1
11761, 498015751, 33, 0, 1
5658, 498021409, 12, 0, 1
6173, 498027582, 27, 0, 1
5658, 498033240, 15, 0, 1
11777, 498045017, 41, 0, 1
5650, 498050667, 18, 0, 1
6160, 498056827, 14, 0, 1
5658, 498062485, 10, 0, 1
13166, 498075651, 45, 0, 1
5658, 498081309, 16, 0, 1
6160, 498087469, 12, 0, 1
5657, 498093126, 14, 0, 1
11768, 498104894, 33, 0, 1
5655, 498110549, 18, 0, 1
6161, 498116710, 18, 0, 1
5658, 498122368, 19, 0, 1
11778, 498134146, 32, 0, 1
5658, 498139804, 11, 0, 1
6146, 498145950, 22, 0, 1
5646, 498151596, 15, 0, 1
11796, 498163392, 25, 0, 1
5658, 498169050, 20, 0, 1
6160, 498175210, 18, 0, 1
5651, 498180861, 19, 0, 1
11789, 498192650, 27, 0, 1
5652, 498198302, 14, 0, 1
6160, 498204462, 19, 0, 1
5652, 498210114, 16, 0, 1
11795, 498221909, 41, 0, 1
5658, 498227567, 17, 0, 1
910628, 499138195, 14948, 365, 5
8306, 499146501, 765, 0, 1
13477, 499159978, 99, 0, 1
11694, 499171672, 345, 10, 1
6701, 499178373, 46, 0, 1
7321, 499185694, 25, 0, 1
14829, 499200523, 194, 1, 1
6277, 499206800, 29, 0, 1
6621, 499213421, 21, 0, 1
4475647, 4475647, 88791, 383, 16
15323242, 19798889, 49201, 1460, 8
19440702, 39239591, 17637, 650, 3
19154376, 58393967, 20740, 523, 3
19554324, 77948291, 22147, 912, 3
19668133, 97616424, 18665, 578, 3
19561699, 117178123, 18535, 281, 3
18834519, 136012642, 24780, 824, 3
19221088, 155233730, 19670, 319, 3
19826224, 175059954, 18723, 736, 3
19254072, 194314026, 20634, 482, 3
19722664, 214036690, 18767, 785, 3
19680731, 233717421, 19474, 573, 3
19216659, 252934080, 23425, 577, 3
19210544, 272144624, 20511, 473, 3
19480081, 291624705, 18650, 553, 3
19038714, 310663419, 20357, 640, 3
19651115, 330314534, 18629, 467, 3
19811858, 350126392, 19390, 869, 3
19693724, 369820116, 19062, 552, 3
19790019, 389610135, 19587, 434, 3
19800003, 409410138, 18657, 501, 3
19741342, 429151480, 18580, 330, 3
19792511, 448943991, 18544, 233, 3
19661709, 468605700, 19657, 1034, 3
17659192, 486264892, 27751, 540, 3
9984109, 496249001, 17485, 6, 12
80499, 496329500, 2462, 22, 1
13144, 496342644, 140, 0, 1
6125, 496348769, 27, 0, 1
5638, 496354407, 22, 0, 1
5658, 496360065, 10, 0, 1
11810, 496371875, 41, 0, 1
6130, 496378005, 33, 0, 1
5621, 496383626, 18, 0, 1
5658, 496389284, 10, 0, 1
11823, 496401107, 47, 0, 1
6114, 496407221, 21, 0, 1
5641, 496412862, 29, 0, 1
5658, 496418520, 12, 0, 1
11791, 496430311, 42, 0, 1
6138, 496436449, 27, 0, 1
5652, 496442101, 21, 0, 1
5616, 496447717, 16, 0, 1
11800, 496459517, 49, 0, 1
6122, 496465639, 30, 0, 1
5642, 496471281, 22, 0, 1
5642, 496476923, 25, 0, 1
11813, 496488736, 34, 0, 1
6105, 496494841, 27, 0, 1
5644, 496500485, 26, 0, 1
5645, 496506130, 26, 0, 1
11811, 496517941, 46, 0, 1
6151, 496524092, 17, 0, 1
5655, 496529747, 23, 0, 1
5635, 496535382, 24, 0, 1
11805, 496547187, 42, 0, 1
6145, 496553332, 18, 0, 1
5648, 496558980, 24, 0, 1
5658, 496564638, 12, 0, 1
11837, 496576475, 40, 0, 1
6138, 496582613, 19, 0, 1
5655, 496588268, 27, 0, 1
5657, 496593925, 18, 0, 1
11817, 496605742, 35, 0, 1
6138, 496611880, 14, 0, 1
5658, 496617538, 11, 0, 1
5658, 496623196, 8, 0, 1
11787, 496634983, 46, 0, 1
6138, 496641121, 19, 0, 1
5631, 496646752, 22, 0, 1
5658, 496652410, 10, 0, 1
11818, 496664228, 23, 0, 1
6169, 496670397, 36, 0, 1
5628, 496676025, 17, 0, 1
5645, 496681670, 25, 0, 1
11775, 496693445, 46, 0, 1
6125, 496699570, 22, 0, 1
5658, 496705228, 14, 0, 1
7028, 496712256, 40, 0, 1
11835, 496724091, 45, 0, 1
6138, 496730229, 15, 0, 1
5639, 496735868, 18, 0, 1
5651, 496741519, 19, 0, 1
11803, 496753322, 43, 0, 1
6142, 496759464, 33, 0, 1
5658, 496765122, 12, 0, 1
5658, 496770780, 11, 0, 1
11791, 496782571, 35, 0, 1
6132, 496788703, 21, 0, 1
5658, 496794361, 15, 0, 1
5652, 496800013, 17, 0, 1
11829, 496811842, 40, 0, 1
6132, 496817974, 19, 0, 1
5658, 496823632, 15, 0, 1
5658, 496829290, 10, 0, 1
11799, 496841089, 45, 0, 1
6650, 496847739, 73, 0, 1
6333, 496854072, 17, 0, 1
5629, 496859701, 27, 0, 1
13032, 496872733, 32, 0, 1
6577, 496879310, 29, 0, 1
5658, 496884968, 15, 0, 1
5656, 496890624, 28, 0, 1
12268, 496902892, 37, 0, 1
6106, 496908998, 32, 0, 1
6116, 496915114, 19, 0, 1
6080, 496921194, 24, 0, 1
12171, 496933365, 49, 0, 1
6104, 496939469, 16, 0, 1
6116, 496945585, 18, 0, 1
6110, 496951695, 30, 0, 1
12201, 496963896, 41, 0, 1
6111, 496970007, 28, 0, 1
6109, 496976116, 25, 0, 1
5651, 496981767, 20, 0, 1
11796, 496993563, 25, 0, 1
6143, 496999706, 28, 0, 1
6098, 497005804, 23, 0, 1
5656, 497011460, 28, 0, 1
11801, 497023261, 42, 0, 1
6138, 497029399, 15, 0, 1
5648, 497035047, 25, 0, 1
5652, 497040699, 16, 0, 1
11829, 497052528, 41, 0, 1
6113, 497058641, 23, 0, 1
5650, 497064291, 16, 0, 1
5659, 497069950, 28, 0, 1
11819, 497081769, 51, 0, 1
6131, 497087900, 32, 0, 1
7035, 497094935, 30, 0, 1
5658, 497100593, 16, 0, 1
11783, 497112376, 29, 0, 1
6142, 497118518, 32, 0, 1
5660, 497124178, 30, 0, 1
5658, 497129836, 9, 0, 1
11775, 497141611, 29, 0, 1
6136, 497147747, 30, 0, 1
5615, 497153362, 23, 0, 1
5657, 497159019, 29, 0, 1
11809, 497170828, 37, 0, 1
6125, 497176953, 24, 0, 1
5628, 497182581, 19, 0, 1
5657, 497188238, 20, 0, 1
11821, 497200059, 44, 0, 1
6138, 497206197, 13, 0, 1
5658, 497211855, 13, 0, 1
5658, 497217513, 15, 0, 1
11814, 497229327, 44, 0, 1
6151, 497235478, 16, 0, 1
5658, 497241136, 13, 0, 1
5657, 497246793, 19, 0, 1
11809, 497258602, 38, 0, 1
6124, 497264726, 29, 0, 1
5636, 497270362, 21, 0, 1
5643, 497276005, 27, 0, 1
11812, 497287817, 48, 0, 1
6125, 497293942, 28, 0, 1
5626, 497299568, 21, 0, 1
5657, 497305225, 20, 0, 1
11805, 497317030, 33, 0, 1
6138, 497323168, 15, 0, 1
5621, 497328789, 21, 0, 1
5646, 497334435, 19, 0, 1
11834, 497346269, 44, 0, 1
6138, 497352407, 22, 0, 1
5661, 497358068, 29, 0, 1
5646, 497363714, 22, 0, 1
11780, 497375494, 49, 0, 1
6151, 497381645, 15, 0, 1
5626, 497387271, 19, 0, 1
5639, 497392910, 19, 0, 1
11838, 497404748, 42, 0, 1
6137, 497410885, 17, 0, 1
5656, 497416541, 29, 0, 1
5651, 497422192, 28, 0, 1
11851, 497434043, 42, 0, 1
6136, 497440179, 27, 0, 1
5646, 497445825, 18, 0, 1
5656, 497451481, 30, 0, 1
11820, 497463301, 46, 0, 1
7528, 497470829, 30, 0, 1
5645, 497476474, 16, 0, 1
5649, 497482123, 23, 0, 1
11817, 497493940, 27, 0, 1
6138, 497500078, 16, 0, 1
5655, 497505733, 21, 0, 1
5626, 497511359, 25, 0, 1
11801, 497523160, 37, 0, 1
6138, 497529298, 18, 0, 1
5622, 497534920, 17, 0, 1
5621, 497540541, 20, 0, 1
11788, 497552329, 32, 0, 1
6096, 497558425, 24, 0, 1
5651, 497564076, 26, 0, 1
5651, 497569727, 20, 0, 1
11806, 497581533, 35, 0, 1
6096, 497587629, 27, 0, 1
5651, 497593280, 23, 0, 1
5657, 497598937, 14, 0, 1
11793, 497610730, 30, 0, 1
6129, 497616859, 25, 0, 1
5658, 497622517, 20, 0, 1
5652, 497628169, 13, 0, 1
11815, 497639984, 38, 0, 1
6111, 497646095, 26, 0, 1
5632, 497651727, 22, 0, 1
5652, 497657379, 22, 0, 1
11819, 497669198, 35, 0, 1
6138, 497675336, 15, 0, 1
5658, 497680994, 11, 0, 1
5665, 497686659, 27, 0, 1
11818, 497698477, 33, 0, 1
15205, 497713682, 326, 0, 1
5658, 497719340, 32, 0, 1
5651, 497724991, 30, 0, 1
11826, 497736817, 38, 0, 1
6138, 497742955, 18, 0, 1
5645, 497748600, 20, 0, 1
5658, 497754258, 10, 0, 1
11811, 497766069, 55, 0, 1
6126, 497772195, 19, 0, 1
5633, 497777828, 17, 0, 1
5637, 497783465, 23, 0, 1
11786, 497795251, 38, 0, 1
6113, 497801364, 20, 0, 1
5628, 497806992, 16, 0, 1
5652, 497812644, 13, 0, 1
11829, 497824473, 32, 0, 1
6142, 497830615, 23, 0, 1
5645, 497836260, 20, 0, 1
5651, 497841911, 26, 0, 1
13194, 497855105, 49, 0, 1
6150, 497861255, 27, 0, 1
5649, 497866904, 23, 0, 1
5657, 497872561, 20, 0, 1
11787, 497884348, 29, 0, 1
6132, 497890480, 18, 0, 1
5652, 497896132, 18, 0, 1
5633, 497901765, 20, 0, 1
11818, 497913583, 34, 0, 1
6126, 497919709, 20, 0, 1
5650, 497925359, 19, 0, 1
5658, 497931017, 16, 0, 1
11823, 497942840, 22, 0, 1
6151, 497948991, 15, 0, 1
5637, 497954628, 25, 0, 1
5642, 497960270, 19, 0, 1
11816, 497972086, 33, 0, 1
6138, 497978224, 17, 0, 1
5633, 497983857, 16, 0, 1
11812, 497995669, 33, 0, 1
5637, 498001306, 21, 0, 1
6127, 498007433, 28, 0, 1
5646, 498013079, 18, 0, 1
11800, 498024879, 31, 0, 1
5639, 498030518, 15, 0, 1
6145, 498036663, 15, 0, 1
5622, 498042285, 17, 0, 1
11829, 498054114, 41, 0, 1
5657, 498059771, 19, 0, 1
6138, 498065909, 18, 0, 1
5658, 498071567, 10, 0, 1
11820, 498083387, 38, 0, 1
5652, 498089039, 13, 0, 1
6132, 498095171, 21, 0, 1
5622, 498100793, 17, 0, 1
11806, 498112599, 45, 0, 1
5650, 498118249, 15, 0, 1
6132, 498124381, 23, 0, 1
5645, 498130026, 25, 0, 1
11831, 498141857, 20, 0, 1
5656, 498147513, 16, 0, 1
6138, 498153651, 18, 0, 1
5646, 498159297, 13, 0, 1
11810, 498171107, 33, 0, 1
5664, 498176771, 30, 0, 1
6150, 498182921, 25, 0, 1
5653, 498188574, 26, 0, 1
11806, 498200380, 29, 0, 1
5645, 498206025, 19, 0, 1
6132, 498212157, 22, 0, 1
5634, 498217791, 23, 0, 1
13196, 498230987, 42, 0, 1
5632, 498236619, 25, 0, 1
6131, 498242750, 25, 0, 1
5637, 498248387, 23, 0, 1
11797, 498260184, 46, 0, 1
5658, 498265842, 12, 0, 1
6132, 498271974, 24, 0, 1
5658, 498277632, 13, 0, 1
11813, 498289445, 45, 0, 1
5674, 498295119, 31, 0, 1
6138, 498301257, 17, 0, 1
5652, 498306909, 14, 0, 1
11814, 498318723, 35, 0, 1
5652, 498324375, 15, 0, 1
6138, 498330513, 22, 0, 1
5621, 498336134, 21, 0, 1
11780, 498347914, 33, 0, 1
5658, 498353572, 12, 0, 1
6100, 498359672, 25, 0, 1
5633, 498365305, 22, 0, 1
11792, 498377097, 35, 0, 1
5643, 498382740, 27, 0, 1
6138, 498388878, 14, 0, 1
5646, 498394524, 20, 0, 1
11799, 498406323, 37, 0, 1
5651, 498411974, 21, 0, 1
6151, 498418125, 16, 0, 1
5651, 498423776, 22, 0, 1
11817, 498435593, 32, 0, 1
5657, 498441250, 23, 0, 1
6132, 498447382, 20, 0, 1
5658, 498453040, 12, 0, 1
11801, 498464841, 31, 0, 1
5652, 498470493, 14, 0, 1
6120, 498476613, 22, 0, 1
5652, 498482265, 19, 0, 1
11817, 498494082, 31, 0, 1
5657, 498499739, 25, 0, 1
6134, 498505873, 32, 0, 1
5656, 498511529, 20, 0, 1
11807, 498523336, 31, 0, 1
5658, 498528994, 9, 0, 1
6118, 498535112, 27, 0, 1
5657, 498540769, 21, 0, 1
11792, 498552561, 37, 0, 1
5658, 498558219, 11, 0, 1
6146, 498564365, 21, 0, 1
5651, 498570016, 20, 0, 1
11812, 498581828, 44, 0, 1
894126, 499475954, 15326, 354, 5
8109, 499484063, 146, 0, 1
6426, 499490489, 29, 0, 1
18881, 499509370, 416, 10, 1
6669, 499516039, 56, 0, 1
6481, 499522520, 32, 0, 1
6449, 499528969, 14, 0, 1
14882, 499543851, 172, 1, 1
4148063, 4148063, 78640, 224, 14
13570085, 17718148, 58476, 1598, 8
19481031, 37199179, 17712, 574, 3
19142886, 56342065, 21159, 611, 3
19598030, 75940095, 19023, 867, 3
19626456, 95566551, 19805, 554, 3
19586744, 115153295, 18918, 260, 3
19706136, 134859431, 19332, 315, 3
19726604, 154586035, 19181, 318, 3
19792156, 174378191, 19497, 787, 3
19630957, 194009148, 19349, 457, 3
19639122, 213648270, 19909, 809, 3
19658882, 233307152, 19430, 557, 3
19015571, 252322723, 25009, 592, 3
19668634, 271991357, 19508, 478, 3
19691942, 291683299, 19379, 571, 3
19656684, 311339983, 19478, 691, 3
19768214, 331108197, 20069, 410, 3
19754992, 350863189, 19593, 871, 3
19685285, 370548474, 19338, 600, 3
19907640, 390456114, 18920, 363, 3
19734586, 410190700, 20037, 535, 3
19708768, 429899468, 19206, 287, 3
19748855, 449648323, 19202, 259, 3
19756945, 469405268, 19349, 974, 3
17336037, 486741305, 28657, 531, 3
8800020, 495541325, 19102, 35, 12
6108, 495547433, 384, 0, 1
6118, 495553551, 55, 4, 1
11796, 495565347, 25, 0, 1
5652, 495570999, 29, 0, 1
5637, 495576636, 22, 0, 1
15191, 495591827, 325, 0, 1
11783, 495603610, 50, 0, 1
5634, 495609244, 15, 0, 1
5651, 495614895, 18, 0, 1
6136, 495621031, 19, 0, 1
11775, 495632806, 31, 0, 1
5639, 495638445, 13, 0, 1
5666, 495644111, 30, 0, 1
6160, 495650271, 18, 0, 1
11741, 495662012, 37, 0, 1
5657, 495667669, 20, 0, 1
5652, 495673321, 13, 0, 1
6173, 495679494, 18, 0, 1
11782, 495691276, 44, 0, 1
7035, 495698311, 91, 0, 1
5651, 495703962, 20, 0, 1
6159, 495710121, 19, 0, 1
11809, 495721930, 19, 0, 1
5644, 495727574, 17, 0, 1
5639, 495733213, 24, 0, 1
6142, 495739355, 16, 0, 1
11764, 495751119, 37, 0, 1
5633, 495756752, 23, 0, 1
5657, 495762409, 24, 0, 1
6186, 495768595, 17, 0, 1
11776, 495780371, 34, 0, 1
5658, 495786029, 9, 0, 1
5657, 495791686, 15, 0, 1
6118, 495797804, 21, 0, 1
11796, 495809600, 22, 0, 1
5658, 495815258, 10, 0, 1
5658, 495820916, 12, 0, 1
6135, 495827051, 24, 0, 1
11790, 495838841, 33, 0, 1
5645, 495844486, 23, 0, 1
5658, 495850144, 10, 0, 1
6144, 495856288, 28, 0, 1
11799, 495868087, 40, 0, 1
5628, 495873715, 20, 0, 1
5657, 495879372, 16, 0, 1
6118, 495885490, 24, 0, 1
11795, 495897285, 37, 0, 1
5633, 495902918, 25, 0, 1
5658, 495908576, 11, 0, 1
6167, 495914743, 15, 0, 1
11795, 495926538, 30, 0, 1
5638, 495932176, 22, 0, 1
5658, 495937834, 10, 0, 1
6160, 495943994, 15, 0, 1
11803, 495955797, 39, 0, 1
5651, 495961448, 16, 0, 1
5658, 495967106, 13, 0, 1
11788, 495978894, 49, 0, 1
6122, 495985016, 32, 0, 1
5663, 495990679, 24, 0, 1
5658, 495996337, 9, 0, 1
11807, 496008144, 33, 0, 1
6122, 496014266, 27, 0, 1
5658, 496019924, 13, 0, 1
5658, 496025582, 9, 0, 1
11816, 496037398, 55, 0, 1
6138, 496043536, 17, 0, 1
5658, 496049194, 11, 0, 1
5662, 496054856, 29, 0, 1
11787, 496066643, 54, 0, 1
8023, 496074666, 79, 0, 1
6333, 496080999, 28, 0, 1
5641, 496086640, 28, 0, 1
12977, 496099617, 37, 0, 1
6619, 496106236, 30, 0, 1
5658, 496111894, 13, 0, 1
5658, 496117552, 13, 0, 1
11800, 496129352, 25, 0, 1
6120, 496135472, 20, 0, 1
6107, 496141579, 29, 0, 1
6135, 496147714, 22, 0, 1
12232, 496159946, 30, 0, 1
6085, 496166031, 29, 0, 1
6100, 496172131, 28, 0, 1
6116, 496178247, 15, 0, 1
12227, 496190474, 42, 0, 1
6117, 496196591, 18, 0, 1
6110, 496202701, 22, 0, 1
6092, 496208793, 20, 0, 1
12212, 496221005, 39, 0, 1
6116, 496227121, 16, 0, 1
6089, 496233210, 29, 0, 1
5674, 496238884, 33, 0, 1
11759, 496250643, 36, 0, 1
6107, 496256750, 25, 0, 1
5628, 496262378, 16, 0, 1
5652, 496268030, 12, 0, 1
11800, 496279830, 24, 0, 1
6112, 496285942, 20, 0, 1
5627, 496291569, 19, 0, 1
5652, 496297221, 13, 0, 1
11821, 496309042, 39, 0, 1
6132, 496315174, 20, 0, 1
5642, 496320816, 25, 0, 1
5666, 496326482, 25, 0, 1
11797, 496338279, 32, 0, 1
14351, 496352630, 270, 10, 1
5644, 496358274, 38, 0, 1
5651, 496363925, 22, 0, 1
11791, 496375716, 32, 0, 1
6138, 496381854, 14, 0, 1
5643, 496387497, 21, 0, 1
5655, 496393152, 21, 0, 1
11804, 496404956, 35, 0, 1
6138, 496411094, 17, 0, 1
5652, 496416746, 14, 0, 1
5652, 496422398, 13, 0, 1
11785, 496434183, 41, 0, 1
6136, 496440319, 34, 0, 1
5640, 496445959, 20, 0, 1
5652, 496451611, 14, 0, 1
13194, 496464805, 51, 0, 1
6114, 496470919, 21, 0, 1
5652, 496476571, 13, 0, 1
5646, 496482217, 26, 0, 1
11800, 496494017, 29, 0, 1
6112, 496500129, 26, 0, 1
5651, 496505780, 16, 0, 1
5652, 496511432, 12, 0, 1
11767, 496523199, 38, 0, 1
6106, 496529305, 27, 0, 1
5645, 496534950, 21, 0, 1
5657, 496540607, 19, 0, 1
11830, 496552437, 33, 0, 1
6117, 496558554, 25, 0, 1
5639, 496564193, 21, 0, 1
5652, 496569845, 12, 0, 1
11797, 496581642, 41, 0, 1
6151, 496587793, 17, 0, 1
5652, 496593445, 15, 0, 1
5645, 496599090, 15, 1, 1
12483, 496611573, 49, 0, 1
8951, 496620524, 200, 0, 1
6164, 496626688, 35, 0, 1
6355, 496633043, 22, 0, 1
13069, 496646112, 55, 0, 1
6588, 496652700, 26, 0, 1
6308, 496659008, 20, 0, 1
6308, 496665316, 21, 0, 1
12939, 496678255, 44, 0, 1
6620, 496684875, 15, 0, 1
6309, 496691184, 14, 0, 1
6309, 496697493, 18, 0, 1
12922, 496710415, 32, 0, 1
6592, 496717007, 26, 0, 1
6288, 496723295, 21, 0, 1
6311, 496729606, 31, 0, 1
12900, 496742506, 40, 0, 1
6594, 496749100, 21, 0, 1
6302, 496755402, 16, 0, 1
6303, 496761705, 18, 0, 1
12877, 496774582, 38, 0, 1
6600, 496781182, 19, 0, 1
6272, 496787454, 21, 0, 1
6309, 496793763, 21, 0, 1
12934, 496806697, 51, 0, 1
6600, 496813297, 18, 0, 1
6299, 496819596, 26, 0, 1
6303, 496825899, 17, 0, 1
12889, 496838788, 43, 0, 1
6613, 496845401, 17, 0, 1
6284, 496851685, 22, 0, 1
6307, 496857992, 29, 0, 1
14259, 496872251, 57, 0, 1
6579, 496878830, 33, 0, 1
6309, 496885139, 18, 0, 1
6297, 496891436, 17, 0, 1
12917, 496904353, 47, 0, 1
6600, 496910953, 16, 0, 1
6306, 496917259, 30, 0, 1
6309, 496923568, 13, 0, 1
12912, 496936480, 36, 0, 1
6626, 496943106, 19, 0, 1
6212, 496949318, 19, 0, 1
6282, 496955600, 27, 0, 1
12950, 496968550, 46, 0, 1
6588, 496975138, 23, 0, 1
6309, 496981447, 14, 0, 1
6303, 496987750, 17, 0, 1
12908, 497000658, 34, 0, 1
6558, 497007216, 21, 0, 1
6303, 497013519, 19, 0, 1
6300, 497019819, 24, 0, 1
13166, 497032985, 32, 0, 1
6594, 497039579, 30, 0, 1
6279, 497045858, 27, 0, 1
6302, 497052160, 16, 0, 1
12914, 497065074, 31, 0, 1
6598, 497071672, 28, 0, 1
6309, 497077981, 12, 0, 1
6309, 497084290, 13, 0, 1
12920, 497097210, 53, 0, 1
6605, 497103815, 24, 0, 1
6297, 497110112, 17, 0, 1
6292, 497116404, 28, 0, 1
12877, 497129281, 35, 0, 1
6585, 497135866, 35, 0, 1
6308, 497142174, 25, 0, 1
6309, 497148483, 15, 0, 1
12926, 497161409, 39, 0, 1
6563, 497167972, 28, 0, 1
6307, 497174279, 19, 0, 1
6303, 497180582, 16, 0, 1
12917, 497193499, 43, 0, 1
6594, 497200093, 25, 0, 1
6312, 497206405, 22, 0, 1
6309, 497212714, 16, 0, 1
12927, 497225641, 41, 0, 1
6600, 497232241, 18, 0, 1
6301, 497238542, 22, 0, 1
6294, 497244836, 29, 0, 1
12915, 497257751, 44, 0, 1
6594, 497264345, 22, 0, 1
6290, 497270635, 25, 0, 1
7686, 497278321, 24, 0, 1
12931, 497291252, 24, 0, 1
6600, 497297852, 20, 0, 1
6309, 497304161, 29, 0, 1
6309, 497310470, 12, 0, 1
12912, 497323382, 39, 0, 1
6600, 497329982, 23, 0, 1
6309, 497336291, 13, 0, 1
6319, 497342610, 30, 0, 1
12925, 497355535, 43, 0, 1
6595, 497362130, 25, 0, 1
6291, 497368421, 15, 0, 1
6303, 497374724, 16, 0, 1
12921, 497387645, 42, 0, 1
6600, 497394245, 16, 0, 1
6301, 497400546, 17, 0, 1
6300, 497406846, 33, 0, 1
12944, 497419790, 29, 0, 1
6587, 497426377, 26, 0, 1
6309, 497432686, 10, 0, 1
6303, 497438989, 18, 0, 1
12901, 497451890, 34, 0, 1
6589, 497458479, 28, 0, 1
6261, 497464740, 20, 0, 1
6297, 497471037, 27, 0, 1
12897, 497483934, 40, 0, 1
6607, 497490541, 19, 0, 1
6273, 497496814, 23, 0, 1
6309, 497503123, 10, 0, 1
12926, 497516049, 29, 0, 1
6600, 497522649, 18, 0, 1
6273, 497528922, 19, 0, 1
6309, 497535231, 12, 0, 1
12925, 497548156, 34, 0, 1
6586, 497554742, 33, 0, 1
6309, 497561051, 12, 0, 1
6303, 497567354, 17, 0, 1
12931, 497580285, 43, 0, 1
6600, 497586885, 17, 0, 1
6289, 497593174, 22, 0, 1
6309, 497599483, 11, 0, 1
12928, 497612411, 39, 0, 1
6613, 497619024, 17, 0, 1
6294, 497625318, 26, 0, 1
6308, 497631626, 22, 0, 1
12925, 497644551, 37, 0, 1
6600, 497651151, 15, 0, 1
6297, 497657448, 14, 0, 1
6302, 497663750, 22, 0, 1
12887, 497676637, 37, 0, 1
6600, 497683237, 18, 0, 1
7654, 497690891, 34, 0, 1
6303, 497697194, 17, 0, 1
12892, 497710086, 38, 0, 1
6613, 497716699, 14, 0, 1
6296, 497722995, 19, 0, 1
6309, 497729304, 14, 0, 1
12925, 497742229, 36, 0, 1
6600, 497748829, 18, 0, 1
6291, 497755120, 14, 0, 1
6309, 497761429, 19, 0, 1
12965, 497774394, 49, 0, 1
6552, 497780946, 27, 0, 1
6271, 497787217, 23, 0, 1
6294, 497793511, 29, 0, 1
12929, 497806440, 43, 0, 1
6599, 497813039, 25, 0, 1
6313, 497819352, 19, 0, 1
6309, 497825661, 15, 0, 1
12918, 497838579, 46, 0, 1
6593, 497845172, 23, 0, 1
6261, 497851433, 23, 0, 1
6302, 497857735, 22, 0, 1
12918, 497870653, 34, 0, 1
6581, 497877234, 30, 0, 1
6297, 497883531, 16, 0, 1
6290, 497889821, 22, 0, 1
12936, 497902757, 47, 0, 1
855342, 498758099, 13162, 352, 5
51657, 498809756, 2173, 12, 1
6856, 498816612, 67, 0, 1
13386, 498829998, 71, 0, 1
14751, 498844749, 372, 8, 1
6664, 498851413, 32, 0, 1
6635, 498858048, 27, 0, 1
15050, 498873098, 162, 5, 1
6836, 498879934, 35, 0, 1
2040434, 2040434, 46766, 94, 4
8978399, 11018833, 81732, 1402, 8
19355675, 30374508, 18880, 752, 3
19185989, 49560497, 23725, 786, 3
19109094, 68669591, 17905, 705, 3
19602152, 88271743, 18435, 584, 3
19552663, 107824406, 18580, 294, 3
18489913, 126314319, 25515, 775, 3
19314248, 145628567, 19012, 299, 3
19806382, 165434949, 19007, 659, 3
19668400, 185103349, 20638, 424, 3
19414241, 204517590, 20156, 778, 3
19708017, 224225607, 19080, 822, 3
19482947, 243708554, 18833, 352, 3
18331142, 262039696, 24834, 660, 3
19347103, 281386799, 18909, 573, 3
19293281, 300680080, 18839, 466, 3
19721596, 320401676, 18012, 509, 3
19756398, 340158074, 18532, 969, 3
19724146, 359882220, 18773, 449, 3
19730016, 379612236, 18112, 506, 3
19725846, 399338082, 17931, 410, 3
19669101, 419007183, 18600, 557, 3
19669288, 438676471, 18889, 205, 3
19680242, 458356713, 18257, 665, 3
19710807, 478067520, 18495, 945, 3
13818755, 491886275, 29651, 100, 19
4462342, 496348617, 9672, 14, 6
5652, 496354269, 23, 0, 1
5649, 496359918, 28, 0, 1
6154, 496366072, 18, 0, 1
11778, 496377850, 49, 0, 1
5658, 496383508, 12, 0, 1
5652, 496389160, 14, 0, 1
6167, 496395327, 21, 0, 1
11777, 496407104, 35, 0, 1
5658, 496412762, 10, 0, 1
5656, 496418418, 20, 0, 1
6154, 496424572, 20, 0, 1
11796, 496436368, 23, 0, 1
5658, 496442026, 12, 0, 1
5652, 496447678, 18, 0, 1
6167, 496453845, 20, 0, 1
11796, 496465641, 23, 0, 1
5658, 496471299, 13, 0, 1
5646, 496476945, 21, 0, 1
6154, 496483099, 23, 0, 1
11808, 496494907, 29, 0, 1
5616, 496500523, 17, 0, 1
5651, 496506174, 15, 0, 1
6142, 496512316, 23, 0, 1
11796, 496524112, 27, 0, 1
5658, 496529770, 13, 0, 1
5658, 496535428, 12, 0, 1
6186, 496541614, 18, 0, 1
11796, 496553410, 23, 0, 1
5640, 496559050, 20, 0, 1
5646, 496564696, 14, 0, 1
6154, 496570850, 19, 0, 1
11803, 496582653, 32, 0, 1
5658, 496588311, 15, 0, 1
5658, 496593969, 12, 0, 1
6160, 496600129, 16, 0, 1
11772, 496611901, 32, 0, 1
5658, 496617559, 11, 0, 1
5652, 496623211, 13, 0, 1
15254, 496638465, 295, 0, 1
11766, 496650231, 47, 0, 1
5658, 496655889, 13, 0, 1
5646, 496661535, 13, 0, 1
6154, 496667689, 19, 0, 1
11795, 496679484, 23, 0, 1
5658, 496685142, 12, 0, 1
5658, 496690800, 11, 0, 1
6173, 496696973, 19, 0, 1
11802, 496708775, 30, 0, 1
5651, 496714426, 15, 0, 1
5658, 496720084, 13, 0, 1
7531, 496727615, 72, 0, 1
11809, 496739424, 24, 0, 1
5658, 496745082, 13, 0, 1
5658, 496750740, 12, 0, 1
6153, 496756893, 22, 0, 1
11796, 496768689, 21, 0, 1
5658, 496774347, 15, 0, 1
5658, 496780005, 11, 0, 1
11831, 496791836, 23, 0, 1
6138, 496797974, 14, 0, 1
5658, 496803632, 11, 0, 1
5658, 496809290, 15, 0, 1
11818, 496821108, 30, 0, 1
6150, 496827258, 17, 0, 1
5658, 496832916, 12, 0, 1
5658, 496838574, 12, 0, 1
11812, 496850386, 22, 0, 1
6132, 496856518, 17, 0, 1
5658, 496862176, 15, 0, 1
5652, 496867828, 12, 0, 1
12529, 496880357, 92, 0, 1
6624, 496886981, 28, 0, 1
6367, 496893348, 22, 0, 1
6333, 496899681, 14, 0, 1
12280, 496911961, 33, 0, 1
6138, 496918099, 15, 0, 1
5658, 496923757, 11, 0, 1
5658, 496929415, 11, 0, 1
12293, 496941708, 41, 0, 1
6110, 496947818, 17, 0, 1
6116, 496953934, 17, 0, 1
6116, 496960050, 17, 0, 1
12197, 496972247, 38, 0, 1
6103, 496978350, 22, 0, 1
6103, 496984453, 22, 0, 1
6116, 496990569, 17, 0, 1
12207, 497002776, 35, 0, 1
6110, 497008886, 21, 0, 1
6116, 497015002, 18, 0, 1
5658, 497020660, 15, 0, 1
12247, 497032907, 42, 0, 1
6116, 497039023, 17, 0, 1
6091, 497045114, 25, 0, 1
5658, 497050772, 18, 0, 1
11765, 497062537, 35, 0, 1
6151, 497068688, 16, 0, 1
5652, 497074340, 12, 0, 1
5658, 497079998, 14, 0, 1
11818, 497091816, 26, 0, 1
6138, 497097954, 16, 0, 1
5658, 497103612, 13, 0, 1
7035, 497110647, 27, 0, 1
11799, 497122446, 37, 0, 1
6138, 497128584, 16, 0, 1
5645, 497134229, 18, 0, 1
5652, 497139881, 15, 0, 1
11805, 497151686, 24, 0, 1
6132, 497157818, 19, 0, 1
5652, 497163470, 16, 0, 1
5658, 497169128, 11, 0, 1
11806, 497180934, 34, 0, 1
6138, 497187072, 14, 0, 1
5658, 497192730, 12, 0, 1
5657, 497198387, 16, 0, 1
11818, 497210205, 26, 0, 1
6145, 497216350, 20, 0, 1
5651, 497222001, 16, 0, 1
5658, 497227659, 14, 0, 1
11799, 497239458, 31, 0, 1
6138, 497245596, 18, 0, 1
5658, 497251254, 13, 0, 1
5658, 497256912, 9, 0, 1
11831, 497268743, 22, 0, 1
6138, 497274881, 16, 0, 1
5628, 497280509, 16, 0, 1
5652, 497286161, 13, 0, 1
11805, 497297966, 31, 0, 1
6177, 497304143, 19, 0, 1
5640, 497309783, 18, 0, 1
5658, 497315441, 13, 0, 1
11818, 497327259, 26, 0, 1
6137, 497333396, 19, 0, 1
5652, 497339048, 12, 0, 1
5658, 497344706, 13, 0, 1
11825, 497356531, 19, 0, 1
6138, 497362669, 16, 0, 1
5652, 497368321, 11, 0, 1
5651, 497373972, 13, 0, 1
11800, 497385772, 26, 0, 1
6138, 497391910, 17, 0, 1
5652, 497397562, 16, 0, 1
5658, 497403220, 11, 0, 1
11788, 497415008, 37, 0, 1
6138, 497421146, 15, 0, 1
5640, 497426786, 17, 0, 1
5658, 497432444, 11, 0, 1
11817, 497444261, 25, 0, 1
6151, 497450412, 18, 0, 1
5658, 497456070, 12, 0, 1
5658, 497461728, 14, 0, 1
11805, 497473533, 36, 0, 1
6138, 497479671, 16, 0, 1
7035, 497486706, 30, 0, 1
5658, 497492364, 13, 0, 1
11801, 497504165, 31, 0, 1
6132, 497510297, 23, 0, 1
5652, 497515949, 13, 0, 1
5652, 497521601, 13, 0, 1
11817, 497533418, 22, 0, 1
6151, 497539569, 18, 0, 1
5616, 497545185, 22, 0, 1
5658, 497550843, 14, 0, 1
11815, 497562658, 38, 0, 1
6132, 497568790, 19, 0, 1
5663, 497574453, 18, 0, 1
5658, 497580111, 10, 0, 1
11831, 497591942, 24, 0, 1
6138, 497598080, 14, 0, 1
5652, 497603732, 15, 0, 1
5658, 497609390, 13, 0, 1
11811, 497621201, 38, 0, 1
6137, 497627338, 19, 0, 1
5653, 497632991, 12, 0, 1
5658, 497638649, 11, 0, 1
11817, 497650466, 42, 0, 1
6132, 497656598, 18, 0, 1
5646, 497662244, 13, 0, 1
5658, 497667902, 21, 0, 1
11806, 497679708, 21, 0, 1
6164, 497685872, 16, 0, 1
5658, 497691530, 17, 0, 1
5658, 497697188, 13, 0, 1
11818, 497709006, 22, 0, 1
6145, 497715151, 13, 0, 1
5658, 497720809, 14, 0, 1
5658, 497726467, 10, 0, 1
11800, 497738267, 36, 0, 1
6132, 497744399, 18, 0, 1
5646, 497750045, 13, 0, 1
5658, 497755703, 11, 0, 1
11775, 497767478, 32, 0, 1
6145, 497773623, 17, 0, 1
6116, 497779739, 20, 0, 1
5658, 497785397, 16, 0, 1
11790, 497797187, 21, 0, 1
6138, 497803325, 16, 0, 1
5658, 497808983, 11, 0, 1
5658, 497814641, 11, 0, 1
11788, 497826429, 33, 0, 1
6132, 497832561, 18, 0, 1
5658, 497838219, 13, 0, 1
5658, 497843877, 12, 0, 1
11817, 497855694, 33, 0, 1
7515, 497863209, 30, 0, 1
5658, 497868867, 14, 0, 1
5658, 497874525, 13, 0, 1
11831, 497886356, 22, 0, 1
6138, 497892494, 17, 0, 1
5658, 497898152, 13, 0, 1
5657, 497903809, 18, 0, 1
11812, 497915621, 33, 0, 1
6151, 497921772, 15, 0, 1
5658, 497927430, 11, 0, 1
5658, 497933088, 12, 0, 1
11758, 497944846, 35, 0, 1
6138, 497950984, 16, 0, 1
5658, 497956642, 13, 0, 1
5651, 497962293, 18, 0, 1
11820, 497974113, 22, 0, 1
6138, 497980251, 14, 0, 1
5658, 497985909, 13, 0, 1
5658, 497991567, 9, 0, 1
11818, 498003385, 25, 0, 1
6151, 498009536, 14, 0, 1
5658, 498015194, 11, 0, 1
5640, 498020834, 15, 0, 1
11819, 498032653, 20, 0, 1
6138, 498038791, 18, 0, 1
5658, 498044449, 12, 0, 1
5658, 498050107, 13, 0, 1
11824, 498061931, 29, 0, 1
6138, 498068069, 16, 0, 1
5658, 498073727, 11, 0, 1
5646, 498079373, 15, 0, 1
11807, 498091180, 34, 0, 1
6126, 498097306, 24, 0, 1
5658, 498102964, 12, 0, 1
5658, 498108622, 10, 0, 1
11830, 498120452, 22, 0, 1
6138, 498126590, 15, 0, 1
5658, 498132248, 10, 0, 1
5658, 498137906, 12, 0, 1
11804, 498149710, 40, 0, 1
6151, 498155861, 18, 0, 1
5658, 498161519, 13, 0, 1
5658, 498167177, 12, 0, 1
11806, 498178983, 29, 0, 1
6138, 498185121, 16, 0, 1
5658, 498190779, 12, 0, 1
5658, 498196437, 15, 0, 1
11830, 498208267, 34, 0, 1
6132, 498214399, 20, 0, 1
5628, 498220027, 19, 0, 1
5652, 498225679, 12, 0, 1
13200, 498238879, 38, 0, 1
6151, 498245030, 18, 0, 1
5651, 498250681, 15, 0, 1
5646, 498256327, 15, 0, 1
11812, 498268139, 20, 0, 1
6138, 498274277, 16, 0, 1
5652, 498279929, 15, 0, 1
5651, 498285580, 14, 0, 1
12713, 498298293, 95, 1, 1
6138, 498304431, 15, 0, 1
5658, 498310089, 9, 0, 1
5658, 498315747, 12, 0, 1
11818, 498327565, 20, 0, 1
6138, 498333703, 18, 0, 1
5657, 498339360, 17, 0, 1
5658, 498345018, 14, 0, 1
11805, 498356823, 39, 0, 1
6138, 498362961, 13, 0, 1
5646, 498368607, 15, 0, 1
5658, 498374265, 12, 0, 1
11800, 498386065, 28, 0, 1
6115, 498392180, 25, 0, 1
5652, 498397832, 13, 0, 1
5657, 498403489, 23, 0, 1
11806, 498415295, 26, 0, 1
6138, 498421433, 17, 0, 1
5658, 498427091, 11, 0, 1
5658, 498432749, 14, 0, 1
11844, 498444593, 18, 0, 1
6145, 498450738, 19, 0, 1
5658, 498456396, 11, 0, 1
5658, 498462054, 12, 0, 1
11818, 498473872, 30, 0, 1
6151, 498480023, 18, 0, 1
5658, 498485681, 14, 0, 1
5658, 498491339, 9, 0, 1
11805, 498503144, 30, 0, 1
6138, 498509282, 16, 0, 1
5658, 498514940, 12, 0, 1
5658, 498520598, 14, 0, 1
11831, 498532429, 23, 0, 1
6138, 498538567, 15, 0, 1
5658, 498544225, 9, 0, 1
5658, 498549883, 12, 0, 1
11811, 498561694, 36, 0, 1
6102, 498567796, 22, 0, 1
5647, 498573443, 17, 0, 1
5658, 498579101, 15, 0, 1
11794, 498590895, 35, 0, 1
699986, 499290881, 12049, 408, 5
213161, 499504042, 3368, 22, 1
6688, 499510730, 54, 0, 1
502913, 500013643, 116, 0, 1
12113, 500025756, 340, 17, 1
6666, 500032422, 45, 0, 1
6443, 500038865, 20, 0, 1
14668, 500053533, 155, 1, 1
6624, 500060157, 32, 0, 1
