0,1,152139684.8,2967176654.3650727
2,152139685.8,177156000.75,2644991375.7880425
6,177156001.75,219557203.36,2131834795.7711167
0,219557204.36,371626975.93999994,2967176654.3650727
2,371626976.93999994,3836613984.0899982,2644991375.7880425
6,3836613985.0899982,3856601462.1399984,2131834795.7711167
10,3856601463.1399984,3887203644.5299983,797661017.4990699
7,3887203645.5299983,3893052519.2899985,542489602.1879772
8,3893052520.2899985,3900875289.8599987,498751948.10867727
1,3900875290.8599987,3938939262.4899983,1404728713.4590423
6,3938939263.4899983,3953179519.541019,2131834795.7711167
10,3953179520.541019,3975885808.473406,797661017.4990699
6,3975885809.473406,3995356240.473406,2131834795.7711167
