2, 1, 3192132, 319213.100
28, 3192133, 9726633, 1306900.000
17, 9726634, 26227077, 1650044.300
26, 26227078, 33684033, 1491391.000
5, 33684034, 38961998, 1055592.800
10, 38961999, 51699252, 2547450.600
3, 51699253, 817587624, 2511109.413
9, 817587625, 841319285, 2373166.000
3, 841319286, 853232200, 2382582.800
9, 853232201, 876928635, 2369643.400
3, 876928636, 888756321, 2365537.000
9, 888756322, 1111345340, 2343042.295
25, 1111345341, 1122921294, 2315190.600
9, 1122921295, 1283871389, 2299287.057
21, 1283871390, 1292957215, 1817165.000
8, 1292957216, 1569817064, 1538110.267
5, 1569817065, 1573282177, 693022.400
7, 1573282178, 1601491385, 626871.267
5, 1601491386, 1641585334, 1336464.933
19, 1641585335, 1642644532, 211839.400
25, 1642644533, 1655670635, 1302610.200
6, 1655670636, 1655834655, 4100.475
