4360287, 4360287, 84836, 439, 16
14765383, 19125670, 50623, 3181, 8
19319481, 38445151, 17284, 2116, 3
19369656, 57814807, 20897, 1240, 3
19528522, 77343329, 22198, 1012, 3
19702923, 97046252, 18400, 1327, 3
19600881, 116647133, 18682, 1729, 3
18789228, 135436361, 24109, 2652, 7
19146166, 154582527, 19533, 1289, 3
19839662, 174422189, 18554, 1610, 3
19607983, 194030172, 21321, 938, 3
19667257, 213697429, 19034, 2741, 7
19579859, 233277288, 19530, 1630, 3
19482404, 252759692, 20230, 1227, 3
18571910, 271331602, 23412, 2005, 7
19728561, 291060163, 18921, 981, 3
18871381, 309931544, 19577, 2251, 7
19763200, 329694744, 18886, 1696, 3
19741135, 349435879, 19182, 3077, 7
19663254, 369099133, 18498, 2119, 3
19746523, 388845656, 19644, 1230, 3
19784712, 408630368, 18601, 2371, 7
19737048, 428367416, 18733, 921, 3
19742067, 448109483, 18579, 1988, 3
19683141, 467792624, 18923, 3462, 7
17707596, 485500220, 28735, 2610, 7
10277515, 495777735, 17205, 27, 12
543846, 496321581, 3167, 31, 1
11762, 496333343, 65, 0, 1
5640, 496338983, 21, 0, 1
6148, 496345131, 23, 0, 1
5656, 496350787, 29, 0, 1
11735, 496362522, 45, 0, 1
5658, 496368180, 19, 0, 1
6155, 496374335, 22, 0, 1
5648, 496379983, 27, 0, 1
11778, 496391761, 36, 0, 1
5641, 496397402, 28, 0, 1
6154, 496403556, 19, 0, 1
5658, 496409214, 11, 0, 1
20875, 496430089, 319, 1, 1
5646, 496435735, 20, 0, 1
6160, 496441895, 19, 0, 1
11789, 496453684, 37, 0, 1
5658, 496459342, 11, 0, 1
5622, 496464964, 19, 0, 1
6173, 496471137, 20, 0, 1
11789, 496482926, 60, 5, 1
5639, 496488565, 20, 0, 1
5644, 496494209, 26, 0, 1
6136, 496500345, 24, 0, 1
11760, 496512105, 37, 0, 1
5658, 496517763, 13, 0, 1
5663, 496523426, 36, 0, 1
7508, 496530934, 106, 0, 1
11760, 496542694, 33, 0, 1
5658, 496548352, 13, 0, 1
5652, 496554004, 15, 0, 1
6160, 496560164, 17, 0, 1
11806, 496571970, 45, 0, 1
5627, 496577597, 22, 0, 1
5652, 496583249, 14, 0, 1
6154, 496589403, 20, 0, 1
11744, 496601147, 44, 0, 1
5658, 496606805, 9, 0, 1
5652, 496612457, 14, 0, 1
6150, 496618607, 22, 0, 1
11767, 496630374, 32, 0, 1
5646, 496636020, 15, 0, 1
5626, 496641646, 21, 0, 1
6160, 496647806, 22, 0, 1
11790, 496659596, 39, 0, 1
5662, 496665258, 18, 0, 1
5646, 496670904, 14, 0, 1
6133, 496677037, 27, 0, 1
11778, 496688815, 47, 0, 1
5652, 496694467, 19, 0, 1
5658, 496700125, 10, 0, 1
6141, 496706266, 29, 0, 1
11777, 496718043, 51, 0, 1
5634, 496723677, 20, 0, 1
5658, 496729335, 11, 0, 1
6140, 496735475, 23, 0, 1
11795, 496747270, 39, 0, 1
5640, 496752910, 13, 0, 1
5658, 496758568, 9, 0, 1
6135, 496764703, 28, 0, 1
11795, 496776498, 33, 0, 1
5658, 496782156, 8, 0, 1
5657, 496787813, 18, 0, 1
6160, 496793973, 18, 0, 1
11795, 496805768, 44, 0, 1
5638, 496811406, 26, 0, 1
5658, 496817064, 14, 0, 1
6160, 496823224, 16, 0, 1
11795, 496835019, 42, 0, 1
5632, 496840651, 21, 0, 1
5646, 496846297, 12, 0, 1
6669, 496852966, 77, 0, 1
12976, 496865942, 68, 0, 1
6463, 496872405, 35, 0, 1
5628, 496878033, 24, 0, 1
6611, 496884644, 29, 0, 1
12245, 496896889, 29, 0, 1
6074, 496902963, 26, 0, 1
7485, 496910448, 31, 0, 1
6086, 496916534, 19, 0, 1
12193, 496928727, 45, 0, 1
6095, 496934822, 29, 0, 1
6116, 496940938, 17, 0, 1
6129, 496947067, 18, 0, 1
12232, 496959299, 29, 0, 1
6103, 496965402, 30, 0, 1
6110, 496971512, 16, 0, 1
6116, 496977628, 18, 0, 1
12196, 496989824, 36, 0, 1
6142, 496995966, 17, 0, 1
6084, 497002050, 26, 0, 1
6110, 497008160, 24, 0, 1
11740, 497019900, 36, 0, 1
6121, 497026021, 23, 0, 1
5638, 497031659, 24, 0, 1
6116, 497037775, 30, 0, 1
11797, 497049572, 46, 0, 1
5652, 497055224, 17, 0, 1
5660, 497060884, 27, 0, 1
6154, 497067038, 17, 0, 1
11776, 497078814, 37, 0, 1
5645, 497084459, 23, 0, 1
5658, 497090117, 8, 0, 1
6164, 497096281, 23, 0, 1
11778, 497108059, 32, 0, 1
5652, 497113711, 15, 0, 1
5658, 497119369, 9, 0, 1
6142, 497125511, 20, 0, 1
11770, 497137281, 43, 0, 1
5658, 497142939, 8, 0, 1
5653, 497148592, 23, 0, 1
6146, 497154738, 25, 0, 1
11795, 497166533, 33, 0, 1
5652, 497172185, 13, 0, 1
5658, 497177843, 10, 0, 1
6161, 497184004, 22, 0, 1
11793, 497195797, 40, 0, 1
5615, 497201412, 16, 0, 1
5658, 497207070, 13, 0, 1
6147, 497213217, 19, 0, 1
11805, 497225022, 46, 0, 1
5632, 497230654, 21, 0, 1
5657, 497236311, 15, 0, 1
6153, 497242464, 24, 0, 1
11790, 497254254, 30, 0, 1
6115, 497260369, 17, 0, 1
5574, 497265943, 9, 0, 1
6119, 497272062, 22, 0, 1
11772, 497283834, 32, 0, 1
7473, 497291307, 41, 0, 1
5658, 497296965, 13, 0, 1
6105, 497303070, 24, 0, 1
11769, 497314839, 40, 0, 1
5634, 497320473, 13, 0, 1
5657, 497326130, 15, 0, 1
6166, 497332296, 23, 0, 1
11778, 497344074, 28, 0, 1
5616, 497349690, 17, 0, 1
5645, 497355335, 23, 0, 1
6140, 497361475, 25, 0, 1
11780, 497373255, 32, 0, 1
5621, 497378876, 16, 0, 1
5658, 497384534, 9, 0, 1
6147, 497390681, 17, 0, 1
11769, 497402450, 37, 0, 1
5633, 497408083, 20, 0, 1
5651, 497413734, 18, 0, 1
6173, 497419907, 14, 0, 1
11780, 497431687, 44, 0, 1
5633, 497437320, 26, 0, 1
5657, 497442977, 15, 0, 1
6160, 497449137, 17, 0, 1
11769, 497460906, 33, 0, 1
5658, 497466564, 20, 0, 1
5646, 497472210, 12, 0, 1
6167, 497478377, 19, 0, 1
11788, 497490165, 36, 0, 1
5660, 497495825, 28, 0, 1
5652, 497501477, 19, 0, 1
6160, 497507637, 19, 0, 1
11786, 497519423, 46, 0, 1
5640, 497525063, 14, 0, 1
5645, 497530708, 17, 0, 1
6148, 497536856, 19, 0, 1
11771, 497548627, 32, 0, 1
5646, 497554273, 16, 0, 1
5657, 497559930, 20, 0, 1
6158, 497566088, 28, 0, 1
11781, 497577869, 40, 0, 1
5622, 497583491, 19, 0, 1
5649, 497589140, 29, 0, 1
6124, 497595264, 21, 0, 1
11809, 497607073, 21, 0, 1
5620, 497612693, 19, 0, 1
5658, 497618351, 10, 0, 1
6142, 497624493, 21, 0, 1
11771, 497636264, 36, 0, 1
6103, 497642367, 22, 0, 1
5639, 497648006, 16, 0, 1
6133, 497654139, 21, 0, 1
13155, 497667294, 41, 0, 1
6098, 497673392, 20, 0, 1
5639, 497679031, 19, 0, 1
6138, 497685169, 24, 0, 1
11796, 497696965, 22, 0, 1
6117, 497703082, 20, 0, 1
5652, 497708734, 15, 0, 1
6131, 497714865, 28, 0, 1
11765, 497726630, 36, 0, 1
6104, 497732734, 24, 0, 1
5645, 497738379, 20, 0, 1
6096, 497744475, 26, 0, 1
11823, 497756298, 35, 0, 1
5640, 497761938, 16, 0, 1
5658, 497767596, 10, 0, 1
6160, 497773756, 15, 0, 1
11770, 497785526, 40, 0, 1
5652, 497791178, 11, 0, 1
5658, 497796836, 9, 0, 1
6131, 497802967, 26, 0, 1
12213, 497815180, 49, 0, 1
5634, 497820814, 18, 0, 1
5646, 497826460, 10, 0, 1
6147, 497832607, 20, 0, 1
11777, 497844384, 46, 0, 1
5650, 497850034, 19, 0, 1
5639, 497855673, 21, 0, 1
6142, 497861815, 23, 0, 1
11784, 497873599, 29, 0, 1
5640, 497879239, 15, 0, 1
5658, 497884897, 11, 0, 1
6149, 497891046, 20, 0, 1
11770, 497902816, 41, 0, 1
5611, 497908427, 18, 0, 1
5655, 497914082, 31, 0, 1
6153, 497920235, 25, 0, 1
11769, 497932004, 48, 0, 1
5638, 497937642, 19, 0, 1
5620, 497943262, 19, 0, 1
6149, 497949411, 25, 0, 1
11760, 497961171, 28, 0, 1
5658, 497966829, 14, 0, 1
5646, 497972475, 17, 0, 1
6160, 497978635, 22, 0, 1
11797, 497990432, 26, 0, 1
5641, 497996073, 23, 0, 1
5639, 498001712, 32, 0, 1
6142, 498007854, 23, 0, 1
11776, 498019630, 32, 0, 1
5655, 498025285, 27, 0, 1
5655, 498030940, 28, 0, 1
6137, 498037077, 20, 0, 1
13170, 498050247, 65, 0, 1
5639, 498055886, 17, 0, 1
5651, 498061537, 29, 0, 1
6160, 498067697, 19, 0, 1
11783, 498079480, 34, 0, 1
5666, 498085146, 27, 0, 1
5658, 498090804, 10, 0, 1
6149, 498096953, 28, 0, 1
11760, 498108713, 39, 0, 1
5640, 498114353, 18, 0, 1
5646, 498119999, 12, 0, 1
13960, 498133959, 251, 16, 1
11746, 498145705, 47, 0, 1
5658, 498151363, 10, 0, 1
5646, 498157009, 20, 0, 1
6136, 498163145, 20, 0, 1
11796, 498174941, 23, 0, 1
5658, 498180599, 12, 0, 1
5646, 498186245, 13, 0, 1
6131, 498192376, 21, 0, 1
11767, 498204143, 47, 0, 1
5650, 498209793, 20, 0, 1
5656, 498215449, 20, 0, 1
6140, 498221589, 26, 0, 1
11810, 498233399, 28, 0, 1
5632, 498239031, 25, 0, 1
5649, 498244680, 30, 0, 1
6160, 498250840, 15, 0, 1
11790, 498262630, 25, 0, 1
5632, 498268262, 22, 0, 1
5658, 498273920, 11, 0, 1
6141, 498280061, 25, 0, 1
11770, 498291831, 32, 0, 1
5652, 498297483, 12, 0, 1
5661, 498303144, 23, 0, 1
6134, 498309278, 25, 0, 1
11787, 498321065, 41, 0, 1
5658, 498326723, 10, 0, 1
5652, 498332375, 12, 0, 1
6147, 498338522, 22, 0, 1
11781, 498350303, 41, 0, 1
5658, 498355961, 9, 0, 1
5640, 498361601, 16, 0, 1
6173, 498367774, 16, 0, 1
11783, 498379557, 32, 0, 1
5620, 498385177, 20, 0, 1
5652, 498390829, 19, 0, 1
6136, 498396965, 22, 0, 1
11753, 498408718, 29, 0, 1
5646, 498414364, 16, 0, 1
7022, 498421386, 41, 0, 1
6173, 498427559, 18, 0, 1
11796, 498439355, 22, 0, 1
5655, 498445010, 25, 0, 1
5639, 498450649, 15, 0, 1
11818, 498462467, 25, 0, 1
6145, 498468612, 19, 0, 1
5634, 498474246, 14, 0, 1
5658, 498479904, 11, 0, 1
11812, 498491716, 24, 0, 1
6138, 498497854, 15, 0, 1
5658, 498503512, 11, 0, 1
5658, 498509170, 9, 0, 1
11838, 498521008, 21, 0, 1
6132, 498527140, 21, 0, 1
5658, 498532798, 13, 0, 1
5658, 498538456, 11, 0, 1
11818, 498550274, 32, 0, 1
6151, 498556425, 18, 0, 1
5658, 498562083, 11, 0, 1
5658, 498567741, 11, 0, 1
11811, 498579552, 35, 0, 1
6138, 498585690, 18, 0, 1
5658, 498591348, 14, 0, 1
5658, 498597006, 10, 0, 1
11831, 498608837, 28, 0, 1
6138, 498614975, 18, 0, 1
5640, 498620615, 19, 0, 1
8991, 498629606, 163, 0, 1
874155, 499503761, 15208, 461, 5
6701, 499510462, 70, 0, 1
10511, 499520973, 369, 6, 1
6653, 499527626, 46, 0, 1
15218, 499542844, 65, 2, 1
7787, 499550631, 120, 0, 1
6661, 499557292, 31, 0, 1
7078, 499564370, 37, 1, 1
3290971, 3290971, 63282, 277, 14
10714844, 14005815, 67044, 3162, 8
19571867, 33577682, 18397, 1877, 3
19019801, 52597483, 20296, 1877, 3
19399075, 71996558, 21113, 1100, 3
19652949, 91649507, 19103, 1435, 3
19561149, 111210656, 17477, 1665, 3
18804811, 130015467, 24508, 2650, 7
19040892, 149056359, 18985, 1532, 3
19875369, 168931728, 19737, 1856, 3
19703244, 188634972, 20498, 601, 3
19566649, 208201621, 18726, 1917, 3
19663254, 227864875, 18867, 2535, 7
19331332, 247196207, 20558, 713, 3
18399310, 265595517, 24378, 2264, 7
19527348, 285122865, 18995, 795, 3
19670643, 304793508, 19070, 1910, 3
19660343, 324453851, 20381, 1605, 3
19711288, 344165139, 19229, 2458, 7
19630708, 363795847, 19047, 2208, 3
19789388, 383585235, 18316, 839, 3
19625479, 403210714, 19652, 2049, 3
19775185, 422985899, 18907, 676, 3
19753954, 442739853, 18912, 1477, 3
19798469, 462538322, 20287, 2004, 3
19710126, 482248448, 19489, 2701, 7
11495113, 493743561, 28250, 166, 19
2629927, 496373488, 6140, 16, 5
11759, 496385247, 53, 0, 1
6151, 496391398, 17, 0, 1
5626, 496397024, 23, 0, 1
5658, 496402682, 11, 0, 1
11799, 496414481, 39, 0, 1
6138, 496420619, 14, 0, 1
5644, 496426263, 24, 0, 1
5652, 496431915, 23, 0, 1
11803, 496443718, 37, 0, 1
6138, 496449856, 15, 0, 1
5644, 496455500, 18, 0, 1
5646, 496461146, 19, 0, 1
11799, 496472945, 39, 0, 1
6132, 496479077, 17, 0, 1
5658, 496484735, 9, 0, 1
5658, 496490393, 13, 0, 1
11853, 496502246, 41, 0, 1
6138, 496508384, 16, 0, 1
5650, 496514034, 20, 0, 1
5648, 496519682, 26, 0, 1
11780, 496531462, 50, 0, 1
6127, 496537589, 23, 0, 1
5652, 496543241, 14, 0, 1
5650, 496548891, 27, 0, 1
11810, 496560701, 42, 0, 1
6138, 496566839, 19, 0, 1
5645, 496572484, 25, 0, 1
5632, 496578116, 18, 0, 1
20874, 496598990, 341, 0, 1
6106, 496605096, 25, 0, 1
5651, 496610747, 19, 0, 1
5658, 496616405, 12, 0, 1
11792, 496628197, 32, 0, 1
6151, 496634348, 17, 0, 1
5626, 496639974, 20, 0, 1
5658, 496645632, 9, 0, 1
13161, 496658793, 122, 0, 1
6138, 496664931, 19, 0, 1
5651, 496670582, 14, 0, 1
5658, 496676240, 25, 0, 1
11801, 496688041, 40, 0, 1
6138, 496694179, 14, 0, 1
5657, 496699836, 19, 0, 1
5622, 496705458, 19, 0, 1
11818, 496717276, 37, 0, 1
6125, 496723401, 26, 0, 1
5643, 496729044, 21, 0, 1
5658, 496734702, 10, 0, 1
11812, 496746514, 30, 0, 1
6138, 496752652, 18, 0, 1
5633, 496758285, 22, 0, 1
5659, 496763944, 29, 0, 1
11770, 496775714, 29, 0, 1
6127, 496781841, 24, 0, 1
5658, 496787499, 9, 0, 1
5648, 496793147, 24, 0, 1
11791, 496804938, 39, 0, 1
6143, 496811081, 36, 0, 1
5658, 496816739, 14, 0, 1
5644, 496822383, 17, 0, 1
11825, 496834208, 33, 0, 1
6138, 496840346, 17, 0, 1
5644, 496845990, 18, 0, 1
5658, 496851648, 13, 0, 1
11797, 496863445, 47, 0, 1
6164, 496869609, 16, 0, 1
5658, 496875267, 14, 0, 1
5657, 496880924, 20, 0, 1
11818, 496892742, 45, 0, 1
6660, 496899402, 69, 0, 1
6333, 496905735, 19, 0, 1
5649, 496911384, 13, 0, 1
12969, 496924353, 44, 0, 1
6574, 496930927, 34, 0, 1
6116, 496937043, 20, 0, 1
5645, 496942688, 21, 0, 1
12237, 496954925, 36, 0, 1
6109, 496961034, 27, 0, 1
6127, 496967161, 33, 0, 1
6116, 496973277, 16, 0, 1
12220, 496985497, 35, 0, 1
6097, 496991594, 22, 0, 1
6110, 496997704, 26, 0, 1
6116, 497003820, 17, 0, 1
12201, 497016021, 42, 0, 1
6110, 497022131, 17, 0, 1
6079, 497028210, 23, 0, 1
6116, 497034326, 19, 0, 1
13587, 497047913, 56, 0, 1
6100, 497054013, 24, 0, 1
6084, 497060097, 25, 0, 1
5640, 497065737, 16, 0, 1
12231, 497077968, 47, 0, 1
6104, 497084072, 20, 0, 1
5657, 497089729, 26, 0, 1
5658, 497095387, 10, 0, 1
11800, 497107187, 26, 0, 1
6151, 497113338, 15, 0, 1
5621, 497118959, 22, 0, 1
5649, 497124608, 28, 0, 1
11817, 497136425, 32, 0, 1
6114, 497142539, 19, 0, 1
5655, 497148194, 23, 0, 1
5638, 497153832, 23, 0, 1
11785, 497165617, 47, 0, 1
6138, 497171755, 15, 0, 1
5620, 497177375, 20, 0, 1
5646, 497183021, 13, 0, 1
11793, 497194814, 32, 0, 1
6138, 497200952, 17, 0, 1
5640, 497206592, 12, 0, 1
5655, 497212247, 24, 0, 1
11807, 497224054, 42, 0, 1
6138, 497230192, 17, 0, 1
5644, 497235836, 25, 0, 1
5658, 497241494, 8, 0, 1
11769, 497253263, 38, 0, 1
6151, 497259414, 20, 0, 1
5628, 497265042, 16, 0, 1
5627, 497270669, 18, 0, 1
11805, 497282474, 35, 0, 1
6138, 497288612, 16, 0, 1
5620, 497294232, 21, 0, 1
5652, 497299884, 20, 0, 1
11813, 497311697, 27, 0, 1
6124, 497317821, 24, 0, 1
5658, 497323479, 12, 0, 1
5642, 497329121, 23, 0, 1
11803, 497340924, 34, 0, 1
6127, 497347051, 27, 0, 1
5658, 497352709, 11, 0, 1
5658, 497358367, 9, 0, 1
11787, 497370154, 35, 0, 1
6138, 497376292, 15, 0, 1
5622, 497381914, 15, 0, 1
5658, 497387572, 12, 0, 1
11831, 497399403, 19, 0, 1
6138, 497405541, 17, 0, 1
5625, 497411166, 19, 0, 1
7035, 497418201, 23, 0, 1
11781, 497429982, 34, 0, 1
6120, 497436102, 23, 0, 1
5640, 497441742, 15, 0, 1
5645, 497447387, 16, 0, 1
11817, 497459204, 33, 0, 1
6120, 497465324, 19, 0, 1
5646, 497470970, 15, 0, 1
5628, 497476598, 25, 0, 1
11779, 497488377, 44, 0, 1
6151, 497494528, 15, 0, 1
5638, 497500166, 25, 0, 1
5658, 497505824, 9, 0, 1
11791, 497517615, 34, 0, 1
6136, 497523751, 26, 0, 1
5658, 497529409, 13, 0, 1
5658, 497535067, 8, 0, 1
11815, 497546882, 34, 0, 1
6132, 497553014, 16, 0, 1
5621, 497558635, 22, 0, 1
5651, 497564286, 13, 0, 1
11775, 497576061, 35, 0, 1
6132, 497582193, 22, 0, 1
5658, 497587851, 10, 0, 1
5658, 497593509, 10, 0, 1
11793, 497605302, 31, 0, 1
6138, 497611440, 15, 0, 1
5658, 497617098, 12, 0, 1
5648, 497622746, 24, 0, 1
11838, 497634584, 23, 0, 1
6126, 497640710, 27, 0, 1
5645, 497646355, 21, 0, 1
5648, 497652003, 23, 0, 1
11814, 497663817, 36, 0, 1
6090, 497669907, 21, 0, 1
5658, 497675565, 11, 0, 1
5658, 497681223, 11, 0, 1
11792, 497693015, 38, 0, 1
6138, 497699153, 15, 0, 1
5640, 497704793, 17, 0, 1
5647, 497710440, 24, 0, 1
11808, 497722248, 36, 0, 1
6151, 497728399, 15, 0, 1
5645, 497734044, 19, 0, 1
5645, 497739689, 16, 0, 1
11811, 497751500, 41, 0, 1
6090, 497757590, 23, 0, 1
5652, 497763242, 16, 0, 1
5658, 497768900, 13, 0, 1
11812, 497780712, 24, 0, 1
6120, 497786832, 20, 0, 1
7493, 497794325, 35, 0, 1
5628, 497799953, 16, 0, 1
12242, 497812195, 36, 0, 1
6105, 497818300, 23, 0, 1
6116, 497824416, 17, 0, 1
5657, 497830073, 15, 0, 1
11796, 497841869, 22, 0, 1
6142, 497848011, 35, 0, 1
5658, 497853669, 17, 0, 1
5658, 497859327, 12, 0, 1
11831, 497871158, 16, 0, 1
6138, 497877296, 21, 0, 1
5639, 497882935, 16, 0, 1
5652, 497888587, 13, 0, 1
11826, 497900413, 39, 0, 1
6136, 497906549, 25, 0, 1
5658, 497912207, 19, 0, 1
5658, 497917865, 12, 0, 1
11824, 497929689, 39, 0, 1
6138, 497935827, 16, 0, 1
5658, 497941485, 13, 0, 1
5662, 497947147, 25, 0, 1
11805, 497958952, 43, 0, 1
6151, 497965103, 15, 0, 1
5622, 497970725, 14, 0, 1
5638, 497976363, 21, 0, 1
11786, 497988149, 28, 0, 1
6138, 497994287, 14, 0, 1
5631, 497999918, 20, 0, 1
5646, 498005564, 11, 0, 1
11777, 498017341, 37, 0, 1
6138, 498023479, 14, 0, 1
5658, 498029137, 11, 0, 1
5652, 498034789, 13, 0, 1
11758, 498046547, 35, 0, 1
6151, 498052698, 15, 0, 1
5631, 498058329, 23, 0, 1
5643, 498063972, 22, 0, 1
11788, 498075760, 32, 0, 1
6120, 498081880, 21, 0, 1
5668, 498087548, 33, 0, 1
5652, 498093200, 24, 0, 1
11820, 498105020, 28, 0, 1
6138, 498111158, 14, 0, 1
5642, 498116800, 22, 0, 1
5652, 498122452, 13, 0, 1
11806, 498134258, 21, 0, 1
6138, 498140396, 15, 0, 1
5661, 498146057, 21, 0, 1
5621, 498151678, 16, 0, 1
11809, 498163487, 48, 0, 1
7515, 498171002, 33, 0, 1
5644, 498176646, 26, 0, 1
5658, 498182304, 10, 0, 1
11807, 498194111, 35, 0, 1
6151, 498200262, 14, 0, 1
5640, 498205902, 18, 0, 1
5652, 498211554, 13, 0, 1
11775, 498223329, 38, 0, 1
6138, 498229467, 16, 0, 1
5654, 498235121, 25, 0, 1
5644, 498240765, 20, 0, 1
11814, 498252579, 30, 0, 1
6136, 498258715, 29, 0, 1
5648, 498264363, 26, 0, 1
5652, 498270015, 12, 0, 1
11809, 498281824, 39, 0, 1
6134, 498287958, 32, 0, 1
5637, 498293595, 23, 0, 1
5658, 498299253, 8, 0, 1
11800, 498311053, 23, 0, 1
6135, 498317188, 32, 0, 1
5658, 498322846, 11, 0, 1
5658, 498328504, 8, 0, 1
11810, 498340314, 26, 0, 1
6132, 498346446, 19, 0, 1
5637, 498352083, 21, 0, 1
11800, 498363883, 31, 0, 1
5658, 498369541, 12, 0, 1
6121, 498375662, 19, 0, 1
5648, 498381310, 22, 0, 1
11831, 498393141, 26, 0, 1
5643, 498398784, 24, 0, 1
6090, 498404874, 21, 0, 1
5615, 498410489, 17, 0, 1
11782, 498422271, 25, 0, 1
5658, 498427929, 10, 0, 1
6119, 498434048, 26, 0, 1
5652, 498439700, 14, 0, 1
11809, 498451509, 38, 0, 1
5658, 498457167, 12, 0, 1
6132, 498463299, 20, 0, 1
5646, 498468945, 21, 0, 1
11831, 498480776, 23, 0, 1
5658, 498486434, 12, 0, 1
6138, 498492572, 18, 0, 1
5634, 498498206, 17, 0, 1
11793, 498509999, 36, 0, 1
5658, 498515657, 12, 0, 1
6133, 498521790, 17, 0, 1
5634, 498527424, 17, 0, 1
11791, 498539215, 35, 0, 1
7035, 498546250, 31, 0, 1
6130, 498552380, 20, 0, 1
5652, 498558032, 11, 0, 1
11812, 498569844, 38, 0, 1
5640, 498575484, 20, 0, 1
6132, 498581616, 15, 0, 1
5622, 498587238, 15, 0, 1
11811, 498599049, 31, 0, 1
5652, 498604701, 11, 0, 1
6138, 498610839, 15, 0, 1
5658, 498616497, 10, 0, 1
15148, 498631645, 207, 0, 1
897239, 499528884, 15161, 540, 5
6707, 499535591, 60, 0, 1
6397, 499541988, 31, 0, 1
18870, 499560858, 406, 7, 1
6444, 499567302, 33, 0, 1
6673, 499573975, 28, 0, 1
8262, 499582237, 136, 3, 1
13127, 499595364, 43, 0, 1
3634785, 3634785, 70271, 346, 14
12266501, 15901286, 63241, 3179, 8
19563455, 35464741, 18022, 1906, 3
19140424, 54605165, 20884, 1779, 3
19533188, 74138353, 21359, 935, 3
19671301, 93809654, 19948, 1489, 3
19532728, 113342382, 19302, 1734, 3
19721086, 133063468, 18953, 1568, 3
18823310, 151886778, 24548, 2103, 7
19544281, 171431059, 19938, 1701, 3
19286898, 190717957, 18963, 595, 3
19700257, 210418214, 18972, 2371, 7
19546710, 229964924, 21308, 1887, 3
19632301, 249597225, 19929, 949, 3
19084401, 268681626, 23965, 2113, 7
19553494, 288235120, 18782, 953, 3
18990560, 307225680, 20085, 1898, 3
19373441, 326599121, 19899, 1395, 3
19555297, 346154418, 19774, 2685, 7
19639766, 365794184, 18994, 2107, 3
19824741, 385618925, 18690, 820, 3
19634872, 405253797, 19576, 2435, 7
19841833, 425095630, 18399, 536, 3
19699685, 444795315, 19171, 1561, 3
19652862, 464448177, 19215, 2503, 7
19211968, 483660145, 24578, 2507, 7
10700790, 494360935, 22853, 22, 12
1970804, 496331739, 5221, 22, 5
6116, 496337855, 34, 0, 1
11790, 496349645, 32, 0, 1
5622, 496355267, 18, 0, 1
7033, 496362300, 99, 0, 1
6173, 496368473, 18, 0, 1
11764, 496380237, 32, 0, 1
5622, 496385859, 15, 0, 1
5649, 496391508, 25, 0, 1
6160, 496397668, 15, 0, 1
11796, 496409464, 31, 0, 1
5658, 496415122, 13, 0, 1
5645, 496420767, 18, 0, 1
6137, 496426904, 22, 0, 1
11795, 496438699, 23, 0, 1
5652, 496444351, 13, 0, 1
5632, 496449983, 16, 0, 1
6160, 496456143, 18, 0, 1
11809, 496467952, 22, 0, 1
5658, 496473610, 16, 0, 1
5640, 496479250, 19, 0, 1
6146, 496485396, 21, 0, 1
11783, 496497179, 33, 0, 1
5650, 496502829, 24, 0, 1
5658, 496508487, 12, 0, 1
6155, 496514642, 17, 0, 1
11778, 496526420, 27, 0, 1
5644, 496532064, 21, 0, 1
5665, 496537729, 28, 0, 1
6148, 496543877, 20, 0, 1
11802, 496555679, 29, 0, 1
5628, 496561307, 21, 0, 1
5658, 496566965, 12, 0, 1
6129, 496573094, 25, 0, 1
11753, 496584847, 30, 0, 1
5646, 496590493, 21, 0, 1
5660, 496596153, 30, 0, 1
6162, 496602315, 27, 0, 1
11764, 496614079, 29, 0, 1
5658, 496619737, 10, 0, 1
5655, 496625392, 16, 0, 1
6122, 496631514, 27, 0, 1
11754, 496643268, 36, 0, 1
5658, 496648926, 12, 0, 1
5631, 496654557, 23, 0, 1
15248, 496669805, 327, 0, 1
11787, 496681592, 56, 0, 1
5651, 496687243, 18, 0, 1
5646, 496692889, 19, 0, 1
6160, 496699049, 15, 0, 1
11822, 496710871, 19, 0, 1
5632, 496716503, 19, 0, 1
5658, 496722161, 9, 0, 1
6135, 496728296, 27, 0, 1
11765, 496740061, 36, 0, 1
7021, 496747082, 37, 0, 1
5646, 496752728, 15, 0, 1
6173, 496758901, 18, 0, 1
11794, 496770695, 32, 0, 1
5610, 496776305, 19, 0, 1
5658, 496781963, 8, 0, 1
6130, 496788093, 20, 0, 1
11776, 496799869, 30, 0, 1
5658, 496805527, 11, 0, 1
5658, 496811185, 11, 0, 1
6160, 496817345, 15, 0, 1
11795, 496829140, 44, 0, 1
5658, 496834798, 16, 0, 1
5658, 496840456, 10, 0, 1
11824, 496852280, 39, 0, 1
6665, 496858945, 34, 0, 1
6309, 496865254, 19, 0, 1
5627, 496870881, 25, 0, 1
13012, 496883893, 37, 0, 1
6601, 496890494, 20, 0, 1
6109, 496896603, 27, 0, 1
5658, 496902261, 14, 0, 1
12254, 496914515, 26, 0, 1
6116, 496920631, 14, 0, 1
6091, 496926722, 28, 0, 1
6116, 496932838, 16, 0, 1
12214, 496945052, 37, 0, 1
6085, 496951137, 23, 0, 1
6116, 496957253, 16, 0, 1
6116, 496963369, 16, 0, 1
12219, 496975588, 34, 0, 1
6092, 496981680, 21, 0, 1
6092, 496987772, 22, 0, 1
6103, 496993875, 27, 0, 1
12215, 497006090, 37, 0, 1
6111, 497012201, 19, 0, 1
6109, 497018310, 19, 0, 1
5655, 497023965, 27, 0, 1
12254, 497036219, 33, 0, 1
6129, 497042348, 15, 0, 1
5648, 497047996, 22, 0, 1
5662, 497053658, 30, 0, 1
11806, 497065464, 28, 0, 1
6096, 497071560, 20, 0, 1
5631, 497077191, 24, 0, 1
5646, 497082837, 19, 0, 1
11788, 497094625, 35, 0, 1
6138, 497100763, 14, 0, 1
5621, 497106384, 20, 0, 1
5652, 497112036, 14, 0, 1
11786, 497123822, 29, 0, 1
7494, 497131316, 40, 0, 1
5658, 497136974, 21, 0, 1
5656, 497142630, 21, 0, 1
11816, 497154446, 33, 0, 1
6131, 497160577, 25, 0, 1
5620, 497166197, 20, 0, 1
5637, 497171834, 26, 0, 1
11812, 497183646, 39, 0, 1
6151, 497189797, 15, 0, 1
5616, 497195413, 17, 0, 1
5658, 497201071, 21, 0, 1
11827, 497212898, 40, 0, 1
6138, 497219036, 15, 0, 1
5658, 497224694, 12, 0, 1
5652, 497230346, 16, 0, 1
11831, 497242177, 19, 0, 1
6102, 497248279, 19, 0, 1
5658, 497253937, 9, 0, 1
5658, 497259595, 12, 0, 1
11793, 497271388, 35, 0, 1
6120, 497277508, 19, 0, 1
5646, 497283154, 17, 0, 1
5646, 497288800, 17, 0, 1
11786, 497300586, 32, 0, 1
6090, 497306676, 24, 0, 1
5658, 497312334, 13, 0, 1
5652, 497317986, 12, 0, 1
11811, 497329797, 34, 0, 1
6138, 497335935, 15, 0, 1
5658, 497341593, 11, 0, 1
5652, 497347245, 12, 0, 1
11787, 497359032, 26, 0, 1
6117, 497365149, 26, 0, 1
5658, 497370807, 13, 0, 1
5658, 497376465, 9, 0, 1
11799, 497388264, 27, 0, 1
6126, 497394390, 24, 0, 1
5658, 497400048, 11, 0, 1
5658, 497405706, 12, 0, 1
11792, 497417498, 31, 0, 1
14345, 497431843, 257, 7, 1
5658, 497437501, 19, 0, 1
5634, 497443135, 22, 0, 1
11800, 497454935, 31, 0, 1
6138, 497461073, 15, 0, 1
5625, 497466698, 21, 0, 1
5638, 497472336, 22, 0, 1
11844, 497484180, 22, 0, 1
6125, 497490305, 22, 0, 1
5640, 497495945, 16, 0, 1
5651, 497501596, 20, 0, 1
13171, 497514767, 39, 0, 1
6115, 497520882, 27, 0, 1
5658, 497526540, 12, 0, 1
5650, 497532190, 52, 6, 1
11791, 497543981, 38, 0, 1
6135, 497550116, 25, 0, 1
5652, 497555768, 30, 0, 1
5658, 497561426, 13, 0, 1
11783, 497573209, 34, 0, 1
6142, 497579351, 29, 0, 1
5639, 497584990, 19, 0, 1
5642, 497590632, 21, 0, 1
11817, 497602449, 34, 0, 1
6138, 497608587, 17, 0, 1
5658, 497614245, 11, 0, 1
5658, 497619903, 11, 0, 1
11789, 497631692, 32, 0, 1
6138, 497637830, 17, 0, 1
5658, 497643488, 13, 0, 1
5658, 497649146, 14, 0, 1
11805, 497660951, 30, 0, 1
6151, 497667102, 15, 0, 1
5652, 497672754, 14, 0, 1
5658, 497678412, 9, 0, 1
11818, 497690230, 25, 0, 1
6138, 497696368, 14, 0, 1
5622, 497701990, 15, 0, 1
5620, 497707610, 21, 0, 1
11793, 497719403, 35, 0, 1
6138, 497725541, 19, 0, 1
5652, 497731193, 12, 0, 1
5652, 497736845, 10, 0, 1
11793, 497748638, 37, 0, 1
6158, 497754796, 16, 0, 1
5640, 497760436, 14, 0, 1
5657, 497766093, 18, 0, 1
11818, 497777911, 29, 0, 1
6138, 497784049, 16, 0, 1
6116, 497790165, 17, 0, 1
5658, 497795823, 18, 0, 1
11784, 497807607, 26, 0, 1
6137, 497813744, 22, 0, 1
5655, 497819399, 21, 0, 1
5657, 497825056, 14, 0, 1
11788, 497836844, 33, 0, 1
6108, 497842952, 21, 0, 1
5663, 497848615, 15, 0, 1
5658, 497854273, 11, 0, 1
11825, 497866098, 32, 0, 1
6114, 497872212, 18, 0, 1
5658, 497877870, 13, 0, 1
5658, 497883528, 9, 0, 1
13195, 497896723, 34, 0, 1
6109, 497902832, 24, 0, 1
5651, 497908483, 14, 0, 1
5658, 497914141, 10, 0, 1
11817, 497925958, 31, 0, 1
6132, 497932090, 18, 0, 1
5651, 497937741, 19, 0, 1
5631, 497943372, 25, 0, 1
11824, 497955196, 33, 0, 1
6138, 497961334, 17, 0, 1
5634, 497966968, 20, 0, 1
5646, 497972614, 15, 0, 1
11806, 497984420, 26, 0, 1
6151, 497990571, 16, 0, 1
6096, 497996667, 25, 0, 1
5658, 498002325, 17, 0, 1
11776, 498014101, 38, 0, 1
6138, 498020239, 18, 0, 1
5658, 498025897, 14, 0, 1
5658, 498031555, 8, 0, 1
11830, 498043385, 24, 0, 1
6138, 498049523, 19, 0, 1
5658, 498055181, 14, 0, 1
5658, 498060839, 13, 0, 1
11811, 498072650, 29, 0, 1
6138, 498078788, 17, 0, 1
5658, 498084446, 14, 0, 1
5658, 498090104, 12, 0, 1
11812, 498101916, 29, 0, 1
6126, 498108042, 19, 0, 1
5622, 498113664, 17, 0, 1
5651, 498119315, 16, 0, 1
11757, 498131072, 32, 0, 1
6150, 498137222, 19, 0, 1
5658, 498142880, 11, 0, 1
5658, 498148538, 10, 0, 1
11799, 498160337, 33, 0, 1
6111, 498166448, 28, 0, 1
5635, 498172083, 18, 0, 1
5652, 498177735, 12, 0, 1
11831, 498189566, 21, 0, 1
6132, 498195698, 21, 0, 1
5646, 498201344, 13, 0, 1
5652, 498206996, 25, 0, 1
11799, 498218795, 36, 0, 1
13957, 498232752, 223, 15, 1
6092, 498238844, 28, 0, 1
5658, 498244502, 12, 0, 1
11764, 498256266, 35, 0, 1
6138, 498262404, 16, 0, 1
7029, 498269433, 31, 0, 1
5658, 498275091, 11, 0, 1
11791, 498286882, 36, 0, 1
6120, 498293002, 19, 0, 1
5628, 498298630, 15, 0, 1
5657, 498304287, 15, 0, 1
11805, 498316092, 31, 0, 1
6138, 498322230, 13, 0, 1
5652, 498327882, 10, 0, 1
5658, 498333540, 17, 0, 1
12700, 498346240, 109, 1, 1
6138, 498352378, 19, 0, 1
5652, 498358030, 17, 0, 1
5657, 498363687, 16, 0, 1
11794, 498375481, 29, 0, 1
6151, 498381632, 19, 0, 1
5622, 498387254, 20, 0, 1
5652, 498392906, 13, 0, 1
11804, 498404710, 33, 0, 1
6132, 498410842, 13, 0, 1
5658, 498416500, 11, 0, 1
5658, 498422158, 8, 0, 1
11824, 498433982, 30, 0, 1
6120, 498440102, 18, 0, 1
5658, 498445760, 13, 0, 1
5658, 498451418, 10, 0, 1
11775, 498463193, 42, 0, 1
6151, 498469344, 16, 0, 1
5657, 498475001, 13, 0, 1
5652, 498480653, 17, 0, 1
11806, 498492459, 24, 0, 1
6139, 498498598, 19, 0, 1
5658, 498504256, 11, 0, 1
5657, 498509913, 16, 0, 1
11796, 498521709, 38, 0, 1
6138, 498527847, 15, 0, 1
5652, 498533499, 14, 0, 1
5658, 498539157, 13, 0, 1
11811, 498550968, 38, 0, 1
6132, 498557100, 20, 0, 1
5634, 498562734, 17, 0, 1
5658, 498568392, 11, 0, 1
11795, 498580187, 28, 0, 1
6132, 498586319, 19, 0, 1
5658, 498591977, 12, 0, 1
5658, 498597635, 14, 0, 1
11818, 498609453, 29, 0, 1
889123, 499498576, 14808, 482, 5
6717, 499505293, 626, 0, 1
6422, 499511715, 41, 0, 1
20028, 499531743, 457, 13, 1
6888, 499538631, 40, 0, 1
6449, 499545080, 20, 0, 1
6662, 499551742, 23, 0, 1
14619, 499566361, 154, 3, 1
6842, 499573203, 32, 0, 1
2236951, 2236951, 48499, 175, 4
9735798, 11972749, 78725, 2878, 8
19287817, 31260566, 19231, 1935, 3
19217068, 50477634, 23680, 1759, 3
19197081, 69674715, 17948, 969, 3
19660302, 89335017, 18749, 1131, 3
19604970, 108939987, 18630, 1622, 3
18517155, 127457142, 25408, 2547, 7
19223191, 146680333, 18606, 1541, 3
19791564, 166471897, 19156, 1399, 3
19751601, 186223498, 20946, 610, 3
19534123, 205757621, 19636, 2033, 3
19688105, 225445726, 18834, 2693, 7
19675801, 245121527, 18937, 793, 3
18260532, 263382059, 25055, 2274, 7
19454714, 282836773, 19884, 1070, 3
19323263, 302160036, 18986, 1703, 3
19742837, 321902873, 19074, 2113, 3
19772645, 341675518, 19252, 2128, 3
19738827, 361414345, 19426, 2884, 7
19730300, 381144645, 19551, 1285, 3
19682622, 400827267, 18995, 2197, 3
19797161, 420624428, 18875, 1089, 3
19743235, 440367663, 19441, 1715, 3
19694737, 460062400, 19049, 2263, 3
19747842, 479810242, 19126, 3348, 7
12976640, 492786882, 29823, 785, 19
3553239, 496340121, 8569, 30, 6
6431, 496346552, 33, 0, 1
6407, 496352959, 28, 0, 1
6708, 496359667, 31, 0, 1
13159, 496372826, 42, 0, 1
6431, 496379257, 13, 0, 1
6431, 496385688, 15, 0, 1
6744, 496392432, 18, 0, 1
13115, 496405547, 32, 0, 1
6419, 496411966, 15, 0, 1
6422, 496418388, 29, 0, 1
8124, 496426512, 97, 0, 1
13128, 496439640, 46, 0, 1
6571, 496446211, 44, 0, 1
6405, 496452616, 30, 0, 1
6744, 496459360, 17, 0, 1
13151, 496472511, 43, 0, 1
6537, 496479048, 24, 0, 1
6419, 496485467, 23, 0, 1
6744, 496492211, 17, 0, 1
13147, 496505358, 30, 0, 1
6431, 496511789, 16, 0, 1
6419, 496518208, 25, 0, 1
6763, 496524971, 22, 1, 1
13141, 496538112, 30, 0, 1
6431, 496544543, 14, 0, 1
6429, 496550972, 32, 0, 1
6744, 496557716, 19, 0, 1
13141, 496570857, 31, 0, 1
6419, 496577276, 18, 0, 1
6425, 496583701, 17, 0, 1
6719, 496590420, 24, 0, 1
13153, 496603573, 30, 0, 1
6422, 496609995, 21, 0, 1
6431, 496616426, 9, 0, 1
6744, 496623170, 19, 0, 1
13151, 496636321, 46, 0, 1
6431, 496642752, 14, 0, 1
6429, 496649181, 26, 0, 1
6744, 496655925, 16, 0, 1
13115, 496669040, 34, 0, 1
6431, 496675471, 14, 0, 1
6425, 496681896, 18, 0, 1
6757, 496688653, 19, 0, 1
13122, 496701775, 41, 0, 1
6419, 496708194, 16, 0, 1
6570, 496714764, 32, 0, 1
6744, 496721508, 14, 0, 1
13134, 496734642, 35, 0, 1
6418, 496741060, 27, 0, 1
6431, 496747491, 15, 0, 1
6872, 496754363, 28, 0, 1
13137, 496767500, 41, 0, 1
6418, 496773918, 22, 0, 1
6424, 496780342, 25, 0, 1
15861, 496796203, 336, 0, 1
13091, 496809294, 70, 0, 1
6431, 496815725, 17, 0, 1
6425, 496822150, 33, 0, 1
6724, 496828874, 27, 0, 1
13141, 496842015, 33, 0, 1
6419, 496848434, 14, 0, 1
7777, 496856211, 42, 0, 1
6757, 496862968, 18, 0, 1
13153, 496876121, 23, 0, 1
6431, 496882552, 18, 0, 1
6414, 496888966, 24, 0, 1
6732, 496895698, 21, 0, 1
13145, 496908843, 42, 0, 1
6413, 496915256, 18, 0, 1
6431, 496921687, 14, 0, 1
6738, 496928425, 21, 0, 1
13928, 496942353, 104, 0, 1
6409, 496948762, 42, 0, 1
6572, 496955334, 15, 0, 1
6989, 496962323, 38, 0, 1
13281, 496975604, 42, 0, 1
6770, 496982374, 22, 0, 1
6767, 496989141, 33, 0, 1
6777, 496995918, 20, 0, 1
13534, 497009452, 39, 0, 1
6771, 497016223, 21, 0, 1
6777, 497023000, 21, 0, 1
6735, 497029735, 31, 0, 1
13553, 497043288, 48, 0, 1
6901, 497050189, 29, 0, 1
6777, 497056966, 19, 0, 1
6742, 497063708, 23, 0, 1
13536, 497077244, 37, 0, 1
6784, 497084028, 40, 0, 1
6777, 497090805, 21, 0, 1
6747, 497097552, 31, 0, 1
13287, 497110839, 39, 0, 1
6778, 497117617, 24, 0, 1
6508, 497124125, 15, 0, 1
6787, 497130912, 24, 0, 1
13307, 497144219, 27, 0, 1
6484, 497150703, 23, 0, 1
6499, 497157202, 29, 0, 1
13329, 497170531, 32, 0, 1
6805, 497177336, 26, 0, 1
6496, 497183832, 20, 0, 1
6490, 497190322, 35, 0, 1
13311, 497203633, 42, 0, 1
6799, 497210432, 18, 0, 1
6490, 497216922, 18, 0, 1
6508, 497223430, 18, 0, 1
13350, 497236780, 45, 0, 1
6799, 497243579, 17, 0, 1
6508, 497250087, 15, 0, 1
6502, 497256589, 18, 0, 1
13320, 497269909, 45, 0, 1
6790, 497276699, 29, 0, 1
7885, 497284584, 27, 0, 1
6510, 497291094, 30, 0, 1
13287, 497304381, 37, 0, 1
6799, 497311180, 17, 0, 1
6496, 497317676, 21, 0, 1
6472, 497324148, 27, 0, 1
13329, 497337477, 39, 0, 1
6799, 497344276, 18, 0, 1
6484, 497350760, 21, 0, 1
6508, 497357268, 16, 0, 1
13293, 497370561, 37, 0, 1
6799, 497377360, 20, 0, 1
6495, 497383855, 24, 0, 1
6521, 497390376, 35, 0, 1
13337, 497403713, 34, 0, 1
6762, 497410475, 26, 0, 1
6508, 497416983, 16, 0, 1
6508, 497423491, 18, 0, 1
13280, 497436771, 44, 0, 1
6792, 497443563, 35, 0, 1
6495, 497450058, 25, 0, 1
6508, 497456566, 14, 0, 1
13329, 497469895, 41, 0, 1
6799, 497476694, 16, 0, 1
6477, 497483171, 26, 0, 1
6495, 497489666, 29, 0, 1
13309, 497502975, 45, 0, 1
6781, 497509756, 22, 0, 1
6481, 497516237, 32, 0, 1
6508, 497522745, 16, 0, 1
13323, 497536068, 29, 0, 1
6812, 497542880, 17, 0, 1
6476, 497549356, 26, 0, 1
6482, 497555838, 26, 0, 1
13305, 497569143, 32, 0, 1
6799, 497575942, 20, 0, 1
6472, 497582414, 23, 0, 1
6507, 497588921, 26, 0, 1
13330, 497602251, 30, 0, 1
6799, 497609050, 18, 0, 1
6485, 497615535, 21, 0, 1
6484, 497622019, 23, 0, 1
13281, 497635300, 40, 0, 1
6751, 497642051, 26, 0, 1
6490, 497648541, 20, 0, 1
6508, 497655049, 16, 0, 1
13317, 497668366, 38, 0, 1
6775, 497675141, 24, 0, 1
6507, 497681648, 14, 0, 1
6508, 497688156, 17, 0, 1
13311, 497701467, 38, 0, 1
8170, 497709637, 42, 0, 1
6466, 497716103, 20, 0, 1
6489, 497722592, 26, 0, 1
13286, 497735878, 45, 0, 1
6793, 497742671, 25, 0, 1
6504, 497749175, 32, 0, 1
6508, 497755683, 15, 0, 1
13322, 497769005, 42, 0, 1
6799, 497775804, 18, 0, 1
6508, 497782312, 15, 0, 1
6502, 497788814, 18, 0, 1
13302, 497802116, 53, 0, 1
7701, 497809817, 94, 2, 1
6489, 497816306, 26, 0, 1
6508, 497822814, 13, 0, 1
13270, 497836084, 51, 0, 1
6793, 497842877, 20, 0, 1
6508, 497849385, 14, 0, 1
6501, 497855886, 24, 0, 1
13299, 497869185, 37, 0, 1
6781, 497875966, 24, 0, 1
6494, 497882460, 24, 0, 1
6487, 497888947, 25, 0, 1
13316, 497902263, 37, 0, 1
6793, 497909056, 21, 0, 1
6495, 497915551, 21, 0, 1
6508, 497922059, 15, 0, 1
13324, 497935383, 34, 0, 1
6787, 497942170, 23, 0, 1
6502, 497948672, 20, 0, 1
6502, 497955174, 18, 0, 1
13614, 497968788, 58, 0, 1
6777, 497975565, 22, 0, 1
6507, 497982072, 20, 0, 1
6508, 497988580, 16, 0, 1
13281, 498001861, 37, 0, 1
6805, 498008666, 23, 0, 1
6508, 498015174, 16, 0, 1
6508, 498021682, 18, 0, 1
13317, 498034999, 36, 0, 1
6799, 498041798, 18, 0, 1
6508, 498048306, 15, 0, 1
6502, 498054808, 19, 0, 1
13299, 498068107, 37, 0, 1
6805, 498074912, 25, 0, 1
6502, 498081414, 18, 0, 1
6501, 498087915, 17, 0, 1
13328, 498101243, 33, 0, 1
6799, 498108042, 18, 0, 1
6508, 498114550, 15, 0, 1
6508, 498121058, 22, 0, 1
14695, 498135753, 47, 0, 1
6799, 498142552, 19, 0, 1
6508, 498149060, 19, 0, 1
6496, 498155556, 19, 0, 1
13305, 498168861, 36, 0, 1
6774, 498175635, 26, 0, 1
6493, 498182128, 26, 0, 1
6508, 498188636, 15, 0, 1
13335, 498201971, 38, 0, 1
6799, 498208770, 19, 0, 1
6508, 498215278, 15, 0, 1
6508, 498221786, 14, 0, 1
13318, 498235104, 39, 0, 1
6825, 498241929, 20, 0, 1
6508, 498248437, 15, 0, 1
6495, 498254932, 29, 0, 1
13329, 498268261, 30, 0, 1
6799, 498275060, 18, 0, 1
6490, 498281550, 18, 0, 1
6508, 498288058, 16, 0, 1
13306, 498301364, 37, 0, 1
6798, 498308162, 23, 0, 1
6501, 498314663, 20, 0, 1
6508, 498321171, 15, 0, 1
13311, 498334482, 40, 0, 1
6793, 498341275, 28, 0, 1
6508, 498347783, 14, 0, 1
6508, 498354291, 16, 0, 1
13322, 498367613, 44, 0, 1
6793, 498374406, 22, 0, 1
6508, 498380914, 17, 0, 1
6508, 498387422, 15, 0, 1
13342, 498400764, 30, 0, 1
6799, 498407563, 19, 0, 1
6508, 498414071, 16, 0, 1
6500, 498420571, 24, 0, 1
13311, 498433882, 36, 0, 1
6793, 498440675, 20, 0, 1
6508, 498447183, 15, 0, 1
6513, 498453696, 21, 0, 1
13318, 498467014, 35, 0, 1
6799, 498473813, 17, 0, 1
6502, 498480315, 14, 0, 1
6502, 498486817, 20, 0, 1
13323, 498500140, 32, 0, 1
6806, 498506946, 23, 0, 1
6508, 498513454, 14, 0, 1
6508, 498519962, 15, 0, 1
13321, 498533283, 39, 0, 1
6787, 498540070, 24, 0, 1
6508, 498546578, 18, 0, 1
6508, 498553086, 16, 0, 1
14688, 498567774, 51, 0, 1
6799, 498574573, 19, 0, 1
6490, 498581063, 17, 0, 1
6502, 498587565, 19, 0, 1
13298, 498600863, 41, 0, 1
6806, 498607669, 20, 0, 1
6494, 498614163, 24, 0, 1
6508, 498620671, 13, 0, 1
13311, 498633982, 28, 0, 1
6793, 498640775, 20, 0, 1
6508, 498647283, 16, 0, 1
6501, 498653784, 19, 0, 1
13325, 498667109, 34, 0, 1
6799, 498673908, 18, 0, 1
6508, 498680416, 15, 0, 1
6508, 498686924, 15, 0, 1
13329, 498700253, 27, 0, 1
6793, 498707046, 22, 0, 1
6501, 498713547, 18, 0, 1
6508, 498720055, 17, 0, 1
13329, 498733384, 37, 0, 1
6799, 498740183, 20, 0, 1
6490, 498746673, 21, 0, 1
6508, 498753181, 18, 0, 1
13321, 498766502, 47, 0, 1
6812, 498773314, 20, 0, 1
6501, 498779815, 18, 0, 1
6496, 498786311, 17, 0, 1
13305, 498799616, 33, 0, 1
6804, 498806420, 23, 0, 1
6508, 498812928, 15, 0, 1
6508, 498819436, 14, 0, 1
13342, 498832778, 26, 0, 1
6806, 498839584, 19, 0, 1
6508, 498846092, 11, 0, 1
6508, 498852600, 16, 0, 1
13317, 498865917, 34, 0, 1
6804, 498872721, 26, 0, 1
6508, 498879229, 19, 0, 1
6508, 498885737, 17, 0, 1
893980, 499779717, 15243, 587, 5
497476, 500277193, 83, 0, 1
6853, 500284046, 50, 0, 1
11994, 500296040, 374, 7, 1
13858, 500309898, 72, 0, 1
6864, 500316762, 34, 0, 1
8571, 500325333, 213, 9, 1
6508, 500331841, 28, 0, 1
13802, 500345643, 48, 0, 1
3297236, 3297236, 63232, 237, 14
11298537, 14595773, 67863, 3012, 8
19456237, 34052010, 19257, 1640, 3
19181982, 53233992, 20974, 1744, 3
19184111, 72418103, 22078, 848, 3
19593430, 92011533, 19664, 1146, 3
19634177, 111645710, 18821, 1389, 3
19658331, 131304041, 19518, 1281, 3
18632382, 149936423, 25095, 2012, 7
19745685, 169682108, 20771, 1598, 3
19234987, 188917095, 19444, 397, 3
19667545, 208584640, 19691, 2071, 3
19550838, 228135478, 22237, 2329, 7
19644945, 247780423, 20778, 820, 3
19015603, 266796026, 24685, 2242, 7
19405905, 286201931, 19399, 894, 3
19036362, 305238293, 21084, 1727, 3
19330024, 324568317, 20330, 1563, 3
19601722, 344170039, 20069, 2568, 7
19641536, 363811575, 19440, 2310, 7
19986913, 383798488, 19617, 983, 3
19614265, 403412753, 19312, 2335, 7
19799529, 423212282, 19283, 731, 3
19708956, 442921238, 19925, 1563, 3
19630668, 462551906, 20305, 2479, 7
19715543, 482267449, 19789, 3483, 7
11364844, 493632293, 28527, 159, 19
2664258, 496296551, 6388, 34, 5
13255, 496309806, 76, 1, 1
6722, 496316528, 19, 0, 1
6423, 496322951, 23, 0, 1
6431, 496329382, 14, 0, 1
13294, 496342676, 49, 0, 1
6723, 496349399, 22, 0, 1
6407, 496355806, 20, 0, 1
6425, 496362231, 24, 0, 1
13125, 496375356, 38, 0, 1
6722, 496382078, 19, 0, 1
6547, 496388625, 25, 0, 1
6431, 496395056, 14, 0, 1
13146, 496408202, 58, 0, 1
6722, 496414924, 19, 0, 1
6418, 496421342, 23, 0, 1
6431, 496427773, 30, 0, 1
14563, 496442336, 136, 0, 1
6735, 496449071, 18, 0, 1
6431, 496455502, 17, 0, 1
6549, 496462051, 26, 0, 1
13169, 496475220, 59, 0, 1
6722, 496481942, 21, 0, 1
6394, 496488336, 22, 0, 1
6431, 496494767, 19, 0, 1
13136, 496507903, 56, 0, 1
6701, 496514604, 36, 0, 1
6431, 496521035, 15, 0, 1
6431, 496527466, 18, 0, 1
13168, 496540634, 37, 0, 1
6711, 496547345, 27, 0, 1
6431, 496553776, 17, 0, 1
6411, 496560187, 24, 0, 1
13174, 496573361, 35, 0, 1
6704, 496580065, 23, 0, 1
6418, 496586483, 21, 0, 1
6401, 496592884, 23, 0, 1
13168, 496606052, 48, 0, 1
6701, 496612753, 28, 0, 1
6431, 496619184, 14, 0, 1
6431, 496625615, 14, 0, 1
13294, 496638909, 66, 0, 1
6698, 496645607, 25, 0, 1
6424, 496652031, 23, 0, 1
6429, 496658460, 34, 0, 1
13186, 496671646, 43, 0, 1
6722, 496678368, 16, 0, 1
6405, 496684773, 27, 0, 1
6417, 496691190, 31, 0, 1
13157, 496704347, 37, 0, 1
6735, 496711082, 20, 0, 1
6431, 496717513, 14, 0, 1
6425, 496723938, 29, 0, 1
13121, 496737059, 35, 0, 1
6722, 496743781, 17, 0, 1
6399, 496750180, 19, 0, 1
6401, 496756581, 19, 0, 1
13137, 496769718, 54, 0, 1
6722, 496776440, 18, 0, 1
6550, 496782990, 23, 0, 1
6431, 496789421, 9, 0, 1
13135, 496802556, 43, 0, 1
15863, 496818419, 312, 2, 1
6345, 496824764, 37, 0, 1
6429, 496831193, 31, 0, 1
13137, 496844330, 45, 0, 1
6704, 496851034, 24, 0, 1
6432, 496857466, 30, 1, 1
7795, 496865261, 51, 0, 1
13163, 496878424, 43, 0, 1
6732, 496885156, 33, 0, 1
6431, 496891587, 12, 0, 1
6431, 496898018, 15, 0, 1
13393, 496911411, 67, 0, 1
6825, 496918236, 34, 0, 1
6789, 496925025, 29, 0, 1
6497, 496931522, 22, 0, 1
13374, 496944896, 40, 0, 1
6680, 496951576, 35, 0, 1
6657, 496958233, 28, 0, 1
6691, 496964924, 29, 0, 1
14295, 496979219, 121, 2, 1
6698, 496985917, 30, 0, 1
6700, 496992617, 20, 0, 1
6700, 496999317, 28, 0, 1
13370, 497012687, 45, 0, 1
6675, 497019362, 28, 0, 1
6700, 497026062, 21, 0, 1
6675, 497032737, 31, 0, 1
13362, 497046099, 39, 0, 1
6697, 497052796, 30, 0, 1
6658, 497059454, 26, 0, 1
6424, 497065878, 25, 0, 1
13422, 497079300, 41, 0, 1
6695, 497085995, 31, 0, 1
6682, 497092677, 24, 0, 1
6431, 497099108, 16, 0, 1
13101, 497112209, 47, 0, 1
6721, 497118930, 26, 0, 1
6412, 497125342, 22, 0, 1
6426, 497131768, 32, 0, 1
13143, 497144911, 38, 0, 1
6710, 497151621, 22, 0, 1
6433, 497158054, 37, 0, 1
6418, 497164472, 24, 0, 1
13151, 497177623, 52, 0, 1
6729, 497184352, 19, 0, 1
6554, 497190906, 31, 0, 1
6440, 497197346, 34, 0, 1
13176, 497210522, 40, 0, 1
6703, 497217225, 24, 0, 1
6401, 497223626, 23, 0, 1
6430, 497230056, 21, 0, 1
13132, 497243188, 36, 0, 1
6735, 497249923, 19, 0, 1
6550, 497256473, 23, 0, 1
6425, 497262898, 30, 0, 1
13156, 497276054, 53, 0, 1
6722, 497282776, 20, 0, 1
7808, 497290584, 30, 0, 1
6431, 497297015, 14, 0, 1
13152, 497310167, 49, 0, 1
6680, 497316847, 24, 0, 1
6383, 497323230, 21, 0, 1
6431, 497329661, 15, 0, 1
13142, 497342803, 42, 0, 1
6735, 497349538, 20, 0, 1
6421, 497355959, 34, 0, 1
6406, 497362365, 23, 0, 1
13150, 497375515, 40, 0, 1
6722, 497382237, 18, 0, 1
6431, 497388668, 14, 0, 1
6430, 497395098, 24, 0, 1
13174, 497408272, 42, 0, 1
6697, 497414969, 25, 0, 1
6424, 497421393, 23, 0, 1
6430, 497427823, 24, 0, 1
13134, 497440957, 46, 0, 1
6722, 497447679, 20, 0, 1
6413, 497454092, 20, 0, 1
6436, 497460528, 35, 0, 1
13190, 497473718, 49, 0, 1
6722, 497480440, 18, 0, 1
6401, 497486841, 19, 0, 1
6431, 497493272, 25, 0, 1
13183, 497506455, 44, 0, 1
6748, 497513203, 19, 0, 1
6410, 497519613, 27, 0, 1
6425, 497526038, 18, 0, 1
13127, 497539165, 45, 0, 1
6722, 497545887, 21, 0, 1
6413, 497552300, 25, 0, 1
6431, 497558731, 13, 0, 1
13159, 497571890, 56, 0, 1
6722, 497578612, 18, 0, 1
6431, 497585043, 13, 0, 1
6423, 497591466, 26, 0, 1
13140, 497604606, 47, 0, 1
6711, 497611317, 24, 0, 1
6425, 497617742, 33, 0, 1
6431, 497624173, 16, 0, 1
13195, 497637368, 49, 0, 1
6710, 497644078, 20, 0, 1
6418, 497650496, 21, 0, 1
6425, 497656921, 29, 0, 1
13161, 497670082, 44, 0, 1
6708, 497676790, 31, 0, 1
6419, 497683209, 17, 0, 1
6431, 497689640, 16, 0, 1
13132, 497702772, 51, 0, 1
8085, 497710857, 44, 0, 1
6412, 497717269, 23, 0, 1
6428, 497723697, 31, 0, 1
13180, 497736877, 40, 0, 1
6722, 497743599, 17, 0, 1
6422, 497750021, 25, 0, 1
6429, 497756450, 27, 0, 1
13169, 497769619, 53, 0, 1
6735, 497776354, 22, 0, 1
6431, 497782785, 15, 0, 1
6431, 497789216, 17, 0, 1
13136, 497802352, 52, 0, 1
6722, 497809074, 18, 0, 1
6406, 497815480, 27, 0, 1
6413, 497821893, 20, 0, 1
13179, 497835072, 36, 0, 1
6722, 497841794, 20, 0, 1
6419, 497848213, 17, 0, 1
6431, 497854644, 15, 0, 1
13157, 497867801, 38, 0, 1
6729, 497874530, 21, 0, 1
6405, 497880935, 26, 0, 1
6424, 497887359, 25, 0, 1
13136, 497900495, 47, 0, 1
6716, 497907211, 26, 0, 1
6689, 497913900, 34, 0, 1
6425, 497920325, 21, 0, 1
13160, 497933485, 40, 0, 1
6721, 497940206, 24, 0, 1
6431, 497946637, 13, 0, 1
6425, 497953062, 19, 0, 1
13168, 497966230, 52, 0, 1
6721, 497972951, 27, 0, 1
6407, 497979358, 20, 0, 1
6424, 497985782, 19, 0, 1
13176, 497998958, 34, 0, 1
6717, 498005675, 19, 0, 1
6423, 498012098, 27, 0, 1
6431, 498018529, 12, 0, 1
13174, 498031703, 31, 0, 1
6735, 498038438, 17, 0, 1
6407, 498044845, 17, 0, 1
6430, 498051275, 26, 0, 1
13150, 498064425, 37, 0, 1
6721, 498071146, 25, 0, 1
6430, 498077576, 25, 0, 1
6431, 498084007, 19, 0, 1
13160, 498097167, 66, 0, 1
6710, 498103877, 27, 0, 1
6413, 498110290, 16, 0, 1
6425, 498116715, 25, 0, 1
14533, 498131248, 50, 0, 1
6729, 498137977, 25, 0, 1
6406, 498144383, 25, 0, 1
6424, 498150807, 19, 0, 1
13162, 498163969, 32, 0, 1
6715, 498170684, 27, 0, 1
6425, 498177109, 17, 0, 1
6422, 498183531, 27, 0, 1
13188, 498196719, 29, 0, 1
6722, 498203441, 21, 0, 1
6560, 498210001, 25, 0, 1
6431, 498216432, 16, 0, 1
13174, 498229606, 30, 0, 1
6716, 498236322, 25, 0, 1
6425, 498242747, 17, 0, 1
6431, 498249178, 17, 0, 1
13187, 498262365, 33, 0, 1
6722, 498269087, 19, 0, 1
6419, 498275506, 19, 0, 1
6431, 498281937, 16, 0, 1
13174, 498295111, 38, 0, 1
6734, 498301845, 26, 0, 1
6431, 498308276, 16, 0, 1
6424, 498314700, 23, 0, 1
13162, 498327862, 37, 0, 1
6722, 498334584, 23, 0, 1
6431, 498341015, 16, 0, 1
6431, 498347446, 16, 0, 1
13187, 498360633, 41, 0, 1
6722, 498367355, 17, 0, 1
6431, 498373786, 16, 0, 1
6431, 498380217, 18, 0, 1
13162, 498393379, 29, 0, 1
6735, 498400114, 20, 0, 1
6425, 498406539, 25, 0, 1
6425, 498412964, 19, 0, 1
13175, 498426139, 23, 0, 1
6722, 498432861, 20, 0, 1
6430, 498439291, 25, 0, 1
6425, 498445716, 20, 0, 1
13182, 498458898, 34, 0, 1
6722, 498465620, 26, 0, 1
6431, 498472051, 16, 0, 1
13154, 498485205, 41, 0, 1
6425, 498491630, 19, 0, 1
6722, 498498352, 25, 0, 1
6425, 498504777, 21, 0, 1
13312, 498518089, 42, 0, 1
6431, 498524520, 16, 0, 1
6721, 498531241, 29, 0, 1
6419, 498537660, 23, 0, 1
14533, 498552193, 56, 0, 1
6431, 498558624, 22, 0, 1
6735, 498565359, 20, 0, 1
6419, 498571778, 23, 0, 1
13166, 498584944, 50, 0, 1
6424, 498591368, 20, 0, 1
6722, 498598090, 22, 0, 1
6537, 498604627, 25, 0, 1
13175, 498617802, 41, 0, 1
6424, 498624226, 18, 0, 1
6722, 498630948, 22, 0, 1
6431, 498637379, 15, 0, 1
13163, 498650542, 53, 0, 1
6425, 498656967, 20, 0, 1
6735, 498663702, 19, 0, 1
6424, 498670126, 19, 0, 1
13157, 498683283, 38, 0, 1
6431, 498689714, 16, 0, 1
6698, 498696412, 25, 0, 1
6413, 498702825, 18, 0, 1
13188, 498716013, 38, 0, 1
6430, 498722443, 19, 0, 1
6716, 498729159, 30, 0, 1
6425, 498735584, 14, 0, 1
13148, 498748732, 48, 0, 1
6425, 498755157, 18, 0, 1
6722, 498761879, 17, 0, 1
6413, 498768292, 19, 0, 1
20992, 498789284, 246, 15, 1
6431, 498795715, 20, 0, 1
6722, 498802437, 18, 0, 1
6431, 498808868, 22, 0, 1
13163, 498822031, 38, 0, 1
6422, 498828453, 27, 0, 1
6723, 498835176, 28, 0, 1
6431, 498841607, 15, 0, 1
932459, 499774066, 15917, 677, 5
6840, 499780906, 374, 0, 1
6856, 499787762, 51, 0, 1
10976, 499798738, 361, 4, 1
15549, 499814287, 104, 2, 1
6861, 499821148, 23, 0, 1
7987, 499829135, 125, 1, 1
7204, 499836339, 26, 0, 1
13088, 499849427, 45, 0, 1
