0,1,149820841.35,2967176654.3650727
14,149820842.35,176588869.79999998,2446824213.8627768
12,176588870.79999998,210524206.55999997,746610001.8476557
10,210524207.55999997,223455769.57999998,797661017.4990699
0,223455770.57999998,554483738.82,2967176654.3650727
2,554483739.82,2347105024.490001,2644991375.7880425
13,2347105025.490001,2373200172.8900013,2697371521.4486256
2,2373200173.8900013,2425319346.1000013,2644991375.7880425
13,2425319347.1000013,2503251298.7100015,2697371521.4486256
2,2503251299.7100015,2529181319.3200016,2644991375.7880425
13,2529181320.3200016,2580975167.240001,2697371521.4486256
2,2580975168.240001,2606829913.530001,2644991375.7880425
13,2606829914.530001,2710231868.720001,2697371521.4486256
2,2710231869.720001,2736044535.5600014,2644991375.7880425
13,2736044536.5600014,2787599211.1600013,2697371521.4486256
2,2787599212.1600013,2813240472.490001,2644991375.7880425
13,2813240473.490001,2838896570.880001,2697371521.4486256
2,2838896571.880001,2890287324.160001,2644991375.7880425
13,2890287325.160001,2915955116.140001,2697371521.4486256
2,2915955117.140001,2941487628.9700007,2644991375.7880425
13,2941487629.9700007,2992493117.830001,2697371521.4486256
2,2992493118.830001,3018078254.8200006,2644991375.7880425
13,3018078255.8200006,3043651927.7700005,2697371521.4486256
2,3043651928.7700005,3094779678.7800007,2644991375.7880425
13,3094779679.7800007,3120370670.4400005,2697371521.4486256
2,3120370671.4400005,3221991304.960001,2644991375.7880425
13,3221991305.960001,3247336684.290001,2697371521.4486256
2,3247336685.290001,3823405618.990001,2644991375.7880425
12,3823405619.990001,3844072274.050001,746610001.8476557
10,3844072275.050001,3859196519.280001,797661017.4990699
12,3859196520.280001,3893314992.330002,746610001.8476557
10,3893314993.330002,3903740481.820002,797661017.4990699
12,3903740482.820002,3975791026.9730077,746610001.8476557
10,3975791027.9730077,3980640825.514674,797661017.4990699
12,3980640826.514674,4000589998.514674,746610001.8476557
10,4000589999.514674,4004001656.014674,797661017.4990699
12,4004001657.014674,4009065609.014674,746610001.8476557
10,4009065610.014674,4010896136.014674,797661017.4990699
