2, 1, 158485, 15848.400
6, 158486, 1644047, 1650.623
2, 1644048, 2298285, 130847.400
20, 2298286, 7984963, 1137335.400
28, 7984964, 15782463, 1559499.800
17, 15782464, 32587638, 1680517.400
26, 32587639, 38378733, 1158218.800
10, 38378734, 47301783, 1784609.800
3, 47301784, 777139385, 2516681.383
9, 777139386, 789075446, 2387212.000
3, 789075447, 801033881, 2391686.800
9, 801033882, 824891695, 2385781.300
3, 824891696, 836797728, 2381206.400
9, 836797729, 872294454, 2366448.333
3, 872294455, 884127101, 2366529.200
9, 884127102, 907674429, 2354732.700
3, 907674430, 919471235, 2359361.000
9, 919471236, 1059814580, 2339055.733
3, 1059814581, 1071548127, 2346709.200
9, 1071548128, 1290046427, 2299982.095
21, 1290046428, 1296828027, 1356319.800
8, 1296828028, 1568601849, 1509854.561
5, 1568601850, 1573730458, 1025721.600
7, 1573730459, 1603657576, 598542.340
5, 1603657577, 1643673267, 1143305.429
15, 1643673268, 1644056454, 76637.200
2, 1644056455, 1645029998, 194708.600
25, 1645029999, 1657170102, 2428020.600
2, 1657170103, 1657408859, 47751.200
6, 1657408860, 1657600487, 6387.567
