0,1,183834491.39999998,2967176654.3650727
11,183834492.39999998,221314417.33999997,3671114250.0599723
0,221314418.33999997,284124217.17999995,2967176654.3650727
5,284124218.17999995,2459871852.3,2889592776.231653
13,2459871853.3,3825151412.580001,2697371521.4486256
6,3825151413.580001,3874856208.0700006,2131834795.7711167
3,3874856209.0700006,3910592394.3600006,1443023607.5620902
6,3910592395.3600006,3929216847.3000007,2131834795.7711167
1,3929216848.3000007,3947344226.580001,1404728713.4590423
6,3947344227.580001,3964727037.390001,2131834795.7711167
10,3964727038.390001,3971699282.290001,797661017.4990699
0,3971699283.290001,3982443324.9566674,2967176654.3650727
10,3982443325.9566674,3998467935.9566674,797661017.4990699
