0,1,152649035.96,2967176654.3650727
5,152649036.96,184880400.76000002,2889592776.231653
11,184880401.76000002,222767363.06,3671114250.0599723
0,222767364.06,285521855.6,2967176654.3650727
5,285521856.6,3838884855.44,2889592776.231653
6,3838884856.44,3865321462.89,2131834795.7711167
14,3865321463.89,3889883205.87,2446824213.8627768
3,3889883206.87,3908486566.2599998,1443023607.5620902
6,3908486567.2599998,3968673443.7827954,2131834795.7711167
10,3968673444.7827954,3977152812.841619,797661017.4990699
6,3977152813.841619,3989383848.966619,2131834795.7711167
10,3989383849.966619,4006472998.216619,797661017.4990699
6,4006472999.216619,4016832589.216619,2131834795.7711167
