1080076, 1080076, 24429, 692, 5
4310029, 5390105, 76344, 5390, 15
2104553, 7494658, 20524, 5551, 9
15494555, 22989213, 23155, 4908, 19
18361325, 41350538, 23334, 5207, 11
19525968, 60876506, 18902, 4945, 11
19544103, 80420609, 18054, 5001, 11
14235159, 94655768, 19734, 5382, 19
18627885, 113283653, 18971, 4909, 11
19401560, 132685213, 18644, 4829, 11
19523966, 152209179, 20636, 4883, 11
19721171, 171930350, 18600, 4966, 11
19422496, 191352846, 19037, 4534, 11
19475739, 210828585, 19164, 5227, 11
19020564, 229849149, 19821, 4791, 11
19389431, 249238580, 19079, 4713, 11
18241793, 267480373, 24148, 4369, 11
19466336, 286946709, 19787, 5058, 11
19587753, 306534462, 18912, 4933, 11
19573755, 326108217, 18792, 4804, 11
19684647, 345792864, 19143, 5214, 11
19469716, 365262580, 19344, 5069, 11
19610917, 384873497, 19244, 4871, 11
19528046, 404401543, 18522, 5121, 11
19638546, 424040089, 18752, 5029, 11
19560249, 443600338, 19482, 4743, 11
19556443, 463156781, 18882, 5250, 11
19590134, 482746915, 18921, 5244, 11
11022627, 493769542, 28380, 419, 12
2638605, 496408147, 6862, 275, 5
6116, 496414263, 29, 0, 1
5632, 496419895, 31, 0, 1
6132, 496426027, 20, 0, 1
11296, 496437323, 33, 0, 1
6173, 496443496, 17, 0, 1
5652, 496449148, 12, 0, 1
6114, 496455262, 19, 0, 1
11306, 496466568, 25, 0, 1
6160, 496472728, 16, 0, 1
5652, 496478380, 15, 0, 1
6164, 496484544, 17, 0, 1
11302, 496495846, 29, 0, 1
6122, 496501968, 25, 0, 1
5640, 496507608, 16, 0, 1
6138, 496513746, 17, 0, 1
11298, 496525044, 35, 0, 1
6158, 496531202, 28, 0, 1
5646, 496536848, 24, 0, 1
6127, 496542975, 30, 0, 1
11303, 496554278, 35, 0, 1
6134, 496560412, 30, 0, 1
5574, 496565986, 11, 0, 1
6132, 496572118, 19, 0, 1
11268, 496583386, 22, 0, 1
6173, 496589559, 13, 0, 1
5652, 496595211, 14, 0, 1
6138, 496601349, 18, 0, 1
11291, 496612640, 24, 0, 1
6136, 496618776, 24, 0, 1
7023, 496625799, 101, 3, 1
6139, 496631938, 23, 0, 1
11286, 496643224, 21, 0, 1
6160, 496649384, 14, 0, 1
5652, 496655036, 16, 0, 1
6126, 496661162, 18, 0, 1
11304, 496672466, 19, 0, 1
6167, 496678633, 19, 0, 1
5652, 496684285, 13, 0, 1
6135, 496690420, 35, 0, 1
11314, 496701734, 27, 0, 1
6118, 496707852, 20, 0, 1
5621, 496713473, 22, 0, 1
6140, 496719613, 28, 0, 1
11768, 496731381, 34, 0, 1
6126, 496737507, 21, 0, 1
5657, 496743164, 17, 1, 1
6138, 496749302, 17, 0, 1
11276, 496760578, 37, 0, 1
6173, 496766751, 17, 0, 1
5657, 496772408, 20, 0, 1
6132, 496778540, 18, 0, 1
11274, 496789814, 29, 0, 1
6135, 496795949, 20, 0, 1
5662, 496801611, 31, 0, 1
6121, 496807732, 28, 0, 1
11320, 496819052, 34, 0, 1
6173, 496825225, 19, 0, 1
5658, 496830883, 10, 0, 1
6138, 496837021, 14, 0, 1
11291, 496848312, 29, 0, 1
6160, 496854472, 15, 0, 1
5651, 496860123, 24, 0, 1
6158, 496866281, 20, 0, 1
11316, 496877597, 28, 0, 1
6130, 496883727, 24, 0, 1
5652, 496889379, 16, 0, 1
6131, 496895510, 24, 0, 1
11315, 496906825, 24, 0, 1
6149, 496912974, 21, 0, 1
5638, 496918612, 22, 0, 1
6119, 496924731, 23, 0, 1
11315, 496936046, 16, 0, 1
6675, 496942721, 67, 0, 1
6332, 496949053, 30, 0, 1
6645, 496955698, 30, 0, 1
11964, 496967662, 25, 0, 1
6608, 496974270, 32, 0, 1
6102, 496980372, 25, 0, 1
6074, 496986446, 23, 0, 1
12203, 496998649, 48, 0, 1
7506, 497006155, 42, 0, 1
6086, 497012241, 21, 0, 1
6123, 497018364, 16, 0, 1
12232, 497030596, 35, 0, 1
6116, 497036712, 24, 0, 1
6106, 497042818, 27, 0, 1
6079, 497048897, 22, 0, 1
12245, 497061142, 30, 0, 1
6097, 497067239, 28, 0, 1
6116, 497073355, 18, 0, 1
6092, 497079447, 21, 0, 1
12225, 497091672, 44, 0, 1
6104, 497097776, 25, 0, 1
6122, 497103898, 25, 0, 1
6119, 497110017, 28, 0, 1
11762, 497121779, 31, 0, 1
6102, 497127881, 22, 0, 1
5657, 497133538, 26, 0, 1
6138, 497139676, 16, 0, 1
11279, 497150955, 22, 0, 1
6173, 497157128, 15, 0, 1
5639, 497162767, 20, 0, 1
6138, 497168905, 14, 0, 1
11300, 497180205, 50, 0, 1
6160, 497186365, 16, 0, 1
5632, 497191997, 22, 0, 1
6151, 497198148, 18, 0, 1
11315, 497209463, 30, 0, 1
6160, 497215623, 16, 0, 1
5639, 497221262, 24, 0, 1
6131, 497227393, 31, 0, 1
11296, 497238689, 29, 0, 1
6186, 497244875, 15, 0, 1
5658, 497250533, 11, 0, 1
6138, 497256671, 16, 0, 1
11262, 497267933, 23, 0, 1
6160, 497274093, 15, 0, 1
5652, 497279745, 14, 0, 1
6101, 497285846, 25, 0, 1
11316, 497297162, 13, 0, 1
6149, 497303311, 17, 0, 1
5651, 497308962, 27, 0, 1
6138, 497315100, 17, 0, 1
11314, 497326414, 34, 0, 1
6145, 497332559, 29, 0, 1
5658, 497338217, 10, 0, 1
6151, 497344368, 13, 0, 1
11295, 497355663, 35, 0, 1
6154, 497361817, 23, 0, 1
5643, 497367460, 27, 0, 1
6130, 497373590, 26, 0, 1
12681, 497386271, 41, 0, 1
6161, 497392432, 21, 0, 1
5658, 497398090, 13, 0, 1
6135, 497404225, 31, 0, 1
11316, 497415541, 17, 0, 1
6147, 497421688, 27, 0, 1
5656, 497427344, 25, 0, 1
6121, 497433465, 27, 0, 1
11308, 497444773, 38, 0, 1
6133, 497450906, 25, 0, 1
5650, 497456556, 27, 0, 1
6138, 497462694, 18, 0, 1
11297, 497473991, 34, 0, 1
17669, 497491660, 419, 14, 1
5645, 497497305, 32, 0, 1
6107, 497503412, 29, 0, 1
11316, 497514728, 17, 0, 1
6139, 497520867, 28, 0, 1
5644, 497526511, 27, 0, 1
6114, 497532625, 22, 0, 1
11313, 497543938, 30, 0, 1
6142, 497550080, 24, 0, 1
5659, 497555739, 30, 0, 1
6126, 497561865, 17, 0, 1
11279, 497573144, 22, 0, 1
6160, 497579304, 18, 0, 1
5636, 497584940, 23, 0, 1
6142, 497591082, 34, 0, 1
11277, 497602359, 39, 0, 1
6142, 497608501, 26, 0, 1
5652, 497614153, 17, 0, 1
6138, 497620291, 16, 0, 1
11288, 497631579, 35, 0, 1
6174, 497637753, 22, 0, 1
5622, 497643375, 20, 0, 1
6138, 497649513, 15, 0, 1
11313, 497660826, 31, 0, 1
6144, 497666970, 26, 0, 1
5652, 497672622, 11, 0, 1
6143, 497678765, 20, 0, 1
11304, 497690069, 41, 0, 1
6160, 497696229, 15, 0, 1
5658, 497701887, 11, 0, 1
6129, 497708016, 31, 0, 1
11298, 497719314, 27, 0, 1
6173, 497725487, 15, 0, 1
5645, 497731132, 23, 0, 1
6138, 497737270, 15, 0, 1
11296, 497748566, 29, 0, 1
6160, 497754726, 13, 0, 1
5652, 497760378, 12, 0, 1
7530, 497767908, 50, 0, 1
11316, 497779224, 28, 0, 1
6173, 497785397, 18, 0, 1
5646, 497791043, 20, 0, 1
6138, 497797181, 14, 0, 1
11308, 497808489, 26, 0, 1
6160, 497814649, 14, 0, 1
5628, 497820277, 16, 0, 1
6151, 497826428, 14, 0, 1
11282, 497837710, 41, 0, 1
6148, 497843858, 17, 0, 1
5658, 497849516, 12, 0, 1
6125, 497855641, 29, 0, 1
11309, 497866950, 22, 0, 1
6173, 497873123, 17, 0, 1
5634, 497878757, 22, 0, 1
6138, 497884895, 15, 0, 1
11754, 497896649, 30, 0, 1
6117, 497902766, 24, 0, 1
5655, 497908421, 32, 0, 1
6151, 497914572, 14, 0, 1
11301, 497925873, 43, 0, 1
6145, 497932018, 28, 0, 1
5652, 497937670, 14, 0, 1
6138, 497943808, 16, 0, 1
11278, 497955086, 28, 0, 1
6166, 497961252, 21, 0, 1
5661, 497966913, 29, 0, 1
6138, 497973051, 17, 0, 1
11271, 497984322, 34, 0, 1
6160, 497990482, 13, 0, 1
5655, 497996137, 29, 0, 1
6138, 498002275, 17, 0, 1
11278, 498013553, 25, 0, 1
6149, 498019702, 20, 0, 1
5658, 498025360, 11, 0, 1
6132, 498031492, 18, 0, 1
11309, 498042801, 38, 0, 1
6122, 498048923, 25, 0, 1
5655, 498054578, 27, 0, 1
6137, 498060715, 27, 0, 1
11298, 498072013, 33, 0, 1
6129, 498078142, 25, 0, 1
5658, 498083800, 11, 0, 1
6138, 498089938, 17, 0, 1
11303, 498101241, 20, 0, 1
6136, 498107377, 21, 0, 1
5658, 498113035, 11, 0, 1
6138, 498119173, 14, 0, 1
11300, 498130473, 27, 0, 1
6159, 498136632, 23, 0, 1
7038, 498143670, 45, 0, 1
6151, 498149821, 16, 0, 1
11322, 498161143, 30, 0, 1
6160, 498167303, 14, 0, 1
5660, 498172963, 25, 0, 1
11782, 498184745, 41, 0, 1
5668, 498190413, 22, 0, 1
6166, 498196579, 20, 0, 1
5654, 498202233, 28, 0, 1
11796, 498214029, 31, 0, 1
5658, 498219687, 12, 0, 1
6134, 498225821, 26, 0, 1
5640, 498231461, 14, 0, 1
11783, 498243244, 34, 0, 1
5658, 498248902, 10, 0, 1
6173, 498255075, 15, 0, 1
5657, 498260732, 21, 0, 1
11788, 498272520, 28, 0, 1
5658, 498278178, 13, 0, 1
6117, 498284295, 25, 0, 1
5657, 498289952, 25, 0, 1
11761, 498301713, 32, 0, 1
5633, 498307346, 17, 0, 1
6160, 498313506, 15, 0, 1
5642, 498319148, 26, 0, 1
11776, 498330924, 36, 0, 1
5653, 498336577, 27, 0, 1
6173, 498342750, 15, 0, 1
5657, 498348407, 23, 0, 1
11769, 498360176, 41, 0, 1
5645, 498365821, 18, 0, 1
6160, 498371981, 15, 0, 1
5628, 498377609, 21, 0, 1
11761, 498389370, 32, 0, 1
5657, 498395027, 19, 0, 1
6124, 498401151, 18, 0, 1
5658, 498406809, 11, 0, 1
11796, 498418605, 25, 0, 1
5658, 498424263, 11, 0, 1
6162, 498430425, 32, 0, 1
6374, 498436799, 24, 0, 1
15006, 498451805, 261, 9, 1
6333, 498458138, 18, 0, 1
6616, 498464754, 27, 0, 1
5652, 498470406, 17, 0, 1
11796, 498482202, 31, 0, 1
5640, 498487842, 17, 0, 1
6173, 498494015, 18, 0, 1
5626, 498499641, 23, 0, 1
11782, 498511423, 45, 0, 1
5638, 498517061, 19, 0, 1
7525, 498524586, 46, 0, 1
5666, 498530252, 31, 0, 1
11775, 498542027, 38, 0, 1
5645, 498547672, 16, 0, 1
6153, 498553825, 20, 0, 1
5656, 498559481, 27, 0, 1
11756, 498571237, 43, 0, 1
5652, 498576889, 13, 0, 1
6141, 498583030, 25, 0, 1
5641, 498588671, 14, 0, 1
11778, 498600449, 44, 0, 1
5646, 498606095, 16, 0, 1
6148, 498612243, 20, 0, 1
5642, 498617885, 26, 0, 1
11776, 498629661, 40, 0, 1
5651, 498635312, 21, 0, 1
6160, 498641472, 14, 0, 1
5658, 498647130, 11, 0, 1
11775, 498658905, 29, 0, 1
5652, 498664557, 12, 0, 1
6146, 498670703, 22, 0, 1
5658, 498676361, 10, 0, 1
11783, 498688144, 37, 0, 1
5641, 498693785, 23, 0, 1
6171, 498699956, 24, 0, 1
5658, 498705614, 26, 0, 1
892354, 499597968, 16002, 2302, 9
6735, 499604703, 502, 2, 1
6649, 499611352, 53, 0, 1
10612, 499621964, 359, 25, 1
14811, 499636775, 109, 3, 1
6378, 499643153, 29, 0, 1
7796, 499650949, 147, 2, 1
6707, 499657656, 30, 0, 1
13943, 499671599, 64, 4, 1
3785157, 3785157, 74299, 2136, 14
2866916, 6652073, 30756, 5980, 9
10101447, 16753520, 31097, 5227, 12
19092332, 35845852, 19301, 4929, 11
19238901, 55084753, 20252, 4760, 11
19428800, 74513553, 17727, 4741, 11
18183160, 92696713, 19870, 5508, 2
14638722, 107335435, 17874, 4789, 19
3021955, 110357390, 2552, 689, 5
13795029, 124152419, 14208, 3404, 19
19323410, 143475829, 21733, 4877, 11
19700144, 163175973, 18366, 4963, 11
19671803, 182847776, 18192, 4739, 11
19375986, 202223762, 19534, 4908, 11
19641443, 221865205, 19114, 5268, 11
18704421, 240569626, 18845, 4787, 11
18906844, 259476470, 23766, 4990, 11
19372975, 278849445, 18188, 4686, 11
19528509, 298377954, 19174, 5225, 11
19707702, 318085656, 18595, 4791, 11
19660560, 337746216, 18925, 5207, 11
19574634, 357320850, 18680, 5211, 11
19622981, 376943831, 18979, 5183, 11
19620698, 396564529, 18441, 5023, 11
19668310, 416232839, 18720, 5270, 11
19628383, 435861222, 18370, 4831, 11
19556604, 455417826, 19408, 5233, 11
19640947, 475058773, 18792, 5328, 11
15996637, 491055410, 30546, 2502, 7
5695716, 496751126, 10858, 316, 6
11784, 496762910, 400, 10, 1
6138, 496769048, 27, 0, 1
5651, 496774699, 17, 0, 1
6138, 496780837, 18, 0, 1
11244, 496792081, 27, 0, 1
6173, 496798254, 21, 0, 1
5658, 496803912, 11, 0, 1
6138, 496810050, 17, 0, 1
11279, 496821329, 26, 0, 1
6141, 496827470, 28, 0, 1
5658, 496833128, 8, 0, 1
6114, 496839242, 22, 0, 1
11314, 496850556, 49, 0, 1
6173, 496856729, 16, 0, 1
5645, 496862374, 20, 0, 1
6132, 496868506, 21, 0, 1
11292, 496879798, 66, 8, 1
6158, 496885956, 24, 0, 1
5658, 496891614, 12, 0, 1
6151, 496897765, 17, 0, 1
11299, 496909064, 43, 0, 1
6160, 496915224, 17, 0, 1
5658, 496920882, 9, 0, 1
6132, 496927014, 18, 0, 1
11310, 496938324, 35, 0, 1
6173, 496944497, 16, 0, 1
5658, 496950155, 9, 0, 1
6116, 496956271, 28, 0, 1
11316, 496967587, 20, 0, 1
6160, 496973747, 18, 0, 1
5658, 496979405, 11, 0, 1
6145, 496985550, 32, 0, 1
11304, 496996854, 48, 0, 1
6160, 497003014, 17, 0, 1
5655, 497008669, 29, 0, 1
6138, 497014807, 15, 0, 1
11306, 497026113, 31, 0, 1
6186, 497032299, 14, 0, 1
5646, 497037945, 13, 0, 1
6132, 497044077, 36, 0, 1
12686, 497056763, 114, 3, 1
6160, 497062923, 18, 0, 1
5658, 497068581, 11, 0, 1
6132, 497074713, 18, 0, 1
11308, 497086021, 34, 0, 1
6173, 497092194, 20, 0, 1
5640, 497097834, 16, 0, 1
6138, 497103972, 17, 0, 1
11293, 497115265, 26, 0, 1
6160, 497121425, 18, 0, 1
5656, 497127081, 14, 2, 1
14342, 497141423, 283, 91, 1
11264, 497152687, 54, 0, 1
6160, 497158847, 18, 0, 1
5634, 497164481, 21, 0, 1
6108, 497170589, 21, 0, 1
11308, 497181897, 39, 0, 1
6142, 497188039, 25, 0, 1
5658, 497193697, 10, 0, 1
6107, 497199804, 25, 0, 1
11316, 497211120, 16, 0, 1
6160, 497217280, 18, 0, 1
5658, 497222938, 12, 0, 1
6137, 497229075, 21, 0, 1
11298, 497240373, 32, 1, 1
6148, 497246521, 19, 0, 1
5658, 497252179, 15, 0, 1
6125, 497258304, 22, 0, 1
11311, 497269615, 35, 0, 1
6173, 497275788, 18, 0, 1
5658, 497281446, 15, 0, 1
6641, 497288087, 61, 0, 1
12721, 497300808, 68, 0, 1
6674, 497307482, 29, 0, 1
6333, 497313815, 16, 0, 1
6587, 497320402, 30, 0, 1
11787, 497332189, 24, 0, 1
6096, 497338285, 22, 0, 1
6068, 497344353, 24, 0, 1
6083, 497350436, 26, 0, 1
12214, 497362650, 33, 0, 1
6132, 497368782, 37, 0, 1
6129, 497374911, 16, 0, 1
6068, 497380979, 22, 0, 1
12219, 497393198, 34, 0, 1
6097, 497399295, 30, 0, 1
6108, 497405403, 24, 0, 1
6080, 497411483, 21, 0, 1
12235, 497423718, 55, 0, 1
6078, 497429796, 25, 0, 1
5662, 497435458, 21, 0, 1
7515, 497442973, 36, 0, 1
12207, 497455180, 49, 0, 1
6114, 497461294, 27, 0, 1
5651, 497466945, 19, 0, 1
6128, 497473073, 21, 0, 1
11774, 497484847, 32, 0, 1
6132, 497490979, 22, 0, 1
5648, 497496627, 26, 0, 1
6120, 497502747, 20, 0, 1
11296, 497514043, 42, 0, 1
6131, 497520174, 25, 0, 1
5658, 497525832, 14, 0, 1
6135, 497531967, 29, 0, 1
11304, 497543271, 25, 0, 1
6148, 497549419, 25, 0, 1
5658, 497555077, 12, 0, 1
6101, 497561178, 24, 0, 1
11289, 497572467, 36, 0, 1
6173, 497578640, 16, 0, 1
5650, 497584290, 17, 0, 1
6138, 497590428, 17, 0, 1
11316, 497601744, 12, 0, 1
6160, 497607904, 14, 0, 1
5646, 497613550, 19, 0, 1
6151, 497619701, 15, 0, 1
11305, 497631006, 27, 0, 1
6160, 497637166, 13, 0, 1
5658, 497642824, 11, 0, 1
6133, 497648957, 27, 0, 1
11296, 497660253, 29, 0, 1
6167, 497666420, 20, 0, 1
5658, 497672078, 13, 0, 1
11791, 497683869, 39, 0, 1
5658, 497689527, 10, 0, 1
6142, 497695669, 18, 0, 1
5654, 497701323, 23, 0, 1
11773, 497713096, 27, 0, 1
5639, 497718735, 20, 0, 1
6160, 497724895, 14, 0, 1
5658, 497730553, 13, 0, 1
11784, 497742337, 26, 0, 1
5658, 497747995, 7, 0, 1
6155, 497754150, 20, 0, 1
5658, 497759808, 10, 0, 1
11778, 497771586, 28, 0, 1
5652, 497777238, 16, 0, 1
6148, 497783386, 20, 0, 1
5658, 497789044, 15, 0, 1
11753, 497800797, 34, 0, 1
5658, 497806455, 12, 0, 1
6162, 497812617, 26, 0, 1
7026, 497819643, 41, 0, 1
11747, 497831390, 32, 0, 1
5645, 497837035, 24, 0, 1
6112, 497843147, 21, 0, 1
5652, 497848799, 15, 0, 1
11806, 497860605, 38, 0, 1
5658, 497866263, 11, 0, 1
6123, 497872386, 26, 0, 1
5638, 497878024, 27, 0, 1
11765, 497889789, 34, 0, 1
5658, 497895447, 9, 0, 1
6165, 497901612, 24, 0, 1
5639, 497907251, 26, 0, 1
11775, 497919026, 28, 0, 1
5652, 497924678, 18, 0, 1
6142, 497930820, 22, 0, 1
5658, 497936478, 12, 0, 1
23042, 497959520, 377, 5, 1
5658, 497965178, 14, 0, 1
6142, 497971320, 20, 0, 1
5655, 497976975, 19, 0, 1
11783, 497988758, 26, 0, 1
5652, 497994410, 14, 0, 1
6161, 498000571, 22, 0, 1
5646, 498006217, 14, 0, 1
11784, 498018001, 38, 0, 1
5646, 498023647, 16, 0, 1
6133, 498029780, 26, 0, 1
5626, 498035406, 18, 0, 1
11752, 498047158, 37, 0, 1
5658, 498052816, 9, 0, 1
6173, 498058989, 15, 0, 1
5657, 498064646, 24, 0, 1
11759, 498076405, 36, 0, 1
5649, 498082054, 21, 0, 1
6118, 498088172, 21, 0, 1
5639, 498093811, 46, 9, 1
11788, 498105599, 41, 0, 1
5658, 498111257, 13, 0, 1
6153, 498117410, 23, 0, 1
5639, 498123049, 18, 0, 1
11772, 498134821, 30, 0, 1
5659, 498140480, 24, 0, 1
6166, 498146646, 24, 0, 1
5640, 498152286, 15, 0, 1
11789, 498164075, 32, 0, 1
5658, 498169733, 11, 0, 1
6153, 498175886, 23, 0, 1
5658, 498181544, 12, 0, 1
11818, 498193362, 33, 0, 1
7034, 498200396, 37, 0, 1
6148, 498206544, 24, 0, 1
5658, 498212202, 14, 0, 1
11778, 498223980, 33, 0, 1
5638, 498229618, 25, 0, 1
6167, 498235785, 19, 0, 1
5652, 498241437, 29, 0, 1
11778, 498253215, 26, 0, 1
5658, 498258873, 11, 0, 1
6142, 498265015, 29, 0, 1
5658, 498270673, 12, 0, 1
11796, 498282469, 23, 0, 1
5658, 498288127, 31, 0, 1
6169, 498294296, 28, 0, 1
5652, 498299948, 15, 0, 1
11756, 498311704, 46, 0, 1
5657, 498317361, 29, 0, 1
6141, 498323502, 21, 0, 1
5658, 498329160, 10, 0, 1
11802, 498340962, 26, 0, 1
5658, 498346620, 17, 0, 1
6141, 498352761, 28, 0, 1
5651, 498358412, 30, 0, 1
11796, 498370208, 23, 0, 1
5651, 498375859, 16, 0, 1
6137, 498381996, 28, 0, 1
5652, 498387648, 19, 0, 1
11782, 498399430, 43, 0, 1
5658, 498405088, 13, 0, 1
6148, 498411236, 20, 0, 1
5658, 498416894, 11, 0, 1
11801, 498428695, 34, 0, 1
5652, 498434347, 12, 0, 1
6118, 498440465, 24, 0, 1
5656, 498446121, 27, 0, 1
11758, 498457879, 37, 0, 1
5658, 498463537, 14, 0, 1
6173, 498469710, 19, 0, 1
5650, 498475360, 24, 0, 1
11771, 498487131, 32, 0, 1
5654, 498492785, 31, 0, 1
6154, 498498939, 16, 0, 1
5610, 498504549, 15, 0, 1
11774, 498516323, 34, 0, 1
5658, 498521981, 10, 0, 1
6173, 498528154, 17, 0, 1
5663, 498533817, 26, 0, 1
11730, 498545547, 39, 0, 1
5651, 498551198, 27, 0, 1
6136, 498557334, 20, 0, 1
5651, 498562985, 26, 0, 1
13193, 498576178, 41, 0, 1
5658, 498581836, 14, 0, 1
6160, 498587996, 17, 0, 1
5652, 498593648, 17, 0, 1
11760, 498605408, 29, 0, 1
5653, 498611061, 26, 0, 1
6158, 498617219, 26, 0, 1
5658, 498622877, 11, 0, 1
11785, 498634662, 37, 0, 1
5658, 498640320, 9, 0, 1
6154, 498646474, 17, 0, 1
5645, 498652119, 20, 0, 1
11809, 498663928, 23, 0, 1
5658, 498669586, 15, 0, 1
6136, 498675722, 25, 0, 1
5652, 498681374, 20, 0, 1
11772, 498693146, 23, 0, 1
5638, 498698784, 26, 0, 1
6149, 498704933, 17, 0, 1
5651, 498710584, 14, 0, 1
11778, 498722362, 31, 0, 1
5650, 498728012, 24, 0, 1
6146, 498734158, 26, 0, 1
5658, 498739816, 11, 0, 1
11773, 498751589, 47, 0, 1
5651, 498757240, 13, 0, 1
6155, 498763395, 17, 0, 1
5658, 498769053, 11, 0, 1
11796, 498780849, 20, 0, 1
5658, 498786507, 7, 0, 1
6160, 498792667, 17, 0, 1
5645, 498798312, 20, 0, 1
11772, 498810084, 41, 0, 1
5658, 498815742, 11, 0, 1
6136, 498821878, 21, 0, 1
5650, 498827528, 26, 0, 1
11768, 498839296, 43, 0, 1
5658, 498844954, 12, 0, 1
6155, 498851109, 19, 0, 1
5658, 498856767, 11, 0, 1
11757, 498868524, 37, 0, 1
5658, 498874182, 11, 0, 1
6160, 498880342, 18, 0, 1
5658, 498886000, 10, 0, 1
11806, 498897806, 44, 0, 1
5639, 498903445, 17, 0, 1
6139, 498909584, 28, 0, 1
5646, 498915230, 17, 0, 1
11784, 498927014, 26, 0, 1
5657, 498932671, 16, 0, 1
6168, 498938839, 28, 0, 1
5658, 498944497, 10, 0, 1
13138, 498957635, 47, 0, 1
5658, 498963293, 12, 0, 1
6160, 498969453, 17, 0, 1
5646, 498975099, 12, 0, 1
11790, 498986889, 34, 0, 1
5657, 498992546, 15, 0, 1
6173, 498998719, 17, 0, 1
5644, 499004363, 20, 0, 1
11784, 499016147, 30, 0, 1
5658, 499021805, 9, 0, 1
6158, 499027963, 26, 0, 1
5658, 499033621, 11, 0, 1
424212, 499457833, 6433, 1528, 1
500727, 499958560, 9602, 890, 5
6719, 499965279, 61, 0, 1
6393, 499971672, 38, 0, 1
18537, 499990209, 387, 31, 1
6449, 499996658, 28, 0, 1
6675, 500003333, 20, 0, 1
8277, 500011610, 165, 13, 1
13244, 500024854, 50, 0, 1
1924027, 1924027, 43548, 848, 4
3779329, 5703356, 58887, 5437, 14
4739842, 10443198, 26645, 5292, 4
19460173, 29903371, 18337, 4932, 11
18454020, 48357391, 23295, 5041, 11
19552024, 67909415, 18591, 4686, 11
19586754, 87496169, 17811, 4944, 11
13892315, 101388484, 19859, 5355, 19
19071354, 120459838, 19241, 4799, 11
19612697, 140072535, 18571, 4726, 11
19148900, 159221435, 20809, 5060, 11
19686496, 178907931, 18401, 5017, 11
19463793, 198371724, 19227, 4630, 11
19591037, 217962761, 19642, 5251, 11
19311013, 237273774, 18255, 4912, 11
18482424, 255756198, 23528, 4562, 11
18994139, 274750337, 20044, 4584, 11
19380095, 294130432, 18779, 5165, 11
19610433, 313740865, 18947, 4963, 11
19616461, 333357326, 18860, 4899, 11
19614331, 352971657, 19375, 5268, 11
19463334, 372434991, 19159, 5036, 11
19671001, 392105992, 18523, 4902, 11
19584718, 411690710, 18701, 5223, 11
19527351, 431218061, 19348, 4812, 11
19587592, 450805653, 18861, 5111, 11
19520874, 470326527, 19384, 5277, 11
17286188, 487612715, 26881, 3602, 7
8711722, 496324437, 19216, 356, 12
6120, 496330557, 353, 4, 1
5634, 496336191, 31, 0, 1
5652, 496341843, 17, 0, 1
11785, 496353628, 41, 0, 1
6158, 496359786, 19, 0, 1
5644, 496365430, 24, 0, 1
5651, 496371081, 20, 0, 1
11811, 496382892, 35, 0, 1
6108, 496389000, 27, 0, 1
5628, 496394628, 20, 0, 1
5657, 496400285, 17, 0, 1
11837, 496412122, 57, 0, 1
6134, 496418256, 31, 0, 1
5655, 496423911, 26, 0, 1
5658, 496429569, 12, 0, 1
11810, 496441379, 37, 0, 1
6151, 496447530, 19, 0, 1
5658, 496453188, 15, 0, 1
5658, 496458846, 12, 0, 1
11806, 496470652, 47, 0, 1
6138, 496476790, 18, 0, 1
5658, 496482448, 10, 0, 1
5658, 496488106, 14, 0, 1
11797, 496499903, 54, 0, 1
6138, 496506041, 23, 0, 1
5658, 496511699, 14, 0, 1
5650, 496517349, 29, 0, 1
11818, 496529167, 32, 0, 1
6133, 496535300, 33, 0, 1
5632, 496540932, 21, 0, 1
5651, 496546583, 19, 0, 1
11793, 496558376, 35, 0, 1
6138, 496564514, 18, 0, 1
5639, 496570153, 19, 0, 1
5661, 496575814, 32, 0, 1
11781, 496587595, 43, 0, 1
6151, 496593746, 14, 0, 1
5634, 496599380, 17, 0, 1
5646, 496605026, 16, 0, 1
11794, 496616820, 46, 0, 1
6138, 496622958, 18, 0, 1
5620, 496628578, 20, 0, 1
5668, 496634246, 31, 0, 1
11824, 496646070, 42, 0, 1
6107, 496652177, 28, 0, 1
5662, 496657839, 19, 0, 1
5658, 496663497, 23, 0, 1
11796, 496675293, 40, 0, 1
7528, 496682821, 92, 1, 1
5652, 496688473, 19, 0, 1
5658, 496694131, 13, 0, 1
11794, 496705925, 38, 0, 1
6130, 496712055, 34, 0, 1
5626, 496717681, 22, 0, 1
5644, 496723325, 28, 0, 1
11818, 496735143, 28, 0, 1
6132, 496741275, 18, 0, 1
5652, 496746927, 22, 0, 1
5658, 496752585, 14, 0, 1
11805, 496764390, 30, 1, 1
6101, 496770491, 29, 0, 1
5658, 496776149, 14, 0, 1
5632, 496781781, 23, 0, 1
11843, 496793624, 43, 1, 1
6137, 496799761, 29, 0, 1
5658, 496805419, 18, 0, 1
5644, 496811063, 29, 0, 1
11811, 496822874, 31, 0, 1
6151, 496829025, 19, 0, 1
5658, 496834683, 14, 0, 1
5643, 496840326, 23, 0, 1
12534, 496852860, 67, 0, 1
9886, 496862746, 237, 3, 1
6355, 496869101, 35, 0, 1
6308, 496875409, 24, 0, 1
12270, 496887679, 41, 0, 1
6102, 496893781, 24, 0, 1
6102, 496899883, 37, 0, 1
6122, 496906005, 29, 0, 1
12183, 496918188, 36, 0, 1
6128, 496924316, 27, 0, 1
6116, 496930432, 20, 0, 1
6089, 496936521, 28, 0, 1
12165, 496948686, 43, 0, 1
6126, 496954812, 38, 0, 1
6116, 496960928, 17, 0, 1
6110, 496967038, 33, 0, 1
12239, 496979277, 31, 0, 1
6110, 496985387, 17, 0, 1
6110, 496991497, 20, 0, 1
6116, 496997613, 17, 0, 1
12196, 497009809, 39, 0, 1
6116, 497015925, 18, 0, 1
6129, 497022054, 18, 0, 1
5634, 497027688, 17, 0, 1
11796, 497039484, 22, 0, 1
6138, 497045622, 13, 0, 1
6116, 497051738, 17, 0, 1
5658, 497057396, 12, 0, 1
13161, 497070557, 54, 1, 1
6151, 497076708, 17, 0, 1
5658, 497082366, 12, 0, 1
5657, 497088023, 21, 0, 1
11794, 497099817, 33, 0, 1
6137, 497105954, 26, 0, 1
5615, 497111569, 21, 0, 1
5661, 497117230, 27, 0, 1
11813, 497129043, 29, 0, 1
6112, 497135155, 25, 0, 1
5658, 497140813, 12, 0, 1
5658, 497146471, 14, 0, 1
11818, 497158289, 20, 0, 1
6134, 497164423, 25, 0, 1
5645, 497170068, 19, 0, 1
5635, 497175703, 24, 0, 1
11787, 497187490, 49, 0, 1
6138, 497193628, 13, 0, 1
5658, 497199286, 11, 0, 1
5632, 497204918, 24, 0, 1
11802, 497216720, 37, 0, 1
6138, 497222858, 14, 0, 1
5620, 497228478, 20, 0, 1
5658, 497234136, 22, 0, 1
11784, 497245920, 50, 0, 1
6108, 497252028, 26, 0, 1
5646, 497257674, 19, 0, 1
5649, 497263323, 28, 0, 1
11806, 497275129, 34, 0, 1
6114, 497281243, 21, 0, 1
5651, 497286894, 21, 0, 1
5652, 497292546, 21, 0, 1
11817, 497304363, 31, 0, 1
6151, 497310514, 14, 0, 1
5639, 497316153, 18, 0, 1
5645, 497321798, 23, 0, 1
11818, 497333616, 18, 0, 1
6117, 497339733, 25, 0, 1
5645, 497345378, 21, 0, 1
11831, 497357209, 24, 0, 1
5662, 497362871, 21, 0, 1
6138, 497369009, 16, 0, 1
5658, 497374667, 13, 0, 1
11812, 497386479, 26, 0, 1
5658, 497392137, 13, 0, 1
6127, 497398264, 24, 0, 1
5658, 497403922, 14, 0, 1
11818, 497415740, 28, 0, 1
5658, 497421398, 12, 0, 1
6126, 497427524, 20, 0, 1
5649, 497433173, 27, 0, 1
13184, 497446357, 42, 0, 1
5644, 497452001, 31, 0, 1
6107, 497458108, 26, 0, 1
5634, 497463742, 19, 0, 1
11817, 497475559, 31, 0, 1
5646, 497481205, 15, 0, 1
6145, 497487350, 17, 0, 1
5625, 497492975, 20, 0, 1
20886, 497513861, 350, 20, 1
5657, 497519518, 37, 0, 1
6130, 497525648, 25, 0, 1
5652, 497531300, 14, 0, 1
11805, 497543105, 29, 0, 1
5658, 497548763, 13, 0, 1
6162, 497554925, 23, 0, 1
5653, 497560578, 31, 0, 1
11821, 497572399, 45, 0, 1
5656, 497578055, 18, 0, 1
6138, 497584193, 17, 0, 1
5646, 497589839, 19, 0, 1
11781, 497601620, 39, 0, 1
5634, 497607254, 20, 0, 1
6125, 497613379, 24, 0, 1
5658, 497619037, 13, 0, 1
11801, 497630838, 44, 0, 1
5652, 497636490, 29, 0, 1
6139, 497642629, 19, 0, 1
5645, 497648274, 18, 0, 1
11794, 497660068, 32, 0, 1
5658, 497665726, 10, 0, 1
6126, 497671852, 20, 0, 1
5660, 497677512, 26, 0, 1
11800, 497689312, 44, 0, 1
5650, 497694962, 20, 0, 1
6137, 497701099, 27, 0, 1
5647, 497706746, 25, 0, 1
11818, 497718564, 24, 0, 1
5650, 497724214, 20, 0, 1
6138, 497730352, 18, 0, 1
5633, 497735985, 19, 0, 1
11832, 497747817, 39, 0, 1
5647, 497753464, 28, 0, 1
6125, 497759589, 20, 0, 1
5632, 497765221, 22, 0, 1
11803, 497777024, 46, 0, 1
5658, 497782682, 15, 0, 1
6151, 497788833, 19, 0, 1
5633, 497794466, 21, 0, 1
11805, 497806271, 42, 0, 1
5654, 497811925, 29, 0, 1
6138, 497818063, 15, 0, 1
5649, 497823712, 20, 0, 1
13211, 497836923, 65, 0, 1
5660, 497842583, 30, 0, 1
6142, 497848725, 28, 0, 1
5658, 497854383, 17, 0, 1
11818, 497866201, 26, 0, 1
5654, 497871855, 26, 0, 1
6151, 497878006, 17, 0, 1
5651, 497883657, 22, 0, 1
11812, 497895469, 49, 0, 1
5653, 497901122, 29, 0, 1
6107, 497907229, 25, 0, 1
5658, 497912887, 14, 0, 1
11844, 497924731, 22, 0, 1
5628, 497930359, 16, 0, 1
6138, 497936497, 20, 0, 1
5652, 497942149, 19, 0, 1
11812, 497953961, 36, 0, 1
5658, 497959619, 13, 0, 1
6119, 497965738, 23, 0, 1
5622, 497971360, 19, 0, 1
11818, 497983178, 39, 0, 1
5661, 497988839, 30, 0, 1
6143, 497994982, 33, 0, 1
5655, 498000637, 31, 0, 1
11793, 498012430, 46, 0, 1
5650, 498018080, 24, 0, 1
6153, 498024233, 30, 0, 1
5644, 498029877, 23, 0, 1
11801, 498041678, 45, 0, 1
5658, 498047336, 14, 0, 1
6128, 498053464, 33, 0, 1
5658, 498059122, 13, 0, 1
11819, 498070941, 30, 0, 1
5658, 498076599, 10, 0, 1
6126, 498082725, 23, 0, 1
5658, 498088383, 13, 0, 1
11812, 498100195, 26, 0, 1
5622, 498105817, 25, 0, 1
6151, 498111968, 18, 0, 1
5658, 498117626, 16, 0, 1
11820, 498129446, 42, 0, 1
5658, 498135104, 13, 0, 1
6138, 498141242, 16, 0, 1
5658, 498146900, 14, 0, 1
11813, 498158713, 31, 0, 1
5653, 498164366, 28, 0, 1
6108, 498170474, 26, 0, 1
5658, 498176132, 14, 0, 1
11776, 498187908, 34, 0, 1
5658, 498193566, 12, 0, 1
6114, 498199680, 23, 0, 1
7023, 498206703, 34, 0, 1
11823, 498218526, 44, 0, 1
5644, 498224170, 30, 0, 1
6112, 498230282, 27, 0, 1
5645, 498235927, 19, 0, 1
11781, 498247708, 37, 0, 1
5656, 498253364, 17, 1, 1
14351, 498267715, 254, 51, 1
5628, 498273343, 33, 0, 1
11755, 498285098, 41, 0, 1
5648, 498290746, 28, 0, 1
6138, 498296884, 18, 0, 1
5640, 498302524, 18, 0, 1
11825, 498314349, 38, 0, 1
5658, 498320007, 14, 0, 1
6123, 498326130, 27, 0, 1
5650, 498331780, 23, 0, 1
11818, 498343598, 26, 0, 1
5668, 498349266, 27, 0, 1
6151, 498355417, 18, 0, 1
5638, 498361055, 25, 0, 1
11805, 498372860, 35, 0, 1
5654, 498378514, 29, 0, 1
6138, 498384652, 17, 0, 1
5658, 498390310, 11, 0, 1
12694, 498403004, 115, 7, 1
5639, 498408643, 25, 0, 1
6138, 498414781, 16, 0, 1
5650, 498420431, 21, 0, 1
11786, 498432217, 36, 0, 1
5658, 498437875, 13, 0, 1
6138, 498444013, 17, 0, 1
5650, 498449663, 24, 0, 1
11788, 498461451, 36, 0, 1
5656, 498467107, 23, 0, 1
6138, 498473245, 18, 0, 1
5646, 498478891, 15, 0, 1
11811, 498490702, 43, 0, 1
5658, 498496360, 12, 0, 1
6151, 498502511, 17, 0, 1
5644, 498508155, 25, 0, 1
11803, 498519958, 40, 0, 1
5643, 498525601, 26, 0, 1
6138, 498531739, 17, 0, 1
5640, 498537379, 16, 0, 1
11816, 498549195, 40, 0, 1
5651, 498554846, 20, 0, 1
6120, 498560966, 21, 0, 1
5645, 498566611, 20, 0, 1
11810, 498578421, 37, 0, 1
5658, 498584079, 14, 0, 1
7535, 498591614, 33, 0, 1
5644, 498597258, 26, 0, 1
11825, 498609083, 49, 0, 1
5658, 498614741, 12, 0, 1
6132, 498620873, 19, 0, 1
5658, 498626531, 12, 0, 1
11801, 498638332, 27, 0, 1
8997, 498647329, 175, 5, 1
894782, 499542111, 14652, 2194, 9
8394, 499550505, 776, 3, 1
13157, 499563662, 58, 0, 1
6654, 499570316, 38, 0, 1
11912, 499582228, 355, 25, 1
6722, 499588950, 39, 1, 1
13371, 499602321, 58, 0, 1
8256, 499610577, 174, 10, 1
6602, 499617179, 27, 0, 1
1034570, 1034570, 22684, 499, 5
4162752, 5197322, 75393, 3971, 14
2301325, 7498647, 21304, 5902, 9
12376903, 19875550, 21887, 3613, 19
19252543, 39128093, 18191, 4911, 11
18902153, 58030246, 21970, 4751, 11
14839585, 72869831, 19776, 5406, 19
18719377, 91589208, 17709, 4733, 11
18942462, 110531670, 18060, 4995, 11
19411978, 129943648, 20789, 4758, 11
19568178, 149511826, 18282, 4881, 11
19722098, 169233924, 18237, 5038, 11
19592622, 188826546, 18489, 4774, 11
19262485, 208089031, 20553, 5114, 11
18855076, 226944107, 18841, 4875, 11
19342778, 246286885, 18484, 4902, 11
18889956, 265176841, 23986, 4847, 11
19513219, 284690060, 19337, 4770, 11
19503508, 304193568, 18651, 5023, 11
19608267, 323801835, 18817, 4809, 11
19654404, 343456239, 19134, 5265, 11
19570511, 363026750, 18661, 5098, 11
19671215, 382697965, 18757, 4988, 11
19519952, 402217917, 18574, 5159, 11
19595217, 421813134, 18858, 5235, 11
19609361, 441422495, 18996, 4793, 11
19556688, 460979183, 18657, 5247, 11
19583934, 480563117, 18645, 5305, 11
12961292, 493524409, 29554, 1154, 19
3768947, 497293356, 8712, 310, 6
5637, 497298993, 30, 0, 1
5652, 497304645, 16, 0, 1
6160, 497310805, 18, 0, 1
11784, 497322589, 30, 0, 1
5658, 497328247, 12, 0, 1
5626, 497333873, 22, 0, 1
6142, 497340015, 27, 0, 1
11796, 497351811, 22, 0, 1
5627, 497357438, 19, 0, 1
5652, 497363090, 12, 0, 1
6154, 497369244, 18, 0, 1
11809, 497381053, 22, 0, 1
5658, 497386711, 10, 0, 1
5651, 497392362, 19, 0, 1
6148, 497398510, 22, 0, 1
11780, 497410290, 28, 0, 1
5646, 497415936, 12, 0, 1
5652, 497421588, 14, 0, 1
6131, 497427719, 23, 0, 1
11768, 497439487, 40, 0, 1
5649, 497445136, 20, 0, 1
5658, 497450794, 12, 0, 1
6147, 497456941, 20, 0, 1
11822, 497468763, 25, 0, 1
5652, 497474415, 17, 0, 1
5658, 497480073, 10, 0, 1
6160, 497486233, 16, 0, 1
11771, 497498004, 27, 0, 1
5638, 497503642, 22, 0, 1
5658, 497509300, 10, 0, 1
6173, 497515473, 15, 0, 1
11789, 497527262, 32, 0, 1
5660, 497532922, 27, 0, 1
5658, 497538580, 8, 0, 1
6161, 497544741, 29, 0, 1
11766, 497556507, 34, 0, 1
5657, 497562164, 17, 0, 1
5658, 497567822, 10, 0, 1
6173, 497573995, 18, 0, 1
11778, 497585773, 30, 0, 1
5645, 497591418, 18, 0, 1
5658, 497597076, 12, 0, 1
6148, 497603224, 18, 0, 1
11805, 497615029, 46, 0, 1
5615, 497620644, 16, 0, 1
5658, 497626302, 16, 0, 1
6122, 497632424, 22, 0, 1
13161, 497645585, 100, 0, 1
5634, 497651219, 19, 0, 1
5645, 497656864, 20, 0, 1
6153, 497663017, 25, 0, 1
11765, 497674782, 32, 0, 1
5628, 497680410, 17, 0, 1
5658, 497686068, 10, 0, 1
6160, 497692228, 14, 0, 1
11795, 497704023, 40, 0, 1
5658, 497709681, 19, 0, 1
5658, 497715339, 15, 0, 1
6160, 497721499, 14, 0, 1
11795, 497733294, 40, 0, 1
5652, 497738946, 14, 0, 1
5658, 497744604, 9, 0, 1
6138, 497750742, 21, 0, 1
11790, 497762532, 24, 0, 1
5657, 497768189, 15, 0, 1
5652, 497773841, 15, 0, 1
6148, 497779989, 23, 0, 1
11775, 497791764, 45, 0, 1
5658, 497797422, 14, 0, 1
5658, 497803080, 12, 0, 1
6146, 497809226, 26, 0, 1
12323, 497821549, 69, 0, 1
6333, 497827882, 39, 0, 1
5637, 497833519, 14, 0, 1
6686, 497840205, 21, 0, 1
14977, 497855182, 199, 11, 1
6098, 497861280, 27, 0, 1
5651, 497866931, 20, 0, 1
12242, 497879173, 30, 0, 1
6092, 497885265, 29, 0, 1
6084, 497891349, 25, 0, 1
6087, 497897436, 24, 0, 1
12232, 497909668, 32, 0, 1
6116, 497915784, 17, 0, 1
6116, 497921900, 17, 0, 1
6116, 497928016, 18, 0, 1
12213, 497940229, 39, 0, 1
6129, 497946358, 12, 0, 1
6079, 497952437, 23, 0, 1
6105, 497958542, 34, 0, 1
12216, 497970758, 40, 0, 1
6116, 497976874, 18, 0, 1
6068, 497982942, 24, 0, 1
6102, 497989044, 29, 0, 1
11793, 498000837, 35, 0, 1
6138, 498006975, 18, 0, 1
6103, 498013078, 26, 0, 1
5625, 498018703, 24, 0, 1
13130, 498031833, 56, 0, 1
6126, 498037959, 20, 0, 1
5656, 498043615, 26, 0, 1
5630, 498049245, 26, 0, 1
11828, 498061073, 51, 0, 1
6129, 498067202, 29, 0, 1
5658, 498072860, 9, 0, 1
5640, 498078500, 11, 0, 1
11808, 498090308, 45, 0, 1
6151, 498096459, 15, 0, 1
5649, 498102108, 24, 0, 1
5658, 498107766, 30, 0, 1
11813, 498119579, 41, 0, 1
6138, 498125717, 19, 0, 1
5631, 498131348, 19, 0, 1
5646, 498136994, 27, 0, 1
11806, 498148800, 34, 0, 1
6131, 498154931, 19, 0, 1
5658, 498160589, 10, 0, 1
5657, 498166246, 12, 0, 1
11772, 498178018, 43, 0, 1
6155, 498184173, 28, 0, 1
5646, 498189819, 16, 0, 1
5637, 498195456, 25, 0, 1
11812, 498207268, 25, 0, 1
6138, 498213406, 18, 0, 1
5652, 498219058, 23, 0, 1
5658, 498224716, 13, 0, 1
11842, 498236558, 47, 0, 1
6132, 498242690, 20, 0, 1
5658, 498248348, 11, 0, 1
5658, 498254006, 12, 0, 1
11799, 498265805, 31, 0, 1
6138, 498271943, 15, 0, 1
5638, 498277581, 24, 0, 1
5658, 498283239, 10, 0, 1
11821, 498295060, 49, 0, 1
6138, 498301198, 14, 0, 1
5658, 498306856, 13, 0, 1
5654, 498312510, 23, 0, 1
11823, 498324333, 41, 0, 1
6151, 498330484, 13, 0, 1
5640, 498336124, 14, 0, 1
5658, 498341782, 16, 0, 1
11816, 498353598, 43, 0, 1
6132, 498359730, 20, 0, 1
5658, 498365388, 13, 0, 1
5658, 498371046, 18, 0, 1
11824, 498382870, 31, 0, 1
6126, 498388996, 24, 0, 1
5621, 498394617, 19, 0, 1
5652, 498400269, 14, 0, 1
13195, 498413464, 40, 0, 1
6151, 498419615, 17, 0, 1
5651, 498425266, 21, 0, 1
5637, 498430903, 22, 0, 1
11774, 498442677, 40, 0, 1
6131, 498448808, 24, 0, 1
5628, 498454436, 17, 0, 1
5658, 498460094, 11, 0, 1
11794, 498471888, 28, 0, 1
6138, 498478026, 15, 0, 1
5637, 498483663, 24, 0, 1
5640, 498489303, 14, 0, 1
11769, 498501072, 34, 0, 1
6096, 498507168, 24, 0, 1
5658, 498512826, 12, 0, 1
5652, 498518478, 11, 0, 1
11819, 498530297, 33, 0, 1
6137, 498536434, 25, 0, 1
5639, 498542073, 22, 0, 1
5658, 498547731, 9, 0, 1
11793, 498559524, 38, 0, 1
17390, 498576914, 472, 11, 1
5639, 498582553, 32, 0, 1
5656, 498588209, 21, 0, 1
11818, 498600027, 36, 0, 1
6129, 498606156, 25, 0, 1
5658, 498611814, 10, 0, 1
5658, 498617472, 8, 0, 1
11845, 498629317, 42, 0, 1
6119, 498635436, 27, 0, 1
5658, 498641094, 12, 0, 1
5658, 498646752, 18, 0, 1
11781, 498658533, 40, 0, 1
7021, 498665554, 89, 13, 1
5639, 498671193, 22, 0, 1
5658, 498676851, 10, 0, 1
11813, 498688664, 36, 0, 1
6132, 498694796, 22, 0, 1
5646, 498700442, 16, 0, 1
5640, 498706082, 17, 0, 1
11822, 498717904, 38, 0, 1
6126, 498724030, 26, 0, 1
5645, 498729675, 18, 0, 1
5658, 498735333, 12, 0, 1
11812, 498747145, 42, 0, 1
6132, 498753277, 18, 0, 1
6125, 498759402, 35, 0, 1
5657, 498765059, 19, 0, 1
11789, 498776848, 27, 0, 1
6138, 498782986, 15, 0, 1
7035, 498790021, 30, 0, 1
5652, 498795673, 15, 0, 1
11803, 498807476, 34, 0, 1
6146, 498813622, 20, 0, 1
5652, 498819274, 11, 0, 1
5652, 498824926, 11, 0, 1
11765, 498836691, 43, 0, 1
6138, 498842829, 15, 0, 1
5639, 498848468, 16, 0, 1
5658, 498854126, 10, 0, 1
11794, 498865920, 36, 0, 1
6131, 498872051, 22, 0, 1
5645, 498877696, 17, 0, 1
5658, 498883354, 9, 0, 1
11812, 498895166, 41, 0, 1
6151, 498901317, 13, 0, 1
5657, 498906974, 24, 0, 1
5652, 498912626, 13, 0, 1
11781, 498924407, 34, 0, 1
6126, 498930533, 26, 0, 1
5622, 498936155, 18, 0, 1
5651, 498941806, 27, 0, 1
11819, 498953625, 28, 0, 1
6138, 498959763, 18, 0, 1
5658, 498965421, 9, 0, 1
5652, 498971073, 14, 0, 1
11806, 498982879, 27, 0, 1
6132, 498989011, 18, 0, 1
5652, 498994663, 11, 0, 1
5655, 499000318, 21, 0, 1
11826, 499012144, 26, 0, 1
6138, 499018282, 18, 0, 1
5657, 499023939, 30, 0, 1
5633, 499029572, 20, 0, 1
11818, 499041390, 23, 0, 1
6163, 499047553, 35, 0, 1
5646, 499053199, 18, 0, 1
5658, 499058857, 14, 0, 1
11818, 499070675, 25, 0, 1
6138, 499076813, 18, 0, 1
5658, 499082471, 11, 0, 1
5658, 499088129, 9, 0, 1
11810, 499099939, 45, 0, 1
6131, 499106070, 24, 0, 1
5646, 499111716, 21, 0, 1
5658, 499117374, 12, 0, 1
11791, 499129165, 41, 0, 1
6149, 499135314, 23, 0, 1
5658, 499140972, 11, 0, 1
5658, 499146630, 9, 0, 1
11814, 499158444, 39, 0, 1
7514, 499165958, 48, 0, 1
5647, 499171605, 26, 0, 1
5657, 499177262, 18, 0, 1
11819, 499189081, 26, 0, 1
6138, 499195219, 13, 0, 1
5656, 499200875, 27, 0, 1
5658, 499206533, 9, 0, 1
11812, 499218345, 38, 0, 1
6138, 499224483, 13, 0, 1
5658, 499230141, 11, 0, 1
5658, 499235799, 9, 0, 1
11813, 499247612, 33, 0, 1
6096, 499253708, 19, 0, 1
5640, 499259348, 17, 0, 1
5658, 499265006, 11, 0, 1
11811, 499276817, 33, 0, 1
6151, 499282968, 16, 0, 1
5658, 499288626, 8, 0, 1
5658, 499294284, 10, 0, 1
11790, 499306074, 41, 0, 1
6138, 499312212, 15, 0, 1
5640, 499317852, 20, 0, 1
5652, 499323504, 14, 0, 1
11799, 499335303, 34, 0, 1
6138, 499341441, 15, 0, 1
5643, 499347084, 23, 0, 1
5657, 499352741, 19, 0, 1
11812, 499364553, 37, 0, 1
6164, 499370717, 16, 0, 1
5634, 499376351, 16, 0, 1
5657, 499382008, 20, 0, 1
11818, 499393826, 21, 0, 1
6112, 499399938, 26, 0, 1
5652, 499405590, 14, 0, 1
5658, 499411248, 10, 0, 1
11802, 499423050, 39, 0, 1
6138, 499429188, 15, 0, 1
5625, 499434813, 21, 0, 1
5658, 499440471, 13, 0, 1
11794, 499452265, 25, 0, 1
6121, 499458386, 30, 0, 1
5658, 499464044, 10, 0, 1
5658, 499469702, 12, 0, 1
11826, 499481528, 31, 0, 1
6138, 499487666, 17, 0, 1
5645, 499493311, 11, 0, 1
5658, 499498969, 13, 0, 1
11804, 499510773, 39, 0, 1
6109, 499516882, 19, 0, 1
5652, 499522534, 17, 0, 1
5658, 499528192, 14, 0, 1
13175, 499541367, 51, 0, 1
6154, 499547521, 27, 0, 1
5640, 499553161, 14, 0, 1
5651, 499558812, 13, 0, 1
11800, 499570612, 36, 0, 1
22116, 499592728, 1623, 313, 1
868278, 500461006, 14031, 2045, 5
6707, 500467713, 44, 0, 1
13117, 500480830, 77, 0, 1
11899, 500492729, 373, 28, 1
6702, 500499431, 33, 0, 1
7063, 500506494, 31, 0, 1
14912, 500521406, 181, 6, 1
6602, 500528008, 26, 0, 1
421597, 421597, 8799, 285, 5
4677240, 5098837, 87899, 3915, 16
2126755, 7225592, 18342, 5896, 9
14499447, 21725039, 26816, 5085, 19
18674172, 40399211, 22252, 4989, 11
19404854, 59804065, 19971, 4991, 11
19623717, 79427782, 18562, 4944, 11
14714592, 94142374, 19672, 5576, 19
18338783, 112481157, 18659, 4662, 11
19068255, 131549412, 18258, 4685, 11
19474762, 151024174, 20992, 4939, 11
19790704, 170814878, 18650, 5094, 11
19658314, 190473192, 18320, 4505, 11
19606533, 210079725, 18385, 5292, 11
19467962, 229547687, 20004, 4963, 11
18800666, 248348353, 19152, 4579, 11
18813310, 267161663, 24286, 4550, 11
19070279, 286231942, 19223, 5028, 11
19590067, 305822009, 19951, 5053, 11
19569310, 325391319, 19435, 4888, 11
19717997, 345109316, 19378, 5301, 11
19509176, 364618492, 19006, 5133, 11
19661422, 384279914, 19310, 4872, 11
19518232, 403798146, 19062, 5156, 11
19672046, 423470192, 19054, 5213, 11
19638968, 443109160, 18912, 4845, 11
19457708, 462566868, 20095, 5253, 11
19623928, 482190796, 19054, 5235, 11
11461827, 493652623, 28301, 524, 19
2709274, 496361897, 6476, 233, 5
12305, 496374202, 342, 3, 1
5639, 496379841, 20, 0, 1
5641, 496385482, 26, 0, 1
6148, 496391630, 22, 0, 1
11791, 496403421, 52, 0, 1
5658, 496409079, 14, 0, 1
5658, 496414737, 10, 0, 1
6161, 496420898, 20, 0, 1
13143, 496434041, 114, 9, 1
5643, 496439684, 26, 0, 1
5658, 496445342, 11, 0, 1
6117, 496451459, 27, 0, 1
11796, 496463255, 29, 0, 1
5661, 496468916, 25, 0, 1
5658, 496474574, 12, 0, 1
6134, 496480708, 32, 0, 1
11797, 496492505, 27, 0, 1
5652, 496498157, 26, 0, 1
5652, 496503809, 16, 0, 1
6173, 496509982, 19, 0, 1
11771, 496521753, 37, 0, 1
5637, 496527390, 24, 0, 1
5652, 496533042, 18, 0, 1
6156, 496539198, 31, 0, 1
11766, 496550964, 35, 0, 1
5628, 496556592, 17, 0, 1
5655, 496562247, 26, 0, 1
6161, 496568408, 23, 0, 1
11789, 496580197, 40, 0, 1
5658, 496585855, 14, 0, 1
5657, 496591512, 17, 0, 1
6142, 496597654, 22, 0, 1
11809, 496609463, 22, 0, 1
5643, 496615106, 23, 0, 1
5658, 496620764, 12, 0, 1
6160, 496626924, 17, 0, 1
11734, 496638658, 40, 0, 1
5646, 496644304, 15, 0, 1
5658, 496649962, 14, 0, 1
6155, 496656117, 29, 0, 1
11777, 496667894, 36, 0, 1
5652, 496673546, 13, 0, 1
5658, 496679204, 14, 0, 1
6154, 496685358, 23, 0, 1
11791, 496697149, 29, 0, 1
5621, 496702770, 21, 0, 1
5662, 496708432, 22, 0, 1
6160, 496714592, 22, 0, 1
11777, 496726369, 45, 0, 1
5658, 496732027, 11, 0, 1
5652, 496737679, 15, 0, 1
6186, 496743865, 16, 0, 1
11759, 496755624, 32, 0, 1
5658, 496761282, 13, 0, 1
5638, 496766920, 18, 0, 1
6160, 496773080, 18, 0, 1
11789, 496784869, 46, 0, 1
5657, 496790526, 16, 0, 1
5658, 496796184, 13, 0, 1
6169, 496802353, 30, 0, 1
13165, 496815518, 58, 0, 1
5645, 496821163, 17, 0, 1
5658, 496826821, 11, 0, 1
6136, 496832957, 20, 0, 1
11791, 496844748, 39, 0, 1
5652, 496850400, 15, 0, 1
5658, 496856058, 12, 0, 1
6160, 496862218, 15, 0, 1
11788, 496874006, 39, 0, 1
5658, 496879664, 26, 0, 1
5658, 496885322, 14, 0, 1
6173, 496891495, 17, 0, 1
12873, 496904368, 89, 2, 1
6650, 496911018, 27, 0, 1
8346, 496919364, 189, 11, 1
6601, 496925965, 29, 0, 1
11802, 496937767, 28, 0, 1
6116, 496943883, 18, 0, 1
6116, 496949999, 18, 0, 1
6116, 496956115, 17, 0, 1
12214, 496968329, 33, 0, 1
6101, 496974430, 22, 0, 1
6105, 496980535, 33, 0, 1
6129, 496986664, 18, 0, 1
12235, 496998899, 45, 0, 1
6098, 497004997, 27, 0, 1
6085, 497011082, 30, 0, 1
6080, 497017162, 25, 0, 1
12213, 497029375, 38, 0, 1
6116, 497035491, 21, 0, 1
6115, 497041606, 29, 0, 1
12225, 497053831, 46, 0, 1
6098, 497059929, 25, 0, 1
6116, 497066045, 16, 0, 1
5658, 497071703, 12, 0, 1
13136, 497084839, 126, 5, 1
6098, 497090937, 21, 0, 1
6098, 497097035, 20, 0, 1
5663, 497102698, 16, 0, 1
11759, 497114457, 30, 0, 1
6138, 497120595, 16, 0, 1
5645, 497126240, 27, 0, 1
5652, 497131892, 20, 0, 1
11829, 497143721, 37, 0, 1
6095, 497149816, 25, 0, 1
5651, 497155467, 22, 0, 1
5638, 497161105, 22, 0, 1
11818, 497172923, 20, 0, 1
6150, 497179073, 34, 0, 1
5658, 497184731, 17, 0, 1
5657, 497190388, 27, 0, 1
13179, 497203567, 60, 0, 1
6132, 497209699, 22, 0, 1
5657, 497215356, 30, 0, 1
5652, 497221008, 14, 0, 1
11792, 497232800, 48, 0, 1
6145, 497238945, 15, 0, 1
5652, 497244597, 18, 0, 1
5658, 497250255, 14, 0, 1
11795, 497262050, 32, 0, 1
6090, 497268140, 22, 0, 1
5658, 497273798, 14, 0, 1
5658, 497279456, 13, 0, 1
11829, 497291285, 46, 0, 1
6114, 497297399, 21, 0, 1
5633, 497303032, 18, 0, 1
5633, 497308665, 22, 0, 1
11805, 497320470, 32, 0, 1
6151, 497326621, 19, 0, 1
5628, 497332249, 23, 0, 1
5654, 497337903, 25, 0, 1
11798, 497349701, 45, 0, 1
6125, 497355826, 23, 0, 1
5631, 497361457, 24, 0, 1
5640, 497367097, 16, 0, 1
11831, 497378928, 20, 0, 1
6132, 497385060, 19, 0, 1
5667, 497390727, 32, 0, 1
5658, 497396385, 11, 0, 1
11797, 497408182, 38, 0, 1
6151, 497414333, 14, 0, 1
5658, 497419991, 14, 0, 1
5639, 497425630, 23, 0, 1
11697, 497437327, 38, 0, 1
6119, 497443446, 30, 0, 1
5657, 497449103, 27, 0, 1
5658, 497454761, 18, 0, 1
11829, 497466590, 40, 0, 1
6138, 497472728, 15, 0, 1
5658, 497478386, 13, 0, 1
5657, 497484043, 20, 0, 1
11818, 497495861, 22, 0, 1
6102, 497501963, 27, 0, 1
5622, 497507585, 19, 0, 1
5643, 497513228, 24, 0, 1
11844, 497525072, 21, 0, 1
6138, 497531210, 18, 0, 1
5610, 497536820, 21, 0, 1
5658, 497542478, 12, 0, 1
11810, 497554288, 45, 0, 1
6151, 497560439, 15, 0, 1
5658, 497566097, 14, 0, 1
7044, 497573141, 45, 0, 1
11820, 497584961, 44, 0, 1
6132, 497591093, 20, 0, 1
5652, 497596745, 16, 0, 1
5662, 497602407, 33, 0, 1
11803, 497614210, 39, 0, 1
6138, 497620348, 14, 0, 1
5645, 497625993, 21, 0, 1
5657, 497631650, 21, 0, 1
11805, 497643455, 28, 0, 1
15214, 497658669, 319, 27, 1
5645, 497664314, 37, 1, 1
5657, 497669971, 24, 0, 1
11818, 497681789, 21, 0, 1
6138, 497687927, 17, 0, 1
5627, 497693554, 21, 0, 1
5658, 497699212, 11, 0, 1
11810, 497711022, 33, 0, 1
6138, 497717160, 16, 0, 1
5658, 497722818, 12, 0, 1
5658, 497728476, 15, 0, 1
11798, 497740274, 44, 0, 1
6108, 497746382, 24, 0, 1
5658, 497752040, 12, 0, 1
5657, 497757697, 19, 0, 1
11816, 497769513, 40, 0, 1
6116, 497775629, 29, 0, 1
5652, 497781281, 10, 0, 1
5657, 497786938, 15, 0, 1
11792, 497798730, 33, 0, 1
6151, 497804881, 17, 0, 1
5655, 497810536, 22, 0, 1
5638, 497816174, 20, 0, 1
11794, 497827968, 24, 0, 1
6130, 497834098, 26, 0, 1
5658, 497839756, 13, 0, 1
5658, 497845414, 13, 0, 1
11820, 497857234, 36, 0, 1
6138, 497863372, 16, 0, 1
5651, 497869023, 22, 0, 1
5658, 497874681, 13, 0, 1
11816, 497886497, 40, 0, 1
6163, 497892660, 26, 0, 1
6108, 497898768, 25, 0, 1
5658, 497904426, 14, 0, 1
11795, 497916221, 37, 0, 1
6138, 497922359, 14, 0, 1
5656, 497928015, 25, 0, 1
5657, 497933672, 20, 0, 1
11813, 497945485, 31, 0, 1
6113, 497951598, 21, 0, 1
7035, 497958633, 36, 0, 1
5658, 497964291, 12, 0, 1
11817, 497976108, 38, 0, 1
6145, 497982253, 17, 0, 1
5658, 497987911, 14, 0, 1
5652, 497993563, 14, 0, 1
11818, 498005381, 40, 0, 1
6113, 498011494, 27, 0, 1
5657, 498017151, 30, 0, 1
5654, 498022805, 28, 0, 1
11785, 498034590, 39, 0, 1
6143, 498040733, 29, 0, 1
5651, 498046384, 21, 0, 1
5651, 498052035, 13, 0, 1
11803, 498063838, 43, 0, 1
6138, 498069976, 20, 0, 1
5651, 498075627, 26, 0, 1
5657, 498081284, 16, 0, 1
11830, 498093114, 44, 0, 1
6120, 498099234, 19, 0, 1
5658, 498104892, 14, 0, 1
5650, 498110542, 33, 0, 1
11818, 498122360, 22, 0, 1
6133, 498128493, 22, 0, 1
5658, 498134151, 10, 0, 1
5646, 498139797, 20, 0, 1
11781, 498151578, 32, 0, 1
6120, 498157698, 21, 0, 1
5651, 498163349, 20, 0, 1
5657, 498169006, 19, 0, 1
11801, 498180807, 49, 0, 1
6126, 498186933, 22, 0, 1
5628, 498192561, 23, 0, 1
5658, 498198219, 13, 0, 1
11787, 498210006, 27, 0, 1
6138, 498216144, 15, 0, 1
5622, 498221766, 21, 0, 1
5657, 498227423, 14, 0, 1
11799, 498239222, 40, 0, 1
6137, 498245359, 21, 0, 1
5658, 498251017, 10, 0, 1
5655, 498256672, 28, 0, 1
11767, 498268439, 37, 0, 1
6161, 498274600, 30, 0, 1
5651, 498280251, 18, 0, 1
5651, 498285902, 15, 0, 1
11808, 498297710, 50, 0, 1
6138, 498303848, 17, 0, 1
5652, 498309500, 19, 0, 1
5652, 498315152, 14, 0, 1
11817, 498326969, 30, 0, 1
7496, 498334465, 39, 0, 1
5628, 498340093, 17, 0, 1
5655, 498345748, 25, 0, 1
11817, 498357565, 30, 0, 1
6151, 498363716, 16, 0, 1
5642, 498369358, 23, 0, 1
5652, 498375010, 25, 0, 1
11811, 498386821, 39, 0, 1
6132, 498392953, 18, 0, 1
5650, 498398603, 27, 0, 1
5649, 498404252, 29, 0, 1
11824, 498416076, 27, 0, 1
6142, 498422218, 23, 0, 1
5633, 498427851, 26, 0, 1
5667, 498433518, 28, 0, 1
11812, 498445330, 35, 0, 1
6125, 498451455, 23, 0, 1
5658, 498457113, 15, 0, 1
5643, 498462756, 26, 0, 1
11805, 498474561, 39, 0, 1
6138, 498480699, 17, 0, 1
5649, 498486348, 26, 0, 1
5658, 498492006, 13, 0, 1
11814, 498503820, 32, 0, 1
6151, 498509971, 16, 0, 1
5661, 498515632, 24, 0, 1
5658, 498521290, 12, 0, 1
11800, 498533090, 43, 0, 1
6138, 498539228, 15, 0, 1
5658, 498544886, 11, 0, 1
5650, 498550536, 25, 0, 1
11831, 498562367, 33, 0, 1
6107, 498568474, 24, 0, 1
5661, 498574135, 24, 0, 1
5658, 498579793, 13, 0, 1
11823, 498591616, 38, 0, 1
6144, 498597760, 21, 0, 1
5648, 498603408, 29, 0, 1
5650, 498609058, 28, 0, 1
11772, 498620830, 42, 0, 1
6120, 498626950, 20, 0, 1
5625, 498632575, 24, 0, 1
5652, 498638227, 22, 0, 1
11841, 498650068, 24, 0, 1
6138, 498656206, 15, 0, 1
884298, 499540504, 15434, 2278, 9
6360, 499546864, 559, 3, 1
11754, 499558618, 56, 1, 1
6740, 499565358, 51, 0, 1
6671, 499572029, 32, 0, 1
7841, 499579870, 94, 0, 1
18958, 499598828, 421, 35, 1
6678, 499605506, 24, 0, 1
