23, 1, 2677250, 535449.800
20, 2677251, 9927468, 1450043.400
17, 9927469, 26905430, 1697796.100
26, 26905431, 34118127, 1442539.200
5, 34118128, 39653397, 1107053.800
3, 39653398, 695703788, 2523270.731
9, 695703789, 707651364, 2389515.000
3, 707651365, 743571980, 2394707.667
9, 743571981, 1289977654, 2325130.523
8, 1289977655, 1568261595, 1504237.514
5, 1568261596, 1572519759, 851632.600
7, 1572519760, 1602340060, 596406.000
5, 1602340061, 1641513016, 1305765.167
7, 1641513017, 1642451198, 187636.200
25, 1642451199, 1655604465, 1315326.600
6, 1655604466, 1655786510, 6068.133
