23, 1, 4646877, 929375.200
20, 4646878, 12589219, 1588468.200
17, 12589220, 28730088, 1614086.800
26, 28730089, 34985750, 1251132.200
18, 34985751, 40260181, 1054886.000
24, 40260182, 67237635, 2697745.300
3, 67237636, 105727738, 2566006.800
1, 105727739, 1283220314, 1995750.127
24, 1283220315, 1291470214, 1649979.800
8, 1291470215, 1567030357, 1102240.568
5, 1567030358, 1571235421, 841012.600
7, 1571235422, 1601737046, 406688.320
5, 1601737047, 1616793166, 430174.829
15, 1616793167, 1619091130, 114898.150
5, 1619091131, 1623757941, 311120.667
27, 1623757942, 1643601178, 330720.600
25, 1643601179, 1655245249, 2328814.000
2, 1655245250, 1656097615, 170473.000
6, 1656097616, 1656104341, 1345.000
2, 1656104342, 1656255673, 30266.200
6, 1656255674, 1656262316, 1328.400
