3406609, 3406609, 64850, 380, 14
11341159, 14747768, 67010, 2866, 8
19479434, 34227202, 19467, 1152, 3
19248875, 53476077, 20714, 1597, 3
19474643, 72950720, 21153, 1020, 3
19689333, 92640053, 18895, 899, 3
19609585, 112249638, 18524, 1039, 3
18928563, 131178201, 24127, 1848, 3
19192758, 150370959, 18792, 1164, 3
19877257, 170248216, 19376, 1216, 3
19306349, 189554565, 20729, 313, 3
19678612, 209233177, 18763, 1971, 3
19678485, 228911662, 18773, 1604, 3
19567960, 248479622, 20851, 716, 3
18787234, 267266856, 24350, 1705, 3
19523135, 286789991, 18931, 1104, 3
18913278, 305703269, 19116, 1862, 3
19479732, 325183001, 20417, 1195, 3
19823608, 345006609, 19772, 2504, 7
19622903, 364629512, 19487, 1854, 3
19813104, 384442616, 19333, 959, 3
19620559, 404063175, 19635, 2106, 3
19801673, 423864848, 19219, 837, 3
19742110, 443606958, 19069, 1404, 3
19598928, 463205886, 19627, 2380, 7
19646732, 482852618, 19926, 2966, 7
11058448, 493911066, 28214, 71, 12
2423192, 496334258, 5941, 26, 5
6090, 496340348, 49, 0, 1
11812, 496352160, 40, 0, 1
5658, 496357818, 11, 0, 1
5658, 496363476, 16, 0, 1
6129, 496369605, 28, 0, 1
11797, 496381402, 35, 0, 1
5639, 496387041, 19, 0, 1
5658, 496392699, 12, 0, 1
6167, 496398866, 16, 0, 1
11778, 496410644, 22, 0, 1
5668, 496416312, 25, 0, 1
5655, 496421967, 26, 1, 1
6142, 496428109, 22, 0, 1
11794, 496439903, 36, 0, 1
5645, 496445548, 14, 0, 1
5665, 496451213, 29, 0, 1
6160, 496457373, 14, 0, 1
11772, 496469145, 43, 0, 1
5658, 496474803, 9, 0, 1
5658, 496480461, 9, 0, 1
6151, 496486612, 29, 0, 1
11772, 496498384, 30, 0, 1
5658, 496504042, 10, 0, 1
5658, 496509700, 11, 0, 1
7531, 496517231, 97, 0, 1
11776, 496529007, 43, 0, 1
5658, 496534665, 12, 0, 1
5658, 496540323, 12, 0, 1
6156, 496546479, 18, 0, 1
11776, 496558255, 31, 0, 1
5658, 496563913, 12, 0, 1
5658, 496569571, 11, 0, 1
6160, 496575731, 16, 0, 1
11791, 496587522, 33, 0, 1
5658, 496593180, 14, 0, 1
5658, 496598838, 11, 0, 1
6160, 496604998, 18, 0, 1
11766, 496616764, 26, 0, 1
5658, 496622422, 12, 0, 1
5658, 496628080, 14, 0, 1
6178, 496634258, 18, 0, 1
11778, 496646036, 28, 0, 1
5650, 496651686, 29, 0, 1
5658, 496657344, 12, 0, 1
6123, 496663467, 23, 0, 1
11807, 496675274, 41, 0, 1
5652, 496680926, 12, 0, 1
5658, 496686584, 12, 0, 1
6160, 496692744, 17, 0, 1
11777, 496704521, 30, 0, 1
5627, 496710148, 18, 0, 1
5658, 496715806, 15, 0, 1
6125, 496721931, 24, 0, 1
11796, 496733727, 22, 0, 1
5658, 496739385, 11, 0, 1
5658, 496745043, 13, 0, 1
6160, 496751203, 17, 0, 1
11796, 496762999, 22, 0, 1
5658, 496768657, 10, 0, 1
5658, 496774315, 9, 0, 1
15245, 496789560, 325, 3, 1
11766, 496801326, 45, 0, 1
5646, 496806972, 19, 0, 1
5658, 496812630, 12, 0, 1
6148, 496818778, 22, 0, 1
11797, 496830575, 35, 0, 1
5652, 496836227, 19, 0, 1
5658, 496841885, 12, 0, 1
6153, 496848038, 21, 0, 1
12323, 496860361, 71, 0, 1
6327, 496866688, 35, 0, 1
5637, 496872325, 26, 0, 1
6692, 496879017, 22, 0, 1
12921, 496891938, 36, 0, 1
6107, 496898045, 27, 0, 1
7035, 496905080, 35, 0, 1
6138, 496911218, 15, 0, 1
12270, 496923488, 30, 0, 1
6116, 496929604, 16, 0, 1
6116, 496935720, 17, 0, 1
6116, 496941836, 17, 0, 1
12226, 496954062, 28, 0, 1
6116, 496960178, 16, 0, 1
6108, 496966286, 24, 0, 1
7017, 496973303, 108, 3, 1
12232, 496985535, 32, 0, 1
6116, 496991651, 16, 0, 1
6116, 496997767, 15, 0, 1
6116, 497003883, 17, 0, 1
12200, 497016083, 48, 0, 1
6116, 497022199, 22, 0, 1
5652, 497027851, 15, 0, 1
6137, 497033988, 19, 0, 1
12231, 497046219, 37, 0, 1
6116, 497052335, 21, 0, 1
5652, 497057987, 25, 0, 1
6131, 497064118, 21, 0, 1
11800, 497075918, 51, 0, 1
6110, 497082028, 19, 0, 1
5652, 497087680, 13, 0, 1
6119, 497093799, 20, 0, 1
11796, 497105595, 25, 0, 1
5652, 497111247, 17, 0, 1
5658, 497116905, 10, 0, 1
6167, 497123072, 20, 0, 1
11803, 497134875, 24, 0, 1
5652, 497140527, 24, 0, 1
5658, 497146185, 10, 0, 1
6142, 497152327, 18, 0, 1
11802, 497164129, 31, 0, 1
5634, 497169763, 16, 0, 1
5658, 497175421, 14, 0, 1
6142, 497181563, 22, 0, 1
11795, 497193358, 31, 0, 1
5652, 497199010, 11, 0, 1
5658, 497204668, 10, 0, 1
6173, 497210841, 17, 0, 1
11790, 497222631, 26, 0, 1
5652, 497228283, 11, 0, 1
5658, 497233941, 12, 0, 1
6154, 497240095, 15, 0, 1
11796, 497251891, 22, 0, 1
5658, 497257549, 12, 0, 1
5651, 497263200, 19, 0, 1
11825, 497275025, 23, 0, 1
6138, 497281163, 20, 0, 1
7035, 497288198, 30, 0, 1
5658, 497293856, 12, 0, 1
11791, 497305647, 43, 0, 1
6150, 497311797, 23, 0, 1
6096, 497317893, 24, 0, 1
5658, 497323551, 12, 0, 1
11778, 497335329, 33, 0, 1
6138, 497341467, 18, 0, 1
5658, 497347125, 14, 0, 1
5658, 497352783, 11, 0, 1
11831, 497364614, 21, 0, 1
6138, 497370752, 16, 0, 1
5658, 497376410, 12, 0, 1
5658, 497382068, 11, 0, 1
11812, 497393880, 23, 0, 1
6145, 497400025, 17, 0, 1
5652, 497405677, 21, 0, 1
5658, 497411335, 16, 0, 1
11798, 497423133, 39, 0, 1
6143, 497429276, 30, 0, 1
5640, 497434916, 15, 0, 1
5652, 497440568, 13, 0, 1
11825, 497452393, 27, 0, 1
6138, 497458531, 16, 0, 1
5646, 497464177, 17, 0, 1
5658, 497469835, 12, 0, 1
11818, 497481653, 21, 0, 1
6138, 497487791, 16, 0, 1
5658, 497493449, 11, 0, 1
5658, 497499107, 8, 0, 1
11831, 497510938, 25, 0, 1
6132, 497517070, 17, 1, 1
5620, 497522690, 20, 0, 1
5658, 497528348, 12, 0, 1
11768, 497540116, 37, 1, 1
14308, 497554424, 256, 41, 1
5646, 497560070, 24, 0, 1
5652, 497565722, 20, 0, 1
11783, 497577505, 34, 0, 1
6114, 497583619, 20, 0, 1
5658, 497589277, 13, 0, 1
5646, 497594923, 24, 0, 1
11812, 497606735, 33, 0, 1
6137, 497612872, 22, 0, 1
5658, 497618530, 11, 0, 1
5646, 497624176, 22, 0, 1
11800, 497635976, 28, 0, 1
6151, 497642127, 19, 0, 1
5652, 497647779, 17, 0, 1
5652, 497653431, 13, 0, 1
11817, 497665248, 29, 0, 1
7497, 497672745, 33, 0, 1
5658, 497678403, 9, 0, 1
5658, 497684061, 10, 0, 1
11844, 497695905, 20, 0, 1
6138, 497702043, 16, 0, 1
5646, 497707689, 15, 0, 1
5652, 497713341, 11, 0, 1
11758, 497725099, 30, 0, 1
6138, 497731237, 16, 0, 1
5658, 497736895, 12, 0, 1
5658, 497742553, 12, 0, 1
11800, 497754353, 30, 0, 1
6137, 497760490, 19, 0, 1
5658, 497766148, 12, 0, 1
5658, 497771806, 12, 0, 1
11818, 497783624, 22, 0, 1
6151, 497789775, 15, 0, 1
5658, 497795433, 13, 0, 1
5658, 497801091, 13, 0, 1
11805, 497812896, 36, 0, 1
6132, 497819028, 23, 0, 1
5658, 497824686, 10, 0, 1
5658, 497830344, 17, 0, 1
11810, 497842154, 32, 0, 1
6114, 497848268, 18, 0, 1
5658, 497853926, 13, 0, 1
5658, 497859584, 11, 0, 1
11799, 497871383, 41, 0, 1
6158, 497877541, 15, 0, 1
5658, 497883199, 11, 0, 1
5658, 497888857, 11, 0, 1
11806, 497900663, 33, 0, 1
6132, 497906795, 19, 0, 1
5658, 497912453, 10, 0, 1
5658, 497918111, 11, 0, 1
11818, 497929929, 31, 0, 1
6114, 497936043, 19, 0, 1
5628, 497941671, 15, 0, 1
5651, 497947322, 15, 0, 1
11781, 497959103, 35, 0, 1
6126, 497965229, 18, 0, 1
5658, 497970887, 13, 0, 1
5658, 497976545, 11, 0, 1
11819, 497988364, 25, 0, 1
6138, 497994502, 14, 0, 1
5658, 498000160, 12, 0, 1
5658, 498005818, 12, 0, 1
11818, 498017636, 29, 0, 1
6151, 498023787, 13, 0, 1
5658, 498029445, 10, 0, 1
5658, 498035103, 11, 0, 1
13194, 498048297, 37, 0, 1
6138, 498054435, 17, 0, 1
5658, 498060093, 11, 0, 1
5657, 498065750, 19, 0, 1
11818, 498077568, 38, 0, 1
6138, 498083706, 18, 0, 1
5652, 498089358, 12, 0, 1
5658, 498095016, 12, 0, 1
11786, 498106802, 37, 0, 1
6151, 498112953, 16, 0, 1
5652, 498118605, 15, 0, 1
5658, 498124263, 12, 0, 1
11763, 498136026, 33, 0, 1
6137, 498142163, 24, 0, 1
5652, 498147815, 14, 0, 1
5652, 498153467, 14, 0, 1
11831, 498165298, 17, 0, 1
6138, 498171436, 14, 0, 1
5658, 498177094, 11, 0, 1
5658, 498182752, 11, 0, 1
11818, 498194570, 20, 0, 1
6138, 498200708, 16, 0, 1
5658, 498206366, 13, 0, 1
5640, 498212006, 18, 0, 1
11831, 498223837, 23, 0, 1
6138, 498229975, 13, 0, 1
5658, 498235633, 11, 0, 1
5658, 498241291, 12, 0, 1
11818, 498253109, 21, 0, 1
6151, 498259260, 16, 0, 1
5658, 498264918, 11, 0, 1
5658, 498270576, 10, 0, 1
11812, 498282388, 23, 0, 1
6138, 498288526, 15, 0, 1
5658, 498294184, 12, 0, 1
5658, 498299842, 13, 0, 1
11816, 498311658, 29, 0, 1
6108, 498317766, 22, 0, 1
5646, 498323412, 16, 0, 1
5658, 498329070, 14, 0, 1
11818, 498340888, 18, 0, 1
6145, 498347033, 17, 0, 1
5651, 498352684, 16, 0, 1
5658, 498358342, 10, 0, 1
11818, 498370160, 19, 0, 1
6138, 498376298, 17, 0, 1
5658, 498381956, 9, 0, 1
5658, 498387614, 12, 0, 1
11825, 498399439, 21, 0, 1
6138, 498405577, 15, 0, 1
5658, 498411235, 12, 0, 1
5658, 498416893, 13, 0, 1
13194, 498430087, 36, 0, 1
6138, 498436225, 16, 0, 1
5658, 498441883, 13, 0, 1
5658, 498447541, 13, 0, 1
11819, 498459360, 32, 0, 1
6138, 498465498, 17, 0, 1
5658, 498471156, 11, 0, 1
5658, 498476814, 9, 0, 1
11806, 498488620, 28, 0, 1
6151, 498494771, 17, 0, 1
5658, 498500429, 13, 0, 1
5658, 498506087, 12, 0, 1
11806, 498517893, 32, 0, 1
6138, 498524031, 16, 0, 1
5640, 498529671, 19, 0, 1
5651, 498535322, 11, 0, 1
11831, 498547153, 23, 0, 1
6138, 498553291, 14, 0, 1
5658, 498558949, 12, 0, 1
5658, 498564607, 12, 0, 1
11817, 498576424, 22, 0, 1
6151, 498582575, 16, 0, 1
5646, 498588221, 16, 0, 1
5651, 498593872, 11, 0, 1
11805, 498605677, 25, 0, 1
6144, 498611821, 18, 0, 1
5658, 498617479, 11, 0, 1
8997, 498626476, 161, 1, 1
903902, 499530378, 15429, 641, 5
6442, 499536820, 49, 1, 1
6729, 499543549, 38, 0, 1
6396, 499549945, 27, 0, 1
19264, 499569209, 431, 13, 1
6700, 499575909, 41, 0, 1
7048, 499582957, 19, 0, 1
7988, 499590945, 117, 1, 1
1153633, 1153633, 5522, 28, 5
3148961, 4302594, 20594, 67, 6
6197946, 10500540, 87972, 2123, 16
18365135, 28865675, 32450, 1448, 3
18974107, 47839782, 20818, 1464, 3
19624158, 67463940, 19224, 953, 3
19657629, 87121569, 17694, 988, 3
18366965, 105488534, 25040, 1860, 7
19181552, 124670086, 18708, 626, 3
19747636, 144417722, 18762, 1608, 3
19656855, 164074577, 21182, 896, 3
19648991, 183723568, 19338, 789, 3
19615430, 203338998, 18694, 686, 3
19721277, 223060275, 18757, 2684, 7
18908615, 241968890, 20231, 579, 3
18799032, 260767922, 24084, 1485, 3
19254885, 280022807, 19872, 1001, 3
19632302, 299655109, 19218, 1830, 3
19747195, 319402304, 19168, 1709, 3
19784679, 339186983, 20295, 1414, 3
19721132, 358908115, 19531, 2475, 7
19632346, 378540461, 19728, 1413, 3
19785713, 398326174, 19208, 1598, 3
19710875, 418037049, 19788, 1723, 3
19717234, 437754283, 19198, 995, 3
19751922, 457506205, 19225, 1728, 3
19604577, 477110782, 19675, 2824, 7
16543757, 493654539, 32225, 1166, 3
5952180, 499606719, 11342, 62, 6
7027, 499613746, 429, 2, 1
6107, 499619853, 35, 1, 1
11788, 499631641, 36, 0, 1
5633, 499637274, 18, 0, 1
5658, 499642932, 10, 0, 1
6160, 499649092, 15, 0, 1
11823, 499660915, 53, 0, 1
5645, 499666560, 17, 0, 1
5658, 499672218, 7, 0, 1
6160, 499678378, 16, 0, 1
11747, 499690125, 36, 0, 1
5640, 499695765, 16, 0, 1
5658, 499701423, 9, 0, 1
6173, 499707596, 13, 0, 1
11764, 499719360, 29, 0, 1
5620, 499724980, 19, 0, 1
5654, 499730634, 19, 0, 1
6118, 499736752, 21, 0, 1
11777, 499748529, 27, 0, 1
5638, 499754167, 21, 0, 1
5652, 499759819, 14, 0, 1
6142, 499765961, 20, 0, 1
11791, 499777752, 23, 0, 1
5640, 499783392, 16, 0, 1
5642, 499789034, 23, 0, 1
11832, 499800866, 41, 0, 1
6145, 499807011, 21, 0, 1
5658, 499812669, 11, 0, 1
5652, 499818321, 13, 0, 1
11751, 499830072, 44, 0, 1
6138, 499836210, 15, 0, 1
5631, 499841841, 20, 0, 1
5658, 499847499, 10, 0, 1
11812, 499859311, 39, 0, 1
6138, 499865449, 17, 0, 1
5637, 499871086, 20, 0, 1
5646, 499876732, 16, 0, 1
11800, 499888532, 31, 0, 1
6191, 499894723, 39, 0, 1
7020, 499901743, 68, 0, 1
5656, 499907399, 30, 0, 1
11818, 499919217, 25, 0, 1
6114, 499925331, 29, 0, 1
5639, 499930970, 19, 0, 1
5651, 499936621, 18, 0, 1
11827, 499948448, 45, 0, 1
6132, 499954580, 22, 0, 1
5651, 499960231, 20, 0, 1
5658, 499965889, 10, 0, 1
11773, 499977662, 39, 0, 1
6138, 499983800, 15, 0, 1
5650, 499989450, 18, 0, 1
5658, 499995108, 10, 0, 1
11806, 500006914, 45, 0, 1
6138, 500013052, 16, 0, 1
5616, 500018668, 17, 0, 1
5655, 500024323, 23, 0, 1
11812, 500036135, 33, 0, 1
6164, 500042299, 14, 0, 1
5634, 500047933, 19, 0, 1
5658, 500053591, 9, 0, 1
11780, 500065371, 36, 0, 1
6126, 500071497, 16, 0, 1
5658, 500077155, 10, 0, 1
5658, 500082813, 9, 0, 1
11821, 500094634, 45, 0, 1
6138, 500100772, 15, 0, 1
5649, 500106421, 27, 0, 1
5658, 500112079, 10, 0, 1
12513, 500124592, 89, 0, 1
6631, 500131223, 35, 0, 1
6355, 500137578, 21, 0, 1
6333, 500143911, 18, 0, 1
12268, 500156179, 41, 0, 1
6138, 500162317, 13, 0, 1
6084, 500168401, 24, 0, 1
6116, 500174517, 28, 0, 1
21288, 500195805, 327, 4, 1
6116, 500201921, 23, 0, 1
6091, 500208012, 28, 0, 1
6116, 500214128, 19, 0, 1
12183, 500226311, 39, 0, 1
6104, 500232415, 18, 0, 1
6093, 500238508, 28, 0, 1
6116, 500244624, 19, 0, 1
12228, 500256852, 42, 0, 1
6074, 500262926, 24, 0, 1
6103, 500269029, 24, 0, 1
6107, 500275136, 32, 0, 1
12223, 500287359, 51, 0, 1
7493, 500294852, 37, 0, 1
6116, 500300968, 21, 0, 1
5658, 500306626, 15, 0, 1
11723, 500318349, 28, 0, 1
6114, 500324463, 24, 0, 1
5625, 500330088, 21, 0, 1
5645, 500335733, 18, 0, 1
11813, 500347546, 25, 0, 1
6138, 500353684, 16, 0, 1
5640, 500359324, 20, 0, 1
5658, 500364982, 11, 0, 1
11811, 500376793, 25, 0, 1
6144, 500382937, 30, 0, 1
6086, 500389023, 25, 0, 1
5652, 500394675, 21, 0, 1
11736, 500406411, 32, 0, 1
6138, 500412549, 15, 0, 1
6102, 500418651, 26, 0, 1
5652, 500424303, 20, 0, 1
11810, 500436113, 32, 0, 1
6114, 500442227, 23, 0, 1
5646, 500447873, 18, 0, 1
5622, 500453495, 17, 0, 1
11799, 500465294, 29, 0, 1
6138, 500471432, 16, 0, 1
5644, 500477076, 23, 0, 1
5658, 500482734, 8, 0, 1
11782, 500494516, 42, 0, 1
6138, 500500654, 18, 0, 1
5658, 500506312, 9, 0, 1
5662, 500511974, 24, 0, 1
11817, 500523791, 30, 0, 1
6158, 500529949, 16, 0, 1
5646, 500535595, 13, 0, 1
5644, 500541239, 27, 0, 1
11794, 500553033, 36, 0, 1
6123, 500559156, 33, 0, 1
5640, 500564796, 21, 0, 1
5658, 500570454, 10, 0, 1
11830, 500582284, 32, 0, 1
6138, 500588422, 19, 0, 1
5622, 500594044, 16, 0, 1
5652, 500599696, 15, 0, 1
11818, 500611514, 32, 0, 1
6121, 500617635, 22, 0, 1
5651, 500623286, 32, 0, 1
5658, 500628944, 8, 0, 1
11788, 500640732, 35, 0, 1
6107, 500646839, 32, 0, 1
6116, 500652955, 23, 0, 1
5631, 500658586, 23, 0, 1
13179, 500671765, 41, 0, 1
6113, 500677878, 25, 0, 1
6110, 500683988, 23, 0, 1
5628, 500689616, 17, 0, 1
11762, 500701378, 38, 0, 1
6138, 500707516, 16, 0, 1
5640, 500713156, 21, 0, 1
5636, 500718792, 22, 0, 1
11819, 500730611, 28, 0, 1
6138, 500736749, 18, 0, 1
5615, 500742364, 16, 0, 1
5652, 500748016, 20, 0, 1
11815, 500759831, 38, 0, 1
6146, 500765977, 30, 0, 1
5561, 500771538, 28, 0, 1
5633, 500777171, 18, 0, 1
11770, 500788941, 26, 0, 1
6113, 500795054, 25, 0, 1
5615, 500800669, 21, 0, 1
5658, 500806327, 12, 0, 1
11820, 500818147, 43, 0, 1
6138, 500824285, 15, 0, 1
5610, 500829895, 19, 0, 1
5640, 500835535, 16, 0, 1
11770, 500847305, 27, 0, 1
6151, 500853456, 16, 0, 1
5649, 500859105, 23, 0, 1
5658, 500864763, 10, 0, 1
11788, 500876551, 28, 0, 1
6138, 500882689, 13, 0, 1
5633, 500888322, 22, 0, 1
5655, 500893977, 30, 0, 1
11825, 500905802, 25, 0, 1
6118, 500911920, 30, 0, 1
5646, 500917566, 18, 0, 1
5658, 500923224, 16, 0, 1
11761, 500934985, 44, 0, 1
6090, 500941075, 22, 0, 1
5658, 500946733, 12, 0, 1
5652, 500952385, 14, 0, 1
11809, 500964194, 40, 0, 1
6138, 500970332, 18, 0, 1
5649, 500975981, 20, 0, 1
5658, 500981639, 8, 0, 1
11801, 500993440, 37, 0, 1
6151, 500999591, 18, 0, 1
5643, 501005234, 26, 0, 1
5634, 501010868, 24, 0, 1
11802, 501022670, 28, 0, 1
6138, 501028808, 16, 0, 1
5658, 501034466, 11, 0, 1
5658, 501040124, 8, 0, 1
13162, 501053286, 56, 0, 1
6138, 501059424, 17, 0, 1
6118, 501065542, 33, 0, 1
5658, 501071200, 14, 0, 1
11767, 501082967, 43, 0, 1
6137, 501089104, 26, 0, 1
5626, 501094730, 22, 0, 1
5652, 501100382, 14, 0, 1
11792, 501112174, 43, 0, 1
6138, 501118312, 15, 0, 1
5654, 501123966, 27, 0, 1
5633, 501129599, 29, 0, 1
11825, 501141424, 30, 0, 1
6138, 501147562, 19, 0, 1
5662, 501153224, 27, 0, 1
5644, 501158868, 24, 0, 1
11817, 501170685, 31, 0, 1
6124, 501176809, 23, 0, 1
5637, 501182446, 26, 0, 1
5658, 501188104, 10, 0, 1
11828, 501199932, 38, 0, 1
6114, 501206046, 19, 0, 1
5658, 501211704, 14, 0, 1
5644, 501217348, 23, 0, 1
11785, 501229133, 42, 0, 1
6151, 501235284, 18, 0, 1
5631, 501240915, 24, 0, 1
5648, 501246563, 22, 0, 1
11796, 501258359, 46, 0, 1
6125, 501264484, 22, 0, 1
5651, 501270135, 26, 0, 1
5643, 501275778, 24, 0, 1
11810, 501287588, 35, 0, 1
6138, 501293726, 17, 0, 1
5643, 501299369, 22, 0, 1
5645, 501305014, 25, 0, 1
11791, 501316805, 48, 0, 1
6154, 501322959, 25, 0, 1
5658, 501328617, 13, 0, 1
5652, 501334269, 15, 0, 1
11799, 501346068, 30, 0, 1
6138, 501352206, 15, 0, 1
5644, 501357850, 24, 0, 1
5668, 501363518, 33, 0, 1
11808, 501375326, 44, 0, 1
6138, 501381464, 17, 0, 1
5658, 501387122, 13, 0, 1
5632, 501392754, 18, 0, 1
11807, 501404561, 30, 0, 1
6101, 501410662, 23, 0, 1
5643, 501416305, 26, 0, 1
7035, 501423340, 27, 0, 1
11813, 501435153, 29, 0, 1
6125, 501441278, 29, 0, 1
5643, 501446921, 23, 0, 1
5645, 501452566, 17, 0, 1
11804, 501464370, 42, 0, 1
6151, 501470521, 19, 0, 1
5628, 501476149, 20, 0, 1
5658, 501481807, 12, 0, 1
11806, 501493613, 31, 0, 1
6138, 501499751, 16, 0, 1
5633, 501505384, 17, 0, 1
5652, 501511036, 16, 0, 1
11821, 501522857, 39, 0, 1
6096, 501528953, 20, 0, 1
5652, 501534605, 15, 0, 1
5658, 501540263, 23, 0, 1
11793, 501552056, 38, 0, 1
6164, 501558220, 18, 0, 1
5630, 501563850, 25, 0, 1
5657, 501569507, 19, 0, 1
11820, 501581327, 39, 0, 1
6138, 501587465, 16, 0, 1
5643, 501593108, 21, 0, 1
5655, 501598763, 30, 0, 1
11830, 501610593, 28, 0, 1
6138, 501616731, 15, 0, 1
5610, 501622341, 16, 0, 1
5640, 501627981, 16, 0, 1
11804, 501639785, 39, 0, 1
6138, 501645923, 15, 0, 1
5658, 501651581, 12, 0, 1
5646, 501657227, 18, 0, 1
11818, 501669045, 29, 0, 1
6123, 501675168, 32, 0, 1
5658, 501680826, 11, 0, 1
5646, 501686472, 12, 0, 1
11788, 501698260, 40, 0, 1
6145, 501704405, 18, 0, 1
5622, 501710027, 16, 0, 1
5658, 501715685, 11, 0, 1
11806, 501727491, 23, 0, 1
6124, 501733615, 21, 0, 1
5640, 501739255, 18, 0, 1
5652, 501744907, 14, 0, 1
11807, 501756714, 24, 0, 1
6138, 501762852, 18, 0, 1
5658, 501768510, 13, 0, 1
5658, 501774168, 12, 0, 1
11834, 501786002, 43, 0, 1
6151, 501792153, 14, 0, 1
7033, 501799186, 41, 0, 1
11787, 501810973, 33, 0, 1
5658, 501816631, 11, 0, 1
6126, 501822757, 22, 0, 1
5634, 501828391, 17, 0, 1
11832, 501840223, 41, 0, 1
5651, 501845874, 15, 0, 1
6132, 501852006, 26, 0, 1
5658, 501857664, 13, 0, 1
11800, 501869464, 28, 0, 1
8996, 501878460, 215, 1, 1
901232, 502779692, 15189, 417, 5
6635, 502786327, 592, 0, 1
20175, 502806502, 395, 15, 1
6665, 502813167, 44, 0, 1
12250, 502825417, 384, 12, 1
6399, 502831816, 32, 0, 1
13777, 502845593, 50, 0, 1
8443, 502854036, 131, 1, 1
6641, 502860677, 26, 0, 1
6117, 502866794, 24, 0, 1
3051212, 3051212, 58393, 295, 14
10301467, 13352679, 70328, 2795, 8
19453979, 32806658, 19204, 1242, 3
19124133, 51930791, 20580, 1427, 3
19327713, 71258504, 20872, 1267, 3
19737665, 90996169, 18487, 933, 3
19568132, 110564301, 19015, 815, 3
19755763, 130320064, 18692, 1168, 3
18691062, 149011126, 24367, 1891, 3
19624459, 168635585, 19758, 1253, 3
19194961, 187830546, 18493, 298, 3
19639272, 207469818, 18638, 1744, 3
19601296, 227071114, 21117, 1620, 3
19663354, 246734468, 19935, 384, 3
18943831, 265678299, 24816, 1886, 3
19668675, 285346974, 19972, 1201, 3
18913791, 304260765, 20999, 1643, 3
19635782, 323896547, 20473, 1373, 3
19407776, 343304323, 20373, 2243, 7
19712467, 363016790, 19990, 2101, 3
19808372, 382825162, 20442, 963, 3
19648624, 402473786, 20505, 1756, 3
19839092, 422312878, 20032, 960, 3
19795372, 442108250, 19797, 1617, 3
19750374, 461858624, 20213, 2071, 3
19639252, 481497876, 21375, 2792, 7
11939494, 493437370, 28807, 211, 19
2901406, 496338776, 6706, 33, 5
6116, 496344892, 30, 0, 1
11773, 496356665, 46, 0, 1
5628, 496362293, 13, 0, 1
5658, 496367951, 9, 0, 1
6132, 496374083, 27, 0, 1
11783, 496385866, 43, 0, 1
5658, 496391524, 13, 0, 1
5658, 496397182, 8, 0, 1
6173, 496403355, 21, 0, 1
11796, 496415151, 24, 0, 1
5643, 496420794, 22, 0, 1
5658, 496426452, 10, 0, 1
6160, 496432612, 17, 0, 1
11801, 496444413, 36, 0, 1
5634, 496450047, 16, 0, 1
5633, 496455680, 21, 0, 1
6160, 496461840, 16, 0, 1
11748, 496473588, 37, 0, 1
5645, 496479233, 20, 0, 1
5645, 496484878, 15, 0, 1
6160, 496491038, 27, 0, 1
11770, 496502808, 45, 0, 1
5639, 496508447, 19, 0, 1
5652, 496514099, 24, 0, 1
6154, 496520253, 25, 0, 1
11794, 496532047, 32, 0, 1
5645, 496537692, 20, 0, 1
5640, 496543332, 29, 0, 1
6167, 496549499, 17, 0, 1
11753, 496561252, 40, 0, 1
5639, 496566891, 19, 0, 1
5651, 496572542, 14, 0, 1
6130, 496578672, 25, 0, 1
11809, 496590481, 22, 0, 1
5616, 496596097, 18, 0, 1
5636, 496601733, 26, 0, 1
7523, 496609256, 105, 0, 1
11800, 496621056, 40, 0, 1
5658, 496626714, 11, 0, 1
5645, 496632359, 19, 0, 1
6173, 496638532, 19, 0, 1
11767, 496650299, 37, 0, 1
5658, 496655957, 12, 0, 1
5661, 496661618, 29, 0, 1
6165, 496667783, 20, 0, 1
11767, 496679550, 29, 0, 1
5652, 496685202, 24, 0, 1
5658, 496690860, 11, 0, 1
6147, 496697007, 28, 0, 1
11758, 496708765, 38, 0, 1
5658, 496714423, 10, 0, 1
5660, 496720083, 24, 0, 1
6154, 496726237, 29, 0, 1
11732, 496737969, 40, 0, 1
5650, 496743619, 20, 0, 1
5658, 496749277, 16, 0, 1
6139, 496755416, 30, 0, 1
11777, 496767193, 32, 0, 1
5615, 496772808, 19, 0, 1
5651, 496778459, 20, 0, 1
6125, 496784584, 22, 0, 1
11786, 496796370, 42, 0, 1
5658, 496802028, 13, 0, 1
5658, 496807686, 12, 0, 1
6142, 496813828, 25, 0, 1
11783, 496825611, 41, 0, 1
5652, 496831263, 14, 0, 1
5645, 496836908, 18, 0, 1
6160, 496843068, 18, 0, 1
12328, 496855396, 47, 0, 1
6318, 496861714, 30, 0, 1
5637, 496867351, 16, 0, 1
6696, 496874047, 32, 0, 1
12933, 496886980, 31, 0, 1
6073, 496893053, 27, 0, 1
5639, 496898692, 16, 0, 1
6147, 496904839, 34, 0, 1
21283, 496926122, 390, 5, 1
6104, 496932226, 35, 0, 1
6091, 496938317, 24, 0, 1
6107, 496944424, 33, 0, 1
12194, 496956618, 52, 0, 1
6104, 496962722, 24, 0, 1
6091, 496968813, 22, 0, 1
6087, 496974900, 25, 0, 1
12178, 496987078, 35, 0, 1
6090, 496993168, 28, 0, 1
7492, 497000660, 46, 0, 1
6116, 497006776, 17, 0, 1
12204, 497018980, 50, 0, 1
6129, 497025109, 14, 0, 1
5653, 497030762, 24, 0, 1
6138, 497036900, 19, 0, 1
12221, 497049121, 45, 0, 1
6116, 497055237, 15, 0, 1
5616, 497060853, 15, 0, 1
6115, 497066968, 27, 0, 1
11784, 497078752, 33, 0, 1
5622, 497084374, 16, 0, 1
5646, 497090020, 16, 0, 1
6142, 497096162, 17, 0, 1
11796, 497107958, 26, 0, 1
6102, 497114060, 28, 0, 1
5657, 497119717, 22, 0, 1
6144, 497125861, 21, 0, 1
11796, 497137657, 24, 0, 1
5658, 497143315, 15, 0, 1
5640, 497148955, 16, 0, 1
6152, 497155107, 32, 0, 1
11809, 497166916, 28, 0, 1
6114, 497173030, 25, 0, 1
5616, 497178646, 21, 0, 1
6124, 497184770, 26, 0, 1
11796, 497196566, 12, 0, 1
5658, 497202224, 12, 0, 1
5658, 497207882, 15, 0, 1
11801, 497219683, 37, 0, 1
6112, 497225795, 27, 0, 1
5658, 497231453, 12, 0, 1
5650, 497237103, 24, 0, 1
11782, 497248885, 34, 0, 1
6145, 497255030, 15, 0, 1
5658, 497260688, 8, 0, 1
5631, 497266319, 24, 0, 1
11837, 497278156, 38, 0, 1
6132, 497284288, 21, 0, 1
5658, 497289946, 15, 0, 1
5658, 497295604, 17, 0, 1
11789, 497307393, 49, 0, 1
6115, 497313508, 23, 0, 1
5640, 497319148, 14, 0, 1
5651, 497324799, 20, 0, 1
11788, 497336587, 37, 0, 1
6120, 497342707, 21, 0, 1
5622, 497348329, 17, 0, 1
5645, 497353974, 20, 0, 1
11795, 497365769, 31, 0, 1
6129, 497371898, 32, 0, 1
7034, 497378932, 37, 0, 1
5658, 497384590, 15, 0, 1
11786, 497396376, 34, 0, 1
6132, 497402508, 25, 0, 1
5646, 497408154, 17, 0, 1
5658, 497413812, 8, 0, 1
11797, 497425609, 31, 0, 1
6113, 497431722, 23, 0, 1
5652, 497437374, 30, 0, 1
5645, 497443019, 21, 0, 1
11822, 497454841, 43, 0, 1
6138, 497460979, 18, 0, 1
5652, 497466631, 16, 0, 1
5640, 497472271, 15, 0, 1
11799, 497484070, 33, 0, 1
6112, 497490182, 28, 0, 1
6129, 497496311, 20, 0, 1
5639, 497501950, 22, 0, 1
11784, 497513734, 31, 0, 1
6139, 497519873, 34, 0, 1
5650, 497525523, 24, 0, 1
5646, 497531169, 20, 0, 1
11827, 497542996, 38, 0, 1
6151, 497549147, 15, 0, 1
5639, 497554786, 14, 0, 1
5662, 497560448, 22, 0, 1
11787, 497572235, 30, 0, 1
6138, 497578373, 16, 0, 1
5652, 497584025, 20, 0, 1
5643, 497589668, 21, 0, 1
11818, 497601486, 31, 0, 1
6119, 497607605, 22, 0, 1
5634, 497613239, 16, 0, 1
5655, 497618894, 18, 0, 1
11790, 497630684, 36, 0, 1
6164, 497636848, 16, 0, 1
5658, 497642506, 10, 0, 1
5652, 497648158, 16, 0, 1
11775, 497659933, 33, 0, 1
6138, 497666071, 15, 0, 1
5641, 497671712, 24, 0, 1
5658, 497677370, 12, 0, 1
11794, 497689164, 34, 0, 1
6138, 497695302, 16, 0, 1
5615, 497700917, 20, 0, 1
5616, 497706533, 21, 0, 1
11756, 497718289, 33, 0, 1
6112, 497724401, 26, 0, 1
5651, 497730052, 18, 0, 1
5656, 497735708, 24, 0, 1
11776, 497747484, 38, 0, 1
7509, 497754993, 33, 0, 1
5658, 497760651, 11, 0, 1
5658, 497766309, 18, 0, 1
11785, 497778094, 40, 0, 1
6154, 497784248, 23, 0, 1
5652, 497789900, 24, 0, 1
5651, 497795551, 12, 0, 1
11785, 497807336, 50, 0, 1
6138, 497813474, 12, 0, 1
5637, 497819111, 22, 0, 1
5658, 497824769, 9, 0, 1
11808, 497836577, 47, 0, 1
6138, 497842715, 14, 0, 1
5610, 497848325, 20, 0, 1
5658, 497853983, 8, 0, 1
11806, 497865789, 26, 0, 1
6145, 497871934, 20, 0, 1
5632, 497877566, 18, 0, 1
5655, 497883221, 25, 0, 1
11817, 497895038, 31, 0, 1
6138, 497901176, 15, 0, 1
5658, 497906834, 11, 0, 1
5658, 497912492, 10, 0, 1
12509, 497925001, 59, 0, 1
6618, 497931619, 24, 0, 1
6366, 497937985, 35, 0, 1
6297, 497944282, 21, 0, 1
12267, 497956549, 46, 0, 1
6132, 497962681, 18, 0, 1
5628, 497968309, 16, 0, 1
5646, 497973955, 21, 0, 1
11813, 497985768, 47, 0, 1
6145, 497991913, 13, 0, 1
5658, 497997571, 12, 0, 1
5652, 498003223, 14, 0, 1
11796, 498015019, 36, 0, 1
6164, 498021183, 17, 0, 1
5633, 498026816, 22, 0, 1
5658, 498032474, 13, 0, 1
11812, 498044286, 49, 0, 1
6138, 498050424, 18, 0, 1
5658, 498056082, 10, 0, 1
5656, 498061738, 18, 0, 1
11795, 498073533, 25, 0, 1
6138, 498079671, 15, 0, 1
5626, 498085297, 23, 0, 1
5658, 498090955, 10, 0, 1
11807, 498102762, 45, 0, 1
6151, 498108913, 17, 0, 1
5658, 498114571, 11, 0, 1
5639, 498120210, 25, 0, 1
13168, 498133378, 50, 0, 1
6125, 498139503, 19, 0, 1
5649, 498145152, 22, 0, 1
5652, 498150804, 14, 0, 1
11799, 498162603, 36, 0, 1
6138, 498168741, 17, 0, 1
5646, 498174387, 19, 0, 1
5661, 498180048, 21, 0, 1
11758, 498191806, 27, 0, 1
6138, 498197944, 16, 0, 1
5675, 498203619, 32, 0, 1
5658, 498209277, 11, 0, 1
11824, 498221101, 35, 0, 1
6131, 498227232, 24, 0, 1
5661, 498232893, 25, 0, 1
5658, 498238551, 9, 0, 1
11786, 498250337, 44, 0, 1
6136, 498256473, 28, 0, 1
5646, 498262119, 16, 0, 1
5661, 498267780, 21, 0, 1
11811, 498279591, 32, 0, 1
6132, 498285723, 21, 0, 1
5625, 498291348, 23, 0, 1
5658, 498297006, 10, 0, 1
11799, 498308805, 47, 0, 1
6138, 498314943, 16, 0, 1
5658, 498320601, 10, 0, 1
5650, 498326251, 26, 0, 1
11804, 498338055, 32, 0, 1
6151, 498344206, 19, 0, 1
5610, 498349816, 18, 0, 1
5649, 498355465, 21, 0, 1
11783, 498367248, 45, 0, 1
6126, 498373374, 19, 0, 1
5626, 498379000, 22, 0, 1
5652, 498384652, 15, 0, 1
11829, 498396481, 34, 0, 1
6138, 498402619, 18, 0, 1
5632, 498408251, 21, 0, 1
5658, 498413909, 10, 0, 1
11783, 498425692, 47, 0, 1
6138, 498431830, 15, 0, 1
5642, 498437472, 26, 0, 1
5652, 498443124, 22, 0, 1
11801, 498454925, 30, 0, 1
6125, 498461050, 25, 0, 1
5616, 498466666, 15, 0, 1
5658, 498472324, 12, 0, 1
11770, 498484094, 28, 0, 1
6476, 498490570, 32, 0, 1
6372, 498496942, 22, 0, 1
6333, 498503275, 14, 0, 1
14359, 498517634, 63, 0, 1
6651, 498524285, 38, 0, 1
6333, 498530618, 11, 0, 1
5637, 498536255, 18, 0, 1
12280, 498548535, 33, 0, 1
6138, 498554673, 16, 0, 1
5639, 498560312, 16, 0, 1
5632, 498565944, 21, 0, 1
11818, 498577762, 39, 0, 1
6151, 498583913, 20, 0, 1
6110, 498590023, 22, 0, 1
5658, 498595681, 10, 0, 1
11752, 498607433, 34, 0, 1
6132, 498613565, 21, 0, 1
5658, 498619223, 8, 0, 1
5616, 498624839, 21, 0, 1
15134, 498639973, 215, 1, 1
903559, 499543532, 14441, 632, 5
6692, 499550224, 596, 0, 1
6699, 499556923, 37, 0, 1
13366, 499570289, 80, 2, 1
11945, 499582234, 352, 11, 1
6671, 499588905, 44, 0, 1
6451, 499595356, 20, 0, 1
12333, 499607689, 55, 0, 1
8243, 499615932, 158, 4, 1
3455523, 3455523, 64704, 215, 14
11508828, 14964351, 66408, 2681, 8
19430222, 34394573, 18266, 1162, 3
19050117, 53444690, 20314, 1881, 3
19298427, 72743117, 21284, 1267, 3
19574977, 92318094, 19906, 974, 3
19510285, 111828379, 18381, 1017, 3
18836310, 130664689, 24177, 1888, 3
19127049, 149791738, 19019, 980, 3
19816392, 169608130, 20134, 1216, 3
19213539, 188821669, 21345, 228, 3
19556106, 208377775, 19817, 1748, 3
19583114, 227960889, 19386, 1611, 3
19536863, 247497752, 21160, 611, 3
18745151, 266242903, 23669, 1564, 3
19282222, 285525125, 19019, 1261, 3
18951873, 304476998, 18796, 1463, 3
19556702, 324033700, 19409, 1476, 3
19716407, 343750107, 19133, 2077, 3
19625072, 363375179, 18741, 1679, 3
19767291, 383142470, 18307, 1091, 3
19510440, 402652910, 19611, 1517, 3
19737004, 422389914, 18734, 1012, 3
19682275, 442072189, 18535, 1582, 3
19654567, 461726756, 18716, 2077, 3
19576230, 481302986, 19693, 2721, 7
12146022, 493449008, 28684, 198, 19
2953138, 496402146, 6831, 34, 5
6098, 496408244, 46, 0, 1
11790, 496420034, 41, 0, 1
5652, 496425686, 18, 0, 1
5652, 496431338, 15, 0, 1
6147, 496437485, 24, 0, 1
11796, 496449281, 25, 0, 1
5652, 496454933, 18, 0, 1
5625, 496460558, 20, 0, 1
6160, 496466718, 17, 0, 1
11796, 496478514, 24, 0, 1
5652, 496484166, 20, 0, 1
5658, 496489824, 12, 0, 1
6169, 496495993, 30, 0, 1
11758, 496507751, 34, 0, 1
5655, 496513406, 18, 0, 1
5652, 496519058, 14, 0, 1
6138, 496525196, 28, 0, 1
11767, 496536963, 38, 0, 1
5626, 496542589, 24, 0, 1
5652, 496548241, 17, 0, 1
6128, 496554369, 26, 0, 1
11795, 496566164, 47, 0, 1
5628, 496571792, 17, 0, 1
5658, 496577450, 10, 0, 1
6161, 496583611, 25, 0, 1
11766, 496595377, 33, 0, 1
5625, 496601002, 20, 0, 1
5645, 496606647, 21, 0, 1
6147, 496612794, 23, 0, 1
11797, 496624591, 34, 0, 1
5658, 496630249, 13, 0, 1
5645, 496635894, 21, 0, 1
6147, 496642041, 25, 0, 1
11790, 496653831, 31, 0, 1
5651, 496659482, 15, 0, 1
5640, 496665122, 23, 0, 1
6173, 496671295, 20, 0, 1
11792, 496683087, 34, 0, 1
5658, 496688745, 9, 0, 1
5652, 496694397, 15, 0, 1
6112, 496700509, 23, 0, 1
13130, 496713639, 101, 0, 1
5633, 496719272, 25, 0, 1
5658, 496724930, 11, 0, 1
6186, 496731116, 18, 0, 1
11762, 496742878, 45, 0, 1
5646, 496748524, 12, 0, 1
5633, 496754157, 27, 0, 1
6160, 496760317, 16, 0, 1
11801, 496772118, 38, 0, 1
5646, 496777764, 14, 0, 1
5652, 496783416, 22, 0, 1
11794, 496795210, 30, 0, 1
6126, 496801336, 19, 0, 1
5646, 496806982, 17, 0, 1
5658, 496812640, 11, 0, 1
11788, 496824428, 44, 0, 1
6138, 496830566, 15, 0, 1
5648, 496836214, 22, 0, 1
5658, 496841872, 10, 0, 1
11812, 496853684, 25, 0, 1
6119, 496859803, 25, 0, 1
5651, 496865454, 20, 0, 1
5658, 496871112, 11, 0, 1
11805, 496882917, 37, 0, 1
6095, 496889012, 25, 0, 1
5658, 496894670, 12, 0, 1
5616, 496900286, 19, 0, 1
11807, 496912093, 28, 0, 1
6125, 496918218, 30, 0, 1
5658, 496923876, 12, 0, 1
5652, 496929528, 16, 0, 1
12855, 496942383, 83, 0, 1
6672, 496949055, 29, 0, 1
6584, 496955639, 36, 0, 1
6310, 496961949, 16, 0, 1
12257, 496974206, 52, 0, 1
6104, 496980310, 31, 0, 1
6116, 496986426, 17, 0, 1
6085, 496992511, 30, 0, 1
12226, 497004737, 46, 0, 1
6098, 497010835, 26, 0, 1
6116, 497016951, 20, 0, 1
6078, 497023029, 27, 0, 1
12210, 497035239, 52, 0, 1
6110, 497041349, 17, 0, 1
6102, 497047451, 24, 0, 1
15174, 497062625, 346, 1, 1
12202, 497074827, 66, 0, 1
6116, 497080943, 19, 0, 1
6098, 497087041, 28, 0, 1
5658, 497092699, 13, 0, 1
13631, 497106330, 63, 0, 1
6123, 497112453, 23, 0, 1
6092, 497118545, 26, 0, 1
5633, 497124178, 22, 0, 1
11793, 497135971, 42, 0, 1
6132, 497142103, 21, 0, 1
5621, 497147724, 26, 0, 1
5658, 497153382, 12, 0, 1
11801, 497165183, 29, 0, 1
6132, 497171315, 21, 0, 1
5632, 497176947, 28, 0, 1
5638, 497182585, 19, 0, 1
11818, 497194403, 29, 0, 1
6118, 497200521, 25, 0, 1
5658, 497206179, 15, 0, 1
5658, 497211837, 13, 0, 1
11825, 497223662, 33, 0, 1
6143, 497229805, 35, 0, 1
6097, 497235902, 28, 0, 1
5658, 497241560, 16, 0, 1
11777, 497253337, 42, 0, 1
6127, 497259464, 21, 0, 1
5658, 497265122, 15, 0, 1
5644, 497270766, 25, 0, 1
11780, 497282546, 30, 0, 1
6100, 497288646, 25, 0, 1
6116, 497294762, 19, 0, 1
5628, 497300390, 18, 0, 1
11785, 497312175, 39, 0, 1
6119, 497318294, 26, 0, 1
6085, 497324379, 28, 0, 1
5658, 497330037, 14, 0, 1
11733, 497341770, 41, 0, 1
6151, 497347921, 23, 0, 1
5640, 497353561, 19, 0, 1
5656, 497359217, 29, 0, 1
11792, 497371009, 35, 0, 1
6114, 497377123, 26, 0, 1
5646, 497382769, 18, 0, 1
5652, 497388421, 17, 0, 1
11777, 497400198, 45, 0, 1
6129, 497406327, 30, 0, 1
5658, 497411985, 13, 0, 1
5658, 497417643, 14, 0, 1
11790, 497429433, 47, 0, 1
6131, 497435564, 27, 0, 1
5658, 497441222, 15, 0, 1
5645, 497446867, 22, 0, 1
11831, 497458698, 24, 0, 1
6111, 497464809, 29, 0, 1
5626, 497470435, 23, 0, 1
5652, 497476087, 17, 0, 1
13177, 497489264, 40, 0, 1
6164, 497495428, 19, 0, 1
5626, 497501054, 24, 0, 1
5632, 497506686, 27, 0, 1
11812, 497518498, 32, 0, 1
6137, 497524635, 23, 0, 1
5627, 497530262, 20, 0, 1
5658, 497535920, 14, 0, 1
11795, 497547715, 30, 0, 1
6125, 497553840, 25, 0, 1
6097, 497559937, 28, 0, 1
5651, 497565588, 33, 0, 1
11772, 497577360, 33, 0, 1
6133, 497583493, 23, 0, 1
6104, 497589597, 25, 0, 1
5651, 497595248, 29, 0, 1
11754, 497607002, 37, 0, 1
6113, 497613115, 22, 0, 1
5652, 497618767, 23, 0, 1
5651, 497624418, 32, 0, 1
11798, 497636216, 45, 0, 1
6119, 497642335, 24, 0, 1
5643, 497647978, 26, 0, 1
5658, 497653636, 8, 0, 1
11822, 497665458, 32, 0, 1
6138, 497671596, 17, 0, 1
5639, 497677235, 27, 0, 1
5658, 497682893, 12, 0, 1
11799, 497694692, 32, 0, 1
6138, 497700830, 16, 0, 1
5652, 497706482, 18, 0, 1
5642, 497712124, 25, 0, 1
11818, 497723942, 42, 0, 1
6151, 497730093, 19, 0, 1
5622, 497735715, 23, 0, 1
5660, 497741375, 28, 0, 1
11811, 497753186, 30, 0, 1
6125, 497759311, 22, 0, 1
5658, 497764969, 11, 0, 1
5640, 497770609, 27, 0, 1
11831, 497782440, 34, 0, 1
6105, 497788545, 28, 0, 1
5646, 497794191, 16, 0, 1
5658, 497799849, 13, 0, 1
11771, 497811620, 48, 0, 1
6151, 497817771, 17, 0, 1
5642, 497823413, 24, 0, 1
5658, 497829071, 11, 0, 1
11793, 497840864, 48, 0, 1
6138, 497847002, 15, 0, 1
5615, 497852617, 22, 0, 1
7029, 497859646, 30, 0, 1
11819, 497871465, 40, 0, 1
6106, 497877571, 26, 0, 1
5616, 497883187, 22, 0, 1
5652, 497888839, 13, 0, 1
11779, 497900618, 40, 0, 1
6138, 497906756, 15, 0, 1
5658, 497912414, 13, 0, 1
5632, 497918046, 24, 0, 1
11806, 497929852, 42, 0, 1
6138, 497935990, 18, 0, 1
5645, 497941635, 34, 0, 1
5658, 497947293, 12, 0, 1
11826, 497959119, 42, 0, 1
6139, 497965258, 24, 0, 1
5652, 497970910, 16, 0, 1
5658, 497976568, 12, 0, 1
11754, 497988322, 49, 0, 1
6132, 497994454, 20, 0, 1
5631, 498000085, 24, 0, 1
5645, 498005730, 22, 0, 1
11793, 498017523, 35, 0, 1
6138, 498023661, 18, 0, 1
5625, 498029286, 23, 0, 1
5658, 498034944, 12, 0, 1
11787, 498046731, 33, 0, 1
6151, 498052882, 19, 0, 1
5626, 498058508, 22, 0, 1
5645, 498064153, 21, 0, 1
11799, 498075952, 36, 0, 1
6138, 498082090, 20, 0, 1
5644, 498087734, 28, 0, 1
5658, 498093392, 11, 0, 1
11782, 498105174, 38, 0, 1
6145, 498111319, 14, 0, 1
5610, 498116929, 21, 0, 1
5658, 498122587, 12, 0, 1
11814, 498134401, 48, 0, 1
6138, 498140539, 18, 0, 1
5652, 498146191, 14, 0, 1
5658, 498151849, 17, 0, 1
11781, 498163630, 47, 0, 1
6124, 498169754, 25, 0, 1
5658, 498175412, 13, 0, 1
5658, 498181070, 12, 0, 1
11793, 498192863, 44, 0, 1
6150, 498199013, 27, 0, 1
5658, 498204671, 12, 0, 1
5631, 498210302, 25, 0, 1
11811, 498222113, 37, 0, 1
6113, 498228226, 23, 0, 1
6997, 498235223, 37, 0, 1
5658, 498240881, 13, 0, 1
11783, 498252664, 41, 0, 1
6113, 498258777, 23, 0, 1
5628, 498264405, 20, 0, 1
5652, 498270057, 18, 0, 1
11772, 498281829, 40, 0, 1
6151, 498287980, 18, 0, 1
5658, 498293638, 14, 0, 1
5652, 498299290, 18, 0, 1
11785, 498311075, 39, 0, 1
6138, 498317213, 18, 0, 1
5616, 498322829, 21, 0, 1
5632, 498328461, 23, 0, 1
11815, 498340276, 51, 0, 1
6138, 498346414, 18, 0, 1
5616, 498352030, 19, 0, 1
5658, 498357688, 10, 0, 1
11799, 498369487, 42, 0, 1
6138, 498375625, 15, 0, 1
5655, 498381280, 25, 0, 1
5657, 498386937, 21, 0, 1
11790, 498398727, 45, 0, 1
6138, 498404865, 15, 0, 1
5616, 498410481, 22, 0, 1
5645, 498416126, 20, 0, 1
11813, 498427939, 43, 0, 1
6151, 498434090, 22, 0, 1
5616, 498439706, 21, 0, 1
5658, 498445364, 13, 0, 1
11796, 498457160, 40, 0, 1
6138, 498463298, 19, 0, 1
5658, 498468956, 14, 0, 1
5633, 498474589, 18, 0, 1
11769, 498486358, 42, 0, 1
6123, 498492481, 29, 0, 1
5658, 498498139, 12, 0, 1
5645, 498503784, 21, 0, 1
11818, 498515602, 34, 0, 1
6161, 498521763, 26, 0, 1
5658, 498527421, 15, 0, 1
5658, 498533079, 15, 0, 1
11776, 498544855, 47, 0, 1
6138, 498550993, 18, 0, 1
5616, 498556609, 23, 0, 1
5658, 498562267, 16, 0, 1
11781, 498574048, 47, 0, 1
6131, 498580179, 30, 0, 1
5634, 498585813, 18, 0, 1
5658, 498591471, 12, 0, 1
11799, 498603270, 44, 0, 1
7515, 498610785, 33, 0, 1
5640, 498616425, 21, 0, 1
13441, 498629866, 259, 5, 1
11843, 498641709, 54, 0, 1
6132, 498647841, 20, 0, 1
5620, 498653461, 19, 0, 1
5658, 498659119, 11, 0, 1
11787, 498670906, 58, 0, 1
7039, 498677945, 86, 2, 1
8996, 498686941, 182, 2, 1
910115, 499597056, 14436, 439, 5
13186, 499610242, 667, 0, 1
6662, 499616904, 33, 0, 1
12401, 499629305, 360, 12, 1
6703, 499636008, 34, 0, 1
13111, 499649119, 36, 0, 1
8441, 499657560, 156, 5, 1
6836, 499664396, 31, 0, 1
5633, 499670029, 23, 0, 1
4778139, 4778139, 92270, 534, 16
15662556, 20440695, 44734, 2491, 7
19610624, 40051319, 18436, 1696, 3
18740286, 58791605, 22930, 1233, 3
19519493, 78311098, 19203, 1006, 3
19518433, 97829531, 19937, 992, 3
19563415, 117392946, 19225, 1229, 3
18685026, 136077972, 25141, 2404, 7
19522560, 155600532, 20411, 666, 3
19337981, 174938513, 18831, 637, 3
19489833, 194428346, 21853, 555, 3
19489730, 213918076, 20197, 2313, 7
19628102, 233546178, 20220, 794, 3
19250140, 252796318, 23256, 937, 3
18961789, 271758107, 21685, 1218, 3
18933836, 290691943, 18760, 1357, 3
19459182, 310151125, 20348, 1688, 3
19605544, 329756669, 19418, 1405, 3
19720480, 349477149, 19225, 2567, 7
19669251, 369146400, 18939, 1235, 3
19724788, 388871188, 19588, 1235, 3
19658305, 408529493, 19176, 1856, 3
19685936, 428215429, 19304, 741, 3
19679811, 447895240, 18689, 1582, 3
19609125, 467504365, 18926, 2687, 7
17702716, 485207081, 29368, 1943, 7
10443290, 495650371, 16759, 19, 12
628142, 496278513, 3358, 42, 1
11285, 496289798, 45, 0, 1
6173, 496295971, 22, 0, 1
5658, 496301629, 12, 0, 1
6138, 496307767, 19, 0, 1
11316, 496319083, 19, 0, 1
6160, 496325243, 18, 0, 1
5658, 496330901, 17, 0, 1
6164, 496337065, 17, 0, 1
11304, 496348369, 29, 0, 1
6148, 496354517, 22, 0, 1
5646, 496360163, 17, 0, 1
6138, 496366301, 16, 0, 1
11316, 496377617, 18, 0, 1
6173, 496383790, 18, 0, 1
5658, 496389448, 11, 0, 1
6138, 496395586, 17, 0, 1
11238, 496406824, 29, 0, 1
6154, 496412978, 20, 0, 1
5658, 496418636, 12, 0, 1
6119, 496424755, 22, 0, 1
11304, 496436059, 30, 0, 1
6172, 496442231, 18, 0, 1
5658, 496447889, 12, 0, 1
6120, 496454009, 22, 0, 1
11314, 496465323, 40, 0, 1
6136, 496471459, 22, 0, 1
5658, 496477117, 10, 0, 1
6151, 496483268, 17, 0, 1
11291, 496494559, 35, 0, 1
6148, 496500707, 17, 0, 1
5658, 496506365, 12, 0, 1
6139, 496512504, 22, 0, 1
11315, 496523819, 30, 0, 1
6161, 496529980, 20, 0, 1
5652, 496535632, 13, 0, 1
6138, 496541770, 18, 0, 1
11316, 496553086, 16, 0, 1
6154, 496559240, 18, 0, 1
5658, 496564898, 13, 0, 1
6151, 496571049, 16, 0, 1
12693, 496583742, 96, 0, 1
6160, 496589902, 21, 1, 1
5658, 496595560, 14, 0, 1
6138, 496601698, 17, 0, 1
11316, 496613014, 21, 0, 1
6173, 496619187, 16, 0, 1
5658, 496624845, 14, 0, 1
6138, 496630983, 13, 0, 1
11292, 496642275, 36, 0, 1
6160, 496648435, 17, 0, 1
5651, 496654086, 17, 0, 1
6108, 496660194, 22, 0, 1
11306, 496671500, 31, 0, 1
6173, 496677673, 17, 0, 1
5622, 496683295, 16, 0, 1
6137, 496689432, 22, 0, 1
11316, 496700748, 34, 0, 1
6142, 496706890, 26, 0, 1
5652, 496712542, 13, 0, 1
6158, 496718700, 16, 0, 1
11310, 496730010, 18, 0, 1
6142, 496736152, 21, 0, 1
5658, 496741810, 16, 0, 1
6126, 496747936, 20, 0, 1
11285, 496759221, 31, 0, 1
6167, 496765388, 19, 0, 1
5657, 496771045, 15, 0, 1
6114, 496777159, 18, 0, 1
11316, 496788475, 16, 0, 1
6160, 496794635, 18, 0, 1
6374, 496801009, 49, 0, 1
9863, 496810872, 242, 0, 1
12662, 496823534, 57, 0, 1
6623, 496830157, 22, 0, 1
5658, 496835815, 13, 0, 1
6138, 496841953, 18, 0, 1
12232, 496854185, 28, 0, 1
6123, 496860308, 19, 0, 1
6100, 496866408, 25, 0, 1
6103, 496872511, 26, 0, 1
12196, 496884707, 42, 0, 1
6086, 496890793, 23, 0, 1
6110, 496896903, 19, 0, 1
6086, 496902989, 20, 0, 1
21308, 496924297, 341, 4, 1
6110, 496930407, 24, 0, 1
6078, 496936485, 24, 0, 1
6103, 496942588, 24, 0, 1
12220, 496954808, 30, 0, 1
6109, 496960917, 18, 0, 1
6093, 496967010, 24, 0, 1
6091, 496973101, 22, 0, 1
13150, 496986251, 60, 0, 1
6138, 496992389, 19, 0, 1
5658, 496998047, 12, 0, 1
6138, 497004185, 17, 0, 1
11289, 497015474, 30, 0, 1
6166, 497021640, 20, 0, 1
5652, 497027292, 15, 0, 1
6138, 497033430, 19, 0, 1
11316, 497044746, 23, 0, 1
6134, 497050880, 26, 0, 1
5652, 497056532, 19, 0, 1
6133, 497062665, 20, 0, 1
11279, 497073944, 34, 0, 1
6160, 497080104, 15, 0, 1
5658, 497085762, 14, 0, 1
6138, 497091900, 18, 0, 1
11316, 497103216, 17, 0, 1
6180, 497109396, 20, 0, 1
5658, 497115054, 15, 0, 1
6138, 497121192, 17, 0, 1
11774, 497132966, 27, 0, 1
6138, 497139104, 16, 0, 1
5658, 497144762, 12, 0, 1
6138, 497150900, 18, 0, 1
11774, 497162674, 36, 0, 1
6138, 497168812, 25, 0, 1
5634, 497174446, 16, 0, 1
6112, 497180558, 28, 0, 1
11256, 497191814, 27, 0, 1
6160, 497197974, 20, 0, 1
5657, 497203631, 17, 0, 1
6151, 497209782, 19, 0, 1
11755, 497221537, 33, 0, 1
6126, 497227663, 19, 0, 1
5658, 497233321, 14, 0, 1
6137, 497239458, 18, 0, 1
11296, 497250754, 33, 0, 1
6167, 497256921, 18, 0, 1
5658, 497262579, 12, 0, 1
6127, 497268706, 21, 0, 1
11309, 497280015, 36, 0, 1
6160, 497286175, 15, 0, 1
5657, 497291832, 12, 0, 1
6151, 497297983, 16, 0, 1
11310, 497309293, 33, 0, 1
6154, 497315447, 16, 0, 1
5646, 497321093, 15, 0, 1
6138, 497327231, 19, 0, 1
11236, 497338467, 33, 0, 1
6173, 497344640, 15, 0, 1
5652, 497350292, 16, 0, 1
7509, 497357801, 28, 0, 1
11301, 497369102, 29, 0, 1
6130, 497375232, 19, 0, 1
5658, 497380890, 9, 0, 1
6108, 497386998, 19, 0, 1
11309, 497398307, 25, 0, 1
6161, 497404468, 20, 0, 1
5651, 497410119, 20, 0, 1
6137, 497416256, 33, 0, 1
11755, 497428011, 32, 0, 1
6138, 497434149, 19, 0, 1
5658, 497439807, 13, 0, 1
6151, 497445958, 14, 0, 1
11316, 497457274, 19, 0, 1
6160, 497463434, 14, 0, 1
5658, 497469092, 13, 0, 1
6138, 497475230, 18, 0, 1
11316, 497486546, 20, 0, 1
6225, 497492771, 23, 0, 1
5658, 497498429, 11, 0, 1
6138, 497504567, 19, 0, 1
11316, 497515883, 18, 0, 1
6159, 497522042, 18, 0, 1
5658, 497527700, 14, 0, 1
6144, 497533844, 23, 0, 1
11314, 497545158, 27, 0, 1
6148, 497551306, 17, 0, 1
5658, 497556964, 13, 0, 1
6138, 497563102, 22, 0, 1
11316, 497574418, 18, 0, 1
6173, 497580591, 14, 0, 1
5616, 497586207, 17, 0, 1
6138, 497592345, 17, 0, 1
11316, 497603661, 13, 0, 1
6160, 497609821, 20, 0, 1
5658, 497615479, 12, 0, 1
6138, 497621617, 15, 0, 1
11309, 497632926, 33, 0, 1
6161, 497639087, 22, 0, 1
5658, 497644745, 10, 0, 1
6138, 497650883, 16, 0, 1
11316, 497662199, 15, 0, 1
6135, 497668334, 24, 0, 1
5650, 497673984, 15, 1, 1
14308, 497688292, 261, 40, 1
11273, 497699565, 41, 0, 1
6130, 497705695, 18, 0, 1
5658, 497711353, 14, 0, 1
6110, 497717463, 24, 0, 1
11300, 497728763, 27, 0, 1
6167, 497734930, 20, 0, 1
7035, 497741965, 28, 0, 1
6138, 497748103, 19, 0, 1
11277, 497759380, 29, 0, 1
6159, 497765539, 20, 0, 1
5658, 497771197, 13, 0, 1
6151, 497777348, 15, 0, 1
11316, 497788664, 17, 0, 1
6154, 497794818, 21, 0, 1
5658, 497800476, 10, 0, 1
6132, 497806608, 23, 0, 1
11316, 497817924, 16, 0, 1
7048, 497824972, 89, 2, 1
5658, 497830630, 15, 0, 1
6131, 497836761, 19, 0, 1
11292, 497848053, 31, 0, 1
6147, 497854200, 23, 0, 1
5658, 497859858, 12, 0, 1
6127, 497865985, 16, 0, 1
11307, 497877292, 25, 0, 1
6174, 497883466, 22, 0, 1
5639, 497889105, 21, 0, 1
6132, 497895237, 19, 0, 1
11316, 497906553, 19, 0, 1
6159, 497912712, 18, 0, 1
5658, 497918370, 10, 0, 1
6145, 497924515, 17, 0, 1
11316, 497935831, 17, 0, 1
6136, 497941967, 20, 0, 1
5652, 497947619, 14, 0, 1
6119, 497953738, 25, 0, 1
11316, 497965054, 14, 0, 1
6173, 497971227, 17, 0, 1
5646, 497976873, 17, 0, 1
6138, 497983011, 16, 0, 1
11316, 497994327, 16, 0, 1
6154, 498000481, 17, 0, 1
5658, 498006139, 17, 0, 1
6152, 498012291, 19, 0, 1
11304, 498023595, 26, 0, 1
6142, 498029737, 17, 0, 1
5640, 498035377, 11, 0, 1
11772, 498047149, 28, 0, 1
5658, 498052807, 13, 0, 1
6172, 498058979, 18, 0, 1
5658, 498064637, 11, 0, 1
11795, 498076432, 25, 0, 1
5658, 498082090, 11, 0, 1
6154, 498088244, 18, 0, 1
5658, 498093902, 8, 0, 1
11766, 498105668, 31, 0, 1
5658, 498111326, 12, 0, 1
7544, 498118870, 32, 0, 1
5658, 498124528, 11, 0, 1
11777, 498136305, 26, 0, 1
5651, 498141956, 15, 0, 1
6153, 498148109, 18, 0, 1
5658, 498153767, 11, 0, 1
11809, 498165576, 22, 0, 1
5658, 498171234, 11, 0, 1
6142, 498177376, 17, 0, 1
5658, 498183034, 12, 0, 1
11796, 498194830, 17, 0, 1
5658, 498200488, 13, 0, 1
6173, 498206661, 15, 0, 1
5658, 498212319, 12, 0, 1
11778, 498224097, 27, 0, 1
5658, 498229755, 11, 0, 1
6165, 498235920, 20, 0, 1
5658, 498241578, 11, 0, 1
11822, 498253400, 21, 0, 1
5658, 498259058, 11, 0, 1
6160, 498265218, 15, 0, 1
5658, 498270876, 12, 0, 1
11772, 498282648, 30, 0, 1
5658, 498288306, 11, 0, 1
6148, 498294454, 26, 0, 1
5658, 498300112, 11, 0, 1
11776, 498311888, 33, 0, 1
5658, 498317546, 10, 0, 1
6165, 498323711, 17, 0, 1
5658, 498329369, 12, 0, 1
11796, 498341165, 24, 0, 1
5652, 498346817, 15, 0, 1
6173, 498352990, 18, 0, 1
5658, 498358648, 8, 0, 1
11796, 498370444, 15, 0, 1
5652, 498376096, 16, 0, 1
6112, 498382208, 23, 0, 1
5658, 498387866, 12, 0, 1
11785, 498399651, 24, 0, 1
5658, 498405309, 12, 0, 1
6160, 498411469, 22, 0, 1
5658, 498417127, 12, 0, 1
11790, 498428917, 25, 0, 1
5658, 498434575, 12, 0, 1
6167, 498440742, 17, 0, 1
5658, 498446400, 10, 0, 1
11778, 498458178, 35, 0, 1
5652, 498463830, 17, 0, 1
6160, 498469990, 22, 0, 1
5658, 498475648, 14, 0, 1
11809, 498487457, 27, 0, 1
7035, 498494492, 29, 0, 1
6160, 498500652, 21, 0, 1
5658, 498506310, 11, 0, 1
11759, 498518069, 37, 0, 1
5646, 498523715, 15, 0, 1
6167, 498529882, 18, 0, 1
5658, 498535540, 15, 0, 1
11796, 498547336, 33, 0, 1
5658, 498552994, 11, 0, 1
9499, 498562493, 161, 0, 1
5658, 498568151, 35, 0, 1
882226, 499450377, 15143, 647, 5
6420, 499456797, 56, 0, 1
6731, 499463528, 45, 0, 1
6388, 499469916, 30, 0, 1
18552, 499488468, 385, 13, 1
6718, 499495186, 40, 0, 1
6670, 499501856, 27, 0, 1
7970, 499509826, 121, 2, 1
13362, 499523188, 58, 0, 1
