0,1,153615327.02,2967176654.3650727
2,153615328.02,185132289.53,2644991375.7880425
11,185132290.53,221960163.3,3671114250.0599723
0,221960164.3,284731507.88,2967176654.3650727
5,284731508.88,2089574179.2699997,2889592776.231653
13,2089574180.2699997,3818242958.1500006,2697371521.4486256
6,3818242959.1500006,3889481661.450001,2131834795.7711167
3,3889481662.450001,3905222843.620001,1443023607.5620902
6,3905222844.620001,3922975669.730001,2131834795.7711167
1,3922975670.730001,3940149401.330001,1404728713.4590423
6,3940149402.330001,3972557819.150001,2131834795.7711167
10,3972557820.150001,3983101281.150001,797661017.4990699
6,3983101282.150001,3996822386.550001,2131834795.7711167
10,3996822387.550001,4000228326.2166677,797661017.4990699
