0,1,185269251.85,2967176654.3650727
11,185269252.85,222518685.31,3671114250.0599723
0,222518686.31,285318800.19,2967176654.3650727
5,285318801.19,2433158638.779999,2889592776.231653
13,2433158639.779999,3826757241.4999995,2697371521.4486256
6,3826757242.4999995,3876640818.669999,2131834795.7711167
3,3876640819.669999,3912527894.079999,1443023607.5620902
6,3912527895.079999,3931204455.5499988,2131834795.7711167
1,3931204456.5499988,3949387067.389999,1404728713.4590423
6,3949387068.389999,3967140858.309999,2131834795.7711167
10,3967140859.309999,3972941453.524285,797661017.4990699
1,3972941454.524285,3986426624.924285,1404728713.4590423
6,3986426625.924285,4017767086.5909514,2131834795.7711167
8,4017767087.5909514,4025663522.5909514,498751948.10867727
