461869 461869 10744 367
5604299 6066168 90900 7110
16165072 22231240 36500 8395
19111924 41343164 23023 5455
18948237 60291401 18242 4937
19566217 79857618 18036 5194
19516226 99373844 18817 5222
18881432 118255276 24758 6786
18969040 137224316 19304 5063
19507770 156732086 19240 5175
19286391 176018477 18905 4781
19507079 195525556 21434 5118
19577500 215103056 19387 5226
19563729 234666785 19223 5226
18666318 253333103 25592 4950
19451623 272784726 19262 4746
18836058 291620784 18551 5137
19484357 311105141 18322 4875
19597112 330702253 18581 5165
19668575 350370828 19502 5232
19508008 369878836 18598 5122
19713853 389592689 18524 5132
19643458 409236147 18683 5248
19576282 428812429 18939 5100
19619077 448431506 18565 4912
19576819 468008325 18519 5254
17542214 485550539 29271 4294
10136165 495686704 17534 125
692731 496379435 3111 322
5652 496385087 22 0
6126 496391213 25 0
20418 496411631 273 91
7029 496418660 125 14
5658 496424318 13 0
6160 496430478 15 0
11778 496442256 36 0
5657 496447913 19 0
5658 496453571 12 0
6140 496459711 24 0
11772 496471483 43 0
5658 496477141 12 0
5658 496482799 10 0
6142 496488941 19 0
11803 496500744 25 0
5652 496506396 12 0
5652 496512048 12 0
6134 496518182 23 0
11791 496529973 36 0
5639 496535612 19 0
5658 496541270 10 0
6173 496547443 17 0
11771 496559214 42 0
5640 496564854 17 0
5654 496570508 23 0
6161 496576669 31 0
11772 496588441 28 0
5658 496594099 9 0
5661 496599760 24 0
6173 496605933 16 0
11796 496617729 19 0
5658 496623387 14 0
5658 496629045 12 0
6160 496635205 18 0
11815 496647020 26 0
5658 496652678 11 0
5658 496658336 10 0
6141 496664477 23 0
11773 496676250 48 0
5658 496681908 11 0
5657 496687565 13 0
6163 496693728 32 1
11790 496705518 39 0
5658 496711176 12 0
5661 496716837 27 0
6154 496722991 19 0
11797 496734788 39 0
5646 496740434 17 0
5657 496746091 18 0
6160 496752251 17 0
11784 496764035 28 0
5610 496769645 17 0
5652 496775297 22 0
6145 496781442 26 0
13146 496794588 63 0
5658 496800246 17 0
5652 496805898 15 0
6160 496812058 17 0
11794 496823852 44 0
5633 496829485 18 0
5658 496835143 8 0
6161 496841304 19 0
11792 496853096 40 0
5652 496858748 12 0
5666 496864414 27 0
6160 496870574 18 0
11809 496882383 24 0
5658 496888041 11 0
5658 496893699 12 0
6160 496899859 16 0
11777 496911636 30 0
5658 496917294 9 0
5658 496922952 12 0
6681 496929633 71 0
12985 496942618 56 0
6333 496948951 14 0
5637 496954588 15 0
6592 496961180 33 0
12245 496973425 28 1
6084 496979509 24 0
6108 496985617 25 0
6116 496991733 17 0
12244 497003977 45 0
6102 497010079 19 0
6108 497016187 35 0
6124 497022311 22 0
12231 497034542 32 0
6117 497040659 32 0
6088 497046747 27 0
6119 497052866 29 0
12145 497065011 32 0
6129 497071140 13 0
6107 497077247 27 0
6080 497083327 22 0
12195 497095522 34 0
6121 497101643 28 0
5658 497107301 13 0
6138 497113439 16 0
12241 497125680 46 0
5658 497131338 12 0
5652 497136990 13 0
6140 497143130 28 0
11778 497154908 27 0
5658 497160566 11 0
5652 497166218 12 0
15230 497181448 315 26
13161 497194609 59 0
5658 497200267 10 0
5658 497205925 10 0
11817 497217742 43 0
6151 497223893 17 0
5658 497229551 13 0
5658 497235209 10 0
11781 497246990 34 0
6138 497253128 15 0
5661 497258789 16 0
5658 497264447 7 0
11799 497276246 33 0
6108 497282354 23 0
5646 497288000 16 0
5645 497293645 21 0
11788 497305433 29 0
6100 497311533 24 0
5640 497317173 15 0
5658 497322831 11 0
11802 497334633 41 0
6138 497340771 16 0
5658 497346429 12 0
5649 497352078 26 0
11791 497363869 29 0
6151 497370020 14 0
5649 497375669 24 0
5658 497381327 24 0
11805 497393132 27 0
6138 497399270 13 0
5638 497404908 17 0
5660 497410568 24 0
11820 497422388 37 0
6138 497428526 13 0
5658 497434184 12 0
5658 497439842 8 0
11818 497451660 22 0
6145 497457805 20 0
5626 497463431 21 0
5644 497469075 17 0
11805 497480880 43 0
6145 497487025 16 0
5640 497492665 16 0
5658 497498323 10 0
11810 497510133 36 0
6138 497516271 16 0
5658 497521929 14 1
5657 497527586 15 0
11794 497539380 29 0
6132 497545512 16 0
5639 497551151 14 0
5646 497556797 14 0
13195 497569992 42 0
6132 497576124 20 0
5658 497581782 9 0
5658 497587440 9 0
11776 497599216 30 0
6151 497605367 16 0
5652 497611019 14 0
5637 497616656 23 0
11788 497628444 31 0
6138 497634582 14 0
5652 497640234 15 0
5652 497645886 14 0
11831 497657717 26 0
6138 497663855 16 0
5644 497669499 21 0
5658 497675157 27 0
11818 497686975 24 0
6138 497693113 26 0
5640 497698753 15 0
5658 497704411 9 0
11805 497716216 36 0
6138 497722354 13 0
5652 497728006 19 0
5658 497733664 10 0
11822 497745486 41 0
6120 497751606 21 0
5646 497757252 17 0
5639 497762891 20 0
11818 497774709 31 0
6148 497780857 33 0
5652 497786509 18 0
5626 497792135 22 0
11844 497803979 20 0
6132 497810111 19 0
5631 497815742 21 0
5658 497821400 10 0
11800 497833200 33 0
6145 497839345 21 0
5667 497845012 24 0
5644 497850656 26 0
11812 497862468 27 0
6138 497868606 18 0
6116 497874722 15 0
5658 497880380 11 0
11808 497892188 27 0
6138 497898326 17 0
5658 497903984 11 0
5658 497909642 21 0
11794 497921436 31 0
6154 497927590 34 0
5658 497933248 10 0
7035 497940283 25 0
11772 497952055 47 0
6137 497958192 27 0
5646 497963838 16 0
5658 497969496 9 0
11804 497981300 38 0
6138 497987438 14 0
5622 497993060 19 0
5656 497998716 25 0
11821 498010537 37 0
6138 498016675 15 0
5631 498022306 20 0
5658 498027964 16 0
11811 498039775 27 0
6138 498045913 14 0
5659 498051572 24 0
5658 498057230 8 0
11816 498069046 38 0
6151 498075197 14 0
5658 498080855 13 0
5658 498086513 10 0
11805 498098318 42 0
6138 498104456 17 0
5622 498110078 15 0
5652 498115730 13 0
11798 498127528 34 0
6108 498133636 20 0
5658 498139294 12 0
5652 498144946 16 0
11812 498156758 21 0
6146 498162904 18 0
5651 498168555 18 0
5647 498174202 13 0
11792 498185994 29 0
6138 498192132 18 0
5658 498197790 12 0
5658 498203448 22 0
11817 498215265 31 0
6139 498221404 19 0
5640 498227044 20 0
5658 498232702 13 0
11794 498244496 28 0
6132 498250628 21 0
5652 498256280 14 0
5652 498261932 21 0
11825 498273757 33 0
6137 498279894 23 0
5658 498285552 10 0
5658 498291210 10 0
11817 498303027 29 0
6145 498309172 23 0
7029 498316201 29 0
5658 498321859 20 0
11806 498333665 37 0
6132 498339797 17 0
5616 498345413 22 0
5658 498351071 10 0
11831 498362902 21 0
6138 498369040 13 0
5634 498374674 16 0
5658 498380332 14 0
11799 498392131 30 0
6145 498398276 19 0
5652 498403928 16 0
5657 498409585 16 0
11807 498421392 37 0
6131 498427523 24 0
5658 498433181 13 0
5652 498438833 18 0
11831 498450664 21 0
6126 498456790 18 0
5621 498462411 15 0
5652 498468063 14 0
11805 498479868 42 0
6137 498486005 26 0
5658 498491663 13 0
5652 498497315 22 0
11812 498509127 27 0
6138 498515265 19 0
5627 498520892 17 0
5658 498526550 13 0
11806 498538356 29 0
6151 498544507 23 0
5632 498550139 17 0
5652 498555791 19 0
11818 498567609 20 0
6137 498573746 20 0
5656 498579402 17 0
5657 498585059 15 0
11821 498596880 32 0
6138 498603018 17 0
5658 498608676 10 0
5658 498614334 12 0
11792 498626126 32 0
6151 498632277 19 0
5658 498637935 13 0
5651 498643586 13 0
11798 498655384 42 0
6137 498661521 24 0
5634 498667155 22 0
5650 498672805 17 0
908724 499581529 15760 2865
6707 499588236 79 1
6666 499594902 29 0
12153 499607055 351 29
13406 499620461 65 0
6764 499627225 21 0
8347 499635572 185 11
6603 499642175 30 0
1598168 1598168 37182 948
6300959 7899127 86403 11496
19151570 27050697 19847 5053
18986926 46037623 23916 5277
19111430 65149053 17870 4865
19541977 84691030 18378 5182
19436780 104127810 17681 5147
18291841 122419651 24844 6804
19013964 141433615 18185 4955
19674649 161108264 18551 5046
19486332 180594596 20481 5183
19410512 200005108 18951 4681
19540102 219545210 18512 5216
19521312 239066522 18308 5080
18266797 257333319 24260 4897
19284481 276617800 20182 4486
19033223 295651023 19116 5139
19641742 315292765 18639 5179
19580276 334873041 19193 5204
19617296 354490337 19461 5260
19431007 373921344 19485 5253
19714603 393635947 18834 5031
19597962 413233909 18865 5259
19533401 432767310 19445 4655
19594782 452362092 18770 5324
19599211 471961303 18920 5271
17604748 489566051 30500 3263
6729066 496295117 14117 438
6126 496301243 312 6
5634 496306877 22 0
6137 496313014 26 0
11795 496324809 29 0
7035 496331844 96 6
5658 496337502 14 0
6173 496343675 18 0
11777 496355452 34 0
5652 496361104 16 0
5652 496366756 12 0
6148 496372904 21 0
11809 496384713 26 0
5658 496390371 14 0
5652 496396023 22 0
6159 496402182 15 0
11772 496413954 38 0
5658 496419612 15 0
5657 496425269 12 0
6173 496431442 17 0
11796 496443238 27 0
5658 496448896 12 0
5658 496454554 13 0
6160 496460714 20 0
11803 496472517 28 0
5658 496478175 13 0
5652 496483827 17 0
6136 496489963 22 0
11778 496501741 36 0
5640 496507381 16 0
5658 496513039 9 0
6173 496519212 20 0
11796 496531008 23 0
5658 496536666 13 0
5656 496542322 21 0
6141 496548463 20 0
11789 496560252 31 0
5645 496565897 18 1
5658 496571555 15 0
6155 496577710 20 0
11783 496589493 31 0
5657 496595150 19 1
5640 496600790 15 0
6160 496606950 17 0
11809 496618759 24 0
5658 496624417 13 1
5658 496630075 15 0
6160 496636235 20 0
11803 496648038 27 1
5658 496653696 11 0
5658 496659354 16 0
6186 496665540 21 0
11769 496677309 46 0
5658 496682967 12 0
5651 496688618 18 0
6136 496694754 23 0
13175 496707929 47 0
5658 496713587 12 0
5658 496719245 12 0
6160 496725405 18 0
11796 496737201 28 0
5658 496742859 12 0
5658 496748517 13 0
6173 496754690 18 0
11796 496766486 21 0
5658 496772144 15 0
5644 496777788 15 0
6160 496783948 14 0
11796 496795744 23 0
5658 496801402 13 0
5658 496807060 12 0
6173 496813233 20 0
11796 496825029 21 0
5658 496830687 12 0
5652 496836339 16 0
6687 496843026 53 0
15036 496858062 210 15
6588 496864650 38 0
5648 496870298 22 0
12595 496882893 44 0
6576 496889469 26 0
6098 496895567 23 0
6129 496901696 20 0
12220 496913916 41 0
6083 496919999 25 0
6116 496926115 22 0
6104 496932219 22 0
12232 496944451 32 0
6123 496950574 18 0
6092 496956666 27 0
6095 496962761 29 0
12232 496974993 34 0
6115 496981108 19 0
6110 496987218 23 0
6110 496993328 23 0
12230 497005558 45 0
6110 497011668 19 0
6104 497017772 30 0
5658 497023430 14 0
12252 497035682 46 0
6116 497041798 21 0
5658 497047456 12 0
5658 497053114 9 0
20865 497073979 358 13
6138 497080117 28 0
5658 497085775 13 0
5658 497091433 12 0
13195 497104628 48 0
6109 497110737 23 0
5652 497116389 13 0
5652 497122041 14 0
11818 497133859 21 0
6138 497139997 19 0
5658 497145655 15 0
5658 497151313 13 0
11831 497163144 24 0
6120 497169264 19 0
5652 497174916 14 0
5646 497180562 17 0
11812 497192374 36 0
6151 497198525 21 0
5652 497204177 13 0
5658 497209835 11 0
11781 497221616 45 0
6124 497227740 23 0
5658 497233398 13 0
5645 497239043 18 0
11806 497250849 34 0
6138 497256987 20 0
5640 497262627 17 0
5657 497268284 18 0
11818 497280102 23 0
6138 497286240 20 0
5645 497291885 19 0
5658 497297543 12 0
11810 497309353 30 0
6132 497315485 19 0
5658 497321143 16 0
5658 497326801 13 0
11788 497338589 37 0
6151 497344740 17 0
5628 497350368 18 0
5658 497356026 12 0
11800 497367826 31 0
6138 497373964 16 0
5658 497379622 12 0
5658 497385280 11 0
11805 497397085 42 0
6139 497403224 17 0
5640 497408864 24 0
5658 497414522 12 0
11824 497426346 26 0
6164 497432510 16 0
5658 497438168 13 0
5658 497443826 10 0
11817 497455643 24 0
6138 497461781 15 0
5658 497467439 9 0
5658 497473097 12 0
13208 497486305 40 0
6138 497492443 15 0
5658 497498101 11 0
5658 497503759 8 0
11812 497515571 32 0
6124 497521695 24 0
5634 497527329 18 0
5658 497532987 13 0
11796 497544783 34 0
6108 497550891 20 0
5658 497556549 13 0
5658 497562207 19 0
11793 497574000 26 0
6145 497580145 24 0
5658 497585803 9 0
5658 497591461 15 0
11798 497603259 33 0
6132 497609391 26 0
5658 497615049 15 0
5652 497620701 11 0
11825 497632526 29 0
6138 497638664 18 0
5658 497644322 11 0
5658 497649980 12 0
11818 497661798 20 0
6151 497667949 14 0
5658 497673607 13 0
5634 497679241 17 0
11791 497691032 31 0
6138 497697170 23 0
5658 497702828 12 0
5658 497708486 11 0
11783 497720269 36 0
6132 497726401 20 0
5655 497732056 18 0
5658 497737714 8 0
11818 497749532 24 0
6138 497755670 17 0
5652 497761322 15 0
5658 497766980 12 0
11809 497778789 44 0
6131 497784920 19 0
6110 497791030 24 0
5657 497796687 21 0
11763 497808450 30 1
14365 497822815 260 114
5658 497828473 28 0
5658 497834131 13 0
11781 497845912 42 0
6138 497852050 17 0
5658 497857708 10 0
7035 497864743 28 0
11819 497876562 26 0
6138 497882700 18 0
5658 497888358 14 0
5658 497894016 14 0
11775 497905791 41 0
6151 497911942 20 0
5651 497917593 13 0
5652 497923245 14 0
11817 497935062 28 0
6138 497941200 16 0
5658 497946858 14 0
5658 497952516 11 0
11831 497964347 30 0
6138 497970485 17 0
5652 497976137 12 0
5658 497981795 13 0
11794 497993589 32 0
6138 497999727 17 0
5658 498005385 14 0
5657 498011042 14 0
11831 498022873 25 0
6138 498029011 16 0
5634 498034645 16 0
5658 498040303 11 0
11817 498052120 34 0
6145 498058265 19 0
5663 498063928 13 0
5657 498069585 19 0
11793 498081378 27 0
6132 498087510 19 0
5639 498093149 17 0
5658 498098807 15 0
11800 498110607 33 0
6120 498116727 16 0
5658 498122385 11 0
5658 498128043 9 0
11776 498139819 34 0
6158 498145977 23 0
5658 498151635 15 0
5658 498157293 15 0
11788 498169081 38 0
6138 498175219 16 0
5658 498180877 10 0
5658 498186535 11 0
11818 498198353 34 0
6132 498204485 20 0
5646 498210131 15 0
5658 498215789 12 0
11768 498227557 37 0
6126 498233683 20 0
7029 498240712 35 0
5658 498246370 15 0
11824 498258194 27 0
6126 498264320 22 0
5658 498269978 11 0
5658 498275636 10 0
11818 498287454 22 0
6151 498293605 21 0
5658 498299263 9 0
5658 498304921 13 0
11817 498316738 23 0
6138 498322876 16 0
5627 498328503 19 0
5646 498334149 19 0
11801 498345950 35 0
6138 498352088 15 0
5652 498357740 15 0
5652 498363392 13 0
11812 498375204 31 0
6139 498381343 18 0
5652 498386995 13 0
5657 498392652 16 0
11811 498404463 25 0
6138 498410601 18 0
5658 498416259 13 0
5658 498421917 12 0
11813 498433730 33 0
6132 498439862 15 0
5658 498445520 13 0
5658 498451178 16 0
11818 498462996 19 0
6138 498469134 18 0
5646 498474780 15 0
5652 498480432 14 0
11809 498492241 37 0
6132 498498373 24 0
5646 498504019 17 0
5652 498509671 15 0
11787 498521458 43 0
6151 498527609 17 0
5658 498533267 13 0
5658 498538925 14 0
11806 498550731 36 0
6138 498556869 20 0
5658 498562527 14 0
5658 498568185 10 0
11844 498580029 22 0
6138 498586167 15 0
5658 498591825 14 0
5658 498597483 14 0
902970 499500453 15684 2719
17997 499518450 455 0
6434 499524884 46 0
6672 499531556 29 0
18253 499549809 420 53
6692 499556501 35 0
6666 499563167 27 0
8260 499571427 129 7
26044 26044 1340 63
4900682 4926726 93076 4344
15030994 19957720 42986 11897
19174725 39132445 17390 4854
19024153 58156598 23981 5212
19581856 77738454 17993 5122
19557650 97296104 18104 5234
19420499 116716603 18075 5065
18465778 135182381 24861 6684
19184831 154367212 17701 5059
19711755 174078967 18056 5292
19497697 193576664 20978 4787
19445753 213022417 19340 5285
19595028 232617445 18521 5048
19518418 252135863 18467 5162
18229452 270365315 25242 4115
19408627 289773942 19700 5228
19052381 308826323 19154 5017
19669528 328495851 19006 5113
19669097 348164948 19396 5299
19491075 367656023 19658 5237
19631647 387287670 19193 5104
19613157 406900827 18847 5240
19670603 426571430 18942 5317
19658490 446229920 18676 4959
19597499 465827419 18922 5271
18426054 484253473 29863 4904
10678962 494932435 16591 122
1491434 496423869 4888 344
5658 496429527 44 0
5658 496435185 17 0
6124 496441309 34 0
13152 496454461 132 8
5668 496460129 23 0
5648 496465777 27 0
6174 496471951 28 0
11753 496483704 36 0
5644 496489348 17 0
5648 496494996 25 0
6160 496501156 15 0
11786 496512942 40 0
5658 496518600 9 0
5651 496524251 12 0
6199 496530450 16 0
11770 496542220 36 0
5658 496547878 10 0
5658 496553536 11 0
6160 496559696 16 0
11777 496571473 39 0
5626 496577099 20 0
5652 496582751 19 0
6117 496588868 27 0
11759 496600627 31 0
5658 496606285 11 0
5658 496611943 10 0
6173 496618116 16 0
11777 496629893 29 0
5638 496635531 21 0
5658 496641189 10 0
6160 496647349 14 0
11783 496659132 39 0
5638 496664770 21 0
5655 496670425 17 0
6160 496676585 16 0
11783 496688368 35 0
5656 496694024 15 0
5658 496699682 21 0
6159 496705841 34 0
12990 496718831 81 0
6201 496725032 18 0
6289 496731321 19 0
6730 496738051 31 0
12861 496750912 38 0
6283 496757195 27 1
6309 496763504 14 0
6609 496770113 28 0
12909 496783022 34 0
6271 496789293 18 0
6309 496795602 13 0
6610 496802212 25 0
12906 496815118 46 0
6294 496821412 22 0
6303 496827715 16 0
7999 496835714 32 0
12881 496848595 45 0
6309 496854904 10 0
6297 496861201 18 0
6628 496867829 20 0
12909 496880738 35 0
6309 496887047 11 0
6309 496893356 13 0
6604 496899960 21 0
12898 496912858 37 0
6309 496919167 24 0
6309 496925476 15 0
6615 496932091 25 0
12885 496944976 29 0
6578 496951554 18 0
6303 496957857 18 0
7119 496964976 59 1
13726 496978702 58 0
6642 496985344 21 0
6333 496991677 16 0
6589 496998266 27 0
11796 497010062 20 0
6098 497016160 24 0
6115 497022275 27 0
6079 497028354 22 0
12231 497040585 36 0
6104 497046689 23 0
6104 497052793 19 0
6087 497058880 20 0
12196 497071076 40 0
6116 497077192 15 0
6116 497083308 15 0
6113 497089421 30 0
12220 497101641 31 0
6116 497107757 19 0
6133 497113890 33 0
6097 497119987 23 0
12201 497132188 38 0
6116 497138304 16 0
6103 497144407 22 0
6104 497150511 24 0
11809 497162320 25 0
6116 497168436 18 0
5650 497174086 23 0
6100 497180186 24 0
11764 497191950 37 0
5651 497197601 19 0
5652 497203253 12 0
15204 497218457 327 16
11800 497230257 58 0
5658 497235915 12 0
7035 497242950 31 0
6159 497249109 23 0
11790 497260899 37 0
5616 497266515 19 0
5658 497272173 7 0
6146 497278319 30 0
11760 497290079 44 0
5646 497295725 19 0
5645 497301370 15 0
6143 497307513 27 0
11789 497319302 40 0
5651 497324953 19 0
5657 497330610 18 1
6156 497336766 26 0
11752 497348518 36 0
5658 497354176 11 0
5658 497359834 20 0
6161 497365995 20 0
11783 497377778 30 0
5658 497383436 12 0
5646 497389082 14 0
6145 497395227 28 0
11786 497407013 44 0
5650 497412663 23 0
5632 497418295 20 0
6142 497424437 27 0
11755 497436192 41 0
5651 497441843 21 0
5668 497447511 29 0
6137 497453648 20 0
11770 497465418 37 0
5652 497471070 14 0
5632 497476702 19 0
6141 497482843 20 0
11796 497494639 24 0
5657 497500296 17 0
5658 497505954 10 0
6166 497512120 21 0
11766 497523886 27 0
5645 497529531 17 0
5656 497535187 20 0
11825 497547012 37 0
6158 497553170 20 0
5628 497558798 17 0
5658 497564456 8 0
11769 497576225 35 0
6119 497582344 21 0
5652 497587996 15 0
5657 497593653 19 0
11817 497605470 33 0
6138 497611608 16 0
7012 497618620 40 0
5657 497624277 21 0
11810 497636087 25 0
6151 497642238 15 0
5652 497647890 10 0
5658 497653548 23 0
11812 497665360 27 0
6119 497671479 28 0
5658 497677137 11 0
5638 497682775 25 0
11820 497694595 34 0
6138 497700733 15 0
5658 497706391 11 0
5651 497712042 17 0
11812 497723854 37 0
6138 497729992 17 0
5651 497735643 19 0
5658 497741301 12 0
11799 497753100 30 0
6138 497759238 15 0
5657 497764895 23 0
5658 497770553 11 0
11776 497782329 27 0
6151 497788480 16 0
5647 497794127 23 0
5654 497799781 25 0
11812 497811593 23 0
6123 497817716 29 0
5657 497823373 18 0
5665 497829038 25 0
11831 497840869 23 0
6132 497847001 21 0
5659 497852660 26 0
5657 497858317 17 0
11786 497870103 42 0
6150 497876253 18 0
5650 497881903 21 0
5650 497887553 27 0
11805 497899358 38 0
6138 497905496 18 0
5622 497911118 19 0
5658 497916776 13 0
11812 497928588 29 0
6132 497934720 19 0
5638 497940358 20 0
5658 497946016 12 0
11758 497957774 41 0
6138 497963912 16 0
5658 497969570 12 0
5658 497975228 9 0
11798 497987026 31 0
7515 497994541 27 0
5627 498000168 19 0
5658 498005826 11 0
11808 498017634 47 0
6115 498023749 22 0
5628 498029377 20 0
5657 498035034 25 0
11800 498046834 42 0
6138 498052972 17 0
5642 498058614 23 0
5658 498064272 9 0
11829 498076101 47 0
6138 498082239 20 0
5659 498087898 24 0
5652 498093550 12 0
11818 498105368 28 0
7039 498112407 78 15
5640 498118047 17 0
5644 498123691 26 0
11817 498135508 32 0
6138 498141646 14 0
5658 498147304 9 0
5657 498152961 18 0
11830 498164791 29 0
6138 498170929 14 0
5658 498176587 9 0
5658 498182245 11 0
11818 498194063 35 0
6101 498200164 24 0
5616 498205780 19 0
5658 498211438 9 0
11799 498223237 38 0
6108 498229345 25 0
5652 498234997 16 0
5639 498240636 16 0
11781 498252417 41 0
6151 498258568 18 0
5640 498264208 13 0
5645 498269853 25 0
11809 498281662 38 0
6145 498287807 14 0
5658 498293465 10 0
5652 498299117 14 0
11777 498310894 32 0
6138 498317032 16 0
5657 498322689 24 0
5652 498328341 14 0
11791 498340132 34 0
6151 498346283 16 0
5635 498351918 20 0
5643 498357561 24 0
13195 498370756 36 0
6138 498376894 17 0
5646 498382540 13 0
5657 498388197 14 0
11813 498400010 39 0
6138 498406148 18 0
5658 498411806 11 0
5658 498417464 14 0
11815 498429279 45 0
6138 498435417 16 0
5658 498441075 9 0
5658 498446733 12 0
11844 498458577 46 0
6138 498464715 17 0
5649 498470364 20 0
5658 498476022 9 0
11804 498487826 35 0
6138 498493964 25 0
5645 498499609 20 0
5655 498505264 24 0
11805 498517069 30 0
6106 498523175 26 0
5638 498528813 18 0
5658 498534471 12 0
11813 498546284 28 0
6118 498552402 31 0
5635 498558037 25 0
5642 498563679 25 0
11818 498575497 25 0
6145 498581642 20 0
5650 498587292 22 0
5647 498592939 24 0
11806 498604745 24 0
6120 498610865 20 0
5658 498616523 8 0
5658 498622181 11 0
11788 498633969 37 0
6120 498640089 19 0
5653 498645742 19 0
5651 498651393 17 0
11805 498663198 31 0
6138 498669336 20 0
5616 498674952 20 0
5645 498680597 28 0
11831 498692428 21 0
6131 498698559 27 0
5651 498704210 13 0
5652 498709862 14 0
11793 498721655 53 0
6139 498727794 18 0
5616 498733410 18 0
10374 498743784 196 4
919598 499663382 15310 2703
6442 499669824 40 0
6716 499676540 47 2
17683 499694223 426 2
19134 499713357 410 33
6710 499720067 41 0
6393 499726460 19 0
9161 499735621 133 7
434253 434253 9624 328
5456227 5890480 92755 6857
16189193 22079673 36628 8601
13643766 35723439 14042 3586
18733149 54456588 20274 4979
19438458 73895046 18665 5111
18816308 92711354 23004 6883
19021839 111733193 17997 5082
19032669 130765862 18136 4920
19481980 150247842 20902 5258
19801605 170049447 18601 5281
19628339 189677786 18370 4857
19378625 209056411 18862 5197
19512130 228568541 20469 5163
18880565 247449106 18731 4937
18835788 266284894 23521 4754
18996161 285281055 18685 4907
19501283 304782338 19497 5228
19574256 324356594 18507 5104
19655103 344011697 18484 5273
19552339 363564036 17965 5197
19648765 383212801 19050 5109
19507791 402720592 18502 5207
19603836 422324428 18603 5331
19642372 441966800 18276 4852
19513073 461479873 19019 5276
19548269 481028142 18495 5273
12570118 493598260 29103 1210
3698704 497296964 7978 389
12248 497309212 365 8
5658 497314870 13 0
5652 497320522 22 0
6173 497326695 16 0
11790 497338485 31 0
5646 497344131 19 0
5646 497349777 13 0
6160 497355937 16 0
11790 497367727 36 0
5652 497373379 15 0
5658 497379037 16 0
6144 497385181 28 0
11796 497396977 25 0
5658 497402635 12 0
7035 497409670 96 0
6155 497415825 22 0
11779 497427604 42 0
5646 497433250 16 0
5658 497438908 11 0
6160 497445068 15 0
11783 497456851 35 0
5640 497462491 14 0
5627 497468118 24 0
6151 497474269 29 0
11762 497486031 45 0
5638 497491669 24 0
5640 497497309 17 0
6137 497503446 21 0
12314 497515760 102 0
6322 497522082 27 0
5637 497527719 18 0
6686 497534405 24 0
12996 497547401 36 0
6333 497553734 13 0
5649 497559383 12 0
6636 497566019 21 0
11765 497577784 29 0
5658 497583442 11 1
5658 497589100 11 0
6141 497595241 30 0
11820 497607061 44 0
5658 497612719 15 0
5661 497618380 21 0
6124 497624504 29 0
11784 497636288 30 0
5650 497641938 23 0
5658 497647596 10 0
6166 497653762 24 0
11772 497665534 30 0
5638 497671172 25 0
5657 497676829 26 0
6160 497682989 19 0
11809 497694798 19 0
5641 497700439 25 0
5658 497706097 10 0
6160 497712257 19 0
11796 497724053 23 0
5638 497729691 21 0
5652 497735343 14 0
6161 497741504 24 0
11789 497753293 43 0
5632 497758925 21 1
5643 497764568 22 0
6156 497770724 27 0
11782 497782506 39 0
7021 497789527 42 0
5657 497795184 18 0
6155 497801339 22 0
11796 497813135 25 0
5658 497818793 17 0
5656 497824449 20 0
6160 497830609 18 0
11790 497842399 36 0
5658 497848057 11 0
5658 497853715 12 0
6693 497860408 28 0
12997 497873405 34 0
6333 497879738 15 0
5643 497885381 18 0
6626 497892007 32 0
12213 497904220 33 0
6116 497910336 18 0
6110 497916446 21 0
6092 497922538 23 0
12251 497934789 32 0
6116 497940905 18 0
6116 497947021 16 0
6116 497953137 17 0
12213 497965350 35 0
6110 497971460 17 0
6115 497977575 19 0
6142 497983717 17 0
12232 497995949 26 0
6116 498002065 21 0
6116 498008181 22 0
12219 498020400 32 0
6086 498026486 22 0
6128 498032614 24 0
5658 498038272 12 0
11779 498050051 31 0
6132 498056183 19 0
5634 498061817 17 0
5658 498067475 13 0
11782 498079257 38 0
6145 498085402 16 0
5652 498091054 16 0
5658 498096712 11 0
11806 498108518 35 0
6126 498114644 21 0
5658 498120302 8 0
5652 498125954 16 0
11793 498137747 39 0
6132 498143879 21 0
5658 498149537 13 0
5640 498155177 18 0
11799 498166976 39 0
7528 498174504 33 0
5658 498180162 14 0
5646 498185808 15 0
11787 498197595 37 0
6138 498203733 20 0
5658 498209391 14 0
5658 498215049 15 0
23177 498238226 417 3
6138 498244364 23 0
5658 498250022 12 0
5644 498255666 17 0
11811 498267477 32 0
6132 498273609 24 0
5658 498279267 15 0
5658 498284925 14 0
11788 498296713 44 0
6138 498302851 20 0
5658 498308509 16 0
5658 498314167 18 0
11818 498325985 19 0
7039 498333024 79 14
5658 498338682 14 0
5658 498344340 12 0
11818 498356158 23 0
6137 498362295 19 0
5658 498367953 13 0
5658 498373611 25 8
11796 498385407 39 0
6120 498391527 23 0
5652 498397179 18 0
5662 498402841 23 0
11799 498414640 35 0
6151 498420791 20 0
5646 498426437 17 0
5658 498432095 13 0
11792 498443887 41 0
6131 498450018 28 0
5646 498455664 15 0
5658 498461322 15 0
11830 498473152 34 0
6131 498479283 27 0
5646 498484929 19 0
5652 498490581 17 0
11812 498502393 27 0
6139 498508532 21 0
5649 498514181 23 0
5657 498519838 19 0
11824 498531662 39 0
6113 498537775 26 0
5652 498543427 15 0
5652 498549079 20 0
13195 498562274 48 0
6133 498568407 21 0
5652 498574059 13 0
5657 498579716 17 0
11793 498591509 38 0
6132 498597641 17 0
5658 498603299 14 0
5658 498608957 11 0
11831 498620788 24 0
6138 498626926 15 0
5652 498632578 18 0
5658 498638236 15 0
11798 498650034 37 0
6151 498656185 17 0
5658 498661843 11 0
5658 498667501 13 0
11818 498679319 24 0
6138 498685457 15 0
5628 498691085 17 0
5658 498696743 13 0
11818 498708561 26 0
6138 498714699 12 0
5658 498720357 13 0
5658 498726015 16 0
11779 498737794 39 0
6138 498743932 16 0
5657 498749589 16 0
5658 498755247 11 0
11808 498767055 36 0
6131 498773186 17 0
5658 498778844 12 0
5658 498784502 14 0
11817 498796319 40 0
6133 498802452 21 0
5658 498808110 9 0
5658 498813768 14 0
11818 498825586 31 0
6137 498831723 20 0
5615 498837338 23 0
5652 498842990 18 0
11830 498854820 28 0
6132 498860952 25 0
5658 498866610 15 0
5658 498872268 14 0
11811 498884079 30 0
6145 498890224 19 0
5652 498895876 14 0
5658 498901534 14 0
11811 498913345 27 0
6138 498919483 20 0
5658 498925141 15 0
7035 498932176 28 0
11782 498943958 40 0
6138 498950096 16 0
5640 498955736 22 0
5646 498961382 17 0
11800 498973182 30 0
6138 498979320 17 0
5640 498984960 15 0
5652 498990612 16 0
11819 499002431 34 0
6132 499008563 26 0
5658 499014221 12 0
5658 499019879 12 0
11818 499031697 23 0
6151 499037848 17 0
5658 499043506 9 0
5658 499049164 11 0
11818 499060982 25 0
6138 499067120 17 0
5658 499072778 10 0
5646 499078424 17 0
11798 499090222 29 0
6138 499096360 18 0
5658 499102018 12 0
5658 499107676 10 0
11806 499119482 33 0
6177 499125659 18 0
5658 499131317 14 0
5658 499136975 17 0
11802 499148777 46 0
6138 499154915 20 0
5658 499160573 15 0
5658 499166231 14 0
11804 499178035 41 0
6138 499184173 16 0
5646 499189819 17 0
5658 499195477 14 0
11792 499207269 40 0
6138 499213407 20 0
5658 499219065 14 0
5652 499224717 24 0
11819 499236536 29 0
6145 499242681 20 0
5658 499248339 15 0
5658 499253997 14 0
11798 499265795 34 0
6151 499271946 20 0
5646 499277592 15 0
5658 499283250 12 0
11811 499295061 27 0
6126 499301187 19 0
7035 499308222 31 0
5652 499313874 16 0
11806 499325680 35 0
6138 499331818 19 0
5644 499337462 22 0
5657 499343119 15 0
11818 499354937 24 0
6151 499361088 18 0
5658 499366746 11 0
5658 499372404 13 0
11818 499384222 23 0
6138 499390360 16 0
5627 499395987 19 0
5652 499401639 14 0
11803 499413442 49 0
6138 499419580 20 0
5646 499425226 21 0
5658 499430884 15 0
11812 499442696 26 0
6090 499448786 25 0
5658 499454444 14 0
5658 499460102 12 0
11825 499471927 23 0
6138 499478065 17 0
5634 499483699 18 0
5657 499489356 19 0
11803 499501159 41 0
6164 499507323 21 0
5658 499512981 15 0
5658 499518639 13 0
11818 499530457 30 0
6138 499536595 17 0
5658 499542253 12 0
5658 499547911 18 0
11775 499559686 39 0
6125 499565811 25 0
5658 499571469 11 0
5658 499577127 13 0
11818 499588945 27 0
6151 499595096 18 0
5658 499600754 12 0
8996 499609750 166 3
914929 500524679 16528 2765
6395 500531074 49 1
7720 500538794 261 18
6678 500545472 32 0
31617 500577089 709 67
6721 500583810 45 0
6663 500590473 25 0
7519 500597992 130 6
1671040 1671040 39621 962
6521742 8192782 84127 11062
19289313 27482095 20014 5105
19162389 46644484 21372 5091
18919227 65563711 21534 5105
19522835 85086546 18673 5127
19398884 104485430 18522 5172
18415915 122901345 24575 6739
19105982 142007327 19870 4950
19547638 161554965 18806 5111
19253984 180808949 20908 5141
19528330 200337279 18979 4894
19587396 219924675 19751 5286
19411372 239336047 20417 5108
18804704 258140751 23570 5062
19016197 277156948 18913 4665
19142401 296299349 19713 5144
19362428 315661777 19134 5041
19602034 335263811 19429 5161
19548744 354812555 19491 5273
19488141 374300696 20097 5273
19721652 394022348 19113 5081
19603770 413626118 18868 5258
19584971 433211089 19056 4938
19526869 452737958 20118 5260
19587793 472325751 19225 5287
17442818 489768569 31795 3265
6580539 496349108 12286 413
11738 496360846 394 3
6138 496366984 24 0
5651 496372635 19 0
5658 496378293 14 0
11822 496390115 36 0
6151 496396266 18 0
5658 496401924 10 0
5640 496407564 17 0
11805 496419369 35 0
6138 496425507 16 0
5646 496431153 14 0
5658 496436811 11 0
11832 496448643 26 0
6138 496454781 16 0
5658 496460439 11 0
11812 496472251 21 0
5658 496477909 13 0
6138 496484047 17 0
5658 496489705 12 0
11801 496501506 32 0
5658 496507164 11 0
6138 496513302 14 0
6998 496520300 100 25
11817 496532117 32 0
5656 496537773 12 1
14769 496552542 292 69
5652 496558194 31 0
11805 496569999 36 0
5651 496575650 22 0
6138 496581788 17 0
5658 496587446 13 0
11831 496599277 36 0
5658 496604935 13 0
6138 496611073 17 0
5658 496616731 10 0
11817 496628548 29 0
5658 496634206 10 0
6151 496640357 16 0
5658 496646015 14 0
11800 496657815 42 0
5658 496663473 15 0
6120 496669593 18 0
5652 496675245 12 0
12713 496687958 143 23
5658 496693616 12 1
6096 496699712 25 0
5633 496705345 21 0
11806 496717151 27 0
5658 496722809 14 0
6138 496728947 14 0
5658 496734605 13 0
11824 496746429 24 0
5658 496752087 13 0
6138 496758225 19 0
5658 496763883 12 0
11812 496775695 29 0
5658 496781353 11 0
6151 496787504 13 0
5633 496793137 21 0
11804 496804941 38 0
5633 496810574 19 0
6132 496816706 20 0
5652 496822358 13 0
11824 496834182 34 0
5652 496839834 14 0
6137 496845971 24 0
5658 496851629 10 0
11816 496863445 33 0
5652 496869097 19 1
6158 496875255 22 0
5658 496880913 14 1
11810 496892723 32 0
6374 496899097 61 0
8273 496907370 82 4
6473 496913843 32 0
13103 496926946 47 0
6302 496933248 15 0
6600 496939848 15 0
6578 496946426 14 0
13156 496959582 32 0
6578 496966160 18 0
6578 496972738 17 0
6591 496979329 16 0
13150 496992479 32 0
6536 496999015 23 0
6554 497005569 22 0
6578 497012147 18 0
13156 497025303 27 0
6591 497031894 19 0
6578 497038472 17 0
6560 497045032 20 0
13150 497058182 35 0
6578 497064760 17 0
6578 497071338 16 0
6572 497077910 17 0
13138 497091048 46 0
6314 497097362 33 0
6600 497103962 18 0
6578 497110540 20 0
12885 497123425 38 0
6309 497129734 17 0
6613 497136347 18 0
6303 497142650 14 0
12907 497155557 32 0
6309 497161866 12 0
6588 497168454 19 0
6309 497174763 13 0
12944 497187707 28 0
6309 497194016 11 0
6600 497200616 16 0
6309 497206925 10 0
12917 497219842 35 0
6309 497226151 13 0
6600 497232751 22 0
6309 497239060 14 0
12957 497252017 24 0
6309 497258326 12 0
6600 497264926 17 0
6297 497271223 16 0
12909 497284132 42 0
6301 497290433 21 0
6613 497297046 15 0
6309 497303355 17 0
12907 497316262 35 0
7686 497323948 26 0
6600 497330548 24 0
6309 497336857 11 0
22006 497358863 287 27
6279 497365142 44 0
6588 497371730 26 0
6309 497378039 12 0
12931 497390970 24 0
6309 497397279 9 0
6613 497403892 21 0
6309 497410201 14 0
12931 497423132 24 0
6303 497429435 15 0
6600 497436035 17 0
6309 497442344 13 0
12938 497455282 26 0
6309 497461591 13 0
6600 497468191 16 0
6309 497474500 11 0
12919 497487419 25 0
6303 497493722 16 0
6588 497500310 19 0
6294 497506604 22 0
12944 497519548 27 0
6309 497525857 13 0
6594 497532451 23 0
6309 497538760 12 0
12931 497551691 24 0
6297 497557988 14 0
6607 497564595 17 0
6273 497570868 22 0
12919 497583787 37 0
6303 497590090 15 0
6581 497596671 21 0
6303 497602974 17 0
12950 497615924 29 0
6309 497622233 17 0
6582 497628815 20 0
6303 497635118 13 0
12887 497648005 40 0
6309 497654314 14 0
6626 497660940 23 0
6309 497667249 11 0
12917 497680166 39 0
6309 497686475 14 0
6601 497693076 17 0
6302 497699378 21 0
12944 497712322 32 0
6309 497718631 12 0
6600 497725231 17 0
6278 497731509 16 0
14288 497745797 52 0
6309 497752106 15 0
6600 497758706 17 0
6297 497765003 15 0
12926 497777929 31 0
6309 497784238 15 0
6600 497790838 25 0
6309 497797147 12 0
12912 497810059 35 0
6309 497816368 14 0
6601 497822969 20 0
6303 497829272 14 0
12930 497842202 26 0
6309 497848511 15 0
6600 497855111 17 0
6309 497861420 15 0
12942 497874362 31 0
6309 497880671 13 0
6600 497887271 19 0
6267 497893538 23 0
12931 497906469 31 0
6309 497912778 11 0
6613 497919391 19 0
6309 497925700 12 0
12896 497938596 49 0
6309 497944905 13 0
6600 497951505 17 0
6278 497957783 20 0
12914 497970697 31 0
6309 497977006 18 0
6600 497983606 20 0
6309 497989915 15 0
12895 498002810 30 0
6302 498009112 15 0
6600 498015712 20 0
6303 498022015 15 0
12931 498034946 39 0
6309 498041255 14 0
6589 498047844 23 0
6309 498054153 12 0
12911 498067064 31 0
6309 498073373 20 0
6620 498079993 17 0
6297 498086290 18 0
12916 498099206 35 0
6309 498105515 11 0
6600 498112115 15 0
6302 498118417 25 0
12925 498131342 29 0
6309 498137651 16 0
6594 498144245 17 0
6309 498150554 13 0
14276 498164830 47 0
6309 498171139 13 0
6607 498177746 17 0
6303 498184049 16 0
12925 498196974 31 0
6309 498203283 11 0
6600 498209883 16 0
6309 498216192 13 0
12943 498229135 25 0
6309 498235444 13 0
6582 498242026 20 0
6303 498248329 19 0
12924 498261253 34 0
6309 498267562 11 0
6600 498274162 19 0
6309 498280471 11 0
12926 498293397 40 0
6303 498299700 23 0
6600 498306300 18 0
6309 498312609 13 0
12925 498325534 28 0
6309 498331843 11 0
6613 498338456 19 0
6291 498344747 19 0
12912 498357659 36 0
6303 498363962 19 0
6600 498370562 18 0
6283 498376845 28 0
12936 498389781 38 0
6309 498396090 13 0
6594 498402684 23 0
6309 498408993 14 0
12901 498421894 33 0
6309 498428203 16 0
6595 498434798 20 0
6303 498441101 12 0
12930 498454031 32 0
6309 498460340 11 0
6600 498466940 16 0
6266 498473206 22 0
12956 498486162 24 0
6309 498492471 11 0
6607 498499078 18 0
6291 498505369 16 0
12907 498518276 29 0
6309 498524585 17 0
6585 498531170 25 0
6267 498537437 19 0
12914 498550351 27 0
6309 498556660 17 0
6600 498563260 19 0
13971 498577231 42 0
6628 498583859 20 0
6309 498590168 15 0
6613 498596781 16 0
12618 498609399 22 0
6622 498616021 16 0
6309 498622330 10 0
6600 498628930 20 0
12618 498641548 23 0
6593 498648141 24 0
6309 498654450 14 0
6600 498661050 21 0
12618 498673668 22 0
6621 498680289 20 0
6309 498686598 11 0
6613 498693211 16 0
12569 498705780 42 0
6610 498712390 18 0
6309 498718699 13 0
6600 498725299 15 0
12618 498737917 20 0
6629 498744546 19 0
6309 498750855 10 0
6600 498757455 18 0
12618 498770073 21 0
6622 498776695 17 0
6309 498783004 13 0
6600 498789604 16 0
12618 498802222 22 0
6635 498808857 22 0
6309 498815166 14 0
122438 498937604 4366 1311
818085 499755689 11416 1576
6578 499762267 63 0
11848 499774115 348 37
6669 499780784 49 1
13959 499794743 46 0
7988 499802731 144 11
6627 499809358 41 0
6636 499815994 26 0
