5,1.0,392992042.37999994,3889417319.267523
4,392992043.37999994,418021543.36999995,2021348296.0527227
7,418021544.36999995,465531941.11999995,1078954198.302667
9,465531942.11999995,470253588.2099999,710127551.439987
7,470253589.2099999,475151628.1599999,1078954198.302667
9,475151629.1599999,479552176.2199999,710127551.439987
0,479552177.2199999,527247030.3599999,239763616.18792993
4,527247031.3599999,541704338.5099999,2021348296.0527227
1,541704339.5099999,1223334308.7099998,4437195218.808543
8,1223334309.7099998,1266451781.1499999,3021399624.513291
4,1266451782.1499999,1355667290.77,2021348296.0527227
6,1355667291.77,2005829986.6100004,4889939584.3099985
2,2005829987.6100004,2073225710.4200006,3036024722.4208217
4,2073225711.4200006,2083812145.2800004,2021348296.0527227
9,2083812146.2800004,2091347759.5100005,710127551.439987
0,2091347760.5100005,2093927658.724546,239763616.18792993
