3260697 3260697 64347 1397
9932384 13193081 65475 8663
19441026 32634107 19040 4623
18534718 51168825 22957 4679
19325306 70494131 18019 4259
19494723 89988854 18054 4023
19505143 109493997 17735 4772
18375450 127869447 24249 5984
19332624 147202071 18284 4494
19529820 166731891 19177 4655
19374328 186106219 20105 3874
19401885 205508104 19571 4875
19636989 225145093 18193 4767
19433342 244578435 19351 4297
18953694 263532129 23545 4673
18814210 282346339 19627 4053
19140380 301486719 19148 4407
19432493 320919212 18477 4841
19673055 340592267 19279 4694
19619171 360211438 19288 4868
19644941 379856379 18796 4565
19673185 399529564 18689 4618
19620466 419150030 19001 4708
19658506 438808536 19472 4246
19599268 458407804 18895 4984
19623997 478031801 18942 5191
13971136 492002937 29939 1508
4372720 496375657 9388 150
5656 496381313 23 0
6132 496387445 26 0
5658 496393103 11 0
11816 496404919 46 0
5657 496410576 18 0
6138 496416714 19 0
5650 496422364 21 0
11812 496434176 33 0
5658 496439834 13 0
6125 496445959 24 0
5658 496451617 13 0
11811 496463428 40 0
5651 496469079 21 0
6151 496475230 19 0
5656 496480886 20 0
11812 496492698 35 0
5657 496498355 24 0
6132 496504487 22 0
5652 496510139 22 0
11812 496521951 38 0
5658 496527609 11 0
6138 496533747 18 0
5658 496539405 14 0
11786 496551191 39 0
5652 496556843 14 0
6128 496562971 22 0
5657 496568628 22 0
13182 496581810 118 1
5658 496587468 13 0
6138 496593606 24 0
5658 496599264 13 0
11783 496611047 37 0
5658 496616705 14 0
6138 496622843 17 0
5658 496628501 11 0
11812 496640313 29 0
5651 496645964 21 0
6132 496652096 30 0
5639 496657735 18 0
11849 496669584 53 0
5658 496675242 14 0
6107 496681349 20 0
5640 496686989 16 0
11810 496698799 42 0
5652 496704451 22 0
6151 496710602 20 0
5646 496716248 16 0
11800 496728048 41 0
5657 496733705 22 0
6097 496739802 26 0
5634 496745436 19 0
11815 496757251 41 0
5646 496762897 18 0
6138 496769035 20 0
5655 496774690 18 0
11818 496786508 31 0
5651 496792159 14 0
6145 496798304 21 0
5658 496803962 13 0
11803 496815765 35 0
5652 496821417 15 0
6132 496827549 17 0
5640 496833189 14 0
11831 496845020 29 0
5634 496850654 14 0
6132 496856786 16 0
5658 496862444 14 0
11817 496874261 40 0
5658 496879919 14 0
6138 496886057 18 0
5658 496891715 12 0
12352 496904067 73 0
6333 496910400 32 0
6664 496917064 25 0
6321 496923385 23 0
12260 496935645 37 0
6105 496941750 28 0
6115 496947865 23 0
6115 496953980 19 0
13171 496967151 46 0
6116 496973267 25 0
6103 496979370 24 0
6110 496985480 18 0
21438 497006918 357 6
6116 497013034 30 0
6104 497019138 24 0
6122 497025260 23 0
12232 497037492 29 0
6116 497043608 18 0
6117 497049725 21 0
6107 497055832 22 0
12232 497068064 36 0
5658 497073722 11 0
6144 497079866 19 0
6109 497085975 20 0
11800 497097775 33 0
5651 497103426 15 0
6102 497109528 23 0
5634 497115162 16 0
11793 497126955 37 0
5658 497132613 14 0
6126 497138739 21 0
5652 497144391 16 0
12853 497157244 129 14
5658 497162902 12 0
6138 497169040 16 0
5658 497174698 10 0
11808 497186506 32 0
5658 497192164 12 0
6150 497198314 22 0
5658 497203972 16 0
11818 497215790 22 0
5658 497221448 10 0
6131 497227579 19 0
6110 497233689 17 0
11784 497245473 33 0
5658 497251131 12 0
6113 497257244 26 0
6111 497263355 28 0
11789 497275144 34 0
5657 497280801 15 0
6120 497286921 21 0
5658 497292579 16 0
11799 497304378 39 0
5652 497310030 18 0
6139 497316169 14 0
5646 497321815 13 0
11813 497333628 31 0
5658 497339286 12 0
6102 497345388 20 0
7011 497352399 38 0
11805 497364204 35 0
5645 497369849 18 0
6138 497375987 15 0
5622 497381609 17 0
11804 497393413 34 0
5658 497399071 17 0
6138 497405209 15 0
5616 497410825 18 0
11782 497422607 36 0
5646 497428253 14 0
6150 497434403 20 0
5631 497440034 20 0
11800 497451834 31 0
5652 497457486 14 0
6138 497463624 27 0
5634 497469258 20 0
11799 497481057 37 0
5652 497486709 14 0
6138 497492847 14 0
5634 497498481 20 0
11812 497510293 23 0
5658 497515951 16 0
6150 497522101 20 0
5658 497527759 7 0
11798 497539557 25 0
5652 497545209 14 0
6138 497551347 16 0
5639 497556986 17 0
11830 497568816 19 0
5640 497574456 12 0
6102 497580558 21 0
5658 497586216 9 0
11818 497598034 20 0
5658 497603692 11 0
6138 497609830 17 0
5658 497615488 8 0
11818 497627306 28 0
5658 497632964 8 0
6095 497639059 24 0
5657 497644716 16 0
11818 497656534 22 0
5657 497662191 14 0
6139 497668330 20 0
5652 497673982 17 0
11769 497685751 30 0
5645 497691396 18 0
6132 497697528 16 0
11291 497708819 27 0
6136 497714955 22 0
5658 497720613 16 0
7509 497728122 41 0
11279 497739401 34 0
6159 497745560 19 0
5652 497751212 14 0
6150 497757362 29 0
11291 497768653 32 0
6112 497774765 25 0
5652 497780417 16 0
6125 497786542 18 0
11286 497797828 25 0
6186 497804014 19 0
5658 497809672 12 0
6090 497815762 21 0
11309 497827071 29 0
6142 497833213 21 0
5658 497838871 11 0
6096 497844967 22 0
11285 497856252 30 0
6166 497862418 16 0
5658 497868076 11 0
6132 497874208 18 0
11298 497885506 24 0
6148 497891654 17 0
5646 497897300 17 0
6115 497903415 20 0
11279 497914694 28 0
6154 497920848 19 0
5658 497926506 12 0
6132 497932638 21 0
11316 497943954 14 0
6167 497950121 16 0
5658 497955779 12 0
6126 497961905 21 0
11316 497973221 13 0
6160 497979381 24 0
5658 497985039 10 0
6151 497991190 15 0
11315 498002505 25 0
6137 498008642 25 0
5658 498014300 15 0
6102 498020402 21 0
11303 498031705 34 0
6166 498037871 17 0
5657 498043528 16 0
6144 498049672 21 0
11297 498060969 30 0
6154 498067123 26 0
5658 498072781 11 0
6126 498078907 22 0
11298 498090205 23 0
6164 498096369 21 0
7035 498103404 28 0
6131 498109535 22 0
11274 498120809 30 0
6117 498126926 23 0
5658 498132584 15 0
6103 498138687 24 0
11316 498150003 17 0
6160 498156163 18 0
5658 498161821 12 0
6138 498167959 18 0
11262 498179221 22 0
6179 498185400 20 0
5658 498191058 12 0
6120 498197178 18 0
11304 498208482 17 0
6148 498214630 17 0
5646 498220276 18 0
6145 498226421 15 0
11304 498237725 33 0
6136 498243861 16 0
5658 498249519 8 0
6138 498255657 16 0
11310 498266967 26 0
6148 498273115 22 0
5658 498278773 12 0
6126 498284899 18 0
11290 498296189 23 0
6154 498302343 24 0
5658 498308001 17 0
6120 498314121 18 0
11298 498325419 28 0
6125 498331544 22 0
5658 498337202 10 0
6132 498343334 17 0
11315 498354649 26 0
6136 498360785 19 0
5658 498366443 14 0
6103 498372546 24 0
11316 498383862 13 0
6160 498390022 15 0
5658 498395680 9 0
6126 498401806 19 0
11310 498413116 16 0
6173 498419289 15 0
5658 498424947 10 0
6138 498431085 15 0
11301 498442386 25 0
6154 498448540 15 0
5640 498454180 16 0
6126 498460306 19 0
11300 498471606 31 0
7531 498479137 30 0
5652 498484789 15 0
6108 498490897 20 0
11316 498502213 16 0
6173 498508386 19 0
5646 498514032 17 0
6132 498520164 17 0
11315 498531479 26 0
6130 498537609 19 0
5658 498543267 12 0
6125 498549392 24 0
11309 498560701 21 0
6162 498566863 26 0
5645 498572508 16 0
6108 498578616 19 0
11285 498589901 25 0
6146 498596047 23 0
5658 498601705 12 0
6133 498607838 22 0
11296 498619134 36 0
6160 498625294 16 0
5646 498630940 18 0
9477 498640417 170 5
911376 499551793 15295 1452
6738 499558531 56 0
6662 499565193 29 0
12003 499577196 370 16
13391 499590587 72 0
6393 499596980 16 0
8279 499605259 143 6
6615 499611874 26 0
2506034 2506034 51800 1265
9334571 11840605 76065 9010
19328625 31169230 18637 4678
19151782 50321012 20312 4514
19293549 69614561 20768 4375
19589606 89204167 19592 4081
19444421 108648588 18602 4629
18726880 127375468 24680 6022
19077032 146452500 19305 4595
19710817 166163317 20095 4444
19275358 185438675 21212 3974
19583770 205022445 19314 4793
19560384 224582829 19826 4762
19448544 244031373 21136 4245
18778480 262809853 24316 4603
19388817 282198670 18586 4285
18799159 300997829 18920 4344
19505828 320503657 19002 4755
19673339 340176996 19270 4772
19644165 359821161 18801 5009
19654161 379475322 18842 4630
19648342 399123664 19336 4745
19714045 418837709 18752 4691
19614988 438452697 18961 4516
19574347 458027044 18572 5016
19581333 477608377 19423 5183
14114753 491723130 29644 1534
4541444 496264574 9299 217
6131 496270705 340 4
11786 496282491 54 0
5649 496288140 27 0
5651 496293791 23 0
6160 496299951 19 0
11770 496311721 36 0
5652 496317373 16 0
5658 496323031 9 0
6160 496329191 19 0
11784 496340975 36 0
5632 496346607 20 0
5652 496352259 20 0
6149 496358408 19 0
11773 496370181 44 0
5631 496375812 25 0
5649 496381461 23 0
6148 496387609 19 0
12702 496400311 119 6
5652 496405963 18 0
5640 496411603 22 0
6142 496417745 25 0
11765 496429510 30 0
5658 496435168 11 0
5623 496440791 20 0
6167 496446958 17 0
11757 496458715 39 0
5633 496464348 15 0
5658 496470006 12 0
6160 496476166 15 0
11784 496487950 28 0
5634 496493584 14 0
5652 496499236 13 0
6173 496505409 20 0
11770 496517179 34 0
5621 496522800 20 0
5645 496528445 22 0
6142 496534587 23 0
11798 496546385 47 0
5649 496552034 30 0
5646 496557680 13 0
6118 496563798 25 0
11760 496575558 36 0
5638 496581196 24 0
5646 496586842 13 0
7532 496594374 103 0
11777 496606151 33 0
5633 496611784 19 0
5651 496617435 21 0
6148 496623583 21 0
11789 496635372 33 0
5658 496641030 12 0
5658 496646688 9 0
6148 496652836 20 0
11784 496664620 29 0
5634 496670254 23 0
5658 496675912 11 0
6130 496682042 25 0
11796 496693838 33 0
5655 496699493 22 0
5655 496705148 32 0
6117 496711265 26 0
11766 496723031 37 0
5621 496728652 16 0
5658 496734310 13 0
6173 496740483 20 0
11777 496752260 35 0
5646 496757906 12 0
5658 496763564 9 0
6136 496769700 22 0
11804 496781504 28 0
5615 496787119 20 0
5658 496792777 9 0
6669 496799446 63 0
12979 496812425 49 0
6333 496818758 18 0
5630 496824388 20 0
6635 496831023 29 0
12224 496843247 39 0
6104 496849351 24 0
6097 496855448 27 0
6091 496861539 33 0
12238 496873777 30 0
6115 496879892 27 0
6068 496885960 28 0
6110 496892070 19 0
12216 496904286 48 0
6080 496910366 26 0
6103 496916469 25 0
6129 496922598 20 0
12200 496934798 38 0
6078 496940876 28 0
6098 496946974 27 0
6103 496953077 25 0
11789 496964866 32 0
15260 496980126 329 6
7014 496987140 72 0
6126 496993266 21 0
11776 497005042 44 0
5621 497010663 19 0
5657 497016320 22 0
6159 497022479 25 0
11791 497034270 32 0
5632 497039902 21 0
5645 497045547 20 0
6160 497051707 19 0
11796 497063503 22 0
5662 497069165 19 0
5652 497074817 14 0
6146 497080963 29 0
11777 497092740 32 0
5658 497098398 11 0
5652 497104050 12 0
6112 497110162 22 0
11808 497121970 35 0
5658 497127628 11 0
5646 497133274 13 0
11792 497145066 48 0
6112 497151178 26 0
5658 497156836 12 0
5658 497162494 11 0
11796 497174290 31 0
6106 497180396 28 0
5652 497186048 17 0
5647 497191695 24 0
11787 497203482 32 0
6138 497209620 16 0
5640 497215260 25 0
5651 497220911 21 0
11812 497232723 40 0
6138 497238861 18 0
5610 497244471 19 0
5640 497250111 18 0
11806 497261917 34 0
6067 497267984 17 0
5656 497273640 29 0
5652 497279292 15 0
11816 497291108 39 0
6130 497297238 34 0
5634 497302872 15 0
5638 497308510 23 0
11813 497320323 37 0
6143 497326466 28 0
5640 497332106 14 0
5632 497337738 22 0
11794 497349532 37 0
6151 497355683 20 0
6998 497362681 33 0
5658 497368339 11 0
11818 497380157 21 0
6138 497386295 20 0
5644 497391939 26 0
5658 497397597 8 0
11828 497409425 41 0
6138 497415563 18 0
5658 497421221 13 0
5658 497426879 11 0
11807 497438686 30 0
6122 497444808 29 0
5643 497450451 21 0
5640 497456091 17 0
11797 497467888 42 0
6137 497474025 19 0
5645 497479670 20 0
5628 497485298 19 0
11805 497497103 34 0
6151 497503254 17 0
5643 497508897 25 0
5658 497514555 12 0
11787 497526342 45 0
6102 497532444 26 0
5658 497538102 8 0
5650 497543752 23 0
11823 497555575 34 0
6138 497561713 14 0
5658 497567371 11 0
5657 497573028 19 0
11797 497584825 43 0
6151 497590976 15 0
5652 497596628 13 0
5652 497602280 15 0
11786 497614066 31 0
6138 497620204 14 0
5626 497625830 20 0
5652 497631482 12 0
11787 497643269 38 0
6138 497649407 16 0
5642 497655049 26 0
5658 497660707 11 0
11770 497672477 34 0
6138 497678615 20 0
5616 497684231 22 0
5658 497689889 14 0
11767 497701656 47 0
6138 497707794 18 0
6121 497713915 23 0
5642 497719557 28 0
11764 497731321 33 1
15721 497747042 262 78
5658 497752700 22 0
5649 497758349 30 0
11770 497770119 35 0
6123 497776242 29 0
5658 497781900 13 0
5661 497787561 27 0
11776 497799337 44 0
6132 497805469 21 0
5645 497811114 17 0
5658 497816772 13 0
11781 497828553 33 0
6151 497834704 18 0
5645 497840349 22 0
5646 497845995 20 0
11800 497857795 34 0
6138 497863933 17 0
5646 497869579 17 0
5652 497875231 13 0
11799 497887030 43 0
6120 497893150 24 0
5652 497898802 18 0
5658 497904460 11 0
11784 497916244 39 0
6138 497922382 17 0
5658 497928040 11 0
5643 497933683 25 0
11806 497945489 36 0
6138 497951627 14 0
5638 497957265 22 0
5652 497962917 14 0
11793 497974710 33 0
6151 497980861 17 0
5640 497986501 15 0
5652 497992153 17 0
11788 498003941 47 0
6138 498010079 17 0
5626 498015705 19 0
5656 498021361 31 0
11796 498033157 36 0
6138 498039295 15 0
5615 498044910 18 0
5644 498050554 20 0
11811 498062365 32 0
6158 498068523 19 0
5645 498074168 23 0
5658 498079826 12 0
11793 498091619 35 0
6159 498097778 32 0
5628 498103406 20 0
5658 498109064 13 0
13181 498122245 52 0
6123 498128368 24 0
5658 498134026 9 0
5658 498139684 9 0
11769 498151453 38 0
6138 498157591 16 0
5615 498163206 17 0
5645 498168851 22 0
11830 498180681 36 0
6138 498186819 18 0
5633 498192452 28 0
5658 498198110 12 0
11781 498209891 34 0
6151 498216042 14 0
5626 498221668 23 0
5658 498227326 14 0
11805 498239131 33 0
6138 498245269 18 0
5645 498250914 20 0
5652 498256566 16 0
11782 498268348 42 0
6132 498274480 18 0
5658 498280138 9 0
5640 498285778 15 0
11760 498297538 41 0
6190 498303728 15 0
5628 498309356 18 0
5657 498315013 18 0
11797 498326810 42 0
6138 498332948 14 0
5640 498338588 18 0
5651 498344239 20 0
11824 498356063 30 0
6138 498362201 15 0
5660 498367861 31 0
5651 498373512 20 0
11811 498385323 27 0
6138 498391461 14 0
5639 498397100 19 0
5658 498402758 11 0
11833 498414591 42 0
6108 498420699 24 0
5631 498426330 25 0
5658 498431988 12 0
11806 498443794 27 0
6151 498449945 16 0
5654 498455599 27 0
5646 498461245 17 0
11734 498472979 36 0
6125 498479104 23 0
5658 498484762 10 0
5658 498490420 8 0
13161 498503581 58 0
6138 498509719 15 0
5652 498515371 14 0
5645 498521016 24 0
11818 498532834 22 0
6149 498538983 29 0
896318 499435301 15315 1393
6428 499441729 47 0
19323 499461052 410 24
6901 499467953 40 0
6717 499474670 28 0
6667 499481337 35 0
14859 499496196 145 8
5647 499501843 30 0
1042208 1042208 22511 481
5992844 7035052 87942 7655
17744046 24779098 31368 5717
18849801 43628899 20525 4248
19492648 63121547 17993 4444
19397548 82519095 21900 4051
19459385 101978480 19126 4859
19497729 121476209 18663 4888
18695723 140171932 24591 5950
19320908 159492840 19609 4409
19619617 179112457 19642 4890
19097445 198209902 21000 3880
19678945 217888847 18863 5030
19513479 237402326 19113 4328
18944397 256346723 24768 4414
19300523 275647246 18944 4372
19077015 294724261 18956 4963
19042108 313766369 19711 4429
19499767 333266136 19311 4454
19618772 352884908 19303 5029
19569407 372454315 19150 4846
19677467 392131782 20027 4433
19643811 411775593 19263 5117
19609316 431384909 19307 4172
19579405 450964314 18970 4953
19608174 470572488 19930 5187
17373896 487946384 26985 3432
8342900 496289284 18756 245
6132 496295416 378 0
11752 496307168 56 0
6152 496313320 19 0
5639 496318959 19 0
5658 496324617 8 0
11791 496336408 40 0
6120 496342528 21 0
5643 496348171 23 0
5652 496353823 15 0
11791 496365614 47 0
6123 496371737 28 0
5648 496377385 25 0
6999 496384384 106 22
11787 496396171 39 0
6151 496402322 14 0
5655 496407977 24 0
5658 496413635 7 0
11817 496425452 34 0
6114 496431566 21 0
5644 496437210 17 0
5658 496442868 13 0
11794 496454662 42 0
6138 496460800 17 0
5638 496466438 26 0
5658 496472096 12 0
11802 496483898 29 0
6132 496490030 19 0
5651 496495681 15 0
5658 496501339 12 0
11825 496513164 45 0
6138 496519302 16 0
5650 496524952 27 0
5633 496530585 19 0
11817 496542402 30 0
6151 496548553 16 0
5644 496554197 22 0
5652 496559849 12 0
11764 496571613 38 0
6138 496577751 17 0
5639 496583390 18 0
5638 496589028 24 0
11776 496600804 39 0
6138 496606942 13 0
5651 496612593 24 0
5652 496618245 13 0
11812 496630057 33 0
6151 496636208 15 0
5661 496641869 30 0
5657 496647526 31 0
11812 496659338 25 0
6132 496665470 18 0
5661 496671131 23 0
5660 496676791 30 0
11844 496688635 22 0
6114 496694749 25 0
5659 496700408 20 0
5664 496706072 24 0
11751 496717823 38 0
6125 496723948 23 0
5658 496729606 13 0
5636 496735242 21 0
11806 496747048 33 0
6133 496753181 18 0
7029 496760210 36 0
5645 496765855 18 0
11806 496777661 35 0
6151 496783812 17 0
5663 496789475 22 0
5658 496795133 9 0
11782 496806915 38 0
6654 496813569 65 0
6374 496819943 25 0
6333 496826276 23 0
13014 496839290 40 0
6559 496845849 27 0
6116 496851965 17 0
5646 496857611 17 0
12241 496869852 33 0
6129 496875981 15 0
6079 496882060 24 0
6103 496888163 22 0
12226 496900389 28 0
6096 496906485 29 0
6116 496912601 16 0
6116 496918717 16 0
12247 496930964 46 0
6080 496937044 22 0
6074 496943118 22 0
6116 496949234 16 0
12169 496961403 39 0
6116 496967519 14 0
6123 496973642 19 0
5645 496979287 20 0
12254 496991541 26 0
6097 496997638 22 0
6083 497003721 26 0
5639 497009360 16 0
11795 497021155 32 0
6151 497027306 15 0
5650 497032956 24 0
5652 497038608 17 0
11800 497050408 23 0
6131 497056539 19 0
5627 497062166 17 0
5646 497067812 11 0
11842 497079654 44 0
6138 497085792 15 0
5632 497091424 23 0
5652 497097076 15 0
11796 497108872 38 0
6113 497114985 24 0
5621 497120606 22 0
5657 497126263 23 0
11825 497138088 45 0
7515 497145603 33 0
5632 497151235 18 0
5658 497156893 9 0
20866 497177759 371 7
6130 497183889 32 0
5637 497189526 21 0
5645 497195171 26 0
11812 497206983 28 0
6142 497213125 25 0
5634 497218759 19 0
5658 497224417 11 0
11824 497236241 31 0
6126 497242367 25 0
5658 497248025 8 0
5652 497253677 13 0
11793 497265470 34 0
6151 497271621 16 0
5635 497277256 16 0
5658 497282914 11 0
11805 497294719 27 0
6102 497300821 20 0
5658 497306479 13 0
5642 497312121 25 0
11843 497323964 46 0
6122 497330086 25 0
5640 497335726 16 0
5638 497341364 21 0
11810 497353174 35 0
6151 497359325 15 0
5636 497364961 21 0
5639 497370600 20 0
11821 497382421 46 0
6125 497388546 22 0
5656 497394202 24 0
5658 497399860 12 0
11823 497411683 27 0
6138 497417821 13 0
5649 497423470 25 0
5651 497429121 19 0
11809 497440930 33 0
6138 497447068 17 0
5640 497452708 17 0
5647 497458355 17 0
11844 497470199 33 0
6138 497476337 14 0
5610 497481947 18 0
11800 497493747 27 0
5658 497499405 10 0
6153 497505558 33 0
5658 497511216 11 0
11794 497523010 28 0
7023 497530033 36 0
6138 497536171 18 0
5658 497541829 13 0
11800 497553629 30 0
5652 497559281 14 0
6118 497565399 26 0
5640 497571039 13 0
11804 497582843 31 0
5658 497588501 11 0
6151 497594652 16 0
5638 497600290 20 0
11808 497612098 45 0
5643 497617741 22 0
6128 497623869 34 0
5634 497629503 16 0
11818 497641321 24 0
5651 497646972 27 0
6119 497653091 19 0
5658 497658749 9 0
11799 497670548 27 0
5644 497676192 19 0
6126 497682318 24 0
5634 497687952 17 0
11820 497699772 45 0
5648 497705420 23 0
6112 497711532 30 0
5638 497717170 19 0
11777 497728947 42 0
5648 497734595 26 0
6145 497740740 20 0
6116 497746856 19 0
11796 497758652 23 0
5662 497764314 27 0
6138 497770452 18 0
5644 497776096 20 0
11807 497787903 38 0
5658 497793561 12 0
6126 497799687 21 0
5644 497805331 17 0
11805 497817136 30 0
5658 497822794 11 0
6146 497828940 24 0
5640 497834580 20 0
11780 497846360 45 0
5645 497852005 17 0
6096 497858101 24 0
5615 497863716 19 0
11806 497875522 37 0
5649 497881171 23 0
6118 497887289 26 0
5631 497892920 24 0
13163 497906083 52 0
5646 497911729 20 0
6138 497917867 17 0
5633 497923500 23 0
11816 497935316 33 0
5646 497940962 14 0
6096 497947058 19 0
5620 497952678 20 0
11799 497964477 32 0
5658 497970135 11 0
6123 497976258 30 0
5645 497981903 21 0
11805 497993708 24 0
5658 497999366 9 0
6120 498005486 18 0
5625 498011111 23 0
11805 498022916 38 0
5678 498028594 32 0
6145 498034739 36 0
5654 498040393 30 0
11807 498052200 46 0
5658 498057858 11 0
6133 498063991 19 0
5658 498069649 13 0
11799 498081448 31 0
5658 498087106 11 0
6138 498093244 17 0
5645 498098889 21 0
11800 498110689 42 0
5649 498116338 26 0
6138 498122476 18 0
5658 498128134 12 0
11808 498139942 38 0
5650 498145592 22 0
6132 498151724 27 0
5634 498157358 20 0
11800 498169158 40 0
5646 498174804 14 0
6117 498180921 30 0
5666 498186587 34 0
11770 498198357 34 0
5658 498204015 9 0
6140 498210155 23 0
5658 498215813 11 0
11800 498227613 28 0
5658 498233271 11 0
6129 498239400 29 0
5658 498245058 13 0
11805 498256863 38 0
5634 498262497 14 0
6096 498268593 20 0
5645 498274238 21 0
13195 498287433 39 0
5652 498293085 16 0
6133 498299218 22 0
5658 498304876 14 0
11821 498316697 31 0
5658 498322355 8 0
6138 498328493 13 0
5645 498334138 16 0
11831 498345969 17 0
5650 498351619 19 0
6113 498357732 27 0
5631 498363363 23 0
11778 498375141 37 0
5658 498380799 11 0
6132 498386931 31 0
5658 498392589 12 0
11806 498404395 47 0
5658 498410053 12 0
6129 498416182 31 0
5652 498421834 11 0
11809 498433643 32 0
5652 498439295 16 0
6151 498445446 15 0
5628 498451074 14 0
11817 498462891 28 0
5658 498468549 9 0
6138 498474687 16 0
5646 498480333 17 0
11824 498492157 29 0
5658 498497815 12 0
6138 498503953 16 0
5640 498509593 16 0
11787 498521380 27 0
5660 498527040 29 0
6151 498533191 13 0
5616 498538807 16 0
11818 498550625 22 0
8989 498559614 195 2
878070 499437684 14525 1488
8362 499446046 773 1
13397 499459443 78 0
6698 499466141 27 0
12172 499478313 401 27
6667 499484980 41 0
13115 499498095 44 0
8250 499506345 135 4
3505990 3505990 68743 3596
10971704 14477694 61544 9499
19112448 33590142 18545 4619
19013103 52603245 20603 4598
19347946 71951191 21476 4375
19547934 91499125 18959 4132
19446765 110945890 18172 4855
18720228 129666118 24312 6035
18982689 148648807 18951 4645
19745496 168394303 20043 4634
19180716 187575019 20040 4241
19571768 207146787 19057 4901
19502337 226649124 19098 4720
19560488 246209612 19710 4383
18784027 264993639 23896 4675
19253237 284246876 19032 4478
18942693 303189569 18977 4490
19450646 322640215 19456 4742
19589006 342229221 18903 4852
19590026 361819247 18929 5018
19648035 381467282 19403 4522
19561153 401028435 19649 4669
19685036 420713471 18979 4794
19656849 440370320 18635 4394
19574334 459944654 19033 5138
19487982 479432636 20414 5135
13078457 492511093 29031 1156
3777363 496288456 8011 212
6111 496294567 166 4
12236 496306803 45 1
5622 496312425 17 0
5655 496318080 29 0
6154 496324234 18 0
11764 496335998 43 0
5634 496341632 16 0
5660 496347292 28 0
6122 496353414 25 0
11793 496365207 43 0
5627 496370834 17 0
5632 496376466 21 0
6169 496382635 30 0
11766 496394401 27 0
5645 496400046 16 0
5658 496405704 20 0
6160 496411864 16 0
11775 496423639 29 0
5634 496429273 15 0
5646 496434919 23 0
6136 496441055 22 0
11782 496452837 34 0
5658 496458495 7 0
5652 496464147 21 0
6147 496470294 25 0
13164 496483458 127 1
5658 496489116 12 0
5657 496494773 18 0
6148 496500921 26 0
11783 496512704 35 0
5633 496518337 20 0
5658 496523995 11 0
6149 496530144 23 0
11796 496541940 21 0
5610 496547550 18 0
5658 496553208 10 0
6147 496559355 21 0
11796 496571151 31 0
5658 496576809 10 0
5644 496582453 19 0
6160 496588613 15 0
11790 496600403 33 0
5658 496606061 10 0
5646 496611707 12 0
6149 496617856 17 0
11795 496629651 26 0
5658 496635309 9 0
5657 496640966 17 0
6112 496647078 21 0
11796 496658874 21 0
5610 496664484 17 0
5616 496670100 20 0
6131 496676231 19 0
11795 496688026 34 0
5622 496693648 19 0
5658 496699306 9 0
6153 496705459 22 0
11801 496717260 37 0
5634 496722894 20 0
5658 496728552 9 0
6148 496734700 24 0
11790 496746490 23 0
5658 496752148 10 0
5657 496757805 20 0
6161 496763966 18 0
11790 496775756 29 0
5640 496781396 17 0
5646 496787042 12 0
6160 496793202 14 0
11808 496805010 32 0
5651 496810661 15 0
5658 496816319 10 0
6684 496823003 59 0
12997 496836000 34 0
6606 496842606 29 0
6310 496848916 19 0
7495 496856411 43 0
12209 496868620 36 0
6104 496874724 20 0
6080 496880804 22 0
6116 496886920 18 0
12169 496899089 44 0
6142 496905231 21 0
6103 496911334 21 0
6097 496917431 20 0
12254 496929685 45 0
6116 496935801 15 0
6116 496941917 17 0
6074 496947991 23 0
12221 496960212 28 0
6107 496966319 32 0
5627 496971946 24 0
6131 496978077 20 0
12231 496990308 31 0
6116 496996424 16 0
5628 497002052 22 0
6151 497008203 16 0
11771 497019974 27 0
5633 497025607 23 0
5658 497031265 8 0
11769 497043034 39 0
6152 497049186 27 0
5658 497054844 11 0
5658 497060502 11 0
11779 497072281 39 0
6118 497078399 27 0
5639 497084038 18 0
5628 497089666 19 0
11806 497101472 43 0
6138 497107610 17 0
5622 497113232 17 0
5666 497118898 32 0
11782 497130680 29 0
6147 497136827 36 0
5651 497142478 18 0
5656 497148134 42 4
11794 497159928 63 1
6113 497166041 24 0
5643 497171684 25 0
5658 497177342 10 0
11792 497189134 38 0
6138 497195272 21 0
5640 497200912 20 0
5658 497206570 12 0
11813 497218383 41 0
6138 497224521 18 0
5658 497230179 15 0
7029 497237208 32 0
11813 497249021 34 0
6138 497255159 16 0
5630 497260789 20 0
5658 497266447 8 0
11759 497278206 37 0
6164 497284370 13 0
5639 497290009 16 0
5657 497295666 17 0
11776 497307442 38 0
6138 497313580 16 0
5651 497319231 25 0
5652 497324883 23 0
23240 497348123 429 7
6122 497354245 32 0
5626 497359871 21 0
5652 497365523 15 0
11770 497377293 29 0
6133 497383426 34 0
5645 497389071 15 0
5648 497394719 26 0
11832 497406551 41 0
6138 497412689 17 0
5622 497418311 17 0
5642 497423953 25 0
11784 497435737 51 0
6151 497441888 19 0
5634 497447522 16 0
5658 497453180 10 0
11792 497464972 31 0
6138 497471110 17 0
5621 497476731 22 0
5652 497482383 16 0
11823 497494206 29 0
6126 497500332 21 0
5656 497505988 28 0
5652 497511640 14 0
11788 497523428 27 0
6151 497529579 18 0
5658 497535237 11 0
5633 497540870 17 0
11817 497552687 32 0
6138 497558825 15 0
5641 497564466 26 0
5657 497570123 21 0
11801 497581924 28 0
6138 497588062 17 0
5628 497593690 17 0
5658 497599348 12 0
11810 497611158 52 0
7522 497618680 35 0
5646 497624326 15 0
5652 497629978 13 0
11822 497641800 35 0
6120 497647920 19 0
5620 497653540 21 0
5648 497659188 27 0
11768 497670956 36 0
6158 497677114 19 0
5644 497682758 26 0
5661 497688419 26 0
11781 497700200 38 0
6138 497706338 15 0
5655 497711993 28 0
5632 497717625 19 0
11830 497729455 30 0
6138 497735593 17 0
6084 497741677 24 0
5649 497747326 26 0
11777 497759103 34 0
6142 497765245 26 0
5658 497770903 14 0
5658 497776561 11 0
11799 497788360 55 0
6138 497794498 17 0
5636 497800134 23 0
5658 497805792 11 0
11818 497817610 37 0
6125 497823735 21 0
5632 497829367 24 0
5651 497835018 27 0
11804 497846822 38 0
6132 497852954 19 0
5610 497858564 20 0
5658 497864222 9 0
11816 497876038 35 0
6138 497882176 16 0
5620 497887796 19 0
5644 497893440 28 0
11770 497905210 28 0
6151 497911361 18 0
5622 497916983 18 0
5652 497922635 12 0
11758 497934393 34 0
6114 497940507 21 0
5645 497946152 18 0
5651 497951803 18 0
11795 497963598 35 0
6138 497969736 15 0
5637 497975373 21 0
5638 497981011 22 0
13176 497994187 52 0
6151 498000338 16 0
5628 498005966 16 0
5658 498011624 9 0
11808 498023432 35 0
6120 498029552 21 0
5638 498035190 24 0
5637 498040827 25 0
11837 498052664 28 0
6131 498058795 26 0
5657 498064452 30 0
5645 498070097 16 0
11791 498081888 42 0
6130 498088018 23 0
5658 498093676 16 0
5658 498099334 17 0
11785 498111119 44 0
6138 498117257 19 0
5633 498122890 22 0
5658 498128548 9 0
11810 498140358 41 0
6151 498146509 17 0
5645 498152154 18 0
5652 498157806 16 0
11795 498169601 47 0
6138 498175739 17 0
5655 498181394 18 0
5628 498187022 19 0
11826 498198848 37 0
6138 498204986 17 0
5658 498210644 12 0
5652 498216296 15 0
11771 498228067 43 0
6151 498234218 14 0
5622 498239840 18 0
5637 498245477 22 0
11806 498257283 27 0
6114 498263397 18 0
5660 498269057 31 0
5658 498274715 15 0
11793 498286508 35 0
6138 498292646 14 0
5639 498298285 19 0
5657 498303942 19 0
11817 498315759 29 0
6132 498321891 17 0
5658 498327549 14 0
5651 498333200 19 0
11838 498345038 41 0
6145 498351183 17 0
5658 498356841 14 0
5652 498362493 16 0
13137 498375630 61 0
6126 498381756 31 0
5645 498387401 23 0
5658 498393059 11 0
11775 498404834 44 0
6120 498410954 17 0
5631 498416585 20 0
5657 498422242 14 0
11828 498434070 45 0
6148 498440218 33 0
5620 498445838 21 0
5658 498451496 9 0
11781 498463277 33 0
6137 498469414 22 0
5645 498475059 18 0
5652 498480711 13 0
11775 498492486 40 0
6132 498498618 17 0
5639 498504257 20 0
5661 498509918 31 0
11833 498521751 42 0
6138 498527889 14 0
5654 498533543 26 0
5658 498539201 11 0
15133 498554334 203 2
921685 499476019 15410 1569
6977 499482996 629 0
6090 499489086 35 0
13371 499502457 71 0
12228 499514685 355 21
6669 499521354 45 0
6450 499527804 25 0
15908 499543712 159 5
6607 499550319 30 0
3459314 3459314 69125 1566
11002690 14462004 61992 9002
19590613 34052617 18744 4714
18715516 52768133 24990 4817
19349676 72117809 19076 4222
19537968 91655777 18893 4132
19514342 111170119 18565 4964
18446275 129616394 25767 5950
19343572 148959966 19370 4609
19622655 168582621 19649 4474
19423650 188006271 21099 4024
19503500 207509771 20784 4838
19611117 227120888 19744 4675
19528353 246649241 20556 4427
18720148 265369389 23981 4681
18814614 284184003 18846 4448
19266864 303450867 18837 4228
19458052 322908919 18516 4692
19683984 342592903 18801 4914
19599447 362192350 18604 4938
19739352 381931702 18597 4439
19581480 401513182 18543 4709
19649510 421162692 18785 4723
19660831 440823523 18978 4401
19577049 460400572 18502 5209
19596467 479997039 18561 5139
12748098 492745137 29666 1008
3579206 496324343 8025 186
5651 496329994 29 0
6145 496336139 19 0
5646 496341785 13 0
11817 496353602 28 1
5651 496359253 23 0
6151 496365404 17 0
5626 496371030 18 0
11800 496382830 35 0
5658 496388488 14 0
6138 496394626 21 0
5646 496400272 19 0
11801 496412073 32 0
5637 496417710 23 0
6114 496423824 20 0
5615 496429439 19 0
11793 496441232 34 0
5625 496446857 25 0
6100 496452957 28 0
5633 496458590 18 0
11798 496470388 49 0
5652 496476040 16 0
6130 496482170 28 0
5658 496487828 13 0
11782 496499610 36 0
5658 496505268 11 0
6151 496511419 18 0
5628 496517047 25 0
11818 496528865 31 0
5658 496534523 14 0
6138 496540661 17 0
5645 496546306 18 0
11803 496558109 39 0
5658 496563767 13 0
6125 496569892 22 0
5640 496575532 14 0
11794 496587326 35 0
5646 496592972 15 0
6133 496599105 19 0
5645 496604750 16 0
11788 496616538 38 0
5651 496622189 25 0
6138 496628327 19 0
5610 496633937 19 0
11831 496645768 31 0
5644 496651412 20 0
6124 496657536 28 0
7011 496664547 95 0
11784 496676331 36 0
5627 496681958 20 0
6119 496688077 23 0
5646 496693723 19 0
11801 496705524 28 0
5628 496711152 17 0
6138 496717290 16 0
5631 496722921 24 0
11799 496734720 39 0
5656 496740376 11 1
14351 496754727 297 59
5651 496760378 30 1
11818 496772196 24 0
5651 496777847 22 0
6120 496783967 24 0
5652 496789619 15 0
11819 496801438 25 0
5633 496807071 21 0
6102 496813173 19 0
5652 496818825 15 0
11816 496830641 32 0
5665 496836306 29 0
6163 496842469 25 0
5644 496848113 16 0
12345 496860458 80 0
6333 496866791 27 0
6664 496873455 20 0
6324 496879779 21 0
12277 496892056 43 0
6116 496898172 18 0
6073 496904245 24 0
6116 496910361 21 0
12233 496922594 44 0
6116 496928710 17 0
6090 496934800 30 0
6129 496940929 20 0
12229 496953158 42 0
6116 496959274 16 0
6094 496965368 30 0
6086 496971454 24 0
12219 496983673 33 0
6105 496989778 27 0
6116 496995894 21 0
12196 497008090 35 0
6084 497014174 38 0
6367 497020541 28 0
6582 497027123 25 0
12967 497040090 45 0
6607 497046697 30 0
5659 497052356 32 0
7515 497059871 32 1
11316 497071187 28 0
6154 497077341 16 0
5644 497082985 26 0
6126 497089111 26 0
11312 497100423 25 0
6141 497106564 23 0
5645 497112209 18 0
6138 497118347 15 0
11304 497129651 25 0
6147 497135798 26 0
5660 497141458 28 0
6137 497147595 22 0
11283 497158878 39 0
6160 497165038 18 0
5651 497170689 22 0
6138 497176827 18 0
11303 497188130 24 0
6143 497194273 21 0
5667 497199940 33 0
6128 497206068 35 0
11276 497217344 29 0
6160 497223504 15 0
5651 497229155 18 0
6164 497235319 19 0
11316 497246635 35 0
6160 497252795 16 0
5641 497258436 23 0
6108 497264544 20 0
11297 497275841 31 0
6173 497282014 15 0
5648 497287662 28 0
6138 497293800 18 0
11298 497305098 40 0
6146 497311244 20 0
5646 497316890 12 0
6151 497323041 16 0
11267 497334308 35 0
6160 497340468 18 0
5645 497346113 18 0
6125 497352238 18 0
11276 497363514 33 0
6155 497369669 16 0
5658 497375327 11 0
6132 497381459 18 0
11294 497392753 32 0
6160 497398913 14 0
5642 497404555 22 0
6138 497410693 15 0
11297 497421990 44 0
6167 497428157 15 0
7035 497435192 26 1
6138 497441330 16 0
11274 497452604 37 0
6160 497458764 18 0
5643 497464407 23 0
6137 497470544 30 0
11307 497481851 35 0
6151 497488002 27 0
5658 497493660 12 0
6107 497499767 21 0
11300 497511067 29 0
6143 497517210 21 0
5640 497522850 13 0
6118 497528968 25 0
11299 497540267 40 0
6127 497546394 27 0
5658 497552052 14 0
17412 497569464 353 6
11297 497580761 52 0
6153 497586914 21 0
5648 497592562 27 0
6138 497598700 17 0
11274 497609974 21 0
6181 497616155 18 0
5657 497621812 19 0
6120 497627932 18 0
11278 497639210 40 0
6160 497645370 16 0
5668 497651038 29 0
6133 497657171 32 0
11303 497668474 26 0
6173 497674647 15 0
5640 497680287 16 0
6095 497686382 27 0
11274 497697656 40 0
6160 497703816 16 0
5658 497709474 10 0
6115 497715589 26 0
11293 497726882 36 0
6160 497733042 16 0
5649 497738691 17 0
6135 497744826 27 0
11314 497756140 22 0
6167 497762307 20 0
5654 497767961 29 0
6114 497774075 21 0
11278 497785353 24 0
6134 497791487 26 0
5636 497797123 24 0
6151 497803274 18 0
12626 497815900 56 0
6144 497822044 30 0
5658 497827702 11 0
6103 497833805 22 0
11310 497845115 31 0
6164 497851279 27 0
5657 497856936 30 0
6114 497863050 18 0
11287 497874337 41 0
6160 497880497 13 0
5656 497886153 26 0
6120 497892273 20 0
11303 497903576 36 0
6149 497909725 19 0
5645 497915370 20 0
6138 497921508 16 0
11315 497932823 25 0
6118 497938941 24 0
5648 497944589 24 0
6164 497950753 36 0
11300 497962053 31 0
6151 497968204 30 0
5658 497973862 13 0
6132 497979994 18 0
11319 497991313 32 0
6149 497997462 25 0
5677 498003139 30 0
6138 498009277 18 0
11274 498020551 39 0
6160 498026711 18 0
5653 498032364 26 0
6148 498038512 33 0
11314 498049826 30 0
6160 498055986 17 0
5657 498061643 28 0
6117 498067760 29 0
11315 498079075 23 0
6153 498085228 26 0
5658 498090886 13 0
6138 498097024 16 0
11302 498108326 29 0
6160 498114486 15 0
5656 498120142 28 0
6107 498126249 28 0
11286 498137535 25 0
6152 498143687 31 0
5658 498149345 13 0
6107 498155452 26 0
11266 498166718 32 0
6142 498172860 18 0
5651 498178511 17 0
6148 498184659 24 0
12676 498197335 45 0
6147 498203482 24 0
5658 498209140 14 0
6114 498215254 18 0
11295 498226549 47 0
6173 498232722 20 0
5659 498238381 26 0
6138 498244519 18 0
11298 498255817 22 0
6160 498261977 19 0
5638 498267615 26 0
6115 498273730 21 0
11298 498285028 24 0
6167 498291195 17 0
5651 498296846 20 0
6119 498302965 23 0
11306 498314271 50 0
6173 498320444 14 0
5658 498326102 9 0
6113 498332215 26 0
11301 498343516 37 0
6146 498349662 24 0
5628 498355290 25 0
6138 498361428 18 0
11316 498372744 27 0
6173 498378917 22 0
5657 498384574 29 0
6138 498390712 16 0
11293 498402005 34 0
6160 498408165 18 0
5658 498413823 12 0
7039 498420862 73 3
11286 498432148 36 0
6160 498438308 16 0
5650 498443958 17 0
6132 498450090 16 0
11296 498461386 28 0
6173 498467559 17 0
5639 498473198 16 0
6138 498479336 15 0
11289 498490625 40 0
6129 498496754 21 0
5640 498502394 14 0
6138 498508532 20 0
11316 498519848 29 0
6142 498525990 24 0
5640 498531630 16 0
6138 498537768 18 0
11279 498549047 27 0
6173 498555220 14 0
5646 498560866 20 0
7522 498568388 31 0
11299 498579687 32 0
6160 498585847 16 0
5638 498591485 18 0
6111 498597596 30 0
11280 498608876 36 0
9512 498618388 169 2
920554 499538942 15403 1427
6729 499545671 75 0
18392 499564063 384 23
6784 499570847 51 0
6738 499577585 28 0
6662 499584247 25 0
14588 499598835 162 1
6650 499605485 29 0
6333 499611818 12 0
6123 499617941 27 0
