0,1,151421438.07999998,2967176654.3650727
2,151421439.07999998,176541324.63,2644991375.7880425
6,176541325.63,221383000.26,2131834795.7711167
0,221383001.26,523153424.35999995,2967176654.3650727
2,523153425.35999995,2373045068.4500003,2644991375.7880425
13,2373045069.4500003,2399135042.63,2697371521.4486256
2,2399135043.63,2451093971.25,2644991375.7880425
13,2451093972.25,2503013203.2799997,2697371521.4486256
2,2503013204.2799997,2554813148.5399995,2644991375.7880425
13,2554813149.5399995,2606644031.6299996,2697371521.4486256
2,2606644032.6299996,2632451074.2699995,2644991375.7880425
13,2632451075.2699995,2658294500.3199997,2697371521.4486256
2,2658294501.3199997,2710024204.1199994,2644991375.7880425
13,2710024205.1199994,2735872298.8899994,2697371521.4486256
2,2735872299.8899994,2761625703.2199993,2644991375.7880425
13,2761625704.2199993,2813094679.0399995,2697371521.4486256
2,2813094680.0399995,2838712292.1199994,2644991375.7880425
13,2838712293.1199994,2890115121.2099996,2697371521.4486256
2,2890115122.2099996,2915718897.1499996,2644991375.7880425
13,2915718898.1499996,2941390679.6499996,2697371521.4486256
2,2941390680.6499996,3829403641.7999988,2644991375.7880425
6,3829403642.7999988,3867481594.889999,2131834795.7711167
10,3867481595.889999,3882483350.309999,797661017.4990699
7,3882483351.309999,3894853371.099999,542489602.1879772
1,3894853372.099999,3946074176.429999,1404728713.4590423
6,3946074177.429999,3962436273.239999,2131834795.7711167
10,3962436274.239999,3969414066.251235,797661017.4990699
1,3969414067.251235,3998783782.9179015,1404728713.4590423
6,3998783783.9179015,4010869923.9179015,2131834795.7711167
