2427134, 2427134, 51621, 3646, 4
6952549, 9379683, 76146, 16821, 13
18920351, 28300034, 19730, 5912, 2
17850924, 46150958, 23863, 6775, 2
18894648, 65045606, 17583, 5940, 2
19399415, 84445021, 17440, 5756, 11
19053151, 103498172, 17993, 5988, 11
18364705, 121862877, 24282, 8361, 2
18665832, 140528709, 18772, 6208, 2
19200000, 159728709, 17876, 6014, 11
18799635, 178528344, 18538, 6385, 2
18913273, 197441617, 21078, 7148, 2
19191878, 216633495, 18189, 6419, 2
19089908, 235723403, 19119, 6376, 2
18329239, 254052642, 23665, 6440, 2
19061672, 273114314, 22324, 6800, 2
18552539, 291666853, 20836, 6590, 2
18899368, 310566221, 21087, 6521, 2
18669489, 329235710, 21009, 5986, 2
19317783, 348553493, 22296, 6470, 2
19223915, 367777408, 20577, 6302, 2
19412273, 387189681, 20716, 6096, 11
19303086, 406492767, 20667, 6220, 2
19266325, 425759092, 21578, 6501, 2
19230381, 444989473, 21251, 6174, 2
19239866, 464229339, 21027, 6340, 2
19195214, 483424553, 21259, 6750, 2
10761976, 494186529, 28793, 2102, 12
2266138, 496452667, 5929, 911, 5
5658, 496458325, 26, 1, 1
6127, 496464452, 28, 0, 1
11746, 496476198, 39, 0, 1
5663, 496481861, 24, 0, 1
5658, 496487519, 13, 0, 1
6149, 496493668, 31, 2, 1
11782, 496505450, 46, 1, 1
5658, 496511108, 13, 3, 1
5646, 496516754, 18, 0, 1
6160, 496522914, 20, 1, 1
11790, 496534704, 29, 1, 1
7035, 496541739, 100, 53, 1
5658, 496547397, 12, 0, 1
6173, 496553570, 16, 1, 1
11784, 496565354, 45, 0, 1
5646, 496571000, 40, 4, 1
5657, 496576657, 20, 0, 1
6159, 496582816, 25, 0, 1
11760, 496594576, 35, 0, 1
5640, 496600216, 19, 0, 1
5658, 496605874, 13, 0, 1
6186, 496612060, 23, 0, 1
11796, 496623856, 24, 1, 1
5646, 496629502, 20, 2, 1
5661, 496635163, 20, 0, 1
6142, 496641305, 25, 0, 1
11809, 496653114, 22, 0, 1
5652, 496658766, 23, 0, 1
5651, 496664417, 16, 0, 1
11799, 496676216, 39, 1, 1
6137, 496682353, 22, 0, 1
5658, 496688011, 21, 0, 1
5658, 496693669, 12, 0, 1
11825, 496705494, 40, 1, 1
6138, 496711632, 23, 0, 1
5657, 496717289, 28, 14, 1
5658, 496722947, 12, 0, 1
11801, 496734748, 49, 0, 1
6134, 496740882, 22, 0, 1
5658, 496746540, 18, 5, 1
5658, 496752198, 11, 0, 1
11818, 496764016, 29, 2, 1
6132, 496770148, 20, 0, 1
5658, 496775806, 18, 0, 1
5658, 496781464, 14, 0, 1
11831, 496793295, 88, 58, 1
6116, 496799411, 31, 0, 1
6138, 496805549, 60, 11, 1
5658, 496811207, 20, 5, 1
12246, 496823453, 78, 1, 1
6110, 496829563, 33, 0, 1
6128, 496835691, 42, 3, 1
5658, 496841349, 17, 2, 1
11789, 496853138, 41, 6, 1
6114, 496859252, 23, 0, 1
5658, 496864910, 17, 6, 1
5651, 496870561, 18, 0, 1
11802, 496882363, 48, 6, 1
6151, 496888514, 26, 0, 1
5652, 496894166, 22, 2, 1
5658, 496899824, 14, 0, 1
11818, 496911642, 66, 22, 1
7515, 496919157, 45, 14, 1
5658, 496924815, 38, 21, 1
5658, 496930473, 11, 0, 1
11794, 496942267, 43, 0, 1
6138, 496948405, 16, 0, 1
5658, 496954063, 21, 6, 1
5657, 496959720, 22, 0, 1
11811, 496971531, 75, 7, 1
6158, 496977689, 17, 0, 1
5658, 496983347, 47, 30, 1
5652, 496988999, 16, 0, 1
11811, 497000810, 65, 4, 1
6120, 497006930, 24, 0, 1
6110, 497013040, 24, 0, 1
6374, 497019414, 70, 31, 1
13267, 497032681, 75, 2, 1
6601, 497039282, 29, 1, 1
6571, 497045853, 40, 0, 1
6109, 497051962, 32, 0, 1
12228, 497064190, 56, 1, 1
6104, 497070294, 24, 0, 1
5646, 497075940, 23, 0, 1
6151, 497082091, 22, 0, 1
12220, 497094311, 51, 0, 1
6092, 497100403, 26, 0, 1
6104, 497106507, 25, 0, 1
6110, 497112617, 30, 0, 1
12218, 497124835, 50, 0, 1
6109, 497130944, 24, 0, 1
6104, 497137048, 23, 0, 1
6110, 497143158, 22, 0, 1
11794, 497154952, 52, 5, 1
6110, 497161062, 22, 0, 1
6116, 497167178, 18, 0, 1
6121, 497173299, 36, 0, 1
12224, 497185523, 47, 0, 1
6115, 497191638, 36, 0, 1
6113, 497197751, 29, 0, 1
6098, 497203849, 25, 0, 1
11770, 497215619, 41, 0, 1
17670, 497233289, 633, 217, 1
6115, 497239404, 49, 14, 1
5658, 497245062, 12, 1, 1
12238, 497257300, 50, 2, 1
6116, 497263416, 23, 0, 1
6110, 497269526, 34, 0, 1
5644, 497275170, 23, 0, 1
11766, 497286936, 58, 0, 1
6138, 497293074, 17, 0, 1
6102, 497299176, 27, 0, 1
5658, 497304834, 12, 0, 1
13143, 497317977, 58, 5, 1
6138, 497324115, 20, 0, 1
5646, 497329761, 19, 1, 1
5663, 497335424, 16, 0, 1
12707, 497348131, 84, 37, 1
6143, 497354274, 26, 0, 1
5645, 497359919, 19, 0, 1
5657, 497365576, 23, 0, 1
11817, 497377393, 26, 1, 1
14382, 497391775, 289, 43, 1
6138, 497397913, 24, 0, 1
5658, 497403571, 13, 0, 1
11764, 497415335, 34, 0, 1
6132, 497421467, 21, 0, 1
6098, 497427565, 17, 0, 1
5658, 497433223, 16, 0, 1
11802, 497445025, 30, 0, 1
6125, 497451150, 20, 0, 1
6116, 497457266, 15, 0, 1
5658, 497462924, 13, 0, 1
11795, 497474719, 31, 0, 1
6151, 497480870, 17, 0, 1
5640, 497486510, 19, 0, 1
5651, 497492161, 22, 1, 1
11818, 497503979, 20, 0, 1
6145, 497510124, 18, 0, 1
5628, 497515752, 20, 0, 1
5658, 497521410, 13, 0, 1
11831, 497533241, 21, 0, 1
6138, 497539379, 19, 0, 1
6108, 497545487, 26, 0, 1
5658, 497551145, 10, 0, 1
11786, 497562931, 35, 0, 1
6120, 497569051, 21, 0, 1
5658, 497574709, 13, 0, 1
5652, 497580361, 15, 0, 1
11807, 497592168, 26, 0, 1
6138, 497598306, 17, 0, 1
5651, 497603957, 15, 0, 1
5658, 497609615, 11, 0, 1
11809, 497621424, 36, 0, 1
6127, 497627551, 18, 0, 1
6073, 497633624, 23, 0, 1
5652, 497639276, 14, 1, 1
11790, 497651066, 26, 0, 1
6138, 497657204, 15, 0, 1
6107, 497663311, 31, 0, 1
5658, 497668969, 13, 0, 1
11806, 497680775, 31, 0, 1
6130, 497686905, 22, 0, 1
7480, 497694385, 39, 0, 1
5652, 497700037, 14, 0, 1
11758, 497711795, 34, 0, 1
6151, 497717946, 18, 0, 1
6116, 497724062, 23, 0, 1
5658, 497729720, 17, 0, 1
11772, 497741492, 39, 1, 1
6132, 497747624, 20, 0, 1
6116, 497753740, 18, 0, 1
5652, 497759392, 15, 0, 1
11805, 497771197, 26, 1, 1
6132, 497777329, 17, 0, 1
6098, 497783427, 22, 0, 1
5653, 497789080, 28, 0, 1
11795, 497800875, 34, 0, 1
6139, 497807014, 20, 0, 1
5651, 497812665, 15, 0, 1
5652, 497818317, 16, 0, 1
11818, 497830135, 41, 0, 1
6138, 497836273, 13, 0, 1
6115, 497842388, 23, 0, 1
5658, 497848046, 13, 0, 1
11796, 497859842, 21, 0, 1
6151, 497865993, 14, 0, 1
5658, 497871651, 11, 0, 1
5658, 497877309, 11, 0, 1
11780, 497889089, 39, 0, 1
6132, 497895221, 16, 0, 1
5646, 497900867, 14, 0, 1
5658, 497906525, 13, 0, 1
11813, 497918338, 34, 0, 1
6113, 497924451, 21, 0, 1
5628, 497930079, 21, 0, 1
5650, 497935729, 17, 0, 1
11800, 497947529, 26, 0, 1
6145, 497953674, 20, 0, 1
6120, 497959794, 28, 0, 1
5652, 497965446, 15, 0, 1
11776, 497977222, 28, 1, 1
6132, 497983354, 20, 0, 1
5633, 497988987, 20, 0, 1
5651, 497994638, 18, 0, 1
11831, 498006469, 21, 1, 1
6138, 498012607, 14, 0, 1
5658, 498018265, 13, 0, 1
5658, 498023923, 9, 0, 1
11817, 498035740, 28, 1, 1
6102, 498041842, 21, 0, 1
5658, 498047500, 13, 2, 1
5658, 498053158, 10, 0, 1
12281, 498065439, 49, 0, 1
7035, 498072474, 29, 0, 1
6138, 498078612, 21, 0, 1
5656, 498084268, 25, 1, 1
11788, 498096056, 33, 0, 1
6145, 498102201, 16, 0, 1
5646, 498107847, 18, 0, 1
5657, 498113504, 14, 0, 1
11812, 498125316, 26, 0, 1
6138, 498131454, 16, 0, 1
5658, 498137112, 7, 0, 1
5658, 498142770, 13, 0, 1
11825, 498154595, 31, 0, 1
6137, 498160732, 22, 0, 1
5651, 498166383, 24, 1, 1
5652, 498172035, 16, 0, 1
11798, 498183833, 42, 0, 1
6151, 498189984, 22, 0, 1
5640, 498195624, 17, 0, 1
5658, 498201282, 11, 0, 1
11798, 498213080, 34, 0, 1
6138, 498219218, 19, 0, 1
5658, 498224876, 16, 0, 1
5658, 498230534, 13, 0, 1
11801, 498242335, 40, 0, 1
6145, 498248480, 19, 0, 1
5658, 498254138, 11, 0, 1
5651, 498259789, 16, 0, 1
11799, 498271588, 30, 0, 1
6138, 498277726, 19, 0, 1
5652, 498283378, 23, 0, 1
5658, 498289036, 15, 0, 1
11823, 498300859, 37, 0, 1
6126, 498306985, 20, 0, 1
5640, 498312625, 16, 0, 1
5644, 498318269, 15, 0, 1
11805, 498330074, 29, 0, 1
6145, 498336219, 17, 0, 1
5657, 498341876, 14, 0, 1
5657, 498347533, 16, 0, 1
11805, 498359338, 37, 0, 1
6138, 498365476, 16, 0, 1
5652, 498371128, 24, 6, 1
5656, 498376784, 20, 0, 1
11817, 498388601, 39, 0, 1
6137, 498394738, 22, 0, 1
5651, 498400389, 19, 0, 1
5657, 498406046, 19, 0, 1
11799, 498417845, 32, 0, 1
6151, 498423996, 18, 0, 1
5652, 498429648, 16, 0, 1
5658, 498435306, 13, 0, 1
13194, 498448500, 53, 0, 1
6138, 498454638, 18, 0, 1
5658, 498460296, 12, 0, 1
5658, 498465954, 12, 0, 1
11822, 498477776, 42, 0, 1
6132, 498483908, 19, 0, 1
5646, 498489554, 16, 0, 1
5658, 498495212, 10, 0, 1
11799, 498507011, 39, 0, 1
6138, 498513149, 18, 0, 1
5640, 498518789, 17, 0, 1
5658, 498524447, 13, 0, 1
11825, 498536272, 37, 0, 1
6138, 498542410, 17, 0, 1
5658, 498548068, 11, 0, 1
5658, 498553726, 12, 0, 1
11818, 498565544, 23, 0, 1
6151, 498571695, 18, 0, 1
5633, 498577328, 21, 0, 1
5658, 498582986, 13, 0, 1
11799, 498594785, 32, 0, 1
6138, 498600923, 18, 0, 1
5658, 498606581, 15, 0, 1
5651, 498612232, 16, 0, 1
11818, 498624050, 19, 0, 1
6138, 498630188, 17, 0, 1
5652, 498635840, 26, 0, 1
5657, 498641497, 16, 0, 1
11818, 498653315, 32, 0, 1
14963, 498668278, 376, 294, 1
5657, 498673935, 30, 1, 1
5646, 498679581, 17, 0, 1
11818, 498691399, 28, 0, 1
6138, 498697537, 21, 0, 1
5652, 498703189, 15, 0, 1
11824, 498715013, 24, 0, 1
5646, 498720659, 18, 0, 1
6138, 498726797, 15, 0, 1
5646, 498732443, 17, 0, 1
11782, 498744225, 26, 0, 1
5646, 498749871, 14, 0, 1
6138, 498756009, 14, 0, 1
5658, 498761667, 15, 0, 1
11819, 498773486, 24, 0, 1
5646, 498779132, 17, 3, 1
6104, 498785236, 20, 0, 1
6110, 498791346, 21, 0, 1
11817, 498803163, 34, 0, 1
5658, 498808821, 12, 0, 1
6115, 498814936, 26, 0, 1
5640, 498820576, 18, 1, 1
13188, 498833764, 43, 0, 1
5651, 498839415, 13, 0, 1
6126, 498845541, 22, 0, 1
5652, 498851193, 13, 0, 1
11794, 498862987, 35, 0, 1
5652, 498868639, 12, 0, 1
6138, 498874777, 21, 0, 1
5652, 498880429, 15, 0, 1
11805, 498892234, 33, 0, 1
8984, 498901218, 199, 38, 1
918354, 499819572, 14761, 5049, 9
8096, 499827668, 773, 103, 1
13418, 499841086, 86, 12, 1
6660, 499847746, 38, 5, 1
12179, 499859925, 393, 175, 1
6665, 499866590, 52, 15, 1
13634, 499880224, 61, 2, 1
7978, 499888202, 188, 40, 1
6624, 499894826, 36, 0, 1
1076165, 1076165, 26733, 1578, 5
5871535, 6947700, 82187, 13352, 13
16520026, 23467726, 34554, 9769, 10
18585534, 42053260, 21297, 6828, 2
18500129, 60553389, 22727, 7625, 2
19001037, 79554426, 19741, 7178, 2
18898467, 98452893, 19658, 7057, 2
18849680, 117302573, 20099, 7283, 2
18311866, 135614439, 25562, 9597, 10
18475676, 154090115, 19903, 6896, 2
18719370, 172809485, 20542, 6741, 2
19115086, 191924571, 19918, 6653, 2
18952218, 210876789, 22600, 7296, 2
19090400, 229967189, 20783, 7070, 2
18880788, 248847977, 20688, 7344, 2
18269982, 267117959, 25556, 7970, 2
18603321, 285721280, 21997, 7119, 2
18896610, 304617890, 20388, 7062, 2
18724665, 323342555, 20175, 6287, 2
19162891, 342505446, 21057, 6827, 2
19200594, 361706040, 20814, 6719, 2
19176731, 380882771, 21131, 6653, 2
19294902, 400177673, 20357, 6492, 2
19314007, 419491680, 20376, 6636, 2
19309864, 438801544, 20856, 6527, 2
19220331, 458021875, 20716, 6961, 2
19168860, 477190735, 21134, 6819, 2
14167910, 491358645, 31047, 4565, 19
4989530, 496348175, 10827, 1078, 6
5646, 496353821, 67, 13, 1
6126, 496359947, 24, 0, 1
5646, 496365593, 65, 26, 1
11794, 496377387, 35, 0, 1
5650, 496383037, 25, 0, 1
6136, 496389173, 25, 0, 1
5670, 496394843, 36, 0, 1
11818, 496406661, 43, 1, 1
5646, 496412307, 19, 0, 1
6125, 496418432, 22, 0, 1
5640, 496424072, 23, 1, 1
11823, 496435895, 39, 0, 1
5658, 496441553, 20, 5, 1
6136, 496447689, 39, 1, 1
5640, 496453329, 22, 1, 1
11818, 496465147, 43, 5, 1
5658, 496470805, 20, 7, 1
7518, 496478323, 116, 39, 1
5621, 496483944, 25, 0, 1
11831, 496495775, 29, 0, 1
5642, 496501417, 25, 0, 1
6119, 496507536, 28, 0, 1
5657, 496513193, 22, 4, 1
11787, 496524980, 45, 1, 1
5667, 496530647, 35, 1, 1
6151, 496536798, 16, 0, 1
5637, 496542435, 40, 5, 1
11818, 496554253, 34, 2, 1
5651, 496559904, 29, 0, 1
6138, 496566042, 21, 0, 1
5643, 496571685, 25, 0, 1
11824, 496583509, 30, 0, 1
5658, 496589167, 14, 1, 1
6122, 496595289, 33, 0, 1
5652, 496600941, 15, 1, 1
11797, 496612738, 49, 0, 1
5646, 496618384, 19, 1, 1
6151, 496624535, 17, 2, 1
5630, 496630165, 24, 0, 1
11805, 496641970, 33, 1, 1
5644, 496647614, 17, 0, 1
6119, 496653733, 27, 0, 1
5634, 496659367, 15, 0, 1
11855, 496671222, 39, 0, 1
5654, 496676876, 28, 1, 1
6117, 496682993, 28, 0, 1
5658, 496688651, 27, 11, 1
11817, 496700468, 37, 0, 1
6084, 496706552, 34, 0, 1
6116, 496712668, 30, 0, 1
15216, 496727884, 635, 520, 1
11792, 496739676, 76, 1, 1
6101, 496745777, 44, 0, 1
6098, 496751875, 23, 0, 1
5657, 496757532, 27, 4, 1
11817, 496769349, 50, 0, 1
5626, 496774975, 28, 2, 1
6145, 496781120, 21, 0, 1
5658, 496786778, 35, 17, 1
11806, 496798584, 36, 0, 1
5658, 496804242, 19, 6, 1
6112, 496810354, 29, 0, 1
5645, 496815999, 34, 13, 1
11813, 496827812, 36, 1, 1
5652, 496833464, 17, 2, 1
6119, 496839583, 35, 0, 1
5658, 496845241, 23, 8, 1
11818, 496857059, 37, 4, 1
7035, 496864094, 56, 12, 1
6154, 496870248, 36, 0, 1
5652, 496875900, 24, 7, 1
11804, 496887704, 50, 0, 1
5657, 496893361, 40, 15, 1
6126, 496899487, 18, 0, 1
5658, 496905145, 41, 20, 1
11825, 496916970, 31, 0, 1
6098, 496923068, 34, 0, 1
6643, 496929711, 49, 0, 1
6333, 496936044, 46, 8, 1
12327, 496948371, 51, 2, 1
6605, 496954976, 34, 0, 1
6579, 496961555, 28, 0, 1
6117, 496967672, 25, 0, 1
12226, 496979898, 34, 0, 1
6114, 496986012, 32, 1, 1
6100, 496992112, 31, 0, 1
6107, 496998219, 27, 0, 1
12207, 497010426, 45, 0, 1
6117, 497016543, 38, 0, 1
6116, 497022659, 25, 0, 1
6104, 497028763, 22, 0, 1
12232, 497040995, 39, 0, 1
6086, 497047081, 23, 0, 1
6116, 497053197, 21, 0, 1
6090, 497059287, 26, 0, 1
12248, 497071535, 51, 0, 1
6106, 497077641, 30, 0, 1
6123, 497083764, 17, 0, 1
6103, 497089867, 28, 0, 1
12206, 497102073, 36, 0, 1
6091, 497108164, 30, 0, 1
6129, 497114293, 20, 0, 1
6109, 497120402, 29, 0, 1
12237, 497132639, 69, 0, 1
6116, 497138755, 21, 0, 1
6116, 497144871, 20, 2, 1
6116, 497150987, 18, 0, 1
11760, 497162747, 41, 3, 1
6116, 497168863, 20, 0, 1
6104, 497174967, 27, 0, 1
6116, 497181083, 29, 0, 1
11794, 497192877, 32, 0, 1
5657, 497198534, 25, 0, 1
6101, 497204635, 25, 0, 1
5658, 497210293, 13, 1, 1
11825, 497222118, 32, 0, 1
5650, 497227768, 25, 1, 1
6149, 497233917, 27, 0, 1
5658, 497239575, 11, 0, 1
13188, 497252763, 69, 6, 1
5658, 497258421, 12, 0, 1
6145, 497264566, 21, 0, 1
5646, 497270212, 15, 0, 1
11812, 497282024, 26, 0, 1
5651, 497287675, 18, 0, 1
6138, 497293813, 34, 0, 1
5652, 497299465, 16, 0, 1
11825, 497311290, 35, 0, 1
5620, 497316910, 20, 0, 1
6138, 497323048, 14, 0, 1
5654, 497328702, 27, 0, 1
11818, 497340520, 26, 0, 1
5661, 497346181, 31, 0, 1
6132, 497352313, 32, 0, 1
5645, 497357958, 21, 0, 1
11805, 497369763, 32, 0, 1
5661, 497375424, 23, 0, 1
6118, 497381542, 33, 0, 1
11310, 497392852, 31, 0, 1
6161, 497399013, 20, 0, 1
5658, 497404671, 26, 0, 1
6138, 497410809, 18, 0, 1
11308, 497422117, 27, 0, 1
6147, 497428264, 20, 0, 1
5658, 497433922, 12, 0, 1
6125, 497440047, 22, 0, 1
11800, 497451847, 23, 0, 1
6124, 497457971, 20, 0, 1
5637, 497463608, 22, 0, 1
6132, 497469740, 17, 0, 1
11299, 497481039, 33, 0, 1
6154, 497487193, 25, 0, 1
5653, 497492846, 27, 1, 1
14350, 497507196, 312, 80, 1
11755, 497518951, 77, 12, 1
6138, 497525089, 17, 0, 1
5650, 497530739, 20, 0, 1
6127, 497536866, 27, 0, 1
11768, 497548634, 39, 0, 1
6150, 497554784, 27, 0, 1
5658, 497560442, 11, 0, 1
6131, 497566573, 19, 0, 1
11774, 497578347, 34, 0, 1
6138, 497584485, 17, 0, 1
5651, 497590136, 22, 0, 1
6139, 497596275, 25, 0, 1
11748, 497608023, 40, 0, 1
6132, 497614155, 19, 0, 1
5658, 497619813, 10, 0, 1
6138, 497625951, 20, 0, 1
13139, 497639090, 60, 12, 1
6151, 497645241, 23, 0, 1
5658, 497650899, 10, 1, 1
6138, 497657037, 16, 0, 1
11762, 497668799, 37, 0, 1
6138, 497674937, 19, 0, 1
5610, 497680547, 21, 0, 1
6120, 497686667, 18, 0, 1
11789, 497698456, 49, 0, 1
6130, 497704586, 31, 0, 1
5650, 497710236, 30, 0, 1
6138, 497716374, 19, 0, 1
11760, 497728134, 50, 0, 1
6137, 497734271, 24, 0, 1
5571, 497739842, 28, 0, 1
6141, 497745983, 30, 0, 1
11774, 497757757, 27, 0, 1
6138, 497763895, 21, 0, 1
5658, 497769553, 9, 0, 1
6125, 497775678, 17, 0, 1
11316, 497786994, 14, 0, 1
6173, 497793167, 18, 0, 1
5658, 497798825, 8, 0, 1
6132, 497804957, 17, 0, 1
11307, 497816264, 40, 0, 1
6160, 497822424, 17, 0, 1
5652, 497828076, 15, 0, 1
6164, 497834240, 22, 0, 1
11774, 497846014, 30, 0, 1
6132, 497852146, 26, 0, 1
5652, 497857798, 15, 0, 1
6132, 497863930, 20, 0, 1
11755, 497875685, 40, 0, 1
6128, 497881813, 25, 0, 1
5655, 497887468, 24, 0, 1
6137, 497893605, 16, 0, 1
11290, 497904895, 26, 0, 1
6157, 497911052, 28, 0, 1
5645, 497916697, 16, 0, 1
6136, 497922833, 33, 0, 1
11311, 497934144, 30, 0, 1
6173, 497940317, 23, 0, 1
5654, 497945971, 29, 0, 1
6138, 497952109, 23, 0, 1
11316, 497963425, 17, 0, 1
6159, 497969584, 26, 0, 1
6135, 497975719, 31, 0, 1
6115, 497981834, 26, 0, 1
11760, 497993594, 52, 0, 1
6132, 497999726, 24, 0, 1
5657, 498005383, 18, 1, 1
6136, 498011519, 29, 0, 1
12674, 498024193, 56, 2, 1
6173, 498030366, 23, 0, 1
5658, 498036024, 15, 0, 1
6138, 498042162, 23, 0, 1
11308, 498053470, 33, 0, 1
6147, 498059617, 29, 0, 1
5652, 498065269, 19, 0, 1
6151, 498071420, 19, 0, 1
11305, 498082725, 39, 0, 1
6152, 498088877, 23, 0, 1
5652, 498094529, 16, 1, 1
6100, 498100629, 27, 0, 1
11295, 498111924, 32, 0, 1
6161, 498118085, 20, 0, 1
5646, 498123731, 12, 0, 1
6137, 498129868, 24, 0, 1
11298, 498141166, 30, 0, 1
6143, 498147309, 28, 0, 1
5658, 498152967, 12, 0, 1
6119, 498159086, 21, 0, 1
11292, 498170378, 24, 0, 1
6149, 498176527, 23, 0, 1
5640, 498182167, 18, 0, 1
6138, 498188305, 16, 0, 1
11296, 498199601, 23, 0, 1
6140, 498205741, 24, 0, 1
5652, 498211393, 11, 0, 1
6158, 498217551, 16, 0, 1
11314, 498228865, 36, 0, 1
6159, 498235024, 18, 0, 1
5634, 498240658, 17, 0, 1
6132, 498246790, 22, 0, 1
11313, 498258103, 50, 0, 1
6167, 498264270, 21, 0, 1
5658, 498269928, 10, 0, 1
6138, 498276066, 15, 0, 1
11309, 498287375, 30, 0, 1
6154, 498293529, 20, 0, 1
5658, 498299187, 12, 0, 1
6151, 498305338, 15, 0, 1
11301, 498316639, 37, 0, 1
6160, 498322799, 18, 0, 1
5652, 498328451, 18, 0, 1
6095, 498334546, 23, 0, 1
11293, 498345839, 26, 0, 1
6154, 498351993, 27, 0, 1
5652, 498357645, 14, 0, 1
6138, 498363783, 23, 0, 1
11284, 498375067, 29, 0, 1
6154, 498381221, 26, 0, 1
5652, 498386873, 12, 0, 1
7503, 498394376, 37, 0, 1
11292, 498405668, 26, 0, 1
6166, 498411834, 22, 0, 1
5652, 498417486, 19, 0, 1
6138, 498423624, 23, 0, 1
11318, 498434942, 40, 1, 1
6160, 498441102, 18, 0, 1
5658, 498446760, 14, 0, 1
6139, 498452899, 21, 0, 1
11298, 498464197, 21, 0, 1
6141, 498470338, 22, 0, 1
5652, 498475990, 13, 0, 1
6138, 498482128, 17, 0, 1
11309, 498493437, 17, 0, 1
6172, 498499609, 20, 0, 1
5658, 498505267, 11, 0, 1
6107, 498511374, 21, 0, 1
11310, 498522684, 20, 0, 1
6160, 498528844, 19, 0, 1
5658, 498534502, 14, 0, 1
6139, 498540641, 24, 0, 1
11292, 498551933, 30, 0, 1
6153, 498558086, 25, 0, 1
5658, 498563744, 11, 0, 1
6145, 498569889, 23, 0, 1
11298, 498581187, 21, 0, 1
6190, 498587377, 26, 0, 1
5652, 498593029, 15, 0, 1
6138, 498599167, 19, 0, 1
11308, 498610475, 29, 0, 1
6151, 498616626, 30, 0, 1
5651, 498622277, 13, 0, 1
6126, 498628403, 21, 0, 1
11315, 498639718, 38, 0, 1
6166, 498645884, 18, 0, 1
5646, 498651530, 17, 0, 1
6138, 498657668, 18, 0, 1
11297, 498668965, 28, 0, 1
6157, 498675122, 29, 0, 1
5658, 498680780, 9, 0, 1
6151, 498686931, 19, 0, 1
11284, 498698215, 28, 0, 1
6142, 498704357, 19, 0, 1
5658, 498710015, 11, 0, 1
6131, 498716146, 27, 0, 1
11298, 498727444, 24, 0, 1
6165, 498733609, 27, 1, 1
5651, 498739260, 16, 0, 1
6138, 498745398, 24, 0, 1
11298, 498756696, 24, 0, 1
6141, 498762837, 26, 0, 1
7029, 498769866, 33, 0, 1
6151, 498776017, 17, 0, 1
11304, 498787321, 17, 0, 1
6160, 498793481, 17, 0, 1
8997, 498802478, 177, 32, 1
868953, 499671431, 14597, 5276, 9
212540, 499883971, 922, 176, 1
6662, 499890633, 52, 12, 1
11986, 499902619, 429, 183, 1
6388, 499909007, 45, 0, 1
13138, 499922145, 74, 11, 1
8279, 499930424, 185, 28, 1
6605, 499937029, 43, 0, 1
747648, 747648, 17574, 1221, 5
5012695, 5760343, 84218, 12351, 13
5847000, 11607343, 28015, 8554, 4
18805952, 30413295, 19456, 6255, 2
18856403, 49269698, 23994, 6992, 2
19244485, 68514183, 18571, 6044, 11
19234776, 87748959, 19704, 6363, 2
19183865, 106932824, 18853, 5828, 11
18586521, 125519345, 25481, 8310, 2
18799583, 144318928, 19811, 6414, 2
19332942, 163651870, 19634, 6706, 2
19016810, 182668680, 19468, 6415, 2
19293745, 201962425, 22430, 6942, 2
19377939, 221340364, 20151, 6466, 2
19312504, 240652868, 19585, 6351, 2
18621495, 259274363, 24766, 6423, 2
19190348, 278464711, 21632, 6660, 2
18804021, 297268732, 19871, 6040, 2
19175686, 316444418, 20113, 6390, 2
18960796, 335405214, 20967, 6444, 2
19510899, 354916113, 21223, 5970, 11
19377335, 374293448, 20189, 6409, 2
19588914, 393882362, 19911, 6492, 2
19586629, 413468991, 21667, 6715, 2
19441161, 432910152, 20619, 6459, 2
19412156, 452322308, 20409, 6711, 2
19524409, 471846717, 19982, 6522, 2
17705683, 489552400, 27279, 5192, 2
7175447, 496727847, 18917, 1674, 6
6150, 496733997, 396, 29, 1
5658, 496739655, 68, 33, 1
11788, 496751443, 62, 3, 1
6138, 496757581, 22, 2, 1
5658, 496763239, 13, 2, 1
5658, 496768897, 8, 0, 1
11788, 496780685, 34, 0, 1
6151, 496786836, 17, 0, 1
5646, 496792482, 19, 0, 1
7035, 496799517, 102, 61, 1
11838, 496811355, 57, 1, 1
6138, 496817493, 17, 0, 1
5658, 496823151, 18, 3, 1
5658, 496828809, 9, 0, 1
11804, 496840613, 62, 9, 1
6138, 496846751, 15, 1, 1
5652, 496852403, 28, 13, 1
5655, 496858058, 21, 0, 1
11805, 496869863, 46, 5, 1
6151, 496876014, 17, 0, 1
5646, 496881660, 24, 2, 1
5645, 496887305, 17, 0, 1
11818, 496899123, 30, 10, 1
6132, 496905255, 22, 0, 1
5633, 496910888, 26, 0, 1
5661, 496916549, 24, 0, 1
11812, 496928361, 36, 3, 1
6138, 496934499, 17, 0, 1
5662, 496940161, 24, 3, 1
5646, 496945807, 14, 0, 1
11818, 496957625, 20, 2, 1
6131, 496963756, 21, 0, 1
5632, 496969388, 21, 0, 1
5639, 496975027, 24, 0, 1
11831, 496986858, 24, 2, 1
6125, 496992983, 22, 0, 1
5640, 496998623, 23, 4, 1
5658, 497004281, 8, 0, 1
11788, 497016069, 32, 1, 1
6150, 497022219, 37, 1, 1
6110, 497028329, 25, 0, 1
5674, 497034003, 28, 0, 1
11780, 497045783, 49, 0, 1
6135, 497051918, 30, 0, 1
5658, 497057576, 17, 7, 1
5646, 497063222, 11, 0, 1
11833, 497075055, 83, 9, 1
6113, 497081168, 20, 0, 1
6115, 497087283, 48, 3, 1
5657, 497092940, 37, 0, 1
11790, 497104730, 108, 42, 1
6158, 497110888, 19, 0, 1
6097, 497116985, 33, 0, 1
5646, 497122631, 40, 6, 1
11790, 497134421, 40, 3, 1
6131, 497140552, 17, 0, 1
5641, 497146193, 33, 0, 1
5658, 497151851, 11, 0, 1
11831, 497163682, 44, 14, 1
6138, 497169820, 20, 0, 1
7021, 497176841, 61, 32, 1
5658, 497182499, 13, 0, 1
11782, 497194281, 55, 4, 1
6135, 497200416, 24, 0, 1
5658, 497206074, 25, 8, 1
5658, 497211732, 10, 0, 1
11828, 497223560, 50, 3, 1
6124, 497229684, 33, 0, 1
5658, 497235342, 21, 10, 1
5658, 497241000, 11, 1, 1
11826, 497252826, 76, 4, 1
6151, 497258977, 16, 0, 1
5658, 497264635, 52, 34, 1
5651, 497270286, 18, 0, 1
11818, 497282104, 35, 2, 1
6132, 497288236, 24, 0, 1
6116, 497294352, 24, 2, 1
5651, 497300003, 30, 0, 1
13011, 497313014, 121, 18, 1
6664, 497319678, 23, 0, 1
6576, 497326254, 33, 0, 1
6571, 497332825, 39, 0, 1
12205, 497345030, 51, 0, 1
6117, 497351147, 21, 0, 1
6103, 497357250, 28, 0, 1
6103, 497363353, 28, 0, 1
12229, 497375582, 48, 0, 1
6090, 497381672, 28, 0, 1
6096, 497387768, 31, 0, 1
6116, 497393884, 21, 0, 1
12215, 497406099, 43, 0, 1
6114, 497412213, 25, 0, 1
6092, 497418305, 23, 0, 1
6085, 497424390, 24, 0, 1
12226, 497436616, 38, 0, 1
6079, 497442695, 26, 0, 1
6093, 497448788, 30, 0, 1
6102, 497454890, 29, 0, 1
12232, 497467122, 37, 0, 1
6116, 497473238, 20, 0, 1
6116, 497479354, 22, 0, 1
6116, 497485470, 20, 0, 1
12258, 497497728, 54, 0, 1
6096, 497503824, 29, 0, 1
6114, 497509938, 26, 0, 1
6110, 497516048, 28, 0, 1
12226, 497528274, 47, 0, 1
6104, 497534378, 22, 0, 1
6116, 497540494, 26, 0, 1
5658, 497546152, 12, 0, 1
11785, 497557937, 38, 3, 1
7497, 497565434, 36, 0, 1
6116, 497571550, 22, 0, 1
5658, 497577208, 12, 0, 1
11753, 497588961, 40, 0, 1
6147, 497595108, 34, 0, 1
5658, 497600766, 14, 1, 1
5658, 497606424, 13, 0, 1
11805, 497618229, 27, 0, 1
6126, 497624355, 18, 0, 1
5658, 497630013, 11, 0, 1
5658, 497635671, 11, 0, 1
11776, 497647447, 39, 0, 1
6138, 497653585, 16, 0, 1
5646, 497659231, 14, 0, 1
5658, 497664889, 12, 0, 1
11788, 497676677, 42, 0, 1
6138, 497682815, 17, 0, 1
5615, 497688430, 21, 0, 1
5651, 497694081, 20, 0, 1
11831, 497705912, 32, 0, 1
6138, 497712050, 16, 0, 1
6116, 497718166, 19, 0, 1
5640, 497723806, 16, 0, 1
11771, 497735577, 31, 0, 1
6151, 497741728, 18, 0, 1
5657, 497747385, 33, 0, 1
5658, 497753043, 18, 0, 1
11815, 497764858, 44, 0, 1
6136, 497770994, 34, 0, 1
5658, 497776652, 29, 0, 1
5658, 497782310, 14, 0, 1
11793, 497794103, 44, 0, 1
6138, 497800241, 14, 0, 1
5643, 497805884, 23, 1, 1
5658, 497811542, 11, 0, 1
11787, 497823329, 48, 0, 1
6139, 497829468, 22, 0, 1
5627, 497835095, 19, 0, 1
5660, 497840755, 28, 0, 1
11805, 497852560, 42, 0, 1
6144, 497858704, 31, 0, 1
5645, 497864349, 18, 0, 1
5658, 497870007, 10, 0, 1
11834, 497881841, 46, 1, 1
6114, 497887955, 21, 0, 1
6116, 497894071, 16, 0, 1
5645, 497899716, 27, 0, 1
11781, 497911497, 39, 0, 1
6130, 497917627, 24, 0, 1
6129, 497923756, 21, 1, 1
5656, 497929412, 30, 0, 1
13167, 497942579, 41, 0, 1
6132, 497948711, 24, 0, 1
6116, 497954827, 18, 0, 1
5658, 497960485, 13, 0, 1
11775, 497972260, 44, 0, 1
6151, 497978411, 17, 0, 1
6115, 497984526, 33, 0, 1
5658, 497990184, 16, 0, 1
11778, 498001962, 27, 0, 1
6126, 498008088, 21, 0, 1
6116, 498014204, 19, 0, 1
5651, 498019855, 15, 0, 1
11829, 498031684, 45, 0, 1
6126, 498037810, 22, 0, 1
6110, 498043920, 21, 0, 1
5658, 498049578, 13, 0, 1
11800, 498061378, 41, 0, 1
6151, 498067529, 17, 0, 1
5632, 498073161, 21, 0, 1
5627, 498078788, 20, 0, 1
11810, 498090598, 35, 0, 1
6138, 498096736, 16, 0, 1
5658, 498102394, 17, 0, 1
5658, 498108052, 13, 0, 1
11831, 498119883, 21, 0, 1
6138, 498126021, 17, 0, 1
5639, 498131660, 23, 0, 1
5658, 498137318, 9, 0, 1
11810, 498149128, 29, 0, 1
6120, 498155248, 24, 0, 1
5620, 498160868, 24, 0, 1
5658, 498166526, 13, 0, 1
20904, 498187430, 675, 159, 1
6138, 498193568, 30, 0, 1
5658, 498199226, 13, 0, 1
5658, 498204884, 15, 0, 1
11798, 498216682, 45, 0, 1
6153, 498222835, 24, 0, 1
6116, 498228951, 17, 0, 1
5649, 498234600, 22, 0, 1
11795, 498246395, 32, 0, 1
6126, 498252521, 19, 0, 1
5656, 498258177, 32, 0, 1
13471, 498271648, 223, 48, 1
11824, 498283472, 43, 1, 1
6138, 498289610, 17, 0, 1
6115, 498295725, 21, 0, 1
5650, 498301375, 24, 0, 1
11789, 498313164, 43, 0, 1
6151, 498319315, 16, 0, 1
6098, 498325413, 25, 0, 1
7035, 498332448, 33, 0, 1
11788, 498344236, 43, 0, 1
6114, 498350350, 20, 0, 1
6110, 498356460, 27, 0, 1
6123, 498362583, 35, 0, 1
11775, 498374358, 39, 0, 1
6138, 498380496, 18, 0, 1
5658, 498386154, 13, 0, 1
5658, 498391812, 12, 0, 1
11805, 498403617, 27, 0, 1
6138, 498409755, 16, 0, 1
5643, 498415398, 26, 0, 1
5658, 498421056, 12, 0, 1
11830, 498432886, 27, 0, 1
6138, 498439024, 14, 0, 1
5645, 498444669, 23, 0, 1
5658, 498450327, 15, 0, 1
11817, 498462144, 29, 0, 1
6139, 498468283, 23, 0, 1
5658, 498473941, 14, 0, 1
5658, 498479599, 11, 0, 1
11814, 498491413, 35, 0, 1
6138, 498497551, 19, 0, 1
5658, 498503209, 13, 0, 1
5658, 498508867, 11, 0, 1
11811, 498520678, 39, 0, 1
6145, 498526823, 19, 0, 1
5656, 498532479, 24, 0, 1
5658, 498538137, 14, 0, 1
11799, 498549936, 34, 0, 1
6138, 498556074, 25, 0, 1
5627, 498561701, 24, 0, 1
5658, 498567359, 10, 0, 1
11798, 498579157, 47, 0, 1
6138, 498585295, 21, 0, 1
5632, 498590927, 24, 1, 1
5658, 498596585, 14, 0, 1
11812, 498608397, 42, 0, 1
6132, 498614529, 28, 0, 1
5632, 498620161, 24, 0, 1
5658, 498625819, 18, 0, 1
11812, 498637631, 23, 0, 1
6126, 498643757, 20, 0, 1
5647, 498649404, 23, 0, 1
5658, 498655062, 12, 0, 1
11844, 498666906, 22, 0, 1
6124, 498673030, 24, 0, 1
5650, 498678680, 27, 0, 1
5651, 498684331, 27, 0, 1
11812, 498696143, 25, 1, 1
6151, 498702294, 17, 0, 1
6999, 498709293, 32, 0, 1
11791, 498721084, 40, 0, 1
5646, 498726730, 16, 0, 1
6127, 498732857, 27, 0, 1
5646, 498738503, 17, 0, 1
11825, 498750328, 27, 0, 1
5658, 498755986, 12, 0, 1
6102, 498762088, 24, 0, 1
5662, 498767750, 24, 0, 1
11815, 498779565, 36, 0, 1
5646, 498785211, 16, 0, 1
6132, 498791343, 27, 0, 1
5667, 498797010, 27, 0, 1
11810, 498808820, 38, 0, 1
5652, 498814472, 11, 0, 1
6107, 498820579, 27, 0, 1
5656, 498826235, 19, 0, 1
11789, 498838024, 37, 0, 1
5636, 498843660, 25, 0, 1
6138, 498849798, 17, 0, 1
5640, 498855438, 20, 0, 1
11818, 498867256, 26, 0, 1
5655, 498872911, 28, 0, 1
6138, 498879049, 18, 0, 1
5646, 498884695, 30, 0, 1
11827, 498896522, 39, 0, 1
5646, 498902168, 17, 0, 1
6138, 498908306, 16, 0, 1
5658, 498913964, 12, 0, 1
11792, 498925756, 39, 0, 1
5656, 498931412, 12, 1, 1
14333, 498945745, 343, 69, 1
5615, 498951360, 27, 0, 1
11818, 498963178, 30, 0, 1
5664, 498968842, 22, 0, 1
6122, 498974964, 31, 0, 1
5658, 498980622, 10, 0, 1
11824, 498992446, 26, 0, 1
5652, 498998098, 20, 0, 1
6138, 499004236, 15, 0, 1
5658, 499009894, 10, 0, 1
11794, 499021688, 32, 0, 1
5667, 499027355, 20, 0, 1
6168, 499033523, 32, 0, 1
5658, 499039181, 12, 0, 1
11811, 499050992, 30, 0, 1
5651, 499056643, 22, 0, 1
6136, 499062779, 33, 0, 1
5631, 499068410, 21, 0, 1
12719, 499081129, 87, 40, 1
5645, 499086774, 30, 0, 1
7509, 499094283, 44, 1, 1
5658, 499099941, 23, 0, 1
11812, 499111753, 38, 0, 1
5654, 499117407, 24, 0, 1
6134, 499123541, 30, 0, 1
5652, 499129193, 17, 0, 1
11805, 499140998, 32, 0, 1
5646, 499146644, 14, 0, 1
6131, 499152775, 21, 0, 1
5645, 499158420, 14, 0, 1
11812, 499170232, 35, 0, 1
5658, 499175890, 14, 0, 1
6131, 499182021, 27, 0, 1
887725, 500069746, 15098, 5263, 9
15314, 500085060, 847, 166, 1
6431, 500091491, 54, 15, 1
6688, 500098179, 47, 1, 1
11960, 500110139, 380, 149, 1
13161, 500123300, 87, 10, 1
6410, 500129710, 48, 3, 1
8263, 500137973, 195, 50, 1
6328, 500144301, 27, 5, 1
1377316, 1377316, 31277, 1999, 9
5776906, 7154222, 81341, 15171, 13
14586466, 21740688, 33497, 9489, 10
18898974, 40639662, 20338, 6115, 2
19122605, 59762267, 20018, 5720, 11
19461268, 79223535, 20661, 6578, 2
17922769, 97146304, 23053, 8183, 2
18922297, 116068601, 19074, 6268, 2
19462550, 135531151, 18835, 5796, 11
19310472, 154841623, 21862, 6742, 2
19298808, 174140431, 19133, 6304, 2
19361591, 193502022, 19836, 5955, 11
19401955, 212903977, 19375, 5928, 11
18784208, 231688185, 21012, 6008, 2
19017750, 250705935, 19662, 6126, 2
18102917, 268808852, 25088, 6234, 2
19321873, 288130725, 19661, 5992, 11
19373603, 307504328, 20124, 6139, 2
19373778, 326878106, 19339, 6110, 11
19526886, 346404992, 19739, 6046, 11
19220123, 365625115, 19498, 6177, 2
19419986, 385045101, 20183, 6116, 11
19344705, 404389806, 19365, 6049, 11
19470745, 423860551, 19488, 5946, 11
19429871, 443290422, 19546, 6209, 2
19340213, 462630635, 20164, 6119, 2
19356324, 481986959, 19737, 6091, 11
11508333, 493495292, 30003, 5802, 19
3272974, 496768266, 7186, 781, 5
11809, 496780075, 383, 53, 1
7515, 496787590, 97, 43, 1
5658, 496793248, 14, 4, 1
5652, 496798900, 14, 0, 1
11806, 496810706, 31, 0, 1
6145, 496816851, 17, 0, 1
5652, 496822503, 22, 0, 1
5658, 496828161, 13, 0, 1
11809, 496839970, 43, 2, 1
6138, 496846108, 18, 0, 1
5662, 496851770, 32, 0, 1
5651, 496857421, 21, 1, 1
11840, 496869261, 42, 1, 1
6138, 496875399, 18, 0, 1
5652, 496881051, 21, 3, 1
5658, 496886709, 8, 0, 1
11818, 496898527, 31, 3, 1
6138, 496904665, 17, 0, 1
5627, 496910292, 27, 0, 1
5652, 496915944, 18, 0, 1
11822, 496927766, 48, 0, 1
6101, 496933867, 27, 0, 1
5658, 496939525, 15, 5, 1
5657, 496945182, 19, 0, 1
11812, 496956994, 30, 0, 1
6151, 496963145, 13, 0, 1
5632, 496968777, 24, 0, 1
5658, 496974435, 9, 0, 1
11811, 496986246, 52, 3, 1
6120, 496992366, 17, 0, 1
5652, 496998018, 28, 0, 1
5640, 497003658, 13, 0, 1
11825, 497015483, 42, 2, 1
6138, 497021621, 13, 0, 1
5658, 497027279, 20, 5, 1
5658, 497032937, 8, 0, 1
11822, 497044759, 34, 2, 1
6145, 497050904, 25, 0, 1
5658, 497056562, 22, 0, 1
5658, 497062220, 13, 0, 1
11780, 497074000, 49, 5, 1
6138, 497080138, 19, 0, 1
5656, 497085794, 22, 0, 1
5658, 497091452, 14, 0, 1
11825, 497103277, 56, 1, 1
6141, 497109418, 24, 0, 1
6116, 497115534, 67, 6, 1
5640, 497121174, 20, 1, 1
11796, 497132970, 96, 50, 1
6138, 497139108, 25, 0, 1
6129, 497145237, 33, 0, 1
5640, 497150877, 36, 7, 1
13140, 497164017, 89, 19, 1
6138, 497170155, 17, 0, 1
5640, 497175795, 25, 6, 1
5658, 497181453, 11, 0, 1
11800, 497193253, 51, 4, 1
6151, 497199404, 22, 0, 1
5652, 497205056, 43, 24, 1
5645, 497210701, 17, 0, 1
11792, 497222493, 64, 1, 1
6138, 497228631, 19, 0, 1
5637, 497234268, 45, 6, 1
5640, 497239908, 17, 0, 1
11826, 497251734, 48, 7, 1
6132, 497257866, 21, 0, 1
5610, 497263476, 23, 1, 1
5651, 497269127, 16, 0, 1
11799, 497280926, 68, 0, 1
6139, 497287065, 20, 0, 1
5657, 497292722, 30, 11, 1
5658, 497298380, 8, 0, 1
11809, 497310189, 86, 4, 1
6138, 497316327, 16, 0, 1
6116, 497322443, 56, 2, 1
5658, 497328101, 20, 0, 1
11809, 497339910, 60, 23, 1
6665, 497346575, 70, 1, 1
6600, 497353175, 70, 6, 1
6373, 497359548, 24, 1, 1
13194, 497372742, 69, 3, 1
6116, 497378858, 25, 0, 1
6129, 497384987, 25, 0, 1
6104, 497391091, 30, 0, 1
12206, 497403297, 47, 0, 1
6123, 497409420, 31, 0, 1
6116, 497415536, 27, 2, 1
6104, 497421640, 26, 0, 1
12239, 497433879, 45, 0, 1
6116, 497439995, 22, 0, 1
6104, 497446099, 36, 0, 1
6125, 497452224, 36, 0, 1
12241, 497464465, 72, 0, 1
6114, 497470579, 29, 0, 1
6111, 497476690, 29, 0, 1
6129, 497482819, 23, 0, 1
12194, 497495013, 49, 0, 1
6116, 497501129, 25, 0, 1
6068, 497507197, 29, 0, 1
6116, 497513313, 24, 0, 1
12208, 497525521, 46, 0, 1
6111, 497531632, 27, 0, 1
6116, 497537748, 17, 0, 1
6115, 497543863, 30, 0, 1
13106, 497556969, 79, 8, 1
6126, 497563095, 31, 1, 1
6116, 497569211, 19, 0, 1
6116, 497575327, 22, 0, 1
12233, 497587560, 53, 3, 1
6116, 497593676, 17, 0, 1
6089, 497599765, 37, 0, 1
5646, 497605411, 21, 1, 1
11787, 497617198, 44, 3, 1
6138, 497623336, 21, 0, 1
5657, 497628993, 19, 3, 1
5634, 497634627, 20, 0, 1
11831, 497646458, 40, 0, 1
6138, 497652596, 20, 0, 1
5643, 497658239, 27, 0, 1
5658, 497663897, 12, 0, 1
11813, 497675710, 43, 0, 1
6114, 497681824, 28, 0, 1
5652, 497687476, 20, 1, 1
5627, 497693103, 24, 0, 1
11816, 497704919, 40, 0, 1
6138, 497711057, 18, 0, 1
6098, 497717155, 28, 0, 1
5639, 497722794, 27, 0, 1
11809, 497734603, 35, 0, 1
6138, 497740741, 20, 0, 1
5651, 497746392, 26, 1, 1
5643, 497752035, 20, 0, 1
11807, 497763842, 40, 0, 1
6127, 497769969, 27, 0, 1
5644, 497775613, 25, 0, 1
5658, 497781271, 14, 0, 1
11779, 497793050, 37, 0, 1
6119, 497799169, 25, 0, 1
5658, 497804827, 14, 0, 1
5658, 497810485, 17, 0, 1
11797, 497822282, 38, 0, 1
6122, 497828404, 29, 0, 1
5658, 497834062, 11, 0, 1
5658, 497839720, 12, 1, 1
11806, 497851526, 32, 1, 1
6132, 497857658, 20, 0, 1
5634, 497863292, 21, 0, 1
5658, 497868950, 18, 0, 1
11824, 497880774, 42, 0, 1
6138, 497886912, 22, 0, 1
5626, 497892538, 24, 1, 1
5657, 497898195, 25, 0, 1
11800, 497909995, 31, 3, 1
17673, 497927668, 655, 111, 1
7493, 497935161, 63, 0, 1
5644, 497940805, 22, 0, 1
11788, 497952593, 43, 0, 1
6113, 497958706, 29, 0, 1
6102, 497964808, 31, 0, 1
5640, 497970448, 22, 0, 1
11797, 497982245, 37, 3, 1
6138, 497988383, 18, 0, 1
6103, 497994486, 30, 0, 1
5652, 498000138, 18, 0, 1
11796, 498011934, 30, 0, 1
7032, 498018966, 81, 34, 1
6119, 498025085, 46, 0, 1
5667, 498030752, 28, 0, 1
11769, 498042521, 39, 0, 1
6118, 498048639, 31, 0, 1
6116, 498054755, 22, 0, 1
5656, 498060411, 30, 0, 1
11803, 498072214, 31, 2, 1
6138, 498078352, 20, 0, 1
6113, 498084465, 31, 0, 1
5658, 498090123, 16, 0, 1
11764, 498101887, 50, 1, 1
6138, 498108025, 19, 0, 1
6129, 498114154, 28, 0, 1
5656, 498119810, 27, 0, 1
11760, 498131570, 37, 0, 1
6138, 498137708, 15, 0, 1
6104, 498143812, 25, 0, 1
5658, 498149470, 16, 0, 1
11783, 498161253, 51, 1, 1
6156, 498167409, 34, 0, 1
6116, 498173525, 22, 0, 1
5657, 498179182, 27, 0, 1
11796, 498190978, 27, 0, 1
6138, 498197116, 18, 0, 1
5637, 498202753, 24, 0, 1
5658, 498208411, 10, 0, 1
11803, 498220214, 34, 0, 1
6138, 498226352, 17, 0, 1
5649, 498232001, 24, 0, 1
5652, 498237653, 14, 0, 1
11798, 498249451, 30, 0, 1
6142, 498255593, 29, 0, 1
5652, 498261245, 14, 0, 1
5658, 498266903, 11, 0, 1
11827, 498278730, 40, 0, 1
6133, 498284863, 16, 0, 1
6116, 498290979, 22, 0, 1
5648, 498296627, 29, 0, 1
11786, 498308413, 48, 0, 1
7515, 498315928, 37, 0, 1
5657, 498321585, 18, 1, 1
5643, 498327228, 29, 1, 1
11800, 498339028, 31, 0, 1
6138, 498345166, 19, 0, 1
5642, 498350808, 24, 1, 1
5655, 498356463, 27, 0, 1
11824, 498368287, 36, 0, 1
6126, 498374413, 23, 0, 1
5646, 498380059, 19, 2, 1
5652, 498385711, 20, 1, 1
12304, 498398015, 57, 0, 1
6116, 498404131, 18, 0, 1
5645, 498409776, 24, 1, 1
5658, 498415434, 14, 0, 1
11798, 498427232, 52, 1, 1
6132, 498433364, 28, 0, 1
5650, 498439014, 18, 0, 1
5658, 498444672, 13, 0, 1
11851, 498456523, 39, 0, 1
6138, 498462661, 15, 0, 1
5645, 498468306, 18, 0, 1
5658, 498473964, 12, 0, 1
11809, 498485773, 51, 2, 1
6151, 498491924, 16, 0, 1
5643, 498497567, 23, 0, 1
5658, 498503225, 13, 0, 1
11806, 498515031, 29, 0, 1
6125, 498521156, 23, 0, 1
5646, 498526802, 15, 0, 1
5658, 498532460, 12, 0, 1
11831, 498544291, 28, 0, 1
6132, 498550423, 20, 0, 1
5658, 498556081, 15, 2, 1
5637, 498561718, 27, 0, 1
11818, 498573536, 16, 0, 1
6120, 498579656, 20, 0, 1
5653, 498585309, 22, 0, 1
5646, 498590955, 18, 0, 1
11831, 498602786, 21, 0, 1
6138, 498608924, 16, 0, 1
5658, 498614582, 11, 0, 1
11810, 498626392, 34, 0, 1
5658, 498632050, 11, 0, 1
6151, 498638201, 14, 0, 1
5627, 498643828, 19, 0, 1
11814, 498655642, 38, 0, 1
5660, 498661302, 27, 0, 1
6138, 498667440, 16, 0, 1
5652, 498673092, 17, 0, 1
11822, 498684914, 37, 0, 1
7035, 498691949, 30, 0, 1
6133, 498698082, 31, 0, 1
5621, 498703703, 23, 0, 1
11821, 498715524, 45, 0, 1
5646, 498721170, 19, 0, 1
6151, 498727321, 16, 0, 1
5657, 498732978, 25, 0, 1
11799, 498744777, 30, 0, 1
5646, 498750423, 21, 0, 1
6137, 498756560, 31, 0, 1
5621, 498762181, 21, 0, 1
11838, 498774019, 40, 0, 1
5645, 498779664, 26, 2, 1
6130, 498785794, 29, 0, 1
5658, 498791452, 15, 3, 1
11812, 498803264, 32, 0, 1
5658, 498808922, 13, 1, 1
6138, 498815060, 21, 0, 1
5622, 498820682, 19, 0, 1
11818, 498832500, 28, 0, 1
5643, 498838143, 24, 0, 1
6113, 498844256, 22, 0, 1
5628, 498849884, 19, 0, 1
11817, 498861701, 28, 0, 1
5658, 498867359, 13, 0, 1
6151, 498873510, 16, 0, 1
5648, 498879158, 27, 0, 1
11812, 498890970, 28, 0, 1
5620, 498896590, 22, 0, 1
6108, 498902698, 25, 0, 1
5658, 498908356, 13, 0, 1
11817, 498920173, 35, 0, 1
5667, 498925840, 27, 0, 1
6136, 498931976, 38, 0, 1
5632, 498937608, 19, 0, 1
11797, 498949405, 39, 0, 1
5646, 498955051, 20, 0, 1
6139, 498961190, 23, 0, 1
5615, 498966805, 20, 0, 1
11806, 498978611, 35, 0, 1
5651, 498984262, 21, 0, 1
6138, 498990400, 17, 0, 1
5658, 498996058, 21, 2, 1
11834, 499007892, 40, 0, 1
5652, 499013544, 17, 0, 1
6125, 499019669, 21, 0, 1
5658, 499025327, 14, 0, 1
11818, 499037145, 34, 0, 1
5658, 499042803, 12, 0, 1
6119, 499048922, 25, 0, 1
5648, 499054570, 28, 0, 1
13208, 499067778, 47, 0, 1
5660, 499073438, 23, 0, 1
6138, 499079576, 20, 0, 1
5655, 499085231, 24, 0, 1
11817, 499097048, 32, 0, 1
5667, 499102715, 35, 0, 1
6139, 499108854, 22, 0, 1
5652, 499114506, 18, 0, 1
11815, 499126321, 46, 0, 1
5658, 499131979, 14, 0, 1
6123, 499138102, 27, 0, 1
5658, 499143760, 12, 0, 1
11835, 499155595, 43, 0, 1
5639, 499161234, 18, 0, 1
6131, 499167365, 26, 1, 1
5652, 499173017, 23, 1, 1
11794, 499184811, 32, 0, 1
5658, 499190469, 15, 0, 1
6148, 499196617, 33, 3, 1
5642, 499202259, 28, 0, 1
11818, 499214077, 21, 0, 1
8989, 499223066, 201, 43, 1
875146, 500098212, 14866, 5213, 9
8202, 500106414, 768, 115, 1
13405, 500119819, 121, 6, 1
12441, 500132260, 492, 192, 1
6668, 500138928, 56, 8, 1
6434, 500145362, 36, 9, 1
237287, 500382649, 77, 7, 1
274646, 500657295, 183, 63, 1
6643, 500663938, 25, 1, 1
2717219, 2717219, 57253, 4832, 14
8149943, 10867162, 72316, 16729, 13
18040592, 28907754, 21283, 6428, 2
7547476, 36455230, 6635, 1869, 6
18493487, 54948717, 22016, 6325, 2
18970918, 73919635, 19296, 6717, 2
17747997, 91667632, 24817, 8688, 10
18802451, 110470083, 19904, 6341, 2
18501782, 128971865, 19785, 6671, 2
19098016, 148069881, 19285, 6562, 2
19172592, 167242473, 22031, 7053, 2
19251422, 186493895, 19261, 6006, 11
19043002, 205536897, 19711, 6247, 2
19239246, 224776143, 19648, 6216, 2
18603594, 243379737, 21185, 6195, 2
18407001, 261786738, 24450, 6511, 2
18848358, 280635096, 19076, 5759, 11
19288551, 299923647, 19638, 6151, 2
19205342, 319128989, 20814, 6675, 2
19378101, 338507090, 20085, 6234, 2
19234551, 357741641, 19529, 6707, 2
19148156, 376889797, 20133, 6734, 2
19275006, 396164803, 21137, 6806, 2
19191705, 415356508, 20569, 6804, 2
19340582, 434697090, 19850, 6391, 2
19331072, 454028162, 19800, 6540, 2
19217007, 473245169, 20645, 6986, 2
17079572, 490324741, 27642, 5578, 2
8028485, 498353226, 18819, 1615, 12
6109, 498359335, 395, 64, 1
11774, 498371109, 43, 1, 1
6138, 498377247, 19, 0, 1
5658, 498382905, 14, 1, 1
5658, 498388563, 12, 0, 1
11787, 498400350, 44, 4, 1
6120, 498406470, 24, 1, 1
5638, 498412108, 21, 0, 1
5651, 498417759, 17, 0, 1
11819, 498429578, 55, 3, 1
7008, 498436586, 114, 54, 1
5651, 498442237, 25, 3, 1
5658, 498447895, 16, 0, 1
11815, 498459710, 49, 5, 1
6138, 498465848, 19, 0, 1
5645, 498471493, 19, 0, 1
5646, 498477139, 16, 0, 1
11781, 498488920, 41, 1, 1
6138, 498495058, 18, 2, 1
5658, 498500716, 17, 2, 1
5640, 498506356, 14, 0, 1
11817, 498518173, 44, 6, 1
6177, 498524350, 20, 0, 1
5656, 498530006, 27, 3, 1
5657, 498535663, 17, 0, 1
11763, 498547426, 38, 0, 1
6138, 498553564, 16, 0, 1
5649, 498559213, 28, 0, 1
5628, 498564841, 17, 0, 1
11817, 498576658, 35, 0, 1
6145, 498582803, 15, 0, 1
5637, 498588440, 22, 0, 1
5668, 498594108, 17, 0, 1
11817, 498605925, 34, 4, 1
6138, 498612063, 18, 0, 1
5645, 498617708, 24, 0, 1
5680, 498623388, 27, 0, 1
11771, 498635159, 49, 0, 1
6138, 498641297, 15, 0, 1
5658, 498646955, 11, 3, 1
5646, 498652601, 9, 0, 1
11787, 498664388, 32, 0, 1
6136, 498670524, 29, 0, 1
5615, 498676139, 21, 0, 1
5654, 498681793, 24, 0, 1
13195, 498694988, 125, 14, 1
6138, 498701126, 22, 1, 1
6116, 498707242, 30, 2, 1
5658, 498712900, 31, 17, 1
11773, 498724673, 87, 23, 1
6126, 498730799, 27, 0, 1
6110, 498736909, 37, 0, 1
5651, 498742560, 22, 1, 1
11782, 498754342, 35, 0, 1
6151, 498760493, 16, 0, 1
5635, 498766128, 35, 0, 1
5658, 498771786, 15, 2, 1
11800, 498783586, 71, 10, 1
6138, 498789724, 21, 0, 1
5650, 498795374, 45, 24, 1
5658, 498801032, 12, 0, 1
11806, 498812838, 45, 3, 1
6138, 498818976, 23, 0, 1
5658, 498824634, 16, 4, 1
5658, 498830292, 12, 0, 1
11818, 498842110, 50, 4, 1
6133, 498848243, 30, 0, 1
5658, 498853901, 19, 4, 1
5658, 498859559, 13, 0, 1
11831, 498871390, 44, 6, 1
6132, 498877522, 20, 0, 1
5628, 498883150, 50, 22, 1
5650, 498888800, 25, 0, 1
11818, 498900618, 69, 9, 1
6163, 498906781, 29, 0, 1
6116, 498912897, 37, 0, 1
5663, 498918560, 31, 1, 1
12989, 498931549, 137, 20, 1
6664, 498938213, 22, 0, 1
6590, 498944803, 30, 0, 1
6586, 498951389, 42, 1, 1
12229, 498963618, 47, 0, 1
6095, 498969713, 35, 0, 1
6114, 498975827, 29, 0, 1
6116, 498981943, 18, 0, 1
12232, 498994175, 44, 0, 1
6138, 499000313, 36, 1, 1
6116, 499006429, 24, 0, 1
6096, 499012525, 30, 0, 1
12225, 499024750, 51, 0, 1
6116, 499030866, 20, 0, 1
6110, 499036976, 21, 0, 1
6098, 499043074, 25, 0, 1
23653, 499066727, 645, 129, 1
6126, 499072853, 40, 0, 1
6110, 499078963, 32, 0, 1
7481, 499086444, 67, 24, 1
12219, 499098663, 47, 0, 1
6113, 499104776, 30, 0, 1
6140, 499110916, 27, 0, 1
6109, 499117025, 26, 0, 1
12205, 499129230, 51, 0, 1
6115, 499135345, 33, 0, 1
6116, 499141461, 19, 0, 1
6107, 499147568, 31, 0, 1
11761, 499159329, 31, 2, 1
6151, 499165480, 17, 0, 1
6116, 499171596, 18, 0, 1
5661, 499177257, 28, 0, 1
11796, 499189053, 24, 0, 1
6135, 499195188, 28, 0, 1
6116, 499201304, 27, 0, 1
5639, 499206943, 21, 0, 1
11804, 499218747, 46, 0, 1
6138, 499224885, 17, 0, 1
5652, 499230537, 19, 0, 1
5658, 499236195, 11, 0, 1
11817, 499248012, 34, 0, 1
6133, 499254145, 22, 0, 1
5654, 499259799, 29, 1, 1
5658, 499265457, 11, 0, 1
11814, 499277271, 33, 0, 1
6138, 499283409, 15, 0, 1
5658, 499289067, 13, 0, 1
5658, 499294725, 13, 0, 1
20078, 499314803, 429, 55, 1
6137, 499320940, 34, 0, 1
5658, 499326598, 14, 1, 1
5658, 499332256, 11, 0, 1
11811, 499344067, 36, 0, 1
6145, 499350212, 13, 0, 1
5650, 499355862, 21, 0, 1
5658, 499361520, 9, 0, 1
11801, 499373321, 31, 0, 1
6138, 499379459, 15, 0, 1
5658, 499385117, 10, 0, 1
5657, 499390774, 14, 0, 1
11817, 499402591, 27, 1, 1
6135, 499408726, 28, 0, 1
5658, 499414384, 10, 0, 1
5652, 499420036, 15, 0, 1
11816, 499431852, 34, 0, 1
6114, 499437966, 18, 0, 1
5658, 499443624, 11, 0, 1
5658, 499449282, 11, 0, 1
11841, 499461123, 31, 0, 1
7515, 499468638, 40, 1, 1
6115, 499474753, 20, 0, 1
5649, 499480402, 25, 0, 1
11775, 499492177, 49, 1, 1
6138, 499498315, 29, 0, 1
5657, 499503972, 15, 0, 1
5632, 499509604, 22, 0, 1
11798, 499521402, 28, 0, 1
6124, 499527526, 24, 0, 1
6103, 499533629, 26, 0, 1
5643, 499539272, 25, 0, 1
11809, 499551081, 29, 0, 1
6120, 499557201, 28, 0, 1
5658, 499562859, 14, 1, 1
5658, 499568517, 13, 0, 1
11823, 499580340, 20, 0, 1
6138, 499586478, 16, 0, 1
5644, 499592122, 23, 0, 1
5658, 499597780, 11, 0, 1
11831, 499609611, 20, 0, 1
6135, 499615746, 27, 0, 1
6115, 499621861, 21, 0, 1
11796, 499633657, 22, 0, 1
5656, 499639313, 17, 0, 1
6131, 499645444, 23, 0, 1
6116, 499651560, 19, 0, 1
11793, 499663353, 42, 0, 1
5652, 499669005, 16, 0, 1
6132, 499675137, 16, 0, 1
6125, 499681262, 29, 0, 1
11822, 499693084, 27, 0, 1
5649, 499698733, 26, 0, 1
6122, 499704855, 32, 0, 1
5652, 499710507, 15, 1, 1
11817, 499722324, 25, 0, 1
5656, 499727980, 18, 0, 1
6150, 499734130, 24, 0, 1
5658, 499739788, 16, 0, 1
11807, 499751595, 43, 0, 1
5638, 499757233, 17, 0, 1
6129, 499763362, 27, 0, 1
6114, 499769476, 35, 0, 1
11784, 499781260, 34, 0, 1
5658, 499786918, 13, 0, 1
6102, 499793020, 24, 0, 1
5658, 499798678, 12, 0, 1
11799, 499810477, 34, 0, 1
5636, 499816113, 23, 0, 1
6131, 499822244, 27, 0, 1
5658, 499827902, 10, 0, 1
11829, 499839731, 28, 0, 1
7033, 499846764, 43, 1, 1
6119, 499852883, 25, 0, 1
5658, 499858541, 13, 0, 1
11806, 499870347, 28, 0, 1
5647, 499875994, 23, 2, 1
6144, 499882138, 28, 0, 1
5650, 499887788, 19, 0, 1
11809, 499899597, 37, 0, 1
5660, 499905257, 22, 0, 1
6137, 499911394, 23, 0, 1
5657, 499917051, 16, 1, 1
11809, 499928860, 36, 1, 1
5640, 499934500, 22, 1, 1
6124, 499940624, 31, 0, 1
5644, 499946268, 30, 3, 1
11828, 499958096, 34, 0, 1
5644, 499963740, 25, 0, 1
6133, 499969873, 21, 0, 1
5650, 499975523, 21, 0, 1
11821, 499987344, 34, 0, 1
5650, 499992994, 22, 0, 1
6135, 499999129, 23, 0, 1
6126, 500005255, 29, 0, 1
12245, 500017500, 31, 0, 1
5640, 500023140, 19, 0, 1
6138, 500029278, 15, 0, 1
5658, 500034936, 12, 0, 1
11774, 500046710, 41, 0, 1
5658, 500052368, 13, 0, 1
6107, 500058475, 28, 0, 1
5652, 500064127, 14, 0, 1
11831, 500075958, 29, 1, 1
5652, 500081610, 13, 1, 1
6039, 500087649, 31, 0, 1
5658, 500093307, 13, 2, 1
11809, 500105116, 36, 1, 1
5666, 500110782, 30, 0, 1
6144, 500116926, 29, 0, 1
5628, 500122554, 20, 0, 1
11818, 500134372, 25, 0, 1
5657, 500140029, 21, 0, 1
6138, 500146167, 16, 0, 1
5651, 500151818, 16, 0, 1
11831, 500163649, 26, 0, 1
5645, 500169294, 18, 0, 1
6138, 500175432, 16, 0, 1
5650, 500181082, 22, 0, 1
11818, 500192900, 25, 0, 1
5658, 500198558, 25, 0, 1
6151, 500204709, 18, 0, 1
5658, 500210367, 12, 0, 1
13195, 500223562, 69, 5, 1
5633, 500229195, 22, 0, 1
6142, 500235337, 32, 0, 1
5639, 500240976, 26, 0, 1
11817, 500252793, 39, 1, 1
5658, 500258451, 13, 0, 1
6138, 500264589, 17, 0, 1
5658, 500270247, 13, 1, 1
11808, 500282055, 47, 0, 1
5652, 500287707, 13, 0, 1
6131, 500293838, 23, 0, 1
5655, 500299493, 23, 0, 1
11837, 500311330, 42, 0, 1
5658, 500316988, 17, 0, 1
6118, 500323106, 29, 0, 1
5652, 500328758, 24, 0, 1
11818, 500340576, 26, 0, 1
5645, 500346221, 19, 0, 1
6156, 500352377, 29, 0, 1
5651, 500358028, 17, 0, 1
11812, 500369840, 28, 0, 1
5657, 500375497, 23, 0, 1
6134, 500381631, 30, 0, 1
5626, 500387257, 21, 0, 1
11819, 500399076, 49, 0, 1
5650, 500404726, 22, 0, 1
6125, 500410851, 23, 0, 1
5650, 500416501, 21, 0, 1
11821, 500428322, 32, 0, 1
5658, 500433980, 12, 0, 1
6164, 500440144, 18, 0, 1
5652, 500445796, 25, 0, 1
11818, 500457614, 27, 0, 1
5658, 500463272, 9, 0, 1
6132, 500469404, 19, 0, 1
5652, 500475056, 11, 0, 1
20630, 500495686, 461, 365, 1
5658, 500501344, 27, 5, 1
6138, 500507482, 25, 0, 1
5645, 500513127, 18, 0, 1
11787, 500524914, 38, 0, 1
5658, 500530572, 13, 0, 1
6124, 500536696, 25, 0, 1
5632, 500542328, 21, 0, 1
11813, 500554141, 27, 0, 1
5652, 500559793, 13, 0, 1
6130, 500565923, 26, 0, 1
5652, 500571575, 12, 0, 1
11818, 500583393, 22, 0, 1
5657, 500589050, 16, 0, 1
6139, 500595189, 20, 0, 1
5646, 500600835, 18, 0, 1
13182, 500614017, 53, 0, 1
5655, 500619672, 23, 1, 1
6135, 500625807, 25, 0, 1
5631, 500631438, 19, 0, 1
11816, 500643254, 35, 0, 1
5631, 500648885, 21, 0, 1
6141, 500655026, 23, 0, 1
5658, 500660684, 10, 0, 1
11818, 500672502, 18, 0, 1
5658, 500678160, 12, 0, 1
6151, 500684311, 17, 0, 1
5646, 500689957, 20, 0, 1
11815, 500701772, 32, 0, 1
5658, 500707430, 11, 0, 1
6138, 500713568, 18, 0, 1
5640, 500719208, 18, 0, 1
11834, 500731042, 38, 0, 1
5658, 500736700, 12, 0, 1
6138, 500742838, 18, 0, 1
5645, 500748483, 18, 0, 1
11818, 500760301, 25, 0, 1
5658, 500765959, 11, 0, 1
6132, 500772091, 18, 0, 1
5658, 500777749, 12, 0, 1
11816, 500789565, 37, 0, 1
5658, 500795223, 10, 0, 1
6124, 500801347, 22, 0, 1
5651, 500806998, 16, 0, 1
11806, 500818804, 32, 0, 1
5645, 500824449, 17, 0, 1
6170, 500830619, 27, 0, 1
6116, 500836735, 18, 0, 1
11788, 500848523, 42, 0, 1
5660, 500854183, 26, 0, 1
9477, 500863660, 184, 40, 1
891628, 501755288, 15540, 5276, 9
13378, 501768666, 125, 15, 1
12683, 501781349, 415, 178, 1
6680, 501788029, 56, 1, 1
6711, 501794740, 43, 3, 1
14656, 501809396, 200, 89, 1
6624, 501816020, 34, 0, 1
6647, 501822667, 39, 2, 1
