5,1.0,394313661.25,3889417319.267523
4,394313662.25,419323904.9,2021348296.0527227
7,419323905.9,480029863.75000006,1078954198.302667
9,480029864.75000006,501769138.04,710127551.439987
0,501769139.04,534333243.57000005,239763616.18792993
4,534333244.57000005,895200077.7400001,2021348296.0527227
8,895200078.7400001,1284959468.22,3021399624.513291
2,1284959469.22,1385594370.92,3036024722.4208217
6,1385594371.92,1989365379.4900002,4889939584.3099985
2,1989365380.4900002,2083344770.9849498,3036024722.4208217
4,2083344771.9849498,2092474005.6623693,2021348296.0527227
0,2092474006.6623693,2129949856.0552263,239763616.18792993
2,2129949857.0552263,2145816545.6552262,3036024722.4208217
0,2145816546.6552262,2165701127.321893,239763616.18792993
9,2165701128.321893,2169622438.321893,710127551.439987
4,2169622439.321893,2190649647.321893,2021348296.0527227
6,2190649648.321893,2857945777.321893,4889939584.3099985
2,2857945778.321893,2915656923.321893,3036024722.4208217
4,2915656924.321893,2919916209.321893,2021348296.0527227
