5,1.0,393270863.65999997,3889417319.267523
4,393270864.65999997,422128379.35999995,2021348296.0527227
7,422128380.35999995,474440298.68999994,1078954198.302667
4,474440299.68999994,489123502.04999995,2021348296.0527227
3,489123503.04999995,519618163.18999994,1647012626.1522777
4,519618164.18999994,539864237.7199999,2021348296.0527227
1,539864238.7199999,1291054770.48,4437195218.808543
2,1291054771.48,1315009330.97,3036024722.4208217
3,1315009331.97,1335047326.53,1647012626.1522777
2,1335047327.53,1364910384.99,3036024722.4208217
6,1364910385.99,2004434295.7,4889939584.3099985
2,2004434296.7,2070848969.8899999,3036024722.4208217
3,2070848970.8899999,2090702264.2299998,1647012626.1522777
4,2090702265.2299998,2097837875.7699997,2021348296.0527227
8,2097837876.7699997,2099104944.7699997,3021399624.513291
