0,1,153206193.68,2967176654.3650727
2,153206194.68,179361581.24,2644991375.7880425
6,179361582.24,205054918.09,2131834795.7711167
2,205054919.09,235997799.45,2644991375.7880425
0,235997800.45,1188098143.47,2967176654.3650727
2,1188098144.47,1983505088.8400004,2644991375.7880425
13,1983505089.8400004,3808403535.1200013,2697371521.4486256
2,3808403536.1200013,3832908284.530001,2644991375.7880425
6,3832908285.530001,3888314932.1400013,2131834795.7711167
7,3888314933.1400013,3894177504.3700013,542489602.1879772
10,3894177505.3700013,4066702896.834276,797661017.4990699
