5,1.0,392283588.20000005,3889417319.267523
4,392283589.20000005,421260032.74000007,2021348296.0527227
7,421260033.74000007,480354028.68000007,1078954198.302667
4,480354029.68000007,492353600.8500001,2021348296.0527227
3,492353601.8500001,525235363.1700001,1647012626.1522777
2,525235364.1700001,559674528.83,3036024722.4208217
1,559674529.83,1264224578.2800002,4437195218.808543
2,1264224579.2800002,1301481838.6200001,3036024722.4208217
3,1301481839.6200001,1340856320.5700002,1647012626.1522777
2,1340856321.5700002,1383202032.9,3036024722.4208217
6,1383202033.9,2020069995.9,4889939584.3099985
4,2020069996.9,2052385674.7900002,2021348296.0527227
2,2052385675.7900002,2073984484.2700002,3036024722.4208217
3,2073984485.2700002,2090409170.1900003,1647012626.1522777
0,2090409171.1900003,2092974832.379474,239763616.18792993
