0,1,152737830.5,2967176654.3650727
2,152737831.5,181751955.43,2644991375.7880425
6,181751956.43,215604227.92000002,2131834795.7711167
0,215604228.92000002,370288907.26000005,2967176654.3650727
5,370288908.26000005,1000150631.36,2889592776.231653
0,1000150632.36,1029667731.44,2967176654.3650727
5,1029667732.44,1059163886.0100001,2889592776.231653
0,1059163887.0100001,2103301024.7499998,2967176654.3650727
13,2103301025.7499998,2131384055.7499998,2697371521.4486256
0,2131384056.7499998,2159496837.45,2967176654.3650727
13,2159496838.45,3810942886.3099985,2697371521.4486256
0,3810942887.3099985,3836957886.2199984,2967176654.3650727
6,3836957887.2199984,3881500115.379998,2131834795.7711167
3,3881500116.379998,3896284675.789998,1443023607.5620902
1,3896284676.789998,3943709919.9899983,1404728713.4590423
6,3943709920.9899983,3961575993.8899984,2131834795.7711167
10,3961575994.8899984,3978935491.34017,797661017.4990699
6,3978935492.34017,3997942712.34017,2131834795.7711167
3,3997942713.34017,4008467979.34017,1443023607.5620902
1,4008467980.34017,4055807904.34017,1404728713.4590423
6,4055807905.34017,4075449295.34017,2131834795.7711167
10,4075449296.34017,4075694108.34017,797661017.4990699
