1906249 1906249 43298 817
6773616 8679865 81816 10157
18887630 27567495 19567 4998
13402926 40970421 15038 3456
18313678 59284099 21502 4430
19123469 78407568 17729 4973
18150843 96558411 23654 6651
18747210 115305621 18365 4814
18757997 134063618 18298 4822
19191089 153254707 20695 4940
19293002 172547709 18795 5077
19054697 191602406 19258 4300
19195131 210797537 19631 5156
19059406 229856943 19788 4934
18686617 248543560 18798 4684
18191984 266735544 23377 4482
18787433 285522977 20386 4788
19250591 304773568 18937 4848
19310941 324084509 18635 5020
19359101 343443610 19172 5230
19256954 362700564 19211 5048
19338017 382038581 18877 4920
19209294 401247875 19540 5117
19360016 420607891 18819 5063
19292443 439900334 19354 4749
19295258 459195592 18803 5211
19328363 478523955 19144 5182
14090882 492614837 29680 1724
4673278 497288115 9766 317
6113 497294228 43 0
5656 497299884 23 0
5658 497305542 10 0
11812 497317354 32 0
6151 497323505 17 0
5658 497329163 11 0
5646 497334809 14 0
11787 497346596 41 0
6132 497352728 16 0
5656 497358384 21 0
5658 497364042 12 0
11807 497375849 35 0
6120 497381969 23 0
5658 497387627 12 0
5651 497393278 18 0
11776 497405054 33 0
6151 497411205 22 0
5652 497416857 14 0
5658 497422515 13 0
13171 497435686 117 7
6108 497441794 24 0
5658 497447452 12 0
5658 497453110 15 0
11831 497464941 43 0
6138 497471079 20 0
5634 497476713 20 0
5658 497482371 15 0
11812 497494183 30 0
6138 497500321 18 0
5658 497505979 10 0
5652 497511631 17 0
11812 497523443 33 0
6138 497529581 19 0
5645 497535226 18 0
5652 497540878 22 0
11818 497552696 23 0
6151 497558847 18 0
5658 497564505 13 0
5658 497570163 10 0
11818 497581981 22 0
6138 497588119 17 0
5658 497593777 11 0
5646 497599423 18 0
11831 497611254 29 0
6138 497617392 16 0
5658 497623050 15 0
5658 497628708 10 0
11775 497640483 41 0
15220 497655703 322 18
5620 497661323 46 0
5658 497666981 15 0
11786 497678767 38 0
6114 497684881 24 0
5651 497690532 23 0
5646 497696178 13 0
11811 497707989 33 0
6132 497714121 22 0
5634 497719755 15 0
5652 497725407 20 0
11788 497737195 34 0
6138 497743333 18 0
5622 497748955 17 0
5658 497754613 10 0
11831 497766444 28 0
6138 497772582 21 0
5658 497778240 14 0
5645 497783885 21 0
11806 497795691 41 0
6145 497801836 19 0
5658 497807494 12 0
5658 497813152 13 0
14379 497827531 115 1
6664 497834195 23 0
6333 497840528 13 0
5649 497846177 13 0
12765 497858942 35 0
6102 497865044 22 0
6116 497871160 20 0
6116 497877276 16 0
12219 497889495 38 0
6122 497895617 28 0
6116 497901733 14 0
6116 497907849 17 0
12205 497920054 44 0
6116 497926170 19 0
6116 497932286 14 0
6074 497938360 24 0
12226 497950586 35 0
6104 497956690 21 0
6098 497962788 21 0
6110 497968898 18 0
12232 497981130 34 0
6123 497987253 16 0
6119 497993372 28 0
5638 497999010 17 0
11775 498010785 31 0
6120 498016905 23 0
5652 498022557 15 0
5657 498028214 17 0
11818 498040032 20 0
6151 498046183 19 0
5640 498051823 14 0
5658 498057481 15 0
11818 498069299 30 0
6132 498075431 24 0
5658 498081089 11 0
5658 498086747 23 0
11824 498098571 26 0
6120 498104691 18 0
5658 498110349 11 0
11818 498122167 22 0
5658 498127825 9 0
6139 498133964 21 0
5658 498139622 12 0
11811 498151433 25 0
5658 498157091 10 0
6132 498163223 18 0
5634 498168857 18 0
11831 498180688 21 0
5651 498186339 14 0
6107 498192446 20 0
5652 498198098 14 0
13188 498211286 42 0
5652 498216938 15 0
6126 498223064 21 0
5652 498228716 13 0
11820 498240536 38 0
5658 498246194 19 0
6138 498252332 16 0
5658 498257990 12 0
11814 498269804 36 0
5652 498275456 13 0
6139 498281595 19 0
5621 498287216 18 0
11800 498299016 26 0
5658 498304674 13 0
6137 498310811 16 0
5652 498316463 12 0
11816 498328279 34 0
5658 498333937 19 0
6132 498340069 16 0
5628 498345697 16 0
11814 498357511 31 0
5652 498363163 14 0
6151 498369314 17 0
5652 498374966 14 0
11787 498386753 42 0
5652 498392405 17 0
6138 498398543 17 0
5640 498404183 17 0
11819 498416002 27 0
5652 498421654 12 0
6132 498427786 20 0
5652 498433438 16 0
11799 498445237 30 0
5658 498450895 19 0
6138 498457033 15 0
5646 498462679 18 0
11831 498474510 29 0
5658 498480168 16 0
6108 498486276 19 0
5644 498491920 19 0
11803 498503723 35 0
5658 498509381 10 0
6145 498515526 16 0
5658 498521184 15 0
11824 498533008 26 0
5658 498538666 12 0
6138 498544804 15 0
5658 498550462 11 0
11805 498562267 37 0
5651 498567918 22 0
6132 498574050 19 0
7011 498581061 29 0
11817 498592878 34 0
5651 498598529 15 0
6146 498604675 23 0
5651 498610326 19 0
11804 498622130 38 0
5658 498627788 21 0
6138 498633926 20 0
5645 498639571 18 0
11817 498651388 32 0
5658 498657046 13 0
6113 498663159 20 0
5640 498668799 13 0
11805 498680604 42 0
5646 498686250 17 0
6138 498692388 18 0
5645 498698033 19 0
11830 498709863 31 0
5657 498715520 16 0
6145 498721665 14 0
5626 498727291 19 0
11799 498739090 33 0
5658 498744748 13 0
6151 498750899 16 0
5658 498756557 13 0
11812 498768369 21 0
5658 498774027 17 0
6119 498780146 26 0
5658 498785804 12 0
11820 498797624 25 0
5651 498803275 17 0
6132 498809407 15 0
5634 498815041 16 0
11812 498826853 25 0
5652 498832505 11 0
6144 498838649 27 0
5652 498844301 12 0
11812 498856113 24 0
5658 498861771 12 0
6138 498867909 15 0
5658 498873567 13 0
11813 498885380 30 0
5652 498891032 15 0
6137 498897169 18 0
5658 498902827 9 0
11818 498914645 27 0
5658 498920303 10 0
6138 498926441 19 0
5658 498932099 11 0
11818 498943917 30 0
5658 498949575 13 0
7515 498957090 27 0
5658 498962748 10 0
11818 498974566 25 0
5658 498980224 13 0
6164 498986388 16 0
5658 498992046 9 0
11805 499003851 31 0
5652 499009503 13 0
6138 499015641 18 0
5658 499021299 9 0
11788 499033087 36 0
5652 499038739 11 0
6108 499044847 21 0
5658 499050505 10 0
11788 499062293 24 0
5658 499067951 10 0
6151 499074102 17 0
5658 499079760 12 0
11818 499091578 25 0
5658 499097236 12 0
6132 499103368 18 0
5658 499109026 12 0
11831 499120857 26 0
5658 499126515 11 0
6138 499132653 13 0
5658 499138311 11 0
11818 499150129 26 0
5658 499155787 14 0
6126 499161913 21 0
5634 499167547 18 0
11817 499179364 29 0
5658 499185022 18 0
6138 499191160 17 0
5658 499196818 9 0
11818 499208636 28 0
5658 499214294 15 0
6151 499220445 18 0
5658 499226103 16 0
11810 499237913 25 0
5658 499243571 12 0
6132 499249703 19 0
5658 499255361 12 0
11824 499267185 32 0
5658 499272843 9 0
6120 499278963 17 0
5652 499284615 11 0
11803 499296418 36 0
5658 499302076 11 0
6151 499308227 15 0
5634 499313861 13 0
11812 499325673 29 0
7035 499332708 26 0
6138 499338846 19 0
5643 499344489 21 0
11831 499356320 35 0
5658 499361978 12 0
6135 499368113 26 0
5658 499373771 10 0
11824 499385595 24 0
5658 499391253 12 0
6138 499397391 17 0
5658 499403049 11 0
11801 499414850 30 0
5639 499420489 20 0
6132 499426621 20 0
5658 499432279 9 0
11812 499444091 21 0
5657 499449748 18 0
6152 499455900 18 0
5658 499461558 13 0
11821 499473379 38 0
5639 499479018 15 0
6138 499485156 16 0
5658 499490814 12 0
11831 499502645 26 0
5658 499508303 10 0
6138 499514441 15 0
5622 499520063 17 0
11794 499531857 24 0
5658 499537515 9 0
6151 499543666 13 0
904137 500447803 15445 2465
12501 500460304 602 0
6111 500466415 24 1
6716 500473131 31 0
6665 500479796 21 0
19122 500498918 451 52
6733 500505651 26 0
6684 500512335 22 0
1963764 1963764 43687 852
7439617 9403381 81148 10084
19342011 28745392 19340 4944
13341621 42087013 16606 3481
18849744 60936757 19370 4658
19538089 80474846 18801 5038
18618293 99093139 24304 6644
18912069 118005208 19183 4910
19255907 137261115 19440 4963
19506107 156767222 20936 5005
19625799 176393021 19363 5122
19400407 195793428 18909 4553
19545359 215338787 19767 5202
19360908 234699695 20300 4918
18982827 253682522 20230 4633
18548317 272230839 22694 4405
19319688 291550527 19765 5203
19560760 311111287 18944 5039
19616927 330728214 18768 5104
19631589 350359803 19188 5296
19489800 369849603 19392 5192
19625092 389474695 18968 5056
19596958 409071653 18578 5307
19650121 428721774 18674 5130
19564268 448286042 18921 4815
19558928 467844970 18111 5258
17920603 485765573 29390 4513
10380956 496146529 16001 91
1133338 497279867 4175 325
6110 497285977 35 0
5658 497291635 14 0
5658 497297293 14 0
11794 497309087 35 0
6138 497315225 14 0
5658 497320883 9 0
5658 497326541 10 0
11812 497338353 28 0
6136 497344489 31 0
5645 497350134 16 0
5640 497355774 19 0
11793 497367567 39 0
6132 497373699 28 0
5646 497379345 13 0
5657 497385002 16 0
11784 497396786 49 0
6126 497402912 22 0
5658 497408570 9 0
5658 497414228 9 0
11789 497426017 26 0
6138 497432155 18 0
5650 497437805 14 0
5645 497443450 18 0
11783 497455233 36 0
6138 497461371 16 0
5658 497467029 9 0
5658 497472687 7 0
11811 497484498 42 0
6132 497490630 21 0
5634 497496264 13 0
5658 497501922 11 0
11808 497513730 33 0
6151 497519881 15 0
5657 497525538 13 0
5649 497531187 24 0
11775 497542962 33 0
6138 497549100 15 0
5621 497554721 17 0
5640 497560361 22 0
13190 497573551 96 0
6126 497579677 18 0
5666 497585343 22 0
5662 497591005 20 0
11818 497602823 21 0
6151 497608974 16 0
5640 497614614 15 0
5658 497620272 9 0
11790 497632062 46 0
6124 497638186 20 0
5646 497643832 12 0
5658 497649490 11 0
11823 497661313 46 0
6090 497667403 23 0
5658 497673061 13 0
5651 497678712 13 0
11803 497690515 41 0
6132 497696647 16 0
5651 497702298 17 0
5658 497707956 9 0
11813 497719769 33 0
6138 497725907 17 0
5628 497731535 16 0
5652 497737187 10 0
11816 497749003 37 0
6151 497755154 17 0
5639 497760793 25 0
5658 497766451 8 0
11818 497778269 22 0
6138 497784407 14 0
5657 497790064 15 0
5639 497795703 26 0
21613 497817316 391 12
6767 497824083 61 1
6373 497830456 14 0
6333 497836789 13 0
12262 497849051 40 0
6151 497855202 17 0
6116 497861318 19 0
6110 497867428 31 0
12226 497879654 36 0
6115 497885769 22 0
6093 497891862 30 0
6074 497897936 29 0
12213 497910149 50 0
6079 497916228 26 0
6109 497922337 35 0
6079 497928416 26 0
12188 497940604 41 0
6092 497946696 21 0
6117 497952813 24 0
6116 497958929 17 0
13609 497972538 47 0
6116 497978654 18 0
5645 497984299 21 0
5658 497989957 12 0
12289 498002246 34 0
6083 498008329 26 0
5651 498013980 19 0
5658 498019638 12 0
11804 498031442 32 0
6138 498037580 15 0
5646 498043226 17 0
5657 498048883 28 0
11804 498060687 32 0
6101 498066788 27 0
5663 498072451 19 0
11802 498084253 41 0
5638 498089891 19 0
6152 498096043 29 0
5652 498101695 12 0
11800 498113495 27 0
5658 498119153 11 0
6137 498125290 29 0
5658 498130948 12 0
11819 498142767 28 0
5661 498148428 27 0
6102 498154530 26 0
5644 498160174 25 0
11805 498171979 36 0
5645 498177624 23 0
6132 498183756 19 0
5658 498189414 12 0
11823 498201237 46 0
5651 498206888 16 0
6114 498213002 23 0
5626 498218628 22 0
11816 498230444 34 0
5632 498236076 23 0
6151 498242227 19 0
5658 498247885 10 0
11818 498259703 22 0
5668 498265371 26 0
6113 498271484 26 0
5658 498277142 14 0
11833 498288975 34 0
5658 498294633 12 0
6107 498300740 25 0
5658 498306398 13 0
11817 498318215 31 0
5657 498323872 23 0
6136 498330008 33 0
5627 498335635 23 0
13183 498348818 46 0
5666 498354484 27 0
6134 498360618 31 0
5626 498366244 20 0
11825 498378069 29 0
5640 498383709 14 0
6138 498389847 17 0
5628 498395475 24 0
11816 498407291 40 0
5642 498412933 21 0
6126 498419059 19 0
5627 498424686 21 0
11825 498436511 23 0
5658 498442169 13 0
6126 498448295 20 0
5658 498453953 17 0
11810 498465763 27 0
5633 498471396 25 0
6168 498477564 28 0
5650 498483214 19 0
11822 498495036 32 0
5652 498500688 11 0
6126 498506814 20 0
5658 498512472 12 0
11801 498524273 31 0
5638 498529911 18 0
6138 498536049 16 0
5663 498541712 20 0
11788 498553500 26 0
5657 498559157 23 0
6127 498565284 16 0
5662 498570946 20 0
11812 498582758 41 0
5658 498588416 10 0
6113 498594529 27 0
5645 498600174 15 0
11824 498611998 31 0
5658 498617656 10 0
6138 498623794 16 0
5643 498629437 23 0
11817 498641254 22 0
5657 498646911 22 0
6137 498653048 21 0
5634 498658682 17 0
11831 498670513 20 0
5649 498676162 15 0
6114 498682276 22 0
5632 498687908 21 0
11804 498699712 36 0
5626 498705338 21 0
6159 498711497 32 0
7017 498718514 31 0
11815 498730329 33 0
5658 498735987 17 0
6119 498742106 24 0
5658 498747764 9 0
11819 498759583 31 0
5645 498765228 24 0
6111 498771339 27 0
5640 498776979 16 0
11787 498788766 46 0
5574 498794340 9 0
6151 498800491 15 0
5658 498806149 13 0
11806 498817955 30 0
5646 498823601 12 0
6120 498829721 19 0
5645 498835366 15 0
11831 498847197 30 0
5660 498852857 19 0
6139 498858996 24 0
5645 498864641 17 0
11799 498876440 32 0
5639 498882079 20 0
6138 498888217 16 0
5658 498893875 11 0
11821 498905696 43 0
5656 498911352 26 0
6120 498917472 19 0
5660 498923132 20 0
11818 498934950 30 0
5651 498940601 16 0
6142 498946743 28 0
5646 498952389 14 0
11804 498964193 37 0
5640 498969833 17 0
6138 498975971 17 0
5649 498981620 25 0
11790 498993410 44 0
5649 498999059 26 0
6138 499005197 17 0
5658 499010855 12 0
11782 499022637 29 0
5648 499028285 28 0
6128 499034413 25 0
5658 499040071 12 0
11804 499051875 39 0
5652 499057527 13 0
6138 499063665 15 0
5658 499069323 9 0
11789 499081112 30 0
5674 499086786 24 0
7503 499094289 35 0
5642 499099931 24 0
11820 499111751 34 0
5652 499117403 14 0
6129 499123532 30 0
5658 499129190 19 0
11817 499141007 35 0
5649 499146656 25 0
6117 499152773 26 0
5658 499158431 10 0
11817 499170248 32 0
5652 499175900 16 0
6142 499182042 28 0
5660 499187702 24 0
11811 499199513 28 0
5668 499205181 23 0
6095 499211276 23 0
5646 499216922 11 0
11836 499228758 32 0
5648 499234406 22 0
6112 499240518 27 0
5628 499246146 14 0
11788 499257934 29 0
5658 499263592 12 0
6151 499269743 17 0
5658 499275401 12 0
11782 499287183 30 0
5657 499292840 22 0
6138 499298978 14 0
5636 499304614 23 0
11824 499316438 27 0
5658 499322096 10 0
6113 499328209 24 0
5646 499333855 20 0
11799 499345654 29 0
5644 499351298 18 0
6139 499357437 34 0
5651 499363088 12 0
11822 499374910 31 0
5652 499380562 15 0
6107 499386669 26 0
5646 499392315 14 0
11806 499404121 25 0
5650 499409771 22 0
6125 499415896 23 0
5658 499421554 11 0
11780 499433334 35 0
5658 499438992 13 0
6138 499445130 16 0
5658 499450788 14 0
11842 499462630 32 0
7035 499469665 29 0
6138 499475803 18 0
5658 499481461 13 0
11798 499493259 33 0
5646 499498905 21 0
6151 499505056 18 0
5634 499510690 19 0
11825 499522515 36 0
5652 499528167 16 0
6138 499534305 18 0
5639 499539944 20 0
11800 499551744 40 0
5658 499557402 14 0
6126 499563528 24 0
5658 499569186 11 0
18830 499588016 316 15
909881 500497897 15198 2241
6435 500504332 46 0
14449 500518781 337 33
18675 500537456 431 32
7066 500544522 31 0
6654 500551176 25 0
8518 500559694 138 8
13125 500572819 45 0
3723156 3723156 71626 2640
11447862 15171018 60331 10754
19601078 34772096 16981 5045
18813542 53585638 19737 4910
19337724 72923362 21241 5043
19504581 92427943 17706 5085
19415218 111843161 17737 5122
19542859 131386020 17958 5077
18311381 149697401 24465 6445
19529598 169226999 18145 5061
19237712 188464711 18415 4423
19490360 207955071 18241 5203
19440428 227395499 21144 5105
19535659 246931158 18034 4884
18887322 265818480 23789 4652
19125370 284943850 18467 5001
19085467 304029317 20471 4704
19165412 323194729 18782 5102
19561583 342756312 19336 5191
19588182 362344494 18434 5198
19647580 381992074 18927 5059
19524256 401516330 19500 5188
19629837 421146167 19404 5129
19659699 440805866 18601 4793
19516562 460322428 19883 5255
19558778 479881206 19349 5290
12982569 492863775 29790 1065
3524803 496388578 8107 272
11783 496400361 423 6
6149 496406510 36 0
5645 496412155 17 0
5658 496417813 13 0
11801 496429614 33 0
6126 496435740 18 0
5645 496441385 17 0
5652 496447037 13 0
11786 496458823 41 0
6120 496464943 19 0
5642 496470585 23 0
5652 496476237 15 0
11774 496488011 42 0
6116 496494127 31 0
5658 496499785 12 0
5634 496505419 16 0
11779 496517198 46 0
6151 496523349 17 0
5632 496528981 23 0
5657 496534638 13 0
11818 496546456 16 0
6103 496552559 25 0
5652 496558211 15 0
5658 496563869 10 0
11824 496575693 25 0
6124 496581817 30 0
5633 496587450 20 0
5652 496593102 13 0
11817 496604919 28 0
6164 496611083 14 0
5646 496616729 17 0
5658 496622387 10 0
11809 496634196 34 0
6137 496640333 26 0
5652 496645985 16 0
11799 496657784 44 0
5657 496663441 34 0
6138 496669579 18 0
5658 496675237 12 0
11817 496687054 32 0
5627 496692681 22 0
6096 496698777 23 0
5622 496704399 17 0
11789 496716188 39 0
5658 496721846 12 0
6126 496727972 19 0
5652 496733624 14 0
13188 496746812 113 5
5657 496752469 16 0
6138 496758607 24 0
5646 496764253 21 0
11800 496776053 26 0
5649 496781702 22 0
6124 496787826 33 0
5652 496793478 12 0
11831 496805309 20 0
5649 496810958 22 0
6119 496817077 24 0
5658 496822735 23 0
11818 496834553 28 0
5649 496840202 22 0
6108 496846310 27 0
5645 496851955 19 0
11818 496863773 28 0
5652 496869425 21 0
6132 496875557 26 0
5658 496881215 14 0
11831 496893046 35 0
5645 496898691 23 0
6132 496904823 21 0
5658 496910481 13 0
11807 496922288 42 0
6374 496928662 56 0
9687 496938349 241 10
6354 496944703 44 0
21987 496966690 371 17
5658 496972348 35 0
6126 496978474 18 0
6106 496984580 34 0
12251 496996831 58 0
6139 497002970 31 0
6115 497009085 32 0
6104 497015189 21 0
12222 497027411 44 0
6098 497033509 20 0
6080 497039589 23 0
6091 497045680 25 0
12227 497057907 38 0
6090 497063997 24 0
6116 497070113 17 0
6108 497076221 25 0
12196 497088417 37 0
6092 497094509 26 0
6129 497100638 18 0
6074 497106712 23 0
11790 497118502 27 0
6073 497124575 26 0
6116 497130691 14 0
5632 497136323 22 0
13195 497149518 49 0
5658 497155176 13 0
6138 497161314 14 0
5631 497166945 22 0
11812 497178757 27 0
5658 497184415 10 0
6124 497190539 21 0
5646 497196185 16 0
11811 497207996 33 0
5658 497213654 13 0
6138 497219792 14 0
5610 497225402 17 0
11821 497237223 28 0
5646 497242869 12 0
6132 497249001 21 0
5634 497254635 20 0
11786 497266421 29 0
5639 497272060 18 0
6138 497278198 16 0
5645 497283843 17 0
11831 497295674 31 0
5652 497301326 14 0
6120 497307446 22 0
5658 497313104 8 0
11812 497324916 35 0
5652 497330568 14 0
6132 497336700 20 0
5639 497342339 17 0
11763 497354102 39 0
5633 497359735 15 0
6114 497365849 20 0
5646 497371495 11 0
11826 497383321 33 0
5652 497388973 15 0
6132 497395105 21 0
5658 497400763 7 0
11805 497412568 28 0
5658 497418226 9 0
6138 497424364 13 0
5639 497430003 15 0
11801 497441804 27 0
5652 497447456 19 0
6113 497453569 23 0
5638 497459207 23 0
11806 497471013 29 0
5639 497476652 19 0
6151 497482803 15 0
5626 497488429 22 0
11799 497500228 38 0
5664 497505892 26 0
6096 497511988 22 0
7009 497518997 34 0
11805 497530802 33 0
5646 497536448 21 0
6120 497542568 22 0
5640 497548208 19 0
11805 497560013 45 0
5658 497565671 11 0
6127 497571798 19 0
5658 497577456 10 0
11785 497589241 39 0
5621 497594862 20 0
6131 497600993 23 0
5652 497606645 15 0
11783 497618428 32 0
5658 497624086 10 0
6126 497630212 18 0
5627 497635839 16 0
11811 497647650 24 0
5637 497653287 24 0
6117 497659404 30 0
5658 497665062 10 0
11805 497676867 30 0
5658 497682525 11 0
6138 497688663 16 0
5610 497694273 18 0
11799 497706072 31 0
5656 497711728 16 1
14345 497726073 250 81
5645 497731718 30 1
11818 497743536 25 0
5655 497749191 18 0
6138 497755329 16 0
5643 497760972 21 0
11821 497772793 35 0
5646 497778439 10 0
6111 497784550 28 0
5658 497790208 11 0
11797 497802005 37 0
5658 497807663 10 0
6151 497813814 16 0
5658 497819472 9 0
11804 497831276 27 0
5657 497836933 15 0
6138 497843071 15 0
5658 497848729 10 0
11805 497860534 24 0
5658 497866192 12 0
6138 497872330 19 0
6103 497878433 27 0
11795 497890228 26 0
5646 497895874 14 0
7509 497903383 36 0
5658 497909041 17 0
11831 497920872 26 0
5658 497926530 13 0
6132 497932662 21 0
5652 497938314 13 0
11806 497950120 30 0
5658 497955778 12 0
6151 497961929 15 0
5651 497967580 19 0
11816 497979396 29 0
5658 497985054 9 0
6138 497991192 14 0
5658 497996850 9 0
11831 498008681 22 0
5658 498014339 10 0
6132 498020471 18 0
5658 498026129 9 0
11804 498037933 31 0
5645 498043578 15 0
6158 498049736 18 0
5658 498055394 12 0
11803 498067197 33 0
5658 498072855 11 0
6126 498078981 22 0
5658 498084639 10 0
11837 498096476 24 0
5658 498102134 10 0
6138 498108272 14 0
5658 498113930 13 0
11793 498125723 31 0
5658 498131381 11 0
6137 498137518 21 0
5652 498143170 11 0
11825 498154995 34 0
5658 498160653 11 0
6137 498166790 17 0
5658 498172448 11 0
11793 498184241 27 0
5658 498189899 12 0
6151 498196050 16 0
5658 498201708 9 0
11810 498213518 24 0
5651 498219169 13 0
6138 498225307 22 0
5659 498230966 29 0
11830 498242796 24 0
5658 498248454 9 0
6138 498254592 14 0
5640 498260232 16 0
11788 498272020 34 0
7028 498279048 25 0
6156 498285204 18 0
5658 498290862 10 0
11810 498302672 29 0
5658 498308330 8 0
6137 498314467 17 0
5658 498320125 11 0
11830 498331955 22 0
5658 498337613 11 0
6138 498343751 13 0
5658 498349409 13 0
11817 498361226 24 0
5658 498366884 11 0
6138 498373022 16 0
5646 498378668 13 0
11807 498390475 28 0
5658 498396133 10 0
6138 498402271 15 0
5658 498407929 9 0
11793 498419722 33 0
5658 498425380 11 0
6151 498431531 19 0
5658 498437189 10 0
11800 498448989 23 0
5658 498454647 10 0
6132 498460779 15 0
5658 498466437 9 0
11806 498478243 36 0
5658 498483901 13 0
6138 498490039 20 0
5658 498495697 11 0
11818 498507515 26 0
5658 498513173 11 0
6164 498519337 17 0
5658 498524995 11 0
11824 498536819 22 0
5658 498542477 12 0
6138 498548615 17 0
5658 498554273 12 0
11812 498566085 29 0
5658 498571743 11 0
6138 498577881 16 0
5652 498583533 12 0
11812 498595345 24 0
5622 498600967 18 0
6138 498607105 15 0
5651 498612756 13 0
12700 498625456 101 14
5658 498631114 12 0
6137 498637251 21 0
5652 498642903 10 0
13165 498656068 42 0
5658 498661726 12 0
6151 498667877 19 0
11316 498679193 14 0
6160 498685353 20 0
5658 498691011 12 0
913583 499604594 14719 2094
13610 499618204 643 1
6397 499624601 25 0
12109 499636710 351 22
6671 499643381 45 0
13346 499656727 55 0
8256 499664983 155 8
6602 499671585 28 0
6619 499678204 29 0
1832038 1832038 42125 718
7006442 8838480 81190 9866
19155037 27993517 19187 4988
13286458 41279975 16731 3498
18944242 60224217 18645 4674
19400686 79624903 17306 5080
18498890 98123793 23329 6570
18952464 117076257 18021 4993
19163051 136239308 19104 4979
19377574 155616882 20029 4972
19652053 175268935 17886 4841
19516628 194785563 17975 4568
19517770 214303333 18799 5224
19058620 233361953 19293 4893
18968722 252330675 18771 4607
18508437 270839112 23806 4435
19485886 290324998 19794 5167
19485815 309810813 18501 4990
19590776 329401589 18970 5174
19547498 348949087 19808 5243
19499285 368448372 19791 5058
19656435 388104807 18933 5140
19593624 407698431 18908 5085
19628680 427327111 19015 5119
19603045 446930156 18937 4835
19478446 466408602 19334 5244
18484605 484893207 28816 4902
10865093 495758300 18022 101
1489377 497247677 5090 289
6121 497253798 45 0
5656 497259454 19 0
5662 497265116 34 0
11818 497276934 29 0
6151 497283085 21 0
5639 497288724 20 0
5658 497294382 15 0
11794 497306176 30 0
6138 497312314 16 0
5621 497317935 20 0
5658 497323593 9 0
12489 497336082 108 0
6836 497342918 70 0
5643 497348561 20 0
5637 497354198 13 0
12863 497367061 47 0
6732 497373793 26 0
6309 497380102 15 0
6285 497386387 25 0
12932 497399319 39 0
6607 497405926 18 0
6290 497412216 19 0
6309 497418525 14 0
12931 497431456 30 0
6601 497438057 26 0
6309 497444366 14 0
6309 497450675 16 0
12865 497463540 35 0
6594 497470134 19 0
6297 497476431 18 0
6314 497482745 29 0
12926 497495671 32 0
6591 497502262 25 0
6283 497508545 28 0
6282 497514827 24 0
12835 497527662 34 0
6613 497534275 14 0
6291 497540566 18 0
6309 497546875 10 0
12935 497559810 42 0
6600 497566410 16 0
6291 497572701 14 0
6303 497579004 15 0
12949 497591953 40 0
7958 497599911 95 4
6267 497606178 20 0
6285 497612463 22 0
12895 497625358 35 0
6568 497631926 23 0
6279 497638205 18 0
6309 497644514 15 0
12914 497657428 39 0
6600 497664028 16 0
6309 497670337 12 0
6309 497676646 13 0
12919 497689565 34 0
6613 497696178 20 0
6303 497702481 15 0
6297 497708778 15 0
12931 497721709 30 0
6600 497728309 15 0
6291 497734600 14 0
6309 497740909 13 0
12944 497753853 27 0
6585 497760438 40 4
6314 497766752 11 0
6309 497773061 13 0
12915 497785976 52 0
6613 497792589 18 0
6309 497798898 11 0
6309 497805207 14 0
13456 497818663 50 0
6605 497825268 24 0
6637 497831905 34 0
6333 497838238 17 0
21329 497859567 346 12
6090 497865657 25 0
6110 497871767 15 0
6109 497877876 31 0
12202 497890078 37 0
6090 497896168 26 0
6117 497902285 21 0
6107 497908392 29 0
12206 497920598 38 0
6088 497926686 27 0
6116 497932802 18 0
6068 497938870 22 0
12233 497951103 32 0
6089 497957192 29 0
6116 497963308 16 0
6120 497969428 34 0
12171 497981599 42 0
6122 497987721 32 0
6074 497993795 25 0
5649 497999444 19 0
13596 498013040 64 0
6110 498019150 18 0
5646 498024796 12 0
5658 498030454 10 0
11757 498042211 35 0
6118 498048329 22 0
5640 498053969 19 0
5658 498059627 11 0
11794 498071421 40 0
6112 498077533 28 0
5642 498083175 25 0
5652 498088827 14 0
11800 498100627 35 0
6143 498106770 25 0
5657 498112427 27 0
5658 498118085 11 0
11810 498129895 33 0
6138 498136033 16 0
5658 498141691 10 0
5646 498147337 20 0
11827 498159164 45 0
6138 498165302 17 0
5658 498170960 10 0
5645 498176605 14 0
11810 498188415 39 0
6156 498194571 22 0
5645 498200216 17 0
5658 498205874 7 0
11825 498217699 38 0
6138 498223837 17 0
5663 498229500 22 0
5658 498235158 9 0
11817 498246975 34 0
6132 498253107 21 0
5652 498258759 13 0
5658 498264417 7 0
11809 498276226 32 0
6151 498282377 19 0
5657 498288034 17 0
5658 498293692 9 0
11794 498305486 22 0
6131 498311617 25 0
5658 498317275 12 0
5652 498322927 13 0
11795 498334722 26 0
6132 498340854 18 0
5658 498346512 14 0
11806 498358318 33 0
5652 498363970 15 0
6138 498370108 20 0
5652 498375760 14 0
13189 498388949 46 0
5652 498394601 15 0
6132 498400733 16 0
5658 498406391 10 0
11818 498418209 26 0
5658 498423867 10 0
6145 498430012 20 0
5658 498435670 12 0
11787 498447457 30 0
5658 498453115 13 0
6120 498459235 18 0
5646 498464881 11 0
11825 498476706 30 0
5658 498482364 12 0
6138 498488502 14 0
5658 498494160 10 0
11788 498505948 36 0
5652 498511600 15 0
6151 498517751 18 0
5658 498523409 12 0
11798 498535207 32 0
5658 498540865 12 0
6138 498547003 18 0
5651 498552654 18 0
11819 498564473 31 0
5658 498570131 11 0
6125 498576256 23 0
5658 498581914 11 0
11793 498593707 37 0
5658 498599365 13 0
6138 498605503 22 0
5652 498611155 9 0
11828 498622983 30 0
5652 498628635 12 0
6138 498634773 19 0
5657 498640430 23 0
11786 498652216 28 0
5658 498657874 14 0
6145 498664019 16 0
5652 498669671 10 0
11817 498681488 28 0
5658 498687146 12 0
6132 498693278 16 0
5658 498698936 11 0
11817 498710753 29 0
5633 498716386 14 0
6132 498722518 20 0
5658 498728176 10 0
11788 498739964 27 0
5658 498745622 11 0
7058 498752680 101 7
6116 498758796 20 0
13173 498771969 40 0
5658 498777627 12 0
6138 498783765 17 0
5658 498789423 10 0
11831 498801254 27 0
5658 498806912 9 0
6120 498813032 18 0
5652 498818684 14 0
11792 498830476 32 0
5658 498836134 12 0
6120 498842254 19 0
5658 498847912 12 0
11813 498859725 30 0
5658 498865383 11 0
6137 498871520 23 0
5658 498877178 11 0
11805 498888983 29 0
5658 498894641 12 0
6151 498900792 22 0
5658 498906450 9 0
11786 498918236 35 0
5658 498923894 11 0
6139 498930033 24 0
5658 498935691 9 0
11831 498947522 29 0
5658 498953180 15 0
6120 498959300 18 0
5640 498964940 13 0
11812 498976752 33 0
5658 498982410 11 0
6145 498988555 20 0
5658 498994213 10 0
11794 499006007 30 0
5658 499011665 16 0
6138 499017803 12 0
5640 499023443 14 0
11825 499035268 30 0
5652 499040920 14 0
6138 499047058 18 0
5658 499052716 10 0
11800 499064516 33 0
5658 499070174 11 0
6126 499076300 17 0
5658 499081958 10 0
11813 499093771 27 0
5658 499099429 12 0
6138 499105567 16 0
5652 499111219 15 0
11793 499123012 29 0
5658 499128670 12 0
6163 499134833 17 0
7035 499141868 26 0
11812 499153680 24 0
5658 499159338 10 0
6138 499165476 12 0
5658 499171134 9 0
11777 499182911 34 0
5658 499188569 12 0
6120 499194689 19 0
5652 499200341 11 0
11810 499212151 30 0
5658 499217809 14 0
6151 499223960 17 0
5658 499229618 9 0
11804 499241422 30 0
5651 499247073 15 0
6138 499253211 24 0
5657 499258868 17 0
11824 499270692 29 0
5658 499276350 9 0
6138 499282488 15 0
5658 499288146 8 0
11815 499299961 35 0
5658 499305619 10 0
6120 499311739 17 0
5658 499317397 11 0
11829 499329226 31 0
5658 499334884 12 0
6124 499341008 26 0
5658 499346666 10 0
11787 499358453 30 0
5658 499364111 13 0
6151 499370262 16 0
5652 499375914 13 0
11804 499387718 28 0
5658 499393376 11 0
6133 499399509 19 0
5658 499405167 12 0
11830 499416997 20 0
5657 499422654 14 0
6114 499428768 18 0
5658 499434426 9 0
11806 499446232 19 0
5658 499451890 13 0
6145 499458035 20 0
5658 499463693 10 0
11817 499475510 25 0
5658 499481168 12 0
6138 499487306 14 0
5658 499492964 9 0
11850 499504814 23 0
14848 499519662 261 28
6138 499525800 21 0
5658 499531458 11 0
11818 499543276 23 0
5658 499548934 9 0
6138 499555072 16 0
5651 499560723 19 0
121049 499681772 4366 909
777749 500459521 10973 1153
6705 500466226 33 0
6727 500472953 36 0
18464 500491417 402 25
6877 500498294 44 0
6850 500505144 41 0
6877 500512021 24 0
14612 500526633 135 5
3468446 3468446 65256 2056
10305386 13773832 65783 10200
19472022 33245854 18340 5005
18730639 51976493 23156 5231
19469362 71445855 17472 4807
19518310 90964165 17955 5090
18615290 109579455 23245 6571
18763782 128343237 18208 4843
19352269 147695506 17657 4876
19615472 167310978 20636 5252
19635818 186946796 18324 4299
19383517 206330313 18503 5215
19577225 225907538 18298 5128
19045762 244953300 19711 4743
18707608 263660908 23278 4816
18854064 282514972 18427 4625
19475544 301990516 18432 4910
19542838 321533354 18633 5121
19661229 341194583 18202 5291
19578488 360773071 17966 5220
19644376 380417447 18078 4995
19554781 399972228 18683 5215
19603714 419575942 18431 5082
19622003 439197945 18031 4688
19565985 458763930 18185 5316
19507691 478271621 19088 5219
13873458 492145079 29776 1548
4293250 496438329 9009 326
6126 496444455 326 7
11791 496456246 44 0
5643 496461889 23 0
6096 496467985 35 1
5657 496473642 18 0
11808 496485450 40 0
5658 496491108 10 0
7511 496498619 104 8
5638 496504257 20 0
11812 496516069 29 0
5634 496521703 17 0
6138 496527841 15 0
5622 496533463 20 0
11770 496545233 28 0
5658 496550891 10 0
6121 496557012 19 0
5610 496562622 18 0
11792 496574414 38 0
5652 496580066 14 0
6138 496586204 15 0
5658 496591862 12 0
11850 496603712 33 0
5656 496609368 19 0
6101 496615469 28 0
5661 496621130 23 0
11800 496632930 30 0
5658 496638588 13 0
6151 496644739 15 0
5642 496650381 20 0
11794 496662175 31 0
5652 496667827 15 0
6138 496673965 12 0
5622 496679587 15 0
11825 496691412 21 0
5652 496697064 14 0
6145 496703209 13 0
5639 496708848 18 0
11793 496720641 29 0
5640 496726281 16 0
6138 496732419 13 0
5632 496738051 19 0
11831 496749882 26 0
5658 496755540 11 0
6138 496761678 13 0
5632 496767310 22 0
11805 496779115 26 0
5651 496784766 21 0
6151 496790917 15 0
11315 496802232 26 0
6136 496808368 24 0
5658 496814026 9 0
6132 496820158 19 0
11320 496831478 39 0
6142 496837620 21 0
5651 496843271 17 0
6138 496849409 16 0
11284 496860693 21 0
6141 496866834 23 0
7029 496873863 33 0
6151 496880014 20 0
11279 496891293 23 0
6124 496897417 22 0
5658 496903075 8 0
6117 496909192 29 0
11316 496920508 17 0
6167 496926675 21 0
5658 496932333 12 0
6108 496938441 22 0
11301 496949742 29 0
6160 496955902 16 0
5650 496961552 19 0
6138 496967690 16 0
11310 496979000 23 0
6676 496985676 75 0
6311 496991987 42 0
6664 496998651 22 0
13074 497011725 79 7
6121 497017846 30 0
6117 497023963 17 0
6085 497030048 28 0
12214 497042262 30 0
6080 497048342 22 0
6115 497054457 17 0
6104 497060561 16 0
12208 497072769 32 0
6122 497078891 25 0
6109 497085000 23 0
6119 497091119 24 0
12214 497103333 38 0
6085 497109418 28 0
6106 497115524 26 0
15179 497130703 338 12
12237 497142940 69 1
6096 497149036 29 0
5645 497154681 17 0
6138 497160819 18 0
11743 497172562 32 0
6151 497178713 16 0
5632 497184345 24 0
6138 497190483 16 0
11294 497201777 31 0
6154 497207931 18 0
5660 497213591 28 0
6138 497219729 17 0
11301 497231030 33 0
6149 497237179 20 0
5646 497242825 14 0
6137 497248962 25 0
11309 497260271 28 0
7533 497267804 45 0
5643 497273447 25 0
7021 497280468 100 11
11278 497291746 29 0
6160 497297906 17 0
5640 497303546 20 0
6120 497309666 20 0
11299 497320965 30 0
6154 497327119 20 0
5658 497332777 10 0
6138 497338915 14 0
11303 497350218 43 0
6160 497356378 14 0
5658 497362036 10 0
6158 497368194 20 0
11292 497379486 38 0
6160 497385646 16 0
5658 497391304 7 0
6131 497397435 18 0
11286 497408721 33 0
6173 497414894 17 0
5657 497420551 21 0
6138 497426689 17 0
11310 497437999 30 0
6160 497444159 17 0
5627 497449786 19 0
6145 497455931 16 0
11283 497467214 34 1
6160 497473374 24 0
5652 497479026 16 0
6111 497485137 24 0
11313 497496450 28 0
6148 497502598 23 0
5655 497508253 26 0
6150 497514403 28 0
11289 497525692 39 0
6160 497531852 18 0
5628 497537480 18 0
6108 497543588 20 0
11298 497554886 40 0
6171 497561057 27 0
5652 497566709 17 0
6111 497572820 25 0
11260 497584080 31 0
6160 497590240 17 0
5658 497595898 13 0
6151 497602049 14 0
11299 497613348 21 0
6160 497619508 20 0
5657 497625165 18 0
6107 497631272 24 0
12700 497643972 51 0
6173 497650145 18 0
5650 497655795 20 0
6126 497661921 17 0
11286 497673207 25 0
6160 497679367 15 0
5644 497685011 22 0
6131 497691142 21 0
11281 497702423 38 0
6173 497708596 16 0
5658 497714254 13 0
6138 497720392 14 0
11306 497731698 36 0
6160 497737858 13 0
5652 497743510 12 0
6164 497749674 15 0
11315 497760989 31 0
6142 497767131 21 0
5634 497772765 13 0
6125 497778890 23 0
11285 497790175 25 0
6150 497796325 17 0
5655 497801980 25 0
6138 497808118 17 0
11280 497819398 17 0
6139 497825537 28 0
5633 497831170 16 0
6166 497837336 32 0
11303 497848639 25 0
6123 497854762 24 0
5649 497860411 18 1
6119 497866530 26 0
11319 497877849 32 0
6173 497884022 14 0
5662 497889684 26 0
6139 497895823 48 0
11304 497907127 30 0
6140 497913267 26 0
5650 497918917 25 0
6132 497925049 14 0
11289 497936338 25 0
6125 497942463 24 0
5652 497948115 15 0
6132 497954247 19 0
11298 497965545 36 0
6141 497971686 24 0
5646 497977332 12 0
6151 497983483 15 0
11289 497994772 36 0
6148 498000920 20 0
5655 498006575 27 0
6132 498012707 18 0
12655 498025362 59 0
6155 498031517 22 0
5652 498037169 16 0
6138 498043307 15 0
11271 498054578 34 0
6160 498060738 16 0
5652 498066390 14 0
6151 498072541 14 0
11298 498083839 38 0
6160 498089999 18 0
5658 498095657 14 0
6138 498101795 16 0
11293 498113088 35 0
6186 498119274 16 0
5658 498124932 11 0
6138 498131070 14 0
11296 498142366 31 0
6160 498148526 12 0
5658 498154184 11 0
6123 498160307 20 0
11310 498171617 38 0
6154 498177771 20 0
5663 498183434 13 0
6127 498189561 17 0
11287 498200848 28 0
6160 498207008 16 0
5681 498212689 32 0
6151 498218840 17 0
11252 498230092 34 0
6154 498236246 18 0
5632 498241878 17 0
6138 498248016 16 0
11313 498259329 25 0
6136 498265465 23 0
5645 498271110 17 0
6132 498277242 17 0
11316 498288558 25 0
6150 498294708 24 0
5658 498300366 9 0
6139 498306505 18 0
11301 498317806 35 0
6129 498323935 19 0
5658 498329593 9 0
6112 498335705 25 0
11289 498346994 42 0
6146 498353140 24 0
5661 498358801 24 0
6120 498364921 17 0
11295 498376216 34 0
6145 498382361 23 0
5661 498388022 27 0
7478 498395500 40 0
11316 498406816 39 0
6173 498412989 13 0
5658 498418647 9 0
6138 498424785 13 0
11308 498436093 32 0
6157 498442250 30 0
5658 498447908 9 0
6151 498454059 13 0
11295 498465354 35 0
6160 498471514 14 0
5644 498477158 24 0
6125 498483283 21 0
11272 498494555 25 0
6143 498500698 20 0
5640 498506338 16 0
6138 498512476 14 0
11310 498523786 29 0
6140 498529926 22 0
5655 498535581 22 0
6151 498541732 16 0
11286 498553018 24 0
6134 498559152 29 0
5658 498564810 14 0
6138 498570948 18 0
11316 498582264 29 0
6153 498588417 27 0
5672 498594089 31 0
6132 498600221 19 0
11293 498611514 44 0
6160 498617674 17 0
5658 498623332 12 0
6112 498629444 27 0
11313 498640757 29 0
6173 498646930 15 0
5639 498652569 15 0
6107 498658676 22 0
11288 498669964 40 0
6153 498676117 25 0
5639 498681756 18 0
6151 498687907 13 0
11262 498699169 34 0
6154 498705323 15 0
5653 498710976 22 0
6125 498717101 24 0
11324 498728425 31 0
32305 498760730 2278 362
903923 499664653 13303 1868
6707 499671360 74 0
20312 499691672 506 27
6681 499698353 48 0
6715 499705068 33 0
6675 499711743 37 0
15017 499726760 188 9
6643 499733403 22 0
