2150203, 2150203, 39784, 73, 4
12224555, 14374758, 61285, 1314, 8
13775243, 28150001, 14979, 683, 19
18837869, 46987870, 21823, 731, 3
19595602, 66583472, 18312, 769, 3
18763794, 85347266, 25059, 704, 3
19024871, 104372137, 19211, 770, 3
19225624, 123597761, 19748, 574, 3
19602668, 143200429, 21023, 303, 3
19690587, 162891016, 19372, 581, 3
19679930, 182570946, 20487, 302, 3
19621268, 202192214, 19571, 853, 3
19426122, 221618336, 21072, 842, 3
19121619, 240739955, 19573, 530, 3
18406692, 259146647, 25820, 917, 3
19470161, 278616808, 20298, 300, 3
19602941, 298219749, 20502, 911, 3
19703367, 317923116, 20427, 592, 3
19694042, 337617158, 21902, 774, 3
19761131, 357378289, 20643, 487, 3
19649923, 377028212, 20850, 970, 3
19743640, 396771852, 20353, 459, 3
19760218, 416532070, 21056, 696, 3
19733174, 436265244, 20404, 399, 3
19717465, 455982709, 20671, 672, 3
19746097, 475728806, 20848, 1418, 3
14950057, 490678863, 31679, 325, 19
5093808, 495772671, 10171, 13, 6
6116, 495778787, 37, 0, 1
5640, 495784427, 26, 0, 1
11816, 495796243, 37, 0, 1
5668, 495801911, 32, 0, 1
6151, 495808062, 17, 0, 1
5628, 495813690, 17, 0, 1
11817, 495825507, 30, 0, 1
5658, 495831165, 12, 0, 1
6138, 495837303, 18, 0, 1
5625, 495842928, 23, 0, 1
11798, 495854726, 44, 0, 1
5626, 495860352, 24, 0, 1
6130, 495866482, 24, 0, 1
5648, 495872130, 29, 0, 1
11775, 495883905, 30, 0, 1
5645, 495889550, 20, 0, 1
6125, 495895675, 30, 0, 1
5639, 495901314, 18, 0, 1
11788, 495913102, 33, 0, 1
5655, 495918757, 27, 0, 1
6130, 495924887, 24, 0, 1
5634, 495930521, 18, 0, 1
11838, 495942359, 32, 0, 1
5626, 495947985, 23, 0, 1
6138, 495954123, 14, 0, 1
5646, 495959769, 15, 0, 1
11799, 495971568, 42, 0, 1
7028, 495978596, 94, 0, 1
6145, 495984741, 15, 0, 1
5633, 495990374, 16, 0, 1
11823, 496002197, 43, 0, 1
5657, 496007854, 18, 0, 1
6138, 496013992, 16, 0, 1
5666, 496019658, 33, 0, 1
11778, 496031436, 48, 0, 1
5658, 496037094, 10, 0, 1
6109, 496043203, 22, 0, 1
5634, 496048837, 18, 0, 1
11798, 496060635, 38, 0, 1
5658, 496066293, 12, 0, 1
6138, 496072431, 15, 0, 1
5653, 496078084, 24, 0, 1
11789, 496089873, 52, 0, 1
5650, 496095523, 18, 0, 1
6142, 496101665, 32, 0, 1
5658, 496107323, 14, 0, 1
11796, 496119119, 40, 0, 1
5634, 496124753, 19, 0, 1
6140, 496130893, 30, 0, 1
5638, 496136531, 21, 0, 1
11782, 496148313, 35, 0, 1
5652, 496153965, 14, 0, 1
6138, 496160103, 16, 0, 1
5621, 496165724, 19, 0, 1
11816, 496177540, 39, 0, 1
5642, 496183182, 20, 0, 1
6138, 496189320, 16, 0, 1
5640, 496194960, 22, 0, 1
11794, 496206754, 31, 0, 1
5633, 496212387, 20, 0, 1
6138, 496218525, 17, 0, 1
5649, 496224174, 17, 0, 1
11828, 496236002, 36, 0, 1
5640, 496241642, 14, 0, 1
6111, 496247753, 25, 0, 1
5658, 496253411, 15, 0, 1
11794, 496265205, 37, 0, 1
5657, 496270862, 16, 0, 1
6151, 496277013, 19, 0, 1
5646, 496282659, 17, 0, 1
12332, 496294991, 76, 0, 1
6332, 496301323, 32, 0, 1
6664, 496307987, 24, 0, 1
6333, 496314320, 16, 0, 1
12262, 496326582, 40, 0, 1
5657, 496332239, 21, 0, 1
6118, 496338357, 24, 0, 1
6115, 496344472, 30, 0, 1
13107, 496357579, 54, 0, 1
6097, 496363676, 25, 0, 1
6105, 496369781, 26, 0, 1
6086, 496375867, 25, 0, 1
12211, 496388078, 45, 0, 1
6116, 496394194, 19, 0, 1
6105, 496400299, 30, 0, 1
6107, 496406406, 30, 0, 1
12226, 496418632, 46, 0, 1
6083, 496424715, 27, 0, 1
6097, 496430812, 26, 0, 1
6116, 496436928, 21, 0, 1
11753, 496448681, 36, 0, 1
5658, 496454339, 10, 0, 1
6138, 496460477, 18, 0, 1
5647, 496466124, 28, 0, 1
11818, 496477942, 32, 0, 1
5640, 496483582, 15, 0, 1
6108, 496489690, 23, 0, 1
5658, 496495348, 13, 0, 1
11800, 496507148, 41, 0, 1
5652, 496512800, 15, 0, 1
6121, 496518921, 22, 0, 1
5634, 496524555, 18, 0, 1
11788, 496536343, 31, 0, 1
5658, 496542001, 10, 0, 1
6101, 496548102, 27, 0, 1
5646, 496553748, 21, 0, 1
11794, 496565542, 38, 0, 1
5658, 496571200, 13, 0, 1
6138, 496577338, 15, 0, 1
5649, 496582987, 23, 0, 1
11768, 496594755, 33, 0, 1
5620, 496600375, 17, 0, 1
6132, 496606507, 23, 0, 1
5658, 496612165, 8, 0, 1
11806, 496623971, 31, 0, 1
5658, 496629629, 9, 0, 1
6090, 496635719, 28, 0, 1
5650, 496641369, 18, 0, 1
11824, 496653193, 47, 0, 1
6370, 496659563, 33, 0, 1
6624, 496666187, 21, 0, 1
6373, 496672560, 19, 0, 1
12936, 496685496, 45, 0, 1
5658, 496691154, 12, 0, 1
6126, 496697280, 20, 0, 1
5652, 496702932, 16, 0, 1
11864, 496714796, 33, 0, 1
5658, 496720454, 23, 0, 1
6145, 496726599, 16, 0, 1
5634, 496732233, 18, 0, 1
13139, 496745372, 57, 0, 1
5658, 496751030, 12, 0, 1
6130, 496757160, 28, 0, 1
5637, 496762797, 22, 0, 1
11805, 496774602, 39, 0, 1
5627, 496780229, 21, 0, 1
6137, 496786366, 22, 0, 1
5658, 496792024, 8, 0, 1
11822, 496803846, 43, 0, 1
5658, 496809504, 12, 0, 1
6138, 496815642, 19, 0, 1
5658, 496821300, 10, 0, 1
11818, 496833118, 22, 0, 1
5663, 496838781, 29, 0, 1
6132, 496844913, 22, 0, 1
5620, 496850533, 22, 0, 1
11806, 496862339, 37, 0, 1
5658, 496867997, 12, 0, 1
6147, 496874144, 33, 0, 1
5658, 496879802, 13, 0, 1
11800, 496891602, 35, 0, 1
5658, 496897260, 10, 0, 1
6125, 496903385, 20, 0, 1
5640, 496909025, 18, 0, 1
11786, 496920811, 37, 0, 1
5638, 496926449, 21, 0, 1
6119, 496932568, 27, 0, 1
5658, 496938226, 11, 0, 1
11800, 496950026, 37, 0, 1
5657, 496955683, 21, 0, 1
6137, 496961820, 30, 0, 1
5638, 496967458, 18, 0, 1
11825, 496979283, 40, 0, 1
5650, 496984933, 23, 0, 1
6145, 496991078, 29, 0, 1
5649, 496996727, 25, 0, 1
11811, 497008538, 32, 0, 1
5658, 497014196, 12, 0, 1
6136, 497020332, 21, 0, 1
5622, 497025954, 16, 0, 1
11823, 497037777, 30, 0, 1
5656, 497043433, 21, 0, 1
6138, 497049571, 22, 0, 1
5658, 497055229, 12, 0, 1
11814, 497067043, 40, 0, 1
5646, 497072689, 15, 0, 1
6164, 497078853, 20, 0, 1
5646, 497084499, 25, 0, 1
11794, 497096293, 28, 0, 1
5658, 497101951, 12, 0, 1
6138, 497108089, 17, 0, 1
7035, 497115124, 26, 0, 1
20899, 497136023, 375, 0, 1
5658, 497141681, 34, 0, 1
6138, 497147819, 18, 0, 1
5646, 497153465, 17, 0, 1
11793, 497165258, 35, 0, 1
5637, 497170895, 20, 0, 1
6119, 497177014, 25, 0, 1
5646, 497182660, 19, 0, 1
11823, 497194483, 37, 0, 1
5658, 497200141, 18, 0, 1
6138, 497206279, 18, 0, 1
5658, 497211937, 15, 0, 1
11793, 497223730, 33, 0, 1
5645, 497229375, 18, 0, 1
6151, 497235526, 16, 0, 1
5658, 497241184, 12, 0, 1
11818, 497253002, 27, 0, 1
5658, 497258660, 11, 0, 1
6107, 497264767, 26, 0, 1
5658, 497270425, 17, 0, 1
11704, 497282129, 31, 0, 1
5658, 497287787, 12, 0, 1
6132, 497293919, 20, 0, 1
5645, 497299564, 21, 0, 1
11818, 497311382, 30, 0, 1
5658, 497317040, 12, 0, 1
6121, 497323161, 20, 0, 1
5622, 497328783, 17, 0, 1
11818, 497340601, 30, 0, 1
5658, 497346259, 19, 0, 1
6132, 497352391, 21, 0, 1
5658, 497358049, 11, 0, 1
11825, 497369874, 24, 0, 1
5657, 497375531, 15, 0, 1
6132, 497381663, 17, 0, 1
5652, 497387315, 11, 0, 1
11802, 497399117, 40, 0, 1
5656, 497404773, 22, 0, 1
6138, 497410911, 18, 0, 1
5658, 497416569, 13, 0, 1
11831, 497428400, 28, 0, 1
5657, 497434057, 16, 0, 1
6132, 497440189, 22, 0, 1
5652, 497445841, 16, 0, 1
11816, 497457657, 37, 0, 1
5658, 497463315, 14, 0, 1
6159, 497469474, 24, 0, 1
5658, 497475132, 10, 0, 1
11818, 497486950, 25, 0, 1
5658, 497492608, 10, 0, 1
7515, 497500123, 30, 0, 1
5658, 497505781, 11, 0, 1
11811, 497517592, 45, 0, 1
5658, 497523250, 13, 0, 1
6138, 497529388, 23, 0, 1
5658, 497535046, 12, 0, 1
11788, 497546834, 29, 0, 1
5653, 497552487, 27, 0, 1
6151, 497558638, 15, 0, 1
5628, 497564266, 16, 0, 1
11818, 497576084, 21, 0, 1
5658, 497581742, 12, 0, 1
6132, 497587874, 20, 0, 1
5658, 497593532, 13, 0, 1
11822, 497605354, 32, 0, 1
5658, 497611012, 14, 0, 1
6138, 497617150, 18, 0, 1
5658, 497622808, 12, 0, 1
11812, 497634620, 31, 0, 1
5658, 497640278, 9, 0, 1
6125, 497646403, 24, 0, 1
5652, 497652055, 13, 0, 1
11831, 497663886, 27, 0, 1
5658, 497669544, 12, 0, 1
6138, 497675682, 16, 0, 1
11274, 497686956, 32, 0, 1
6154, 497693110, 14, 0, 1
5650, 497698760, 18, 0, 1
6151, 497704911, 16, 0, 1
11303, 497716214, 34, 0, 1
6118, 497722332, 20, 0, 1
5658, 497727990, 12, 0, 1
6138, 497734128, 15, 0, 1
11316, 497745444, 21, 0, 1
6173, 497751617, 16, 0, 1
5658, 497757275, 9, 0, 1
6126, 497763401, 20, 0, 1
11304, 497774705, 28, 0, 1
6142, 497780847, 19, 0, 1
5658, 497786505, 13, 0, 1
6132, 497792637, 24, 0, 1
11307, 497803944, 26, 0, 1
6154, 497810098, 17, 0, 1
5658, 497815756, 13, 0, 1
6132, 497821888, 26, 0, 1
11303, 497833191, 25, 0, 1
6180, 497839371, 17, 0, 1
5658, 497845029, 13, 0, 1
6114, 497851143, 18, 0, 1
11316, 497862459, 13, 0, 1
6154, 497868613, 19, 0, 1
7035, 497875648, 29, 0, 1
6138, 497881786, 18, 0, 1
11306, 497893092, 35, 0, 1
6161, 497899253, 17, 0, 1
5658, 497904911, 14, 0, 1
6120, 497911031, 20, 0, 1
11316, 497922347, 18, 0, 1
6160, 497928507, 20, 0, 1
5658, 497934165, 11, 0, 1
6151, 497940316, 16, 0, 1
11315, 497951631, 26, 0, 1
6130, 497957761, 19, 0, 1
5657, 497963418, 16, 0, 1
6138, 497969556, 18, 0, 1
11316, 497980872, 22, 0, 1
6125, 497986997, 24, 0, 1
8997, 497995994, 188, 0, 1
881820, 498877814, 14532, 264, 5
13808, 498891622, 693, 0, 1
6385, 498898007, 31, 0, 1
12194, 498910201, 366, 10, 1
7576, 498917777, 128, 1, 1
14039, 498931816, 60, 0, 1
6238, 498938054, 31, 0, 1
2307483, 2307483, 49504, 141, 4
9641916, 11949399, 78999, 1171, 8
19214661, 31164060, 19526, 794, 3
19188451, 50352511, 21473, 650, 3
18795699, 69148210, 22607, 826, 3
19463953, 88612163, 21246, 455, 3
19497378, 108109541, 20480, 627, 3
18652056, 126761597, 26627, 790, 3
19113556, 145875153, 21048, 286, 3
19653728, 165528881, 21882, 501, 3
19206798, 184735679, 23221, 288, 3
19515151, 204250830, 21463, 939, 3
19594350, 223845180, 21898, 690, 3
19396529, 243241709, 22724, 508, 3
18906117, 262147826, 25612, 884, 3
19231107, 281378933, 20206, 379, 3
18934642, 300313575, 20281, 697, 3
19415768, 319729343, 20404, 570, 3
19623476, 339352819, 21328, 955, 3
19677527, 359030346, 20317, 395, 3
19724224, 378754570, 20454, 870, 3
19676602, 398431172, 20910, 453, 3
19736760, 418167932, 20104, 768, 3
19675066, 437842998, 20658, 306, 3
19628046, 457471044, 20851, 671, 3
19668894, 477139938, 21115, 1443, 3
14488885, 491628823, 30504, 323, 19
4676788, 496305611, 9700, 14, 6
6102, 496311713, 345, 0, 1
11770, 496323483, 62, 0, 1
5658, 496329141, 11, 0, 1
5646, 496334787, 16, 0, 1
6160, 496340947, 15, 0, 1
11792, 496352739, 60, 0, 1
5660, 496358399, 21, 0, 1
5642, 496364041, 21, 0, 1
15261, 496379302, 325, 1, 1
11771, 496391073, 55, 0, 1
5652, 496396725, 15, 0, 1
5644, 496402369, 27, 0, 1
6123, 496408492, 27, 0, 1
11814, 496420306, 32, 0, 1
5637, 496425943, 21, 0, 1
5658, 496431601, 10, 0, 1
6160, 496437761, 15, 0, 1
11785, 496449546, 39, 0, 1
5628, 496455174, 19, 0, 1
5647, 496460821, 23, 0, 1
6131, 496466952, 24, 0, 1
11776, 496478728, 31, 0, 1
5658, 496484386, 12, 0, 1
5653, 496490039, 25, 0, 1
6136, 496496175, 21, 0, 1
11774, 496507949, 42, 0, 1
5634, 496513583, 14, 0, 1
5645, 496519228, 17, 0, 1
6142, 496525370, 20, 0, 1
11741, 496537111, 35, 0, 1
5652, 496542763, 15, 0, 1
5655, 496548418, 26, 0, 1
6129, 496554547, 24, 0, 1
11782, 496566329, 41, 0, 1
5638, 496571967, 21, 0, 1
5652, 496577619, 28, 0, 1
6154, 496583773, 20, 0, 1
11763, 496595536, 50, 0, 1
5658, 496601194, 10, 0, 1
5646, 496606840, 16, 0, 1
6161, 496613001, 19, 0, 1
11800, 496624801, 41, 0, 1
5658, 496630459, 11, 0, 1
5651, 496636110, 28, 0, 1
6139, 496642249, 28, 0, 1
11793, 496654042, 55, 0, 1
5634, 496659676, 16, 0, 1
7029, 496666705, 95, 0, 1
6152, 496672857, 26, 0, 1
11776, 496684633, 33, 0, 1
5650, 496690283, 20, 0, 1
5643, 496695926, 22, 0, 1
6149, 496702075, 25, 0, 1
11768, 496713843, 36, 0, 1
5622, 496719465, 21, 0, 1
5652, 496725117, 14, 0, 1
6160, 496731277, 15, 0, 1
11765, 496743042, 37, 0, 1
5632, 496748674, 22, 0, 1
5658, 496754332, 10, 0, 1
6186, 496760518, 19, 0, 1
11782, 496772300, 31, 0, 1
5648, 496777948, 20, 0, 1
5658, 496783606, 12, 0, 1
6141, 496789747, 31, 0, 1
11802, 496801549, 32, 0, 1
5646, 496807195, 14, 0, 1
5658, 496812853, 11, 0, 1
6130, 496818983, 21, 0, 1
11790, 496830773, 27, 0, 1
5658, 496836431, 14, 0, 1
5651, 496842082, 19, 0, 1
6658, 496848740, 72, 0, 1
13003, 496861743, 56, 0, 1
6333, 496868076, 24, 0, 1
5636, 496873712, 21, 0, 1
6551, 496880263, 27, 0, 1
12461, 496892724, 24, 0, 1
6073, 496898797, 23, 0, 1
6084, 496904881, 27, 0, 1
6106, 496910987, 36, 0, 1
12202, 496923189, 33, 0, 1
6116, 496929305, 16, 0, 1
6116, 496935421, 15, 0, 1
6123, 496941544, 19, 0, 1
12230, 496953774, 34, 0, 1
6116, 496959890, 20, 0, 1
6116, 496966006, 16, 0, 1
11766, 496977772, 45, 0, 1
6112, 496983884, 25, 0, 1
6129, 496990013, 18, 0, 1
5645, 496995658, 26, 0, 1
11782, 497007440, 50, 0, 1
6138, 497013578, 15, 0, 1
5658, 497019236, 11, 0, 1
5652, 497024888, 21, 0, 1
11818, 497036706, 31, 0, 1
6151, 497042857, 13, 0, 1
7017, 497049874, 33, 0, 1
5646, 497055520, 20, 0, 1
11758, 497067278, 31, 0, 1
6138, 497073416, 15, 0, 1
5632, 497079048, 22, 0, 1
5655, 497084703, 22, 0, 1
11789, 497096492, 25, 0, 1
6138, 497102630, 16, 0, 1
5621, 497108251, 18, 0, 1
5658, 497113909, 12, 0, 1
11782, 497125691, 31, 0, 1
6164, 497131855, 17, 0, 1
5658, 497137513, 9, 0, 1
5651, 497143164, 26, 0, 1
11817, 497154981, 30, 0, 1
6132, 497161113, 22, 0, 1
5658, 497166771, 10, 0, 1
5640, 497172411, 12, 0, 1
11835, 497184246, 37, 0, 1
6138, 497190384, 14, 0, 1
5658, 497196042, 7, 0, 1
5656, 497201698, 30, 0, 1
11781, 497213479, 30, 0, 1
6138, 497219617, 16, 0, 1
5658, 497225275, 9, 0, 1
5649, 497230924, 21, 0, 1
11821, 497242745, 44, 0, 1
6138, 497248883, 18, 0, 1
5645, 497254528, 19, 0, 1
5651, 497260179, 31, 0, 1
11819, 497271998, 42, 0, 1
6130, 497278128, 29, 0, 1
5658, 497283786, 11, 0, 1
5658, 497289444, 14, 0, 1
11794, 497301238, 31, 0, 1
6118, 497307356, 25, 0, 1
5658, 497313014, 10, 0, 1
5643, 497318657, 28, 0, 1
11813, 497330470, 38, 0, 1
6138, 497336608, 17, 0, 1
5658, 497342266, 13, 0, 1
5641, 497347907, 29, 0, 1
11811, 497359718, 33, 0, 1
6144, 497365862, 25, 0, 1
5658, 497371520, 20, 0, 1
5658, 497377178, 12, 0, 1
11805, 497388983, 28, 0, 1
6120, 497395103, 25, 0, 1
5622, 497400725, 18, 0, 1
5658, 497406383, 14, 0, 1
11814, 497418197, 33, 0, 1
7516, 497425713, 34, 0, 1
5640, 497431353, 19, 0, 1
5658, 497437011, 9, 0, 1
11812, 497448823, 33, 0, 1
6138, 497454961, 16, 0, 1
5646, 497460607, 18, 0, 1
5644, 497466251, 22, 0, 1
11807, 497478058, 36, 0, 1
6138, 497484196, 17, 0, 1
5652, 497489848, 12, 0, 1
5656, 497495504, 29, 0, 1
11813, 497507317, 46, 0, 1
6158, 497513475, 18, 0, 1
5658, 497519133, 11, 0, 1
5650, 497524783, 24, 0, 1
11781, 497536564, 43, 0, 1
6136, 497542700, 34, 0, 1
5634, 497548334, 14, 0, 1
5658, 497553992, 9, 0, 1
11818, 497565810, 41, 0, 1
6130, 497571940, 31, 0, 1
5657, 497577597, 21, 0, 1
5635, 497583232, 22, 0, 1
11812, 497595044, 31, 0, 1
6144, 497601188, 36, 0, 1
5658, 497606846, 8, 0, 1
5626, 497612472, 19, 0, 1
11809, 497624281, 36, 0, 1
6138, 497630419, 17, 0, 1
5668, 497636087, 30, 0, 1
5658, 497641745, 12, 0, 1
11818, 497653563, 40, 0, 1
6146, 497659709, 33, 0, 1
5652, 497665361, 17, 0, 1
5658, 497671019, 13, 0, 1
11787, 497682806, 29, 0, 1
6138, 497688944, 18, 0, 1
5639, 497694583, 22, 0, 1
5646, 497700229, 19, 0, 1
11799, 497712028, 42, 0, 1
6138, 497718166, 17, 0, 1
6102, 497724268, 26, 0, 1
5627, 497729895, 23, 0, 1
11775, 497741670, 38, 0, 1
6120, 497747790, 29, 0, 1
5640, 497753430, 15, 0, 1
5645, 497759075, 22, 0, 1
11792, 497770867, 41, 0, 1
6119, 497776986, 23, 0, 1
5646, 497782632, 13, 0, 1
5652, 497788284, 13, 0, 1
13160, 497801444, 53, 0, 1
6138, 497807582, 17, 0, 1
5633, 497813215, 22, 0, 1
5661, 497818876, 31, 0, 1
11784, 497830660, 44, 0, 1
6151, 497836811, 18, 0, 1
5658, 497842469, 13, 0, 1
5645, 497848114, 19, 0, 1
11806, 497859920, 27, 0, 1
6120, 497866040, 19, 0, 1
5621, 497871661, 23, 0, 1
5660, 497877321, 32, 0, 1
11805, 497889126, 39, 0, 1
6138, 497895264, 19, 0, 1
5610, 497900874, 20, 0, 1
5630, 497906504, 25, 0, 1
11767, 497918271, 36, 0, 1
6125, 497924396, 24, 0, 1
5620, 497930016, 21, 0, 1
5651, 497935667, 13, 0, 1
11809, 497947476, 47, 0, 1
6142, 497953618, 30, 0, 1
5658, 497959276, 12, 0, 1
5658, 497964934, 12, 0, 1
11792, 497976726, 32, 0, 1
7039, 497983765, 92, 2, 1
5631, 497989396, 22, 0, 1
5655, 497995051, 23, 0, 1
11817, 498006868, 37, 0, 1
6138, 498013006, 17, 0, 1
5658, 498018664, 15, 0, 1
5652, 498024316, 13, 0, 1
11805, 498036121, 28, 0, 1
6113, 498042234, 24, 0, 1
5658, 498047892, 10, 0, 1
5658, 498053550, 11, 0, 1
11808, 498065358, 36, 0, 1
6151, 498071509, 13, 0, 1
5658, 498077167, 9, 0, 1
5627, 498082794, 19, 0, 1
11820, 498094614, 49, 0, 1
6101, 498100715, 27, 0, 1
5632, 498106347, 20, 0, 1
5652, 498111999, 11, 0, 1
11816, 498123815, 34, 0, 1
6126, 498129941, 21, 0, 1
5633, 498135574, 23, 0, 1
5658, 498141232, 14, 0, 1
11801, 498153033, 36, 0, 1
6145, 498159178, 16, 0, 1
5640, 498164818, 13, 0, 1
5640, 498170458, 18, 0, 1
13197, 498183655, 50, 0, 1
6138, 498189793, 17, 0, 1
5658, 498195451, 8, 0, 1
5650, 498201101, 23, 0, 1
11818, 498212919, 20, 0, 1
6151, 498219070, 16, 0, 1
5673, 498224743, 35, 0, 1
5658, 498230401, 15, 0, 1
11785, 498242186, 45, 0, 1
6129, 498248315, 23, 0, 1
5658, 498253973, 11, 0, 1
5671, 498259644, 32, 0, 1
11836, 498271480, 40, 0, 1
6138, 498277618, 20, 0, 1
5621, 498283239, 22, 0, 1
5652, 498288891, 16, 0, 1
11766, 498300657, 40, 0, 1
6151, 498306808, 16, 0, 1
5626, 498312434, 20, 0, 1
5651, 498318085, 18, 0, 1
11769, 498329854, 39, 0, 1
6138, 498335992, 12, 0, 1
5638, 498341630, 24, 0, 1
5652, 498347282, 27, 0, 1
11772, 498359054, 39, 0, 1
6132, 498365186, 19, 0, 1
5652, 498370838, 14, 0, 1
5652, 498376490, 14, 0, 1
11803, 498388293, 36, 0, 1
6138, 498394431, 14, 0, 1
5657, 498400088, 22, 0, 1
5652, 498405740, 15, 0, 1
11801, 498417541, 39, 0, 1
6122, 498423663, 22, 0, 1
5636, 498429299, 23, 0, 1
5658, 498434957, 10, 0, 1
11796, 498446753, 37, 0, 1
6151, 498452904, 17, 0, 1
5622, 498458526, 15, 0, 1
5641, 498464167, 18, 0, 1
11799, 498475966, 33, 0, 1
6125, 498482091, 22, 0, 1
5633, 498487724, 26, 0, 1
5651, 498493375, 22, 0, 1
11819, 498505194, 30, 0, 1
6138, 498511332, 19, 0, 1
5628, 498516960, 17, 0, 1
5668, 498522628, 19, 0, 1
11811, 498534439, 39, 0, 1
915113, 499449552, 14794, 296, 5
6717, 499456269, 595, 0, 1
6699, 499462968, 31, 0, 1
13083, 499476051, 78, 0, 1
12202, 499488253, 363, 11, 1
6667, 499494920, 43, 0, 1
6449, 499501369, 18, 0, 1
14678, 499516047, 155, 3, 1
5494223, 5494223, 94131, 743, 16
17198081, 22692304, 37791, 897, 3
19030188, 41722492, 21148, 844, 3
19574339, 61296831, 19096, 605, 3
19558818, 80855649, 21511, 533, 3
19615351, 100471000, 19069, 688, 3
19574598, 120045598, 19046, 487, 3
19179441, 139225039, 26163, 1021, 3
19317349, 158542388, 19974, 129, 3
19668682, 178211070, 19396, 729, 3
19286314, 197497384, 19423, 560, 3
19696562, 217193946, 22297, 1053, 3
19656145, 236850091, 19074, 416, 3
18980167, 255830258, 25362, 870, 3
19451420, 275281678, 20393, 411, 3
19527991, 294809669, 20311, 686, 3
19029188, 313838857, 19527, 758, 3
19733101, 333571958, 19728, 550, 3
19766235, 353338193, 19545, 847, 3
19662207, 373000400, 19939, 911, 3
19871073, 392871473, 19274, 237, 3
19767808, 412639281, 19203, 842, 3
19735527, 432374808, 19327, 433, 3
19709422, 452084230, 20122, 575, 3
19734941, 471819171, 19422, 1342, 3
17557882, 489377053, 32360, 654, 3
6592207, 495969260, 12247, 9, 6
12215, 495981475, 413, 0, 1
5638, 495987113, 29, 0, 1
5658, 495992771, 25, 0, 1
6162, 495998933, 20, 0, 1
11762, 496010695, 34, 0, 1
5651, 496016346, 15, 0, 1
5657, 496022003, 17, 0, 1
6153, 496028156, 29, 0, 1
11782, 496039938, 49, 0, 1
5622, 496045560, 20, 0, 1
5653, 496051213, 26, 0, 1
6160, 496057373, 23, 0, 1
11793, 496069166, 40, 0, 1
5658, 496074824, 13, 0, 1
5632, 496080456, 20, 0, 1
6153, 496086609, 27, 0, 1
11763, 496098372, 44, 0, 1
5652, 496104024, 14, 0, 1
5658, 496109682, 11, 0, 1
6154, 496115836, 19, 0, 1
11811, 496127647, 45, 0, 1
5638, 496133285, 21, 0, 1
5652, 496138937, 13, 0, 1
6160, 496145097, 17, 0, 1
11795, 496156892, 34, 0, 1
5658, 496162550, 11, 0, 1
5639, 496168189, 29, 0, 1
7550, 496175739, 99, 0, 1
11787, 496187526, 31, 0, 1
5658, 496193184, 8, 0, 1
5633, 496198817, 20, 0, 1
6147, 496204964, 27, 0, 1
11766, 496216730, 37, 0, 1
5622, 496222352, 23, 0, 1
5654, 496228006, 27, 0, 1
15211, 496243217, 312, 0, 1
11787, 496255004, 64, 0, 1
5658, 496260662, 14, 0, 1
5651, 496266313, 21, 0, 1
6144, 496272457, 27, 0, 1
11771, 496284228, 43, 0, 1
5661, 496289889, 28, 0, 1
5658, 496295547, 9, 0, 1
6122, 496301669, 27, 0, 1
11797, 496313466, 39, 0, 1
5658, 496319124, 17, 0, 1
5648, 496324772, 29, 0, 1
6165, 496330937, 23, 0, 1
11796, 496342733, 27, 0, 1
5633, 496348366, 18, 0, 1
5633, 496353999, 25, 0, 1
6160, 496360159, 20, 0, 1
11813, 496371972, 34, 0, 1
5653, 496377625, 25, 0, 1
5652, 496383277, 15, 0, 1
6154, 496389431, 20, 0, 1
11795, 496401226, 30, 0, 1
5658, 496406884, 20, 0, 1
5658, 496412542, 12, 0, 1
6142, 496418684, 31, 0, 1
11788, 496430472, 40, 0, 1
5652, 496436124, 18, 0, 1
5662, 496441786, 23, 0, 1
6160, 496447946, 21, 0, 1
11795, 496459741, 32, 0, 1
5658, 496465399, 15, 0, 1
5656, 496471055, 28, 0, 1
6173, 496477228, 17, 0, 1
11778, 496489006, 30, 0, 1
5658, 496494664, 11, 0, 1
5648, 496500312, 28, 0, 1
6675, 496506987, 59, 0, 1
15035, 496522022, 179, 1, 1
6308, 496528330, 28, 0, 1
5643, 496533973, 18, 0, 1
12275, 496546248, 29, 0, 1
6108, 496552356, 23, 0, 1
6015, 496558371, 29, 0, 1
7504, 496565875, 55, 0, 1
12181, 496578056, 40, 0, 1
6099, 496584155, 30, 0, 1
6116, 496590271, 16, 0, 1
6100, 496596371, 30, 0, 1
12230, 496608601, 35, 0, 1
6087, 496614688, 23, 0, 1
6116, 496620804, 16, 0, 1
6104, 496626908, 20, 0, 1
11742, 496638650, 52, 0, 1
6138, 496644788, 19, 0, 1
6106, 496650894, 28, 0, 1
5666, 496656560, 30, 0, 1
11785, 496668345, 31, 0, 1
6138, 496674483, 17, 0, 1
5631, 496680114, 21, 0, 1
5658, 496685772, 11, 0, 1
11772, 496697544, 35, 0, 1
6124, 496703668, 21, 0, 1
5650, 496709318, 21, 0, 1
5667, 496714985, 29, 0, 1
11834, 496726819, 42, 0, 1
6132, 496732951, 17, 0, 1
5658, 496738609, 11, 0, 1
5643, 496744252, 23, 0, 1
11781, 496756033, 34, 0, 1
6122, 496762155, 24, 0, 1
5644, 496767799, 17, 0, 1
5651, 496773450, 19, 0, 1
11817, 496785267, 37, 0, 1
6138, 496791405, 14, 0, 1
5652, 496797057, 16, 0, 1
5657, 496802714, 19, 0, 1
11817, 496814531, 36, 0, 1
6138, 496820669, 16, 0, 1
5650, 496826319, 18, 0, 1
5658, 496831977, 9, 0, 1
11793, 496843770, 28, 0, 1
6120, 496849890, 23, 0, 1
5633, 496855523, 19, 0, 1
5653, 496861176, 26, 0, 1
11787, 496872963, 40, 0, 1
6106, 496879069, 27, 0, 1
5650, 496884719, 20, 0, 1
5658, 496890377, 14, 0, 1
11795, 496902172, 40, 0, 1
6138, 496908310, 14, 0, 1
5658, 496913968, 12, 0, 1
5610, 496919578, 15, 0, 1
11805, 496931383, 23, 0, 1
6111, 496937494, 23, 0, 1
7028, 496944522, 36, 0, 1
5644, 496950166, 23, 0, 1
11831, 496961997, 19, 0, 1
6146, 496968143, 34, 0, 1
5645, 496973788, 18, 0, 1
5655, 496979443, 28, 0, 1
11779, 496991222, 38, 0, 1
14333, 497005555, 268, 11, 1
5637, 497011192, 38, 0, 1
5651, 497016843, 19, 0, 1
11818, 497028661, 21, 0, 1
6147, 497034808, 31, 0, 1
5658, 497040466, 10, 0, 1
5658, 497046124, 10, 0, 1
11813, 497057937, 27, 0, 1
6141, 497064078, 38, 0, 1
6116, 497070194, 18, 0, 1
5667, 497075861, 32, 0, 1
11796, 497087657, 20, 0, 1
6132, 497093789, 20, 0, 1
5658, 497099447, 14, 0, 1
5658, 497105105, 12, 0, 1
11784, 497116889, 50, 0, 1
6137, 497123026, 28, 0, 1
5640, 497128666, 17, 0, 1
5662, 497134328, 31, 0, 1
12714, 497147042, 121, 2, 1
6138, 497153180, 13, 0, 1
5656, 497158836, 28, 0, 1
5650, 497164486, 29, 0, 1
11818, 497176304, 33, 0, 1
6138, 497182442, 19, 0, 1
5660, 497188102, 30, 0, 1
5638, 497193740, 20, 0, 1
11831, 497205571, 31, 0, 1
6138, 497211709, 14, 0, 1
5658, 497217367, 10, 0, 1
5651, 497223018, 19, 0, 1
11824, 497234842, 39, 0, 1
6151, 497240993, 14, 0, 1
5658, 497246651, 9, 0, 1
5644, 497252295, 23, 0, 1
11817, 497264112, 44, 0, 1
6113, 497270225, 25, 0, 1
5657, 497275882, 22, 0, 1
5627, 497281509, 19, 0, 1
11795, 497293304, 34, 0, 1
6137, 497299441, 29, 0, 1
5652, 497305093, 12, 0, 1
5651, 497310744, 21, 0, 1
11810, 497322554, 39, 0, 1
7534, 497330088, 42, 0, 1
5657, 497335745, 15, 0, 1
5657, 497341402, 25, 0, 1
11807, 497353209, 44, 0, 1
6138, 497359347, 18, 0, 1
5658, 497365005, 11, 0, 1
5644, 497370649, 23, 0, 1
11830, 497382479, 32, 0, 1
6138, 497388617, 18, 0, 1
5658, 497394275, 12, 0, 1
5651, 497399926, 64, 4, 1
11803, 497411729, 63, 0, 1
6138, 497417867, 19, 0, 1
5646, 497423513, 11, 0, 1
5661, 497429174, 25, 0, 1
11823, 497440997, 31, 0, 1
6138, 497447135, 17, 0, 1
5645, 497452780, 24, 0, 1
5652, 497458432, 13, 0, 1
11824, 497470256, 37, 0, 1
6139, 497476395, 18, 0, 1
5652, 497482047, 13, 0, 1
5638, 497487685, 26, 0, 1
11813, 497499498, 38, 0, 1
6138, 497505636, 16, 0, 1
5655, 497511291, 28, 0, 1
5662, 497516953, 24, 0, 1
11803, 497528756, 34, 0, 1
6138, 497534894, 18, 0, 1
5625, 497540519, 21, 0, 1
5647, 497546166, 16, 0, 1
11780, 497557946, 41, 0, 1
6151, 497564097, 15, 0, 1
5650, 497569747, 26, 0, 1
5651, 497575398, 21, 0, 1
11798, 497587196, 39, 0, 1
6116, 497593312, 25, 0, 1
5658, 497598970, 13, 0, 1
5651, 497604621, 22, 0, 1
11831, 497616452, 31, 0, 1
6132, 497622584, 18, 0, 1
5652, 497628236, 13, 0, 1
5658, 497633894, 9, 0, 1
11785, 497645679, 46, 0, 1
6138, 497651817, 15, 0, 1
5661, 497657478, 23, 0, 1
5657, 497663135, 18, 0, 1
11841, 497674976, 40, 0, 1
6124, 497681100, 25, 0, 1
5645, 497686745, 17, 0, 1
5651, 497692396, 20, 0, 1
13155, 497705551, 62, 0, 1
6151, 497711702, 15, 0, 1
5616, 497717318, 20, 0, 1
5646, 497722964, 22, 0, 1
11817, 497734781, 28, 0, 1
6138, 497740919, 19, 0, 1
5658, 497746577, 15, 0, 1
5652, 497752229, 11, 0, 1
11794, 497764023, 38, 0, 1
6138, 497770161, 14, 0, 1
5615, 497775776, 18, 0, 1
5652, 497781428, 13, 0, 1
11759, 497793187, 40, 0, 1
6151, 497799338, 16, 0, 1
5658, 497804996, 14, 0, 1
5659, 497810655, 27, 0, 1
11803, 497822458, 34, 0, 1
6113, 497828571, 20, 0, 1
5658, 497834229, 12, 0, 1
5652, 497839881, 14, 0, 1
11782, 497851663, 37, 0, 1
6138, 497857801, 17, 0, 1
5658, 497863459, 12, 0, 1
5652, 497869111, 17, 0, 1
11823, 497880934, 36, 0, 1
6138, 497887072, 12, 0, 1
5637, 497892709, 21, 0, 1
5658, 497898367, 9, 0, 1
11825, 497910192, 29, 0, 1
6132, 497916324, 19, 0, 1
5632, 497921956, 19, 0, 1
5651, 497927607, 20, 0, 1
11788, 497939395, 32, 0, 1
6127, 497945522, 20, 0, 1
5640, 497951162, 18, 0, 1
5633, 497956795, 19, 0, 1
11786, 497968581, 37, 0, 1
6138, 497974719, 16, 0, 1
5667, 497980386, 29, 0, 1
5657, 497986043, 21, 0, 1
11802, 497997845, 40, 0, 1
6100, 498003945, 27, 0, 1
5663, 498009608, 19, 0, 1
5658, 498015266, 13, 0, 1
11770, 498027036, 32, 0, 1
6151, 498033187, 16, 0, 1
5637, 498038824, 23, 0, 1
5658, 498044482, 12, 0, 1
11783, 498056265, 36, 0, 1
6145, 498062410, 14, 0, 1
5633, 498068043, 15, 0, 1
5646, 498073689, 22, 0, 1
13206, 498086895, 49, 0, 1
6138, 498093033, 17, 0, 1
5658, 498098691, 12, 0, 1
5639, 498104330, 21, 0, 1
11768, 498116098, 42, 0, 1
6126, 498122224, 18, 0, 1
5651, 498127875, 21, 0, 1
5658, 498133533, 10, 0, 1
11800, 498145333, 37, 0, 1
6132, 498151465, 15, 0, 1
5626, 498157091, 24, 0, 1
5658, 498162749, 10, 0, 1
11816, 498174565, 33, 0, 1
6147, 498180712, 28, 0, 1
5651, 498186363, 19, 0, 1
5657, 498192020, 14, 0, 1
11794, 498203814, 41, 0, 1
635763, 498839577, 11453, 130, 5
260665, 499100242, 3958, 67, 1
6412, 499106654, 48, 0, 1
13394, 499120048, 75, 0, 1
12187, 499132235, 368, 4, 1
6674, 499138909, 48, 0, 1
6720, 499145629, 25, 0, 1
14647, 499160276, 178, 4, 1
165973, 165973, 5360, 27, 1
5310783, 5476756, 93435, 546, 16
17091233, 22567989, 38728, 1045, 3
19026347, 41594336, 20236, 831, 3
19431668, 61026004, 21765, 678, 3
19715176, 80741180, 17948, 469, 3
19672105, 100413285, 17880, 690, 3
19566503, 119979788, 18137, 453, 3
18551835, 138531623, 25436, 1023, 3
19314080, 157845703, 18819, 159, 3
19812952, 177658655, 18575, 720, 3
19544193, 197202848, 20500, 551, 3
19655312, 216858160, 19003, 959, 3
19643626, 236501786, 18651, 452, 3
19000342, 255502128, 23580, 898, 3
18939141, 274441269, 20102, 366, 3
19416256, 293857525, 19335, 661, 3
19456329, 313313854, 18898, 801, 3
19786345, 333100199, 19018, 519, 3
19836165, 352936364, 18913, 822, 3
19639290, 372575654, 19957, 957, 3
19891686, 392467340, 18591, 242, 3
19782072, 412249412, 18535, 756, 3
19759572, 432008984, 18556, 485, 3
19745241, 451754225, 19114, 507, 3
19723888, 471478113, 19132, 1216, 3
18058309, 489536422, 28275, 738, 3
6858372, 496394794, 16490, 7, 6
12219, 496407013, 386, 1, 1
5658, 496412671, 15, 0, 1
5652, 496418323, 16, 0, 1
6143, 496424466, 30, 0, 1
11789, 496436255, 34, 0, 1
5658, 496441913, 13, 0, 1
5658, 496447571, 8, 0, 1
6160, 496453731, 16, 0, 1
11795, 496465526, 47, 0, 1
5645, 496471171, 17, 0, 1
5650, 496476821, 25, 0, 1
6118, 496482939, 21, 0, 1
11796, 496494735, 27, 0, 1
5626, 496500361, 19, 0, 1
5645, 496506006, 19, 0, 1
6146, 496512152, 27, 0, 1
11783, 496523935, 31, 0, 1
5628, 496529563, 20, 0, 1
5649, 496535212, 20, 0, 1
6160, 496541372, 17, 0, 1
11796, 496553168, 28, 0, 1
5654, 496558822, 26, 0, 1
5656, 496564478, 27, 0, 1
11799, 496576277, 32, 0, 1
6100, 496582377, 26, 0, 1
5658, 496588035, 15, 0, 1
5646, 496593681, 20, 0, 1
11819, 496605500, 31, 0, 1
6138, 496611638, 19, 0, 1
5658, 496617296, 21, 0, 1
5652, 496622948, 25, 0, 1
11794, 496634742, 42, 0, 1
6138, 496640880, 18, 0, 1
5654, 496646534, 22, 0, 1
5646, 496652180, 20, 0, 1
11799, 496663979, 39, 0, 1
6138, 496670117, 14, 0, 1
5628, 496675745, 19, 0, 1
5645, 496681390, 20, 0, 1
11769, 496693159, 43, 0, 1
6134, 496699293, 28, 0, 1
5657, 496704950, 22, 0, 1
5643, 496710593, 15, 0, 1
11765, 496722358, 52, 0, 1
6126, 496728484, 24, 0, 1
5658, 496734142, 14, 0, 1
5663, 496739805, 30, 0, 1
11818, 496751623, 28, 0, 1
7515, 496759138, 99, 0, 1
5649, 496764787, 22, 0, 1
5658, 496770445, 10, 0, 1
11780, 496782225, 32, 0, 1
6153, 496788378, 30, 0, 1
5656, 496794034, 23, 0, 1
5640, 496799674, 24, 0, 1
11806, 496811480, 30, 0, 1
6136, 496817616, 30, 0, 1
5658, 496823274, 17, 0, 1
5658, 496828932, 11, 0, 1
20845, 496849777, 372, 1, 1
6138, 496855915, 26, 0, 1
5652, 496861567, 19, 0, 1
5643, 496867210, 26, 0, 1
11787, 496878997, 33, 0, 1
6138, 496885135, 17, 0, 1
5658, 496890793, 12, 0, 1
5658, 496896451, 33, 0, 1
11831, 496908282, 37, 0, 1
6138, 496914420, 14, 0, 1
5656, 496920076, 21, 0, 1
5658, 496925734, 9, 0, 1
12998, 496938732, 98, 0, 1
6677, 496945409, 21, 0, 1
6320, 496951729, 25, 0, 1
5649, 496957378, 15, 0, 1
12285, 496969663, 42, 0, 1
6138, 496975801, 16, 0, 1
6119, 496981920, 32, 0, 1
6113, 496988033, 30, 0, 1
12214, 497000247, 32, 0, 1
6109, 497006356, 32, 0, 1
6116, 497012472, 18, 0, 1
6116, 497018588, 19, 0, 1
12194, 497030782, 36, 0, 1
6996, 497037778, 100, 0, 1
6116, 497043894, 17, 0, 1
6095, 497049989, 29, 0, 1
11768, 497061757, 38, 0, 1
6138, 497067895, 14, 0, 1
6097, 497073992, 25, 0, 1
5628, 497079620, 19, 0, 1
11790, 497091410, 38, 0, 1
6132, 497097542, 22, 0, 1
5640, 497103182, 15, 0, 1
5657, 497108839, 19, 0, 1
11792, 497120631, 31, 0, 1
6138, 497126769, 17, 0, 1
5633, 497132402, 25, 0, 1
5646, 497138048, 23, 0, 1
13202, 497151250, 60, 0, 1
6138, 497157388, 18, 0, 1
5639, 497163027, 20, 0, 1
5657, 497168684, 18, 0, 1
11811, 497180495, 39, 0, 1
6146, 497186641, 24, 0, 1
5622, 497192263, 20, 0, 1
5658, 497197921, 11, 0, 1
11775, 497209696, 37, 0, 1
6138, 497215834, 18, 0, 1
5627, 497221461, 22, 0, 1
5658, 497227119, 9, 0, 1
11801, 497238920, 32, 0, 1
6120, 497245040, 20, 0, 1
5655, 497250695, 30, 0, 1
5658, 497256353, 10, 0, 1
11806, 497268159, 28, 0, 1
6127, 497274286, 21, 0, 1
5633, 497279919, 19, 0, 1
5652, 497285571, 22, 0, 1
11782, 497297353, 32, 0, 1
6132, 497303485, 20, 0, 1
5652, 497309137, 16, 0, 1
5652, 497314789, 15, 0, 1
11818, 497326607, 25, 0, 1
6140, 497332747, 30, 0, 1
5647, 497338394, 28, 0, 1
5646, 497344040, 18, 0, 1
11817, 497355857, 35, 0, 1
6138, 497361995, 17, 0, 1
5652, 497367647, 13, 0, 1
5658, 497373305, 12, 0, 1
11788, 497385093, 49, 0, 1
6125, 497391218, 25, 0, 1
5658, 497396876, 12, 0, 1
5658, 497402534, 11, 0, 1
11800, 497414334, 44, 0, 1
6148, 497420482, 35, 0, 1
5658, 497426140, 10, 0, 1
5658, 497431798, 12, 0, 1
11781, 497443579, 31, 0, 1
6129, 497449708, 33, 0, 1
5645, 497455353, 20, 0, 1
5654, 497461007, 25, 0, 1
11811, 497472818, 38, 0, 1
6107, 497478925, 23, 0, 1
5657, 497484582, 20, 0, 1
5652, 497490234, 17, 0, 1
11775, 497502009, 37, 0, 1
6127, 497508136, 19, 0, 1
5642, 497513778, 23, 0, 1
5641, 497519419, 26, 0, 1
13171, 497532590, 44, 0, 1
6112, 497538702, 26, 0, 1
5633, 497544335, 22, 0, 1
5652, 497549987, 15, 0, 1
11819, 497561806, 48, 0, 1
6106, 497567912, 26, 0, 1
5646, 497573558, 14, 0, 1
5645, 497579203, 20, 0, 1
11812, 497591015, 28, 0, 1
6138, 497597153, 14, 0, 1
5627, 497602780, 21, 0, 1
5626, 497608406, 21, 0, 1
11831, 497620237, 21, 0, 1
6138, 497626375, 14, 0, 1
5649, 497632024, 20, 0, 1
5633, 497637657, 14, 0, 1
11774, 497649431, 37, 0, 1
6143, 497655574, 27, 0, 1
5645, 497661219, 31, 0, 1
5636, 497666855, 25, 0, 1
11812, 497678667, 39, 0, 1
6114, 497684781, 20, 0, 1
5658, 497690439, 15, 0, 1
5656, 497696095, 28, 0, 1
11825, 497707920, 33, 0, 1
6126, 497714046, 22, 0, 1
5628, 497719674, 19, 0, 1
5658, 497725332, 10, 0, 1
11814, 497737146, 48, 0, 1
6145, 497743291, 22, 0, 1
5657, 497748948, 23, 0, 1
5652, 497754600, 15, 0, 1
11827, 497766427, 35, 0, 1
6142, 497772569, 22, 0, 1
5650, 497778219, 17, 0, 1
5652, 497783871, 12, 0, 1
11803, 497795674, 41, 0, 1
6138, 497801812, 17, 0, 1
6083, 497807895, 28, 0, 1
5640, 497813535, 20, 0, 1
11763, 497825298, 45, 0, 1
6138, 497831436, 16, 0, 1
5649, 497837085, 28, 0, 1
5641, 497842726, 24, 0, 1
11844, 497854570, 23, 0, 1
6138, 497860708, 15, 0, 1
5626, 497866334, 22, 0, 1
5658, 497871992, 17, 0, 1
11803, 497883795, 44, 0, 1
6151, 497889946, 15, 0, 1
5645, 497895591, 18, 0, 1
7029, 497902620, 40, 0, 1
11818, 497914438, 21, 0, 1
6139, 497920577, 21, 0, 1
5658, 497926235, 18, 0, 1
5651, 497931886, 27, 0, 1
11812, 497943698, 34, 0, 1
6132, 497949830, 23, 0, 1
5658, 497955488, 13, 0, 1
5652, 497961140, 15, 0, 1
11776, 497972916, 38, 0, 1
6151, 497979067, 14, 0, 1
5626, 497984693, 22, 0, 1
5648, 497990341, 27, 0, 1
11792, 498002133, 44, 0, 1
6132, 498008265, 22, 0, 1
5655, 498013920, 17, 0, 1
5651, 498019571, 26, 0, 1
11840, 498031411, 40, 0, 1
6138, 498037549, 15, 0, 1
5653, 498043202, 25, 0, 1
5661, 498048863, 24, 0, 1
11804, 498060667, 31, 0, 1
6129, 498066796, 22, 0, 1
5639, 498072435, 16, 0, 1
5648, 498078083, 23, 0, 1
11803, 498089886, 44, 0, 1
6114, 498096000, 24, 0, 1
5658, 498101658, 14, 0, 1
5652, 498107310, 15, 0, 1
11806, 498119116, 23, 0, 1
6151, 498125267, 15, 0, 1
5621, 498130888, 21, 0, 1
5652, 498136540, 30, 0, 1
11799, 498148339, 27, 0, 1
6126, 498154465, 15, 0, 1
5640, 498160105, 18, 0, 1
5658, 498165763, 11, 0, 1
11808, 498177571, 49, 0, 1
6138, 498183709, 18, 0, 1
5638, 498189347, 23, 0, 1
5657, 498195004, 16, 0, 1
11779, 498206783, 35, 0, 1
6158, 498212941, 19, 0, 1
5640, 498218581, 16, 0, 1
5642, 498224223, 22, 0, 1
11817, 498236040, 31, 0, 1
6138, 498242178, 17, 0, 1
5658, 498247836, 13, 0, 1
5649, 498253485, 25, 0, 1
11830, 498265315, 37, 0, 1
6138, 498271453, 18, 0, 1
7035, 498278488, 37, 0, 1
5658, 498284146, 9, 0, 1
11782, 498295928, 33, 0, 1
6138, 498302066, 15, 0, 1
5650, 498307716, 28, 0, 1
5656, 498313372, 27, 0, 1
11813, 498325185, 36, 0, 1
6137, 498331322, 28, 0, 1
5627, 498336949, 19, 0, 1
5655, 498342604, 24, 0, 1
11806, 498354410, 35, 0, 1
6151, 498360561, 14, 0, 1
5634, 498366195, 16, 0, 1
5657, 498371852, 31, 0, 1
11782, 498383634, 42, 0, 1
6135, 498389769, 29, 0, 1
5643, 498395412, 20, 0, 1
5628, 498401040, 23, 0, 1
11813, 498412853, 28, 0, 1
6138, 498418991, 17, 0, 1
5616, 498424607, 19, 0, 1
5649, 498430256, 29, 0, 1
11824, 498442080, 40, 0, 1
6151, 498448231, 16, 0, 1
5658, 498453889, 10, 0, 1
5658, 498459547, 12, 0, 1
11820, 498471367, 36, 0, 1
6138, 498477505, 18, 0, 1
5658, 498483163, 12, 0, 1
5658, 498488821, 12, 0, 1
11831, 498500652, 27, 0, 1
6138, 498506790, 18, 0, 1
5650, 498512440, 25, 0, 1
5658, 498518098, 10, 0, 1
11810, 498529908, 38, 0, 1
6138, 498536046, 18, 0, 1
5652, 498541698, 30, 0, 1
11819, 498553517, 36, 0, 1
5644, 498559161, 19, 0, 1
6138, 498565299, 18, 0, 1
5634, 498570933, 18, 0, 1
11800, 498582733, 32, 0, 1
5658, 498588391, 13, 0, 1
6145, 498594536, 23, 0, 1
5646, 498600182, 23, 0, 1
11791, 498611973, 52, 0, 1
885302, 499497275, 15122, 217, 5
6406, 499503681, 49, 0, 1
6711, 499510392, 22, 0, 1
14783, 499525175, 124, 0, 1
11847, 499537022, 364, 6, 1
6650, 499543672, 49, 0, 1
6718, 499550390, 25, 0, 1
14658, 499565048, 153, 1, 1
2134315, 2134315, 47308, 135, 4
9193327, 11327642, 79732, 1173, 8
19250631, 30578273, 19495, 788, 3
19159622, 49737895, 23893, 682, 3
19142648, 68880543, 17673, 750, 3
19575181, 88455724, 18924, 492, 3
19586970, 108042694, 18290, 610, 3
19252651, 127295345, 24144, 828, 3
18997048, 146292393, 19830, 356, 3
19767085, 166059478, 18631, 541, 3
19268936, 185328414, 18764, 255, 3
19513113, 204841527, 21827, 1020, 3
19778440, 224619967, 19004, 723, 3
19508450, 244128417, 19033, 457, 3
18899126, 263027543, 25051, 893, 3
19433400, 282460943, 19763, 539, 3
19062335, 301523278, 18792, 689, 3
19639576, 321162854, 18195, 535, 3
19798993, 340961847, 19377, 1029, 3
19739436, 360701283, 19948, 512, 3
19868427, 380569710, 18868, 754, 3
19758543, 400328253, 18717, 531, 3
19811066, 420139319, 18708, 853, 3
19773750, 439913069, 19333, 355, 3
19670255, 459583324, 19325, 656, 3
19778546, 479361870, 18980, 1274, 3
13076293, 492438163, 29667, 306, 19
3905601, 496343764, 8798, 11, 6
5658, 496349422, 18, 0, 1
5658, 496355080, 14, 0, 1
6159, 496361239, 23, 0, 1
11796, 496373035, 29, 0, 1
5658, 496378693, 15, 0, 1
5649, 496384342, 23, 0, 1
6139, 496390481, 24, 0, 1
12682, 496403163, 116, 2, 1
5658, 496408821, 9, 0, 1
5658, 496414479, 11, 0, 1
6136, 496420615, 20, 0, 1
11783, 496432398, 32, 0, 1
5642, 496438040, 20, 0, 1
5658, 496443698, 9, 0, 1
6173, 496449871, 15, 0, 1
11778, 496461649, 32, 0, 1
5658, 496467307, 11, 0, 1
5645, 496472952, 22, 0, 1
7500, 496480452, 105, 0, 1
11739, 496492191, 45, 0, 1
5621, 496497812, 18, 0, 1
5658, 496503470, 9, 0, 1
6127, 496509597, 24, 0, 1
11781, 496521378, 54, 0, 1
5651, 496527029, 14, 0, 1
5657, 496532686, 12, 0, 1
6166, 496538852, 25, 0, 1
11769, 496550621, 44, 0, 1
5633, 496556254, 14, 0, 1
5658, 496561912, 8, 0, 1
6160, 496568072, 18, 0, 1
11765, 496579837, 27, 0, 1
5658, 496585495, 10, 0, 1
5658, 496591153, 10, 0, 1
6154, 496597307, 21, 0, 1
11778, 496609085, 24, 0, 1
5644, 496614729, 23, 0, 1
5646, 496620375, 23, 0, 1
6160, 496626535, 18, 0, 1
11788, 496638323, 52, 0, 1
5652, 496643975, 15, 0, 1
5652, 496649627, 15, 0, 1
6137, 496655764, 20, 0, 1
11788, 496667552, 42, 0, 1
5649, 496673201, 20, 0, 1
5639, 496678840, 25, 0, 1
6161, 496685001, 23, 0, 1
11781, 496696782, 41, 0, 1
5658, 496702440, 10, 0, 1
5658, 496708098, 15, 0, 1
6128, 496714226, 28, 0, 1
11784, 496726010, 46, 0, 1
5669, 496731679, 22, 0, 1
5621, 496737300, 18, 0, 1
6160, 496743460, 23, 0, 1
11799, 496755259, 37, 0, 1
5616, 496760875, 22, 0, 1
5650, 496766525, 25, 0, 1
6173, 496772698, 19, 0, 1
11795, 496784493, 47, 0, 1
5634, 496790127, 14, 0, 1
5648, 496795775, 24, 0, 1
6148, 496801923, 27, 0, 1
11774, 496813697, 46, 0, 1
6116, 496819813, 17, 0, 1
5658, 496825471, 14, 0, 1
6164, 496831635, 25, 0, 1
11800, 496843435, 45, 0, 1
5657, 496849092, 19, 0, 1
7022, 496856114, 34, 0, 1
6687, 496862801, 74, 0, 1
13143, 496875944, 89, 0, 1
6327, 496882271, 17, 0, 1
5637, 496887908, 16, 0, 1
6580, 496894488, 29, 0, 1
11793, 496906281, 40, 0, 1
6098, 496912379, 21, 0, 1
5640, 496918019, 16, 0, 1
6154, 496924173, 29, 0, 1
12241, 496936414, 45, 0, 1
6110, 496942524, 26, 0, 1
6091, 496948615, 25, 0, 1
6104, 496954719, 24, 0, 1
21283, 496976002, 336, 0, 1
6098, 496982100, 43, 0, 1
6115, 496988215, 34, 0, 1
6112, 496994327, 24, 0, 1
12229, 497006556, 39, 0, 1
6116, 497012672, 20, 0, 1
5649, 497018321, 19, 0, 1
6124, 497024445, 32, 0, 1
11781, 497036226, 41, 0, 1
5653, 497041879, 22, 0, 1
5657, 497047536, 17, 0, 1
6142, 497053678, 22, 0, 1
11772, 497065450, 27, 0, 1
5658, 497071108, 12, 0, 1
5633, 497076741, 20, 0, 1
6173, 497082914, 17, 0, 1
11778, 497094692, 31, 0, 1
5658, 497100350, 8, 0, 1
5645, 497105995, 26, 0, 1
6160, 497112155, 17, 0, 1
11800, 497123955, 50, 0, 1
5621, 497129576, 18, 0, 1
5632, 497135208, 23, 0, 1
6160, 497141368, 16, 0, 1
11753, 497153121, 28, 0, 1
5652, 497158773, 16, 0, 1
5632, 497164405, 20, 0, 1
6153, 497170558, 27, 0, 1
11783, 497182341, 25, 0, 1
5661, 497188002, 31, 0, 1
5658, 497193660, 12, 0, 1
6135, 497199795, 20, 0, 1
11783, 497211578, 27, 0, 1
5645, 497217223, 26, 0, 1
5658, 497222881, 7, 0, 1
6130, 497229011, 20, 0, 1
11799, 497240810, 35, 0, 1
7035, 497247845, 28, 0, 1
5658, 497253503, 13, 0, 1
6130, 497259633, 25, 0, 1
11742, 497271375, 35, 0, 1
5658, 497277033, 9, 0, 1
5652, 497282685, 13, 0, 1
6123, 497288808, 27, 0, 1
11773, 497300581, 29, 0, 1
5632, 497306213, 19, 0, 1
5679, 497311892, 34, 0, 1
6174, 497318066, 27, 0, 1
11792, 497329858, 43, 0, 1
5622, 497335480, 23, 0, 1
5658, 497341138, 12, 0, 1
6148, 497347286, 23, 0, 1
11793, 497359079, 41, 0, 1
5640, 497364719, 18, 0, 1
5638, 497370357, 18, 0, 1
6148, 497376505, 25, 0, 1
11796, 497388301, 23, 0, 1
5621, 497393922, 17, 0, 1
5641, 497399563, 16, 0, 1
6153, 497405716, 21, 0, 1
11770, 497417486, 42, 0, 1
5658, 497423144, 11, 0, 1
5652, 497428796, 12, 0, 1
6130, 497434926, 21, 0, 1
11794, 497446720, 41, 0, 1
5645, 497452365, 18, 0, 1
5658, 497458023, 10, 0, 1
6148, 497464171, 22, 0, 1
11783, 497475954, 29, 0, 1
5651, 497481605, 11, 0, 1
5645, 497487250, 18, 0, 1
6173, 497493423, 16, 0, 1
11795, 497505218, 30, 0, 1
5646, 497510864, 15, 0, 1
5658, 497516522, 11, 0, 1
6146, 497522668, 27, 0, 1
11795, 497534463, 26, 0, 1
5655, 497540118, 23, 0, 1
5639, 497545757, 17, 0, 1
11825, 497557582, 26, 0, 1
6132, 497563714, 30, 0, 1
5639, 497569353, 18, 0, 1
5652, 497575005, 15, 0, 1
11776, 497586781, 40, 0, 1
6151, 497592932, 16, 0, 1
5652, 497598584, 14, 0, 1
5658, 497604242, 15, 0, 1
11807, 497616049, 42, 0, 1
7503, 497623552, 34, 0, 1
5667, 497629219, 32, 0, 1
5658, 497634877, 11, 0, 1
11803, 497646680, 40, 0, 1
6138, 497652818, 16, 0, 1
5648, 497658466, 26, 0, 1
5652, 497664118, 16, 0, 1
11798, 497675916, 31, 0, 1
6161, 497682077, 23, 0, 1
5640, 497687717, 18, 0, 1
5652, 497693369, 14, 0, 1
11799, 497705168, 31, 0, 1
6138, 497711306, 16, 0, 1
5658, 497716964, 13, 0, 1
5652, 497722616, 13, 0, 1
11813, 497734429, 39, 0, 1
6138, 497740567, 15, 0, 1
5658, 497746225, 10, 0, 1
5652, 497751877, 12, 0, 1
11810, 497763687, 40, 0, 1
6138, 497769825, 14, 0, 1
5652, 497775477, 15, 0, 1
5658, 497781135, 12, 0, 1
11813, 497792948, 39, 0, 1
6138, 497799086, 16, 0, 1
5646, 497804732, 18, 0, 1
5657, 497810389, 21, 0, 1
11770, 497822159, 37, 0, 1
6131, 497828290, 25, 0, 1
5658, 497833948, 13, 0, 1
5652, 497839600, 16, 0, 1
11761, 497851361, 44, 0, 1
6119, 497857480, 23, 0, 1
5650, 497863130, 18, 0, 1
5652, 497868782, 16, 0, 1
11825, 497880607, 27, 0, 1
6105, 497886712, 28, 0, 1
5658, 497892370, 9, 0, 1
5646, 497898016, 10, 0, 1
11819, 497909835, 32, 0, 1
6151, 497915986, 16, 0, 1
5616, 497921602, 17, 0, 1
5642, 497927244, 25, 0, 1
11792, 497939036, 30, 0, 1
6118, 497945154, 34, 0, 1
5658, 497950812, 14, 0, 1
5658, 497956470, 9, 0, 1
11830, 497968300, 36, 0, 1
6138, 497974438, 16, 0, 1
5658, 497980096, 10, 0, 1
5645, 497985741, 19, 0, 1
13167, 497998908, 49, 0, 1
6138, 498005046, 18, 0, 1
5658, 498010704, 10, 0, 1
5654, 498016358, 26, 0, 1
11816, 498028174, 35, 0, 1
6145, 498034319, 16, 0, 1
5645, 498039964, 20, 0, 1
5661, 498045625, 22, 0, 1
11789, 498057414, 41, 0, 1
6164, 498063578, 17, 0, 1
5645, 498069223, 17, 0, 1
5652, 498074875, 12, 0, 1
11809, 498086684, 37, 0, 1
6125, 498092809, 31, 0, 1
5634, 498098443, 18, 0, 1
5652, 498104095, 11, 0, 1
11788, 498115883, 34, 0, 1
6138, 498122021, 16, 0, 1
5658, 498127679, 13, 0, 1
5644, 498133323, 28, 0, 1
11754, 498145077, 41, 0, 1
6138, 498151215, 26, 0, 1
5640, 498156855, 19, 0, 1
5659, 498162514, 26, 0, 1
11819, 498174333, 40, 0, 1
6135, 498180468, 31, 0, 1
5643, 498186111, 20, 0, 1
5642, 498191753, 25, 0, 1
11816, 498203569, 52, 0, 1
6138, 498209707, 20, 0, 1
5610, 498215317, 19, 0, 1
5662, 498220979, 20, 0, 1
11787, 498232766, 40, 0, 1
6120, 498238886, 23, 0, 1
5634, 498244520, 14, 0, 1
5645, 498250165, 18, 0, 1
11816, 498261981, 40, 0, 1
6138, 498268119, 16, 0, 1
5658, 498273777, 9, 0, 1
5643, 498279420, 21, 0, 1
11817, 498291237, 33, 0, 1
6131, 498297368, 22, 0, 1
5660, 498303028, 30, 0, 1
5658, 498308686, 8, 0, 1
11793, 498320479, 45, 0, 1
6138, 498326617, 16, 0, 1
5638, 498332255, 18, 0, 1
5652, 498337907, 14, 0, 1
11813, 498349720, 28, 0, 1
6138, 498355858, 17, 0, 1
5639, 498361497, 20, 0, 1
5658, 498367155, 16, 0, 1
13199, 498380354, 54, 0, 1
6151, 498386505, 17, 0, 1
5658, 498392163, 11, 0, 1
5643, 498397806, 25, 0, 1
11796, 498409602, 44, 0, 1
6132, 498415734, 19, 0, 1
5644, 498421378, 22, 0, 1
5661, 498427039, 27, 0, 1
11828, 498438867, 48, 0, 1
6138, 498445005, 19, 0, 1
5658, 498450663, 25, 0, 1
5655, 498456318, 27, 0, 1
11818, 498468136, 34, 0, 1
6138, 498474274, 18, 0, 1
5653, 498479927, 26, 0, 1
5658, 498485585, 10, 0, 1
11828, 498497413, 33, 0, 1
6123, 498503536, 31, 0, 1
5658, 498509194, 10, 0, 1
5652, 498514846, 13, 0, 1
11769, 498526615, 39, 0, 1
6151, 498532766, 13, 0, 1
5658, 498538424, 10, 0, 1
5643, 498544067, 21, 0, 1
11772, 498555839, 36, 0, 1
9477, 498565316, 171, 0, 1
895185, 499460501, 15104, 225, 5
6717, 499467218, 74, 0, 1
18819, 499486037, 389, 9, 1
6664, 499492701, 50, 0, 1
6720, 499499421, 26, 0, 1
6638, 499506059, 24, 0, 1
14590, 499520649, 135, 3, 1
6141, 499526790, 30, 0, 1
