2, 1, 798874, 159774.600
28, 798875, 14374060, 1357518.500
17, 14374061, 30408147, 1603408.600
26, 30408148, 36053511, 1129072.600
18, 36053512, 43089721, 1407241.800
24, 43089722, 56639058, 2709867.200
3, 56639059, 146416593, 2565072.400
1, 146416594, 927487947, 2139921.515
9, 927487948, 937275091, 1957428.600
1, 937275092, 947060748, 1957131.200
9, 947060749, 966472827, 1941207.800
1, 966472828, 976162793, 1937993.000
9, 976162794, 1005089629, 1928455.667
1, 1005089630, 1014765932, 1935260.400
9, 1014765933, 1043589967, 1921602.267
1, 1043589968, 1053127689, 1907544.200
9, 1053127690, 1186629195, 1907164.357
1, 1186629196, 1196053678, 1884896.400
9, 1196053679, 1290485304, 1888632.500
8, 1290485305, 1570038855, 1164806.458
5, 1570038856, 1572409332, 474095.200
7, 1572409333, 1602551762, 430606.129
5, 1602551763, 1642912746, 620938.200
25, 1642912747, 1655887230, 1297448.300
6, 1655887231, 1655900399, 1316.800
2, 1655900400, 1656052714, 30462.800
6, 1656052715, 1656059353, 1327.600
