0,1,152898089.82,2967176654.3650727
5,152898090.82,185296539.54999998,2889592776.231653
11,185296540.54999998,223206458.14999998,3671114250.0599723
0,223206459.14999998,285926203.73999995,2967176654.3650727
5,285926204.73999995,3818821309.0299983,2889592776.231653
6,3818821310.0299983,3872597712.0699987,2131834795.7711167
14,3872597713.0699987,3943956392.6699986,2446824213.8627768
6,3943956393.6699986,3966576794.1899986,2131834795.7711167
10,3966576795.1899986,3984757340.2960224,797661017.4990699
3,3984757341.2960224,3998489151.629356,1443023607.5620902
6,3998489152.629356,4042917157.129356,2131834795.7711167
10,4042917158.129356,4056817739.129356,797661017.4990699
