23, 1, 4499806, 899961.000
20, 4499807, 12428025, 1585643.600
17, 12428026, 29119351, 1669132.500
26, 29119352, 35576462, 1291422.000
10, 35576463, 42566895, 1398086.400
3, 42566896, 757315158, 2507888.639
9, 757315159, 769130852, 2363138.600
3, 769130853, 804680149, 2369953.067
9, 804680150, 816491438, 2362257.600
3, 816491439, 828312904, 2364293.000
9, 828312905, 1285274112, 2284806.035
4, 1285274113, 1293180175, 1581212.400
8, 1293180176, 1563159365, 1459346.968
5, 1563159366, 1570457418, 1459610.400
7, 1570457419, 1600881926, 553172.855
5, 1600881927, 1642095147, 1030330.500
27, 1642095148, 1643269782, 234926.800
25, 1643269783, 1654871306, 2320304.600
2, 1654871307, 1655801265, 185991.600
6, 1655801266, 1655988354, 6236.267
