2418992, 2418992, 50127, 652, 4
9815576, 12234568, 79031, 6481, 17
19083343, 31317911, 18161, 4106, 7
13394462, 44712373, 16571, 2764, 19
19106515, 63818888, 17366, 3217, 7
19596219, 83415107, 18166, 1577, 3
19510299, 102925406, 17304, 4165, 7
18706048, 121631454, 22994, 5071, 11
19096884, 140728338, 18084, 4645, 11
19675629, 160403967, 18717, 3033, 7
19263654, 179667621, 19869, 3855, 7
19491668, 199159289, 18581, 2933, 7
19595101, 218754390, 18315, 4615, 11
19524769, 238279159, 19409, 2818, 7
18643487, 256922646, 23341, 3448, 7
19275100, 276197746, 18171, 3896, 7
18911295, 295109041, 18539, 3040, 7
19394152, 314503193, 19195, 4557, 11
19601854, 334105047, 18700, 3988, 7
19602334, 353707381, 17813, 4540, 11
19521270, 373228651, 18061, 4237, 7
19724757, 392953408, 18637, 3368, 7
19574419, 412527827, 18423, 4272, 11
19606741, 432134568, 18119, 3014, 7
19599190, 451733758, 18061, 4798, 11
19526404, 471260162, 18839, 5049, 11
17254832, 488514994, 26550, 3414, 7
8825835, 497340829, 19106, 115, 12
6096, 497346925, 369, 3, 1
11767, 497358692, 64, 0, 1
5658, 497364350, 11, 0, 1
5633, 497369983, 16, 0, 1
6137, 497376120, 22, 0, 1
11752, 497387872, 40, 0, 1
5622, 497393494, 15, 0, 1
5652, 497399146, 20, 0, 1
6124, 497405270, 19, 0, 1
11752, 497417022, 37, 0, 1
5658, 497422680, 9, 0, 1
5658, 497428338, 8, 0, 1
6160, 497434498, 18, 0, 1
11774, 497446272, 37, 0, 1
5633, 497451905, 18, 0, 1
5658, 497457563, 9, 0, 1
7517, 497465080, 111, 0, 1
11745, 497476825, 47, 0, 1
5658, 497482483, 28, 0, 1
5658, 497488141, 13, 0, 1
6129, 497494270, 24, 0, 1
11801, 497506071, 39, 0, 1
5658, 497511729, 12, 0, 1
5658, 497517387, 10, 0, 1
6134, 497523521, 20, 0, 1
11790, 497535311, 39, 0, 1
5616, 497540927, 19, 0, 1
5658, 497546585, 9, 0, 1
6135, 497552720, 24, 0, 1
11779, 497564499, 30, 0, 1
5658, 497570157, 8, 0, 1
5652, 497575809, 12, 0, 1
6160, 497581969, 16, 0, 1
11796, 497593765, 24, 0, 1
5658, 497599423, 11, 0, 1
5652, 497605075, 14, 0, 1
6173, 497611248, 15, 0, 1
11741, 497622989, 30, 0, 1
5658, 497628647, 8, 0, 1
5658, 497634305, 10, 0, 1
6118, 497640423, 23, 0, 1
11835, 497652258, 24, 0, 1
5658, 497657916, 9, 0, 1
5652, 497663568, 19, 0, 1
6160, 497669728, 17, 0, 1
11795, 497681523, 38, 0, 1
5628, 497687151, 15, 0, 1
5615, 497692766, 19, 0, 1
6173, 497698939, 18, 0, 1
11796, 497710735, 23, 0, 1
5658, 497716393, 8, 0, 1
5652, 497722045, 12, 0, 1
6147, 497728192, 28, 0, 1
11797, 497739989, 32, 0, 1
5658, 497745647, 13, 0, 1
5633, 497751280, 18, 0, 1
11794, 497763074, 28, 0, 1
6100, 497769174, 24, 0, 1
5658, 497774832, 13, 0, 1
5649, 497780481, 28, 0, 1
11811, 497792292, 37, 0, 1
6138, 497798430, 14, 0, 1
5657, 497804087, 15, 0, 1
5658, 497809745, 10, 0, 1
11805, 497821550, 25, 0, 1
6138, 497827688, 14, 0, 1
5638, 497833326, 16, 0, 1
7027, 497840353, 36, 0, 1
11831, 497852184, 31, 0, 1
6138, 497858322, 19, 0, 1
5651, 497863973, 16, 0, 1
5652, 497869625, 16, 0, 1
13010, 497882635, 98, 0, 1
6677, 497889312, 20, 0, 1
6326, 497895638, 22, 0, 1
5637, 497901275, 16, 0, 1
13073, 497914348, 49, 0, 1
6105, 497920453, 20, 0, 1
6115, 497926568, 25, 0, 1
6127, 497932695, 31, 0, 1
12232, 497944927, 27, 0, 1
6116, 497951043, 18, 0, 1
6117, 497957160, 32, 0, 1
6101, 497963261, 26, 0, 1
12190, 497975451, 36, 0, 1
15149, 497990600, 317, 7, 1
6116, 497996716, 45, 0, 1
6097, 498002813, 31, 0, 1
12225, 498015038, 36, 0, 1
6116, 498021154, 18, 0, 1
6100, 498027254, 27, 0, 1
6116, 498033370, 17, 0, 1
12226, 498045596, 43, 0, 1
6116, 498051712, 14, 0, 1
6120, 498057832, 28, 0, 1
5645, 498063477, 19, 0, 1
11779, 498075256, 38, 0, 1
6138, 498081394, 13, 0, 1
5621, 498087015, 20, 0, 1
5656, 498092671, 27, 0, 1
11831, 498104502, 23, 0, 1
6138, 498110640, 18, 0, 1
5644, 498116284, 23, 0, 1
5659, 498121943, 30, 0, 1
11833, 498133776, 42, 0, 1
6138, 498139914, 28, 0, 1
5650, 498145564, 22, 0, 1
5661, 498151225, 25, 0, 1
11786, 498163011, 31, 0, 1
6119, 498169130, 21, 0, 1
5658, 498174788, 11, 0, 1
5644, 498180432, 21, 0, 1
11809, 498192241, 33, 0, 1
6120, 498198361, 19, 0, 1
5644, 498204005, 22, 0, 1
5655, 498209660, 19, 0, 1
11790, 498221450, 42, 0, 1
6151, 498227601, 15, 0, 1
7035, 498234636, 33, 0, 1
5652, 498240288, 16, 0, 1
11818, 498252106, 17, 0, 1
6124, 498258230, 22, 0, 1
5656, 498263886, 21, 0, 1
5656, 498269542, 25, 0, 1
11834, 498281376, 52, 0, 1
6136, 498287512, 24, 0, 1
5657, 498293169, 10, 0, 1
5658, 498298827, 8, 0, 1
11782, 498310609, 26, 0, 1
6132, 498316741, 24, 0, 1
5658, 498322399, 11, 0, 1
5648, 498328047, 27, 0, 1
11831, 498339878, 18, 0, 1
6126, 498346004, 19, 0, 1
5637, 498351641, 21, 0, 1
5669, 498357310, 22, 0, 1
11770, 498369080, 27, 0, 1
6151, 498375231, 15, 0, 1
5658, 498380889, 8, 0, 1
5652, 498386541, 12, 0, 1
11808, 498398349, 31, 0, 1
6138, 498404487, 13, 0, 1
5658, 498410145, 10, 0, 1
5652, 498415797, 14, 0, 1
11812, 498427609, 29, 0, 1
6132, 498433741, 20, 0, 1
5658, 498439399, 10, 0, 1
5632, 498445031, 16, 0, 1
11808, 498456839, 39, 0, 1
6151, 498462990, 16, 0, 1
5628, 498468618, 16, 0, 1
5658, 498474276, 10, 0, 1
11806, 498486082, 20, 0, 1
6138, 498492220, 15, 0, 1
5647, 498497867, 23, 0, 1
5646, 498503513, 14, 0, 1
11817, 498515330, 35, 0, 1
6138, 498521468, 14, 0, 1
5645, 498527113, 23, 0, 1
5658, 498532771, 9, 0, 1
11753, 498544524, 42, 0, 1
6138, 498550662, 15, 0, 1
5641, 498556303, 22, 0, 1
5633, 498561936, 20, 0, 1
11804, 498573740, 43, 0, 1
6120, 498579860, 17, 0, 1
5616, 498585476, 16, 0, 1
5645, 498591121, 16, 0, 1
11804, 498602925, 28, 0, 1
7528, 498610453, 30, 0, 1
5652, 498616105, 15, 0, 1
5651, 498621756, 14, 0, 1
11785, 498633541, 31, 0, 1
6120, 498639661, 18, 0, 1
5634, 498645295, 18, 0, 1
5652, 498650947, 16, 0, 1
11806, 498662753, 37, 0, 1
6121, 498668874, 27, 0, 1
5645, 498674519, 19, 0, 1
5657, 498680176, 19, 0, 1
11775, 498691951, 30, 0, 1
6153, 498698104, 29, 0, 1
5658, 498703762, 11, 0, 1
5652, 498709414, 14, 0, 1
11818, 498721232, 37, 0, 1
6147, 498727379, 30, 0, 1
5656, 498733035, 16, 0, 1
5656, 498738691, 21, 0, 1
11809, 498750500, 32, 0, 1
6138, 498756638, 13, 0, 1
5637, 498762275, 19, 0, 1
5655, 498767930, 24, 0, 1
11800, 498779730, 31, 0, 1
6119, 498785849, 19, 0, 1
5636, 498791485, 22, 0, 1
5658, 498797143, 10, 0, 1
11813, 498808956, 27, 0, 1
6146, 498815102, 33, 0, 1
6116, 498821218, 20, 0, 1
5645, 498826863, 23, 0, 1
11783, 498838646, 46, 0, 1
6139, 498844785, 20, 0, 1
5634, 498850419, 14, 0, 1
5651, 498856070, 27, 0, 1
11798, 498867868, 41, 0, 1
6138, 498874006, 18, 0, 1
5648, 498879654, 25, 0, 1
5646, 498885300, 21, 0, 1
11783, 498897083, 27, 0, 1
6126, 498903209, 23, 0, 1
5634, 498908843, 17, 0, 1
5658, 498914501, 10, 0, 1
11797, 498926298, 28, 0, 1
6151, 498932449, 14, 0, 1
5658, 498938107, 11, 0, 1
5655, 498943762, 26, 0, 1
11817, 498955579, 25, 0, 1
6138, 498961717, 17, 0, 1
5642, 498967359, 23, 0, 1
5652, 498973011, 22, 0, 1
13208, 498986219, 55, 0, 1
6138, 498992357, 14, 0, 1
5628, 498997985, 20, 0, 1
5637, 499003622, 25, 0, 1
11805, 499015427, 38, 0, 1
6138, 499021565, 15, 0, 1
5657, 499027222, 11, 0, 1
5652, 499032874, 17, 0, 1
11823, 499044697, 32, 0, 1
6129, 499050826, 27, 0, 1
5658, 499056484, 12, 0, 1
5652, 499062136, 12, 0, 1
11797, 499073933, 36, 0, 1
6151, 499080084, 17, 0, 1
5652, 499085736, 17, 0, 1
5657, 499091393, 15, 0, 1
11793, 499103186, 32, 0, 1
6106, 499109292, 24, 0, 1
5616, 499114908, 22, 0, 1
5651, 499120559, 18, 0, 1
11805, 499132364, 38, 0, 1
6132, 499138496, 18, 0, 1
5639, 499144135, 16, 0, 1
5658, 499149793, 8, 0, 1
11787, 499161580, 36, 0, 1
6164, 499167744, 16, 0, 1
5652, 499173396, 17, 0, 1
5669, 499179065, 24, 0, 1
11800, 499190865, 43, 0, 1
6132, 499196997, 16, 0, 1
5626, 499202623, 22, 0, 1
5658, 499208281, 9, 0, 1
11818, 499220099, 22, 0, 1
6108, 499226207, 17, 0, 1
5633, 499231840, 16, 0, 1
5645, 499237485, 24, 0, 1
11800, 499249285, 43, 0, 1
6126, 499255411, 19, 0, 1
5616, 499261027, 19, 0, 1
5639, 499266666, 23, 0, 1
11825, 499278491, 32, 0, 1
6138, 499284629, 18, 0, 1
5658, 499290287, 11, 0, 1
5655, 499295942, 23, 0, 1
11744, 499307686, 33, 0, 1
6151, 499313837, 17, 0, 1
5637, 499319474, 19, 0, 1
5658, 499325132, 9, 0, 1
11776, 499336908, 26, 0, 1
6112, 499343020, 24, 0, 1
5643, 499348663, 22, 0, 1
5652, 499354315, 13, 0, 1
13207, 499367522, 47, 0, 1
6138, 499373660, 18, 0, 1
5625, 499379285, 22, 0, 1
5656, 499384941, 26, 0, 1
11816, 499396757, 39, 0, 1
6143, 499402900, 24, 0, 1
5658, 499408558, 10, 0, 1
5663, 499414221, 15, 0, 1
11785, 499426006, 40, 0, 1
6138, 499432144, 14, 0, 1
5645, 499437789, 16, 0, 1
5658, 499443447, 12, 0, 1
11822, 499455269, 45, 0, 1
6138, 499461407, 17, 0, 1
5658, 499467065, 10, 0, 1
5662, 499472727, 21, 0, 1
11799, 499484526, 38, 0, 1
6138, 499490664, 16, 0, 1
5644, 499496308, 20, 0, 1
5642, 499501950, 25, 0, 1
11824, 499513774, 28, 0, 1
6135, 499519909, 28, 0, 1
5658, 499525567, 10, 0, 1
5658, 499531225, 12, 0, 1
11818, 499543043, 33, 0, 1
6158, 499549201, 14, 0, 1
6110, 499555311, 17, 0, 1
5658, 499560969, 12, 0, 1
11763, 499572732, 37, 0, 1
6126, 499578858, 18, 0, 1
5658, 499584516, 11, 0, 1
5661, 499590177, 24, 0, 1
11819, 499601996, 31, 0, 1
6138, 499608134, 13, 0, 1
5658, 499613792, 10, 0, 1
5663, 499619455, 29, 0, 1
11779, 499631234, 45, 0, 1
7039, 499638273, 95, 6, 1
905601, 500543874, 15536, 1116, 5
6355, 500550229, 368, 0, 1
12578, 500562807, 66, 0, 1
6684, 500569491, 24, 0, 1
12034, 500581525, 379, 16, 1
6654, 500588179, 36, 0, 1
13393, 500601572, 41, 0, 1
8718, 500610290, 151, 4, 1
2080555, 2080555, 46684, 562, 4
8253626, 10334181, 79566, 6071, 17
19167570, 29501751, 19540, 4036, 7
19259164, 48760915, 21262, 3992, 7
13744496, 62505411, 14202, 2557, 19
5478288, 67983699, 4093, 108, 6
19622996, 87606695, 18861, 1831, 3
19406225, 107012920, 18494, 4380, 11
19575896, 126588816, 18135, 4216, 7
18706876, 145295692, 23658, 5657, 2
19187702, 164483394, 18435, 3367, 7
19595862, 184079256, 19288, 3849, 7
19116762, 203196018, 20587, 2778, 7
19574135, 222770153, 18592, 4675, 11
19557606, 242327759, 18685, 2729, 7
18948723, 261276482, 24466, 3794, 7
19299890, 280576372, 18620, 4050, 7
19432530, 300008902, 18423, 3342, 7
18826963, 318835865, 18781, 4290, 11
19494114, 338329979, 19599, 4006, 7
19657722, 357987701, 18240, 4617, 11
19550266, 377537967, 18416, 4109, 7
19751076, 397289043, 18065, 3527, 7
19561531, 416850574, 20050, 4031, 7
19624060, 436474634, 18652, 3348, 7
19614190, 456088824, 18392, 4814, 11
19611267, 475700091, 18740, 5096, 11
17338681, 493038772, 32225, 2897, 7
6504300, 499543072, 12250, 90, 6
6115, 499549187, 343, 4, 1
6116, 499555303, 28, 0, 1
11794, 499567097, 33, 0, 1
5634, 499572731, 16, 0, 1
5658, 499578389, 9, 0, 1
6160, 499584549, 20, 0, 1
11796, 499596345, 37, 0, 1
5658, 499602003, 11, 0, 1
5667, 499607670, 18, 0, 1
6123, 499613793, 24, 0, 1
11755, 499625548, 48, 0, 1
5640, 499631188, 12, 0, 1
5658, 499636846, 21, 0, 1
6186, 499643032, 16, 0, 1
11789, 499654821, 32, 0, 1
5651, 499660472, 19, 0, 1
5658, 499666130, 9, 0, 1
6118, 499672248, 21, 0, 1
11788, 499684036, 29, 0, 1
5639, 499689675, 18, 0, 1
5646, 499695321, 19, 0, 1
6147, 499701468, 25, 0, 1
11766, 499713234, 32, 0, 1
5658, 499718892, 8, 0, 1
5658, 499724550, 10, 0, 1
6142, 499730692, 22, 0, 1
13166, 499743858, 111, 0, 1
5627, 499749485, 17, 0, 1
5658, 499755143, 10, 0, 1
6134, 499761277, 38, 0, 1
12992, 499774269, 95, 0, 1
6373, 499780642, 15, 0, 1
6327, 499786969, 25, 0, 1
6606, 499793575, 27, 0, 1
11776, 499805351, 28, 0, 1
5627, 499810978, 18, 0, 1
5658, 499816636, 7, 0, 1
6135, 499822771, 22, 0, 1
11810, 499834581, 35, 0, 1
5628, 499840209, 12, 0, 1
5661, 499845870, 23, 0, 1
6137, 499852007, 29, 0, 1
11803, 499863810, 39, 0, 1
5646, 499869456, 10, 0, 1
5656, 499875112, 21, 0, 1
6125, 499881237, 21, 0, 1
11782, 499893019, 37, 0, 1
5634, 499898653, 22, 0, 1
5658, 499904311, 9, 0, 1
6153, 499910464, 21, 0, 1
11776, 499922240, 35, 0, 1
5658, 499927898, 9, 0, 1
5652, 499933550, 21, 0, 1
6173, 499939723, 18, 0, 1
11766, 499951489, 29, 0, 1
5622, 499957111, 18, 0, 1
5657, 499962768, 18, 0, 1
6152, 499968920, 25, 0, 1
11808, 499980728, 29, 0, 1
5655, 499986383, 19, 0, 1
5658, 499992041, 9, 0, 1
6130, 499998171, 26, 0, 1
11742, 500009913, 35, 0, 1
5639, 500015552, 43, 13, 1
5639, 500021191, 30, 0, 1
6185, 500027376, 19, 0, 1
11796, 500039172, 26, 0, 1
5658, 500044830, 11, 0, 1
5658, 500050488, 10, 0, 1
6112, 500056600, 23, 0, 1
12318, 500068918, 38, 0, 1
6327, 500075245, 21, 0, 1
5636, 500080881, 21, 0, 1
6680, 500087561, 28, 0, 1
12926, 500100487, 39, 0, 1
6104, 500106591, 24, 0, 1
5653, 500112244, 30, 0, 1
7491, 500119735, 41, 0, 1
12219, 500131954, 41, 0, 1
6105, 500138059, 31, 0, 1
6103, 500144162, 23, 0, 1
6109, 500150271, 23, 0, 1
12175, 500162446, 46, 0, 1
6134, 500168580, 32, 0, 1
6104, 500174684, 21, 0, 1
5651, 500180335, 21, 0, 1
12254, 500192589, 36, 0, 1
6113, 500198702, 33, 0, 1
6116, 500204818, 20, 0, 1
6116, 500210934, 19, 0, 1
12215, 500223149, 33, 0, 1
6090, 500229239, 27, 0, 1
5658, 500234897, 11, 0, 1
6101, 500240998, 21, 0, 1
12202, 500253200, 28, 0, 1
6074, 500259274, 24, 0, 1
5658, 500264932, 10, 0, 1
15213, 500280145, 331, 2, 1
11796, 500291941, 42, 0, 1
5648, 500297589, 22, 0, 1
5658, 500303247, 10, 0, 1
11795, 500315042, 38, 0, 1
6108, 500321150, 28, 0, 1
5658, 500326808, 11, 0, 1
5652, 500332460, 13, 0, 1
11764, 500344224, 31, 0, 1
6131, 500350355, 21, 0, 1
5633, 500355988, 18, 0, 1
5658, 500361646, 21, 0, 1
11823, 500373469, 34, 0, 1
6138, 500379607, 14, 0, 1
5658, 500385265, 10, 0, 1
5641, 500390906, 26, 0, 1
11789, 500402695, 44, 0, 1
6138, 500408833, 16, 0, 1
5631, 500414464, 20, 0, 1
5651, 500420115, 21, 0, 1
11828, 500431943, 38, 0, 1
6132, 500438075, 19, 0, 1
5658, 500443733, 10, 0, 1
5664, 500449397, 27, 0, 1
11802, 500461199, 50, 0, 1
6151, 500467350, 17, 0, 1
5644, 500472994, 19, 0, 1
5650, 500478644, 17, 0, 1
11833, 500490477, 53, 9, 1
6138, 500496615, 15, 0, 1
5642, 500502257, 24, 0, 1
7031, 500509288, 47, 0, 1
11817, 500521105, 41, 0, 1
6138, 500527243, 17, 0, 1
5621, 500532864, 18, 0, 1
5652, 500538516, 23, 0, 1
11781, 500550297, 38, 0, 1
6151, 500556448, 18, 0, 1
5636, 500562084, 25, 0, 1
5638, 500567722, 28, 0, 1
11771, 500579493, 45, 0, 1
6145, 500585638, 18, 0, 1
5616, 500591254, 19, 0, 1
5653, 500596907, 25, 0, 1
11807, 500608714, 46, 0, 1
6138, 500614852, 16, 0, 1
5610, 500620462, 19, 0, 1
5645, 500626107, 26, 0, 1
11809, 500637916, 38, 0, 1
6113, 500644029, 26, 0, 1
5634, 500649663, 18, 0, 1
5658, 500655321, 9, 0, 1
11805, 500667126, 40, 0, 1
6133, 500673259, 17, 0, 1
5640, 500678899, 15, 0, 1
5651, 500684550, 20, 0, 1
11765, 500696315, 42, 0, 1
6151, 500702466, 16, 0, 1
5638, 500708104, 30, 0, 1
5652, 500713756, 16, 0, 1
11767, 500725523, 41, 0, 1
6144, 500731667, 25, 0, 1
5632, 500737299, 22, 0, 1
5646, 500742945, 19, 0, 1
11819, 500754764, 24, 1, 1
6138, 500760902, 13, 0, 1
5620, 500766522, 22, 0, 1
5652, 500772174, 23, 0, 1
11800, 500783974, 34, 0, 1
6152, 500790126, 24, 0, 1
5610, 500795736, 16, 0, 1
5652, 500801388, 14, 0, 1
11797, 500813185, 34, 0, 1
6117, 500819302, 25, 0, 1
5636, 500824938, 22, 0, 1
5652, 500830590, 16, 0, 1
11813, 500842403, 42, 0, 1
6138, 500848541, 17, 0, 1
5649, 500854190, 23, 0, 1
5652, 500859842, 19, 0, 1
11773, 500871615, 39, 0, 1
6147, 500877762, 30, 0, 1
7035, 500884797, 25, 0, 1
5658, 500890455, 25, 0, 1
11810, 500902265, 45, 0, 1
6138, 500908403, 19, 0, 1
5648, 500914051, 26, 0, 1
5634, 500919685, 16, 0, 1
11805, 500931490, 41, 0, 1
6151, 500937641, 17, 0, 1
5633, 500943274, 22, 0, 1
5658, 500948932, 14, 0, 1
11803, 500960735, 31, 0, 1
6138, 500966873, 13, 0, 1
5643, 500972516, 24, 0, 1
5651, 500978167, 19, 0, 1
11834, 500990001, 39, 0, 1
6126, 500996127, 32, 0, 1
6110, 501002237, 23, 0, 1
5645, 501007882, 19, 0, 1
11784, 501019666, 26, 0, 1
6151, 501025817, 16, 0, 1
5638, 501031455, 24, 0, 1
5657, 501037112, 20, 0, 1
11804, 501048916, 35, 0, 1
6138, 501055054, 13, 0, 1
5636, 501060690, 20, 0, 1
5658, 501066348, 12, 0, 1
11802, 501078150, 45, 0, 1
6138, 501084288, 15, 0, 1
5643, 501089931, 20, 0, 1
5657, 501095588, 19, 0, 1
11792, 501107380, 39, 0, 1
6114, 501113494, 20, 0, 1
5622, 501119116, 18, 0, 1
5658, 501124774, 9, 0, 1
11826, 501136600, 41, 0, 1
6138, 501142738, 17, 0, 1
5616, 501148354, 20, 0, 1
5638, 501153992, 26, 0, 1
11773, 501165765, 44, 0, 1
7038, 501172803, 95, 4, 1
5643, 501178446, 19, 0, 1
5669, 501184115, 26, 0, 1
11788, 501195903, 37, 0, 1
6120, 501202023, 22, 0, 1
5656, 501207679, 18, 0, 1
5650, 501213329, 18, 0, 1
11817, 501225146, 35, 0, 1
6138, 501231284, 17, 0, 1
5638, 501236922, 27, 0, 1
5632, 501242554, 23, 0, 1
11788, 501254342, 48, 0, 1
7528, 501261870, 28, 0, 1
5658, 501267528, 13, 0, 1
5650, 501273178, 30, 0, 1
11817, 501284995, 32, 0, 1
6137, 501291132, 27, 0, 1
5616, 501296748, 18, 0, 1
5658, 501302406, 13, 0, 1
11824, 501314230, 32, 0, 1
6145, 501320375, 14, 0, 1
5649, 501326024, 19, 0, 1
5658, 501331682, 9, 0, 1
11788, 501343470, 30, 0, 1
6138, 501349608, 17, 0, 1
5652, 501355260, 16, 0, 1
5652, 501360912, 22, 0, 1
11823, 501372735, 36, 0, 1
6119, 501378854, 28, 0, 1
5615, 501384469, 20, 0, 1
5646, 501390115, 17, 0, 1
11769, 501401884, 35, 0, 1
6151, 501408035, 17, 0, 1
5631, 501413666, 21, 0, 1
5643, 501419309, 25, 0, 1
11763, 501431072, 32, 0, 1
6138, 501437210, 21, 0, 1
5656, 501442866, 29, 0, 1
5650, 501448516, 19, 0, 1
11824, 501460340, 34, 0, 1
6138, 501466478, 15, 0, 1
5658, 501472136, 12, 0, 1
5654, 501477790, 30, 0, 1
11817, 501489607, 32, 0, 1
6139, 501495746, 21, 0, 1
5627, 501501373, 19, 0, 1
5657, 501507030, 17, 0, 1
11800, 501518830, 40, 0, 1
6128, 501524958, 25, 0, 1
5658, 501530616, 12, 0, 1
5643, 501536259, 28, 0, 1
11818, 501548077, 41, 0, 1
6132, 501554209, 23, 0, 1
5620, 501559829, 21, 0, 1
5643, 501565472, 28, 0, 1
11807, 501577279, 31, 0, 1
6138, 501583417, 15, 0, 1
5615, 501589032, 19, 0, 1
5674, 501594706, 30, 0, 1
11805, 501606511, 30, 0, 1
6138, 501612649, 16, 0, 1
5634, 501618283, 17, 0, 1
5626, 501623909, 20, 0, 1
13189, 501637098, 43, 0, 1
6151, 501643249, 16, 0, 1
5650, 501648899, 17, 0, 1
5662, 501654561, 26, 0, 1
11810, 501666371, 28, 0, 1
6132, 501672503, 17, 0, 1
5625, 501678128, 22, 0, 1
5658, 501683786, 12, 0, 1
11825, 501695611, 35, 0, 1
6138, 501701749, 17, 0, 1
5626, 501707375, 20, 0, 1
5648, 501713023, 27, 0, 1
11793, 501724816, 39, 0, 1
6151, 501730967, 15, 0, 1
5646, 501736613, 19, 0, 1
5652, 501742265, 15, 0, 1
11817, 501754082, 34, 0, 1
6138, 501760220, 16, 0, 1
5658, 501765878, 10, 0, 1
5658, 501771536, 11, 0, 1
11817, 501783353, 35, 0, 1
6126, 501789479, 22, 0, 1
5657, 501795136, 25, 0, 1
5658, 501800794, 10, 0, 1
889232, 502690026, 15550, 1003, 5
7104, 502697130, 88, 0, 1
6393, 502703523, 30, 0, 1
12316, 502715839, 409, 22, 1
13105, 502728944, 58, 1, 1
6672, 502735616, 35, 0, 1
8261, 502743877, 157, 6, 1
6333, 502750210, 18, 0, 1
12464, 502762674, 60, 0, 1
1867475, 1867475, 42868, 413, 4
7612898, 9480373, 82657, 6322, 15
19291271, 28771644, 19764, 4107, 7
19090825, 47862469, 19881, 3886, 7
19360026, 67222495, 22627, 3257, 7
19591174, 86813669, 19285, 2243, 3
19508212, 106321881, 19087, 4179, 7
18619283, 124941164, 25246, 5627, 2
19048362, 143989526, 20606, 4046, 7
19419937, 163409463, 20365, 3807, 7
19579120, 182988583, 21791, 3511, 7
19570835, 202559418, 19833, 3460, 7
19552821, 222112239, 20565, 4490, 11
19496105, 241608344, 19812, 2361, 7
18359652, 259967996, 25253, 4300, 11
19303825, 279271821, 18568, 3770, 7
19016020, 298287841, 19054, 3371, 7
19589633, 317877474, 18821, 4288, 11
19647368, 337524842, 18891, 4248, 7
19554887, 357079729, 18400, 4448, 11
19552230, 376631959, 19380, 4035, 7
19613593, 396245552, 18623, 3572, 7
19687607, 415933159, 18689, 3540, 7
19561522, 435494681, 18667, 3912, 7
19581752, 455076433, 19404, 4893, 11
19604187, 474680620, 19007, 5017, 11
15952268, 490632888, 30956, 2337, 7
5658201, 496291089, 11054, 97, 6
12224, 496303313, 431, 4, 1
5649, 496308962, 30, 0, 1
6139, 496315101, 36, 0, 1
5658, 496320759, 13, 0, 1
11770, 496332529, 42, 0, 1
5656, 496338185, 25, 0, 1
6102, 496344287, 24, 0, 1
5658, 496349945, 12, 0, 1
11824, 496361769, 28, 0, 1
5646, 496367415, 16, 0, 1
6120, 496373535, 21, 0, 1
5644, 496379179, 15, 0, 1
11774, 496390953, 36, 0, 1
5628, 496396581, 17, 0, 1
6120, 496402701, 22, 0, 1
5621, 496408322, 20, 0, 1
11814, 496420136, 39, 0, 1
5658, 496425794, 10, 0, 1
6126, 496431920, 26, 0, 1
5652, 496437572, 15, 0, 1
11788, 496449360, 28, 0, 1
5656, 496455016, 22, 0, 1
6138, 496461154, 32, 0, 1
5639, 496466793, 17, 0, 1
11770, 496478563, 37, 0, 1
5661, 496484224, 24, 0, 1
6090, 496490314, 26, 0, 1
5650, 496495964, 28, 0, 1
11819, 496507783, 35, 0, 1
5633, 496513416, 17, 0, 1
6120, 496519536, 25, 0, 1
5634, 496525170, 16, 0, 1
11811, 496536981, 33, 0, 1
5658, 496542639, 10, 0, 1
6139, 496548778, 19, 0, 1
5645, 496554423, 20, 0, 1
11799, 496566222, 46, 0, 1
5636, 496571858, 24, 0, 1
6131, 496577989, 24, 0, 1
5634, 496583623, 18, 0, 1
11813, 496595436, 30, 0, 1
5652, 496601088, 22, 0, 1
6115, 496607203, 30, 0, 1
5658, 496612861, 12, 0, 1
11818, 496624679, 43, 0, 1
7029, 496631708, 92, 0, 1
6124, 496637832, 34, 0, 1
5657, 496643489, 32, 0, 1
11814, 496655303, 31, 0, 1
5656, 496660959, 29, 0, 1
6138, 496667097, 17, 0, 1
5650, 496672747, 16, 0, 1
11786, 496684533, 45, 0, 1
5639, 496690172, 23, 0, 1
6151, 496696323, 18, 0, 1
5639, 496701962, 19, 0, 1
11808, 496713770, 38, 0, 1
5657, 496719427, 25, 0, 1
6145, 496725572, 17, 0, 1
5628, 496731200, 15, 0, 1
11785, 496742985, 39, 0, 1
5652, 496748637, 16, 0, 1
6118, 496754755, 31, 0, 1
5656, 496760411, 22, 0, 1
11818, 496772229, 21, 0, 1
5652, 496777881, 16, 0, 1
6109, 496783990, 25, 0, 1
5658, 496789648, 13, 0, 1
11818, 496801466, 29, 0, 1
5652, 496807118, 20, 0, 1
6665, 496813783, 56, 0, 1
6315, 496820098, 35, 0, 1
12311, 496832409, 42, 0, 1
6322, 496838731, 24, 0, 1
6595, 496845326, 26, 0, 1
6116, 496851442, 19, 0, 1
11783, 496863225, 39, 0, 1
6116, 496869341, 18, 0, 1
6084, 496875425, 23, 0, 1
6129, 496881554, 16, 0, 1
12208, 496893762, 38, 0, 1
6116, 496899878, 17, 0, 1
6093, 496905971, 32, 0, 1
6110, 496912081, 20, 0, 1
12192, 496924273, 49, 0, 1
6123, 496930396, 24, 0, 1
6116, 496936512, 20, 0, 1
6110, 496942622, 18, 0, 1
12205, 496954827, 40, 0, 1
6092, 496960919, 21, 0, 1
6110, 496967029, 16, 0, 1
6088, 496973117, 29, 0, 1
12214, 496985331, 36, 0, 1
5662, 496990993, 26, 0, 1
6136, 496997129, 29, 0, 1
6074, 497003203, 25, 0, 1
13153, 497016356, 49, 0, 1
5650, 497022006, 28, 0, 1
6177, 497028183, 20, 0, 1
5652, 497033835, 28, 0, 1
11811, 497045646, 30, 0, 1
5646, 497051292, 22, 0, 1
6126, 497057418, 19, 0, 1
5659, 497063077, 29, 0, 1
11819, 497074896, 31, 0, 1
5658, 497080554, 11, 0, 1
6100, 497086654, 28, 0, 1
5658, 497092312, 14, 0, 1
11793, 497104105, 34, 0, 1
5639, 497109744, 22, 0, 1
6138, 497115882, 20, 0, 1
5646, 497121528, 41, 8, 1
20874, 497142402, 375, 8, 1
5658, 497148060, 25, 0, 1
6138, 497154198, 29, 0, 1
5658, 497159856, 13, 0, 1
11780, 497171636, 39, 0, 1
5627, 497177263, 17, 0, 1
6132, 497183395, 21, 0, 1
5652, 497189047, 12, 0, 1
11792, 497200839, 42, 0, 1
5647, 497206486, 26, 0, 1
6138, 497212624, 15, 0, 1
5658, 497218282, 14, 0, 1
11816, 497230098, 36, 0, 1
5656, 497235754, 26, 0, 1
6138, 497241892, 18, 0, 1
5658, 497247550, 11, 0, 1
11793, 497259343, 31, 0, 1
5639, 497264982, 19, 0, 1
6139, 497271121, 27, 0, 1
5636, 497276757, 20, 0, 1
11803, 497288560, 40, 0, 1
5658, 497294218, 11, 0, 1
6117, 497300335, 27, 0, 1
5658, 497305993, 9, 0, 1
12681, 497318674, 112, 3, 1
5652, 497324326, 19, 0, 1
6133, 497330459, 36, 0, 1
5626, 497336085, 19, 0, 1
11805, 497347890, 32, 0, 1
5658, 497353548, 13, 0, 1
6137, 497359685, 30, 0, 1
5632, 497365317, 21, 0, 1
11807, 497377124, 31, 0, 1
5639, 497382763, 20, 0, 1
6138, 497388901, 18, 0, 1
5658, 497394559, 11, 0, 1
13145, 497407704, 57, 0, 1
5632, 497413336, 21, 0, 1
6134, 497419470, 28, 0, 1
5657, 497425127, 19, 0, 1
11792, 497436919, 48, 0, 1
5658, 497442577, 14, 0, 1
6137, 497448714, 28, 0, 1
5638, 497454352, 20, 0, 1
11830, 497466182, 43, 0, 1
5633, 497471815, 20, 0, 1
6133, 497477948, 23, 0, 1
5648, 497483596, 26, 0, 1
11810, 497495406, 45, 0, 1
5650, 497501056, 21, 0, 1
6151, 497507207, 17, 0, 1
5627, 497512834, 20, 0, 1
11800, 497524634, 26, 0, 1
5655, 497530289, 25, 0, 1
6134, 497536423, 33, 0, 1
5658, 497542081, 9, 0, 1
11799, 497553880, 35, 0, 1
5658, 497559538, 13, 0, 1
6120, 497565658, 22, 0, 1
5658, 497571316, 11, 0, 1
11811, 497583127, 29, 0, 1
5645, 497588772, 18, 0, 1
6114, 497594886, 22, 0, 1
5616, 497600502, 17, 0, 1
11811, 497612313, 40, 0, 1
5656, 497617969, 23, 0, 1
6113, 497624082, 26, 0, 1
5640, 497629722, 16, 0, 1
11804, 497641526, 40, 0, 1
5650, 497647176, 27, 0, 1
6127, 497653303, 22, 0, 1
5627, 497658930, 19, 0, 1
11806, 497670736, 31, 0, 1
5658, 497676394, 10, 0, 1
6138, 497682532, 17, 0, 1
5616, 497688148, 20, 0, 1
11831, 497699979, 32, 0, 1
5652, 497705631, 14, 0, 1
6096, 497711727, 22, 0, 1
11314, 497723041, 47, 0, 1
6160, 497729201, 15, 0, 1
5646, 497734847, 14, 0, 1
6142, 497740989, 31, 0, 1
11275, 497752264, 37, 0, 1
6160, 497758424, 21, 0, 1
5666, 497764090, 22, 0, 1
6090, 497770180, 26, 0, 1
12661, 497782841, 48, 0, 1
6186, 497789027, 17, 0, 1
5658, 497794685, 14, 0, 1
6117, 497800802, 29, 0, 1
11261, 497812063, 39, 0, 1
6128, 497818191, 24, 0, 1
5644, 497823835, 22, 0, 1
6117, 497829952, 26, 0, 1
11309, 497841261, 39, 0, 1
6173, 497847434, 18, 0, 1
5658, 497853092, 10, 0, 1
6128, 497859220, 33, 0, 1
11316, 497870536, 20, 0, 1
6160, 497876696, 17, 0, 1
5648, 497882344, 20, 1, 1
14351, 497896695, 250, 74, 1
11284, 497907979, 44, 0, 1
6153, 497914132, 24, 0, 1
5640, 497919772, 13, 0, 1
6120, 497925892, 22, 0, 1
11292, 497937184, 35, 0, 1
6159, 497943343, 25, 0, 1
5658, 497949001, 11, 0, 1
6132, 497955133, 20, 0, 1
11274, 497966407, 21, 0, 1
6130, 497972537, 20, 0, 1
5651, 497978188, 20, 0, 1
6151, 497984339, 16, 0, 1
11262, 497995601, 26, 0, 1
6117, 498001718, 23, 0, 1
5658, 498007376, 11, 0, 1
6135, 498013511, 26, 0, 1
11272, 498024783, 34, 0, 1
6167, 498030950, 15, 0, 1
5668, 498036618, 27, 0, 1
6136, 498042754, 33, 0, 1
11289, 498054043, 29, 0, 1
6160, 498060203, 17, 0, 1
5639, 498065842, 18, 0, 1
6120, 498071962, 21, 0, 1
11287, 498083249, 31, 0, 1
6173, 498089422, 14, 0, 1
5642, 498095064, 25, 0, 1
6097, 498101161, 22, 0, 1
11314, 498112475, 29, 0, 1
6160, 498118635, 15, 0, 1
5628, 498124263, 15, 0, 1
6151, 498130414, 17, 0, 1
11309, 498141723, 33, 0, 1
6154, 498147877, 19, 0, 1
5654, 498153531, 27, 0, 1
7512, 498161043, 42, 0, 1
11264, 498172307, 42, 0, 1
6180, 498178487, 18, 0, 1
5633, 498184120, 25, 0, 1
6096, 498190216, 20, 0, 1
11296, 498201512, 25, 0, 1
6160, 498207672, 19, 0, 1
5661, 498213333, 28, 0, 1
6120, 498219453, 28, 0, 1
11277, 498230730, 36, 0, 1
6160, 498236890, 16, 0, 1
5631, 498242521, 20, 0, 1
6138, 498248659, 16, 0, 1
11262, 498259921, 36, 0, 1
6147, 498266068, 22, 0, 1
5658, 498271726, 14, 0, 1
6138, 498277864, 19, 0, 1
11316, 498289180, 18, 0, 1
6141, 498295321, 22, 0, 1
5664, 498300985, 27, 0, 1
6125, 498307110, 26, 0, 1
11294, 498318404, 37, 0, 1
6173, 498324577, 15, 0, 1
5646, 498330223, 15, 0, 1
6097, 498336320, 23, 0, 1
11303, 498347623, 26, 0, 1
6142, 498353765, 21, 0, 1
5626, 498359391, 21, 0, 1
6133, 498365524, 23, 0, 1
11305, 498376829, 33, 0, 1
6146, 498382975, 23, 0, 1
5658, 498388633, 10, 0, 1
6114, 498394747, 22, 0, 1
11290, 498406037, 37, 0, 1
6167, 498412204, 16, 0, 1
5645, 498417849, 18, 0, 1
6138, 498423987, 18, 0, 1
11313, 498435300, 34, 0, 1
6160, 498441460, 14, 0, 1
5640, 498447100, 12, 0, 1
6115, 498453215, 20, 0, 1
11292, 498464507, 36, 0, 1
6160, 498470667, 18, 0, 1
5650, 498476317, 29, 0, 1
6119, 498482436, 30, 0, 1
11301, 498493737, 45, 0, 1
6173, 498499910, 15, 0, 1
5662, 498505572, 27, 0, 1
6138, 498511710, 16, 0, 1
11316, 498523026, 16, 0, 1
6160, 498529186, 14, 0, 1
7023, 498536209, 35, 0, 1
6131, 498542340, 21, 0, 1
11310, 498553650, 34, 0, 1
6155, 498559805, 22, 0, 1
5667, 498565472, 28, 0, 1
6138, 498571610, 17, 0, 1
11311, 498582921, 44, 0, 1
881452, 499464373, 14617, 1035, 5
7596, 499471969, 642, 2, 1
6712, 499478681, 57, 0, 1
13125, 499491806, 61, 0, 1
11802, 499503608, 360, 18, 1
6691, 499510299, 38, 0, 1
6720, 499517019, 23, 0, 1
14614, 499531633, 154, 3, 1
6631, 499538264, 27, 0, 1
3460514, 3460514, 64218, 1036, 14
10547115, 14007629, 65407, 6610, 17
19312302, 33319931, 18881, 4196, 7
19001720, 52321651, 20491, 4075, 7
19272823, 71594474, 21064, 2564, 7
19591617, 91186091, 19280, 2771, 7
19434135, 110620226, 18245, 4121, 7
18767534, 129387760, 24200, 5539, 11
18930228, 148317988, 19116, 3739, 7
19782180, 168100168, 20080, 3805, 7
19132748, 187232916, 21002, 3362, 7
19562834, 206795750, 19039, 3859, 7
19532495, 226328245, 18852, 4096, 7
19484613, 245812858, 21270, 2508, 7
18739979, 264552837, 23597, 4509, 11
19236895, 283789732, 18555, 3121, 7
18958875, 302748607, 18632, 3697, 7
19450146, 322198753, 19406, 4521, 11
19681542, 341880295, 18987, 4381, 11
19602106, 361482401, 19068, 4523, 11
19841628, 381324029, 19383, 3843, 7
19565984, 400890013, 18759, 4008, 7
19669685, 420559698, 18818, 3385, 7
19639812, 440199510, 18655, 4109, 7
19489548, 459689058, 19587, 4847, 11
19589694, 479278752, 19263, 5153, 11
13110708, 492389460, 29118, 1153, 19
4020281, 496409741, 8425, 101, 6
11778, 496421519, 393, 1, 1
6132, 496427651, 20, 0, 1
5658, 496433309, 15, 0, 1
7034, 496440343, 102, 0, 1
11831, 496452174, 33, 0, 1
6138, 496458312, 16, 0, 1
5646, 496463958, 14, 0, 1
5658, 496469616, 11, 0, 1
11806, 496481422, 30, 0, 1
6145, 496487567, 16, 0, 1
5658, 496493225, 13, 0, 1
5658, 496498883, 14, 0, 1
11780, 496510663, 34, 0, 1
6125, 496516788, 24, 0, 1
5658, 496522446, 13, 0, 1
5658, 496528104, 12, 0, 1
11807, 496539911, 32, 0, 1
6120, 496546031, 21, 0, 1
5658, 496551689, 14, 0, 1
5658, 496557347, 13, 0, 1
11812, 496569159, 21, 0, 1
6164, 496575323, 16, 0, 1
5658, 496580981, 13, 0, 1
5658, 496586639, 9, 0, 1
11818, 496598457, 22, 0, 1
6138, 496604595, 20, 0, 1
5658, 496610253, 10, 0, 1
5650, 496615903, 18, 0, 1
11807, 496627710, 29, 0, 1
6138, 496633848, 21, 0, 1
5645, 496639493, 17, 0, 1
5658, 496645151, 13, 0, 1
11774, 496656925, 41, 0, 1
6132, 496663057, 19, 0, 1
5658, 496668715, 13, 0, 1
5658, 496674373, 10, 0, 1
11831, 496686204, 24, 0, 1
6138, 496692342, 17, 0, 1
5652, 496697994, 16, 0, 1
5658, 496703652, 17, 0, 1
11800, 496715452, 33, 0, 1
6151, 496721603, 14, 0, 1
5652, 496727255, 14, 0, 1
5658, 496732913, 17, 0, 1
11806, 496744719, 32, 0, 1
6138, 496750857, 16, 0, 1
5658, 496756515, 14, 0, 1
5652, 496762167, 24, 0, 1
12677, 496774844, 113, 4, 1
6138, 496780982, 18, 0, 1
5651, 496786633, 17, 0, 1
5657, 496792290, 19, 0, 1
11793, 496804083, 44, 0, 1
6145, 496810228, 17, 0, 1
7022, 496817250, 33, 0, 1
5651, 496822901, 22, 0, 1
11812, 496834713, 36, 0, 1
6138, 496840851, 16, 0, 1
5658, 496846509, 12, 0, 1
5652, 496852161, 19, 0, 1
11830, 496863991, 35, 0, 1
6138, 496870129, 17, 0, 1
5658, 496875787, 12, 0, 1
5650, 496881437, 22, 0, 1
11812, 496893249, 31, 0, 1
6138, 496899387, 16, 0, 1
5658, 496905045, 15, 0, 1
5658, 496910703, 12, 0, 1
11831, 496922534, 33, 0, 1
6145, 496928679, 15, 0, 1
5658, 496934337, 12, 0, 1
5657, 496939994, 22, 0, 1
12972, 496952966, 81, 0, 1
6678, 496959644, 24, 0, 1
6332, 496965976, 19, 0, 1
5649, 496971625, 14, 0, 1
12721, 496984346, 44, 0, 1
6116, 496990462, 19, 0, 1
6110, 496996572, 23, 0, 1
6099, 497002671, 21, 0, 1
12189, 497014860, 39, 0, 1
6115, 497020975, 20, 0, 1
6116, 497027091, 20, 0, 1
6097, 497033188, 22, 0, 1
12184, 497045372, 40, 0, 1
6129, 497051501, 17, 0, 1
6104, 497057605, 19, 0, 1
6098, 497063703, 25, 0, 1
12232, 497075935, 30, 0, 1
6084, 497082019, 23, 0, 1
6115, 497088134, 21, 0, 1
6090, 497094224, 28, 0, 1
11762, 497105986, 28, 0, 1
6138, 497112124, 19, 0, 1
6116, 497118240, 21, 0, 1
5658, 497123898, 13, 0, 1
11780, 497135678, 44, 0, 1
6132, 497141810, 16, 0, 1
5652, 497147462, 12, 0, 1
5657, 497153119, 17, 0, 1
11812, 497164931, 33, 0, 1
6126, 497171057, 19, 0, 1
5646, 497176703, 20, 0, 1
5658, 497182361, 13, 0, 1
11775, 497194136, 32, 0, 1
7540, 497201676, 32, 0, 1
5652, 497207328, 19, 0, 1
5658, 497212986, 11, 0, 1
11799, 497224785, 31, 0, 1
6132, 497230917, 22, 0, 1
5658, 497236575, 12, 0, 1
5658, 497242233, 10, 0, 1
11831, 497254064, 21, 0, 1
6138, 497260202, 17, 0, 1
5628, 497265830, 21, 0, 1
5658, 497271488, 12, 0, 1
11818, 497283306, 19, 0, 1
6145, 497289451, 18, 0, 1
5652, 497295103, 14, 0, 1
5658, 497300761, 13, 0, 1
11818, 497312579, 23, 0, 1
6138, 497318717, 15, 0, 1
5658, 497324375, 12, 0, 1
5658, 497330033, 14, 0, 1
20900, 497350933, 361, 5, 1
6132, 497357065, 27, 0, 1
5658, 497362723, 11, 0, 1
5658, 497368381, 14, 0, 1
11805, 497380186, 38, 0, 1
6143, 497386329, 18, 0, 1
5622, 497391951, 17, 0, 1
5658, 497397609, 15, 0, 1
11825, 497409434, 23, 0, 1
6138, 497415572, 21, 0, 1
5658, 497421230, 14, 0, 1
5658, 497426888, 10, 0, 1
11818, 497438706, 20, 0, 1
6151, 497444857, 15, 0, 1
5658, 497450515, 10, 0, 1
5658, 497456173, 8, 0, 1
11818, 497467991, 24, 0, 1
6137, 497474128, 19, 0, 1
5640, 497479768, 16, 0, 1
5658, 497485426, 11, 0, 1
11800, 497497226, 41, 0, 1
6138, 497503364, 16, 0, 1
5646, 497509010, 19, 0, 1
5658, 497514668, 10, 0, 1
11764, 497526432, 31, 0, 1
6121, 497532553, 22, 0, 1
5658, 497538211, 9, 0, 1
5658, 497543869, 14, 0, 1
11818, 497555687, 20, 0, 1
6138, 497561825, 16, 0, 1
5658, 497567483, 11, 0, 1
5658, 497573141, 13, 0, 1
13178, 497586319, 51, 0, 1
6138, 497592457, 19, 0, 1
5616, 497598073, 18, 0, 1
5658, 497603731, 10, 0, 1
11817, 497615548, 22, 0, 1
6138, 497621686, 18, 0, 1
5646, 497627332, 13, 0, 1
5657, 497632989, 13, 0, 1
11813, 497644802, 34, 0, 1
6138, 497650940, 17, 0, 1
5646, 497656586, 15, 0, 1
5658, 497662244, 16, 0, 1
11788, 497674032, 24, 0, 1
6158, 497680190, 15, 0, 1
5658, 497685848, 13, 0, 1
5652, 497691500, 14, 0, 1
11786, 497703286, 45, 0, 1
6138, 497709424, 18, 0, 1
5658, 497715082, 14, 0, 1
5651, 497720733, 16, 0, 1
11844, 497732577, 22, 0, 1
6138, 497738715, 18, 0, 1
5633, 497744348, 21, 0, 1
5658, 497750006, 13, 0, 1
11807, 497761813, 39, 0, 1
6145, 497767958, 17, 0, 1
5658, 497773616, 14, 0, 1
5658, 497779274, 12, 0, 1
11770, 497791044, 40, 0, 1
6126, 497797170, 18, 0, 1
5636, 497802806, 19, 0, 1
5658, 497808464, 12, 0, 1
11801, 497820265, 29, 0, 1
6138, 497826403, 20, 0, 1
5658, 497832061, 13, 0, 1
5658, 497837719, 11, 0, 1
11788, 497849507, 30, 0, 1
6138, 497855645, 19, 0, 1
5631, 497861276, 20, 0, 1
5658, 497866934, 10, 0, 1
11800, 497878734, 41, 0, 1
6132, 497884866, 14, 0, 1
5652, 497890518, 11, 0, 1
5658, 497896176, 15, 0, 1
11799, 497907975, 23, 0, 1
6133, 497914108, 20, 0, 1
5622, 497919730, 14, 0, 1
5651, 497925381, 13, 0, 1
11787, 497937168, 29, 0, 1
6138, 497943306, 21, 0, 1
5652, 497948958, 15, 0, 1
5658, 497954616, 11, 0, 1
13178, 497967794, 44, 0, 1
6138, 497973932, 19, 0, 1
5652, 497979584, 15, 0, 1
5658, 497985242, 13, 0, 1
11809, 497997051, 31, 0, 1
6127, 498003178, 25, 0, 1
5658, 498008836, 13, 0, 1
5658, 498014494, 10, 0, 1
11812, 498026306, 32, 0, 1
6132, 498032438, 18, 0, 1
5652, 498038090, 13, 0, 1
5652, 498043742, 12, 0, 1
11795, 498055537, 28, 0, 1
6132, 498061669, 16, 0, 1
5652, 498067321, 13, 0, 1
5646, 498072967, 12, 0, 1
11806, 498084773, 28, 0, 1
6138, 498090911, 17, 0, 1
5658, 498096569, 13, 0, 1
5652, 498102221, 16, 0, 1
11814, 498114035, 28, 0, 1
6120, 498120155, 20, 0, 1
5646, 498125801, 22, 0, 1
5652, 498131453, 16, 0, 1
11806, 498143259, 38, 0, 1
6145, 498149404, 18, 0, 1
5646, 498155050, 15, 0, 1
5657, 498160707, 15, 0, 1
11812, 498172519, 21, 0, 1
6138, 498178657, 17, 0, 1
5646, 498184303, 14, 0, 1
5658, 498189961, 14, 0, 1
11807, 498201768, 36, 0, 1
6138, 498207906, 17, 0, 1
5658, 498213564, 12, 0, 1
5658, 498219222, 10, 0, 1
11818, 498231040, 23, 0, 1
6151, 498237191, 16, 0, 1
5646, 498242837, 16, 0, 1
5658, 498248495, 14, 0, 1
11787, 498260282, 32, 0, 1
6114, 498266396, 20, 0, 1
5658, 498272054, 13, 0, 1
5658, 498277712, 9, 0, 1
11801, 498289513, 27, 0, 1
6132, 498295645, 20, 0, 1
5645, 498301290, 18, 0, 1
5652, 498306942, 14, 0, 1
11812, 498318754, 28, 0, 1
6126, 498324880, 24, 0, 1
5658, 498330538, 13, 0, 1
13214, 498343752, 43, 0, 1
5658, 498349410, 13, 0, 1
6138, 498355548, 17, 0, 1
5658, 498361206, 14, 0, 1
11817, 498373023, 22, 0, 1
5658, 498378681, 9, 0, 1
6151, 498384832, 15, 0, 1
5658, 498390490, 11, 0, 1
11812, 498402302, 23, 0, 1
5657, 498407959, 21, 0, 1
6133, 498414092, 16, 0, 1
5658, 498419750, 12, 0, 1
11830, 498431580, 28, 0, 1
5658, 498437238, 10, 0, 1
6138, 498443376, 17, 0, 1
5658, 498449034, 12, 0, 1
11817, 498460851, 22, 0, 1
5658, 498466509, 14, 0, 1
6164, 498472673, 16, 0, 1
5658, 498478331, 14, 0, 1
11812, 498490143, 25, 0, 1
5658, 498495801, 12, 0, 1
6138, 498501939, 16, 0, 1
5628, 498507567, 16, 0, 1
11824, 498519391, 28, 0, 1
5658, 498525049, 9, 0, 1
6137, 498531186, 21, 0, 1
5652, 498536838, 14, 0, 1
11822, 498548660, 28, 0, 1
5651, 498554311, 14, 0, 1
6138, 498560449, 19, 0, 1
5658, 498566107, 13, 0, 1
11837, 498577944, 32, 0, 1
5658, 498583602, 10, 0, 1
6116, 498589718, 15, 0, 1
6110, 498595828, 19, 0, 1
11793, 498607621, 35, 0, 1
5651, 498613272, 13, 0, 1
6151, 498619423, 15, 0, 1
5658, 498625081, 12, 0, 1
11810, 498636891, 33, 0, 1
5658, 498642549, 14, 0, 1
6132, 498648681, 20, 0, 1
5652, 498654333, 14, 0, 1
11795, 498666128, 43, 0, 1
5652, 498671780, 16, 0, 1
862160, 499533940, 14353, 1030, 5
8086, 499542026, 760, 4, 1
13112, 499555138, 85, 0, 1
13389, 499568527, 445, 20, 1
6656, 499575183, 47, 0, 1
6437, 499581620, 25, 0, 1
14934, 499596554, 203, 5, 1
6333, 499602887, 21, 0, 1
3699385, 3699385, 72441, 1155, 14
12175772, 15875157, 60661, 7219, 17
19421975, 35297132, 17623, 4120, 7
6703073, 42000205, 8256, 1254, 6
19176786, 61176991, 20513, 3775, 7
19744948, 80921939, 17519, 1796, 3
19580703, 100502642, 17822, 3688, 7
18307826, 118810468, 24774, 5557, 2
19244943, 138055411, 18305, 4392, 11
19673424, 157728835, 18743, 3110, 7
19723369, 177452204, 20552, 4219, 7
19649304, 197101508, 18646, 3266, 7
19485747, 216587255, 18433, 4087, 7
19583988, 236171243, 18412, 3606, 7
18657192, 254828435, 20979, 2978, 7
18773183, 273601618, 23442, 3854, 7
19292247, 292893865, 18936, 3401, 7
19586231, 312480096, 18385, 4228, 7
19651196, 332131292, 18306, 4138, 7
19644021, 351775313, 19558, 4513, 11
19505942, 371281255, 18630, 4545, 11
19678076, 390959331, 18611, 3378, 7
19641760, 410601091, 18511, 4572, 11
19635590, 430236681, 19252, 3214, 7
19636195, 449872876, 18800, 4439, 11
19586064, 469458940, 18109, 5081, 11
17717526, 487176466, 29583, 4192, 11
10354447, 497530913, 17777, 35, 12
847344, 498378257, 3456, 89, 1
5651, 498383908, 32, 0, 1
6126, 498390034, 26, 0, 1
11791, 498401825, 29, 0, 1
5652, 498407477, 15, 0, 1
5658, 498413135, 10, 0, 1
6135, 498419270, 27, 0, 1
11799, 498431069, 48, 0, 1
5649, 498436718, 22, 0, 1
5658, 498442376, 12, 0, 1
6129, 498448505, 29, 0, 1
11781, 498460286, 54, 0, 1
5658, 498465944, 16, 0, 1
5656, 498471600, 29, 0, 1
6157, 498477757, 29, 0, 1
11741, 498489498, 41, 0, 1
5658, 498495156, 13, 0, 1
5656, 498500812, 26, 0, 1
6124, 498506936, 29, 0, 1
11770, 498518706, 39, 0, 1
5620, 498524326, 21, 0, 1
5658, 498529984, 11, 0, 1
6160, 498536144, 15, 0, 1
13153, 498549297, 116, 0, 1
5656, 498554953, 22, 0, 1
5658, 498560611, 10, 0, 1
6143, 498566754, 20, 0, 1
11764, 498578518, 42, 0, 1
5658, 498584176, 13, 0, 1
5658, 498589834, 24, 0, 1
6160, 498595994, 19, 0, 1
11796, 498607790, 30, 0, 1
5627, 498613417, 21, 0, 1
5632, 498619049, 27, 0, 1
6173, 498625222, 20, 0, 1
11784, 498637006, 29, 0, 1
5658, 498642664, 15, 0, 1
5645, 498648309, 30, 0, 1
6160, 498654469, 17, 0, 1
11787, 498666256, 45, 0, 1
5644, 498671900, 20, 0, 1
5651, 498677551, 23, 0, 1
6147, 498683698, 22, 0, 1
11783, 498695481, 34, 0, 1
5616, 498701097, 23, 0, 1
5652, 498706749, 15, 0, 1
6167, 498712916, 18, 0, 1
11747, 498724663, 35, 0, 1
5655, 498730318, 29, 0, 1
5658, 498735976, 10, 0, 1
6118, 498742094, 26, 0, 1
11809, 498753903, 23, 0, 1
5649, 498759552, 24, 0, 1
5640, 498765192, 20, 0, 1
6160, 498771352, 25, 0, 1
11796, 498783148, 24, 0, 1
5648, 498788796, 28, 0, 1
5646, 498794442, 23, 0, 1
11831, 498806273, 45, 0, 1
6101, 498812374, 25, 0, 1
5640, 498818014, 22, 0, 1
5665, 498823679, 30, 0, 1
11805, 498835484, 42, 0, 1
6136, 498841620, 25, 0, 1
5646, 498847266, 21, 0, 1
5652, 498852918, 18, 0, 1
11831, 498864749, 31, 0, 1
6120, 498870869, 30, 0, 1
5658, 498876527, 14, 0, 1
5640, 498882167, 19, 0, 1
11823, 498893990, 48, 0, 1
6666, 498900656, 67, 0, 1
6333, 498906989, 28, 0, 1
5649, 498912638, 16, 0, 1
14346, 498926984, 65, 0, 1
6571, 498933555, 32, 0, 1
6080, 498939635, 25, 0, 1
5634, 498945269, 24, 0, 1
12261, 498957530, 31, 0, 1
6079, 498963609, 26, 0, 1
6116, 498969725, 17, 0, 1
6116, 498975841, 17, 0, 1
12211, 498988052, 45, 0, 1
6104, 498994156, 28, 0, 1
6116, 499000272, 19, 0, 1
6080, 499006352, 27, 0, 1
12199, 499018551, 42, 0, 1
6116, 499024667, 17, 0, 1
6108, 499030775, 33, 0, 1
6103, 499036878, 29, 0, 1
12197, 499049075, 37, 0, 1
6081, 499055156, 26, 0, 1
6110, 499061266, 18, 0, 1
5615, 499066881, 22, 0, 1
11784, 499078665, 25, 0, 1
6112, 499084777, 26, 0, 1
6129, 499090906, 21, 0, 1
5655, 499096561, 30, 0, 1
11782, 499108343, 36, 0, 1
6138, 499114481, 16, 0, 1
5652, 499120133, 11, 0, 1
5652, 499125785, 16, 0, 1
11797, 499137582, 37, 0, 1
6125, 499143707, 21, 0, 1
5626, 499149333, 21, 0, 1
5658, 499154991, 12, 0, 1
11797, 499166788, 35, 0, 1
6138, 499172926, 14, 0, 1
5633, 499178559, 20, 0, 1
5651, 499184210, 20, 0, 1
11824, 499196034, 34, 0, 1
6125, 499202159, 34, 0, 1
5652, 499207811, 15, 0, 1
5652, 499213463, 13, 0, 1
11803, 499225266, 34, 0, 1
6154, 499231420, 32, 0, 1
5658, 499237078, 13, 0, 1
5658, 499242736, 10, 0, 1
11770, 499254506, 31, 0, 1
6114, 499260620, 21, 0, 1
5630, 499266250, 23, 0, 1
5638, 499271888, 20, 0, 1
11795, 499283683, 37, 0, 1
6126, 499289809, 18, 0, 1
5645, 499295454, 17, 0, 1
5658, 499301112, 13, 0, 1
13150, 499314262, 61, 0, 1
6138, 499320400, 16, 0, 1
5658, 499326058, 13, 0, 1
5667, 499331725, 28, 0, 1
11825, 499343550, 30, 0, 1
6138, 499349688, 20, 0, 1
5633, 499355321, 20, 0, 1
5651, 499360972, 22, 0, 1
11791, 499372763, 34, 0, 1
6143, 499378906, 33, 0, 1
5658, 499384564, 14, 0, 1
5658, 499390222, 19, 0, 1
11797, 499402019, 38, 0, 1
6125, 499408144, 33, 0, 1
5646, 499413790, 18, 0, 1
5658, 499419448, 14, 0, 1
11794, 499431242, 38, 0, 1
6138, 499437380, 18, 0, 1
5632, 499443012, 24, 0, 1
5638, 499448650, 22, 0, 1
11807, 499460457, 43, 0, 1
6126, 499466583, 24, 0, 1
5646, 499472229, 21, 0, 1
5658, 499477887, 10, 0, 1
11808, 499489695, 42, 0, 1
6138, 499495833, 18, 0, 1
5651, 499501484, 17, 0, 1
5652, 499507136, 12, 0, 1
23203, 499530339, 481, 5, 1
6138, 499536477, 19, 0, 1
5610, 499542087, 24, 0, 1
5661, 499547748, 32, 0, 1
11786, 499559534, 39, 0, 1
6102, 499565636, 28, 0, 1
5627, 499571263, 21, 0, 1
5658, 499576921, 10, 0, 1
11796, 499588717, 36, 0, 1
6124, 499594841, 24, 0, 1
5658, 499600499, 12, 0, 1
5652, 499606151, 16, 0, 1
11811, 499617962, 29, 0, 1
6151, 499624113, 16, 0, 1
5643, 499629756, 23, 0, 1
5645, 499635401, 20, 0, 1
11799, 499647200, 37, 0, 1
6138, 499653338, 13, 0, 1
5658, 499658996, 13, 0, 1
5650, 499664646, 29, 0, 1
11761, 499676407, 43, 0, 1
6113, 499682520, 23, 0, 1
7023, 499689543, 36, 0, 1
5639, 499695182, 20, 0, 1
11758, 499706940, 34, 0, 1
6127, 499713067, 22, 0, 1
5658, 499718725, 12, 0, 1
5658, 499724383, 10, 0, 1
11818, 499736201, 49, 0, 1
6138, 499742339, 15, 0, 1
5650, 499747989, 30, 0, 1
5658, 499753647, 26, 0, 1
11781, 499765428, 39, 0, 1
6120, 499771548, 22, 0, 1
5655, 499777203, 33, 0, 1
5638, 499782841, 26, 0, 1
11760, 499794601, 40, 0, 1
6136, 499800737, 29, 0, 1
5645, 499806382, 28, 0, 1
5658, 499812040, 8, 0, 1
11801, 499823841, 43, 0, 1
6131, 499829972, 33, 0, 1
6110, 499836082, 19, 0, 1
5639, 499841721, 21, 0, 1
11796, 499853517, 32, 0, 1
6151, 499859668, 20, 0, 1
5658, 499865326, 15, 0, 1
5652, 499870978, 17, 0, 1
11797, 499882775, 40, 0, 1
6138, 499888913, 18, 0, 1
5658, 499894571, 9, 0, 1
5657, 499900228, 27, 0, 1
11788, 499912016, 28, 0, 1
6131, 499918147, 27, 0, 1
5622, 499923769, 16, 0, 1
5628, 499929397, 18, 0, 1
11818, 499941215, 22, 0, 1
6164, 499947379, 16, 0, 1
5649, 499953028, 19, 0, 1
5661, 499958689, 25, 0, 1
11815, 499970504, 47, 0, 1
6138, 499976642, 19, 0, 1
5640, 499982282, 15, 0, 1
5658, 499987940, 13, 0, 1
11818, 499999758, 27, 0, 1
6138, 500005896, 17, 0, 1
5641, 500011537, 23, 0, 1
5658, 500017195, 9, 0, 1
11791, 500028986, 31, 0, 1
6138, 500035124, 17, 0, 1
5661, 500040785, 27, 0, 1
5658, 500046443, 10, 0, 1
11827, 500058270, 42, 0, 1
7515, 500065785, 35, 0, 1
5616, 500071401, 18, 0, 1
5658, 500077059, 9, 0, 1
11814, 500088873, 36, 0, 1
6151, 500095024, 19, 0, 1
5621, 500100645, 20, 0, 1
5639, 500106284, 16, 0, 1
11803, 500118087, 39, 0, 1
6138, 500124225, 16, 0, 1
5640, 500129865, 17, 0, 1
5658, 500135523, 13, 0, 1
11819, 500147342, 35, 0, 1
6138, 500153480, 20, 0, 1
5658, 500159138, 14, 0, 1
5652, 500164790, 13, 0, 1
11758, 500176548, 39, 0, 1
6151, 500182699, 14, 0, 1
5641, 500188340, 27, 0, 1
5658, 500193998, 13, 0, 1
11750, 500205748, 42, 0, 1
6138, 500211886, 13, 0, 1
5628, 500217514, 15, 0, 1
5658, 500223172, 9, 0, 1
11807, 500234979, 39, 0, 1
6126, 500241105, 18, 0, 1
5639, 500246744, 21, 0, 1
5639, 500252383, 18, 0, 1
11806, 500264189, 45, 0, 1
6138, 500270327, 20, 0, 1
5632, 500275959, 23, 0, 1
5644, 500281603, 32, 0, 1
11830, 500293433, 32, 0, 1
6138, 500299571, 18, 0, 1
5638, 500305209, 24, 0, 1
5643, 500310852, 28, 0, 1
11801, 500322653, 49, 0, 1
6136, 500328789, 29, 0, 1
5656, 500334445, 22, 0, 1
5652, 500340097, 14, 0, 1
11800, 500351897, 43, 0, 1
6152, 500358049, 31, 0, 1
5658, 500363707, 15, 0, 1
5658, 500369365, 15, 0, 1
11831, 500381196, 34, 0, 1
6119, 500387315, 25, 0, 1
5573, 500392888, 27, 0, 1
5639, 500398527, 24, 0, 1
11797, 500410324, 46, 0, 1
6151, 500416475, 19, 0, 1
5658, 500422133, 13, 0, 1
5658, 500427791, 12, 0, 1
13150, 500440941, 53, 0, 1
6130, 500447071, 25, 0, 1
5615, 500452686, 21, 0, 1
5651, 500458337, 24, 0, 1
12518, 500470855, 76, 0, 1
6618, 500477473, 22, 0, 1
6373, 500483846, 18, 0, 1
6333, 500490179, 16, 0, 1
12236, 500502415, 52, 0, 1
6138, 500508553, 16, 0, 1
5640, 500514193, 16, 0, 1
5632, 500519825, 23, 0, 1
11798, 500531623, 33, 0, 1
6131, 500537754, 26, 0, 1
5649, 500543403, 24, 0, 1
5658, 500549061, 8, 0, 1
11809, 500560870, 41, 0, 1
6151, 500567021, 19, 0, 1
5638, 500572659, 27, 0, 1
5640, 500578299, 15, 0, 1
11819, 500590118, 37, 0, 1
6138, 500596256, 19, 0, 1
5640, 500601896, 18, 0, 1
5658, 500607554, 10, 0, 1
11831, 500619385, 41, 0, 1
6138, 500625523, 20, 0, 1
5623, 500631146, 25, 0, 1
8997, 500640143, 168, 2, 1
879570, 501519713, 15052, 968, 5
6705, 501526418, 67, 0, 1
6690, 501533108, 37, 0, 1
6381, 501539489, 34, 0, 1
18643, 501558132, 404, 19, 1
6718, 501564850, 32, 0, 1
6650, 501571500, 21, 0, 1
7987, 501579487, 132, 4, 1
