5,1.0,392219021.55999994,3889417319.267523
8,392219022.55999994,417701453.49999994,3021399624.513291
9,417701454.49999994,420490102.1999999,710127551.439987
0,420490103.1999999,422780796.93999994,239763616.18792993
9,422780797.93999994,425153356.24999994,710127551.439987
0,425153357.24999994,533102084.6900002,239763616.18792993
8,533102085.6900002,1292183917.28,3021399624.513291
4,1292183918.28,1304612958.68,2021348296.0527227
9,1304612959.68,1331925558.02,710127551.439987
0,1331925559.02,1350634260.69,239763616.18792993
8,1350634261.69,1363593896.01,3021399624.513291
6,1363593897.01,2008853499.41,4889939584.3099985
4,2008853500.41,2059813931.48,2021348296.0527227
9,2059813932.48,2082718992.43,710127551.439987
0,2082718993.43,2095134048.3418708,239763616.18792993
