1281738, 1281738, 29064, 792, 5
6139944, 7421682, 86309, 10629, 13
18550410, 25972092, 25511, 5750, 2
19143468, 45115560, 23418, 5341, 11
19091343, 64206903, 17996, 5014, 11
19601899, 83808802, 18798, 5138, 11
19465506, 103274308, 18115, 5247, 11
18301154, 121575462, 24812, 6594, 2
19271577, 140847039, 18511, 5025, 11
19737319, 160584358, 18379, 5237, 11
19554681, 180139039, 21384, 5304, 11
19403233, 199542272, 19333, 4829, 11
19643477, 219185749, 19075, 5308, 11
19571618, 238757367, 18604, 5079, 11
18319366, 257076733, 24499, 4766, 11
19320349, 276397082, 19904, 4732, 11
19044971, 295442053, 19273, 5311, 11
19662284, 315104337, 18870, 5195, 11
19622272, 334726609, 19072, 5205, 11
19636759, 354363368, 19395, 5268, 11
19543692, 373907060, 18769, 5253, 11
19684751, 393591811, 19067, 5115, 11
19675830, 413267641, 19102, 5312, 11
19623674, 432891315, 19452, 5018, 11
19643026, 452534341, 18632, 5346, 11
19679609, 472213950, 18963, 5364, 11
17502892, 489716842, 31491, 3220, 7
6624808, 496341650, 12680, 395, 6
6138, 496347788, 272, 4, 1
5658, 496353446, 18, 0, 1
6107, 496359553, 24, 0, 1
11772, 496371325, 39, 0, 1
5651, 496376976, 18, 0, 1
5658, 496382634, 13, 0, 1
6167, 496388801, 22, 0, 1
11770, 496400571, 41, 0, 1
5658, 496406229, 12, 0, 1
5657, 496411886, 14, 0, 1
6118, 496418004, 25, 0, 1
11800, 496429804, 35, 0, 1
5658, 496435462, 12, 0, 1
5658, 496441120, 9, 0, 1
6160, 496447280, 16, 0, 1
11758, 496459038, 42, 0, 1
5658, 496464696, 8, 0, 1
5650, 496470346, 26, 0, 1
6173, 496476519, 17, 0, 1
11788, 496488307, 34, 0, 1
7009, 496495316, 106, 8, 1
5658, 496500974, 14, 0, 1
6160, 496507134, 20, 0, 1
11778, 496518912, 32, 0, 1
5658, 496524570, 12, 0, 1
5652, 496530222, 14, 0, 1
6144, 496536366, 23, 0, 1
11765, 496548131, 31, 0, 1
5626, 496553757, 18, 0, 1
5658, 496559415, 13, 0, 1
6146, 496565561, 31, 0, 1
11808, 496577369, 34, 0, 1
5628, 496582997, 16, 0, 1
5658, 496588655, 10, 0, 1
6147, 496594802, 21, 0, 1
11789, 496606591, 37, 0, 1
5658, 496612249, 9, 0, 1
5658, 496617907, 13, 0, 1
6173, 496624080, 15, 0, 1
11788, 496635868, 31, 0, 1
5634, 496641502, 17, 0, 1
5658, 496647160, 17, 0, 1
6154, 496653314, 21, 0, 1
11809, 496665123, 23, 0, 1
5658, 496670781, 19, 0, 1
5658, 496676439, 11, 0, 1
11818, 496688257, 37, 0, 1
6126, 496694383, 24, 0, 1
5654, 496700037, 29, 0, 1
5658, 496705695, 13, 0, 1
11813, 496717508, 30, 0, 1
6138, 496723646, 16, 0, 1
5628, 496729274, 23, 0, 1
5655, 496734929, 20, 0, 1
11780, 496746709, 50, 0, 1
6138, 496752847, 16, 0, 1
5658, 496758505, 30, 8, 1
5658, 496764163, 14, 0, 1
11822, 496775985, 43, 0, 1
6138, 496782123, 15, 0, 1
5640, 496787763, 20, 0, 1
5658, 496793421, 9, 0, 1
11806, 496805227, 28, 0, 1
6145, 496811372, 22, 0, 1
5657, 496817029, 23, 0, 1
5648, 496822677, 23, 0, 1
11803, 496834480, 37, 0, 1
6136, 496840616, 28, 0, 1
5658, 496846274, 11, 0, 1
5658, 496851932, 11, 0, 1
11789, 496863721, 34, 0, 1
7515, 496871236, 32, 3, 1
5652, 496876888, 22, 0, 1
5649, 496882537, 21, 0, 1
13000, 496895537, 89, 0, 1
6690, 496902227, 22, 0, 1
6333, 496908560, 23, 0, 1
5649, 496914209, 14, 0, 1
12731, 496926940, 42, 0, 1
6116, 496933056, 19, 0, 1
6116, 496939172, 18, 0, 1
6093, 496945265, 29, 0, 1
12219, 496957484, 42, 0, 1
6085, 496963569, 27, 0, 1
6095, 496969664, 27, 0, 1
6116, 496975780, 19, 0, 1
12219, 496987999, 52, 0, 1
6109, 496994108, 18, 0, 1
6123, 497000231, 22, 0, 1
6116, 497006347, 17, 0, 1
12213, 497018560, 44, 0, 1
6109, 497024669, 23, 0, 1
6109, 497030778, 25, 0, 1
6098, 497036876, 20, 0, 1
12244, 497049120, 39, 0, 1
6116, 497055236, 13, 0, 1
6110, 497061346, 17, 0, 1
5646, 497066992, 13, 0, 1
12216, 497079208, 33, 0, 1
6103, 497085311, 20, 0, 1
5615, 497090926, 25, 0, 1
5649, 497096575, 25, 0, 1
11831, 497108406, 23, 0, 1
6138, 497114544, 17, 0, 1
5658, 497120202, 13, 0, 1
5650, 497125852, 23, 0, 1
11806, 497137658, 28, 0, 1
6145, 497143803, 20, 0, 1
5646, 497149449, 14, 0, 1
5646, 497155095, 16, 0, 1
11789, 497166884, 42, 0, 1
6129, 497173013, 21, 0, 1
5658, 497178671, 12, 0, 1
5658, 497184329, 10, 0, 1
11834, 497196163, 42, 0, 1
6138, 497202301, 19, 0, 1
5658, 497207959, 12, 0, 1
5658, 497213617, 11, 0, 1
11818, 497225435, 41, 0, 1
6126, 497231561, 20, 0, 1
5626, 497237187, 22, 0, 1
5644, 497242831, 24, 0, 1
13181, 497256012, 62, 0, 1
6138, 497262150, 16, 0, 1
5634, 497267784, 15, 0, 1
5658, 497273442, 10, 0, 1
11800, 497285242, 36, 0, 1
6164, 497291406, 17, 0, 1
5639, 497297045, 17, 0, 1
5653, 497302698, 26, 0, 1
11800, 497314498, 35, 0, 1
6138, 497320636, 18, 0, 1
5658, 497326294, 10, 0, 1
17199, 497343493, 391, 19, 1
11830, 497355323, 58, 0, 1
6138, 497361461, 16, 0, 1
5634, 497367095, 18, 0, 1
5658, 497372753, 8, 0, 1
11818, 497384571, 24, 0, 1
6114, 497390685, 24, 0, 1
5658, 497396343, 11, 0, 1
5652, 497401995, 15, 0, 1
11818, 497413813, 23, 0, 1
6118, 497419931, 30, 0, 1
5632, 497425563, 22, 0, 1
5652, 497431215, 21, 0, 1
11803, 497443018, 42, 0, 1
6126, 497449144, 20, 0, 1
5658, 497454802, 14, 0, 1
5652, 497460454, 17, 0, 1
11764, 497472218, 30, 0, 1
6138, 497478356, 13, 0, 1
5621, 497483977, 20, 0, 1
5658, 497489635, 13, 0, 1
11831, 497501466, 26, 0, 1
6114, 497507580, 24, 0, 1
5639, 497513219, 22, 0, 1
5658, 497518877, 10, 0, 1
11800, 497530677, 37, 0, 1
6133, 497536810, 21, 0, 1
5650, 497542460, 26, 0, 1
5658, 497548118, 10, 0, 1
11767, 497559885, 45, 0, 1
6113, 497565998, 22, 0, 1
5640, 497571638, 23, 0, 1
5658, 497577296, 10, 0, 1
11818, 497589114, 34, 0, 1
6143, 497595257, 28, 0, 1
5658, 497600915, 14, 0, 1
5658, 497606573, 13, 0, 1
11772, 497618345, 43, 0, 1
6155, 497624500, 29, 0, 1
5640, 497630140, 16, 0, 1
7035, 497637175, 32, 0, 1
11818, 497648993, 25, 0, 1
6138, 497655131, 18, 0, 1
5658, 497660789, 9, 0, 1
5658, 497666447, 10, 0, 1
11811, 497678258, 39, 0, 1
6138, 497684396, 17, 0, 1
5658, 497690054, 13, 0, 1
5658, 497695712, 11, 0, 1
11801, 497707513, 42, 0, 1
6120, 497713633, 22, 0, 1
5658, 497719291, 9, 0, 1
5658, 497724949, 9, 0, 1
11813, 497736762, 29, 0, 1
6132, 497742894, 19, 0, 1
5640, 497748534, 13, 0, 1
5658, 497754192, 9, 0, 1
11809, 497766001, 31, 0, 1
6151, 497772152, 15, 0, 1
5658, 497777810, 11, 0, 1
5650, 497783460, 25, 0, 1
11805, 497795265, 28, 0, 1
6137, 497801402, 28, 0, 1
5658, 497807060, 9, 0, 1
5658, 497812718, 8, 0, 1
11831, 497824549, 27, 0, 1
6131, 497830680, 18, 0, 1
6107, 497836787, 26, 0, 1
5640, 497842427, 15, 0, 1
11796, 497854223, 30, 0, 1
6145, 497860368, 18, 0, 1
5657, 497866025, 17, 0, 1
5645, 497871670, 26, 0, 1
11817, 497883487, 33, 0, 1
6120, 497889607, 21, 0, 1
5656, 497895263, 19, 0, 1
5656, 497900919, 26, 0, 1
11824, 497912743, 31, 0, 1
6126, 497918869, 18, 0, 1
5631, 497924500, 20, 0, 1
5632, 497930132, 20, 0, 1
11817, 497941949, 30, 0, 1
6138, 497948087, 12, 0, 1
5640, 497953727, 20, 0, 1
5658, 497959385, 8, 0, 1
11807, 497971192, 24, 0, 1
6138, 497977330, 14, 0, 1
5658, 497982988, 12, 0, 1
5658, 497988646, 11, 0, 1
11793, 498000439, 31, 0, 1
14778, 498015217, 257, 82, 1
7029, 498022246, 36, 0, 1
5658, 498027904, 11, 0, 1
11805, 498039709, 35, 0, 1
6096, 498045805, 22, 0, 1
5651, 498051456, 20, 0, 1
5652, 498057108, 14, 0, 1
11815, 498068923, 47, 0, 1
6138, 498075061, 14, 0, 1
5658, 498080719, 12, 0, 1
5651, 498086370, 13, 0, 1
11782, 498098152, 39, 0, 1
6151, 498104303, 16, 0, 1
5634, 498109937, 20, 0, 1
5662, 498115599, 26, 0, 1
11796, 498127395, 32, 0, 1
6132, 498133527, 18, 0, 1
5658, 498139185, 11, 0, 1
5652, 498144837, 13, 0, 1
11811, 498156648, 42, 0, 1
6138, 498162786, 16, 0, 1
5658, 498168444, 12, 0, 1
5658, 498174102, 27, 0, 1
11774, 498185876, 37, 0, 1
6128, 498192004, 31, 0, 1
5628, 498197632, 17, 0, 1
5658, 498203290, 15, 0, 1
11803, 498215093, 35, 0, 1
6138, 498221231, 14, 0, 1
5658, 498226889, 10, 0, 1
5658, 498232547, 10, 0, 1
11785, 498244332, 40, 0, 1
6151, 498250483, 14, 0, 1
5650, 498256133, 17, 0, 1
5644, 498261777, 20, 0, 1
12542, 498274319, 75, 0, 1
6775, 498281094, 47, 0, 1
6354, 498287448, 21, 0, 1
6320, 498293768, 22, 0, 1
12279, 498306047, 37, 0, 1
6138, 498312185, 15, 0, 1
5652, 498317837, 15, 0, 1
5652, 498323489, 15, 0, 1
11815, 498335304, 38, 0, 1
6115, 498341419, 24, 0, 1
5651, 498347070, 17, 0, 1
5652, 498352722, 14, 0, 1
11810, 498364532, 38, 0, 1
6142, 498370674, 29, 0, 1
5640, 498376314, 20, 0, 1
5658, 498381972, 13, 0, 1
11828, 498393800, 35, 0, 1
7515, 498401315, 29, 0, 1
5658, 498406973, 9, 0, 1
5627, 498412600, 18, 0, 1
11809, 498424409, 45, 0, 1
6132, 498430541, 18, 0, 1
5658, 498436199, 11, 0, 1
5658, 498441857, 8, 0, 1
11825, 498453682, 39, 0, 1
6138, 498459820, 16, 0, 1
5651, 498465471, 13, 0, 1
5652, 498471123, 22, 0, 1
11793, 498482916, 31, 0, 1
6151, 498489067, 16, 0, 1
5633, 498494700, 16, 0, 1
5656, 498500356, 28, 0, 1
11818, 498512174, 37, 0, 1
6114, 498518288, 25, 0, 1
5651, 498523939, 20, 0, 1
5658, 498529597, 31, 0, 1
11788, 498541385, 40, 0, 1
6132, 498547517, 18, 0, 1
5640, 498553157, 15, 0, 1
5657, 498558814, 13, 0, 1
11806, 498570620, 31, 0, 1
6151, 498576771, 15, 0, 1
5658, 498582429, 11, 0, 1
5647, 498588076, 27, 0, 1
11818, 498599894, 15, 0, 1
6145, 498606039, 14, 0, 1
5650, 498611689, 23, 0, 1
5652, 498617341, 21, 0, 1
11830, 498629171, 32, 0, 1
6130, 498635301, 23, 0, 1
5650, 498640951, 24, 0, 1
15111, 498656062, 204, 2, 1
901269, 499557331, 15542, 2845, 9
6705, 499564036, 65, 0, 1
6701, 499570737, 39, 0, 1
18781, 499589518, 410, 38, 1
6402, 499595920, 43, 0, 1
6742, 499602662, 24, 0, 1
6663, 499609325, 24, 0, 1
14852, 499624177, 174, 9, 1
2716145, 2716145, 55412, 2485, 4
8809424, 11525569, 74299, 11214, 13
19338146, 30863715, 18984, 5173, 11
19034201, 49897916, 20004, 4983, 11
19326457, 69224373, 20310, 5342, 11
19495343, 88719716, 19265, 5120, 11
19329569, 108049285, 18027, 5137, 11
19592684, 127641969, 18066, 5044, 11
18471344, 146113313, 23690, 6858, 2
19499140, 165612453, 19235, 5156, 11
19132421, 184744874, 18245, 4850, 11
19385240, 204130114, 18927, 5250, 11
19545323, 223675437, 20954, 5402, 11
19451280, 243126717, 19483, 5026, 11
18984661, 262111378, 23561, 4936, 11
19451189, 281562567, 18922, 5020, 11
18813246, 300375813, 19954, 5046, 11
19310122, 319685935, 19409, 5019, 11
19324197, 339010132, 19576, 5156, 11
19648106, 358658238, 19048, 5283, 11
19572483, 378230721, 18965, 5108, 11
19554024, 397784745, 19363, 5167, 11
19540865, 417325610, 19170, 5334, 11
19601491, 436927101, 18842, 5028, 11
19557277, 456484378, 18862, 5281, 11
19532151, 476016529, 20120, 5270, 11
15098359, 491114888, 31351, 2256, 19
5270473, 496385361, 10348, 324, 6
6141, 496391502, 387, 4, 1
11788, 496403290, 47, 0, 1
5634, 496408924, 16, 0, 1
5652, 496414576, 17, 0, 1
11758, 496426334, 39, 0, 1
6151, 496432485, 20, 0, 1
5646, 496438131, 16, 0, 1
5658, 496443789, 13, 0, 1
11787, 496455576, 40, 0, 1
6132, 496461708, 20, 0, 1
5650, 496467358, 14, 0, 1
5662, 496473020, 19, 0, 1
11831, 496484851, 26, 0, 1
6138, 496490989, 16, 0, 1
5652, 496496641, 15, 0, 1
5643, 496502284, 25, 0, 1
13189, 496515473, 104, 9, 1
6121, 496521594, 19, 0, 1
5651, 496527245, 17, 0, 1
5657, 496532902, 15, 0, 1
11818, 496544720, 22, 0, 1
6132, 496550852, 18, 0, 1
5652, 496556504, 15, 0, 1
5658, 496562162, 13, 0, 1
11830, 496573992, 33, 0, 1
6138, 496580130, 17, 0, 1
5639, 496585769, 19, 0, 1
5652, 496591421, 17, 0, 1
11798, 496603219, 46, 0, 1
6131, 496609350, 19, 0, 1
5658, 496615008, 10, 0, 1
5652, 496620660, 14, 0, 1
11828, 496632488, 40, 0, 1
6138, 496638626, 17, 0, 1
5658, 496644284, 13, 0, 1
5652, 496649936, 14, 0, 1
11797, 496661733, 35, 1, 1
6164, 496667897, 13, 0, 1
5658, 496673555, 12, 0, 1
5652, 496679207, 13, 0, 1
11787, 496690994, 43, 0, 1
6138, 496697132, 16, 0, 1
5658, 496702790, 10, 0, 1
5644, 496708434, 22, 0, 1
11800, 496720234, 28, 1, 1
6126, 496726360, 19, 0, 1
5651, 496732011, 15, 0, 1
5658, 496737669, 9, 0, 1
11811, 496749480, 40, 1, 1
6151, 496755631, 14, 0, 1
5658, 496761289, 11, 0, 1
5658, 496766947, 16, 0, 1
11793, 496778740, 40, 0, 1
6131, 496784871, 23, 0, 1
5658, 496790529, 11, 0, 1
5658, 496796187, 16, 0, 1
11833, 496808020, 32, 0, 1
6138, 496814158, 17, 0, 1
5652, 496819810, 15, 0, 1
5658, 496825468, 13, 0, 1
11802, 496837270, 31, 0, 1
6138, 496843408, 13, 0, 1
5658, 496849066, 12, 0, 1
5658, 496854724, 9, 0, 1
11819, 496866543, 27, 0, 1
6145, 496872688, 17, 0, 1
5658, 496878346, 15, 0, 1
7035, 496885381, 32, 7, 1
11805, 496897186, 43, 0, 1
6139, 496903325, 19, 0, 1
5658, 496908983, 12, 0, 1
5646, 496914629, 10, 0, 1
12534, 496927163, 53, 0, 1
6604, 496933767, 37, 0, 1
6642, 496940409, 24, 0, 1
8530, 496948939, 191, 11, 1
12236, 496961175, 47, 0, 1
6138, 496967313, 16, 0, 1
6116, 496973429, 17, 0, 1
6110, 496979539, 17, 0, 1
12218, 496991757, 47, 0, 1
6129, 496997886, 14, 0, 1
6116, 497004002, 17, 0, 1
6097, 497010099, 26, 0, 1
12219, 497022318, 32, 0, 1
6103, 497028421, 24, 0, 1
6116, 497034537, 18, 0, 1
6113, 497040650, 29, 0, 1
12267, 497052917, 32, 0, 1
6116, 497059033, 14, 0, 1
6116, 497065149, 18, 0, 1
6116, 497071265, 16, 0, 1
12211, 497083476, 37, 0, 1
6074, 497089550, 21, 0, 1
6129, 497095679, 19, 0, 1
6080, 497101759, 26, 0, 1
12209, 497113968, 47, 0, 1
6092, 497120060, 23, 0, 1
6115, 497126175, 27, 0, 1
5658, 497131833, 9, 0, 1
11741, 497143574, 34, 0, 1
6151, 497149725, 17, 0, 1
5651, 497155376, 24, 0, 1
5658, 497161034, 11, 0, 1
11818, 497172852, 37, 0, 1
6138, 497178990, 15, 0, 1
5642, 497184632, 23, 0, 1
5658, 497190290, 8, 0, 1
11781, 497202071, 41, 0, 1
6122, 497208193, 28, 0, 1
5658, 497213851, 11, 0, 1
5668, 497219519, 27, 0, 1
11811, 497231330, 31, 0, 1
6151, 497237481, 13, 0, 1
5616, 497243097, 15, 0, 1
5658, 497248755, 11, 0, 1
11806, 497260561, 31, 0, 1
6138, 497266699, 12, 0, 1
7035, 497273734, 26, 0, 1
5652, 497279386, 10, 0, 1
11830, 497291216, 27, 0, 1
6138, 497297354, 16, 0, 1
5658, 497303012, 12, 0, 1
5658, 497308670, 11, 0, 1
11817, 497320487, 30, 0, 1
6119, 497326606, 23, 0, 1
5645, 497332251, 16, 0, 1
5658, 497337909, 15, 0, 1
11809, 497349718, 39, 0, 1
6138, 497355856, 13, 0, 1
5652, 497361508, 13, 0, 1
5658, 497367166, 12, 0, 1
11821, 497378987, 45, 0, 1
17565, 497396552, 421, 5, 1
5658, 497402210, 12, 0, 1
5658, 497407868, 7, 0, 1
11818, 497419686, 41, 0, 1
6138, 497425824, 18, 0, 1
5658, 497431482, 14, 0, 1
5654, 497437136, 20, 0, 1
11842, 497448978, 37, 0, 1
6138, 497455116, 14, 0, 1
5658, 497460774, 9, 0, 1
5638, 497466412, 20, 0, 1
11775, 497478187, 36, 0, 1
6151, 497484338, 17, 0, 1
5658, 497489996, 10, 0, 1
5658, 497495654, 11, 0, 1
11796, 497507450, 38, 0, 1
6138, 497513588, 14, 0, 1
5658, 497519246, 11, 0, 1
5658, 497524904, 9, 0, 1
11777, 497536681, 32, 0, 1
6138, 497542819, 15, 0, 1
5661, 497548480, 28, 0, 1
5658, 497554138, 13, 0, 1
11800, 497565938, 42, 0, 1
6138, 497572076, 15, 0, 1
5634, 497577710, 16, 0, 1
5658, 497583368, 11, 0, 1
11830, 497595198, 34, 0, 1
6120, 497601318, 19, 0, 1
5652, 497606970, 17, 0, 1
5646, 497612616, 13, 0, 1
11818, 497624434, 22, 0, 1
6158, 497630592, 16, 0, 1
5633, 497636225, 15, 0, 1
5658, 497641883, 13, 0, 1
13167, 497655050, 56, 0, 1
6132, 497661182, 21, 0, 1
5658, 497666840, 13, 0, 1
5652, 497672492, 14, 0, 1
11783, 497684275, 45, 0, 1
6138, 497690413, 15, 0, 1
5658, 497696071, 10, 0, 1
5658, 497701729, 15, 0, 1
11796, 497713525, 40, 0, 1
6151, 497719676, 17, 0, 1
5616, 497725292, 20, 0, 1
5658, 497730950, 12, 0, 1
11808, 497742758, 30, 0, 1
6138, 497748896, 13, 0, 1
5658, 497754554, 9, 0, 1
5644, 497760198, 22, 0, 1
11782, 497771980, 44, 0, 1
6132, 497778112, 20, 0, 1
5626, 497783738, 22, 0, 1
5658, 497789396, 16, 0, 1
11790, 497801186, 29, 0, 1
6138, 497807324, 17, 0, 1
5652, 497812976, 17, 0, 1
5658, 497818634, 17, 0, 1
11825, 497830459, 49, 0, 1
6126, 497836585, 20, 0, 1
5651, 497842236, 18, 0, 1
5657, 497847893, 30, 0, 1
11785, 497859678, 42, 0, 1
6133, 497865811, 22, 0, 1
5622, 497871433, 17, 0, 1
5651, 497877084, 19, 0, 1
11805, 497888889, 24, 0, 1
6138, 497895027, 15, 0, 1
5652, 497900679, 14, 0, 1
5658, 497906337, 13, 0, 1
11768, 497918105, 46, 0, 1
6130, 497924235, 26, 0, 1
5652, 497929887, 19, 0, 1
5655, 497935542, 24, 0, 1
11806, 497947348, 28, 0, 1
6133, 497953481, 22, 0, 1
5652, 497959133, 17, 0, 1
5652, 497964785, 12, 0, 1
11782, 497976567, 27, 0, 1
6138, 497982705, 16, 0, 1
5658, 497988363, 14, 0, 1
5658, 497994021, 11, 0, 1
11804, 498005825, 53, 0, 1
6138, 498011963, 13, 0, 1
5658, 498017621, 11, 0, 1
5652, 498023273, 13, 0, 1
13156, 498036429, 49, 0, 1
6138, 498042567, 15, 0, 1
5646, 498048213, 16, 0, 1
5651, 498053864, 18, 0, 1
11807, 498065671, 24, 0, 1
6138, 498071809, 13, 0, 1
5640, 498077449, 17, 0, 1
5640, 498083089, 24, 0, 1
11803, 498094892, 30, 0, 1
6151, 498101043, 15, 0, 1
5658, 498106701, 11, 0, 1
5652, 498112353, 13, 0, 1
11811, 498124164, 38, 0, 1
6148, 498130312, 28, 0, 1
5658, 498135970, 9, 0, 1
5640, 498141610, 12, 0, 1
11789, 498153399, 28, 0, 1
6138, 498159537, 18, 0, 1
5646, 498165183, 13, 0, 1
5658, 498170841, 10, 0, 1
11818, 498182659, 19, 0, 1
6164, 498188823, 13, 0, 1
5639, 498194462, 16, 0, 1
5640, 498200102, 15, 0, 1
11781, 498211883, 33, 0, 1
6138, 498218021, 14, 0, 1
5640, 498223661, 15, 0, 1
5658, 498229319, 11, 0, 1
11824, 498241143, 33, 0, 1
6138, 498247281, 15, 0, 1
5610, 498252891, 18, 0, 1
5643, 498258534, 28, 0, 1
11817, 498270351, 33, 0, 1
6138, 498276489, 17, 0, 1
5646, 498282135, 17, 0, 1
5658, 498287793, 9, 0, 1
11801, 498299594, 36, 0, 1
6138, 498305732, 16, 0, 1
5651, 498311383, 15, 0, 1
5658, 498317041, 10, 0, 1
11817, 498328858, 29, 0, 1
6151, 498335009, 17, 0, 1
5626, 498340635, 22, 0, 1
5658, 498346293, 10, 0, 1
11811, 498358104, 35, 0, 1
6145, 498364249, 16, 0, 1
5658, 498369907, 14, 0, 1
5658, 498375565, 12, 0, 1
11831, 498387396, 19, 0, 1
6138, 498393534, 17, 0, 1
5655, 498399189, 22, 0, 1
7028, 498406217, 30, 0, 1
11812, 498418029, 28, 0, 1
6144, 498424173, 26, 0, 1
5644, 498429817, 17, 0, 1
5658, 498435475, 10, 0, 1
11812, 498447287, 26, 0, 1
6138, 498453425, 17, 0, 1
5658, 498459083, 9, 0, 1
5623, 498464706, 24, 0, 1
11816, 498476522, 26, 0, 1
6138, 498482660, 16, 0, 1
5658, 498488318, 11, 0, 1
11808, 498500126, 54, 0, 1
5658, 498505784, 8, 0, 1
6138, 498511922, 16, 0, 1
5626, 498517548, 22, 0, 1
11831, 498529379, 28, 0, 1
5658, 498535037, 11, 0, 1
6119, 498541156, 22, 0, 1
5658, 498546814, 10, 0, 1
11786, 498558600, 33, 0, 1
5652, 498564252, 13, 0, 1
6164, 498570416, 15, 0, 1
5640, 498576056, 14, 0, 1
11799, 498587855, 35, 0, 1
5658, 498593513, 11, 0, 1
6132, 498599645, 32, 0, 1
5644, 498605289, 18, 0, 1
11816, 498617105, 47, 0, 1
5658, 498622763, 8, 0, 1
6138, 498628901, 16, 0, 1
5652, 498634553, 13, 0, 1
11818, 498646371, 20, 0, 1
5658, 498652029, 10, 0, 1
6131, 498658160, 27, 0, 1
5644, 498663804, 16, 0, 1
11775, 498675579, 43, 0, 1
5652, 498681231, 13, 0, 1
6138, 498687369, 18, 0, 1
878281, 499565650, 14824, 2736, 9
15030, 499580680, 846, 7, 1
6374, 499587054, 42, 0, 1
12092, 499599146, 424, 37, 1
6662, 499605808, 45, 0, 1
13137, 499618945, 42, 0, 1
8245, 499627190, 154, 8, 1
6590, 499633780, 25, 0, 1
4802088, 4802088, 91859, 3948, 16
14828006, 19630094, 44744, 11912, 20
19180408, 38810502, 17313, 5196, 11
19112174, 57922676, 21280, 4983, 11
19570347, 77493023, 17105, 5190, 11
19540743, 97033766, 17514, 5209, 11
19340703, 116374469, 17929, 5172, 11
19570895, 135945364, 18755, 5091, 11
19584926, 155530290, 18202, 5178, 11
19690826, 175221116, 18141, 5211, 11
19536669, 194757785, 17681, 5006, 11
19571233, 214329018, 19096, 5336, 11
19545123, 233874141, 18655, 5245, 11
18957055, 252831196, 23350, 4927, 11
19587913, 272419109, 18840, 5027, 11
19554745, 291973854, 19702, 5251, 11
19617235, 311591089, 18750, 5210, 11
19609034, 331200123, 19318, 5176, 11
19642163, 350842286, 18792, 5265, 11
19516574, 370358860, 19142, 5231, 11
19713810, 390072670, 18549, 5099, 11
19649884, 409722554, 18635, 5316, 11
19550717, 429273271, 18938, 5096, 11
19597979, 448871250, 19339, 5249, 11
19603831, 468475081, 19074, 5339, 11
17428402, 485903483, 27516, 4077, 11
9457143, 495360626, 17008, 145, 12
170349, 495530975, 2782, 505, 1
6116, 495537091, 30, 0, 1
5658, 495542749, 13, 0, 1
6186, 495548935, 18, 0, 1
11789, 495560724, 37, 0, 1
5658, 495566382, 12, 0, 1
5658, 495572040, 13, 0, 1
6134, 495578174, 25, 0, 1
11755, 495589929, 40, 0, 1
5628, 495595557, 15, 0, 1
5616, 495601173, 17, 0, 1
6161, 495607334, 18, 0, 1
11762, 495619096, 34, 0, 1
5651, 495624747, 12, 0, 1
5646, 495630393, 20, 0, 1
6160, 495636553, 19, 0, 1
13148, 495649701, 118, 9, 1
5658, 495655359, 17, 0, 1
5646, 495661005, 18, 0, 1
6130, 495667135, 23, 0, 1
11757, 495678892, 39, 0, 1
5646, 495684538, 14, 0, 1
5646, 495690184, 11, 0, 1
6173, 495696357, 22, 0, 1
11770, 495708127, 44, 0, 1
5658, 495713785, 12, 0, 1
5658, 495719443, 9, 0, 1
6135, 495725578, 26, 0, 1
11810, 495737388, 38, 0, 1
5658, 495743046, 11, 0, 1
5645, 495748691, 16, 0, 1
6160, 495754851, 16, 0, 1
11790, 495766641, 43, 0, 1
5639, 495772280, 19, 0, 1
5658, 495777938, 14, 0, 1
6173, 495784111, 16, 0, 1
11778, 495795889, 23, 0, 1
5628, 495801517, 13, 0, 1
5658, 495807175, 10, 0, 1
11806, 495818981, 26, 0, 1
6138, 495825119, 17, 0, 1
5658, 495830777, 12, 1, 1
5658, 495836435, 10, 0, 1
11798, 495848233, 34, 0, 1
6138, 495854371, 15, 0, 1
5631, 495860002, 23, 0, 1
5658, 495865660, 12, 0, 1
11808, 495877468, 39, 1, 1
6133, 495883601, 29, 0, 1
5652, 495889253, 19, 0, 1
5656, 495894909, 34, 0, 1
11817, 495906726, 30, 0, 1
6138, 495912864, 12, 0, 1
5658, 495918522, 13, 0, 1
5658, 495924180, 10, 0, 1
11814, 495935994, 50, 0, 1
6138, 495942132, 14, 0, 1
5651, 495947783, 17, 0, 1
5652, 495953435, 14, 0, 1
11763, 495965198, 34, 0, 1
6132, 495971330, 26, 0, 1
5658, 495976988, 13, 0, 1
5634, 495982622, 19, 0, 1
11806, 495994428, 36, 2, 1
6138, 496000566, 18, 0, 1
5658, 496006224, 12, 0, 1
5651, 496011875, 18, 0, 1
13184, 496025059, 41, 5, 1
6145, 496031204, 17, 0, 1
5658, 496036862, 13, 0, 1
5643, 496042505, 19, 0, 1
12516, 496055021, 62, 0, 1
10066, 496065087, 263, 26, 1
6631, 496071718, 37, 0, 1
6333, 496078051, 15, 0, 1
12228, 496090279, 47, 0, 1
6132, 496096411, 20, 0, 1
6116, 496102527, 17, 0, 1
6116, 496108643, 16, 0, 1
12230, 496120873, 45, 0, 1
6092, 496126965, 29, 0, 1
6116, 496133081, 18, 0, 1
6098, 496139179, 19, 0, 1
12224, 496151403, 38, 0, 1
6116, 496157519, 15, 0, 1
6116, 496163635, 15, 0, 1
6116, 496169751, 28, 0, 1
12232, 496181983, 26, 0, 1
6116, 496188099, 17, 0, 1
6116, 496194215, 17, 0, 1
6073, 496200288, 23, 0, 1
12232, 496212520, 33, 0, 1
6129, 496218649, 14, 0, 1
6116, 496224765, 17, 0, 1
6098, 496230863, 22, 0, 1
11773, 496242636, 37, 0, 1
6131, 496248767, 25, 0, 1
6098, 496254865, 21, 0, 1
5645, 496260510, 18, 0, 1
11812, 496272322, 36, 0, 1
6125, 496278447, 26, 0, 1
5658, 496284105, 12, 0, 1
5658, 496289763, 11, 0, 1
11803, 496301566, 43, 0, 1
6138, 496307704, 17, 0, 1
5658, 496313362, 12, 0, 1
5658, 496319020, 10, 0, 1
11795, 496330815, 34, 0, 1
6138, 496336953, 17, 0, 1
5652, 496342605, 15, 0, 1
5652, 496348257, 15, 0, 1
11819, 496360076, 43, 0, 1
6151, 496366227, 16, 0, 1
5658, 496371885, 10, 0, 1
5646, 496377531, 20, 0, 1
11822, 496389353, 44, 0, 1
6138, 496395491, 14, 0, 1
5658, 496401149, 11, 0, 1
5658, 496406807, 10, 0, 1
13208, 496420015, 44, 0, 1
6138, 496426153, 17, 0, 1
5658, 496431811, 9, 0, 1
5658, 496437469, 9, 0, 1
11770, 496449239, 27, 0, 1
6139, 496455378, 23, 0, 1
5658, 496461036, 13, 0, 1
5574, 496466610, 10, 0, 1
11781, 496478391, 28, 0, 1
6138, 496484529, 15, 0, 1
5658, 496490187, 14, 0, 1
5658, 496495845, 15, 0, 1
23181, 496519026, 502, 30, 1
6116, 496525142, 39, 0, 1
5658, 496530800, 10, 0, 1
5658, 496536458, 13, 0, 1
11784, 496548242, 46, 0, 1
6132, 496554374, 20, 0, 1
5658, 496560032, 14, 0, 1
5658, 496565690, 10, 0, 1
11816, 496577506, 48, 0, 1
6132, 496583638, 18, 0, 1
5646, 496589284, 16, 0, 1
5652, 496594936, 13, 0, 1
11784, 496606720, 42, 0, 1
6148, 496612868, 24, 0, 1
5658, 496618526, 11, 0, 1
5652, 496624178, 10, 0, 1
11778, 496635956, 39, 0, 1
6124, 496642080, 23, 0, 1
5655, 496647735, 27, 0, 1
5649, 496653384, 22, 0, 1
11831, 496665215, 22, 0, 1
6125, 496671340, 21, 0, 1
5640, 496676980, 24, 0, 1
5659, 496682639, 29, 0, 1
11818, 496694457, 31, 0, 1
6154, 496700611, 29, 0, 1
6122, 496706733, 19, 0, 1
5658, 496712391, 14, 0, 1
11757, 496724148, 43, 0, 1
6101, 496730249, 26, 0, 1
5658, 496735907, 13, 0, 1
5635, 496741542, 24, 0, 1
11812, 496753354, 37, 0, 1
6138, 496759492, 17, 0, 1
5658, 496765150, 15, 0, 1
5658, 496770808, 14, 0, 1
11783, 496782591, 40, 0, 1
6145, 496788736, 15, 0, 1
7011, 496795747, 36, 0, 1
5658, 496801405, 10, 0, 1
11810, 496813215, 38, 0, 1
6138, 496819353, 18, 0, 1
5658, 496825011, 14, 0, 1
5658, 496830669, 10, 0, 1
11807, 496842476, 34, 0, 1
6151, 496848627, 16, 0, 1
5658, 496854285, 9, 0, 1
5626, 496859911, 21, 0, 1
11792, 496871703, 39, 0, 1
6138, 496877841, 18, 0, 1
5645, 496883486, 16, 0, 1
5652, 496889138, 13, 0, 1
11771, 496900909, 32, 0, 1
6138, 496907047, 14, 0, 1
5640, 496912687, 14, 0, 1
5658, 496918345, 10, 0, 1
11826, 496930171, 31, 0, 1
6151, 496936322, 15, 0, 1
5658, 496941980, 10, 0, 1
5651, 496947631, 17, 0, 1
11814, 496959445, 30, 0, 1
6114, 496965559, 21, 0, 1
5645, 496971204, 25, 0, 1
5658, 496976862, 10, 0, 1
11834, 496988696, 38, 0, 1
6138, 496994834, 18, 0, 1
5658, 497000492, 11, 0, 1
5658, 497006150, 14, 0, 1
11818, 497017968, 32, 0, 1
6120, 497024088, 30, 0, 1
5652, 497029740, 15, 0, 1
5669, 497035409, 25, 0, 1
11819, 497047228, 27, 0, 1
6126, 497053354, 20, 0, 1
5652, 497059006, 12, 0, 1
5646, 497064652, 15, 0, 1
11812, 497076464, 36, 0, 1
6164, 497082628, 15, 0, 1
5640, 497088268, 15, 0, 1
5627, 497093895, 23, 0, 1
11818, 497105713, 22, 0, 1
6138, 497111851, 15, 0, 1
5658, 497117509, 11, 0, 1
5657, 497123166, 19, 0, 1
11795, 497134961, 28, 0, 1
6130, 497141091, 29, 0, 1
5651, 497146742, 20, 0, 1
5658, 497152400, 10, 0, 1
11775, 497164175, 35, 0, 1
7528, 497171703, 32, 0, 1
5658, 497177361, 12, 0, 1
5645, 497183006, 18, 0, 1
11797, 497194803, 37, 0, 1
6136, 497200939, 29, 0, 1
5658, 497206597, 8, 0, 1
5658, 497212255, 11, 0, 1
11800, 497224055, 25, 0, 1
6131, 497230186, 33, 0, 1
5658, 497235844, 11, 0, 1
5652, 497241496, 13, 0, 1
11802, 497253298, 37, 0, 1
6138, 497259436, 20, 0, 1
5658, 497265094, 11, 0, 1
5652, 497270746, 22, 0, 1
11830, 497282576, 31, 0, 1
6119, 497288695, 20, 0, 1
5658, 497294353, 10, 0, 1
5658, 497300011, 21, 0, 1
11818, 497311829, 15, 0, 1
6133, 497317962, 19, 0, 1
5626, 497323588, 22, 0, 1
5658, 497329246, 10, 0, 1
11817, 497341063, 26, 0, 1
6138, 497347201, 14, 0, 1
5658, 497352859, 11, 0, 1
5651, 497358510, 14, 0, 1
12674, 497371184, 99, 16, 1
6138, 497377322, 15, 0, 1
5652, 497382974, 10, 0, 1
5646, 497388620, 23, 0, 1
11801, 497400421, 47, 0, 1
6151, 497406572, 16, 0, 1
5645, 497412217, 16, 0, 1
5651, 497417868, 16, 0, 1
11803, 497429671, 36, 0, 1
6118, 497435789, 28, 0, 1
5652, 497441441, 15, 0, 1
5658, 497447099, 14, 0, 1
11817, 497458916, 42, 0, 1
6138, 497465054, 15, 0, 1
5645, 497470699, 15, 0, 1
5652, 497476351, 10, 0, 1
11769, 497488120, 31, 0, 1
6120, 497494240, 20, 0, 1
5648, 497499888, 23, 0, 1
5657, 497505545, 26, 0, 1
11800, 497517345, 42, 0, 1
6145, 497523490, 15, 0, 1
5658, 497529148, 11, 0, 1
5658, 497534806, 10, 0, 1
13195, 497548001, 38, 0, 1
6133, 497554134, 20, 0, 1
5652, 497559786, 12, 0, 1
5658, 497565444, 9, 0, 1
11788, 497577232, 39, 0, 1
6132, 497583364, 18, 0, 1
5651, 497589015, 15, 0, 1
5648, 497594663, 25, 0, 1
11792, 497606455, 37, 0, 1
6138, 497612593, 15, 0, 1
5616, 497618209, 16, 0, 1
5656, 497623865, 28, 0, 1
11818, 497635683, 20, 0, 1
6151, 497641834, 17, 0, 1
5644, 497647478, 19, 0, 1
5658, 497653136, 25, 0, 1
11786, 497664922, 40, 0, 1
6138, 497671060, 17, 0, 1
5658, 497676718, 10, 0, 1
5657, 497682375, 23, 0, 1
11813, 497694188, 30, 0, 1
6125, 497700313, 29, 0, 1
5634, 497705947, 24, 0, 1
5651, 497711598, 21, 0, 1
11798, 497723396, 26, 0, 1
6136, 497729532, 27, 0, 1
5643, 497735175, 24, 0, 1
5651, 497740826, 19, 0, 1
11830, 497752656, 33, 0, 1
6138, 497758794, 15, 0, 1
5658, 497764452, 11, 0, 1
5658, 497770110, 11, 0, 1
11815, 497781925, 29, 0, 1
6143, 497788068, 31, 0, 1
5658, 497793726, 11, 0, 1
5651, 497799377, 20, 0, 1
11818, 497811195, 19, 0, 1
6106, 497817301, 22, 0, 1
5658, 497822959, 20, 0, 1
5648, 497828607, 27, 0, 1
894208, 498722815, 15535, 2960, 9
6729, 498729544, 54, 0, 1
6697, 498736241, 28, 0, 1
18574, 498754815, 405, 48, 1
9444, 498764259, 84, 0, 1
6443, 498770702, 22, 0, 1
6673, 498777375, 24, 0, 1
14870, 498792245, 197, 14, 1
5654, 498797899, 28, 0, 1
8040, 498805939, 86, 7, 1
1814935, 1814935, 40516, 1183, 4
6262856, 8077791, 83767, 11648, 13
19351157, 27428948, 20075, 5276, 11
18913489, 46342437, 22861, 5575, 11
19106595, 65449032, 17751, 4978, 11
19501285, 84950317, 18510, 5116, 11
19215623, 104165940, 19867, 5418, 11
18263336, 122429276, 22443, 6534, 2
19188191, 141617467, 18054, 4841, 11
19614152, 161231619, 18563, 5197, 11
19496094, 180727713, 20158, 5199, 11
19334388, 200062101, 18265, 4962, 11
19509864, 219571965, 18420, 5221, 11
19501083, 239073048, 18234, 5199, 11
18280815, 257353863, 23377, 4869, 11
19225920, 276579783, 19457, 4945, 11
18942785, 295522568, 19034, 5074, 11
19636964, 315159532, 18826, 4937, 11
19555365, 334714897, 19832, 5159, 11
19607188, 354322085, 18991, 5249, 11
19466151, 373788236, 19480, 5205, 11
19699593, 393487829, 18977, 5067, 11
19593083, 413080912, 19429, 5272, 11
19562439, 432643351, 19038, 5058, 11
19569638, 452212989, 18968, 5300, 11
19549808, 471762797, 19523, 5274, 11
17853245, 489616042, 31159, 3296, 7
6734327, 496350369, 14043, 404, 6
6131, 496356500, 389, 10, 1
5646, 496362146, 24, 0, 1
11783, 496373929, 38, 0, 1
6138, 496380067, 22, 0, 1
5658, 496385725, 10, 0, 1
5658, 496391383, 11, 0, 1
11824, 496403207, 36, 0, 1
7515, 496410722, 90, 14, 1
5658, 496416380, 10, 0, 1
5658, 496422038, 10, 0, 1
11788, 496433826, 37, 0, 1
6138, 496439964, 18, 0, 1
5658, 496445622, 16, 0, 1
5658, 496451280, 11, 0, 1
11844, 496463124, 26, 0, 1
6138, 496469262, 14, 0, 1
5658, 496474920, 10, 0, 1
5652, 496480572, 14, 0, 1
11780, 496492352, 38, 1, 1
14755, 496507107, 284, 63, 1
5660, 496512767, 36, 0, 1
5658, 496518425, 11, 0, 1
11818, 496530243, 32, 0, 1
6138, 496536381, 15, 0, 1
5658, 496542039, 13, 0, 1
5658, 496547697, 10, 0, 1
11825, 496559522, 29, 0, 1
6132, 496565654, 20, 0, 1
5658, 496571312, 12, 1, 1
5652, 496576964, 20, 0, 1
11787, 496588751, 35, 0, 1
6151, 496594902, 17, 0, 1
5657, 496600559, 23, 0, 1
5651, 496606210, 14, 0, 1
11809, 496618019, 39, 0, 1
6108, 496624127, 21, 0, 1
5652, 496629779, 13, 0, 1
5645, 496635424, 16, 0, 1
11823, 496647247, 31, 0, 1
6126, 496653373, 26, 0, 1
5650, 496659023, 19, 0, 1
5652, 496664675, 11, 0, 1
11787, 496676462, 38, 0, 1
6138, 496682600, 24, 0, 1
5658, 496688258, 12, 0, 1
5658, 496693916, 10, 0, 1
11831, 496705747, 30, 0, 1
6119, 496711866, 24, 0, 1
5641, 496717507, 17, 0, 1
5658, 496723165, 9, 0, 1
11818, 496734983, 23, 0, 1
6151, 496741134, 17, 0, 1
5657, 496746791, 15, 0, 1
5658, 496752449, 10, 0, 1
11794, 496764243, 38, 0, 1
6138, 496770381, 19, 0, 1
5640, 496776021, 17, 0, 1
5658, 496781679, 11, 0, 1
13196, 496794875, 48, 1, 1
6119, 496800994, 22, 0, 1
5658, 496806652, 9, 0, 1
5658, 496812310, 8, 0, 1
11818, 496824128, 23, 0, 1
6153, 496830281, 19, 0, 1
5652, 496835933, 17, 0, 1
5658, 496841591, 14, 0, 1
11818, 496853409, 30, 0, 1
6142, 496859551, 21, 0, 1
5658, 496865209, 11, 0, 1
5652, 496870861, 23, 0, 1
11830, 496882691, 25, 0, 1
6138, 496888829, 18, 0, 1
5658, 496894487, 10, 0, 1
5651, 496900138, 15, 0, 1
13012, 496913150, 112, 0, 1
6652, 496919802, 28, 0, 1
6615, 496926417, 21, 0, 1
5649, 496932066, 13, 0, 1
12687, 496944753, 48, 0, 1
6104, 496950857, 20, 0, 1
6116, 496956973, 15, 0, 1
6116, 496963089, 22, 0, 1
12226, 496975315, 47, 0, 1
6115, 496981430, 24, 0, 1
6116, 496987546, 19, 0, 1
6080, 496993626, 27, 0, 1
12181, 497005807, 41, 0, 1
6109, 497011916, 28, 0, 1
6091, 497018007, 22, 0, 1
6111, 497024118, 20, 0, 1
12237, 497036355, 40, 0, 1
6110, 497042465, 18, 0, 1
6110, 497048575, 20, 0, 1
6110, 497054685, 23, 0, 1
12216, 497066901, 45, 0, 1
6128, 497073029, 24, 0, 1
6080, 497079109, 24, 0, 1
5639, 497084748, 21, 0, 1
11766, 497096514, 30, 0, 1
6132, 497102646, 17, 0, 1
5643, 497108289, 25, 0, 1
5658, 497113947, 13, 0, 1
11824, 497125771, 38, 0, 1
6120, 497131891, 23, 0, 1
5658, 497137549, 11, 0, 1
5658, 497143207, 13, 0, 1
11789, 497154996, 51, 0, 1
6138, 497161134, 18, 0, 1
5658, 497166792, 13, 0, 1
5652, 497172444, 13, 0, 1
13199, 497185643, 56, 0, 1
6126, 497191769, 22, 0, 1
5658, 497197427, 11, 0, 1
5656, 497203083, 20, 0, 1
11805, 497214888, 42, 0, 1
6171, 497221059, 21, 0, 1
5638, 497226697, 23, 0, 1
5658, 497232355, 13, 0, 1
11779, 497244134, 44, 0, 1
6138, 497250272, 23, 0, 1
5657, 497255929, 18, 0, 1
5650, 497261579, 21, 0, 1
20882, 497282461, 378, 71, 1
6143, 497288604, 26, 0, 1
5640, 497294244, 17, 0, 1
5658, 497299902, 10, 0, 1
11818, 497311720, 22, 0, 1
6151, 497317871, 18, 0, 1
5658, 497323529, 12, 0, 1
5658, 497329187, 10, 0, 1
11800, 497340987, 32, 0, 1
6138, 497347125, 15, 0, 1
5658, 497352783, 12, 0, 1
5658, 497358441, 10, 0, 1
11820, 497370261, 46, 0, 1
6113, 497376374, 22, 0, 1
5658, 497382032, 11, 0, 1
5652, 497387684, 23, 0, 1
11805, 497399489, 31, 0, 1
6138, 497405627, 17, 0, 1
5640, 497411267, 19, 0, 1
5658, 497416925, 13, 0, 1
12719, 497429644, 108, 14, 1
6138, 497435782, 18, 0, 1
5632, 497441414, 24, 0, 1
5646, 497447060, 20, 0, 1
11811, 497458871, 29, 0, 1
6151, 497465022, 22, 0, 1
5652, 497470674, 18, 0, 1
5652, 497476326, 17, 0, 1
11800, 497488126, 26, 0, 1
6138, 497494264, 19, 0, 1
5652, 497499916, 16, 0, 1
5658, 497505574, 21, 0, 1
11806, 497517380, 33, 0, 1
6138, 497523518, 19, 0, 1
5658, 497529176, 10, 0, 1
5658, 497534834, 18, 0, 1
11805, 497546639, 37, 0, 1
6145, 497552784, 24, 0, 1
5652, 497558436, 16, 0, 1
7034, 497565470, 42, 0, 1
11809, 497577279, 38, 0, 1
6139, 497583418, 17, 0, 1
5646, 497589064, 18, 0, 1
5658, 497594722, 12, 0, 1
11844, 497606566, 33, 0, 1
6131, 497612697, 22, 0, 1
5658, 497618355, 15, 0, 1
5656, 497624011, 19, 0, 1
11800, 497635811, 30, 0, 1
6143, 497641954, 23, 0, 1
5658, 497647612, 8, 0, 1
5658, 497653270, 17, 0, 1
11801, 497665071, 35, 0, 1
6137, 497671208, 25, 0, 1
5658, 497676866, 11, 0, 1
5657, 497682523, 19, 0, 1
11805, 497694328, 29, 0, 1
6151, 497700479, 18, 0, 1
5632, 497706111, 23, 0, 1
5657, 497711768, 16, 0, 1
11781, 497723549, 49, 0, 1
6137, 497729686, 29, 0, 1
5658, 497735344, 15, 0, 1
5656, 497741000, 25, 0, 1
11816, 497752816, 38, 0, 1
6126, 497758942, 19, 0, 1
5640, 497764582, 23, 0, 1
5658, 497770240, 18, 0, 1
11814, 497782054, 48, 0, 1
6126, 497788180, 26, 0, 1
5658, 497793838, 16, 0, 1
5652, 497799490, 16, 0, 1
11797, 497811287, 33, 0, 1
6138, 497817425, 20, 0, 1
5621, 497823046, 21, 0, 1
5658, 497828704, 15, 0, 1
11811, 497840515, 40, 0, 1
6138, 497846653, 18, 0, 1
6104, 497852757, 23, 0, 1
5652, 497858409, 17, 0, 1
11772, 497870181, 33, 0, 1
6138, 497876319, 15, 0, 1
5639, 497881958, 19, 0, 1
5658, 497887616, 17, 0, 1
11783, 497899399, 39, 0, 1
6137, 497905536, 25, 0, 1
5658, 497911194, 11, 0, 1
5657, 497916851, 19, 0, 1
11805, 497928656, 31, 0, 1
6151, 497934807, 22, 0, 1
7035, 497941842, 24, 0, 1
5658, 497947500, 18, 0, 1
11803, 497959303, 44, 0, 1
6126, 497965429, 22, 0, 1
5658, 497971087, 14, 0, 1
5657, 497976744, 22, 0, 1
11844, 497988588, 41, 0, 1
6143, 497994731, 24, 0, 1
5646, 498000377, 16, 0, 1
5652, 498006029, 17, 0, 1
11811, 498017840, 32, 0, 1
6151, 498023991, 17, 0, 1
5646, 498029637, 16, 0, 1
5658, 498035295, 23, 0, 1
11804, 498047099, 34, 0, 1
6132, 498053231, 21, 0, 1
5658, 498058889, 12, 0, 1
5658, 498064547, 14, 0, 1
11831, 498076378, 20, 0, 1
6138, 498082516, 17, 0, 1
5658, 498088174, 16, 0, 1
5646, 498093820, 20, 0, 1
11818, 498105638, 31, 0, 1
6138, 498111776, 18, 0, 1
5655, 498117431, 23, 0, 1
11828, 498129259, 33, 0, 1
5658, 498134917, 14, 0, 1
6107, 498141024, 22, 0, 1
5658, 498146682, 14, 0, 1
11804, 498158486, 30, 0, 1
5645, 498164131, 23, 0, 1
6139, 498170270, 21, 0, 1
5633, 498175903, 20, 0, 1
11804, 498187707, 31, 0, 1
5652, 498193359, 13, 0, 1
6132, 498199491, 18, 0, 1
5652, 498205143, 18, 0, 1
11800, 498216943, 37, 0, 1
5658, 498222601, 12, 0, 1
6132, 498228733, 20, 0, 1
5658, 498234391, 16, 0, 1
11805, 498246196, 32, 0, 1
5658, 498251854, 21, 0, 1
6151, 498258005, 19, 0, 1
5654, 498263659, 22, 0, 1
11792, 498275451, 41, 0, 1
5652, 498281103, 13, 0, 1
6138, 498287241, 18, 0, 1
5646, 498292887, 19, 0, 1
11801, 498304688, 34, 0, 1
5658, 498310346, 11, 0, 1
7510, 498317856, 37, 0, 1
5658, 498323514, 15, 0, 1
11800, 498335314, 39, 0, 1
5658, 498340972, 17, 0, 1
6138, 498347110, 18, 0, 1
5628, 498352738, 20, 0, 1
11835, 498364573, 46, 0, 1
5658, 498370231, 14, 0, 1
6120, 498376351, 20, 0, 1
5634, 498381985, 24, 0, 1
11799, 498393784, 29, 0, 1
5651, 498399435, 19, 0, 1
6145, 498405580, 21, 0, 1
5652, 498411232, 15, 0, 1
11817, 498423049, 32, 0, 1
5658, 498428707, 9, 0, 1
6138, 498434845, 14, 0, 1
5652, 498440497, 16, 0, 1
11822, 498452319, 43, 0, 1
5658, 498457977, 15, 0, 1
6138, 498464115, 17, 0, 1
5652, 498469767, 19, 0, 1
11793, 498481560, 34, 0, 1
5658, 498487218, 15, 0, 1
6143, 498493361, 23, 0, 1
5652, 498499013, 12, 0, 1
11810, 498510823, 36, 0, 1
5652, 498516475, 16, 0, 1
6132, 498522607, 20, 0, 1
5651, 498528258, 20, 0, 1
11823, 498540081, 30, 0, 1
5658, 498545739, 19, 0, 1
6138, 498551877, 18, 0, 1
5658, 498557535, 15, 0, 1
11782, 498569317, 27, 0, 1
5652, 498574969, 15, 0, 1
6138, 498581107, 28, 0, 1
5658, 498586765, 15, 0, 1
11813, 498598578, 34, 0, 1
5657, 498604235, 25, 0, 1
6138, 498610373, 19, 0, 1
5658, 498616031, 13, 0, 1
11793, 498627824, 31, 0, 1
5645, 498633469, 15, 0, 1
6143, 498639612, 28, 0, 1
5658, 498645270, 15, 0, 1
15135, 498660405, 217, 12, 1
895186, 499555591, 15414, 2848, 9
6434, 499562025, 56, 0, 1
6662, 499568687, 32, 0, 1
20144, 499588831, 470, 42, 1
7033, 499595864, 36, 0, 1
6650, 499602514, 26, 0, 1
8251, 499610765, 141, 16, 1
12997, 499623762, 34, 0, 1
2396312, 2396312, 49197, 1984, 4
8078226, 10474538, 78209, 11325, 13
18761471, 29236009, 17832, 5028, 11
18810465, 48046474, 19180, 5054, 11
18651953, 66698427, 20638, 5307, 11
19048976, 85747403, 18396, 5017, 11
18986527, 104733930, 17694, 5035, 11
18155054, 122888984, 23844, 6493, 2
18339085, 141228069, 18281, 4715, 11
19174872, 160402941, 18981, 5063, 11
19087751, 179490692, 20312, 5201, 11
19006468, 198497160, 18565, 4817, 11
18921412, 217418572, 18773, 5057, 11
18972831, 236391403, 18728, 5101, 11
17715025, 254106428, 24409, 4746, 11
19014697, 273121125, 18227, 4896, 11
18402930, 291524055, 18010, 5006, 11
18985237, 310509292, 19123, 5094, 11
19041350, 329550642, 18530, 4989, 11
19108197, 348658839, 18925, 5192, 11
19005254, 367664093, 18130, 5019, 11
19112381, 386776474, 19004, 4970, 11
19049522, 405825996, 18124, 5129, 11
19114553, 424940549, 18183, 5148, 11
19080674, 444021223, 18587, 4991, 11
19021717, 463042940, 19265, 5143, 11
19080678, 482123618, 18459, 5124, 11
11584688, 493708306, 28614, 587, 19
2647532, 496355838, 6531, 311, 5
11791, 496367629, 298, 8, 1
6114, 496373743, 26, 0, 1
5640, 496379383, 15, 0, 1
6132, 496385515, 21, 0, 1
11315, 496396830, 32, 0, 1
6153, 496402983, 20, 0, 1
5639, 496408622, 24, 0, 1
6124, 496414746, 36, 0, 1
11214, 496425960, 28, 0, 1
6160, 496432120, 19, 0, 1
5622, 496437742, 22, 0, 1
6125, 496443867, 24, 0, 1
11312, 496455179, 35, 0, 1
6173, 496461352, 17, 0, 1
5652, 496467004, 15, 0, 1
6137, 496473141, 24, 0, 1
11319, 496484460, 38, 0, 1
6113, 496490573, 22, 0, 1
5645, 496496218, 18, 0, 1
6164, 496502382, 17, 0, 1
11289, 496513671, 35, 0, 1
6160, 496519831, 17, 0, 1
5651, 496525482, 25, 0, 1
6132, 496531614, 20, 0, 1
11316, 496542930, 17, 0, 1
6167, 496549097, 20, 0, 1
5632, 496554729, 22, 0, 1
6138, 496560867, 16, 0, 1
11298, 496572165, 28, 0, 1
6158, 496578323, 22, 0, 1
5658, 496583981, 13, 0, 1
7039, 496591020, 126, 15, 1
11273, 496602293, 26, 0, 1
6130, 496608423, 25, 0, 1
5658, 496614081, 11, 0, 1
6141, 496620222, 36, 0, 1
11280, 496631502, 33, 0, 1
6173, 496637675, 18, 0, 1
5658, 496643333, 14, 0, 1
6138, 496649471, 17, 0, 1
11310, 496660781, 37, 0, 1
6160, 496666941, 16, 0, 1
5658, 496672599, 12, 0, 1
6132, 496678731, 20, 0, 1
11785, 496690516, 44, 0, 1
6147, 496696663, 30, 0, 1
5657, 496702320, 20, 0, 1
6132, 496708452, 21, 0, 1
12649, 496721101, 119, 2, 1
6140, 496727241, 26, 0, 1
5646, 496732887, 15, 0, 1
6130, 496739017, 32, 0, 1
11316, 496750333, 16, 0, 1
6142, 496756475, 20, 0, 1
5658, 496762133, 11, 0, 1
6141, 496768274, 34, 0, 1
11317, 496779591, 39, 0, 1
6173, 496785764, 18, 0, 1
5649, 496791413, 28, 0, 1
6138, 496797551, 19, 0, 1
11302, 496808853, 33, 0, 1
6160, 496815013, 17, 0, 1
5658, 496820671, 13, 0, 1
6151, 496826822, 20, 0, 1
11297, 496838119, 24, 0, 1
6148, 496844267, 26, 0, 1
5658, 496849925, 13, 0, 1
6124, 496856049, 30, 0, 1
11309, 496867358, 24, 0, 1
6174, 496873532, 20, 0, 1
5634, 496879166, 18, 0, 1
11765, 496890931, 42, 0, 1
5658, 496896589, 10, 0, 1
6687, 496903276, 58, 0, 1
6327, 496909603, 24, 0, 1
12961, 496922564, 38, 0, 1
5643, 496928207, 16, 0, 1
6636, 496934843, 22, 0, 1
6116, 496940959, 19, 0, 1
12217, 496953176, 39, 0, 1
6116, 496959292, 17, 0, 1
6122, 496965414, 26, 0, 1
6093, 496971507, 24, 0, 1
12206, 496983713, 37, 0, 1
6086, 496989799, 25, 0, 1
6086, 496995885, 24, 0, 1
6108, 497001993, 29, 0, 1
12231, 497014224, 51, 0, 1
6127, 497020351, 29, 0, 1
6074, 497026425, 27, 0, 1
6073, 497032498, 23, 0, 1
12219, 497044717, 35, 0, 1
6089, 497050806, 27, 0, 1
6074, 497056880, 24, 0, 1
6098, 497062978, 24, 0, 1
12227, 497075205, 41, 0, 1
5646, 497080851, 15, 0, 1
6095, 497086946, 24, 0, 1
5649, 497092595, 16, 0, 1
13173, 497105768, 35, 0, 1
5658, 497111426, 11, 0, 1
6159, 497117585, 30, 0, 1
5652, 497123237, 18, 0, 1
11776, 497135013, 31, 0, 1
5658, 497140671, 12, 0, 1
6160, 497146831, 14, 0, 1
5646, 497152477, 13, 0, 1
11753, 497164230, 43, 0, 1
5658, 497169888, 9, 0, 1
15224, 497185112, 316, 25, 1
5658, 497190770, 27, 0, 1
11757, 497202527, 35, 0, 1
5658, 497208185, 8, 0, 1
6160, 497214345, 13, 0, 1
5620, 497219965, 18, 0, 1
11777, 497231742, 28, 0, 1
5652, 497237394, 14, 0, 1
6148, 497243542, 25, 0, 1
5658, 497249200, 10, 0, 1
11783, 497260983, 33, 0, 1
5655, 497266638, 26, 0, 1
6173, 497272811, 24, 0, 1
5658, 497278469, 10, 0, 1
11777, 497290246, 44, 0, 1
5658, 497295904, 10, 0, 1
6151, 497302055, 26, 0, 1
5658, 497307713, 12, 0, 1
11795, 497319508, 33, 0, 1
5652, 497325160, 17, 0, 1
6160, 497331320, 16, 0, 1
5646, 497336966, 19, 0, 1
11771, 497348737, 28, 0, 1
5658, 497354395, 11, 0, 1
6173, 497360568, 19, 0, 1
5658, 497366226, 11, 0, 1
11787, 497378013, 46, 0, 1
5658, 497383671, 13, 0, 1
6136, 497389807, 19, 0, 1
5652, 497395459, 19, 0, 1
11795, 497407254, 39, 0, 1
5657, 497412911, 31, 0, 1
6172, 497419083, 24, 0, 1
5658, 497424741, 14, 0, 1
11766, 497436507, 26, 0, 1
5651, 497442158, 18, 0, 1
6160, 497448318, 17, 0, 1
5646, 497453964, 15, 0, 1
11794, 497465758, 48, 0, 1
5658, 497471416, 9, 0, 1
6129, 497477545, 18, 0, 1
7016, 497484561, 31, 0, 1
11776, 497496337, 36, 0, 1
5658, 497501995, 7, 0, 1
6173, 497508168, 19, 0, 1
5646, 497513814, 17, 0, 1
11755, 497525569, 32, 0, 1
5658, 497531227, 11, 0, 1
6136, 497537363, 22, 0, 1
5610, 497542973, 15, 0, 1
11796, 497554769, 31, 0, 1
5657, 497560426, 21, 0, 1
6154, 497566580, 23, 0, 1
5640, 497572220, 16, 0, 1
11769, 497583989, 47, 0, 1
5648, 497589637, 25, 0, 1
6154, 497595791, 22, 0, 1
5656, 497601447, 29, 0, 1
11782, 497613229, 32, 0, 1
5658, 497618887, 11, 0, 1
6154, 497625041, 20, 0, 1
5646, 497630687, 22, 0, 1
11758, 497642445, 34, 0, 1
5658, 497648103, 11, 0, 1
6186, 497654289, 17, 0, 1
5658, 497659947, 13, 0, 1
11771, 497671718, 31, 0, 1
5651, 497677369, 13, 0, 1
6147, 497683516, 21, 0, 1
5658, 497689174, 12, 0, 1
11788, 497700962, 38, 0, 1
5656, 497706618, 19, 0, 1
6112, 497712730, 25, 0, 1
5646, 497718376, 20, 0, 1
11783, 497730159, 30, 0, 1
5658, 497735817, 13, 0, 1
6152, 497741969, 26, 0, 1
5644, 497747613, 16, 0, 1
12216, 497759829, 42, 0, 1
5658, 497765487, 13, 0, 1
6154, 497771641, 20, 0, 1
5657, 497777298, 24, 0, 1
11817, 497789115, 47, 0, 1
5640, 497794755, 17, 0, 1
6154, 497800909, 17, 0, 1
5633, 497806542, 21, 0, 1
11781, 497818323, 33, 0, 1
5658, 497823981, 10, 0, 1
6173, 497830154, 17, 0, 1
5637, 497835791, 24, 0, 1
12246, 497848037, 48, 0, 1
5657, 497853694, 27, 0, 1
7477, 497861171, 38, 0, 1
5658, 497866829, 12, 0, 1
11771, 497878600, 45, 0, 1
5658, 497884258, 10, 0, 1
6136, 497890394, 25, 0, 1
5658, 497896052, 10, 0, 1
11784, 497907836, 35, 0, 1
5655, 497913491, 24, 0, 1
6130, 497919621, 22, 0, 1
5643, 497925264, 14, 1, 1
20009, 497945273, 269, 64, 1
5652, 497950925, 17, 0, 1
6151, 497957076, 29, 0, 1
5652, 497962728, 15, 0, 1
11770, 497974498, 34, 0, 1
5644, 497980142, 18, 0, 1
6125, 497986267, 23, 0, 1
5651, 497991918, 17, 0, 1
11784, 498003702, 26, 0, 1
5658, 498009360, 18, 0, 1
6153, 498015513, 25, 0, 1
5658, 498021171, 11, 0, 1
11800, 498032971, 41, 0, 1
5652, 498038623, 24, 0, 1
6160, 498044783, 16, 0, 1
5621, 498050404, 23, 0, 1
11742, 498062146, 34, 0, 1
5658, 498067804, 12, 0, 1
6166, 498073970, 26, 0, 1
5662, 498079632, 24, 0, 1
11782, 498091414, 35, 0, 1
5651, 498097065, 14, 0, 1
6154, 498103219, 19, 0, 1
5658, 498108877, 12, 0, 1
11796, 498120673, 33, 0, 1
5658, 498126331, 11, 0, 1
6154, 498132485, 19, 0, 1
5650, 498138135, 18, 0, 1
11777, 498149912, 32, 0, 1
5658, 498155570, 9, 0, 1
6163, 498161733, 32, 0, 1
5654, 498167387, 33, 0, 1
11809, 498179196, 31, 0, 1
5658, 498184854, 14, 0, 1
6136, 498190990, 28, 0, 1
5649, 498196639, 19, 0, 1
11779, 498208418, 40, 0, 1
5658, 498214076, 11, 0, 1
6155, 498220231, 22, 0, 1
5658, 498225889, 10, 0, 1
11770, 498237659, 30, 0, 1
7035, 498244694, 29, 0, 1
6153, 498250847, 22, 0, 1
5658, 498256505, 8, 0, 1
11788, 498268293, 29, 0, 1
5658, 498273951, 13, 0, 1
6153, 498280104, 23, 0, 1
5649, 498285753, 22, 0, 1
11788, 498297541, 45, 0, 1
5658, 498303199, 14, 0, 1
6173, 498309372, 16, 0, 1
5645, 498315017, 20, 0, 1
11790, 498326807, 25, 0, 1
5665, 498332472, 27, 0, 1
6154, 498338626, 29, 0, 1
5657, 498344283, 22, 0, 1
11759, 498356042, 37, 0, 1
5645, 498361687, 16, 0, 1
6173, 498367860, 16, 0, 1
5658, 498373518, 12, 0, 1
11764, 498385282, 33, 0, 1
5658, 498390940, 12, 0, 1
6160, 498397100, 17, 0, 1
5645, 498402745, 20, 0, 1
11799, 498414544, 29, 0, 1
5668, 498420212, 27, 0, 1
6160, 498426372, 18, 0, 1
5658, 498432030, 10, 0, 1
11778, 498443808, 26, 0, 1
5652, 498449460, 14, 0, 1
6171, 498455631, 27, 0, 1
5658, 498461289, 10, 0, 1
11759, 498473048, 28, 0, 1
5657, 498478705, 14, 0, 1
6160, 498484865, 16, 0, 1
5645, 498490510, 20, 0, 1
11809, 498502319, 17, 0, 1
5651, 498507970, 23, 0, 1
6153, 498514123, 26, 0, 1
5645, 498519768, 18, 0, 1
11796, 498531564, 20, 0, 1
5666, 498537230, 32, 0, 1
6155, 498543385, 21, 0, 1
11771, 498555156, 33, 0, 1
5658, 498560814, 10, 0, 1
5645, 498566459, 15, 0, 1
6160, 498572619, 22, 0, 1
11790, 498584409, 40, 0, 1
5645, 498590054, 23, 0, 1
5660, 498595714, 22, 0, 1
6173, 498601887, 16, 0, 1
11782, 498613669, 33, 0, 1
7035, 498620704, 27, 0, 1
5658, 498626362, 12, 0, 1
6152, 498632514, 24, 0, 1
11801, 498644315, 43, 0, 1
5645, 498649960, 16, 0, 1
5652, 498655612, 22, 0, 1
6147, 498661759, 27, 0, 1
11784, 498673543, 28, 0, 1
898588, 499572131, 15551, 2878, 9
6705, 499578836, 56, 0, 1
6427, 499585263, 25, 0, 1
18836, 499604099, 415, 39, 1
6690, 499610789, 38, 0, 1
6449, 499617238, 19, 0, 1
6676, 499623914, 26, 0, 1
26152, 499650066, 586, 11, 1
6130, 499656196, 57, 0, 1
