5,1.0,392497337.69,3889417319.267523
4,392497338.69,489841367.28999996,2021348296.0527227
9,489841368.28999996,527480272.4399999,710127551.439987
4,527480273.4399999,562707747.1899998,2021348296.0527227
1,562707748.1899998,1298944627.0900002,4437195218.808543
2,1298944628.0900002,1352914979.8200002,3036024722.4208217
6,1352914980.8200002,2016094066.24,4889939584.3099985
2,2016094067.24,2086670772.16,3036024722.4208217
4,2086670773.16,2099170516.3700001,2021348296.0527227
0,2099170517.3700001,2099355155.6477778,239763616.18792993
