23, 1, 4340595, 868118.800
20, 4340596, 12178761, 1567633.000
17, 12178762, 28574832, 1639607.000
26, 28574833, 35044429, 1293919.200
10, 35044430, 41205225, 1232159.000
24, 41205226, 55301648, 2819284.400
3, 55301649, 324257524, 2561484.524
1, 324257525, 336621111, 2472717.200
3, 336621112, 348937815, 2463340.600
1, 348937816, 697357530, 2322798.093
9, 697357531, 719455701, 2209817.000
1, 719455702, 730551650, 2219189.600
9, 730551651, 1281814703, 2120242.508
24, 1281814704, 1291257216, 1888502.400
8, 1291257217, 1567937681, 1317526.019
5, 1567937682, 1571877043, 787872.200
7, 1571877044, 1600956135, 484651.517
5, 1600956136, 1640647444, 529217.440
27, 1640647445, 1643085859, 162560.933
25, 1643085860, 1655774116, 1268825.600
6, 1655774117, 1655780837, 1344.000
2, 1655780838, 1656459731, 67889.300
6, 1656459732, 1656472900, 1316.800
