23, 1, 2658133, 531626.400
20, 2658134, 9587771, 1385927.400
17, 9587772, 26043921, 1645614.900
26, 26043922, 33407126, 1472640.800
5, 33407127, 38723105, 1063195.600
21, 38723106, 50520474, 2359473.600
3, 50520475, 266147463, 2536788.094
1, 266147464, 688927656, 2285298.335
9, 688927657, 699638868, 2142242.200
1, 699638869, 731697766, 2137259.800
9, 731697767, 1286933635, 2056429.141
21, 1286933636, 1293474802, 1308233.200
8, 1293474803, 1566733651, 1270971.386
5, 1566733652, 1571348009, 922871.400
7, 1571348010, 1601602925, 465460.231
5, 1601602926, 1605116634, 702741.600
27, 1605116635, 1615120132, 500174.850
5, 1615120133, 1619146142, 268400.600
18, 1619146143, 1620913985, 353568.400
15, 1620913986, 1624919331, 400534.500
27, 1624919332, 1642530073, 320195.291
2, 1642530074, 1643503665, 194718.200
25, 1643503666, 1655614778, 2422222.400
2, 1655614779, 1655845719, 46188.000
6, 1655845720, 1656015849, 8506.450
