560458, 560458, 13814, 351, 5
5026901, 5587359, 86839, 5468, 15
15984677, 21572036, 38535, 8720, 10
19073340, 40645376, 20321, 4897, 11
19130439, 59775815, 18424, 4699, 11
19405270, 79181085, 21020, 5196, 11
19469709, 98650794, 18733, 5084, 11
19374562, 118025356, 18261, 5077, 11
18694395, 136719751, 24700, 6874, 2
19168044, 155887795, 19002, 4955, 11
19390775, 175278570, 18720, 5052, 11
19251231, 194529801, 18746, 4522, 11
19495325, 214025126, 21022, 5306, 11
19490121, 233515247, 19150, 5082, 11
19260340, 252775587, 20266, 5001, 11
18894691, 271670278, 23539, 4522, 11
19202809, 290873087, 19730, 5062, 11
19187142, 310060229, 18650, 5062, 11
19114189, 329174418, 19048, 5020, 11
19414068, 348588486, 19554, 5256, 11
19583376, 368171862, 18785, 5136, 11
19714675, 387886537, 18602, 5075, 11
19622485, 407509022, 19186, 5261, 11
19680438, 427189460, 18520, 5188, 11
19666106, 446855566, 18083, 4761, 11
19517506, 466373072, 18955, 5266, 11
18213769, 484586841, 30737, 4756, 11
10684469, 495271310, 15951, 86, 12
1148004, 496419314, 4072, 273, 1
5646, 496424960, 37, 0, 1
11818, 496436778, 23, 0, 1
5651, 496442429, 20, 0, 1
6151, 496448580, 15, 0, 1
5640, 496454220, 19, 0, 1
11812, 496466032, 31, 0, 1
5658, 496471690, 12, 0, 1
6125, 496477815, 23, 0, 1
5658, 496483473, 12, 0, 1
11807, 496495280, 36, 0, 1
5658, 496500938, 15, 0, 1
6116, 496507054, 34, 0, 1
5637, 496512691, 24, 0, 1
11792, 496524483, 42, 0, 1
5652, 496530135, 16, 0, 1
6144, 496536279, 26, 0, 1
7011, 496543290, 96, 11, 1
11817, 496555107, 37, 0, 1
5648, 496560755, 22, 0, 1
6119, 496566874, 33, 0, 1
5657, 496572531, 21, 0, 1
11815, 496584346, 32, 0, 1
5658, 496590004, 11, 0, 1
6131, 496596135, 25, 0, 1
5637, 496601772, 21, 0, 1
11800, 496613572, 49, 0, 1
5650, 496619222, 26, 0, 1
6121, 496625343, 30, 0, 1
5658, 496631001, 11, 0, 1
11838, 496642839, 26, 0, 1
5634, 496648473, 23, 0, 1
6133, 496654606, 31, 0, 1
5658, 496660264, 10, 0, 1
11811, 496672075, 36, 0, 1
5658, 496677733, 9, 0, 1
6139, 496683872, 25, 0, 1
5658, 496689530, 11, 0, 1
11782, 496701312, 35, 0, 1
5658, 496706970, 11, 0, 1
6138, 496713108, 12, 0, 1
5658, 496718766, 11, 0, 1
11823, 496730589, 27, 0, 1
5649, 496736238, 19, 0, 1
6108, 496742346, 27, 0, 1
6116, 496748462, 18, 0, 1
11795, 496760257, 40, 0, 1
5656, 496765913, 23, 0, 1
6120, 496772033, 29, 0, 1
5659, 496777692, 12, 0, 1
11791, 496789483, 41, 0, 1
5644, 496795127, 23, 0, 1
6131, 496801258, 26, 0, 1
5645, 496806903, 17, 0, 1
11820, 496818723, 48, 0, 1
5651, 496824374, 15, 0, 1
6127, 496830501, 18, 0, 1
5621, 496836122, 18, 0, 1
11799, 496847921, 33, 0, 1
5658, 496853579, 17, 0, 1
6120, 496859699, 21, 0, 1
5652, 496865351, 15, 0, 1
11815, 496877166, 36, 0, 1
5651, 496882817, 19, 0, 1
6138, 496888955, 16, 0, 1
5658, 496894613, 14, 0, 1
11809, 496906422, 43, 0, 1
5636, 496912058, 26, 0, 1
7527, 496919585, 36, 1, 1
5658, 496925243, 14, 0, 1
11804, 496937047, 41, 0, 1
5650, 496942697, 25, 0, 1
6635, 496949332, 66, 0, 1
6333, 496955665, 30, 0, 1
12329, 496967994, 41, 0, 1
6324, 496974318, 34, 0, 1
6563, 496980881, 30, 0, 1
6116, 496986997, 15, 0, 1
11789, 496998786, 42, 0, 1
6116, 497004902, 17, 0, 1
6142, 497011044, 16, 0, 1
6115, 497017159, 23, 0, 1
12195, 497029354, 47, 0, 1
6115, 497035469, 21, 0, 1
6085, 497041554, 27, 0, 1
6118, 497047672, 37, 0, 1
12209, 497059881, 40, 0, 1
6104, 497065985, 20, 0, 1
6116, 497072101, 22, 0, 1
6095, 497078196, 32, 0, 1
12190, 497090386, 33, 0, 1
6101, 497096487, 28, 0, 1
6116, 497102603, 20, 0, 1
6129, 497108732, 16, 0, 1
11783, 497120515, 35, 0, 1
5646, 497126161, 20, 0, 1
6126, 497132287, 17, 0, 1
6116, 497138403, 17, 0, 1
11771, 497150174, 39, 0, 1
5646, 497155820, 15, 0, 1
6151, 497161971, 16, 0, 1
5655, 497167626, 28, 0, 1
11816, 497179442, 37, 0, 1
5645, 497185087, 25, 0, 1
6137, 497191224, 21, 0, 1
5616, 497196840, 18, 0, 1
11813, 497208653, 29, 0, 1
5658, 497214311, 12, 0, 1
6137, 497220448, 23, 0, 1
5646, 497226094, 23, 0, 1
11791, 497237885, 33, 0, 1
5640, 497243525, 14, 0, 1
6138, 497249663, 19, 0, 1
5616, 497255279, 20, 0, 1
11775, 497267054, 32, 0, 1
5657, 497272711, 15, 0, 1
6129, 497278840, 30, 0, 1
5658, 497284498, 7, 0, 1
24576, 497309074, 432, 5, 1
5658, 497314732, 37, 0, 1
6138, 497320870, 22, 0, 1
5615, 497326485, 17, 0, 1
11794, 497338279, 42, 0, 1
5651, 497343930, 18, 0, 1
6138, 497350068, 17, 0, 1
5658, 497355726, 10, 0, 1
11813, 497367539, 24, 0, 1
5658, 497373197, 9, 0, 1
6138, 497379335, 13, 0, 1
5645, 497384980, 16, 0, 1
11781, 497396761, 33, 0, 1
5651, 497402412, 12, 0, 1
6156, 497408568, 26, 0, 1
6116, 497414684, 20, 0, 1
11722, 497426406, 36, 0, 1
5658, 497432064, 8, 0, 1
6114, 497438178, 24, 0, 1
5658, 497443836, 9, 0, 1
11805, 497455641, 44, 0, 1
5661, 497461302, 18, 0, 1
6107, 497467409, 27, 0, 1
5627, 497473036, 17, 0, 1
11806, 497484842, 23, 0, 1
5634, 497490476, 19, 0, 1
6138, 497496614, 22, 0, 1
5658, 497502272, 11, 0, 1
11803, 497514075, 34, 0, 1
5658, 497519733, 11, 0, 1
6138, 497525871, 13, 0, 1
5622, 497531493, 16, 0, 1
11831, 497543324, 22, 0, 1
5628, 497548952, 18, 0, 1
6131, 497555083, 19, 0, 1
5643, 497560726, 21, 0, 1
11811, 497572537, 29, 0, 1
5658, 497578195, 10, 0, 1
6145, 497584340, 15, 0, 1
5620, 497589960, 20, 0, 1
11798, 497601758, 27, 0, 1
5627, 497607385, 20, 0, 1
6138, 497613523, 15, 0, 1
5637, 497619160, 20, 0, 1
11794, 497630954, 34, 0, 1
5650, 497636604, 18, 0, 1
6151, 497642755, 19, 0, 1
5658, 497648413, 8, 0, 1
11817, 497660230, 24, 0, 1
5658, 497665888, 7, 0, 1
6138, 497672026, 15, 0, 1
5661, 497677687, 26, 0, 1
13196, 497690883, 43, 0, 1
5658, 497696541, 10, 0, 1
6106, 497702647, 24, 0, 1
5658, 497708305, 12, 0, 1
11818, 497720123, 18, 0, 1
5658, 497725781, 11, 0, 1
6126, 497731907, 24, 0, 1
5658, 497737565, 9, 0, 1
11806, 497749371, 31, 0, 1
5658, 497755029, 9, 0, 1
6138, 497761167, 13, 0, 1
5658, 497766825, 8, 0, 1
11850, 497778675, 26, 0, 1
5658, 497784333, 9, 0, 1
6120, 497790453, 16, 0, 1
5616, 497796069, 18, 0, 1
11805, 497807874, 28, 0, 1
5658, 497813532, 13, 0, 1
6114, 497819646, 20, 0, 1
5635, 497825281, 20, 0, 1
11806, 497837087, 29, 0, 1
5640, 497842727, 13, 0, 1
6120, 497848847, 26, 0, 1
5661, 497854508, 25, 0, 1
11806, 497866314, 25, 0, 1
5658, 497871972, 11, 0, 1
6148, 497878120, 33, 0, 1
5658, 497883778, 14, 0, 1
11816, 497895594, 40, 0, 1
5644, 497901238, 20, 0, 1
6138, 497907376, 17, 0, 1
5610, 497912986, 16, 0, 1
11825, 497924811, 31, 0, 1
5658, 497930469, 9, 0, 1
6120, 497936589, 16, 0, 1
5658, 497942247, 12, 0, 1
11799, 497954046, 21, 0, 1
5657, 497959703, 24, 0, 1
6154, 497965857, 29, 0, 1
5652, 497971509, 15, 0, 1
11786, 497983295, 28, 0, 1
5646, 497988941, 25, 0, 1
6096, 497995037, 21, 0, 1
5630, 498000667, 22, 0, 1
11801, 498012468, 18, 0, 1
5640, 498018108, 12, 0, 1
6138, 498024246, 14, 0, 1
11292, 498035538, 20, 0, 1
6154, 498041692, 16, 0, 1
5658, 498047350, 11, 0, 1
6138, 498053488, 17, 0, 1
12681, 498066169, 40, 0, 1
6160, 498072329, 22, 0, 1
5652, 498077981, 13, 0, 1
6138, 498084119, 16, 0, 1
11297, 498095416, 29, 0, 1
6123, 498101539, 27, 0, 1
5651, 498107190, 29, 0, 1
6151, 498113341, 13, 0, 1
11274, 498124615, 34, 0, 1
6160, 498130775, 13, 0, 1
5658, 498136433, 9, 0, 1
6138, 498142571, 13, 0, 1
11262, 498153833, 21, 0, 1
6168, 498160001, 23, 0, 1
5658, 498165659, 11, 0, 1
6132, 498171791, 21, 0, 1
11280, 498183071, 21, 0, 1
6160, 498189231, 15, 0, 1
5637, 498194868, 19, 0, 1
6133, 498201001, 26, 0, 1
11278, 498212279, 31, 0, 1
6160, 498218439, 14, 0, 1
5649, 498224088, 20, 0, 1
6118, 498230206, 25, 0, 1
11305, 498241511, 26, 0, 1
6179, 498247690, 15, 0, 1
5658, 498253348, 10, 0, 1
6138, 498259486, 14, 0, 1
11296, 498270782, 33, 0, 1
6142, 498276924, 26, 0, 1
5651, 498282575, 11, 0, 1
6132, 498288707, 18, 0, 1
11311, 498300018, 29, 0, 1
6167, 498306185, 16, 0, 1
5652, 498311837, 13, 0, 1
6145, 498317982, 19, 0, 1
11262, 498329244, 41, 0, 1
6140, 498335384, 26, 0, 1
5651, 498341035, 25, 0, 1
6132, 498347167, 21, 0, 1
11306, 498358473, 38, 0, 1
6148, 498364621, 21, 0, 1
5658, 498370279, 12, 0, 1
6138, 498376417, 16, 0, 1
11268, 498387685, 30, 0, 1
6173, 498393858, 16, 0, 1
5658, 498399516, 10, 0, 1
6138, 498405654, 16, 0, 1
11298, 498416952, 44, 0, 1
6160, 498423112, 15, 0, 1
5658, 498428770, 13, 0, 1
7519, 498436289, 48, 0, 1
11308, 498447597, 32, 0, 1
6160, 498453757, 16, 0, 1
5658, 498459415, 12, 0, 1
6122, 498465537, 34, 0, 1
11309, 498476846, 31, 0, 1
6166, 498483012, 24, 0, 1
5659, 498488671, 30, 0, 1
6138, 498494809, 12, 0, 1
11279, 498506088, 39, 0, 1
6160, 498512248, 18, 0, 1
5658, 498517906, 10, 0, 1
6107, 498524013, 24, 0, 1
11297, 498535310, 27, 0, 1
6178, 498541488, 23, 0, 1
5658, 498547146, 13, 0, 1
6138, 498553284, 15, 0, 1
11299, 498564583, 32, 0, 1
6160, 498570743, 16, 0, 1
5648, 498576391, 27, 0, 1
6151, 498582542, 18, 0, 1
11285, 498593827, 23, 0, 1
6133, 498599960, 28, 0, 1
5652, 498605612, 16, 0, 1
6132, 498611744, 21, 0, 1
11297, 498623041, 27, 0, 1
6141, 498629182, 25, 0, 1
5657, 498634839, 26, 0, 1
6132, 498640971, 17, 0, 1
11291, 498652262, 27, 0, 1
6160, 498658422, 14, 0, 1
5658, 498664080, 9, 0, 1
6151, 498670231, 16, 0, 1
11278, 498681509, 30, 0, 1
6148, 498687657, 24, 0, 1
5654, 498693311, 27, 0, 1
9471, 498702782, 183, 7, 1
909000, 499611782, 15823, 2307, 9
15188, 499626970, 435, 7, 1
5637, 499632607, 32, 0, 1
6745, 499639352, 50, 0, 1
19199, 499658551, 405, 34, 1
6650, 499665201, 44, 0, 1
6449, 499671650, 18, 0, 1
6662, 499678312, 19, 0, 1
879466, 879466, 19352, 866, 5
5959783, 6839249, 85831, 8721, 15
16831329, 23670578, 34498, 6415, 2
19080609, 42751187, 21218, 4889, 11
19105847, 61857034, 20544, 5027, 11
19621379, 81478413, 17685, 5059, 11
19406200, 100884613, 18450, 5160, 11
19356107, 120240720, 20311, 5353, 11
18494325, 138735045, 21905, 6214, 2
19537868, 158272913, 17931, 4995, 11
19390251, 177663164, 18538, 4926, 11
19288253, 196951417, 21145, 4573, 11
19598956, 216550373, 18125, 5209, 11
19489606, 236039979, 18400, 5126, 11
18844411, 254884390, 24499, 4782, 11
19442882, 274327272, 19300, 4675, 11
18785365, 293112637, 18767, 4980, 11
19392152, 312504789, 19104, 4881, 11
19384834, 331889623, 19214, 5143, 11
19597574, 351487197, 19602, 5219, 11
19549588, 371036785, 18900, 5173, 11
19741635, 390778420, 18798, 5115, 11
19570123, 410348543, 19102, 5289, 11
19581386, 429929929, 19559, 4769, 11
19608897, 449538826, 18769, 5145, 11
19610630, 469149456, 18832, 5330, 11
17470179, 486619635, 27717, 3930, 11
9648822, 496268457, 17785, 92, 12
111891, 496380348, 2413, 252, 1
5657, 496386005, 24, 0, 1
6177, 496392182, 20, 0, 1
11274, 496403456, 45, 0, 1
6160, 496409616, 17, 0, 1
5662, 496415278, 29, 0, 1
6096, 496421374, 24, 0, 1
11316, 496432690, 18, 0, 1
6173, 496438863, 16, 0, 1
5640, 496444503, 23, 0, 1
6128, 496450631, 29, 0, 1
11291, 496461922, 41, 0, 1
6160, 496468082, 15, 0, 1
5652, 496473734, 15, 0, 1
6138, 496479872, 15, 0, 1
11283, 496491155, 27, 0, 1
6155, 496497310, 24, 0, 1
5658, 496502968, 12, 0, 1
6138, 496509106, 18, 0, 1
11274, 496520380, 23, 0, 1
6142, 496526522, 19, 0, 1
5649, 496532171, 24, 1, 1
14790, 496546961, 295, 88, 1
12649, 496559610, 144, 1, 1
6160, 496565770, 18, 0, 1
5664, 496571434, 26, 0, 1
6132, 496577566, 32, 0, 1
11304, 496588870, 18, 0, 1
6148, 496595018, 22, 0, 1
5663, 496600681, 29, 0, 1
6138, 496606819, 18, 0, 1
11295, 496618114, 33, 0, 1
6160, 496624274, 17, 0, 1
5640, 496629914, 16, 0, 1
6151, 496636065, 15, 0, 1
11302, 496647367, 38, 0, 1
6142, 496653509, 21, 0, 1
5658, 496659167, 15, 0, 1
6114, 496665281, 21, 0, 1
11303, 496676584, 23, 0, 1
6173, 496682757, 16, 0, 1
5658, 496688415, 10, 0, 1
6138, 496694553, 15, 0, 1
11297, 496705850, 36, 0, 1
6160, 496712010, 18, 0, 1
5658, 496717668, 10, 0, 1
6138, 496723806, 17, 0, 1
11300, 496735106, 34, 0, 1
6142, 496741248, 27, 0, 1
5646, 496746894, 20, 0, 1
6100, 496752994, 26, 0, 1
11304, 496764298, 46, 0, 1
6135, 496770433, 22, 0, 1
5640, 496776073, 20, 0, 1
6164, 496782237, 15, 0, 1
11304, 496793541, 37, 0, 1
6146, 496799687, 30, 0, 1
6374, 496806061, 58, 0, 1
6582, 496812643, 39, 0, 1
12685, 496825328, 38, 0, 1
6624, 496831952, 28, 0, 1
5652, 496837604, 11, 0, 1
6138, 496843742, 18, 0, 1
11308, 496855050, 25, 0, 1
6160, 496861210, 17, 1, 1
5658, 496866868, 12, 0, 1
6128, 496872996, 20, 0, 1
11316, 496884312, 14, 0, 1
6136, 496890448, 22, 0, 1
5651, 496896099, 16, 0, 1
6119, 496902218, 24, 0, 1
11279, 496913497, 28, 0, 1
6687, 496920184, 29, 0, 1
6319, 496926503, 30, 0, 1
6652, 496933155, 23, 0, 1
13359, 496946514, 49, 0, 1
6611, 496953125, 26, 0, 1
6116, 496959241, 18, 0, 1
6116, 496965357, 17, 0, 1
12226, 496977583, 40, 0, 1
6116, 496983699, 19, 0, 1
6097, 496989796, 22, 0, 1
6116, 496995912, 20, 0, 1
12168, 497008080, 43, 0, 1
6116, 497014196, 19, 0, 1
6119, 497020315, 33, 0, 1
6116, 497026431, 20, 0, 1
12223, 497038654, 45, 0, 1
6115, 497044769, 20, 0, 1
6095, 497050864, 27, 0, 1
6116, 497056980, 20, 0, 1
12217, 497069197, 49, 0, 1
6106, 497075303, 30, 0, 1
6104, 497081407, 33, 0, 1
6109, 497087516, 21, 0, 1
11735, 497099251, 41, 0, 1
6138, 497105389, 16, 0, 1
6116, 497111505, 19, 0, 1
6123, 497117628, 20, 0, 1
11291, 497128919, 25, 0, 1
6124, 497135043, 22, 0, 1
5658, 497140701, 9, 0, 1
6128, 497146829, 29, 0, 1
11279, 497158108, 36, 0, 1
6186, 497164294, 16, 0, 1
5658, 497169952, 12, 0, 1
6132, 497176084, 25, 0, 1
11316, 497187400, 16, 0, 1
6160, 497193560, 12, 0, 1
5640, 497199200, 13, 0, 1
6113, 497205313, 19, 0, 1
11300, 497216613, 33, 0, 1
6152, 497222765, 24, 0, 1
5658, 497228423, 10, 0, 1
6138, 497234561, 17, 0, 1
11259, 497245820, 33, 0, 1
6160, 497251980, 15, 0, 1
5661, 497257641, 21, 0, 1
6130, 497263771, 28, 0, 1
11310, 497275081, 26, 0, 1
6130, 497281211, 20, 0, 1
5658, 497286869, 8, 0, 1
6117, 497292986, 27, 0, 1
11308, 497304294, 36, 0, 1
15236, 497319530, 324, 42, 1
5658, 497325188, 24, 0, 1
7508, 497332696, 50, 0, 1
11292, 497343988, 26, 0, 1
6160, 497350148, 16, 0, 1
5640, 497355788, 22, 0, 1
6151, 497361939, 14, 0, 1
11316, 497373255, 19, 0, 1
6160, 497379415, 17, 0, 1
5656, 497385071, 26, 0, 1
6125, 497391196, 22, 0, 1
11291, 497402487, 32, 0, 1
6172, 497408659, 22, 0, 1
5658, 497414317, 12, 0, 1
6136, 497420453, 29, 0, 1
11290, 497431743, 43, 0, 1
6153, 497437896, 21, 0, 1
5633, 497443529, 28, 0, 1
6138, 497449667, 17, 0, 1
11297, 497460964, 39, 0, 1
6143, 497467107, 20, 0, 1
5661, 497472768, 17, 0, 1
6138, 497478906, 16, 0, 1
11310, 497490216, 19, 0, 1
6160, 497496376, 12, 0, 1
5666, 497502042, 25, 0, 1
6151, 497508193, 16, 0, 1
11310, 497519503, 45, 0, 1
6160, 497525663, 14, 0, 1
5658, 497531321, 11, 0, 1
6138, 497537459, 14, 0, 1
11306, 497548765, 41, 0, 1
6155, 497554920, 24, 0, 1
5660, 497560580, 29, 0, 1
6132, 497566712, 32, 0, 1
11273, 497577985, 37, 0, 1
6160, 497584145, 16, 0, 1
5653, 497589798, 31, 0, 1
6151, 497595949, 15, 0, 1
11310, 497607259, 32, 0, 1
6148, 497613407, 19, 0, 1
5644, 497619051, 30, 0, 1
6154, 497625205, 28, 0, 1
11310, 497636515, 24, 0, 1
6166, 497642681, 19, 0, 1
5651, 497648332, 23, 0, 1
6138, 497654470, 17, 0, 1
11282, 497665752, 39, 0, 1
6160, 497671912, 16, 0, 1
5651, 497677563, 17, 0, 1
6137, 497683700, 31, 0, 1
11310, 497695010, 32, 0, 1
6173, 497701183, 15, 0, 1
7014, 497708197, 31, 0, 1
6138, 497714335, 17, 0, 1
11301, 497725636, 42, 0, 1
6130, 497731766, 22, 0, 1
5658, 497737424, 12, 0, 1
6145, 497743569, 17, 0, 1
11316, 497754885, 33, 0, 1
6134, 497761019, 22, 0, 1
5657, 497766676, 18, 0, 1
6132, 497772808, 20, 0, 1
11285, 497784093, 28, 0, 1
6147, 497790240, 29, 0, 1
5657, 497795897, 23, 0, 1
6132, 497802029, 19, 0, 1
11309, 497813338, 37, 0, 1
6160, 497819498, 13, 0, 1
5658, 497825156, 9, 0, 1
6113, 497831269, 23, 0, 1
11304, 497842573, 15, 0, 1
6160, 497848733, 12, 0, 1
5633, 497854366, 14, 0, 1
6138, 497860504, 15, 0, 1
11321, 497871825, 39, 0, 1
6167, 497877992, 18, 0, 1
5655, 497883647, 20, 0, 1
6138, 497889785, 17, 0, 1
11280, 497901065, 20, 0, 1
6112, 497907177, 21, 0, 1
5646, 497912823, 13, 0, 1
6128, 497918951, 33, 0, 1
11291, 497930242, 26, 0, 1
6186, 497936428, 16, 0, 1
5658, 497942086, 9, 0, 1
6138, 497948224, 16, 0, 1
11307, 497959531, 32, 0, 1
6160, 497965691, 15, 0, 1
5632, 497971323, 21, 0, 1
6151, 497977474, 17, 0, 1
11316, 497988790, 27, 0, 1
6160, 497994950, 15, 0, 1
5655, 498000605, 20, 0, 1
6121, 498006726, 27, 0, 1
11291, 498018017, 23, 0, 1
6173, 498024190, 13, 0, 1
5662, 498029852, 20, 0, 1
6144, 498035996, 30, 0, 1
11317, 498047313, 31, 0, 1
6142, 498053455, 21, 0, 1
5657, 498059112, 26, 0, 1
6151, 498065263, 16, 0, 1
11315, 498076578, 24, 0, 1
7537, 498084115, 31, 0, 1
5640, 498089755, 14, 0, 1
6096, 498095851, 19, 0, 1
11309, 498107160, 20, 0, 1
6165, 498113325, 27, 0, 1
5671, 498118996, 30, 0, 1
11785, 498130781, 34, 0, 1
5652, 498136433, 12, 0, 1
6145, 498142578, 23, 0, 1
5652, 498148230, 12, 0, 1
11781, 498160011, 47, 0, 1
5662, 498165673, 18, 0, 1
6137, 498171810, 28, 0, 1
5678, 498177488, 28, 0, 1
11785, 498189273, 47, 0, 1
5639, 498194912, 20, 0, 1
6160, 498201072, 16, 0, 1
5652, 498206724, 21, 0, 1
12681, 498219405, 120, 18, 1
5654, 498225059, 21, 0, 1
6160, 498231219, 16, 0, 1
5646, 498236865, 20, 0, 1
11754, 498248619, 34, 0, 1
5658, 498254277, 11, 0, 1
6165, 498260442, 25, 0, 1
5661, 498266103, 19, 0, 1
11771, 498277874, 29, 0, 1
5656, 498283530, 18, 0, 1
6152, 498289682, 26, 0, 1
5633, 498295315, 21, 0, 1
11815, 498307130, 50, 0, 1
5651, 498312781, 17, 0, 1
6142, 498318923, 22, 0, 1
5658, 498324581, 10, 0, 1
11770, 498336351, 36, 0, 1
5634, 498341985, 15, 0, 1
6161, 498348146, 22, 0, 1
5652, 498353798, 16, 0, 1
11797, 498365595, 24, 0, 1
5658, 498371253, 10, 0, 1
6160, 498377413, 16, 0, 1
5656, 498383069, 28, 0, 1
11753, 498394822, 33, 0, 1
5646, 498400468, 19, 0, 1
6151, 498406619, 27, 0, 1
5663, 498412282, 28, 0, 1
11788, 498424070, 36, 0, 1
5658, 498429728, 11, 0, 1
6145, 498435873, 23, 0, 1
5644, 498441517, 28, 0, 1
11809, 498453326, 19, 0, 1
7035, 498460361, 26, 0, 1
6163, 498466524, 29, 0, 1
5658, 498472182, 9, 0, 1
11771, 498483953, 32, 0, 1
5646, 498489599, 16, 0, 1
6155, 498495754, 19, 0, 1
5658, 498501412, 11, 0, 1
11765, 498513177, 29, 0, 1
5645, 498518822, 15, 0, 1
6142, 498524964, 23, 0, 1
5658, 498530622, 11, 0, 1
11799, 498542421, 35, 0, 1
5658, 498548079, 10, 0, 1
6160, 498554239, 17, 0, 1
5654, 498559893, 28, 0, 1
11763, 498571656, 51, 0, 1
5650, 498577306, 21, 0, 1
6173, 498583479, 19, 0, 1
5656, 498589135, 27, 0, 1
11796, 498600931, 21, 0, 1
5661, 498606592, 25, 0, 1
6148, 498612740, 20, 0, 1
5658, 498618398, 8, 0, 1
11788, 498630186, 37, 0, 1
5658, 498635844, 13, 0, 1
6157, 498642001, 21, 0, 1
5658, 498647659, 11, 0, 1
11763, 498659422, 35, 0, 1
5657, 498665079, 15, 0, 1
6127, 498671206, 26, 0, 1
5658, 498676864, 12, 0, 1
11815, 498688679, 29, 0, 1
5658, 498694337, 14, 0, 1
891109, 499585446, 15443, 2241, 9
6723, 499592169, 626, 1, 1
14376, 499606545, 315, 32, 1
6375, 499612920, 30, 0, 1
11552, 499624472, 125, 12, 1
6672, 499631144, 41, 0, 1
13370, 499644514, 55, 0, 1
7988, 499652502, 146, 9, 1
6618, 499659120, 27, 0, 1
4236006, 4236006, 82735, 2644, 16
13346829, 17582835, 52607, 11179, 20
19342922, 36925757, 17121, 4950, 11
18926474, 55852231, 24262, 5085, 11
19528375, 75380606, 18318, 4954, 11
19587344, 94967950, 18182, 5049, 11
19365996, 114333946, 18699, 5070, 11
18439725, 132773671, 24661, 6524, 2
19021324, 151794995, 18655, 4812, 11
19695440, 171490435, 18592, 5152, 11
19491428, 190981863, 20640, 4563, 11
19436550, 210418413, 19389, 5166, 11
19452402, 229870815, 19562, 5116, 11
19505777, 249376592, 18685, 5062, 11
18255670, 267632262, 25123, 4319, 11
19367519, 286999781, 19753, 5144, 11
19108779, 306108560, 19073, 4642, 11
19550713, 325659273, 19349, 5105, 11
19698402, 345357675, 19527, 5289, 11
19467806, 364825481, 19803, 5133, 11
19723901, 384549382, 19121, 5116, 11
19572788, 404122170, 18790, 5203, 11
19643904, 423766074, 18784, 5083, 11
19524663, 443290737, 19565, 4801, 11
19549692, 462840429, 19110, 5255, 11
19583286, 482423715, 19197, 5328, 11
11308562, 493732277, 28804, 387, 19
2561084, 496293361, 6774, 315, 5
5658, 496299019, 25, 1, 1
5655, 496304674, 19, 0, 1
6160, 496310834, 16, 0, 1
11771, 496322605, 35, 0, 1
5646, 496328251, 23, 0, 1
5656, 496333907, 18, 0, 1
6173, 496340080, 16, 0, 1
11796, 496351876, 22, 0, 1
5633, 496357509, 19, 0, 1
5658, 496363167, 9, 0, 1
6141, 496369308, 22, 0, 1
11787, 496381095, 33, 0, 1
5658, 496386753, 9, 0, 1
5658, 496392411, 9, 0, 1
6122, 496398533, 24, 0, 1
11777, 496410310, 40, 0, 1
5658, 496415968, 9, 0, 1
5658, 496421626, 10, 0, 1
6143, 496427769, 22, 0, 1
11773, 496439542, 49, 0, 1
5658, 496445200, 10, 0, 1
5655, 496450855, 19, 0, 1
6139, 496456994, 26, 0, 1
13183, 496470177, 126, 1, 1
5658, 496475835, 10, 0, 1
5652, 496481487, 12, 0, 1
6148, 496487635, 21, 0, 1
11735, 496499370, 38, 0, 1
5648, 496505018, 24, 0, 1
5620, 496510638, 21, 0, 1
6147, 496516785, 26, 0, 1
11803, 496528588, 39, 0, 1
5644, 496534232, 23, 0, 1
5658, 496539890, 14, 0, 1
6160, 496546050, 15, 0, 1
11811, 496557861, 62, 0, 1
5658, 496563519, 9, 0, 1
5658, 496569177, 12, 0, 1
6173, 496575350, 18, 0, 1
11783, 496587133, 28, 0, 1
5658, 496592791, 12, 0, 1
5658, 496598449, 9, 0, 1
6140, 496604589, 23, 0, 1
11804, 496616393, 36, 0, 1
6109, 496622502, 26, 0, 1
5658, 496628160, 9, 0, 1
6138, 496634298, 23, 0, 1
11771, 496646069, 47, 0, 1
5639, 496651708, 17, 0, 1
5657, 496657365, 18, 0, 1
6173, 496663538, 16, 0, 1
11787, 496675325, 46, 0, 1
5654, 496680979, 23, 0, 1
5658, 496686637, 8, 0, 1
6140, 496692777, 25, 0, 1
11771, 496704548, 37, 0, 1
5616, 496710164, 18, 0, 1
5658, 496715822, 12, 0, 1
6173, 496721995, 16, 0, 1
11765, 496733760, 31, 0, 1
5621, 496739381, 24, 0, 1
5658, 496745039, 8, 0, 1
6142, 496751181, 19, 0, 1
11818, 496762999, 52, 0, 1
5646, 496768645, 18, 0, 1
5652, 496774297, 23, 0, 1
6160, 496780457, 14, 0, 1
11772, 496792229, 37, 0, 1
5657, 496797886, 13, 1, 1
5658, 496803544, 13, 0, 1
6180, 496809724, 20, 0, 1
16589, 496826313, 305, 7, 1
6362, 496832675, 43, 0, 1
6333, 496839008, 17, 0, 1
7988, 496846996, 48, 2, 1
11767, 496858763, 36, 0, 1
6092, 496864855, 24, 0, 1
6100, 496870955, 32, 0, 1
6110, 496877065, 19, 0, 1
12201, 496889266, 35, 0, 1
6116, 496895382, 17, 0, 1
6096, 496901478, 29, 0, 1
6101, 496907579, 28, 0, 1
12206, 496919785, 45, 0, 1
6092, 496925877, 21, 0, 1
6093, 496931970, 32, 0, 1
6115, 496938085, 27, 0, 1
12231, 496950316, 50, 0, 1
6109, 496956425, 23, 0, 1
6098, 496962523, 20, 0, 1
6115, 496968638, 19, 0, 1
12205, 496980843, 40, 0, 1
6116, 496986959, 17, 0, 1
5658, 496992617, 11, 0, 1
6125, 496998742, 27, 0, 1
12245, 497010987, 31, 0, 1
6092, 497017079, 24, 0, 1
5645, 497022724, 20, 0, 1
6114, 497028838, 23, 0, 1
11789, 497040627, 32, 0, 1
5640, 497046267, 17, 0, 1
5652, 497051919, 24, 0, 1
6173, 497058092, 17, 0, 1
11796, 497069888, 24, 0, 1
5634, 497075522, 20, 0, 1
5658, 497081180, 9, 0, 1
6160, 497087340, 14, 0, 1
11802, 497099142, 45, 0, 1
5652, 497104794, 15, 0, 1
5658, 497110452, 10, 0, 1
6154, 497116606, 20, 0, 1
11778, 497128384, 32, 0, 1
5633, 497134017, 16, 0, 1
5658, 497139675, 10, 0, 1
6137, 497145812, 23, 0, 1
11776, 497157588, 36, 0, 1
5658, 497163246, 12, 0, 1
5652, 497168898, 15, 0, 1
6122, 497175020, 25, 0, 1
11786, 497186806, 33, 0, 1
5633, 497192439, 17, 0, 1
5658, 497198097, 13, 0, 1
15212, 497213309, 352, 21, 1
11812, 497225121, 67, 0, 1
5644, 497230765, 19, 0, 1
7034, 497237799, 40, 0, 1
6148, 497243947, 21, 0, 1
11767, 497255714, 19, 0, 1
5658, 497261372, 10, 0, 1
5658, 497267030, 6, 0, 1
11763, 497278793, 40, 0, 1
6138, 497284931, 14, 0, 1
5628, 497290559, 16, 0, 1
5657, 497296216, 20, 0, 1
11823, 497308039, 34, 0, 1
6114, 497314153, 21, 0, 1
5658, 497319811, 11, 0, 1
5650, 497325461, 19, 0, 1
11818, 497337279, 36, 0, 1
6151, 497343430, 14, 0, 1
5640, 497349070, 14, 0, 1
5646, 497354716, 11, 0, 1
11800, 497366516, 32, 0, 1
6120, 497372636, 18, 0, 1
5632, 497378268, 21, 0, 1
5658, 497383926, 11, 0, 1
12712, 497396638, 99, 20, 1
6138, 497402776, 16, 0, 1
5631, 497408407, 21, 0, 1
5658, 497414065, 12, 0, 1
11797, 497425862, 36, 0, 1
6138, 497432000, 17, 0, 1
5639, 497437639, 17, 0, 1
5652, 497443291, 30, 0, 1
11787, 497455078, 32, 0, 1
6124, 497461202, 28, 0, 1
5646, 497466848, 19, 0, 1
5633, 497472481, 18, 0, 1
11756, 497484237, 36, 0, 1
6139, 497490376, 18, 0, 1
5658, 497496034, 11, 0, 1
5651, 497501685, 21, 0, 1
11806, 497513491, 40, 0, 1
6112, 497519603, 25, 0, 1
5632, 497525235, 26, 0, 1
5658, 497530893, 9, 0, 1
11813, 497542706, 29, 0, 1
6145, 497548851, 17, 0, 1
5651, 497554502, 20, 0, 1
5658, 497560160, 11, 0, 1
11783, 497571943, 44, 0, 1
6164, 497578107, 18, 0, 1
6116, 497584223, 14, 0, 1
5644, 497589867, 22, 0, 1
11791, 497601658, 32, 0, 1
6131, 497607789, 22, 0, 1
7035, 497614824, 34, 0, 1
5649, 497620473, 21, 0, 1
11834, 497632307, 30, 0, 1
6138, 497638445, 16, 0, 1
5658, 497644103, 7, 0, 1
5658, 497649761, 10, 0, 1
11791, 497661552, 35, 0, 1
6138, 497667690, 14, 0, 1
5652, 497673342, 12, 0, 1
5658, 497679000, 10, 0, 1
11788, 497690788, 42, 0, 1
6129, 497696917, 29, 0, 1
5646, 497702563, 20, 0, 1
5638, 497708201, 23, 0, 1
11818, 497720019, 19, 0, 1
6151, 497726170, 12, 0, 1
5658, 497731828, 9, 0, 1
5658, 497737486, 12, 0, 1
11780, 497749266, 38, 0, 1
6125, 497755391, 22, 0, 1
6116, 497761507, 18, 0, 1
5642, 497767149, 24, 0, 1
11766, 497778915, 31, 0, 1
6131, 497785046, 20, 0, 1
5643, 497790689, 23, 0, 1
5652, 497796341, 15, 0, 1
11798, 497808139, 44, 0, 1
6149, 497814288, 26, 0, 1
5658, 497819946, 10, 0, 1
5655, 497825601, 23, 0, 1
11825, 497837426, 43, 0, 1
6138, 497843564, 14, 0, 1
5658, 497849222, 12, 0, 1
5657, 497854879, 17, 0, 1
11797, 497866676, 54, 0, 1
6138, 497872814, 16, 0, 1
5658, 497878472, 12, 0, 1
5652, 497884124, 16, 0, 1
11762, 497895886, 41, 0, 1
6126, 497902012, 32, 0, 1
5658, 497907670, 13, 0, 1
5658, 497913328, 10, 0, 1
11831, 497925159, 27, 0, 1
6126, 497931285, 21, 0, 1
5658, 497936943, 9, 0, 1
5657, 497942600, 14, 0, 1
11807, 497954407, 33, 1, 1
14363, 497968770, 262, 77, 1
5645, 497974415, 36, 0, 1
5658, 497980073, 12, 0, 1
11788, 497991861, 38, 0, 1
7503, 497999364, 36, 0, 1
5657, 498005021, 15, 0, 1
5651, 498010672, 16, 0, 1
11830, 498022502, 38, 0, 1
6138, 498028640, 17, 0, 1
5639, 498034279, 16, 0, 1
5658, 498039937, 10, 0, 1
11795, 498051732, 41, 0, 1
6120, 498057852, 19, 0, 1
5658, 498063510, 10, 0, 1
5644, 498069154, 17, 0, 1
11818, 498080972, 17, 0, 1
6138, 498087110, 14, 0, 1
5658, 498092768, 10, 0, 1
5658, 498098426, 8, 0, 1
11831, 498110257, 23, 0, 1
6138, 498116395, 16, 0, 1
5622, 498122017, 20, 0, 1
5652, 498127669, 14, 0, 1
11800, 498139469, 36, 0, 1
6138, 498145607, 15, 0, 1
5634, 498151241, 14, 0, 1
5652, 498156893, 12, 0, 1
11805, 498168698, 39, 0, 1
6137, 498174835, 19, 0, 1
5632, 498180467, 17, 0, 1
5651, 498186118, 14, 0, 1
11787, 498197905, 28, 0, 1
6151, 498204056, 22, 0, 1
5652, 498209708, 16, 0, 1
5652, 498215360, 14, 0, 1
11780, 498227140, 33, 0, 1
6142, 498233282, 24, 0, 1
5646, 498238928, 14, 0, 1
5652, 498244580, 17, 0, 1
11831, 498256411, 24, 0, 1
6138, 498262549, 19, 0, 1
5640, 498268189, 15, 0, 1
5657, 498273846, 19, 0, 1
11811, 498285657, 34, 0, 1
6158, 498291815, 13, 0, 1
5658, 498297473, 15, 0, 1
5652, 498303125, 15, 0, 1
11817, 498314942, 24, 0, 1
6138, 498321080, 15, 0, 1
5646, 498326726, 12, 0, 1
5658, 498332384, 11, 0, 1
11843, 498344227, 23, 0, 1
6138, 498350365, 16, 0, 1
5646, 498356011, 12, 0, 1
5658, 498361669, 18, 0, 1
13183, 498374852, 43, 0, 1
6138, 498380990, 21, 0, 1
5645, 498386635, 20, 0, 1
5658, 498392293, 12, 0, 1
11807, 498404100, 27, 0, 1
6138, 498410238, 15, 0, 1
5628, 498415866, 16, 0, 1
5658, 498421524, 16, 0, 1
11787, 498433311, 31, 0, 1
6151, 498439462, 18, 0, 1
5658, 498445120, 13, 0, 1
5658, 498450778, 14, 0, 1
11775, 498462553, 49, 0, 1
6143, 498468696, 17, 0, 1
5652, 498474348, 14, 0, 1
5651, 498479999, 15, 0, 1
11813, 498491812, 35, 0, 1
6138, 498497950, 15, 0, 1
5646, 498503596, 20, 0, 1
5658, 498509254, 12, 0, 1
11809, 498521063, 40, 0, 1
6139, 498527202, 20, 0, 1
5658, 498532860, 12, 0, 1
5651, 498538511, 17, 0, 1
11808, 498550319, 37, 0, 1
6138, 498556457, 18, 0, 1
5655, 498562112, 24, 0, 1
5658, 498567770, 15, 0, 1
11813, 498579583, 35, 0, 1
98000, 498677583, 4126, 889, 1
799079, 499476662, 11144, 1376, 5
6440, 499483102, 57, 0, 1
18609, 499501711, 385, 26, 1
6660, 499508371, 47, 0, 1
6723, 499515094, 35, 0, 1
6392, 499521486, 24, 0, 1
14821, 499536307, 120, 7, 1
6117, 499542424, 40, 0, 1
4686692, 4686692, 91102, 3523, 16
14639191, 19325883, 45131, 11068, 20
19145787, 38471670, 17719, 4938, 11
18994604, 57466274, 24673, 5062, 11
19534526, 77000800, 18379, 5053, 11
19484197, 96484997, 18265, 5126, 11
19368795, 115853792, 18686, 4988, 11
18324364, 134178156, 25579, 6708, 2
19109112, 153287268, 18795, 4936, 11
19713807, 173001075, 19319, 4991, 11
19410122, 192411197, 21256, 4652, 11
19417062, 211828259, 20220, 5180, 11
19482076, 231310335, 19717, 5073, 11
19482061, 250792396, 19375, 5075, 11
18256315, 269048711, 25483, 4300, 11
19333253, 288381964, 19658, 5109, 11
19064562, 307446526, 19326, 5004, 11
19647497, 327094023, 18691, 5154, 11
19718365, 346812388, 18766, 5326, 11
19552299, 366364687, 18898, 5185, 11
19731308, 386095995, 18337, 5176, 11
19617816, 405713811, 18521, 5307, 11
19635222, 425349033, 17896, 5064, 11
19607853, 444956886, 19502, 4826, 11
19582178, 464539064, 18580, 5254, 11
19064365, 483603429, 23219, 5125, 11
10760487, 494363916, 23707, 130, 12
1916562, 496280478, 5631, 269, 5
5632, 496286110, 32, 0, 1
5657, 496291767, 17, 0, 1
6131, 496297898, 23, 0, 1
11751, 496309649, 39, 0, 1
5632, 496315281, 19, 0, 1
5628, 496320909, 24, 0, 1
6151, 496327060, 30, 0, 1
11774, 496338834, 38, 0, 1
5651, 496344485, 19, 0, 1
5638, 496350123, 26, 0, 1
6173, 496356296, 16, 0, 1
11750, 496368046, 37, 0, 1
5645, 496373691, 18, 0, 1
5658, 496379349, 12, 0, 1
6160, 496385509, 20, 0, 1
11775, 496397284, 38, 0, 1
5656, 496402940, 25, 0, 1
5658, 496408598, 9, 0, 1
6117, 496414715, 26, 0, 1
11748, 496426463, 30, 0, 1
5652, 496432115, 13, 0, 1
5658, 496437773, 7, 0, 1
6155, 496443928, 20, 0, 1
11763, 496455691, 42, 0, 1
5628, 496461319, 16, 0, 1
5652, 496466971, 20, 0, 1
6147, 496473118, 20, 0, 1
11783, 496484901, 27, 0, 1
5658, 496490559, 10, 0, 1
7029, 496497588, 94, 0, 1
6160, 496503748, 21, 0, 1
11796, 496515544, 25, 0, 1
5639, 496521183, 16, 0, 1
5649, 496526832, 14, 0, 1
6173, 496533005, 18, 0, 1
11779, 496544784, 33, 0, 1
5658, 496550442, 8, 0, 1
5633, 496556075, 23, 0, 1
6160, 496562235, 16, 0, 1
11781, 496574016, 37, 0, 1
5658, 496579674, 11, 0, 1
5628, 496585302, 18, 0, 1
11836, 496597138, 45, 0, 1
6107, 496603245, 27, 0, 1
5657, 496608902, 26, 0, 1
5658, 496614560, 9, 0, 1
11808, 496626368, 41, 0, 1
6151, 496632519, 15, 0, 1
5633, 496638152, 22, 0, 1
5656, 496643808, 18, 0, 1
11817, 496655625, 36, 0, 1
6138, 496661763, 15, 0, 1
5651, 496667414, 21, 0, 1
5658, 496673072, 9, 0, 1
12705, 496685777, 129, 21, 1
6138, 496691915, 18, 0, 1
5646, 496697561, 16, 0, 1
5651, 496703212, 12, 0, 1
11779, 496714991, 39, 0, 1
6127, 496721118, 17, 0, 1
5652, 496726770, 13, 0, 1
5652, 496732422, 13, 0, 1
11774, 496744196, 49, 0, 1
6138, 496750334, 13, 0, 1
5652, 496755986, 14, 0, 1
5658, 496761644, 10, 0, 1
11800, 496773444, 38, 0, 1
6131, 496779575, 21, 0, 1
5652, 496785227, 13, 0, 1
5646, 496790873, 11, 0, 1
12508, 496803381, 73, 0, 1
6612, 496809993, 39, 0, 1
6373, 496816366, 16, 0, 1
6333, 496822699, 17, 0, 1
12244, 496834943, 47, 0, 1
6145, 496841088, 15, 0, 1
6104, 496847192, 20, 0, 1
6098, 496853290, 20, 0, 1
12258, 496865548, 49, 0, 1
6084, 496871632, 26, 0, 1
7493, 496879125, 28, 0, 1
6098, 496885223, 18, 0, 1
12218, 496897441, 47, 0, 1
6098, 496903539, 22, 0, 1
6116, 496909655, 15, 0, 1
6111, 496915766, 23, 0, 1
12215, 496927981, 48, 0, 1
6104, 496934085, 20, 0, 1
6098, 496940183, 22, 0, 1
6109, 496946292, 24, 0, 1
12199, 496958491, 36, 0, 1
6112, 496964603, 24, 0, 1
6116, 496970719, 19, 0, 1
5646, 496976365, 14, 0, 1
12252, 496988617, 36, 0, 1
6116, 496994733, 15, 0, 1
6116, 497000849, 14, 0, 1
5640, 497006489, 18, 0, 1
11799, 497018288, 47, 0, 1
6138, 497024426, 16, 0, 1
5658, 497030084, 8, 0, 1
5657, 497035741, 13, 0, 1
11788, 497047529, 40, 0, 1
6101, 497053630, 21, 0, 1
5652, 497059282, 18, 0, 1
5658, 497064940, 12, 0, 1
11794, 497076734, 40, 0, 1
6130, 497082864, 21, 0, 1
5633, 497088497, 20, 0, 1
5658, 497094155, 11, 0, 1
11808, 497105963, 30, 0, 1
6151, 497112114, 20, 0, 1
5658, 497117772, 11, 0, 1
5658, 497123430, 12, 0, 1
11810, 497135240, 30, 0, 1
6132, 497141372, 18, 0, 1
5658, 497147030, 13, 0, 1
5658, 497152688, 13, 0, 1
11798, 497164486, 34, 0, 1
6138, 497170624, 18, 0, 1
5658, 497176282, 9, 0, 1
5658, 497181940, 9, 0, 1
11790, 497193730, 37, 0, 1
6151, 497199881, 17, 0, 1
5651, 497205532, 20, 0, 1
5658, 497211190, 11, 0, 1
11812, 497223002, 25, 0, 1
6138, 497229140, 13, 0, 1
5658, 497234798, 12, 0, 1
5658, 497240456, 12, 0, 1
11792, 497252248, 32, 0, 1
7509, 497259757, 29, 0, 1
5652, 497265409, 17, 0, 1
5657, 497271066, 12, 0, 1
11786, 497282852, 36, 0, 1
6114, 497288966, 21, 0, 1
5658, 497294624, 11, 0, 1
5651, 497300275, 19, 0, 1
11813, 497312088, 25, 0, 1
6119, 497318207, 22, 0, 1
5634, 497323841, 16, 0, 1
5658, 497329499, 10, 0, 1
11796, 497341295, 36, 0, 1
17698, 497358993, 423, 12, 1
5628, 497364621, 20, 0, 1
5662, 497370283, 19, 0, 1
11791, 497382074, 38, 0, 1
6138, 497388212, 15, 0, 1
5646, 497393858, 18, 0, 1
5651, 497399509, 16, 0, 1
11805, 497411314, 37, 0, 1
6102, 497417416, 25, 0, 1
5658, 497423074, 14, 0, 1
5651, 497428725, 16, 0, 1
11794, 497440519, 34, 0, 1
6151, 497446670, 23, 0, 1
5555, 497452225, 18, 0, 1
5652, 497457877, 14, 0, 1
11810, 497469687, 27, 0, 1
6138, 497475825, 12, 0, 1
5658, 497481483, 9, 0, 1
5658, 497487141, 13, 0, 1
11823, 497498964, 39, 0, 1
6138, 497505102, 21, 0, 1
5658, 497510760, 13, 0, 1
5658, 497516418, 14, 0, 1
11775, 497528193, 39, 0, 1
6138, 497534331, 17, 0, 1
5652, 497539983, 11, 0, 1
5657, 497545640, 11, 0, 1
11825, 497557465, 23, 0, 1
6132, 497563597, 19, 0, 1
5658, 497569255, 14, 0, 1
5658, 497574913, 11, 0, 1
11817, 497586730, 36, 0, 1
6151, 497592881, 24, 0, 1
5646, 497598527, 14, 0, 1
5640, 497604167, 15, 0, 1
11799, 497615966, 32, 0, 1
6138, 497622104, 20, 0, 1
5652, 497627756, 14, 0, 1
5658, 497633414, 16, 0, 1
13194, 497646608, 53, 0, 1
6132, 497652740, 18, 0, 1
5645, 497658385, 18, 0, 1
5651, 497664036, 18, 0, 1
11799, 497675835, 33, 0, 1
6145, 497681980, 18, 0, 1
5651, 497687631, 19, 0, 1
5657, 497693288, 16, 0, 1
11799, 497705087, 36, 0, 1
6132, 497711219, 23, 0, 1
5658, 497716877, 13, 0, 1
5652, 497722529, 16, 0, 1
11844, 497734373, 25, 0, 1
6132, 497740505, 19, 0, 1
5658, 497746163, 13, 0, 1
5658, 497751821, 13, 0, 1
11794, 497763615, 42, 0, 1
6120, 497769735, 19, 0, 1
5658, 497775393, 12, 0, 1
5657, 497781050, 14, 0, 1
11831, 497792881, 22, 0, 1
6132, 497799013, 17, 0, 1
5646, 497804659, 16, 0, 1
5658, 497810317, 12, 0, 1
11786, 497822103, 33, 0, 1
6127, 497828230, 22, 0, 1
5658, 497833888, 15, 0, 1
5658, 497839546, 10, 0, 1
11804, 497851350, 38, 0, 1
6138, 497857488, 19, 0, 1
5652, 497863140, 14, 0, 1
5657, 497868797, 15, 0, 1
11811, 497880608, 42, 0, 1
6132, 497886740, 25, 0, 1
5658, 497892398, 12, 0, 1
5646, 497898044, 14, 0, 1
11818, 497909862, 24, 0, 1
6133, 497915995, 19, 0, 1
5644, 497921639, 18, 0, 1
5658, 497927297, 17, 0, 1
11811, 497939108, 34, 0, 1
6138, 497945246, 17, 0, 1
5652, 497950898, 12, 0, 1
5644, 497956542, 19, 0, 1
11818, 497968360, 33, 0, 1
6138, 497974498, 17, 0, 1
5658, 497980156, 13, 0, 1
5658, 497985814, 12, 0, 1
11814, 497997628, 43, 0, 1
6126, 498003754, 20, 0, 1
5652, 498009406, 12, 0, 1
7035, 498016441, 37, 0, 1
11818, 498028259, 33, 0, 1
6137, 498034396, 20, 0, 1
5658, 498040054, 14, 0, 1
5658, 498045712, 11, 0, 1
11818, 498057530, 20, 0, 1
6151, 498063681, 13, 0, 1
5658, 498069339, 12, 0, 1
5658, 498074997, 12, 0, 1
11786, 498086783, 31, 0, 1
6137, 498092920, 20, 0, 1
5658, 498098578, 9, 0, 1
5658, 498104236, 13, 0, 1
11841, 498116077, 38, 0, 1
6126, 498122203, 19, 0, 1
5658, 498127861, 14, 0, 1
5652, 498133513, 16, 0, 1
11808, 498145321, 35, 0, 1
6151, 498151472, 14, 0, 1
5628, 498157100, 16, 0, 1
5662, 498162762, 17, 0, 1
11806, 498174568, 23, 0, 1
6138, 498180706, 17, 0, 1
5652, 498186358, 16, 0, 1
5657, 498192015, 20, 0, 1
11817, 498203832, 33, 0, 1
6138, 498209970, 20, 0, 1
5652, 498215622, 16, 0, 1
5658, 498221280, 17, 0, 1
11804, 498233084, 31, 0, 1
6138, 498239222, 18, 0, 1
5658, 498244880, 11, 0, 1
5658, 498250538, 10, 0, 1
11831, 498262369, 26, 0, 1
6120, 498268489, 18, 0, 1
5644, 498274133, 22, 0, 1
5658, 498279791, 13, 0, 1
11764, 498291555, 39, 0, 1
6127, 498297682, 23, 0, 1
5658, 498303340, 13, 0, 1
5651, 498308991, 19, 0, 1
11815, 498320806, 40, 0, 1
6133, 498326939, 16, 0, 1
5652, 498332591, 13, 0, 1
5658, 498338249, 14, 0, 1
11816, 498350065, 41, 0, 1
6114, 498356179, 20, 0, 1
5650, 498361829, 18, 0, 1
5652, 498367481, 17, 0, 1
11803, 498379284, 35, 0, 1
6145, 498385429, 20, 0, 1
7035, 498392464, 26, 0, 1
5658, 498398122, 15, 0, 1
11818, 498409940, 18, 0, 1
6138, 498416078, 17, 0, 1
5652, 498421730, 15, 0, 1
5657, 498427387, 15, 0, 1
11817, 498439204, 32, 0, 1
6132, 498445336, 33, 0, 1
5657, 498450993, 18, 0, 1
5658, 498456651, 11, 0, 1
11811, 498468462, 25, 0, 1
6138, 498474600, 20, 0, 1
5652, 498480252, 16, 0, 1
5657, 498485909, 12, 0, 1
11830, 498497739, 36, 0, 1
6131, 498503870, 22, 0, 1
5658, 498509528, 11, 0, 1
5658, 498515186, 13, 0, 1
11810, 498526996, 30, 0, 1
6145, 498533141, 18, 0, 1
5650, 498538791, 20, 0, 1
5658, 498544449, 12, 0, 1
11817, 498556266, 38, 0, 1
6143, 498562409, 20, 0, 1
5651, 498568060, 17, 0, 1
8997, 498577057, 164, 6, 1
904345, 499481402, 15493, 2270, 9
6729, 499488131, 54, 0, 1
6434, 499494565, 30, 0, 1
6684, 499501249, 32, 0, 1
18745, 499519994, 377, 28, 1
6731, 499526725, 37, 0, 1
6671, 499533396, 38, 0, 1
15822, 499549218, 158, 9, 1
2503187, 2503187, 51857, 1633, 4
9093214, 11596401, 77009, 10591, 13
19511041, 31107442, 18030, 5111, 11
18978286, 50085728, 20119, 5009, 11
19381795, 69467523, 20856, 5075, 11
19564199, 89031722, 18958, 5106, 11
19500339, 108532061, 18597, 5086, 11
18797853, 127329914, 24065, 6564, 2
19218614, 146548528, 19255, 4999, 11
19358009, 165906537, 19155, 5068, 11
19417514, 185324051, 20680, 4549, 11
19499352, 204823403, 18952, 5223, 11
19603842, 224427245, 19011, 5172, 11
19380707, 243807952, 20906, 5014, 11
19017689, 262825641, 23770, 4991, 11
19132796, 281958437, 18353, 4574, 11
6889913, 288848350, 6914, 1759, 6
9348049, 298196399, 9868, 2426, 12
19669812, 317866211, 18542, 5081, 11
19683712, 337549923, 18665, 5251, 11
19585483, 357135406, 18566, 5203, 11
19623480, 376758886, 19006, 5178, 11
19691308, 396450194, 18390, 5180, 11
19677087, 416127281, 18185, 5264, 11
19621920, 435749201, 18393, 4801, 11
19586216, 455335417, 19767, 5254, 11
19614326, 474949743, 18812, 5262, 11
16082700, 491032443, 30749, 2573, 7
5738644, 496771087, 11036, 329, 6
12212, 496783299, 372, 2, 1
5621, 496788920, 36, 2, 1
6138, 496795058, 13, 0, 1
5640, 496800698, 15, 0, 1
11831, 496812529, 34, 0, 1
5658, 496818187, 10, 0, 1
6138, 496824325, 12, 0, 1
5658, 496829983, 8, 0, 1
11799, 496841782, 28, 0, 1
5658, 496847440, 9, 0, 1
6145, 496853585, 19, 0, 1
5662, 496859247, 26, 0, 1
11818, 496871065, 22, 0, 1
5638, 496876703, 24, 0, 1
6096, 496882799, 20, 0, 1
5631, 496888430, 22, 0, 1
11801, 496900231, 38, 0, 1
5640, 496905871, 19, 0, 1
6138, 496912009, 18, 0, 1
5646, 496917655, 14, 0, 1
11788, 496929443, 36, 0, 1
5646, 496935089, 20, 0, 1
6131, 496941220, 24, 0, 1
5658, 496946878, 12, 0, 1
11803, 496958681, 51, 0, 1
5658, 496964339, 12, 0, 1
6138, 496970477, 17, 0, 1
5658, 496976135, 12, 0, 1
11793, 496987928, 36, 0, 1
5650, 496993578, 26, 0, 1
6139, 496999717, 23, 0, 1
5632, 497005349, 18, 0, 1
11812, 497017161, 31, 0, 1
5658, 497022819, 12, 0, 1
7512, 497030331, 116, 0, 1
5658, 497035989, 12, 0, 1
11813, 497047802, 29, 0, 1
5650, 497053452, 16, 0, 1
6100, 497059552, 25, 0, 1
5632, 497065184, 19, 0, 1
11806, 497076990, 34, 0, 1
5652, 497082642, 16, 0, 1
6143, 497088785, 22, 0, 1
5638, 497094423, 20, 1, 1
11791, 497106214, 33, 0, 1
5658, 497111872, 8, 0, 1
6114, 497117986, 22, 0, 1
5651, 497123637, 20, 0, 1
11814, 497135451, 34, 0, 1
5659, 497141110, 18, 0, 1
6112, 497147222, 30, 0, 1
5658, 497152880, 12, 0, 1
11790, 497164670, 34, 0, 1
5658, 497170328, 10, 0, 1
6114, 497176442, 21, 0, 1
5640, 497182082, 14, 0, 1
11825, 497193907, 34, 0, 1
5658, 497199565, 12, 0, 1
6136, 497205701, 25, 0, 1
5658, 497211359, 13, 3, 1
11817, 497223176, 30, 0, 1
5651, 497228827, 21, 0, 1
6131, 497234958, 28, 0, 1
5646, 497240604, 14, 0, 1
11807, 497252411, 49, 0, 1
5640, 497258051, 17, 0, 1
6138, 497264189, 16, 0, 1
5620, 497269809, 19, 0, 1
11819, 497281628, 25, 0, 1
5652, 497287280, 16, 0, 1
6137, 497293417, 22, 0, 1
5658, 497299075, 11, 0, 1
12324, 497311399, 73, 0, 1
6321, 497317720, 23, 0, 1
6664, 497324384, 26, 0, 1
6565, 497330949, 29, 0, 1
12441, 497343390, 39, 0, 1
6116, 497349506, 15, 0, 1
6098, 497355604, 17, 0, 1
6116, 497361720, 16, 0, 1
12220, 497373940, 34, 0, 1
6097, 497380037, 28, 0, 1
6123, 497386160, 17, 0, 1
6098, 497392258, 21, 0, 1
12214, 497404472, 39, 0, 1
7490, 497411962, 47, 0, 1
6098, 497418060, 21, 0, 1
6112, 497424172, 31, 0, 1
12214, 497436386, 37, 0, 1
6120, 497442506, 26, 0, 1
6116, 497448622, 22, 0, 1
6116, 497454738, 17, 0, 1
12208, 497466946, 34, 0, 1
5639, 497472585, 22, 0, 1
6151, 497478736, 18, 0, 1
6116, 497484852, 18, 0, 1
11775, 497496627, 35, 0, 1
5658, 497502285, 10, 0, 1
6132, 497508417, 20, 0, 1
5658, 497514075, 11, 0, 1
11810, 497525885, 33, 0, 1
5670, 497531555, 24, 0, 1
6111, 497537666, 28, 0, 1
5658, 497543324, 12, 0, 1
11793, 497555117, 34, 0, 1
5644, 497560761, 25, 0, 1
6151, 497566912, 17, 0, 1
5628, 497572540, 16, 0, 1
11784, 497584324, 39, 0, 1
5658, 497589982, 11, 0, 1
6138, 497596120, 18, 0, 1
5658, 497601778, 14, 0, 1
11844, 497613622, 31, 0, 1
5658, 497619280, 14, 0, 1
6138, 497625418, 18, 0, 1
5656, 497631074, 28, 0, 1
11785, 497642859, 54, 0, 1
5652, 497648511, 15, 0, 1
6138, 497654649, 17, 0, 1
5657, 497660306, 20, 0, 1
11812, 497672118, 33, 0, 1
5657, 497677775, 27, 0, 1
6117, 497683892, 28, 0, 1
5658, 497689550, 12, 0, 1
11800, 497701350, 30, 0, 1
5658, 497707008, 11, 0, 1
6132, 497713140, 21, 0, 1
5647, 497718787, 28, 0, 1
11805, 497730592, 48, 0, 1
5658, 497736250, 12, 0, 1
6124, 497742374, 25, 0, 1
5661, 497748035, 34, 0, 1
11808, 497759843, 36, 0, 1
5658, 497765501, 12, 0, 1
6124, 497771625, 27, 0, 1
5658, 497777283, 13, 0, 1
13168, 497790451, 54, 0, 1
5658, 497796109, 11, 0, 1
6139, 497802248, 20, 0, 1
5634, 497807882, 14, 0, 1
11808, 497819690, 37, 0, 1
5656, 497825346, 21, 0, 1
6125, 497831471, 27, 0, 1
5652, 497837123, 12, 0, 1
23207, 497860330, 396, 9, 1
5644, 497865974, 41, 0, 1
6130, 497872104, 29, 0, 1
5650, 497877754, 18, 0, 1
11805, 497889559, 25, 0, 1
5645, 497895204, 24, 0, 1
6102, 497901306, 26, 0, 1
5654, 497906960, 26, 0, 1
11824, 497918784, 33, 0, 1
5658, 497924442, 8, 0, 1
6118, 497930560, 26, 0, 1
5644, 497936204, 26, 0, 1
11797, 497948001, 38, 0, 1
5657, 497953658, 26, 0, 1
6145, 497959803, 21, 0, 1
5658, 497965461, 10, 0, 1
11812, 497977273, 30, 0, 1
5658, 497982931, 11, 0, 1
6125, 497989056, 24, 0, 1
5633, 497994689, 22, 0, 1
11847, 498006536, 40, 0, 1
5657, 498012193, 21, 0, 1
6132, 498018325, 21, 0, 1
5658, 498023983, 12, 0, 1
11805, 498035788, 34, 0, 1
5658, 498041446, 11, 0, 1
6151, 498047597, 14, 0, 1
5658, 498053255, 12, 0, 1
11800, 498065055, 27, 0, 1
5646, 498070701, 16, 0, 1
6131, 498076832, 20, 0, 1
5658, 498082490, 21, 0, 1
11837, 498094327, 22, 0, 1
5658, 498099985, 11, 0, 1
6126, 498106111, 21, 0, 1
5658, 498111769, 13, 0, 1
11812, 498123581, 21, 0, 1
5658, 498129239, 12, 0, 1
6145, 498135384, 15, 0, 1
11316, 498146700, 18, 0, 1
6167, 498152867, 17, 0, 1
5652, 498158519, 14, 0, 1
6114, 498164633, 23, 0, 1
12674, 498177307, 46, 0, 1
6142, 498183449, 24, 0, 1
5658, 498189107, 13, 0, 1
6145, 498195252, 21, 0, 1
11292, 498206544, 20, 0, 1
6135, 498212679, 26, 0, 1
5658, 498218337, 12, 0, 1
6138, 498224475, 16, 0, 1
11316, 498235791, 17, 0, 1
6153, 498241944, 27, 0, 1
5658, 498247602, 16, 0, 1
6108, 498253710, 20, 0, 1
11297, 498265007, 31, 0, 1
6135, 498271142, 20, 0, 1
5658, 498276800, 13, 0, 1
6151, 498282951, 13, 0, 1
11316, 498294267, 16, 0, 1
6130, 498300397, 19, 0, 1
5658, 498306055, 10, 0, 1
6132, 498312187, 19, 0, 1
11280, 498323467, 22, 0, 1
6136, 498329603, 23, 0, 1
5658, 498335261, 8, 0, 1
6138, 498341399, 16, 0, 1
11297, 498352696, 41, 0, 1
6147, 498358843, 26, 0, 1
5652, 498364495, 16, 0, 1
6138, 498370633, 16, 0, 1
11284, 498381917, 33, 0, 1
6155, 498388072, 23, 0, 1
5652, 498393724, 16, 0, 1
6126, 498399850, 23, 0, 1
11304, 498411154, 24, 0, 1
6153, 498417307, 24, 0, 1
5652, 498422959, 14, 0, 1
6151, 498429110, 17, 0, 1
11288, 498440398, 33, 0, 1
6135, 498446533, 24, 0, 1
5651, 498452184, 16, 0, 1
6126, 498458310, 23, 0, 1
11319, 498469629, 36, 0, 1
6172, 498475801, 17, 0, 1
5658, 498481459, 12, 0, 1
6137, 498487596, 20, 0, 1
11316, 498498912, 17, 0, 1
6160, 498505072, 17, 0, 1
5658, 498510730, 11, 0, 1
6109, 498516839, 21, 0, 1
11287, 498528126, 34, 0, 1
6153, 498534279, 19, 0, 1
5651, 498539930, 15, 0, 1
7515, 498547445, 31, 0, 1
11303, 498558748, 28, 0, 1
6167, 498564915, 17, 0, 1
5652, 498570567, 15, 0, 1
6138, 498576705, 18, 0, 1
11292, 498587997, 21, 0, 1
6130, 498594127, 22, 0, 1
5663, 498599790, 20, 0, 1
6120, 498605910, 20, 0, 1
11297, 498617207, 30, 0, 1
6150, 498623357, 26, 0, 1
5658, 498629015, 13, 0, 1
6120, 498635135, 23, 0, 1
11305, 498646440, 33, 0, 1
6160, 498652600, 17, 0, 1
5658, 498658258, 12, 0, 1
6151, 498664409, 13, 0, 1
11312, 498675721, 22, 0, 1
6159, 498681880, 20, 0, 1
5658, 498687538, 11, 0, 1
6138, 498693676, 21, 0, 1
11316, 498704992, 13, 0, 1
6168, 498711160, 22, 0, 1
5646, 498716806, 14, 0, 1
6138, 498722944, 15, 0, 1
11315, 498734259, 21, 0, 1
6160, 498740419, 15, 0, 1
5658, 498746077, 9, 0, 1
6171, 498752248, 18, 0, 1
11266, 498763514, 32, 0, 1
6160, 498769674, 15, 0, 1
5658, 498775332, 11, 0, 1
6132, 498781464, 24, 0, 1
11316, 498792780, 20, 0, 1
6173, 498798953, 33, 0, 1
6374, 498805327, 32, 0, 1
6618, 498811945, 30, 0, 1
12699, 498824644, 39, 0, 1
6615, 498831259, 29, 0, 1
5652, 498836911, 18, 0, 1
6138, 498843049, 14, 0, 1
11296, 498854345, 31, 0, 1
6159, 498860504, 25, 0, 1
5651, 498866155, 15, 0, 1
6109, 498872264, 23, 0, 1
11304, 498883568, 19, 0, 1
6142, 498889710, 17, 0, 1
5658, 498895368, 11, 0, 1
6151, 498901519, 16, 0, 1
11303, 498912822, 21, 0, 1
6135, 498918957, 23, 0, 1
7034, 498925991, 30, 0, 1
6119, 498932110, 22, 0, 1
11279, 498943389, 35, 0, 1
6173, 498949562, 18, 0, 1
5645, 498955207, 18, 0, 1
6138, 498961345, 21, 0, 1
11298, 498972643, 22, 0, 1
6165, 498978808, 21, 0, 1
5658, 498984466, 13, 0, 1
6151, 498990617, 19, 0, 1
11295, 499001912, 36, 0, 1
6160, 499008072, 17, 0, 1
5658, 499013730, 10, 0, 1
6131, 499019861, 17, 0, 1
11291, 499031152, 34, 0, 1
6155, 499037307, 21, 0, 1
5656, 499042963, 25, 0, 1
6132, 499049095, 20, 0, 1
14655, 499063750, 237, 6, 1
1328615, 500392365, 15398, 2290, 9
6434, 500398799, 60, 1, 1
6662, 500405461, 42, 1, 1
18899, 500424360, 424, 41, 1
6436, 500430796, 28, 0, 1
6650, 500437446, 25, 0, 1
8881, 500446327, 155, 6, 1
12926, 500459253, 62, 0, 1
