0,1,151669920.84,2967176654.3650727
2,151669921.84,176874780.78,2644991375.7880425
6,176874781.78,218135551.71,2131834795.7711167
0,218135552.71,249124064.03,2967176654.3650727
2,249124065.03,3814075926.770001,2644991375.7880425
6,3814075927.770001,3855160660.250001,2131834795.7711167
10,3855160661.250001,3885460407.490001,797661017.4990699
8,3885460408.490001,3903202168.040001,498751948.10867727
1,3903202169.040001,3952494474.120001,1404728713.4590423
10,3952494475.120001,3971986277.7322454,797661017.4990699
6,3971986278.7322454,3983248511.4822454,2131834795.7711167
1,3983248512.4822454,3996424241.7322454,1404728713.4590423
6,3996424242.7322454,4008317431.2322454,2131834795.7711167
10,4008317432.2322454,4008341151.2322454,797661017.4990699
