0,1,151825826.57,2967176654.3650727
2,151825827.57,180664897.45999998,2644991375.7880425
6,180664898.45999998,214033503.95999998,2131834795.7711167
0,214033504.95999998,368629012.09999996,2967176654.3650727
5,368629013.09999996,1027546712.3799999,2889592776.231653
0,1027546713.3799999,2156803945.52,2967176654.3650727
13,2156803946.52,3807772548.5300007,2697371521.4486256
0,3807772549.5300007,3833655557.0200005,2967176654.3650727
6,3833655558.0200005,3878003754.7700005,2131834795.7711167
3,3878003755.7700005,3909058203.6300006,1443023607.5620902
6,3909058204.6300006,3970223373.252689,2131834795.7711167
10,3970223374.252689,3989635192.957817,797661017.4990699
3,3989635193.957817,3996597167.957817,1443023607.5620902
6,3996597168.957817,4042219750.957817,2131834795.7711167
10,4042219751.957817,4071302898.957817,797661017.4990699
