5,1.0,392844616.60999995,3889417319.267523
4,392844617.60999995,422510932.48999995,2021348296.0527227
2,422510933.48999995,473213524.1499999,3036024722.4208217
4,473213525.1499999,487565769.36999995,2021348296.0527227
3,487565770.36999995,519586722.78,1647012626.1522777
2,519586723.78,559750824.3299999,3036024722.4208217
1,559750825.3299999,1296072979.1000001,4437195218.808543
2,1296072980.1000001,1401256083.93,3036024722.4208217
6,1401256084.93,2056070111.2100005,4889939584.3099985
2,2056070112.2100005,2085181041.8700006,3036024722.4208217
4,2085181042.8700006,2107627180.0518188,2021348296.0527227
0,2107627181.0518188,2107631277.0518188,239763616.18792993
