3904652, 3904652, 75365, 2959, 14
11478685, 15383337, 56748, 11649, 20
19517254, 34900591, 17585, 5230, 11
18570239, 53470830, 22869, 5346, 11
19408043, 72878873, 18765, 4993, 11
19519256, 92398129, 17778, 5089, 11
18449798, 110847927, 22901, 6957, 2
18827492, 129675419, 18040, 4814, 11
19305275, 148980694, 18738, 5095, 11
19697655, 168678349, 20177, 5316, 11
19529044, 188207393, 18185, 4884, 11
19402260, 207609653, 18145, 5172, 11
19502616, 227112269, 18708, 5198, 11
18920575, 246032844, 19661, 4708, 11
18867227, 264900071, 23684, 4958, 11
18736440, 283636511, 18821, 4870, 11
19476201, 303112712, 19199, 5119, 11
19646293, 322759005, 18576, 5124, 11
19657551, 342416556, 18523, 5309, 11
19557518, 361974074, 19279, 5252, 11
19691212, 381665286, 19447, 5081, 11
19544893, 401210179, 18908, 5270, 11
19681160, 420891339, 18690, 5257, 11
19671201, 440562540, 18512, 5129, 11
19496745, 460059285, 19812, 5255, 11
19634626, 479693911, 19007, 5306, 11
12979605, 492673516, 29262, 1233, 19
3729456, 496402972, 8172, 390, 6
11791, 496414763, 335, 5, 1
6145, 496420908, 28, 0, 1
5658, 496426566, 17, 0, 1
6132, 496432698, 19, 0, 1
11314, 496444012, 33, 0, 1
6148, 496450160, 28, 0, 1
5652, 496455812, 13, 0, 1
6157, 496461969, 28, 0, 1
11292, 496473261, 23, 0, 1
6150, 496479411, 26, 0, 1
5646, 496485057, 19, 0, 1
6138, 496491195, 17, 0, 1
11284, 496502479, 35, 0, 1
6149, 496508628, 23, 0, 1
5657, 496514285, 14, 0, 1
6120, 496520405, 22, 0, 1
11298, 496531703, 19, 0, 1
6154, 496537857, 19, 0, 1
5657, 496543514, 16, 0, 1
6132, 496549646, 17, 0, 1
11297, 496560943, 35, 0, 1
6143, 496567086, 25, 0, 1
5645, 496572731, 19, 0, 1
6136, 496578867, 29, 0, 1
11305, 496590172, 34, 0, 1
6154, 496596326, 18, 0, 1
5657, 496601983, 16, 0, 1
6151, 496608134, 17, 0, 1
11284, 496619418, 29, 0, 1
6141, 496625559, 22, 0, 1
5652, 496631211, 14, 0, 1
6125, 496637336, 23, 0, 1
11291, 496648627, 35, 0, 1
6180, 496654807, 23, 0, 1
5640, 496660447, 16, 0, 1
6138, 496666585, 17, 0, 1
11303, 496677888, 20, 0, 1
6160, 496684048, 14, 0, 1
5651, 496689699, 13, 0, 1
6139, 496695838, 21, 0, 1
11262, 496707100, 29, 0, 1
6135, 496713235, 21, 0, 1
5622, 496718857, 21, 0, 1
6138, 496724995, 17, 0, 1
11298, 496736293, 30, 1, 1
7526, 496743819, 98, 0, 1
5654, 496749473, 27, 0, 1
6126, 496755599, 25, 0, 1
11286, 496766885, 25, 0, 1
6154, 496773039, 21, 0, 1
5658, 496778697, 16, 0, 1
6132, 496784829, 23, 0, 1
11310, 496796139, 22, 0, 1
6173, 496802312, 16, 0, 1
5658, 496807970, 13, 0, 1
6145, 496814115, 15, 0, 1
11316, 496825431, 18, 0, 1
6118, 496831549, 22, 0, 1
5658, 496837207, 20, 0, 1
6151, 496843358, 21, 0, 1
11309, 496854667, 35, 0, 1
6166, 496860833, 20, 0, 1
5658, 496866491, 15, 0, 1
6132, 496872623, 24, 0, 1
11310, 496883933, 24, 0, 1
6173, 496890106, 18, 0, 1
5658, 496895764, 12, 0, 1
6120, 496901884, 20, 0, 1
11316, 496913200, 20, 0, 1
6160, 496919360, 22, 0, 1
5658, 496925018, 13, 0, 1
6151, 496931169, 19, 0, 1
11316, 496942485, 22, 0, 1
6481, 496948966, 66, 0, 1
6348, 496955314, 29, 0, 1
6666, 496961980, 30, 0, 1
11976, 496973956, 38, 0, 1
6636, 496980592, 22, 0, 1
6116, 496986708, 17, 0, 1
6116, 496992824, 16, 0, 1
12231, 497005055, 40, 0, 1
6110, 497011165, 18, 0, 1
6116, 497017281, 18, 0, 1
6116, 497023397, 18, 0, 1
12246, 497035643, 31, 0, 1
6116, 497041759, 15, 0, 1
6116, 497047875, 18, 0, 1
6116, 497053991, 17, 0, 1
12208, 497066199, 40, 0, 1
6116, 497072315, 16, 0, 1
6129, 497078444, 19, 0, 1
6116, 497084560, 19, 0, 1
12219, 497096779, 37, 0, 1
6110, 497102889, 26, 0, 1
6104, 497108993, 20, 0, 1
6113, 497115106, 31, 0, 1
12692, 497127798, 40, 0, 1
6125, 497133923, 22, 0, 1
6116, 497140039, 19, 0, 1
6116, 497146155, 18, 0, 1
11316, 497157471, 20, 0, 1
6159, 497163630, 18, 0, 1
5657, 497169287, 17, 0, 1
6148, 497175435, 30, 0, 1
11292, 497186727, 24, 0, 1
6159, 497192886, 20, 0, 1
5658, 497198544, 14, 0, 1
6132, 497204676, 19, 0, 1
11268, 497215944, 27, 0, 1
15176, 497231120, 340, 41, 1
5658, 497236778, 23, 0, 1
6138, 497242916, 21, 0, 1
11310, 497254226, 20, 0, 1
6136, 497260362, 25, 0, 1
5652, 497266014, 17, 0, 1
6108, 497272122, 19, 0, 1
11302, 497283424, 33, 0, 1
6160, 497289584, 23, 0, 1
5658, 497295242, 13, 0, 1
6138, 497301380, 14, 0, 1
11316, 497312696, 17, 0, 1
6160, 497318856, 18, 0, 1
5658, 497324514, 8, 0, 1
6151, 497330665, 16, 0, 1
11316, 497341981, 17, 0, 1
6160, 497348141, 16, 0, 1
5657, 497353798, 17, 0, 1
6119, 497359917, 22, 0, 1
11309, 497371226, 30, 0, 1
6173, 497377399, 15, 0, 1
5658, 497383057, 9, 0, 1
6138, 497389195, 18, 0, 1
11297, 497400492, 22, 0, 1
6147, 497406639, 25, 0, 1
5652, 497412291, 11, 0, 1
6158, 497418449, 23, 0, 1
11316, 497429765, 16, 0, 1
6142, 497435907, 22, 0, 1
5658, 497441565, 21, 0, 1
6132, 497447697, 25, 0, 1
11298, 497458995, 22, 0, 1
6161, 497465156, 24, 0, 1
5652, 497470808, 14, 0, 1
11783, 497482591, 37, 0, 1
5646, 497488237, 15, 0, 1
6160, 497494397, 21, 0, 1
5658, 497500055, 12, 0, 1
13173, 497513228, 40, 0, 1
5658, 497518886, 14, 0, 1
6173, 497525059, 20, 0, 1
5658, 497530717, 12, 0, 1
11796, 497542513, 22, 0, 1
5651, 497548164, 16, 0, 1
6153, 497554317, 21, 0, 1
5658, 497559975, 15, 0, 1
11810, 497571785, 28, 0, 1
5652, 497577437, 15, 0, 1
6160, 497583597, 21, 0, 1
5658, 497589255, 12, 0, 1
11752, 497601007, 33, 0, 1
5657, 497606664, 16, 0, 1
6166, 497612830, 20, 0, 1
5652, 497618482, 15, 0, 1
11790, 497630272, 31, 0, 1
5652, 497635924, 14, 0, 1
6123, 497642047, 22, 0, 1
5658, 497647705, 17, 0, 1
11783, 497659488, 37, 0, 1
5656, 497665144, 22, 0, 1
6135, 497671279, 24, 0, 1
5652, 497676931, 16, 0, 1
11763, 497688694, 35, 0, 1
5658, 497694352, 13, 0, 1
6137, 497700489, 22, 0, 1
5658, 497706147, 11, 0, 1
11796, 497717943, 22, 0, 1
5658, 497723601, 14, 0, 1
6148, 497729749, 21, 0, 1
5657, 497735406, 17, 0, 1
11790, 497747196, 23, 0, 1
5658, 497752854, 10, 0, 1
6173, 497759027, 21, 0, 1
5652, 497764679, 14, 0, 1
11790, 497776469, 23, 0, 1
5658, 497782127, 12, 0, 1
6140, 497788267, 25, 0, 1
5658, 497793925, 14, 0, 1
11822, 497805747, 23, 0, 1
5657, 497811404, 17, 0, 1
6148, 497817552, 19, 0, 1
5658, 497823210, 16, 0, 1
11782, 497834992, 44, 0, 1
5658, 497840650, 12, 0, 1
6172, 497846822, 22, 0, 1
5658, 497852480, 16, 0, 1
11796, 497864276, 33, 0, 1
5658, 497869934, 13, 0, 1
6142, 497876076, 26, 0, 1
5657, 497881733, 17, 0, 1
13643, 497895376, 53, 0, 1
5657, 497901033, 16, 0, 1
6118, 497907151, 25, 0, 1
5658, 497912809, 9, 0, 1
11785, 497924594, 40, 0, 1
5652, 497930246, 17, 0, 1
6167, 497936413, 18, 0, 1
5652, 497942065, 12, 0, 1
11784, 497953849, 27, 0, 1
5658, 497959507, 10, 0, 1
6160, 497965667, 16, 0, 1
5658, 497971325, 14, 0, 1
11795, 497983120, 27, 0, 1
5645, 497988765, 18, 0, 1
6155, 497994920, 21, 0, 1
5658, 498000578, 17, 0, 1
11777, 498012355, 31, 0, 1
5651, 498018006, 14, 0, 1
6147, 498024153, 27, 0, 1
5658, 498029811, 15, 0, 1
11809, 498041620, 24, 0, 1
5658, 498047278, 12, 0, 1
6142, 498053420, 21, 0, 1
5640, 498059060, 20, 0, 1
11783, 498070843, 29, 0, 1
5658, 498076501, 17, 0, 1
6172, 498082673, 20, 0, 1
5658, 498088331, 15, 0, 1
11789, 498100120, 32, 0, 1
5645, 498105765, 16, 0, 1
6148, 498111913, 16, 0, 1
5634, 498117547, 20, 0, 1
11809, 498129356, 23, 0, 1
5658, 498135014, 8, 0, 1
6123, 498141137, 27, 0, 1
5652, 498146789, 20, 0, 1
11796, 498158585, 20, 0, 1
5658, 498164243, 17, 0, 1
6167, 498170410, 29, 0, 1
5652, 498176062, 17, 0, 1
11778, 498187840, 29, 0, 1
5658, 498193498, 14, 0, 1
6160, 498199658, 19, 0, 1
5658, 498205316, 14, 0, 1
11796, 498217112, 21, 0, 1
5657, 498222769, 13, 0, 1
6155, 498228924, 21, 0, 1
5635, 498234559, 18, 0, 1
11796, 498246355, 28, 0, 1
5658, 498252013, 15, 0, 1
6154, 498258167, 17, 0, 1
7035, 498265202, 30, 0, 1
11807, 498277009, 31, 0, 1
5652, 498282661, 13, 0, 1
6147, 498288808, 26, 0, 1
5661, 498294469, 33, 0, 1
11797, 498306266, 28, 0, 1
5658, 498311924, 14, 0, 1
6143, 498318067, 23, 0, 1
5658, 498323725, 17, 0, 1
11747, 498335472, 36, 0, 1
5651, 498341123, 19, 0, 1
6160, 498347283, 19, 0, 1
5658, 498352941, 12, 0, 1
11797, 498364738, 37, 0, 1
5658, 498370396, 13, 0, 1
6160, 498376556, 20, 0, 1
5646, 498382202, 16, 0, 1
11772, 498393974, 39, 0, 1
5656, 498399630, 22, 0, 1
6137, 498405767, 20, 0, 1
5646, 498411413, 17, 0, 1
11776, 498423189, 30, 0, 1
5658, 498428847, 12, 0, 1
6112, 498434959, 22, 0, 1
5658, 498440617, 18, 0, 1
11771, 498452388, 37, 0, 1
5652, 498458040, 13, 0, 1
6167, 498464207, 17, 0, 1
5655, 498469862, 22, 0, 1
11790, 498481652, 34, 0, 1
5658, 498487310, 11, 0, 1
6160, 498493470, 15, 0, 1
5658, 498499128, 14, 0, 1
11784, 498510912, 29, 0, 1
5657, 498516569, 22, 0, 1
6148, 498522717, 20, 0, 1
5651, 498528368, 21, 0, 1
11790, 498540158, 30, 0, 1
5652, 498545810, 17, 0, 1
6186, 498551996, 19, 0, 1
5657, 498557653, 17, 0, 1
11772, 498569425, 41, 0, 1
5652, 498575077, 18, 0, 1
6151, 498581228, 28, 0, 1
5652, 498586880, 17, 0, 1
11797, 498598677, 36, 0, 1
5658, 498604335, 12, 0, 1
6154, 498610489, 18, 0, 1
5634, 498616123, 21, 0, 1
11788, 498627911, 43, 0, 1
5645, 498633556, 19, 0, 1
7542, 498641098, 42, 0, 1
5652, 498646750, 20, 0, 1
11790, 498658540, 31, 0, 1
5657, 498664197, 16, 0, 1
6160, 498670357, 15, 0, 1
5651, 498676008, 16, 0, 1
11760, 498687768, 42, 0, 1
5652, 498693420, 15, 0, 1
879462, 499572882, 14800, 2698, 9
8456, 499581338, 809, 14, 1
13440, 499594778, 69, 2, 1
6665, 499601443, 36, 0, 1
6110, 499607553, 28, 0, 1
12291, 499619844, 374, 39, 1
13141, 499632985, 58, 0, 1
6662, 499639647, 23, 0, 1
8251, 499647898, 161, 7, 1
1169564, 1169564, 26566, 931, 5
6151834, 7321398, 85778, 10245, 15
17874995, 25196393, 29058, 6225, 2
19304704, 44501097, 20048, 5158, 11
18862746, 63363843, 20722, 5373, 11
19588763, 82952606, 17619, 5116, 11
19414164, 102366770, 18552, 5241, 11
18881744, 121248514, 23835, 6857, 2
18931361, 140179875, 18650, 4911, 11
19722306, 159902181, 18299, 5127, 11
19169544, 179071725, 21599, 5233, 11
19450300, 198522025, 18926, 4999, 11
19611407, 218133432, 18756, 5316, 11
19518456, 237651888, 18533, 5175, 11
18642162, 256294050, 24712, 4936, 11
19557197, 275851247, 19096, 4987, 11
18751464, 294602711, 19046, 5069, 11
19592312, 314195023, 19422, 5171, 11
19343465, 333538488, 20068, 5087, 11
19605238, 353143726, 18983, 5261, 11
19561565, 372705291, 18919, 5227, 11
19711689, 392416980, 18854, 5092, 11
19532955, 411949935, 19881, 5256, 11
19560745, 431510680, 18831, 5084, 11
19599269, 451109949, 18978, 5314, 11
19607494, 470717443, 19133, 5271, 11
17366318, 488083761, 28296, 3600, 7
8313830, 496397591, 19038, 429, 12
6119, 496403710, 374, 4, 1
5658, 496409368, 18, 0, 1
11765, 496421133, 40, 0, 1
5652, 496426785, 17, 0, 1
6154, 496432939, 22, 0, 1
5659, 496438598, 30, 0, 1
11771, 496450369, 31, 0, 1
5656, 496456025, 25, 0, 1
6130, 496462155, 27, 0, 1
5658, 496467813, 14, 0, 1
11779, 496479592, 48, 0, 1
5657, 496485249, 22, 0, 1
6160, 496491409, 16, 0, 1
5658, 496497067, 9, 0, 1
11796, 496508863, 31, 0, 1
5658, 496514521, 18, 0, 1
6147, 496520668, 26, 0, 1
5658, 496526326, 8, 0, 1
11765, 496538091, 40, 0, 1
5658, 496543749, 9, 0, 1
6139, 496549888, 28, 0, 1
5652, 496555540, 14, 0, 1
11784, 496567324, 28, 0, 1
5658, 496572982, 10, 0, 1
6173, 496579155, 16, 0, 1
5658, 496584813, 9, 0, 1
11790, 496596603, 34, 0, 1
5658, 496602261, 12, 0, 1
6160, 496608421, 17, 0, 1
5652, 496614073, 13, 0, 1
11809, 496625882, 26, 0, 1
5658, 496631540, 12, 0, 1
6160, 496637700, 21, 0, 1
5634, 496643334, 19, 0, 1
11778, 496655112, 29, 0, 1
5658, 496660770, 9, 0, 1
6143, 496666913, 21, 0, 1
5668, 496672581, 19, 0, 1
13106, 496685687, 126, 4, 1
5658, 496691345, 16, 0, 1
6154, 496697499, 19, 0, 1
5652, 496703151, 14, 0, 1
11810, 496714961, 33, 0, 1
5658, 496720619, 7, 0, 1
6136, 496726755, 18, 0, 1
5658, 496732413, 7, 0, 1
11796, 496744209, 21, 0, 1
5658, 496749867, 10, 0, 1
6158, 496756025, 26, 0, 1
5652, 496761677, 14, 0, 1
11766, 496773443, 35, 0, 1
5646, 496779089, 12, 0, 1
6148, 496785237, 18, 0, 1
5658, 496790895, 10, 0, 1
11760, 496802655, 34, 0, 1
5658, 496808313, 7, 0, 1
6143, 496814456, 20, 0, 1
5639, 496820095, 16, 0, 1
11773, 496831868, 38, 0, 1
5658, 496837526, 12, 0, 1
6160, 496843686, 21, 0, 1
5655, 496849341, 19, 0, 1
11809, 496861150, 26, 0, 1
5658, 496866808, 12, 0, 1
6160, 496872968, 14, 0, 1
5657, 496878625, 16, 1, 1
11796, 496890421, 29, 0, 1
5658, 496896079, 15, 0, 1
6173, 496902252, 17, 0, 1
5652, 496907904, 16, 0, 1
11769, 496919673, 33, 1, 1
5637, 496925310, 22, 0, 1
7331, 496932641, 80, 2, 1
6367, 496939008, 43, 0, 1
16479, 496955487, 211, 8, 1
6333, 496961820, 20, 0, 1
6601, 496968421, 21, 0, 1
5658, 496974079, 15, 0, 1
12246, 496986325, 39, 0, 1
6115, 496992440, 21, 0, 1
6127, 496998567, 34, 0, 1
6116, 497004683, 19, 0, 1
12225, 497016908, 44, 0, 1
6073, 497022981, 26, 0, 1
6116, 497029097, 19, 0, 1
6092, 497035189, 16, 0, 1
12207, 497047396, 45, 0, 1
6073, 497053469, 24, 0, 1
6092, 497059561, 25, 0, 1
6116, 497065677, 18, 0, 1
13588, 497079265, 57, 0, 1
6090, 497085355, 33, 0, 1
6116, 497091471, 16, 0, 1
6141, 497097612, 19, 0, 1
12231, 497109843, 36, 0, 1
5644, 497115487, 17, 0, 1
6138, 497121625, 16, 0, 1
6085, 497127710, 27, 0, 1
12213, 497139923, 36, 0, 1
5650, 497145573, 25, 0, 1
6139, 497151712, 19, 0, 1
5651, 497157363, 20, 0, 1
11776, 497169139, 47, 0, 1
5638, 497174777, 26, 0, 1
6147, 497180924, 28, 0, 1
5654, 497186578, 27, 0, 1
11783, 497198361, 50, 0, 1
5647, 497204008, 20, 0, 1
6142, 497210150, 20, 0, 1
5658, 497215808, 14, 0, 1
11754, 497227562, 34, 1, 1
5645, 497233207, 16, 0, 1
17650, 497250857, 407, 15, 1
5650, 497256507, 39, 0, 1
11784, 497268291, 22, 0, 1
5643, 497273934, 22, 0, 1
6160, 497280094, 17, 0, 1
5651, 497285745, 18, 0, 1
11800, 497297545, 35, 0, 1
5648, 497303193, 28, 0, 1
6166, 497309359, 26, 0, 1
5659, 497315018, 29, 0, 1
11796, 497326814, 26, 0, 1
5648, 497332462, 26, 0, 1
6148, 497338610, 20, 0, 1
11796, 497350406, 28, 0, 1
5645, 497356051, 16, 0, 1
5627, 497361678, 26, 0, 1
6160, 497367838, 17, 0, 1
11777, 497379615, 30, 0, 1
5658, 497385273, 11, 0, 1
5652, 497390925, 14, 0, 1
6159, 497397084, 25, 0, 1
11789, 497408873, 33, 0, 1
5627, 497414500, 16, 0, 1
5639, 497420139, 21, 0, 1
6147, 497426286, 24, 0, 1
11778, 497438064, 39, 0, 1
5644, 497443708, 17, 0, 1
5632, 497449340, 20, 0, 1
7537, 497456877, 36, 0, 1
11768, 497468645, 46, 0, 1
5645, 497474290, 18, 0, 1
5657, 497479947, 17, 0, 1
6186, 497486133, 17, 0, 1
11796, 497497929, 56, 2, 1
5616, 497503545, 15, 0, 1
5658, 497509203, 8, 0, 1
6160, 497515363, 15, 0, 1
11775, 497527138, 37, 0, 1
5658, 497532796, 9, 0, 1
5634, 497538430, 17, 0, 1
6173, 497544603, 13, 0, 1
11782, 497556385, 41, 0, 1
5658, 497562043, 10, 0, 1
5646, 497567689, 24, 0, 1
6159, 497573848, 22, 0, 1
11800, 497585648, 43, 0, 1
5651, 497591299, 23, 0, 1
5650, 497596949, 18, 0, 1
6130, 497603079, 22, 0, 1
11793, 497614872, 31, 0, 1
5658, 497620530, 9, 0, 1
5658, 497626188, 10, 0, 1
6173, 497632361, 13, 0, 1
11763, 497644124, 33, 0, 1
5644, 497649768, 15, 0, 1
5654, 497655422, 27, 0, 1
6136, 497661558, 20, 0, 1
11788, 497673346, 51, 0, 1
5652, 497678998, 11, 0, 1
5646, 497684644, 17, 0, 1
6160, 497690804, 15, 0, 1
11778, 497702582, 26, 0, 1
5658, 497708240, 12, 0, 1
5658, 497713898, 11, 0, 1
6161, 497720059, 22, 0, 1
11812, 497731871, 45, 0, 1
5658, 497737529, 11, 0, 1
5658, 497743187, 9, 0, 1
6152, 497749339, 24, 0, 1
11789, 497761128, 32, 0, 1
5658, 497766786, 10, 0, 1
5632, 497772418, 19, 0, 1
6164, 497778582, 27, 0, 1
11778, 497790360, 25, 0, 1
5638, 497795998, 13, 0, 1
5658, 497801656, 9, 0, 1
6160, 497807816, 14, 0, 1
11779, 497819595, 34, 0, 1
5657, 497825252, 24, 0, 1
7029, 497832281, 33, 0, 1
6139, 497838420, 29, 0, 1
11784, 497850204, 32, 0, 1
5640, 497855844, 15, 0, 1
5652, 497861496, 15, 0, 1
6168, 497867664, 18, 0, 1
11777, 497879441, 32, 0, 1
5626, 497885067, 19, 0, 1
5641, 497890708, 22, 0, 1
6160, 497896868, 16, 0, 1
11779, 497908647, 34, 0, 1
5658, 497914305, 8, 0, 1
5657, 497919962, 18, 0, 1
6136, 497926098, 22, 0, 1
11781, 497937879, 41, 0, 1
5658, 497943537, 10, 0, 1
5627, 497949164, 20, 0, 1
6155, 497955319, 21, 0, 1
11734, 497967053, 37, 0, 1
5652, 497972705, 15, 0, 1
5658, 497978363, 8, 0, 1
6142, 497984505, 19, 0, 1
11767, 497996272, 41, 0, 1
5656, 498001928, 20, 0, 1
5658, 498007586, 10, 0, 1
6149, 498013735, 21, 0, 1
11786, 498025521, 35, 0, 1
5649, 498031170, 20, 0, 1
5625, 498036795, 18, 0, 1
6154, 498042949, 16, 0, 1
11809, 498054758, 24, 0, 1
5658, 498060416, 9, 0, 1
5652, 498066068, 13, 0, 1
6123, 498072191, 26, 0, 1
11778, 498083969, 34, 0, 1
5640, 498089609, 18, 0, 1
5645, 498095254, 26, 0, 1
6153, 498101407, 27, 0, 1
11789, 498113196, 37, 0, 1
5636, 498118832, 27, 0, 1
5658, 498124490, 7, 0, 1
6123, 498130613, 21, 0, 1
11801, 498142414, 30, 0, 1
5658, 498148072, 11, 0, 1
5658, 498153730, 8, 0, 1
6149, 498159879, 27, 0, 1
11788, 498171667, 34, 0, 1
5658, 498177325, 10, 0, 1
5658, 498182983, 11, 0, 1
6166, 498189149, 22, 0, 1
11774, 498200923, 39, 0, 1
7016, 498207939, 36, 0, 1
5652, 498213591, 13, 0, 1
6160, 498219751, 16, 0, 1
11782, 498231533, 37, 0, 1
5639, 498237172, 14, 0, 1
5639, 498242811, 21, 0, 1
6186, 498248997, 17, 0, 1
11773, 498260770, 41, 0, 1
5658, 498266428, 12, 0, 1
5658, 498272086, 11, 0, 1
6142, 498278228, 17, 0, 1
11809, 498290037, 47, 0, 1
5658, 498295695, 8, 0, 1
5640, 498301335, 15, 0, 1
6135, 498307470, 20, 0, 1
11769, 498319239, 41, 0, 1
5658, 498324897, 8, 0, 1
5658, 498330555, 8, 0, 1
6135, 498336690, 24, 0, 1
11793, 498348483, 49, 0, 1
5653, 498354136, 22, 0, 1
5652, 498359788, 14, 0, 1
6153, 498365941, 28, 0, 1
11799, 498377740, 48, 0, 1
5651, 498383391, 17, 0, 1
5658, 498389049, 9, 0, 1
6162, 498395211, 29, 0, 1
11796, 498407007, 24, 0, 1
5645, 498412652, 15, 0, 1
5652, 498418304, 21, 0, 1
6161, 498424465, 21, 0, 1
11778, 498436243, 28, 0, 1
5658, 498441901, 10, 0, 1
5664, 498447565, 28, 0, 1
6160, 498453725, 14, 0, 1
11765, 498465490, 35, 0, 1
5652, 498471142, 13, 0, 1
5663, 498476805, 15, 0, 1
6167, 498482972, 18, 0, 1
11777, 498494749, 35, 0, 1
5634, 498500383, 12, 0, 1
5649, 498506032, 17, 0, 1
6128, 498512160, 25, 0, 1
11805, 498523965, 34, 0, 1
5639, 498529604, 19, 0, 1
5656, 498535260, 25, 0, 1
6160, 498541420, 17, 0, 1
11762, 498553182, 42, 0, 1
5658, 498558840, 12, 0, 1
5658, 498564498, 10, 0, 1
6173, 498570671, 16, 0, 1
13165, 498583836, 52, 0, 1
5658, 498589494, 10, 0, 1
5658, 498595152, 8, 0, 1
6142, 498601294, 19, 0, 1
11813, 498613107, 32, 0, 1
5658, 498618765, 13, 0, 1
5652, 498624417, 14, 0, 1
6135, 498630552, 25, 0, 1
11789, 498642341, 29, 0, 1
5658, 498647999, 11, 0, 1
5658, 498653657, 11, 0, 1
14985, 498668642, 160, 18, 1
11776, 498680418, 47, 0, 1
5658, 498686076, 12, 0, 1
5626, 498691702, 20, 0, 1
6160, 498697862, 17, 0, 1
11763, 498709625, 46, 0, 1
5645, 498715270, 17, 0, 1
8995, 498724265, 182, 7, 1
890124, 499614389, 15121, 2657, 9
13106, 499627495, 91, 2, 1
6684, 499634179, 34, 0, 1
12056, 499646235, 370, 36, 1
6649, 499652884, 46, 0, 1
24622, 499677506, 475, 3, 1
7988, 499685494, 143, 8, 1
6602, 499692096, 18, 0, 1
6640, 499698736, 28, 0, 1
1504389, 1504389, 35530, 875, 4
6045794, 7550183, 83805, 11289, 13
18700883, 26251066, 25011, 5475, 11
5466109, 31717175, 5744, 1131, 6
13482711, 45199886, 15609, 3326, 19
19440061, 64639947, 17515, 5111, 11
19537885, 84177832, 17345, 5096, 11
19215324, 103393156, 20405, 5897, 11
18294008, 121687164, 21832, 6103, 2
19418087, 141105251, 18576, 4972, 11
19306698, 160411949, 18170, 5133, 11
19418184, 179830133, 20819, 5158, 11
19577672, 199407805, 18274, 4985, 11
19555507, 218963312, 17998, 5247, 11
19503877, 238467189, 19434, 5171, 11
18728783, 257195972, 24335, 4683, 11
18767041, 275963013, 19381, 4873, 11
19381742, 295344755, 19406, 5231, 11
19299956, 314644711, 19272, 5075, 11
19619321, 334264032, 19953, 5087, 11
19531146, 353795178, 19770, 5294, 11
19495569, 373290747, 18943, 5204, 11
19661411, 392952158, 18968, 5137, 11
19589330, 412541488, 19715, 5315, 11
19539655, 432081143, 19006, 5218, 11
19505767, 451586910, 19353, 5132, 11
19568416, 471155326, 18758, 5280, 11
17524179, 488679505, 29686, 4326, 11
10385098, 499064603, 17461, 132, 12
497990, 499562593, 3043, 367, 1
6103, 499568696, 34, 0, 1
11289, 499579985, 31, 1, 1
6172, 499586157, 25, 0, 1
5651, 499591808, 14, 0, 1
6138, 499597946, 22, 0, 1
11303, 499609249, 37, 2, 1
6148, 499615397, 18, 0, 1
5656, 499621053, 24, 1, 1
14343, 499635396, 274, 82, 1
11316, 499646712, 40, 1, 1
6153, 499652865, 29, 0, 1
5642, 499658507, 29, 0, 1
6120, 499664627, 19, 0, 1
11290, 499675917, 34, 0, 1
6173, 499682090, 17, 0, 1
5651, 499687741, 18, 0, 1
6144, 499693885, 18, 0, 1
11316, 499705201, 16, 0, 1
6160, 499711361, 20, 0, 1
5651, 499717012, 15, 0, 1
6127, 499723139, 20, 0, 1
11316, 499734455, 21, 0, 1
6153, 499740608, 20, 0, 1
5658, 499746266, 11, 0, 1
6138, 499752404, 17, 0, 1
11314, 499763718, 35, 1, 1
6149, 499769867, 26, 0, 1
5658, 499775525, 15, 0, 1
6138, 499781663, 18, 0, 1
11303, 499792966, 29, 0, 1
6148, 499799114, 25, 0, 1
5658, 499804772, 12, 0, 1
6114, 499810886, 21, 0, 1
11307, 499822193, 26, 0, 1
6155, 499828348, 18, 0, 1
5652, 499834000, 15, 0, 1
6132, 499840132, 16, 0, 1
12687, 499852819, 90, 3, 1
6160, 499858979, 22, 0, 1
5634, 499864613, 15, 0, 1
6150, 499870763, 24, 0, 1
11292, 499882055, 35, 0, 1
6159, 499888214, 26, 0, 1
6374, 499894588, 56, 0, 1
6624, 499901212, 36, 0, 1
12694, 499913906, 47, 1, 1
6618, 499920524, 26, 0, 1
5652, 499926176, 16, 0, 1
6139, 499932315, 27, 0, 1
11304, 499943619, 24, 0, 1
6154, 499949773, 18, 0, 1
5658, 499955431, 12, 0, 1
6158, 499961589, 19, 0, 1
11310, 499972899, 21, 0, 1
6154, 499979053, 19, 0, 1
5657, 499984710, 17, 0, 1
6132, 499990842, 16, 0, 1
11316, 500002158, 16, 0, 1
6186, 500008344, 18, 0, 1
5658, 500014002, 12, 0, 1
6131, 500020133, 23, 0, 1
11292, 500031425, 19, 0, 1
6160, 500037585, 17, 0, 1
5658, 500043243, 9, 0, 1
6120, 500049363, 17, 0, 1
11316, 500060679, 13, 0, 1
6179, 500066858, 22, 0, 1
5658, 500072516, 12, 0, 1
6138, 500078654, 17, 0, 1
11316, 500089970, 16, 1, 1
6165, 500096135, 24, 0, 1
6367, 500102502, 24, 0, 1
6637, 500109139, 18, 0, 1
12969, 500122108, 35, 0, 1
6553, 500128661, 28, 1, 1
5652, 500134313, 13, 0, 1
6120, 500140433, 18, 0, 1
12239, 500152672, 30, 0, 1
6116, 500158788, 15, 0, 1
6116, 500164904, 26, 0, 1
6109, 500171013, 24, 0, 1
12230, 500183243, 32, 0, 1
6110, 500189353, 18, 0, 1
6116, 500195469, 16, 0, 1
6097, 500201566, 21, 0, 1
12166, 500213732, 44, 0, 1
6110, 500219842, 20, 0, 1
6116, 500225958, 22, 0, 1
6098, 500232056, 22, 0, 1
13609, 500245665, 40, 0, 1
6105, 500251770, 17, 0, 1
6106, 500257876, 26, 0, 1
6092, 500263968, 19, 0, 1
11768, 500275736, 23, 0, 1
6138, 500281874, 17, 0, 1
6116, 500287990, 21, 0, 1
6110, 500294100, 17, 0, 1
11775, 500305875, 32, 0, 1
6137, 500312012, 17, 0, 1
5658, 500317670, 11, 0, 1
6138, 500323808, 13, 0, 1
11267, 500335075, 24, 0, 1
6160, 500341235, 22, 0, 1
5658, 500346893, 14, 1, 1
6145, 500353038, 21, 0, 1
11316, 500364354, 22, 0, 1
6154, 500370508, 19, 0, 1
5645, 500376153, 20, 0, 1
6132, 500382285, 17, 0, 1
11285, 500393570, 25, 0, 1
6186, 500399756, 14, 0, 1
5658, 500405414, 10, 0, 1
6132, 500411546, 17, 0, 1
11310, 500422856, 18, 0, 1
6160, 500429016, 18, 0, 1
5658, 500434674, 11, 0, 1
17679, 500452353, 404, 16, 1
11316, 500463669, 36, 0, 1
6159, 500469828, 19, 0, 1
5646, 500475474, 19, 0, 1
6138, 500481612, 18, 0, 1
11310, 500492922, 19, 0, 1
6167, 500499089, 19, 0, 1
5652, 500504741, 15, 0, 1
6138, 500510879, 17, 0, 1
11303, 500522182, 33, 0, 1
6148, 500528330, 24, 0, 1
5658, 500533988, 12, 0, 1
6132, 500540120, 20, 0, 1
11307, 500551427, 36, 0, 1
6173, 500557600, 19, 0, 1
5652, 500563252, 21, 0, 1
6132, 500569384, 20, 0, 1
11316, 500580700, 17, 0, 1
6160, 500586860, 15, 0, 1
5652, 500592512, 16, 0, 1
6151, 500598663, 16, 0, 1
11316, 500609979, 17, 0, 1
6160, 500616139, 17, 0, 1
7035, 500623174, 32, 0, 1
6138, 500629312, 18, 0, 1
11316, 500640628, 16, 0, 1
6161, 500646789, 18, 0, 1
5646, 500652435, 14, 0, 1
6132, 500658567, 21, 0, 1
11298, 500669865, 17, 0, 1
6160, 500676025, 18, 0, 1
5658, 500681683, 9, 0, 1
6151, 500687834, 15, 0, 1
11279, 500699113, 28, 0, 1
6153, 500705266, 17, 0, 1
5658, 500710924, 14, 0, 1
6121, 500717045, 19, 0, 1
11303, 500728348, 38, 0, 1
6167, 500734515, 19, 0, 1
5652, 500740167, 15, 0, 1
6138, 500746305, 16, 0, 1
11297, 500757602, 28, 0, 1
6148, 500763750, 20, 0, 1
5652, 500769402, 14, 0, 1
6138, 500775540, 20, 0, 1
11285, 500786825, 27, 0, 1
6169, 500792994, 22, 0, 1
5652, 500798646, 18, 0, 1
6138, 500804784, 14, 0, 1
11310, 500816094, 19, 0, 1
6154, 500822248, 18, 0, 1
5652, 500827900, 14, 0, 1
6151, 500834051, 19, 0, 1
11292, 500845343, 33, 0, 1
6154, 500851497, 18, 0, 1
5657, 500857154, 14, 0, 1
6138, 500863292, 17, 0, 1
11310, 500874602, 29, 0, 1
6173, 500880775, 18, 0, 1
5658, 500886433, 9, 0, 1
6120, 500892553, 19, 0, 1
11302, 500903855, 31, 0, 1
6142, 500909997, 19, 0, 1
5652, 500915649, 18, 0, 1
6151, 500921800, 16, 0, 1
11316, 500933116, 15, 0, 1
6154, 500939270, 16, 0, 1
5658, 500944928, 16, 0, 1
6131, 500951059, 22, 0, 1
11304, 500962363, 23, 0, 1
6125, 500968488, 24, 0, 1
5658, 500974146, 11, 0, 1
6132, 500980278, 18, 0, 1
11298, 500991576, 30, 0, 1
7525, 500999101, 31, 0, 1
5658, 501004759, 12, 0, 1
6126, 501010885, 19, 0, 1
11289, 501022174, 32, 0, 1
6167, 501028341, 19, 0, 1
5652, 501033993, 15, 0, 1
6138, 501040131, 17, 0, 1
11766, 501051897, 44, 0, 1
6132, 501058029, 19, 0, 1
5622, 501063651, 19, 0, 1
6151, 501069802, 16, 0, 1
11316, 501081118, 15, 0, 1
6160, 501087278, 15, 0, 1
5658, 501092936, 13, 0, 1
6132, 501099068, 20, 0, 1
11316, 501110384, 16, 0, 1
6166, 501116550, 18, 0, 1
5658, 501122208, 11, 0, 1
6133, 501128341, 18, 0, 1
11316, 501139657, 20, 0, 1
6159, 501145816, 26, 0, 1
5658, 501151474, 20, 0, 1
6163, 501157637, 24, 0, 1
11316, 501168953, 13, 0, 1
6159, 501175112, 19, 0, 1
5658, 501180770, 10, 0, 1
6138, 501186908, 17, 0, 1
11316, 501198224, 12, 0, 1
6161, 501204385, 20, 0, 1
5658, 501210043, 12, 0, 1
6138, 501216181, 16, 0, 1
11316, 501227497, 14, 0, 1
6160, 501233657, 19, 0, 1
5658, 501239315, 12, 0, 1
11796, 501251111, 22, 0, 1
5658, 501256769, 12, 0, 1
6153, 501262922, 26, 0, 1
5658, 501268580, 14, 0, 1
11796, 501280376, 21, 0, 1
5658, 501286034, 12, 0, 1
6160, 501292194, 14, 0, 1
5658, 501297852, 10, 0, 1
12697, 501310549, 78, 14, 1
5658, 501316207, 10, 0, 1
6141, 501322348, 24, 0, 1
5658, 501328006, 13, 0, 1
11796, 501339802, 20, 0, 1
5658, 501345460, 10, 0, 1
6167, 501351627, 19, 0, 1
5646, 501357273, 14, 0, 1
11773, 501369046, 29, 0, 1
7035, 501376081, 33, 0, 1
6148, 501382229, 20, 0, 1
5658, 501387887, 13, 0, 1
11785, 501399672, 24, 0, 1
5658, 501405330, 14, 0, 1
6160, 501411490, 19, 0, 1
5658, 501417148, 11, 0, 1
11778, 501428926, 36, 0, 1
5652, 501434578, 12, 0, 1
6167, 501440745, 18, 0, 1
5658, 501446403, 11, 0, 1
11784, 501458187, 30, 0, 1
5652, 501463839, 16, 0, 1
6160, 501469999, 23, 0, 1
5658, 501475657, 11, 0, 1
11794, 501487451, 31, 0, 1
5651, 501493102, 17, 0, 1
6173, 501499275, 17, 0, 1
5658, 501504933, 10, 0, 1
11788, 501516721, 29, 0, 1
5646, 501522367, 13, 0, 1
6153, 501528520, 18, 0, 1
5658, 501534178, 13, 0, 1
11819, 501545997, 42, 0, 1
5658, 501551655, 11, 0, 1
6160, 501557815, 15, 0, 1
5658, 501563473, 11, 0, 1
11790, 501575263, 25, 0, 1
5658, 501580921, 12, 0, 1
6178, 501587099, 19, 0, 1
5658, 501592757, 12, 0, 1
11796, 501604553, 24, 0, 1
5658, 501610211, 11, 0, 1
6148, 501616359, 21, 0, 1
5658, 501622017, 15, 0, 1
11803, 501633820, 33, 0, 1
5658, 501639478, 12, 0, 1
6160, 501645638, 13, 0, 1
5647, 501651285, 17, 0, 1
11789, 501663074, 29, 0, 1
5651, 501668725, 20, 0, 1
6167, 501674892, 15, 0, 1
5657, 501680549, 22, 0, 1
11776, 501692325, 27, 0, 1
5658, 501697983, 13, 0, 1
6142, 501704125, 18, 0, 1
5651, 501709776, 15, 0, 1
11796, 501721572, 21, 0, 1
5658, 501727230, 9, 0, 1
6173, 501733403, 15, 0, 1
5658, 501739061, 14, 0, 1
13172, 501752233, 43, 0, 1
5646, 501757879, 14, 0, 1
6154, 501764033, 20, 0, 1
5664, 501769697, 28, 0, 1
11809, 501781506, 30, 0, 1
5658, 501787164, 11, 0, 1
6160, 501793324, 17, 0, 1
5651, 501798975, 16, 0, 1
11789, 501810764, 25, 0, 1
5658, 501816422, 17, 0, 1
6166, 501822588, 20, 0, 1
5658, 501828246, 11, 0, 1
11789, 501840035, 36, 0, 1
5651, 501845686, 17, 0, 1
206762, 502052448, 5167, 1375, 1
704302, 502756750, 10545, 1267, 5
22508, 502779258, 428, 14, 1
6603, 502785861, 46, 0, 1
11922, 502797783, 350, 31, 1
6668, 502804451, 36, 0, 1
13480, 502817931, 65, 0, 1
8257, 502826188, 163, 8, 1
6333, 502832521, 23, 0, 1
3228609, 3228609, 61054, 2473, 14
9640155, 12868764, 67890, 11134, 13
19205628, 32074392, 19197, 5151, 11
19317415, 51391807, 20645, 5177, 11
19433653, 70825460, 19043, 5160, 11
19598180, 90423640, 17811, 5198, 11
19475931, 109899571, 18081, 5084, 11
19568275, 129467846, 18480, 4957, 11
19550743, 149018589, 18987, 5255, 11
19778032, 168796621, 18848, 5226, 11
19623936, 188420557, 18497, 5056, 11
19546278, 207966835, 18436, 5252, 11
19550194, 227517029, 19328, 5206, 11
19566725, 247083754, 18742, 5169, 11
18959524, 266043278, 24055, 4856, 11
19477372, 285520650, 19147, 5218, 11
19613573, 305134223, 19329, 4941, 11
19581113, 324715336, 19054, 5137, 11
19716643, 344431979, 19192, 5306, 11
19452378, 363884357, 19416, 5156, 11
19700594, 383584951, 19515, 5150, 11
19553033, 403137984, 18587, 5215, 11
19659879, 422797863, 18916, 5331, 11
19609125, 442406988, 18804, 5179, 11
19542164, 461949152, 19749, 5282, 11
19547320, 481496472, 19557, 5255, 11
11201161, 492697633, 27927, 668, 12
2807091, 495504724, 6470, 559, 5
11782, 495516506, 372, 11, 1
5658, 495522164, 11, 0, 1
6149, 495528313, 25, 0, 1
5610, 495533923, 21, 0, 1
11750, 495545673, 48, 0, 1
5645, 495551318, 27, 0, 1
6154, 495557472, 20, 0, 1
5657, 495563129, 17, 0, 1
11740, 495574869, 47, 0, 1
5658, 495580527, 10, 0, 1
6160, 495586687, 17, 0, 1
5649, 495592336, 21, 0, 1
11796, 495604132, 28, 0, 1
5625, 495609757, 21, 0, 1
6173, 495615930, 14, 0, 1
5652, 495621582, 16, 0, 1
11800, 495633382, 39, 0, 1
5646, 495639028, 19, 0, 1
6148, 495645176, 24, 0, 1
5657, 495650833, 20, 0, 1
11774, 495662607, 39, 0, 1
5640, 495668247, 23, 0, 1
6173, 495674420, 16, 0, 1
5658, 495680078, 11, 0, 1
11777, 495691855, 39, 0, 1
5632, 495697487, 24, 0, 1
6160, 495703647, 16, 0, 1
5668, 495709315, 22, 0, 1
11793, 495721108, 46, 0, 1
5662, 495726770, 28, 0, 1
6129, 495732899, 23, 0, 1
5658, 495738557, 12, 0, 1
11788, 495750345, 41, 0, 1
5658, 495756003, 11, 0, 1
6174, 495762177, 18, 0, 1
5646, 495767823, 11, 0, 1
11759, 495779582, 37, 1, 1
5658, 495785240, 24, 0, 1
6140, 495791380, 27, 0, 1
5658, 495797038, 12, 0, 1
11809, 495808847, 32, 0, 1
5658, 495814505, 9, 0, 1
6153, 495820658, 29, 0, 1
5658, 495826316, 10, 0, 1
11789, 495838105, 39, 1, 1
5658, 495843763, 7, 0, 1
6130, 495849893, 21, 0, 1
7035, 495856928, 80, 2, 1
11795, 495868723, 40, 0, 1
5658, 495874381, 15, 0, 1
6146, 495880527, 30, 0, 1
5658, 495886185, 14, 0, 1
11775, 495897960, 33, 0, 1
5646, 495903606, 12, 0, 1
6173, 495909779, 19, 0, 1
5651, 495915430, 15, 0, 1
11783, 495927213, 32, 0, 1
5658, 495932871, 10, 0, 1
6154, 495939025, 18, 0, 1
5658, 495944683, 18, 0, 1
11794, 495956477, 35, 0, 1
5658, 495962135, 24, 0, 1
6141, 495968276, 22, 1, 1
5645, 495973921, 20, 0, 1
11785, 495985706, 32, 0, 1
5658, 495991364, 14, 0, 1
6142, 495997506, 26, 0, 1
5658, 496003164, 16, 1, 1
12227, 496015391, 50, 0, 1
5658, 496021049, 11, 0, 1
6138, 496027187, 21, 0, 1
6362, 496033549, 64, 2, 1
15773, 496049322, 300, 11, 1
6333, 496055655, 16, 0, 1
6565, 496062220, 33, 0, 1
5655, 496067875, 23, 0, 1
12221, 496080096, 39, 0, 1
6116, 496086212, 17, 0, 1
6129, 496092341, 19, 0, 1
6114, 496098455, 36, 0, 1
11736, 496110191, 32, 0, 1
6665, 496116856, 27, 0, 1
6575, 496123431, 30, 0, 1
6641, 496130072, 23, 0, 1
13240, 496143312, 40, 0, 1
6921, 496150233, 36, 2, 1
6575, 496156808, 35, 0, 1
6091, 496162899, 26, 0, 1
12212, 496175111, 40, 0, 1
6110, 496181221, 19, 0, 1
6110, 496187331, 23, 0, 1
6133, 496193464, 24, 0, 1
12213, 496205677, 46, 0, 1
6116, 496211793, 18, 0, 1
6120, 496217913, 27, 0, 1
6110, 496224023, 19, 0, 1
12209, 496236232, 46, 0, 1
5654, 496241886, 21, 0, 1
7526, 496249412, 45, 0, 1
5638, 496255050, 23, 0, 1
11772, 496266822, 28, 0, 1
5644, 496272466, 22, 0, 1
6127, 496278593, 26, 0, 1
5691, 496284284, 32, 0, 1
11809, 496296093, 21, 0, 1
5665, 496301758, 29, 0, 1
6146, 496307904, 25, 0, 1
5658, 496313562, 9, 0, 1
11787, 496325349, 33, 0, 1
5642, 496330991, 22, 0, 1
6173, 496337164, 14, 0, 1
5652, 496342816, 16, 0, 1
11794, 496354610, 38, 0, 1
5658, 496360268, 11, 0, 1
6160, 496366428, 17, 0, 1
5655, 496372083, 27, 0, 1
11783, 496383866, 33, 0, 1
5627, 496389493, 25, 0, 1
15211, 496404704, 360, 86, 1
5650, 496410354, 43, 0, 1
11788, 496422142, 30, 0, 1
5658, 496427800, 11, 0, 1
6159, 496433959, 26, 0, 1
5655, 496439614, 25, 0, 1
11809, 496451423, 27, 0, 1
5656, 496457079, 27, 0, 1
6160, 496463239, 14, 0, 1
5658, 496468897, 13, 0, 1
11771, 496480668, 34, 0, 1
5652, 496486320, 14, 0, 1
6161, 496492481, 21, 0, 1
5658, 496498139, 12, 0, 1
11796, 496509935, 20, 0, 1
5658, 496515593, 11, 0, 1
6146, 496521739, 26, 0, 1
5658, 496527397, 12, 0, 1
11822, 496539219, 22, 0, 1
5652, 496544871, 20, 0, 1
6152, 496551023, 25, 0, 1
5658, 496556681, 13, 0, 1
11796, 496568477, 22, 0, 1
5652, 496574129, 14, 0, 1
7043, 496581172, 94, 11, 1
5643, 496586815, 27, 0, 1
11796, 496598611, 21, 0, 1
5657, 496604268, 30, 0, 1
6160, 496610428, 18, 0, 1
5658, 496616086, 11, 0, 1
11770, 496627856, 37, 0, 1
7035, 496634891, 29, 0, 1
6159, 496641050, 24, 0, 1
5650, 496646700, 24, 0, 1
11790, 496658490, 28, 0, 1
5650, 496664140, 19, 0, 1
6139, 496670279, 26, 0, 1
5658, 496675937, 9, 0, 1
11809, 496687746, 22, 0, 1
5658, 496693404, 8, 0, 1
6160, 496699564, 15, 0, 1
5658, 496705222, 10, 0, 1
11796, 496717018, 18, 0, 1
5658, 496722676, 13, 0, 1
6173, 496728849, 15, 0, 1
5640, 496734489, 16, 0, 1
11802, 496746291, 29, 0, 1
5652, 496751943, 13, 0, 1
6160, 496758103, 16, 0, 1
5640, 496763743, 16, 0, 1
11809, 496775552, 15, 0, 1
5658, 496781210, 10, 0, 1
6145, 496787355, 26, 0, 1
11776, 496799131, 30, 0, 1
5627, 496804758, 21, 0, 1
5657, 496810415, 17, 0, 1
6172, 496816587, 21, 0, 1
11795, 496828382, 36, 0, 1
5645, 496834027, 21, 0, 1
5657, 496839684, 26, 0, 1
6147, 496845831, 19, 0, 1
11796, 496857627, 24, 0, 1
5645, 496863272, 28, 0, 1
5644, 496868916, 20, 0, 1
6166, 496875082, 26, 0, 1
11874, 496886956, 39, 0, 1
5640, 496892596, 19, 0, 1
5658, 496898254, 9, 0, 1
6160, 496904414, 18, 0, 1
11806, 496916220, 48, 0, 1
5659, 496921879, 25, 0, 1
5652, 496927531, 12, 0, 1
6160, 496933691, 17, 0, 1
11768, 496945459, 42, 0, 1
5649, 496951108, 19, 0, 1
5649, 496956757, 29, 0, 1
6159, 496962916, 25, 0, 1
11764, 496974680, 25, 0, 1
5656, 496980336, 20, 0, 1
5658, 496985994, 10, 0, 1
6124, 496992118, 23, 0, 1
11784, 497003902, 40, 0, 1
7487, 497011389, 32, 0, 1
5645, 497017034, 17, 0, 1
6138, 497023172, 16, 0, 1
11783, 497034955, 44, 0, 1
5645, 497040600, 17, 0, 1
5652, 497046252, 12, 0, 1
6173, 497052425, 21, 0, 1
11792, 497064217, 42, 0, 1
5628, 497069845, 40, 19, 1
5654, 497075499, 36, 0, 1
6141, 497081640, 21, 0, 1
11800, 497093440, 36, 0, 1
5645, 497099085, 17, 0, 1
5657, 497104742, 19, 0, 1
6149, 497110891, 19, 0, 1
11795, 497122686, 32, 0, 1
5632, 497128318, 18, 0, 1
5657, 497133975, 20, 0, 1
6153, 497140128, 20, 0, 1
20007, 497160135, 281, 91, 1
5658, 497165793, 25, 0, 1
5652, 497171445, 15, 0, 1
6141, 497177586, 20, 0, 1
11769, 497189355, 44, 0, 1
5658, 497195013, 10, 0, 1
5658, 497200671, 11, 0, 1
6172, 497206843, 28, 0, 1
11790, 497218633, 25, 0, 1
5658, 497224291, 12, 0, 1
5657, 497229948, 20, 0, 1
6158, 497236106, 27, 0, 1
11776, 497247882, 35, 0, 1
5633, 497253515, 19, 0, 1
5628, 497259143, 14, 0, 1
6154, 497265297, 19, 0, 1
11781, 497277078, 41, 0, 1
5658, 497282736, 11, 0, 1
5658, 497288394, 14, 0, 1
6186, 497294580, 15, 0, 1
11782, 497306362, 35, 0, 1
5634, 497311996, 18, 0, 1
5658, 497317654, 10, 0, 1
6148, 497323802, 25, 0, 1
11770, 497335572, 42, 0, 1
5652, 497341224, 12, 0, 1
5658, 497346882, 8, 0, 1
6137, 497353019, 24, 0, 1
11771, 497364790, 41, 0, 1
5658, 497370448, 9, 0, 1
5658, 497376106, 14, 0, 1
6160, 497382266, 23, 0, 1
13148, 497395414, 49, 0, 1
5658, 497401072, 13, 0, 1
5658, 497406730, 9, 0, 1
6160, 497412890, 17, 0, 1
11793, 497424683, 37, 0, 1
5658, 497430341, 13, 0, 1
5646, 497435987, 13, 0, 1
6135, 497442122, 21, 0, 1
11777, 497453899, 38, 0, 1
5658, 497459557, 12, 0, 1
5658, 497465215, 8, 0, 1
6128, 497471343, 24, 0, 1
11815, 497483158, 32, 0, 1
5646, 497488804, 12, 0, 1
5645, 497494449, 18, 0, 1
6160, 497500609, 17, 0, 1
11787, 497512396, 42, 0, 1
5668, 497518064, 29, 0, 1
5658, 497523722, 10, 0, 1
6173, 497529895, 15, 0, 1
11787, 497541682, 40, 0, 1
5649, 497547331, 18, 0, 1
5661, 497552992, 29, 0, 1
6160, 497559152, 16, 0, 1
11752, 497570904, 42, 0, 1
5658, 497576562, 13, 0, 1
5667, 497582229, 20, 0, 1
6173, 497588402, 15, 0, 1
11788, 497600190, 25, 0, 1
5634, 497605824, 15, 0, 1
5658, 497611482, 13, 0, 1
6134, 497617616, 23, 0, 1
11782, 497629398, 37, 0, 1
5645, 497635043, 26, 0, 1
5658, 497640701, 8, 0, 1
6160, 497646861, 18, 0, 1
11801, 497658662, 40, 0, 1
5658, 497664320, 13, 0, 1
5639, 497669959, 20, 0, 1
6186, 497676145, 19, 0, 1
11778, 497687923, 33, 0, 1
5651, 497693574, 21, 0, 1
5659, 497699233, 26, 0, 1
6129, 497705362, 21, 0, 1
11790, 497717152, 36, 0, 1
5656, 497722808, 19, 0, 1
5658, 497728466, 11, 0, 1
6130, 497734596, 25, 0, 1
11750, 497746346, 39, 0, 1
5622, 497751968, 19, 0, 1
5658, 497757626, 11, 0, 1
6173, 497763799, 14, 0, 1
13164, 497776963, 52, 1, 1
5642, 497782605, 22, 0, 1
5646, 497788251, 17, 0, 1
6160, 497794411, 16, 0, 1
11760, 497806171, 29, 0, 1
5652, 497811823, 12, 0, 1
5658, 497817481, 9, 0, 1
9496, 497826977, 176, 11, 1
514078, 498341055, 7592, 1753, 5
382733, 498723788, 7825, 982, 5
6733, 498730521, 60, 0, 1
6428, 498736949, 32, 0, 1
18620, 498755569, 416, 49, 1
9581, 498765150, 78, 1, 1
6707, 498771857, 37, 0, 1
6682, 498778539, 26, 0, 1
14861, 498793400, 183, 11, 1
5649, 498799049, 17, 0, 1
4184131, 4184131, 80885, 3511, 16
12458477, 16642608, 54394, 11853, 20
19590271, 36232879, 18088, 5210, 11
18599913, 54832792, 24365, 5427, 11
19450991, 74283783, 18143, 5083, 11
19496051, 93779834, 19312, 5141, 11
19421990, 113201824, 18479, 5081, 11
18176127, 131377951, 24667, 6723, 2
19328849, 150706800, 19317, 5112, 11
19490991, 170197791, 19074, 5153, 11
19274250, 189472041, 21205, 5108, 11
19473656, 208945697, 19954, 5284, 11
19505612, 228451309, 19037, 5138, 11
19435751, 247887060, 20289, 4907, 11
18743480, 266630540, 24197, 4883, 11
18785587, 285416127, 19896, 5013, 11
19333949, 304750076, 19332, 5055, 11
19348447, 324098523, 19183, 5002, 11
19636709, 343735232, 20105, 5302, 11
19503525, 363238757, 19703, 5207, 11
19666507, 382905264, 19310, 5105, 11
19496703, 402401967, 19398, 5192, 11
19659752, 422061719, 19178, 5252, 11
19569253, 441630972, 19871, 5174, 11
19505592, 461136564, 19873, 5286, 11
19609246, 480745810, 19758, 5279, 11
12290302, 493036112, 28964, 938, 19
3371525, 496407637, 8356, 352, 5
5664, 496413301, 37, 1, 1
6138, 496419439, 20, 0, 1
5658, 496425097, 16, 0, 1
11817, 496436914, 34, 0, 1
5658, 496442572, 18, 0, 1
6151, 496448723, 14, 0, 1
5658, 496454381, 10, 0, 1
11811, 496466192, 32, 1, 1
5658, 496471850, 11, 0, 1
6132, 496477982, 20, 0, 1
5658, 496483640, 8, 0, 1
11812, 496495452, 28, 0, 1
5639, 496501091, 16, 0, 1
6137, 496507228, 23, 0, 1
11303, 496518531, 21, 0, 1
6129, 496524660, 22, 0, 1
5657, 496530317, 17, 0, 1
6126, 496536443, 20, 0, 1
11298, 496547741, 32, 0, 1
6167, 496553908, 16, 0, 1
5658, 496559566, 9, 0, 1
6138, 496565704, 21, 0, 1
11316, 496577020, 15, 0, 1
6160, 496583180, 19, 0, 1
5646, 496588826, 13, 0, 1
6133, 496594959, 22, 0, 1
11306, 496606265, 44, 0, 1
6154, 496612419, 18, 0, 1
5652, 496618071, 18, 0, 1
6133, 496624204, 16, 0, 1
11310, 496635514, 21, 1, 1
7061, 496642575, 104, 14, 1
5658, 496648233, 9, 0, 1
7515, 496655748, 90, 7, 1
11316, 496667064, 15, 0, 1
6159, 496673223, 20, 0, 1
5658, 496678881, 10, 0, 1
6164, 496685045, 15, 0, 1
11316, 496696361, 17, 0, 1
6160, 496702521, 18, 0, 1
5658, 496708179, 12, 0, 1
6138, 496714317, 17, 0, 1
11316, 496725633, 21, 0, 1
6148, 496731781, 21, 0, 1
5640, 496737421, 14, 0, 1
6137, 496743558, 21, 0, 1
11316, 496754874, 19, 0, 1
6160, 496761034, 15, 0, 1
5658, 496766692, 9, 0, 1
6138, 496772830, 18, 0, 1
11316, 496784146, 15, 0, 1
6167, 496790313, 19, 0, 1
5639, 496795952, 16, 0, 1
6145, 496802097, 16, 0, 1
11316, 496813413, 18, 0, 1
6160, 496819573, 20, 0, 1
5658, 496825231, 9, 0, 1
6151, 496831382, 13, 0, 1
11316, 496842698, 14, 0, 1
6118, 496848816, 22, 0, 1
5657, 496854473, 20, 0, 1
6138, 496860611, 18, 0, 1
11316, 496871927, 17, 0, 1
6167, 496878094, 15, 0, 1
5658, 496883752, 11, 0, 1
6138, 496889890, 13, 0, 1
11315, 496901205, 33, 0, 1
6140, 496907345, 22, 0, 1
5658, 496913003, 14, 0, 1
6145, 496919148, 20, 0, 1
11316, 496930464, 15, 0, 1
6159, 496936623, 21, 0, 1
6374, 496942997, 53, 0, 1
6624, 496949621, 25, 0, 1
12990, 496962611, 43, 0, 1
6610, 496969221, 31, 0, 1
5658, 496974879, 11, 0, 1
6138, 496981017, 14, 0, 1
12232, 496993249, 29, 0, 1
6116, 496999365, 17, 0, 1
6104, 497005469, 17, 0, 1
6114, 497011583, 29, 0, 1
11781, 497023364, 22, 0, 1
6125, 497029489, 24, 0, 1
7492, 497036981, 41, 3, 1
6098, 497043079, 18, 0, 1
12212, 497055291, 45, 0, 1
6116, 497061407, 15, 0, 1
6142, 497067549, 19, 0, 1
6098, 497073647, 19, 0, 1
12229, 497085876, 40, 0, 1
6109, 497091985, 19, 0, 1
6102, 497098087, 24, 0, 1
6080, 497104167, 24, 0, 1
12239, 497116406, 28, 0, 1
6087, 497122493, 28, 0, 1
6121, 497128614, 20, 0, 1
6110, 497134724, 17, 0, 1
11762, 497146486, 34, 0, 1
6120, 497152606, 24, 0, 1
5658, 497158264, 10, 0, 1
6151, 497164415, 14, 0, 1
11303, 497175718, 33, 0, 1
6160, 497181878, 14, 0, 1
5658, 497187536, 10, 0, 1
6125, 497193661, 22, 0, 1
11310, 497204971, 13, 0, 1
15223, 497220194, 365, 34, 1
5658, 497225852, 29, 0, 1
6138, 497231990, 16, 0, 1
11316, 497243306, 18, 0, 1
6154, 497249460, 18, 0, 1
5658, 497255118, 11, 0, 1
6132, 497261250, 21, 0, 1
11291, 497272541, 29, 0, 1
6167, 497278708, 18, 0, 1
5658, 497284366, 9, 0, 1
6138, 497290504, 14, 0, 1
11310, 497301814, 27, 0, 1
6154, 497307968, 15, 0, 1
5658, 497313626, 9, 0, 1
6151, 497319777, 17, 0, 1
11269, 497331046, 28, 0, 1
6160, 497337206, 16, 0, 1
5645, 497342851, 17, 0, 1
6144, 497348995, 22, 0, 1
11292, 497360287, 37, 0, 1
6167, 497366454, 19, 0, 1
5633, 497372087, 18, 0, 1
6138, 497378225, 16, 0, 1
11316, 497389541, 16, 0, 1
6160, 497395701, 21, 0, 1
5658, 497401359, 7, 0, 1
6151, 497407510, 14, 0, 1
11315, 497418825, 27, 0, 1
7531, 497426356, 38, 0, 1
5658, 497432014, 11, 0, 1
6138, 497438152, 16, 0, 1
11316, 497449468, 16, 0, 1
6168, 497455636, 18, 0, 1
5658, 497461294, 13, 0, 1
6143, 497467437, 21, 0, 1
11315, 497478752, 26, 0, 1
6136, 497484888, 19, 0, 1
5658, 497490546, 10, 0, 1
6132, 497496678, 15, 0, 1
11316, 497507994, 18, 0, 1
6173, 497514167, 17, 0, 1
5658, 497519825, 11, 0, 1
6120, 497525945, 19, 0, 1
11297, 497537242, 29, 0, 1
6154, 497543396, 24, 0, 1
5657, 497549053, 12, 0, 1
6157, 497555210, 17, 0, 1
11316, 497566526, 27, 0, 1
6166, 497572692, 19, 0, 1
5658, 497578350, 13, 0, 1
6114, 497584464, 20, 0, 1
11302, 497595766, 38, 0, 1
6154, 497601920, 24, 0, 1
5658, 497607578, 12, 0, 1
6138, 497613716, 14, 0, 1
11256, 497624972, 31, 0, 1
6160, 497631132, 20, 0, 1
5658, 497636790, 14, 0, 1
6143, 497642933, 27, 0, 1
11310, 497654243, 20, 0, 1
6159, 497660402, 20, 0, 1
5658, 497666060, 13, 0, 1
6138, 497672198, 17, 0, 1
11316, 497683514, 16, 0, 1
6173, 497689687, 18, 0, 1
5658, 497695345, 12, 0, 1
6132, 497701477, 19, 0, 1
11308, 497712785, 29, 0, 1
6130, 497718915, 18, 0, 1
5658, 497724573, 14, 0, 1
6138, 497730711, 16, 0, 1
11304, 497742015, 29, 0, 1
6166, 497748181, 20, 0, 1
5652, 497753833, 16, 0, 1
6132, 497759965, 19, 0, 1
11303, 497771268, 29, 0, 1
6152, 497777420, 21, 0, 1
5658, 497783078, 12, 0, 1
6127, 497789205, 18, 0, 1
12692, 497801897, 40, 0, 1
6130, 497808027, 22, 0, 1
5658, 497813685, 10, 0, 1
6119, 497819804, 24, 1, 1
11315, 497831119, 25, 0, 1
6173, 497837292, 24, 0, 1
5658, 497842950, 9, 0, 1
6138, 497849088, 15, 0, 1
11296, 497860384, 33, 0, 1
6160, 497866544, 19, 0, 1
5658, 497872202, 14, 0, 1
6157, 497878359, 19, 0, 1
11285, 497889644, 34, 0, 1
6160, 497895804, 16, 0, 1
5663, 497901467, 18, 1, 1
6138, 497907605, 16, 0, 1
11308, 497918913, 32, 0, 1
6173, 497925086, 17, 0, 1
5658, 497930744, 12, 0, 1
6138, 497936882, 19, 0, 1
11303, 497948185, 30, 0, 1
6150, 497954335, 26, 0, 1
5658, 497959993, 14, 0, 1
6132, 497966125, 17, 0, 1
11316, 497977441, 17, 0, 1
6153, 497983594, 23, 0, 1
5658, 497989252, 12, 0, 1
6138, 497995390, 19, 0, 1
11316, 498006706, 18, 0, 1
6134, 498012840, 26, 0, 1
5652, 498018492, 19, 0, 1
6151, 498024643, 18, 0, 1
11316, 498035959, 19, 0, 1
6160, 498042119, 19, 0, 1
5658, 498047777, 10, 0, 1
6138, 498053915, 15, 0, 1
11307, 498065222, 32, 0, 1
6148, 498071370, 25, 0, 1
5658, 498077028, 9, 0, 1
6138, 498083166, 13, 0, 1
11315, 498094481, 27, 0, 1
6154, 498100635, 18, 0, 1
5652, 498106287, 13, 0, 1
6151, 498112438, 17, 0, 1
11291, 498123729, 35, 0, 1
6141, 498129870, 25, 0, 1
5652, 498135522, 14, 0, 1
6097, 498141619, 20, 0, 1
11304, 498152923, 15, 0, 1
6142, 498159065, 20, 0, 1
5645, 498164710, 15, 0, 1
6138, 498170848, 14, 0, 1
12674, 498183522, 50, 0, 1
6147, 498189669, 21, 0, 1
5658, 498195327, 8, 0, 1
6138, 498201465, 14, 0, 1
11316, 498212781, 13, 0, 1
6185, 498218966, 21, 0, 1
5658, 498224624, 10, 0, 1
6132, 498230756, 17, 0, 1
11297, 498242053, 34, 0, 1
6154, 498248207, 18, 0, 1
5652, 498253859, 19, 0, 1
6151, 498260010, 16, 0, 1
11316, 498271326, 18, 0, 1
6159, 498277485, 18, 0, 1
5658, 498283143, 14, 0, 1
6145, 498289288, 15, 0, 1
11286, 498300574, 30, 0, 1
6173, 498306747, 17, 0, 1
5658, 498312405, 12, 0, 1
6132, 498318537, 20, 0, 1
11308, 498329845, 35, 0, 1
6148, 498335993, 17, 0, 1
5658, 498341651, 10, 0, 1
6151, 498347802, 14, 0, 1
11316, 498359118, 15, 0, 1
6136, 498365254, 24, 0, 1
5658, 498370912, 10, 0, 1
6102, 498377014, 22, 0, 1
11297, 498388311, 22, 0, 1
6167, 498394478, 16, 0, 1
5658, 498400136, 15, 0, 1
6138, 498406274, 15, 0, 1
11315, 498417589, 26, 0, 1
6159, 498423748, 15, 0, 1
5658, 498429406, 8, 0, 1
6138, 498435544, 17, 0, 1
11297, 498446841, 20, 0, 1
6136, 498452977, 24, 0, 1
5573, 498458550, 17, 0, 1
6108, 498464658, 22, 0, 1
11316, 498475974, 12, 0, 1
6160, 498482134, 20, 0, 1
5640, 498487774, 11, 0, 1
11809, 498499583, 26, 0, 1
5657, 498505240, 14, 0, 1
6154, 498511394, 16, 0, 1
5652, 498517046, 18, 0, 1
11766, 498528812, 29, 0, 1
5658, 498534470, 14, 0, 1
6148, 498540618, 20, 0, 1
5657, 498546275, 15, 0, 1
13131, 498559406, 45, 0, 1
5658, 498565064, 13, 0, 1
6144, 498571208, 27, 0, 1
5658, 498576866, 12, 0, 1
11822, 498588688, 21, 0, 1
5658, 498594346, 8, 0, 1
6159, 498600505, 19, 0, 1
5658, 498606163, 14, 4, 1
11797, 498617960, 24, 0, 1
5657, 498623617, 17, 0, 1
6167, 498629784, 18, 0, 1
5658, 498635442, 10, 0, 1
11745, 498647187, 30, 0, 1
5658, 498652845, 9, 0, 1
6154, 498658999, 18, 0, 1
5658, 498664657, 11, 0, 1
11724, 498676381, 31, 0, 1
5651, 498682032, 18, 0, 1
6182, 498688214, 26, 0, 1
5658, 498693872, 11, 0, 1
916647, 499610519, 15186, 2679, 9
6707, 499617226, 63, 0, 1
6665, 499623891, 36, 0, 1
11901, 499635792, 398, 51, 1
13158, 499648950, 51, 0, 1
6658, 499655608, 24, 0, 1
8281, 499663889, 166, 9, 1
6603, 499670492, 28, 0, 1
13245, 499683737, 49, 0, 1
