0,1,152929555.81,2967176654.3650727
2,152929556.81,178056158.6,2644991375.7880425
6,178056159.6,226841281.35,2131834795.7711167
0,226841282.35,707815715.2999998,2967176654.3650727
2,707815716.2999998,2085417624.7899997,2644991375.7880425
13,2085417625.7899997,2218723404.7200003,2697371521.4486256
2,2218723405.7200003,2245378795.6800003,2644991375.7880425
13,2245378796.6800003,3809871372.9399986,2697371521.4486256
2,3809871373.9399986,3834153435.9999986,2644991375.7880425
6,3834153436.9999986,3872929828.2699986,2131834795.7711167
10,3872929829.2699986,3888117914.3699985,797661017.4990699
7,3888117915.3699985,3896832200.789998,542489602.1879772
10,3896832201.789998,3977664341.0942087,797661017.4990699
