0,1,152593036.99,2967176654.3650727
2,152593037.99,177646503.85000002,2644991375.7880425
6,177646504.85000002,222598273.44000003,2131834795.7711167
0,222598274.44000003,524385138.18,2967176654.3650727
2,524385139.18,2348335848.5699987,2644991375.7880425
13,2348335849.5699987,2374473237.199999,2697371521.4486256
2,2374473238.199999,2452561905.749999,2644991375.7880425
13,2452561906.749999,2530472483.939999,2697371521.4486256
2,2530472484.939999,2556339938.609999,2644991375.7880425
13,2556339939.609999,2608241741.9899993,2697371521.4486256
2,2608241742.9899993,2634073720.4299994,2644991375.7880425
13,2634073721.4299994,2659933447.0399995,2697371521.4486256
2,2659933448.0399995,2711665043.9199996,2644991375.7880425
13,2711665044.9199996,2737512094.9799995,2697371521.4486256
2,2737512095.9799995,2763286257.7799997,2644991375.7880425
13,2763286258.7799997,2814757536.7,2697371521.4486256
2,2814757537.7,2840387632.6699996,2644991375.7880425
13,2840387633.6699996,2891850539.4199996,2697371521.4486256
2,2891850540.4199996,2917450414.9799995,2644991375.7880425
13,2917450415.9799995,2943156434.6999993,2697371521.4486256
2,2943156435.6999993,2994243396.6899996,2644991375.7880425
13,2994243397.6899996,3019935462.99,2697371521.4486256
2,3019935463.99,3071169312.2099996,2644991375.7880425
13,3071169313.2099996,3096781859.2899995,2697371521.4486256
2,3096781860.2899995,3122339886.6499996,2644991375.7880425
13,3122339887.6499996,3147955770.2999997,2697371521.4486256
2,3147955771.2999997,3831807765.0999994,2644991375.7880425
6,3831807766.0999994,3869635712.4399996,2131834795.7711167
10,3869635713.4399996,3885081636.9099994,797661017.4990699
7,3885081637.9099994,3901543516.039999,542489602.1879772
1,3901543517.039999,3940500441.979999,1404728713.4590423
6,3940500442.979999,3955427295.139999,2131834795.7711167
10,3955427296.139999,3986269488.501379,797661017.4990699
