5,1.0,394310389.07,3889417319.267523
4,394310390.07,424479694.55,2021348296.0527227
2,424479695.55,480099387.6,3036024722.4208217
4,480099388.6,496667958.69,2021348296.0527227
3,496667959.69,531414401.5,1647012626.1522777
2,531414402.5,575644750.57,3036024722.4208217
1,575644751.57,1282533522.5300002,4437195218.808543
4,1282533523.5300002,1312848893.2500002,2021348296.0527227
2,1312848894.2500002,1381688938.1000004,3036024722.4208217
6,1381688939.1000004,1996568235.6100006,4889939584.3099985
2,1996568236.6100006,2095069282.5500007,3036024722.4208217
0,2095069283.5500007,2095902233.2540822,239763616.18792993
