2092428, 2092428, 45615, 106, 4
9277437, 11369865, 82635, 1184, 8
19309863, 30679728, 19575, 772, 3
19352830, 50032558, 20331, 629, 3
18975499, 69008057, 20527, 798, 3
19633237, 88641294, 18576, 480, 3
19636822, 108278116, 17925, 644, 3
18811968, 127090084, 24420, 842, 3
19203857, 146293941, 18670, 315, 3
19796551, 166090492, 19046, 497, 3
19360954, 185451446, 20437, 281, 3
19656834, 205108280, 18638, 1041, 3
19743551, 224851831, 18469, 660, 3
19508168, 244359999, 20418, 449, 3
18852264, 263212263, 24365, 802, 3
19453926, 282666189, 19150, 527, 3
18964576, 301630765, 19198, 632, 3
19534783, 321165548, 19465, 543, 3
19725951, 340891499, 20168, 1009, 3
19784177, 360675676, 19173, 500, 3
19793717, 380469393, 19357, 738, 3
19735728, 400205121, 19752, 467, 3
19756539, 419961660, 19088, 795, 3
19804479, 439766139, 19048, 315, 3
19651747, 459417886, 19744, 615, 3
19691231, 479109117, 20023, 1257, 3
13199948, 492309065, 28946, 309, 19
3979895, 496288960, 8103, 12, 6
6129, 496295089, 321, 3, 1
11763, 496306852, 57, 0, 1
5652, 496312504, 21, 0, 1
5657, 496318161, 27, 0, 1
6154, 496324315, 21, 0, 1
11764, 496336079, 46, 0, 1
5651, 496341730, 35, 0, 1
5658, 496347388, 13, 0, 1
6179, 496353567, 31, 0, 1
11783, 496365350, 31, 0, 1
5633, 496370983, 16, 0, 1
5657, 496376640, 20, 0, 1
6160, 496382800, 15, 0, 1
20426, 496403226, 319, 10, 1
5610, 496408836, 47, 0, 1
5650, 496414486, 27, 0, 1
6123, 496420609, 28, 0, 1
11746, 496432355, 47, 0, 1
5663, 496438018, 25, 0, 1
5658, 496443676, 9, 0, 1
6170, 496449846, 29, 0, 1
11790, 496461636, 32, 0, 1
5652, 496467288, 16, 0, 1
5633, 496472921, 22, 0, 1
6160, 496479081, 18, 0, 1
11790, 496490871, 38, 0, 1
5652, 496496523, 15, 0, 1
5638, 496502161, 23, 0, 1
6118, 496508279, 22, 0, 1
11763, 496520042, 38, 0, 1
5651, 496525693, 16, 0, 1
5662, 496531355, 24, 0, 1
6136, 496537491, 25, 0, 1
11765, 496549256, 29, 0, 1
5639, 496554895, 16, 0, 1
5649, 496560544, 28, 0, 1
6160, 496566704, 17, 0, 1
11788, 496578492, 37, 0, 1
5648, 496584140, 22, 0, 1
5658, 496589798, 9, 0, 1
6173, 496595971, 14, 0, 1
11759, 496607730, 40, 0, 1
5627, 496613357, 19, 0, 1
5658, 496619015, 12, 0, 1
6135, 496625150, 28, 0, 1
11782, 496636932, 44, 0, 1
5634, 496642566, 19, 0, 1
5657, 496648223, 19, 0, 1
7531, 496655754, 89, 0, 1
11781, 496667535, 36, 0, 1
5656, 496673191, 24, 0, 1
5658, 496678849, 10, 0, 1
6155, 496685004, 19, 0, 1
11764, 496696768, 35, 0, 1
5627, 496702395, 18, 0, 1
5644, 496708039, 24, 0, 1
6130, 496714169, 21, 0, 1
11772, 496725941, 38, 0, 1
5654, 496731595, 27, 0, 1
5658, 496737253, 10, 0, 1
6152, 496743405, 25, 0, 1
11784, 496755189, 31, 0, 1
5650, 496760839, 30, 0, 1
5658, 496766497, 13, 0, 1
6173, 496772670, 19, 0, 1
11796, 496784466, 32, 0, 1
5646, 496790112, 20, 0, 1
5652, 496795764, 22, 0, 1
6160, 496801924, 18, 0, 1
12311, 496814235, 84, 0, 1
6333, 496820568, 36, 0, 1
5642, 496826210, 17, 0, 1
6698, 496832908, 31, 0, 1
12915, 496845823, 50, 0, 1
5656, 496851479, 18, 0, 1
5658, 496857137, 17, 0, 1
6160, 496863297, 21, 0, 1
11797, 496875094, 33, 0, 1
6116, 496881210, 14, 0, 1
6116, 496887326, 16, 0, 1
6116, 496893442, 19, 0, 1
12232, 496905674, 33, 0, 1
6116, 496911790, 16, 0, 1
6129, 496917919, 20, 0, 1
6116, 496924035, 18, 0, 1
12231, 496936266, 35, 0, 1
6116, 496942382, 23, 0, 1
6104, 496948486, 20, 0, 1
6074, 496954560, 25, 0, 1
11790, 496966350, 36, 0, 1
6103, 496972453, 25, 0, 1
5658, 496978111, 13, 0, 1
6144, 496984255, 19, 0, 1
11782, 496996037, 27, 0, 1
5658, 497001695, 12, 0, 1
5646, 497007341, 14, 0, 1
6166, 497013507, 24, 0, 1
11789, 497025296, 29, 0, 1
5658, 497030954, 12, 0, 1
7029, 497037983, 34, 0, 1
6124, 497044107, 23, 0, 1
11786, 497055893, 35, 0, 1
5658, 497061551, 15, 0, 1
5658, 497067209, 13, 0, 1
6167, 497073376, 19, 0, 1
11765, 497085141, 41, 0, 1
5658, 497090799, 12, 0, 1
5658, 497096457, 11, 0, 1
6118, 497102575, 26, 0, 1
11809, 497114384, 20, 0, 1
5658, 497120042, 10, 0, 1
5658, 497125700, 11, 0, 1
6117, 497131817, 23, 0, 1
11778, 497143595, 33, 0, 1
5658, 497149253, 13, 0, 1
5658, 497154911, 14, 0, 1
20882, 497175793, 325, 1, 1
6120, 497181913, 25, 0, 1
5658, 497187571, 13, 0, 1
5651, 497193222, 18, 0, 1
11800, 497205022, 34, 0, 1
6177, 497211199, 26, 0, 1
5652, 497216851, 12, 0, 1
5658, 497222509, 8, 0, 1
11806, 497234315, 28, 0, 1
6120, 497240435, 20, 0, 1
5658, 497246093, 14, 0, 1
5658, 497251751, 14, 0, 1
11812, 497263563, 33, 0, 1
6138, 497269701, 16, 0, 1
5651, 497275352, 17, 0, 1
5652, 497281004, 10, 0, 1
11775, 497292779, 35, 0, 1
6132, 497298911, 24, 0, 1
5658, 497304569, 14, 0, 1
5658, 497310227, 10, 0, 1
11801, 497322028, 34, 0, 1
6138, 497328166, 16, 0, 1
5640, 497333806, 17, 0, 1
5658, 497339464, 13, 0, 1
11764, 497351228, 36, 0, 1
6145, 497357373, 19, 0, 1
5658, 497363031, 14, 0, 1
5651, 497368682, 21, 0, 1
11800, 497380482, 27, 0, 1
6132, 497386614, 20, 0, 1
5628, 497392242, 20, 0, 1
5646, 497397888, 15, 0, 1
11813, 497409701, 43, 0, 1
6126, 497415827, 24, 0, 1
7029, 497422856, 33, 0, 1
5656, 497428512, 24, 0, 1
11781, 497440293, 32, 0, 1
6144, 497446437, 21, 0, 1
5634, 497452071, 18, 0, 1
5652, 497457723, 16, 0, 1
11799, 497469522, 30, 0, 1
6121, 497475643, 22, 0, 1
5658, 497481301, 13, 0, 1
5658, 497486959, 12, 0, 1
11800, 497498759, 29, 0, 1
6108, 497504867, 20, 0, 1
5658, 497510525, 12, 0, 1
5651, 497516176, 14, 0, 1
11817, 497527993, 36, 0, 1
6138, 497534131, 20, 0, 1
5652, 497539783, 9, 0, 1
5653, 497545436, 17, 0, 1
11831, 497557267, 20, 0, 1
6138, 497563405, 16, 0, 1
5652, 497569057, 16, 0, 1
5658, 497574715, 10, 0, 1
11818, 497586533, 26, 0, 1
6164, 497592697, 16, 0, 1
5652, 497598349, 15, 0, 1
5658, 497604007, 13, 0, 1
11812, 497615819, 27, 0, 1
6138, 497621957, 17, 0, 1
5658, 497627615, 11, 0, 1
5652, 497633267, 14, 0, 1
11817, 497645084, 34, 0, 1
6125, 497651209, 23, 0, 1
5616, 497656825, 16, 0, 1
5646, 497662471, 12, 0, 1
11781, 497674252, 34, 0, 1
6151, 497680403, 19, 0, 1
5652, 497686055, 18, 0, 1
5658, 497691713, 8, 0, 1
11817, 497703530, 37, 0, 1
6132, 497709662, 17, 0, 1
6108, 497715770, 26, 0, 1
5658, 497721428, 14, 0, 1
11807, 497733235, 36, 0, 1
6132, 497739367, 18, 0, 1
5658, 497745025, 11, 0, 1
5658, 497750683, 11, 0, 1
11811, 497762494, 34, 0, 1
6126, 497768620, 17, 0, 1
5658, 497774278, 11, 0, 1
5657, 497779935, 15, 0, 1
11765, 497791700, 33, 0, 1
7508, 497799208, 35, 0, 1
5652, 497804860, 13, 0, 1
5658, 497810518, 10, 0, 1
11812, 497822330, 22, 0, 1
6151, 497828481, 19, 0, 1
5627, 497834108, 17, 0, 1
5658, 497839766, 12, 0, 1
11818, 497851584, 20, 0, 1
6125, 497857709, 25, 0, 1
5658, 497863367, 11, 0, 1
5658, 497869025, 11, 0, 1
11830, 497880855, 31, 0, 1
6126, 497886981, 23, 0, 1
5658, 497892639, 12, 0, 1
5651, 497898290, 15, 0, 1
11800, 497910090, 33, 0, 1
6134, 497916224, 17, 0, 1
5658, 497921882, 12, 0, 1
5663, 497927545, 16, 0, 1
11781, 497939326, 36, 0, 1
6138, 497945464, 18, 0, 1
5658, 497951122, 15, 0, 1
5658, 497956780, 13, 0, 1
11830, 497968610, 36, 0, 1
6138, 497974748, 20, 0, 1
5652, 497980400, 16, 0, 1
5658, 497986058, 14, 0, 1
11775, 497997833, 34, 0, 1
6126, 498003959, 19, 0, 1
5658, 498009617, 13, 0, 1
5657, 498015274, 24, 0, 1
11824, 498027098, 34, 0, 1
6132, 498033230, 18, 0, 1
5658, 498038888, 14, 0, 1
5658, 498044546, 12, 0, 1
11792, 498056338, 45, 0, 1
6151, 498062489, 19, 0, 1
5640, 498068129, 16, 0, 1
5658, 498073787, 14, 0, 1
11770, 498085557, 33, 0, 1
6138, 498091695, 19, 0, 1
5658, 498097353, 12, 0, 1
5652, 498103005, 19, 0, 1
11824, 498114829, 31, 0, 1
6126, 498120955, 19, 0, 1
5658, 498126613, 18, 0, 1
5658, 498132271, 10, 0, 1
11774, 498144045, 38, 0, 1
6151, 498150196, 15, 0, 1
5646, 498155842, 14, 0, 1
5657, 498161499, 17, 0, 1
13177, 498174676, 36, 0, 1
6138, 498180814, 16, 0, 1
5658, 498186472, 12, 0, 1
5658, 498192130, 9, 0, 1
11799, 498203929, 40, 0, 1
6132, 498210061, 25, 0, 1
5658, 498215719, 13, 0, 1
5646, 498221365, 22, 0, 1
11805, 498233170, 39, 0, 1
6132, 498239302, 18, 0, 1
5658, 498244960, 11, 0, 1
5651, 498250611, 19, 0, 1
11818, 498262429, 30, 0, 1
6138, 498268567, 15, 0, 1
5656, 498274223, 19, 0, 1
5658, 498279881, 9, 0, 1
11811, 498291692, 38, 0, 1
6139, 498297831, 21, 0, 1
5658, 498303489, 10, 0, 1
5658, 498309147, 11, 0, 1
11800, 498320947, 29, 0, 1
6132, 498327079, 19, 0, 1
5658, 498332737, 13, 0, 1
5657, 498338394, 16, 0, 1
11832, 498350226, 36, 0, 1
6132, 498356358, 23, 0, 1
5658, 498362016, 11, 0, 1
5657, 498367673, 18, 0, 1
11800, 498379473, 30, 0, 1
6145, 498385618, 22, 0, 1
5652, 498391270, 15, 0, 1
5657, 498396927, 13, 0, 1
11788, 498408715, 28, 0, 1
6131, 498414846, 22, 0, 1
5658, 498420504, 10, 0, 1
5658, 498426162, 12, 0, 1
11831, 498437993, 24, 0, 1
6138, 498444131, 15, 0, 1
5658, 498449789, 13, 0, 1
5645, 498455434, 18, 0, 1
11790, 498467224, 38, 0, 1
6137, 498473361, 26, 0, 1
5658, 498479019, 12, 0, 1
5651, 498484670, 21, 0, 1
11825, 498496495, 49, 0, 1
6126, 498502621, 25, 0, 1
8985, 498511606, 199, 0, 1
887142, 499398748, 14278, 208, 5
13646, 499412394, 648, 0, 1
6397, 499418791, 39, 0, 1
13561, 499432352, 412, 4, 1
6671, 499439023, 36, 0, 1
13909, 499452932, 63, 0, 1
8557, 499461489, 178, 0, 1
6814, 499468303, 40, 0, 1
3579593, 3579593, 69637, 152, 14
12456494, 16036087, 63053, 1341, 8
19602623, 35638710, 17573, 610, 3
19070844, 54709554, 20634, 655, 3
19513666, 74223220, 21434, 793, 3
19645659, 93868879, 19570, 669, 3
19527744, 113396623, 18825, 447, 3
18981518, 132378141, 24433, 1015, 3
19284784, 151662925, 19292, 260, 3
19842156, 171505081, 20140, 626, 3
19314693, 190819774, 21328, 500, 3
19729922, 210549696, 19430, 786, 3
19776474, 230326170, 20400, 560, 3
19615168, 249941338, 20347, 640, 3
18865933, 268807271, 23866, 625, 3
19404474, 288211745, 18816, 760, 3
19016510, 307228255, 19456, 682, 3
19600774, 326829029, 19421, 323, 3
19798379, 346627408, 19553, 1055, 3
19669750, 366297158, 19245, 648, 3
19834659, 386131817, 19639, 526, 3
19686402, 405818219, 19275, 883, 3
19793949, 425612168, 18697, 445, 3
19699435, 445311603, 19649, 478, 3
19689487, 465001090, 19593, 957, 3
18853044, 483854134, 26293, 1140, 3
10643959, 494498093, 19977, 5, 12
1850249, 496348342, 5222, 10, 5
11773, 496360115, 53, 0, 1
6112, 496366227, 31, 0, 1
5652, 496371879, 22, 0, 1
5646, 496377525, 16, 0, 1
11820, 496389345, 36, 0, 1
6138, 496395483, 19, 0, 1
5632, 496401115, 22, 0, 1
5658, 496406773, 12, 0, 1
11798, 496418571, 45, 0, 1
6138, 496424709, 19, 0, 1
5658, 496430367, 12, 0, 1
5649, 496436016, 24, 0, 1
11795, 496447811, 49, 0, 1
6135, 496453946, 38, 0, 1
5653, 496459599, 25, 0, 1
5658, 496465257, 11, 0, 1
11770, 496477027, 43, 0, 1
6120, 496483147, 22, 0, 1
5615, 496488762, 21, 0, 1
5658, 496494420, 18, 0, 1
11799, 496506219, 37, 0, 1
6129, 496512348, 30, 0, 1
5658, 496518006, 13, 0, 1
5615, 496523621, 18, 0, 1
13190, 496536811, 119, 0, 1
6096, 496542907, 24, 0, 1
5658, 496548565, 15, 0, 1
5636, 496554201, 25, 0, 1
11793, 496565994, 50, 0, 1
6124, 496572118, 29, 0, 1
5626, 496577744, 22, 0, 1
5648, 496583392, 26, 0, 1
11756, 496595148, 44, 0, 1
6125, 496601273, 39, 0, 1
5658, 496606931, 14, 0, 1
5649, 496612580, 28, 0, 1
11795, 496624375, 52, 0, 1
6138, 496630513, 16, 0, 1
5658, 496636171, 14, 0, 1
5650, 496641821, 22, 0, 1
11810, 496653631, 38, 0, 1
6132, 496659763, 20, 0, 1
5657, 496665420, 34, 0, 1
5657, 496671077, 21, 0, 1
11812, 496682889, 40, 0, 1
6138, 496689027, 20, 0, 1
5616, 496694643, 21, 0, 1
5658, 496700301, 12, 0, 1
11824, 496712125, 27, 0, 1
6151, 496718276, 15, 0, 1
5632, 496723908, 23, 0, 1
5652, 496729560, 14, 0, 1
11790, 496741350, 35, 0, 1
6131, 496747481, 25, 0, 1
5646, 496753127, 15, 0, 1
5658, 496758785, 13, 0, 1
11817, 496770602, 41, 0, 1
6138, 496776740, 20, 0, 1
5645, 496782385, 21, 0, 1
5652, 496788037, 14, 0, 1
11810, 496799847, 42, 0, 1
6158, 496806005, 22, 0, 1
5652, 496811657, 14, 0, 1
5662, 496817319, 23, 0, 1
11818, 496829137, 35, 0, 1
6120, 496835257, 18, 0, 1
5662, 496840919, 21, 0, 1
5658, 496846577, 11, 0, 1
11799, 496858376, 43, 0, 1
6657, 496865033, 66, 0, 1
6327, 496871360, 25, 0, 1
5649, 496877009, 18, 0, 1
12991, 496890000, 44, 0, 1
6601, 496896601, 22, 0, 1
5620, 496902221, 22, 0, 1
5658, 496907879, 11, 0, 1
13203, 496921082, 64, 0, 1
6138, 496927220, 18, 0, 1
6116, 496933336, 19, 0, 1
6080, 496939416, 25, 0, 1
12239, 496951655, 29, 0, 1
6116, 496957771, 15, 0, 1
6104, 496963875, 25, 0, 1
6101, 496969976, 28, 0, 1
12232, 496982208, 33, 0, 1
6123, 496988331, 18, 0, 1
6086, 496994417, 27, 0, 1
6113, 497000530, 31, 0, 1
11731, 497012261, 44, 0, 1
6138, 497018399, 16, 0, 1
6098, 497024497, 25, 0, 1
5641, 497030138, 25, 0, 1
11764, 497041902, 36, 0, 1
6151, 497048053, 15, 0, 1
5658, 497053711, 12, 0, 1
5658, 497059369, 12, 0, 1
11801, 497071170, 41, 0, 1
6138, 497077308, 18, 0, 1
5658, 497082966, 13, 0, 1
5645, 497088611, 17, 0, 1
11830, 497100441, 26, 0, 1
6138, 497106579, 14, 0, 1
5650, 497112229, 15, 0, 1
5645, 497117874, 17, 0, 1
11793, 497129667, 29, 0, 1
6125, 497135792, 23, 0, 1
5652, 497141444, 17, 0, 1
5657, 497147101, 19, 0, 1
11831, 497158932, 30, 0, 1
6113, 497165045, 26, 0, 1
5651, 497170696, 23, 0, 1
5673, 497176369, 25, 0, 1
11802, 497188171, 44, 0, 1
6134, 497194305, 27, 0, 1
5640, 497199945, 18, 0, 1
5658, 497205603, 13, 0, 1
11796, 497217399, 40, 0, 1
6138, 497223537, 21, 0, 1
5652, 497229189, 17, 0, 1
5644, 497234833, 18, 0, 1
11811, 497246644, 53, 0, 1
6101, 497252745, 22, 0, 1
5640, 497258385, 18, 0, 1
5657, 497264042, 28, 0, 1
11785, 497275827, 37, 0, 1
6151, 497281978, 14, 0, 1
5652, 497287630, 12, 0, 1
7034, 497294664, 26, 0, 1
11817, 497306481, 34, 0, 1
6138, 497312619, 29, 0, 1
5646, 497318265, 13, 0, 1
5644, 497323909, 21, 0, 1
11831, 497335740, 24, 0, 1
6138, 497341878, 20, 0, 1
5658, 497347536, 11, 0, 1
5645, 497353181, 18, 0, 1
11793, 497364974, 38, 0, 1
6138, 497371112, 24, 0, 1
5652, 497376764, 12, 0, 1
5657, 497382421, 15, 0, 1
11794, 497394215, 33, 0, 1
6138, 497400353, 21, 0, 1
5658, 497406011, 12, 0, 1
5652, 497411663, 14, 0, 1
11810, 497423473, 38, 0, 1
6145, 497429618, 24, 0, 1
5652, 497435270, 14, 0, 1
5651, 497440921, 17, 0, 1
11809, 497452730, 38, 0, 1
6138, 497458868, 18, 0, 1
5658, 497464526, 10, 0, 1
17335, 497481861, 405, 0, 1
11824, 497493685, 54, 0, 1
6126, 497499811, 22, 0, 1
5658, 497505469, 10, 0, 1
5658, 497511127, 11, 0, 1
11813, 497522940, 25, 0, 1
6109, 497529049, 22, 0, 1
5628, 497534677, 18, 0, 1
5658, 497540335, 16, 0, 1
11800, 497552135, 41, 0, 1
6138, 497558273, 19, 0, 1
5658, 497563931, 14, 0, 1
5658, 497569589, 11, 0, 1
11801, 497581390, 33, 0, 1
6138, 497587528, 20, 0, 1
5657, 497593185, 21, 0, 1
5658, 497598843, 18, 0, 1
11787, 497610630, 34, 0, 1
6143, 497616773, 21, 0, 1
5652, 497622425, 16, 0, 1
5640, 497628065, 18, 0, 1
11801, 497639866, 38, 0, 1
6137, 497646003, 22, 0, 1
5652, 497651655, 16, 0, 1
5657, 497657312, 22, 0, 1
11794, 497669106, 27, 0, 1
7509, 497676615, 40, 0, 1
5622, 497682237, 16, 0, 1
5658, 497687895, 15, 0, 1
11794, 497699689, 33, 0, 1
6120, 497705809, 19, 0, 1
5656, 497711465, 19, 0, 1
5658, 497717123, 16, 0, 1
11825, 497728948, 23, 0, 1
6145, 497735093, 17, 0, 1
5652, 497740745, 15, 0, 1
5658, 497746403, 21, 0, 1
11763, 497758166, 50, 0, 1
6145, 497764311, 16, 0, 1
6114, 497770425, 31, 0, 1
5658, 497776083, 13, 0, 1
11796, 497787879, 28, 0, 1
6138, 497794017, 16, 0, 1
5658, 497799675, 14, 0, 1
5658, 497805333, 14, 0, 1
11806, 497817139, 41, 0, 1
6138, 497823277, 19, 0, 1
5645, 497828922, 18, 0, 1
5652, 497834574, 15, 0, 1
11789, 497846363, 36, 0, 1
6132, 497852495, 19, 0, 1
5658, 497858153, 17, 0, 1
5656, 497863809, 23, 0, 1
11823, 497875632, 38, 0, 1
6143, 497881775, 22, 0, 1
5645, 497887420, 19, 0, 1
5652, 497893072, 15, 0, 1
11794, 497904866, 37, 0, 1
6138, 497911004, 23, 0, 1
5658, 497916662, 15, 0, 1
5658, 497922320, 11, 0, 1
11782, 497934102, 36, 0, 1
6138, 497940240, 16, 0, 1
5645, 497945885, 16, 0, 1
5658, 497951543, 11, 0, 1
11838, 497963381, 24, 0, 1
6138, 497969519, 20, 0, 1
5640, 497975159, 15, 0, 1
5658, 497980817, 10, 0, 1
11812, 497992629, 25, 0, 1
6145, 497998774, 20, 0, 1
5658, 498004432, 14, 0, 1
5657, 498010089, 23, 0, 1
11805, 498021894, 31, 0, 1
6138, 498028032, 17, 0, 1
5646, 498033678, 22, 0, 1
5652, 498039330, 15, 0, 1
13198, 498052528, 47, 0, 1
6138, 498058666, 18, 0, 1
5658, 498064324, 12, 0, 1
5652, 498069976, 17, 0, 1
11801, 498081777, 43, 0, 1
6126, 498087903, 23, 0, 1
5658, 498093561, 10, 0, 1
5658, 498099219, 12, 0, 1
11811, 498111030, 33, 0, 1
6138, 498117168, 21, 0, 1
5658, 498122826, 10, 0, 1
5658, 498128484, 11, 0, 1
11803, 498140287, 32, 0, 1
14777, 498155064, 278, 5, 1
5658, 498160722, 24, 0, 1
5658, 498166380, 11, 0, 1
11803, 498178183, 36, 0, 1
6136, 498184319, 22, 0, 1
5658, 498189977, 14, 0, 1
5658, 498195635, 8, 0, 1
11831, 498207466, 23, 0, 1
6137, 498213603, 17, 0, 1
5652, 498219255, 12, 0, 1
5652, 498224907, 14, 0, 1
11812, 498236719, 24, 0, 1
6151, 498242870, 17, 0, 1
5646, 498248516, 15, 0, 1
5657, 498254173, 18, 0, 1
11818, 498265991, 17, 0, 1
6138, 498272129, 17, 0, 1
5658, 498277787, 14, 0, 1
11819, 498289606, 23, 0, 1
5657, 498295263, 19, 0, 1
6138, 498301401, 16, 0, 1
5658, 498307059, 12, 0, 1
11817, 498318876, 29, 0, 1
5658, 498324534, 12, 0, 1
6102, 498330636, 21, 0, 1
5658, 498336294, 12, 0, 1
11831, 498348125, 31, 0, 1
5657, 498353782, 17, 0, 1
6127, 498359909, 19, 0, 1
5634, 498365543, 14, 0, 1
11809, 498377352, 33, 0, 1
5657, 498383009, 15, 0, 1
6151, 498389160, 16, 0, 1
5646, 498394806, 19, 0, 1
11812, 498406618, 31, 0, 1
5658, 498412276, 11, 0, 1
6138, 498418414, 14, 0, 1
5658, 498424072, 10, 0, 1
13196, 498437268, 54, 0, 1
5658, 498442926, 14, 0, 1
6119, 498449045, 22, 0, 1
5658, 498454703, 11, 0, 1
11790, 498466493, 38, 0, 1
5646, 498472139, 19, 0, 1
6146, 498478285, 17, 0, 1
5645, 498483930, 17, 0, 1
11792, 498495722, 30, 0, 1
5652, 498501374, 14, 0, 1
6132, 498507506, 22, 0, 1
5651, 498513157, 15, 0, 1
11805, 498524962, 42, 0, 1
5657, 498530619, 18, 0, 1
6138, 498536757, 17, 0, 1
5640, 498542397, 15, 0, 1
11804, 498554201, 28, 0, 1
5658, 498559859, 10, 0, 1
6132, 498565991, 23, 0, 1
5656, 498571647, 22, 0, 1
11800, 498583447, 42, 0, 1
5652, 498589099, 16, 0, 1
895788, 499484887, 14643, 278, 5
7893, 499492780, 650, 0, 1
13740, 499506520, 67, 0, 1
12041, 499518561, 387, 3, 1
6684, 499525245, 36, 0, 1
6751, 499531996, 27, 0, 1
14672, 499546668, 164, 2, 1
6333, 499553001, 17, 0, 1
6663, 499559664, 29, 0, 1
4371085, 4371085, 86281, 290, 16
14924675, 19295760, 50956, 1257, 8
19450392, 38746152, 18510, 859, 3
19015454, 57761606, 24698, 409, 3
19639511, 77401117, 19126, 747, 3
19663766, 97064883, 19190, 614, 3
19361153, 116426036, 22140, 526, 3
18739674, 135165710, 23733, 738, 3
19379844, 154545554, 19494, 209, 3
19820830, 174366384, 19045, 719, 3
19531484, 193897868, 22756, 598, 3
19613975, 213511843, 19787, 801, 3
19712128, 233223971, 19872, 600, 3
19469331, 252693302, 19815, 714, 3
18350604, 271043906, 26381, 480, 3
19443781, 290487687, 19947, 748, 3
19459386, 309947073, 19758, 873, 3
19802110, 329749183, 19829, 412, 3
19769932, 349519115, 20922, 854, 3
19723859, 369242974, 19843, 676, 3
19804721, 389047695, 19905, 521, 3
19759725, 408807420, 19878, 795, 3
19723979, 428531399, 20425, 469, 3
19786830, 448318229, 20051, 490, 3
19737002, 468055231, 19735, 1115, 3
17671362, 485726593, 29501, 903, 3
10159996, 495886589, 17635, 9, 12
439265, 496325854, 2796, 3, 1
5646, 496331500, 37, 0, 1
7035, 496338535, 94, 0, 1
11794, 496350329, 55, 0, 1
6164, 496356493, 17, 0, 1
5639, 496362132, 14, 0, 1
5644, 496367776, 24, 0, 1
11782, 496379558, 39, 0, 1
6120, 496385678, 27, 0, 1
5658, 496391336, 13, 0, 1
5658, 496396994, 13, 0, 1
11807, 496408801, 56, 0, 1
6125, 496414926, 22, 0, 1
5610, 496420536, 15, 0, 1
5646, 496426182, 13, 0, 1
11767, 496437949, 48, 0, 1
6145, 496444094, 17, 0, 1
5658, 496449752, 11, 0, 1
5658, 496455410, 13, 0, 1
11815, 496467225, 54, 0, 1
6124, 496473349, 34, 0, 1
5646, 496478995, 15, 0, 1
5658, 496484653, 10, 0, 1
11794, 496496447, 35, 0, 1
6133, 496502580, 23, 0, 1
5658, 496508238, 15, 0, 1
5652, 496513890, 14, 0, 1
11802, 496525692, 47, 0, 1
6138, 496531830, 18, 0, 1
5657, 496537487, 16, 0, 1
5656, 496543143, 28, 0, 1
11814, 496554957, 43, 0, 1
6138, 496561095, 15, 0, 1
5652, 496566747, 15, 0, 1
5645, 496572392, 18, 0, 1
11791, 496584183, 35, 0, 1
6142, 496590325, 36, 0, 1
5627, 496595952, 20, 0, 1
5637, 496601589, 27, 0, 1
11779, 496613368, 50, 0, 1
6127, 496619495, 28, 0, 1
5644, 496625139, 29, 0, 1
5649, 496630788, 28, 0, 1
11788, 496642576, 39, 0, 1
6125, 496648701, 36, 0, 1
5645, 496654346, 18, 0, 1
5652, 496659998, 15, 0, 1
11766, 496671764, 63, 0, 1
6133, 496677897, 30, 0, 1
5652, 496683549, 22, 0, 1
5643, 496689192, 23, 0, 1
11856, 496701048, 44, 0, 1
6138, 496707186, 20, 0, 1
7023, 496714209, 34, 0, 1
5643, 496719852, 24, 0, 1
11794, 496731646, 56, 0, 1
6164, 496737810, 15, 0, 1
5643, 496743453, 24, 0, 1
5658, 496749111, 12, 0, 1
11800, 496760911, 27, 0, 1
6138, 496767049, 18, 0, 1
5649, 496772698, 19, 0, 1
5658, 496778356, 28, 0, 1
11819, 496790175, 26, 0, 1
6096, 496796271, 27, 0, 1
5652, 496801923, 17, 0, 1
5658, 496807581, 13, 0, 1
11818, 496819399, 29, 0, 1
6113, 496825512, 26, 0, 1
5652, 496831164, 18, 0, 1
5652, 496836816, 24, 0, 1
13023, 496849839, 106, 0, 1
6664, 496856503, 25, 0, 1
6297, 496862800, 25, 0, 1
5649, 496868449, 15, 0, 1
12282, 496880731, 32, 0, 1
6102, 496886833, 23, 0, 1
6116, 496892949, 23, 0, 1
5640, 496898589, 19, 0, 1
12224, 496910813, 41, 0, 1
6097, 496916910, 27, 0, 1
6120, 496923030, 32, 0, 1
6098, 496929128, 24, 0, 1
12221, 496941349, 50, 0, 1
6100, 496947449, 31, 0, 1
6117, 496953566, 35, 0, 1
6116, 496959682, 16, 0, 1
12188, 496971870, 47, 0, 1
6104, 496977974, 18, 0, 1
6103, 496984077, 23, 0, 1
5640, 496989717, 14, 0, 1
11762, 497001479, 33, 0, 1
6125, 497007604, 19, 0, 1
5648, 497013252, 22, 0, 1
5650, 497018902, 22, 0, 1
11825, 497030727, 35, 0, 1
6135, 497036862, 26, 0, 1
5652, 497042514, 15, 0, 1
5658, 497048172, 10, 0, 1
11787, 497059959, 31, 0, 1
6127, 497066086, 23, 0, 1
5658, 497071744, 15, 0, 1
5658, 497077402, 15, 0, 1
11805, 497089207, 39, 0, 1
7493, 497096700, 41, 0, 1
5658, 497102358, 13, 0, 1
5658, 497108016, 11, 0, 1
12559, 497120575, 46, 0, 1
8469, 497129044, 222, 0, 1
6331, 497135375, 46, 0, 1
6327, 497141702, 19, 0, 1
12285, 497153987, 49, 0, 1
6138, 497160125, 16, 0, 1
5634, 497165759, 19, 0, 1
5658, 497171417, 16, 0, 1
11806, 497183223, 35, 0, 1
6145, 497189368, 18, 0, 1
5633, 497195001, 19, 0, 1
5646, 497200647, 25, 0, 1
11778, 497212425, 54, 0, 1
6135, 497218560, 33, 0, 1
5628, 497224188, 22, 0, 1
5658, 497229846, 11, 0, 1
11818, 497241664, 36, 0, 1
6138, 497247802, 15, 0, 1
5656, 497253458, 18, 0, 1
5656, 497259114, 18, 0, 1
11812, 497270926, 31, 0, 1
6114, 497277040, 21, 0, 1
5651, 497282691, 15, 0, 1
5658, 497288349, 11, 0, 1
11761, 497300110, 40, 0, 1
6114, 497306224, 24, 0, 1
5645, 497311869, 20, 0, 1
5658, 497317527, 11, 0, 1
11816, 497329343, 37, 0, 1
6138, 497335481, 18, 0, 1
5640, 497341121, 14, 0, 1
5651, 497346772, 21, 0, 1
11831, 497358603, 23, 0, 1
6114, 497364717, 23, 0, 1
5610, 497370327, 21, 0, 1
5651, 497375978, 21, 0, 1
11799, 497387777, 41, 0, 1
6114, 497393891, 20, 0, 1
5631, 497399522, 24, 0, 1
5621, 497405143, 24, 0, 1
11825, 497416968, 38, 0, 1
6138, 497423106, 17, 0, 1
5658, 497428764, 13, 0, 1
5652, 497434416, 14, 0, 1
11804, 497446220, 34, 0, 1
6151, 497452371, 18, 0, 1
5630, 497458001, 23, 0, 1
5656, 497463657, 27, 0, 1
13187, 497476844, 56, 0, 1
6138, 497482982, 16, 0, 1
5644, 497488626, 20, 0, 1
5620, 497494246, 21, 0, 1
11847, 497506093, 45, 0, 1
6138, 497512231, 17, 0, 1
5632, 497517863, 23, 0, 1
5645, 497523508, 26, 0, 1
11806, 497535314, 28, 0, 1
6144, 497541458, 23, 0, 1
5658, 497547116, 15, 0, 1
5658, 497552774, 11, 0, 1
11800, 497564574, 32, 0, 1
6138, 497570712, 16, 0, 1
5657, 497576369, 20, 0, 1
5644, 497582013, 18, 0, 1
20876, 497602889, 362, 1, 1
6124, 497609013, 36, 0, 1
5644, 497614657, 28, 0, 1
5658, 497620315, 13, 0, 1
11808, 497632123, 38, 0, 1
6138, 497638261, 16, 0, 1
5652, 497643913, 11, 0, 1
5650, 497649563, 25, 0, 1
11810, 497661373, 32, 0, 1
6125, 497667498, 24, 0, 1
5652, 497673150, 14, 0, 1
5640, 497678790, 27, 0, 1
11818, 497690608, 20, 0, 1
6126, 497696734, 26, 0, 1
5660, 497702394, 30, 0, 1
5652, 497708046, 21, 0, 1
11801, 497719847, 31, 0, 1
6096, 497725943, 23, 0, 1
5652, 497731595, 18, 0, 1
5658, 497737253, 10, 0, 1
11798, 497749051, 35, 0, 1
6138, 497755189, 16, 0, 1
5658, 497760847, 11, 0, 1
5652, 497766499, 13, 0, 1
11798, 497778297, 33, 0, 1
6139, 497784436, 20, 0, 1
5626, 497790062, 20, 0, 1
5625, 497795687, 21, 0, 1
11808, 497807495, 38, 0, 1
6096, 497813591, 20, 0, 1
5622, 497819213, 15, 0, 1
5631, 497824844, 22, 0, 1
11802, 497836646, 49, 0, 1
6128, 497842774, 28, 0, 1
5622, 497848396, 20, 0, 1
5646, 497854042, 23, 0, 1
13134, 497867176, 61, 0, 1
6138, 497873314, 17, 0, 1
5631, 497878945, 21, 0, 1
5645, 497884590, 22, 0, 1
11850, 497896440, 39, 0, 1
6138, 497902578, 17, 0, 1
5627, 497908205, 23, 0, 1
5678, 497913883, 32, 0, 1
11781, 497925664, 31, 0, 1
6116, 497931780, 24, 0, 1
5633, 497937413, 17, 0, 1
5658, 497943071, 13, 0, 1
11806, 497954877, 29, 0, 1
6125, 497961002, 26, 0, 1
5658, 497966660, 14, 0, 1
5650, 497972310, 24, 0, 1
11804, 497984114, 42, 0, 1
6120, 497990234, 34, 0, 1
5633, 497995867, 16, 0, 1
5652, 498001519, 15, 0, 1
11818, 498013337, 16, 0, 1
6151, 498019488, 19, 0, 1
5648, 498025136, 24, 0, 1
5651, 498030787, 23, 0, 1
11803, 498042590, 34, 0, 1
6138, 498048728, 16, 0, 1
5634, 498054362, 23, 0, 1
5660, 498060022, 30, 0, 1
11830, 498071852, 25, 0, 1
6138, 498077990, 15, 0, 1
5627, 498083617, 19, 0, 1
11817, 498095434, 29, 0, 1
5646, 498101080, 21, 0, 1
6054, 498107134, 20, 0, 1
5634, 498112768, 15, 0, 1
11821, 498124589, 40, 0, 1
5658, 498130247, 13, 0, 1
6119, 498136366, 28, 0, 1
5639, 498142005, 18, 0, 1
11799, 498153804, 27, 0, 1
5655, 498159459, 27, 0, 1
6115, 498165574, 30, 0, 1
5658, 498171232, 12, 0, 1
11811, 498183043, 30, 0, 1
5651, 498188694, 24, 0, 1
6138, 498194832, 16, 0, 1
5658, 498200490, 14, 0, 1
11812, 498212302, 39, 0, 1
5658, 498217960, 14, 0, 1
6114, 498224074, 20, 0, 1
5638, 498229712, 23, 0, 1
13165, 498242877, 47, 0, 1
5651, 498248528, 21, 0, 1
6146, 498254674, 19, 0, 1
5633, 498260307, 24, 0, 1
11798, 498272105, 29, 0, 1
5656, 498277761, 24, 0, 1
6138, 498283899, 38, 0, 1
5650, 498289549, 18, 0, 1
11825, 498301374, 24, 0, 1
5645, 498307019, 20, 0, 1
6117, 498313136, 28, 0, 1
5658, 498318794, 12, 0, 1
11798, 498330592, 32, 0, 1
5651, 498336243, 26, 0, 1
6119, 498342362, 30, 0, 1
5652, 498348014, 19, 0, 1
11768, 498359782, 38, 0, 1
5652, 498365434, 17, 0, 1
6096, 498371530, 24, 0, 1
5622, 498377152, 18, 0, 1
11799, 498388951, 34, 0, 1
5656, 498394607, 24, 0, 1
6149, 498400756, 39, 0, 1
5655, 498406411, 19, 0, 1
11808, 498418219, 50, 0, 1
5658, 498423877, 14, 0, 1
6138, 498430015, 17, 0, 1
5637, 498435652, 21, 0, 1
11828, 498447480, 42, 0, 1
5646, 498453126, 15, 0, 1
6119, 498459245, 23, 0, 1
5628, 498464873, 15, 0, 1
11818, 498476691, 24, 0, 1
5644, 498482335, 21, 0, 1
7013, 498489348, 96, 2, 1
5626, 498494974, 24, 0, 1
11772, 498506746, 43, 0, 1
5662, 498512408, 24, 0, 1
6138, 498518546, 18, 0, 1
5616, 498524162, 19, 0, 1
11796, 498535958, 52, 0, 1
5658, 498541616, 13, 0, 1
125028, 498666644, 4592, 41, 1
795104, 499461748, 10768, 192, 5
13229, 499474977, 101, 0, 1
11764, 499486741, 352, 5, 1
6667, 499493408, 46, 0, 1
6488, 499499896, 31, 0, 1
14735, 499514631, 137, 2, 1
7674, 499522305, 90, 0, 1
6664, 499528969, 22, 0, 1
2347973, 2347973, 50962, 110, 4
9803257, 12151230, 78247, 1310, 8
19283537, 31434767, 19180, 827, 3
19048209, 50482976, 23737, 696, 3
19077686, 69560662, 17485, 747, 3
19485193, 89045855, 18351, 465, 3
19538736, 108584591, 18508, 603, 3
18338443, 126923034, 25239, 895, 3
19162515, 146085549, 18467, 317, 3
19727285, 165812834, 18531, 590, 3
19621722, 185434556, 20722, 302, 3
19410681, 204845237, 19441, 1036, 3
19667817, 224513054, 18806, 742, 3
19375245, 243888299, 18991, 502, 3
18338492, 262226791, 25412, 852, 3
19213325, 281440116, 20400, 470, 3
19236980, 300677096, 19763, 617, 3
19633532, 320310628, 19529, 700, 3
19649069, 339959697, 21036, 978, 3
19728524, 359688221, 20493, 588, 3
19712182, 379400403, 20164, 814, 3
19745095, 399145498, 19668, 509, 3
19674083, 418819581, 21063, 799, 3
19672032, 438491613, 20960, 214, 3
19586441, 458078054, 20634, 858, 3
19670240, 477748294, 20162, 1347, 3
14122855, 491871149, 30379, 354, 19
4442979, 496314128, 9794, 10, 6
5658, 496319786, 17, 0, 1
5632, 496325418, 25, 0, 1
6148, 496331566, 25, 0, 1
11790, 496343356, 25, 0, 1
5658, 496349014, 11, 0, 1
5660, 496354674, 40, 0, 1
6167, 496360841, 17, 0, 1
11763, 496372604, 34, 0, 1
5662, 496378266, 23, 0, 1
5656, 496383922, 27, 0, 1
6160, 496390082, 16, 0, 1
11752, 496401834, 37, 0, 1
5652, 496407486, 16, 0, 1
5672, 496413158, 28, 0, 1
6173, 496419331, 17, 0, 1
11758, 496431089, 31, 0, 1
5658, 496436747, 11, 0, 1
5652, 496442399, 14, 0, 1
6160, 496448559, 17, 0, 1
11794, 496460353, 41, 0, 1
7035, 496467388, 96, 0, 1
5639, 496473027, 22, 0, 1
6160, 496479187, 19, 0, 1
11778, 496490965, 25, 0, 1
5640, 496496605, 12, 0, 1
5651, 496502256, 18, 0, 1
6173, 496508429, 13, 0, 1
11783, 496520212, 30, 0, 1
5640, 496525852, 14, 0, 1
5662, 496531514, 28, 0, 1
6118, 496537632, 20, 0, 1
11770, 496549402, 39, 0, 1
5650, 496555052, 18, 0, 1
5658, 496560710, 16, 0, 1
6130, 496566840, 19, 0, 1
11783, 496578623, 51, 0, 1
5633, 496584256, 17, 0, 1
5651, 496589907, 24, 0, 1
6191, 496596098, 28, 0, 1
11794, 496607892, 52, 0, 1
5628, 496613520, 17, 0, 1
5658, 496619178, 10, 0, 1
6112, 496625290, 25, 0, 1
11784, 496637074, 26, 0, 1
5633, 496642707, 19, 0, 1
5652, 496648359, 24, 0, 1
6161, 496654520, 22, 0, 1
11795, 496666315, 27, 0, 1
5621, 496671936, 18, 0, 1
5643, 496677579, 26, 0, 1
6112, 496683691, 25, 0, 1
11796, 496695487, 23, 0, 1
5616, 496701103, 20, 0, 1
5632, 496706735, 24, 0, 1
11788, 496718523, 52, 0, 1
6138, 496724661, 13, 0, 1
5628, 496730289, 15, 0, 1
5657, 496735946, 20, 0, 1
11825, 496747771, 26, 0, 1
6126, 496753897, 19, 0, 1
5645, 496759542, 20, 0, 1
5658, 496765200, 11, 0, 1
11799, 496776999, 34, 0, 1
6133, 496783132, 16, 0, 1
5640, 496788772, 20, 0, 1
5646, 496794418, 21, 0, 1
11800, 496806218, 32, 0, 1
6138, 496812356, 15, 0, 1
5652, 496818008, 12, 0, 1
5645, 496823653, 26, 0, 1
11836, 496835489, 39, 0, 1
8042, 496843531, 69, 0, 1
6316, 496849847, 38, 0, 1
5643, 496855490, 18, 0, 1
12953, 496868443, 36, 0, 1
6589, 496875032, 34, 0, 1
5657, 496880689, 26, 0, 1
5658, 496886347, 11, 0, 1
12274, 496898621, 42, 0, 1
6116, 496904737, 18, 0, 1
6112, 496910849, 38, 0, 1
6116, 496916965, 17, 0, 1
12206, 496929171, 41, 0, 1
6116, 496935287, 15, 0, 1
6116, 496941403, 19, 0, 1
6084, 496947487, 26, 0, 1
12177, 496959664, 40, 0, 1
6116, 496965780, 18, 0, 1
6104, 496971884, 18, 0, 1
5651, 496977535, 18, 0, 1
12231, 496989766, 39, 0, 1
6116, 496995882, 18, 0, 1
6103, 497001985, 25, 0, 1
5661, 497007646, 26, 0, 1
11789, 497019435, 38, 0, 1
6151, 497025586, 19, 0, 1
5658, 497031244, 10, 0, 1
5657, 497036901, 21, 0, 1
11816, 497048717, 46, 0, 1
6114, 497054831, 16, 0, 1
5628, 497060459, 18, 0, 1
5646, 497066105, 19, 0, 1
11831, 497077936, 23, 0, 1
6138, 497084074, 15, 0, 1
5650, 497089724, 24, 0, 1
5656, 497095380, 27, 0, 1
11796, 497107176, 33, 0, 1
6138, 497113314, 17, 0, 1
5658, 497118972, 10, 0, 1
5650, 497124622, 26, 0, 1
11830, 497136452, 40, 0, 1
6138, 497142590, 17, 0, 1
5622, 497148212, 18, 0, 1
5626, 497153838, 24, 0, 1
11809, 497165647, 37, 0, 1
6151, 497171798, 17, 0, 1
5658, 497177456, 12, 0, 1
5662, 497183118, 26, 0, 1
11816, 497194934, 48, 0, 1
6138, 497201072, 17, 0, 1
5639, 497206711, 15, 0, 1
5652, 497212363, 12, 0, 1
13197, 497225560, 43, 0, 1
6127, 497231687, 34, 0, 1
5645, 497237332, 18, 0, 1
5658, 497242990, 13, 0, 1
11790, 497254780, 41, 0, 1
6151, 497260931, 14, 0, 1
5652, 497266583, 11, 0, 1
5663, 497272246, 29, 0, 1
11817, 497284063, 33, 0, 1
6138, 497290201, 17, 0, 1
5658, 497295859, 11, 0, 1
5658, 497301517, 16, 0, 1
11803, 497313320, 49, 0, 1
6145, 497319465, 20, 0, 1
5626, 497325091, 21, 0, 1
5643, 497330734, 28, 0, 1
11769, 497342503, 35, 0, 1
6138, 497348641, 15, 0, 1
5652, 497354293, 13, 0, 1
5643, 497359936, 28, 0, 1
11819, 497371755, 41, 0, 1
6111, 497377866, 26, 0, 1
5626, 497383492, 22, 0, 1
5658, 497389150, 10, 0, 1
11788, 497400938, 33, 0, 1
6151, 497407089, 13, 0, 1
5655, 497412744, 20, 0, 1
5639, 497418383, 27, 0, 1
11808, 497430191, 38, 0, 1
6117, 497436308, 27, 0, 1
5652, 497441960, 22, 0, 1
5637, 497447597, 26, 0, 1
11782, 497459379, 36, 0, 1
6102, 497465481, 21, 0, 1
5626, 497471107, 21, 0, 1
5658, 497476765, 10, 0, 1
11799, 497488564, 40, 0, 1
6151, 497494715, 13, 0, 1
5652, 497500367, 14, 0, 1
5658, 497506025, 17, 0, 1
11779, 497517804, 35, 0, 1
6138, 497523942, 17, 0, 1
5646, 497529588, 12, 0, 1
5638, 497535226, 22, 0, 1
11794, 497547020, 33, 0, 1
6138, 497553158, 14, 0, 1
5668, 497558826, 33, 0, 1
5658, 497564484, 7, 0, 1
11799, 497576283, 36, 0, 1
6138, 497582421, 17, 0, 1
5620, 497588041, 18, 0, 1
5628, 497593669, 14, 0, 1
13194, 497606863, 49, 0, 1
6138, 497613001, 15, 0, 1
5652, 497618653, 12, 0, 1
5658, 497624311, 15, 0, 1
11786, 497636097, 34, 0, 1
6151, 497642248, 16, 0, 1
5658, 497647906, 17, 0, 1
5651, 497653557, 21, 0, 1
11758, 497665315, 35, 0, 1
6138, 497671453, 17, 0, 1
5628, 497677081, 19, 0, 1
5652, 497682733, 14, 0, 1
11806, 497694539, 35, 0, 1
6137, 497700676, 24, 0, 1
5658, 497706334, 10, 0, 1
5645, 497711979, 19, 0, 1
11806, 497723785, 30, 0, 1
15225, 497739010, 328, 0, 1
6115, 497745125, 31, 0, 1
5658, 497750783, 12, 0, 1
11796, 497762579, 18, 0, 1
6138, 497768717, 16, 0, 1
5658, 497774375, 16, 0, 1
5658, 497780033, 12, 0, 1
11831, 497791864, 23, 0, 1
6138, 497798002, 17, 0, 1
5628, 497803630, 12, 0, 1
5652, 497809282, 11, 0, 1
11800, 497821082, 39, 0, 1
6132, 497827214, 22, 0, 1
5658, 497832872, 10, 0, 1
5657, 497838529, 16, 0, 1
11824, 497850353, 28, 0, 1
6132, 497856485, 19, 0, 1
5658, 497862143, 11, 0, 1
5658, 497867801, 8, 0, 1
11816, 497879617, 36, 0, 1
7013, 497886630, 91, 1, 1
5658, 497892288, 13, 0, 1
5658, 497897946, 12, 0, 1
11818, 497909764, 24, 0, 1
6132, 497915896, 19, 0, 1
5658, 497921554, 12, 0, 1
5652, 497927206, 15, 0, 1
11831, 497939037, 23, 0, 1
6138, 497945175, 15, 0, 1
5658, 497950833, 9, 0, 1
5658, 497956491, 9, 0, 1
11812, 497968303, 23, 0, 1
6151, 497974454, 17, 0, 1
5652, 497980106, 14, 0, 1
7035, 497987141, 32, 0, 1
11818, 497998959, 23, 0, 1
6126, 498005085, 18, 0, 1
5658, 498010743, 11, 0, 1
5658, 498016401, 11, 0, 1
11825, 498028226, 21, 0, 1
6132, 498034358, 19, 0, 1
5658, 498040016, 13, 0, 1
5658, 498045674, 11, 0, 1
11778, 498057452, 36, 0, 1
6145, 498063597, 15, 0, 1
5652, 498069249, 15, 0, 1
5658, 498074907, 10, 0, 1
11813, 498086720, 36, 0, 1
6138, 498092858, 16, 0, 1
5657, 498098515, 15, 0, 1
5622, 498104137, 14, 0, 1
11797, 498115934, 28, 0, 1
6158, 498122092, 23, 0, 1
5658, 498127750, 10, 0, 1
5658, 498133408, 11, 0, 1
11732, 498145140, 36, 0, 1
6137, 498151277, 20, 0, 1
5658, 498156935, 14, 0, 1
5658, 498162593, 13, 0, 1
11825, 498174418, 23, 0, 1
6138, 498180556, 18, 0, 1
5658, 498186214, 11, 0, 1
5658, 498191872, 12, 0, 1
11806, 498203678, 32, 0, 1
6139, 498209817, 17, 0, 1
5658, 498215475, 9, 0, 1
5650, 498221125, 17, 0, 1
11781, 498232906, 30, 0, 1
6138, 498239044, 15, 0, 1
5658, 498244702, 9, 0, 1
5658, 498250360, 11, 0, 1
11831, 498262191, 22, 0, 1
6138, 498268329, 18, 0, 1
5651, 498273980, 15, 0, 1
5658, 498279638, 10, 0, 1
11812, 498291450, 17, 0, 1
6138, 498297588, 17, 0, 1
5658, 498303246, 9, 0, 1
5658, 498308904, 10, 0, 1
11831, 498320735, 16, 0, 1
6138, 498326873, 12, 0, 1
5658, 498332531, 10, 0, 1
5658, 498338189, 12, 0, 1
11794, 498349983, 30, 0, 1
6150, 498356133, 17, 0, 1
7035, 498363168, 24, 0, 1
5646, 498368814, 21, 0, 1
11812, 498380626, 30, 0, 1
6132, 498386758, 21, 0, 1
5658, 498392416, 14, 0, 1
5658, 498398074, 11, 0, 1
11801, 498409875, 32, 0, 1
6137, 498416012, 21, 0, 1
5658, 498421670, 12, 0, 1
5657, 498427327, 15, 0, 1
11791, 498439118, 43, 0, 1
6151, 498445269, 15, 0, 1
5646, 498450915, 16, 0, 1
5658, 498456573, 11, 0, 1
11818, 498468391, 30, 0, 1
6138, 498474529, 19, 0, 1
5652, 498480181, 16, 0, 1
5658, 498485839, 13, 0, 1
11843, 498497682, 23, 0, 1
6138, 498503820, 15, 0, 1
5646, 498509466, 15, 0, 1
5652, 498515118, 23, 0, 1
11793, 498526911, 38, 0, 1
6138, 498533049, 14, 0, 1
5639, 498538688, 20, 0, 1
8997, 498547685, 175, 0, 1
901083, 499448768, 15516, 248, 5
6432, 499455200, 53, 0, 1
6725, 499461925, 36, 0, 1
6393, 499468318, 24, 0, 1
18833, 499487151, 396, 8, 1
6717, 499493868, 25, 0, 1
6667, 499500535, 24, 0, 1
7988, 499508523, 127, 4, 1
1949587, 1949587, 34778, 155, 4
14859659, 16809246, 51296, 1327, 8
19777608, 36586854, 17616, 894, 3
18364449, 54951303, 23917, 436, 3
19582627, 74533930, 17894, 766, 3
19588213, 94122143, 17835, 562, 3
18708153, 112830296, 24216, 903, 3
19384665, 132214961, 18989, 498, 3
19666952, 151881913, 18019, 274, 3
19445794, 171327707, 20658, 771, 3
19720837, 191048544, 18886, 508, 3
19695552, 210744096, 19121, 859, 3
19678532, 230422628, 19497, 669, 3
19375990, 249798618, 18541, 757, 3
18554003, 268352621, 24097, 495, 3
19198411, 287551032, 20434, 752, 3
19589864, 307140896, 18915, 880, 3
19819207, 326960103, 18999, 402, 3
19795293, 346755396, 19449, 809, 3
19700807, 366456203, 19692, 741, 3
19773610, 386229813, 19145, 502, 3
19755278, 405985091, 19081, 872, 3
19800803, 425785894, 19172, 458, 3
19759718, 445545612, 19366, 472, 3
19724687, 465270299, 18521, 1115, 3
17753745, 483024044, 29089, 974, 3
10258304, 493282348, 16936, 6, 12
727750, 494010098, 3752, 7, 1
6123, 494016221, 28, 0, 1
5652, 494021873, 16, 0, 1
5653, 494027526, 15, 0, 1
11806, 494039332, 36, 0, 1
6126, 494045458, 23, 0, 1
5646, 494051104, 15, 0, 1
5650, 494056754, 16, 0, 1
11829, 494068583, 36, 0, 1
6138, 494074721, 19, 0, 1
5645, 494080366, 17, 0, 1
5658, 494086024, 20, 0, 1
11805, 494097829, 35, 0, 1
6126, 494103955, 24, 0, 1
5658, 494109613, 12, 0, 1
5658, 494115271, 23, 0, 1
20906, 494136177, 340, 0, 1
6137, 494142314, 30, 0, 1
5658, 494147972, 20, 0, 1
5658, 494153630, 12, 0, 1
11817, 494165447, 27, 0, 1
6139, 494171586, 22, 0, 1
5640, 494177226, 21, 0, 1
5646, 494182872, 18, 0, 1
11817, 494194689, 31, 0, 1
6138, 494200827, 20, 0, 1
5640, 494206467, 19, 0, 1
5658, 494212125, 11, 0, 1
11825, 494223950, 26, 0, 1
6132, 494230082, 22, 0, 1
5658, 494235740, 10, 0, 1
11805, 494247545, 35, 0, 1
5658, 494253203, 21, 0, 1
6145, 494259348, 17, 0, 1
5651, 494264999, 17, 0, 1
11782, 494276781, 45, 0, 1
5646, 494282427, 15, 0, 1
6114, 494288541, 22, 0, 1
5658, 494294199, 15, 0, 1
11818, 494306017, 37, 0, 1
5658, 494311675, 14, 0, 1
6138, 494317813, 19, 0, 1
5640, 494323453, 18, 0, 1
11811, 494335264, 37, 0, 1
5658, 494340922, 13, 0, 1
7496, 494348418, 102, 0, 1
5652, 494354070, 18, 0, 1
11817, 494365887, 51, 0, 1
5639, 494371526, 20, 0, 1
6138, 494377664, 18, 0, 1
5645, 494383309, 17, 0, 1
11799, 494395108, 34, 0, 1
5655, 494400763, 24, 0, 1
6138, 494406901, 22, 0, 1
5652, 494412553, 14, 0, 1
11793, 494424346, 42, 0, 1
5658, 494430004, 22, 0, 1
6132, 494436136, 19, 0, 1
5652, 494441788, 15, 0, 1
11831, 494453619, 26, 0, 1
5658, 494459277, 12, 0, 1
6145, 494465422, 20, 0, 1
5652, 494471074, 15, 0, 1
11787, 494482861, 46, 0, 1
5655, 494488516, 19, 0, 1
6151, 494494667, 16, 0, 1
5658, 494500325, 13, 0, 1
11812, 494512137, 30, 0, 1
5658, 494517795, 13, 0, 1
6137, 494523932, 24, 0, 1
5628, 494529560, 15, 0, 1
12356, 494541916, 77, 0, 1
6333, 494548249, 33, 0, 1
6664, 494554913, 21, 0, 1
6333, 494561246, 15, 0, 1
12272, 494573518, 31, 0, 1
5658, 494579176, 10, 0, 1
6138, 494585314, 15, 0, 1
6135, 494591449, 26, 0, 1
11777, 494603226, 27, 0, 1
6116, 494609342, 16, 0, 1
6119, 494615461, 34, 0, 1
6115, 494621576, 27, 0, 1
12226, 494633802, 28, 0, 1
6129, 494639931, 14, 0, 1
6116, 494646047, 16, 0, 1
6116, 494652163, 17, 0, 1
12232, 494664395, 46, 0, 1
6097, 494670492, 20, 0, 1
6116, 494676608, 17, 0, 1
6122, 494682730, 26, 0, 1
11807, 494694537, 35, 0, 1
5658, 494700195, 12, 0, 1
6126, 494706321, 21, 0, 1
5628, 494711949, 15, 0, 1
11794, 494723743, 33, 0, 1
7023, 494730766, 32, 0, 1
6145, 494736911, 17, 0, 1
5658, 494742569, 14, 0, 1
11811, 494754380, 28, 0, 1
5658, 494760038, 13, 0, 1
6132, 494766170, 19, 0, 1
5652, 494771822, 15, 0, 1
11815, 494783637, 38, 0, 1
5650, 494789287, 19, 0, 1
6138, 494795425, 14, 0, 1
5658, 494801083, 10, 0, 1
11805, 494812888, 32, 0, 1
5658, 494818546, 13, 0, 1
6138, 494824684, 19, 0, 1
5651, 494830335, 15, 0, 1
11801, 494842136, 34, 0, 1
5651, 494847787, 17, 0, 1
6132, 494853919, 17, 0, 1
5658, 494859577, 10, 0, 1
11793, 494871370, 32, 0, 1
5655, 494877025, 18, 0, 1
14339, 494891364, 267, 11, 1
5657, 494897021, 31, 0, 1
11800, 494908821, 37, 0, 1
5652, 494914473, 17, 0, 1
6108, 494920581, 17, 0, 1
5651, 494926232, 13, 0, 1
11807, 494938039, 30, 0, 1
5658, 494943697, 10, 0, 1
6131, 494949828, 22, 0, 1
5651, 494955479, 14, 0, 1
11811, 494967290, 37, 0, 1
5651, 494972941, 19, 0, 1
6164, 494979105, 21, 0, 1
5640, 494984745, 15, 0, 1
11800, 494996545, 28, 0, 1
5657, 495002202, 17, 0, 1
6138, 495008340, 15, 0, 1
5652, 495013992, 14, 0, 1
12687, 495026679, 117, 0, 1
5658, 495032337, 23, 0, 1
6132, 495038469, 16, 0, 1
5640, 495044109, 14, 0, 1
11823, 495055932, 29, 0, 1
5657, 495061589, 15, 0, 1
6108, 495067697, 22, 0, 1
5652, 495073349, 12, 0, 1
11802, 495085151, 40, 0, 1
5651, 495090802, 16, 0, 1
6138, 495096940, 15, 0, 1
5633, 495102573, 16, 0, 1
13182, 495115755, 58, 0, 1
5658, 495121413, 13, 0, 1
6138, 495127551, 19, 0, 1
5650, 495133201, 17, 0, 1
11803, 495145004, 37, 0, 1
5651, 495150655, 17, 0, 1
6132, 495156787, 15, 0, 1
5616, 495162403, 17, 0, 1
11830, 495174233, 27, 0, 1
5658, 495179891, 14, 0, 1
6126, 495186017, 24, 0, 1
5658, 495191675, 14, 0, 1
11793, 495203468, 30, 0, 1
5652, 495209120, 16, 0, 1
6158, 495215278, 15, 0, 1
5640, 495220918, 14, 0, 1
11800, 495232718, 30, 0, 1
5658, 495238376, 10, 0, 1
6138, 495244514, 20, 0, 1
5658, 495250172, 11, 0, 1
11807, 495261979, 22, 0, 1
5657, 495267636, 18, 0, 1
6048, 495273684, 17, 0, 1
5652, 495279336, 14, 0, 1
11805, 495291141, 33, 0, 1
5658, 495296799, 16, 0, 1
6114, 495302913, 22, 0, 1
5652, 495308565, 12, 0, 1
11809, 495320374, 41, 0, 1
5662, 495326036, 21, 0, 1
6138, 495332174, 15, 0, 1
5628, 495337802, 18, 0, 1
11799, 495349601, 30, 0, 1
5658, 495355259, 11, 0, 1
6157, 495361416, 23, 0, 1
5658, 495367074, 12, 0, 1
11792, 495378866, 38, 0, 1
5658, 495384524, 11, 0, 1
6132, 495390656, 16, 0, 1
5646, 495396302, 15, 0, 1
11824, 495408126, 36, 0, 1
5658, 495413784, 11, 0, 1
6119, 495419903, 20, 0, 1
5649, 495425552, 17, 0, 1
11780, 495437332, 32, 0, 1
5649, 495442981, 16, 0, 1
6132, 495449113, 21, 0, 1
5646, 495454759, 19, 0, 1
11799, 495466558, 31, 0, 1
5658, 495472216, 16, 0, 1
6138, 495478354, 13, 0, 1
5654, 495484008, 24, 0, 1
13208, 495497216, 40, 0, 1
5658, 495502874, 8, 0, 1
6132, 495509006, 15, 0, 1
5652, 495514658, 13, 0, 1
11781, 495526439, 34, 0, 1
5650, 495532089, 18, 0, 1
6114, 495538203, 22, 0, 1
5652, 495543855, 14, 0, 1
11818, 495555673, 36, 0, 1
5658, 495561331, 21, 0, 1
6138, 495567469, 18, 0, 1
5652, 495573121, 18, 0, 1
11800, 495584921, 33, 0, 1
5652, 495590573, 15, 0, 1
6151, 495596724, 15, 0, 1
5646, 495602370, 17, 0, 1
11796, 495614166, 34, 0, 1
5657, 495619823, 14, 0, 1
6138, 495625961, 13, 0, 1
5646, 495631607, 16, 0, 1
11813, 495643420, 32, 0, 1
5652, 495649072, 13, 0, 1
6138, 495655210, 17, 0, 1
5640, 495660850, 12, 0, 1
11792, 495672642, 38, 0, 1
5651, 495678293, 16, 0, 1
6157, 495684450, 28, 0, 1
5658, 495690108, 16, 0, 1
11806, 495701914, 31, 0, 1
5663, 495707577, 13, 0, 1
6114, 495713691, 20, 0, 1
5644, 495719335, 24, 0, 1
11818, 495731153, 37, 0, 1
5658, 495736811, 13, 0, 1
6138, 495742949, 17, 0, 1
5639, 495748588, 18, 0, 1
11805, 495760393, 30, 0, 1
5658, 495766051, 12, 0, 1
6138, 495772189, 13, 0, 1
5652, 495777841, 15, 0, 1
11799, 495789640, 39, 0, 1
5651, 495795291, 18, 0, 1
6138, 495801429, 17, 0, 1
5652, 495807081, 11, 0, 1
11815, 495818896, 34, 0, 1
5652, 495824548, 14, 0, 1
6145, 495830693, 16, 0, 1
5658, 495836351, 14, 0, 1
11788, 495848139, 32, 0, 1
5651, 495853790, 18, 0, 1
6138, 495859928, 15, 0, 1
7035, 495866963, 23, 0, 1
11813, 495878776, 25, 0, 1
5658, 495884434, 12, 0, 1
6138, 495890572, 16, 0, 1
5657, 495896229, 14, 0, 1
11791, 495908020, 37, 0, 1
5646, 495913666, 14, 0, 1
6151, 495919817, 15, 0, 1
5651, 495925468, 20, 0, 1
11804, 495937272, 27, 0, 1
5652, 495942924, 14, 0, 1
6139, 495949063, 20, 0, 1
5652, 495954715, 12, 0, 1
11795, 495966510, 35, 0, 1
5658, 495972168, 20, 0, 1
6132, 495978300, 15, 0, 1
5645, 495983945, 18, 0, 1
11804, 495995749, 32, 0, 1
5652, 496001401, 15, 0, 1
6120, 496007521, 21, 0, 1
5646, 496013167, 18, 0, 1
11824, 496024991, 39, 0, 1
5651, 496030642, 17, 0, 1
6138, 496036780, 14, 0, 1
5658, 496042438, 11, 0, 1
11811, 496054249, 35, 0, 1
5658, 496059907, 16, 0, 1
6151, 496066058, 15, 0, 1
5646, 496071704, 12, 0, 1
11815, 496083519, 28, 0, 1
5658, 496089177, 12, 0, 1
6132, 496095309, 21, 0, 1
5652, 496100961, 14, 0, 1
11839, 496112800, 33, 0, 1
5658, 496118458, 16, 0, 1
6114, 496124572, 21, 0, 1
5646, 496130218, 13, 0, 1
11804, 496142022, 39, 0, 1
5657, 496147679, 20, 0, 1
6145, 496153824, 17, 0, 1
5650, 496159474, 23, 0, 1
11812, 496171286, 29, 0, 1
5658, 496176944, 14, 0, 1
6123, 496183067, 23, 0, 1
5652, 496188719, 13, 0, 1
11801, 496200520, 22, 0, 1
5661, 496206181, 18, 0, 1
6132, 496212313, 14, 0, 1
5657, 496217970, 19, 0, 1
11812, 496229782, 28, 0, 1
5654, 496235436, 29, 0, 1
7491, 496242927, 34, 0, 1
8996, 496251923, 189, 0, 1
887990, 497139913, 15247, 246, 5
6712, 497146625, 59, 0, 1
6716, 497153341, 44, 0, 1
18247, 497171588, 372, 3, 1
6686, 497178274, 48, 0, 1
6449, 497184723, 19, 0, 1
6689, 497191412, 27, 0, 1
14775, 497206187, 144, 4, 1
6865, 497213052, 42, 0, 1
