23, 1, 3472054, 694410.600
20, 3472055, 10667144, 1439017.800
17, 10667145, 27464464, 1679731.900
26, 27464465, 34526312, 1412369.400
5, 34526313, 40333449, 1161427.200
10, 40333450, 54635778, 2860465.600
3, 54635779, 778896554, 2497450.948
9, 778896555, 1283927753, 2295596.355
21, 1283927754, 1292522691, 1718987.400
8, 1292522692, 1569255078, 1456486.242
5, 1569255079, 1572754491, 699882.400
7, 1572754492, 1603191092, 553392.727
5, 1603191093, 1642057584, 1110471.171
27, 1642057585, 1643127850, 214053.000
25, 1643127851, 1654226927, 2219815.200
2, 1654226928, 1655673720, 289358.400
6, 1655673721, 1655859767, 6201.533
2, 1655859768, 1656690809, 166208.200
