2, 1, 162595, 32518.800
18, 162596, 5145166, 996514.000
28, 5145167, 13423880, 1655742.600
17, 13423881, 30302358, 1687847.700
26, 30302359, 36334709, 1206470.000
10, 36334710, 59077297, 2274258.700
3, 59077298, 714038684, 2519082.254
9, 714038685, 726027973, 2397857.600
3, 726027974, 750049615, 2402164.100
9, 750049616, 1287980551, 2338830.152
21, 1287980552, 1295083198, 1420529.200
8, 1295083199, 1484585076, 1516015.016
26, 1484585077, 1492509133, 1584811.200
8, 1492509134, 1564353826, 1596548.711
5, 1564353827, 1571039542, 1337143.000
7, 1571039543, 1602381411, 626837.360
5, 1602381412, 1642393559, 1333738.233
25, 1642393560, 1655651754, 1325819.400
6, 1655651755, 1655839915, 5376.000
