3111214 3111214 62178 390
10747548 13858762 69923 4802
19329868 33188630 19348 2951
19134882 52323512 23276 2931
19166892 71490404 17621 1424
19588824 91079228 17421 1868
19063673 110142901 23682 3851
18765381 128908282 19386 2652
19289373 148197655 18049 2198
19936303 168133958 18198 2511
19676082 187810040 21148 1050
19503346 207313386 18452 2778
19677143 226990529 18348 3195
19425676 246416205 18844 1204
18438156 264854361 25693 3198
19180241 284034602 18873 1562
19502595 303537197 18975 2455
19661855 323199052 19109 3027
19778604 342977656 19730 3141
19686468 362664124 18241 3521
19803654 382467778 18528 2042
19625725 402093503 18459 3276
19754398 421847901 19024 1557
19734210 441582111 18611 2663
19659082 461241193 18924 3440
19682228 480923421 18964 4205
12228084 493151505 29364 528
3179432 496330937 7159 88
5658 496336595 19 0
5658 496342253 12 0
11818 496354071 33 0
6115 496360186 25 0
5648 496365834 24 0
5658 496371492 13 0
11815 496383307 41 0
6130 496389437 22 0
5658 496395095 9 0
5657 496400752 27 0
11823 496412575 34 0
6145 496418720 18 0
5658 496424378 14 0
5646 496430024 19 0
13188 496443212 115 0
6138 496449350 21 0
5622 496454972 19 0
5658 496460630 13 0
11831 496472461 26 0
6138 496478599 15 0
5658 496484257 13 0
5644 496489901 27 0
11818 496501719 24 0
6151 496507870 17 0
5633 496513503 18 0
5643 496519146 20 0
11808 496530954 38 0
6132 496537086 20 0
5639 496542725 15 0
5658 496548383 9 0
11808 496560191 29 0
6130 496566321 29 0
5658 496571979 12 0
5652 496577631 15 0
11817 496589448 32 0
6151 496595599 19 0
5646 496601245 14 0
5632 496606877 19 0
11773 496618650 43 0
6138 496624788 17 0
5658 496630446 10 0
5658 496636104 10 0
11794 496647898 48 0
6138 496654036 15 0
5650 496659686 18 0
5651 496665337 20 0
11818 496677155 23 0
6138 496683293 16 0
5634 496688927 20 0
5644 496694571 21 0
11834 496706405 41 0
6132 496712537 19 0
5616 496718153 20 0
5658 496723811 10 0
11766 496735577 47 0
6151 496741728 18 0
5630 496747358 22 0
5658 496753016 11 0
11812 496764828 27 0
6138 496770966 18 0
5658 496776624 12 0
5652 496782276 20 0
11812 496794088 35 0
6126 496800214 20 0
5658 496805872 18 0
7035 496812907 24 0
11758 496824665 41 0
15223 496839888 334 10
5652 496845540 26 0
5652 496851192 13 0
11791 496862983 46 0
6665 496869648 56 0
6297 496875945 27 0
5649 496881594 12 0
13016 496894610 43 0
6589 496901199 24 0
6115 496907314 26 0
5628 496912942 19 0
12253 496925195 37 0
6116 496931311 16 0
6112 496937423 23 0
6116 496943539 14 0
11778 496955317 34 0
6097 496961414 20 0
6116 496967530 19 0
6110 496973640 14 0
13121 496986761 108 3
6113 496992874 30 0
6100 496998974 30 0
6116 497005090 14 0
12178 497017268 39 0
6110 497023378 28 0
6104 497029482 26 0
5658 497035140 12 0
11774 497046914 37 0
6138 497053052 16 0
5644 497058696 18 0
5658 497064354 7 0
11806 497076160 29 0
6138 497082298 22 0
5625 497087923 21 0
5645 497093568 21 0
11799 497105367 32 0
6138 497111505 14 0
5658 497117163 10 0
5645 497122808 19 0
11829 497134637 37 0
6126 497140763 17 0
5636 497146399 19 0
5646 497152045 17 0
11803 497163848 39 0
6118 497169966 29 0
5658 497175624 11 0
5658 497181282 10 0
11809 497193091 40 0
6118 497199209 21 0
7029 497206238 39 0
5658 497211896 12 0
11784 497223680 37 0
6121 497229801 27 0
5628 497235429 16 0
5648 497241077 28 0
11794 497252871 23 0
6138 497259009 15 0
5610 497264619 21 0
5660 497270279 27 0
11814 497282093 42 0
6138 497288231 16 0
5658 497293889 10 0
5658 497299547 12 0
11817 497311364 27 0
6150 497317514 30 0
5658 497323172 14 0
5658 497328830 11 0
11812 497340642 31 0
6119 497346761 19 0
5658 497352419 10 0
5644 497358063 20 0
11831 497369894 17 0
6140 497376034 31 0
5657 497381691 17 0
11800 497393491 25 0
5660 497399151 29 0
6095 497405246 23 0
5627 497410873 18 0
11824 497422697 30 0
5644 497428341 23 0
6138 497434479 20 0
5652 497440131 10 0
11811 497451942 27 0
5658 497457600 7 0
6131 497463731 28 0
5634 497469365 18 0
11818 497481183 27 0
5621 497486804 16 0
6119 497492923 25 0
5637 497498560 22 0
11829 497510389 37 0
5640 497516029 15 0
6138 497522167 15 0
5620 497527787 22 0
11793 497539580 30 0
5651 497545231 23 0
6149 497551380 34 0
5645 497557025 19 0
11793 497568818 49 0
5645 497574463 24 0
7506 497581969 39 0
5627 497587596 18 0
11825 497599421 22 0
5641 497605062 22 0
6138 497611200 17 0
5621 497616821 19 0
11793 497628614 32 0
5643 497634257 25 0
6138 497640395 17 0
5652 497646047 15 0
11817 497657864 28 0
5640 497663504 17 0
6138 497669642 17 0
5667 497675309 25 0
11820 497687129 40 0
5658 497692787 10 0
6122 497698909 22 0
5652 497704561 12 0
11811 497716372 29 0
5640 497722012 12 0
6126 497728138 21 0
5640 497733778 15 0
11801 497745579 31 0
5658 497751237 10 0
6138 497757375 12 0
5638 497763013 20 0
11802 497774815 33 0
5658 497780473 11 0
6147 497786620 29 0
6098 497792718 28 0
11780 497804498 40 0
5641 497810139 26 0
6138 497816277 18 0
5634 497821911 14 0
11825 497833736 21 0
5633 497839369 23 0
6132 497845501 22 0
5622 497851123 16 0
11806 497862929 41 0
5652 497868581 15 0
6132 497874713 20 0
5658 497880371 12 0
11812 497892183 29 0
5639 497897822 21 0
6143 497903965 23 0
5629 497909594 17 0
12035 497921629 33 1
5640 497927269 27 0
6145 497933414 23 0
5651 497939065 18 0
11808 497950873 36 0
7016 497957889 33 0
6138 497964027 19 0
5649 497969676 17 0
11783 497981459 27 0
5658 497987117 10 0
6128 497993245 33 0
5651 497998896 17 0
11809 498010705 31 0
5646 498016351 14 0
6142 498022493 32 0
5658 498028151 9 0
11781 498039932 34 0
5658 498045590 10 0
6120 498051710 19 0
5649 498057359 26 0
11847 498069206 48 0
5642 498074848 23 0
6130 498080978 25 0
5621 498086599 21 0
11757 498098356 35 0
5658 498104014 11 0
6138 498110152 16 0
5658 498115810 20 0
11814 498127624 40 0
5662 498133286 16 0
6106 498139392 25 0
5640 498145032 17 0
11794 498156826 26 0
5646 498162472 12 0
6136 498168608 31 0
5658 498174266 14 0
11804 498186070 44 0
5650 498191720 17 0
6138 498197858 15 0
5648 498203506 26 0
11822 498215328 36 0
5646 498220974 15 0
6119 498227093 23 0
5622 498232715 14 0
11817 498244532 29 0
5658 498250190 12 0
6151 498256341 14 0
5626 498261967 20 0
11794 498273761 38 0
5658 498279419 12 0
6125 498285544 21 0
5640 498291184 18 0
11810 498302994 34 0
5639 498308633 17 0
6122 498314755 28 0
5658 498320413 9 0
13171 498333584 42 0
5639 498339223 18 0
6138 498345361 13 0
5658 498351019 11 0
11806 498362825 35 0
5652 498368477 13 0
6132 498374609 21 0
5645 498380254 25 0
11785 498392039 31 0
5631 498397670 19 0
6151 498403821 16 0
5633 498409454 22 0
11802 498421256 32 0
5658 498426914 9 0
6106 498433020 25 0
5658 498438678 12 0
11837 498450515 31 0
5650 498456165 25 0
6137 498462302 28 0
5636 498467938 22 0
11802 498479740 35 0
5644 498485384 19 0
6151 498491535 17 0
5657 498497192 25 0
11766 498508958 46 0
5668 498514626 32 0
6116 498520742 27 0
5639 498526381 22 0
11805 498538186 36 0
5622 498543808 16 0
6126 498549934 19 0
5658 498555592 8 0
11806 498567398 30 0
5649 498573047 22 0
6114 498579161 22 0
5658 498584819 10 0
11814 498596633 44 0
5652 498602285 15 0
126876 498729161 4402 262
806877 499536038 11418 607
13597 499549635 136 0
6666 499556301 31 0
11990 499568291 403 10
6693 499574984 49 0
13370 499588354 62 0
7970 499596324 138 2
6598 499602922 38 0
1940246 1940246 43833 251
8338164 10278410 83331 4267
19285070 29563480 19390 2608
19208576 48772056 23352 2505
19071910 67843966 17701 1403
19600724 87444690 17359 1350
19570639 107015329 17923 2191
19024362 126039691 24690 3018
19074923 145114614 18701 2071
19633379 164747993 18435 2134
19403694 184151687 18369 608
19469453 203621140 21639 2118
19692199 223313339 18381 3076
19598355 242911694 18436 724
18823404 261735098 24742 3177
19313356 281048454 20069 1600
18951301 299999755 18913 1958
19583577 319583332 19526 2703
19671232 339254564 20005 2468
19654990 358909554 20152 3082
19667660 378577214 19561 2073
19666367 398243581 19569 2458
19701938 417945519 19479 2093
19682992 437628511 20427 1872
19644215 457272726 19214 3054
19671202 476943928 19222 3745
14509456 491453384 30183 1356
4873527 496326911 10185 100
5658 496332569 19 0
5658 496338227 10 0
6124 496344351 23 0
11746 496356097 45 0
5662 496361759 23 0
5658 496367417 11 0
6180 496373597 17 0
11783 496385380 31 0
5621 496391001 17 0
5652 496396653 22 0
6142 496402795 22 0
11790 496414585 27 0
5658 496420243 11 0
5658 496425901 11 0
6129 496432030 22 0
11782 496443812 39 0
5640 496449452 13 0
5621 496455073 23 0
6161 496461234 16 0
11789 496473023 34 0
5658 496478681 9 0
5658 496484339 10 0
6130 496490469 22 0
11803 496502272 29 0
5627 496507899 22 0
5640 496513539 18 0
7537 496521076 98 0
11765 496532841 32 0
5621 496538462 19 0
5652 496544114 27 0
6173 496550287 15 0
11796 496562083 21 0
5633 496567716 19 0
5658 496573374 9 0
6142 496579516 18 0
11783 496591299 42 0
5658 496596957 9 0
5658 496602615 9 0
6146 496608761 27 0
11748 496620509 36 0
5651 496626160 14 0
5632 496631792 19 0
6142 496637934 19 0
11763 496649697 50 0
5658 496655355 10 0
5658 496661013 9 0
6123 496667136 25 0
11759 496678895 38 0
5622 496684517 19 0
5658 496690175 11 0
6149 496696324 22 0
11784 496708108 26 0
5651 496713759 21 0
5649 496719408 29 0
6139 496725547 27 0
11803 496737350 43 0
5652 496743002 15 0
5658 496748660 10 0
6148 496754808 23 0
11799 496766607 35 0
5622 496772229 20 0
5658 496777887 11 0
6173 496784060 16 0
11793 496795853 41 0
5658 496801511 9 0
5658 496807169 9 0
6112 496813281 25 0
11773 496825054 41 0
5640 496830694 16 0
5658 496836352 10 0
6651 496843003 70 0
12962 496855965 51 0
6373 496862338 17 0
6319 496868657 26 0
6623 496875280 23 0
11801 496887081 43 0
6116 496893197 16 0
7469 496900666 39 0
6116 496906782 18 0
12177 496918959 42 0
6116 496925075 16 0
15149 496940224 337 4
6116 496946340 37 0
12211 496958551 44 0
6109 496964660 19 0
6099 496970759 32 0
6074 496976833 23 0
12232 496989065 30 0
6078 496995143 23 0
6098 497001241 20 0
6068 497007309 23 0
12232 497019541 26 0
6116 497025657 22 0
5658 497031315 13 0
6144 497037459 18 0
11778 497049237 27 0
5658 497054895 10 0
5649 497060544 23 0
6133 497066677 26 0
11795 497078472 33 0
5658 497084130 9 0
5656 497089786 14 0
11810 497101596 39 0
6138 497107734 17 0
5622 497113356 17 0
5643 497118999 25 0
11756 497130755 33 0
6164 497136919 12 0
5658 497142577 16 0
5658 497148235 9 0
11781 497160016 33 0
6138 497166154 14 0
5620 497171774 22 0
5651 497177425 18 0
11819 497189244 33 0
6138 497195382 15 0
5640 497201022 13 0
5658 497206680 9 0
11813 497218493 41 0
6145 497224638 20 0
5652 497230290 9 0
5646 497235936 13 0
11772 497247708 42 0
6132 497253840 32 0
5658 497259498 14 0
5658 497265156 9 0
11819 497276975 30 0
6138 497283113 13 0
7035 497290148 30 0
5650 497295798 21 0
11794 497307592 29 0
6120 497313712 19 0
5640 497319352 14 0
5658 497325010 10 0
11787 497336797 33 0
6138 497342935 15 0
5640 497348575 17 0
5658 497354233 11 0
11787 497366020 28 0
6151 497372171 14 0
5648 497377819 26 0
5652 497383471 22 0
11797 497395268 44 0
6138 497401406 16 0
5658 497407064 12 0
5658 497412722 10 0
11783 497424505 33 0
6145 497430650 13 0
5645 497436295 17 0
5658 497441953 7 0
11812 497453765 23 0
6151 497459916 13 0
5643 497465559 22 0
5658 497471217 9 0
11758 497482975 32 0
6138 497489113 15 0
5646 497494759 22 0
5651 497500410 18 0
11802 497512212 31 0
6138 497518350 13 0
5625 497523975 20 0
5658 497529633 10 0
11787 497541420 31 0
6138 497547558 15 0
5652 497553210 16 0
5649 497558859 25 0
11818 497570677 42 0
6138 497576815 16 0
5616 497582431 20 0
5662 497588093 17 0
11807 497599900 48 0
6151 497606051 16 0
5645 497611696 16 0
5658 497617354 8 0
11805 497629159 34 0
6138 497635297 16 0
5641 497640938 24 0
5658 497646596 10 0
11797 497658393 38 0
7515 497665908 29 0
5643 497671551 24 0
5658 497677209 8 0
11811 497689020 31 0
6151 497695171 18 0
5626 497700797 24 0
5637 497706434 21 0
11800 497718234 29 0
6095 497724329 25 0
5658 497729987 8 0
5651 497735638 13 0
11779 497747417 39 0
6138 497753555 17 0
5610 497759165 20 0
5658 497764823 12 0
11808 497776631 48 0
6132 497782763 15 0
5645 497788408 16 0
5658 497794066 10 0
11776 497805842 46 0
6138 497811980 13 0
5622 497817602 19 0
5641 497823243 24 0
11813 497835056 39 0
6151 497841207 16 0
5610 497846817 20 0
5627 497852444 21 0
11775 497864219 40 0
6114 497870333 21 0
5621 497875954 19 0
5648 497881602 27 0
11844 497893446 24 0
6126 497899572 20 0
5627 497905199 20 0
5658 497910857 11 0
11762 497922619 39 0
6114 497928733 24 0
5610 497934343 20 0
5645 497939988 19 0
11780 497951768 29 0
6138 497957906 25 0
5658 497963564 14 0
5658 497969222 13 0
11825 497981047 36 0
6097 497987144 25 0
5651 497992795 20 0
5658 497998453 10 0
11791 498010244 34 0
6126 498016370 26 0
5633 498022003 22 0
5642 498027645 24 0
13208 498040853 39 0
6120 498046973 23 0
5658 498052631 9 0
5658 498058289 10 0
11789 498070078 35 0
6151 498076229 18 0
5615 498081844 17 0
5654 498087498 28 0
11820 498099318 40 0
6138 498105456 15 0
5658 498111114 11 0
5646 498116760 13 0
11799 498128559 43 0
6138 498134697 16 0
5640 498140337 15 0
5646 498145983 16 0
11794 498157777 30 0
6133 498163910 18 0
5634 498169544 15 0
5655 498175199 17 0
11788 498186987 29 0
6118 498193105 29 0
5658 498198763 13 0
5658 498204421 13 0
11831 498216252 24 0
6126 498222378 20 0
5658 498228036 10 0
5658 498233694 8 0
11816 498245510 37 0
6138 498251648 16 0
5658 498257306 9 0
5628 498262934 16 0
11832 498274766 30 0
6112 498280878 23 0
5616 498286494 15 0
5642 498292136 22 0
11786 498303922 32 0
6151 498310073 16 0
5642 498315715 22 0
5658 498321373 9 0
11826 498333199 40 0
6138 498339337 17 0
5656 498344993 20 0
5651 498350644 13 0
11819 498362463 27 0
6138 498368601 20 0
5632 498374233 21 0
5658 498379891 11 0
11799 498391690 46 0
6151 498397841 16 0
5658 498403499 12 0
5658 498409157 10 0
13163 498422320 46 0
6130 498428450 25 0
5652 498434102 16 0
5658 498439760 14 0
11799 498451559 38 0
6138 498457697 18 0
5639 498463336 21 0
5658 498468994 17 0
11780 498480774 38 0
6138 498486912 17 0
5645 498492557 22 0
5658 498498215 8 0
11783 498509998 36 0
6113 498516111 21 0
5621 498521732 17 0
5661 498527393 22 0
11771 498539164 41 0
6151 498545315 14 0
5628 498550943 14 0
5637 498556580 22 0
11780 498568360 37 0
6131 498574491 22 0
5639 498580130 17 0
5658 498585788 8 0
915736 499501524 15424 873
6731 499508255 63 0
6429 499514684 35 0
6669 499521353 42 0
18469 499539822 411 19
6766 499546588 41 0
6662 499553250 20 0
7976 499561226 130 5
2324496 2324496 49337 408
10065485 12389981 78537 4515
19247929 31637910 18390 2217
19376302 51014212 19896 2808
19090694 70104906 20491 1336
19672930 89777836 19537 1257
19580653 109358489 18002 2329
19625376 128983865 18234 2160
18719987 147703852 24214 3049
19555505 167259357 19102 2025
19181516 186440873 18917 683
19656444 206097317 18325 2284
19637761 225735078 20784 2388
19640408 245375486 19199 790
18996272 264371758 23724 2892
19498143 283869901 18746 1213
18990700 302860601 19735 2114
19495010 322355611 19351 2640
19406574 341762185 18699 2340
19735607 361497792 18431 2906
19813740 381311532 18578 1818
19551103 400862635 19481 2769
19758154 420620789 18499 1592
19747149 440367938 18366 2151
19703019 460070957 18401 2810
19638469 479709426 19803 3396
13097409 492806835 29465 753
3544689 496351524 7882 90
6116 496357640 42 0
11771 496369411 40 0
5661 496375072 22 0
5658 496380730 9 0
6173 496386903 18 0
11803 496398706 47 0
5621 496404327 18 0
5658 496409985 9 0
6130 496416115 27 0
11801 496427916 46 0
5645 496433561 16 0
5626 496439187 25 0
6154 496445341 15 0
11776 496457117 39 0
5658 496462775 13 0
5658 496468433 12 0
6158 496474591 23 0
11739 496486330 40 0
5628 496491958 18 0
5652 496497610 12 0
6160 496503770 20 0
11801 496515571 39 0
5644 496521215 18 0
5643 496526858 22 0
6142 496533000 20 0
11774 496544774 35 0
5645 496550419 19 0
5658 496556077 11 0
6143 496562220 24 0
11771 496573991 43 0
5632 496579623 19 0
5658 496585281 15 0
6127 496591408 24 0
11776 496603184 44 0
5658 496608842 10 0
5651 496614493 26 0
6136 496620629 24 0
11796 496632425 25 0
5658 496638083 11 0
5658 496643741 10 0
6160 496649901 15 0
11792 496661693 29 0
5658 496667351 17 0
5643 496672994 22 1
6160 496679154 19 0
11778 496690932 34 0
5633 496696565 18 0
5646 496702211 22 0
7532 496709743 85 0
11796 496721539 34 0
5658 496727197 12 0
5626 496732823 23 0
6160 496738983 16 0
11809 496750792 23 0
5610 496756402 20 0
5652 496762054 14 0
6160 496768214 21 0
11788 496780002 40 0
5622 496785624 23 0
5650 496791274 15 0
6125 496797399 21 0
11804 496809203 46 0
5658 496814861 13 0
5658 496820519 13 0
6112 496826631 26 0
11793 496838424 40 0
5639 496844063 19 0
5658 496849721 9 0
6154 496855875 25 0
11784 496867659 41 0
5645 496873304 16 0
5652 496878956 14 0
6650 496885606 32 0
12985 496898591 40 0
6321 496904912 21 0
5649 496910561 12 0
6623 496917184 21 0
12201 496929385 42 0
6080 496935465 26 0
6129 496941594 19 0
6108 496947702 29 0
12190 496959892 40 0
5658 496965550 13 0
6138 496971688 20 0
6103 496977791 26 0
11759 496989550 38 0
6092 496995642 20 0
6104 497001746 24 0
6116 497007862 18 0
12208 497020070 41 0
6105 497026175 32 0
6116 497032291 22 0
6100 497038391 28 0
12208 497050599 41 0
6104 497056703 21 0
5654 497062357 30 0
6138 497068495 19 1
11790 497080285 29 0
5646 497085931 14 0
7034 497092965 37 0
15224 497108189 346 6
11783 497119972 48 0
5610 497125582 19 0
5658 497131240 8 0
11818 497143058 36 0
6151 497149209 16 0
5640 497154849 15 0
5651 497160500 19 0
11775 497172275 29 0
6142 497178417 31 0
5620 497184037 21 0
5658 497189695 15 0
11837 497201532 51 0
6138 497207670 16 0
5633 497213303 17 0
5652 497218955 13 0
11814 497230769 52 0
6137 497236906 26 0
5658 497242564 19 0
5658 497248222 15 0
11793 497260015 34 0
6138 497266153 21 0
5633 497271786 21 0
5651 497277437 15 0
11802 497289239 49 0
6101 497295340 28 0
5652 497300992 17 0
5655 497306647 28 0
11775 497318422 33 0
6138 497324560 16 0
5643 497330203 29 0
5658 497335861 15 0
11840 497347701 45 0
6108 497353809 22 0
5658 497359467 11 0
5626 497365093 20 0
11796 497376889 42 0
6151 497383040 13 0
5658 497388698 13 0
5649 497394347 22 0
11818 497406165 25 0
6138 497412303 20 0
5658 497417961 18 0
5640 497423601 23 0
11844 497435445 34 0
6127 497441572 19 0
5627 497447199 20 0
5658 497452857 12 0
11769 497464626 32 0
6151 497470777 19 0
7009 497477786 44 0
5658 497483444 12 0
11782 497495226 29 0
6101 497501327 23 0
5646 497506973 20 0
5658 497512631 11 0
11814 497524445 48 0
6138 497530583 17 0
5658 497536241 13 0
5652 497541893 14 0
11776 497553669 40 0
6126 497559795 23 0
5635 497565430 24 0
5658 497571088 12 0
11818 497582906 42 0
6100 497589006 26 0
5610 497594616 20 0
5662 497600278 33 0
11800 497612078 38 0
6151 497618229 17 0
5639 497623868 29 0
5658 497629526 12 0
11808 497641334 44 0
6138 497647472 16 0
5645 497653117 19 0
5649 497658766 23 0
11823 497670589 43 0
6114 497676703 24 0
5658 497682361 13 0
5643 497688004 24 0
11769 497699773 48 0
6151 497705924 19 0
5627 497711551 23 0
5646 497717197 12 0
11801 497728998 35 0
6114 497735112 21 0
5622 497740734 14 0
5650 497746384 25 0
11831 497758215 26 0
6143 497764358 28 0
5658 497770016 7 0
5663 497775679 27 0
11813 497787492 37 0
6106 497793598 25 0
5651 497799249 20 0
5650 497804899 29 0
11812 497816711 40 0
6138 497822849 18 0
5616 497828465 21 0
5658 497834123 13 0
11784 497845907 39 0
15716 497861623 252 27
5632 497867255 38 0
5650 497872905 24 0
11817 497884722 34 0
6138 497890860 14 0
5644 497896504 23 0
5658 497902162 11 0
11792 497913954 30 0
6120 497920074 20 0
5639 497925713 21 0
5633 497931346 24 0
11782 497943128 38 0
6109 497949237 21 0
5658 497954895 12 0
5648 497960543 25 0
11811 497972354 34 0
6132 497978486 15 0
5632 497984118 24 0
5648 497989766 24 0
11832 498001598 45 0
6126 498007724 24 0
5658 498013382 12 0
5651 498019033 16 0
11800 498030833 52 0
6138 498036971 16 0
5634 498042605 20 0
5659 498048264 27 0
11819 498060083 23 0
6090 498066173 23 0
5658 498071831 9 0
5652 498077483 12 0
11775 498089258 33 0
6151 498095409 19 0
5628 498101037 20 0
5638 498106675 25 0
12532 498119207 62 0
10160 498129367 223 1
6373 498135740 19 0
6333 498142073 22 0
12279 498154352 60 0
6126 498160478 24 0
5658 498166136 14 0
5658 498171794 16 0
11804 498183598 35 0
6153 498189751 21 0
5658 498195409 14 0
5658 498201067 10 0
11805 498212872 26 0
6138 498219010 17 0
5658 498224668 13 0
5658 498230326 13 0
13170 498243496 53 0
6138 498249634 19 0
5646 498255280 18 0
5658 498260938 10 0
11796 498272734 46 0
6119 498278853 26 0
5633 498284486 25 0
5621 498290107 17 0
11794 498301901 35 0
6131 498308032 22 0
5658 498313690 12 0
5658 498319348 9 0
11780 498331128 40 0
6143 498337271 24 0
5646 498342917 19 0
5658 498348575 9 0
11806 498360381 28 0
6138 498366519 17 0
5637 498372156 21 0
5658 498377814 8 0
11785 498389599 43 0
6123 498395722 27 0
5621 498401343 22 0
5637 498406980 28 0
11793 498418773 33 0
6151 498424924 16 0
5652 498430576 10 0
5652 498436228 16 0
11773 498448001 36 0
6111 498454112 29 0
5646 498459758 14 0
5646 498465404 15 0
11814 498477218 34 0
6138 498483356 19 0
5627 498488983 21 0
5658 498494641 12 0
11817 498506458 40 0
6132 498512590 17 0
5658 498518248 15 0
5634 498523882 16 0
11800 498535682 49 0
6101 498541783 24 0
5634 498547417 18 0
5658 498553075 10 0
11764 498564839 40 0
6177 498571016 19 0
5655 498576671 22 0
5640 498582311 19 0
11806 498594117 29 0
6119 498600236 25 0
5652 498605888 12 0
5645 498611533 15 0
13199 498624732 47 0
6138 498630870 18 0
5655 498636525 28 0
5658 498642183 10 0
896177 499538360 15397 792
17973 499556333 481 0
6168 499562501 52 0
6945 499569446 30 0
18506 499587952 429 35
6724 499594676 37 0
6653 499601329 31 0
5642 499606971 38 0
3351942 3351942 65476 410
11110092 14462034 66565 4308
19387448 33849482 19193 2471
19042509 52891991 23637 2628
19191183 72083174 17821 1124
19697587 91780761 17958 1409
19489362 111270123 18574 2204
18923207 130193330 24254 3114
19206072 149399402 18902 1636
19770947 169170349 19338 2692
19514907 188685256 21410 780
19583988 208269244 19088 2376
19619367 227888611 19108 2305
19394517 247283128 18651 950
18401561 265684689 25893 3157
19501401 285186090 18424 1600
19674775 304860865 18410 2095
19733537 324594402 18460 2366
19734957 344329359 19145 2818
19553520 363882879 18742 2621
19837468 383720347 18184 1465
19621381 403341728 18654 2974
19770392 423112120 19284 1177
19725689 442837809 18589 2620
19650708 462488517 18853 3078
19611804 482100321 19017 3630
11482272 493582593 29001 260
2777336 496359929 6574 79
5656 496365585 30 0
5658 496371243 18 0
11800 496383043 35 0
6138 496389181 19 0
5640 496394821 15 0
5658 496400479 14 0
11797 496412276 53 0
6135 496418411 26 0
5645 496424056 18 0
5651 496429707 23 0
13162 496442869 121 0
6151 496449020 19 0
5628 496454648 16 0
5650 496460298 26 0
11818 496472116 28 0
6138 496478254 16 0
5633 496483887 17 0
5658 496489545 9 0
11801 496501346 39 0
6138 496507484 17 0
5616 496513100 18 0
5658 496518758 9 0
11789 496530547 41 0
6138 496536685 18 0
5634 496542319 11 0
5657 496547976 18 0
11825 496559801 33 0
6125 496565926 21 0
5680 496571606 31 0
5658 496577264 8 0
11768 496589032 43 0
6151 496595183 13 0
5647 496600830 20 0
5658 496606488 9 0
11794 496618282 26 0
6138 496624420 15 0
5651 496630071 13 0
5658 496635729 10 0
11840 496647569 40 0
6113 496653682 30 0
5634 496659316 18 0
5658 496664974 12 0
11776 496676750 37 0
6133 496682883 20 0
5628 496688511 17 0
5658 496694169 9 0
11819 496705988 38 0
6138 496712126 17 0
5646 496717772 20 0
5658 496723430 10 0
11824 496735254 39 0
6125 496741379 24 0
5627 496747006 19 0
5658 496752664 11 0
11820 496764484 35 0
6102 496770586 24 0
5616 496776202 18 0
11809 496788011 35 0
5646 496793657 18 0
6145 496799802 14 0
5615 496805417 18 0
13189 496818606 47 0
5658 496824264 14 0
6136 496830400 29 0
5658 496836058 12 0
11806 496847864 43 0
5658 496853522 13 0
6138 496859660 18 0
5658 496865318 14 0
11802 496877120 37 0
5650 496882770 23 0
6665 496889435 65 0
6333 496895768 17 0
12305 496908073 38 0
6329 496914402 28 0
6614 496921016 19 0
6096 496927112 30 0
12226 496939338 31 0
6116 496945454 17 0
6114 496951568 30 0
6078 496957646 23 0
12201 496969847 39 0
6115 496975962 22 0
6085 496982047 24 0
6113 496988160 31 0
12209 497000369 39 0
6104 497006473 26 0
6089 497012562 31 0
6129 497018691 18 0
12208 497030899 34 0
6115 497037014 20 0
6116 497043130 16 0
6084 497049214 24 0
11778 497060992 24 0
5651 497066643 11 0
6151 497072794 15 0
5616 497078410 14 0
11787 497090197 28 0
5652 497095849 14 0
6138 497101987 14 0
5627 497107614 20 0
11819 497119433 21 0
5658 497125091 8 0
6122 497131213 29 0
5615 497136828 21 0
11818 497148646 23 0
5640 497154286 15 0
6153 497160439 28 0
5636 497166075 24 0
11816 497177891 27 0
5658 497183549 13 0
6137 497189686 21 0
6102 497195788 30 0
22241 497218029 382 4
5658 497223687 31 0
6142 497229829 38 0
5658 497235487 11 0
11820 497247307 37 0
5658 497252965 11 0
6114 497259079 22 0
5648 497264727 19 0
11813 497276540 33 0
5658 497282198 9 0
6138 497288336 14 0
5626 497293962 21 0
11788 497305750 31 0
5658 497311408 8 0
6151 497317559 16 0
5652 497323211 17 0
11806 497335017 25 0
5658 497340675 9 0
6126 497346801 18 0
5658 497352459 11 0
11789 497364248 35 0
5661 497369909 22 0
6111 497376020 28 0
5652 497381672 14 0
11769 497393441 33 0
5658 497399099 12 0
6151 497405250 15 0
5645 497410895 15 0
11785 497422680 34 0
5646 497428326 13 0
6130 497434456 22 0
5642 497440098 28 0
11816 497451914 34 0
5656 497457570 23 0
6100 497463670 27 0
5658 497469328 12 0
11781 497481109 38 0
5643 497486752 21 0
6138 497492890 19 0
5621 497498511 20 0
11812 497510323 35 0
5643 497515966 38 3
6118 497522084 28 0
5639 497527723 17 0
11788 497539511 33 0
5658 497545169 11 0
6127 497551296 22 0
5658 497556954 9 0
11798 497568752 37 0
5658 497574410 9 0
6138 497580548 15 0
7006 497587554 30 0
11824 497599378 29 0
5632 497605010 22 0
6130 497611140 21 0
5646 497616786 15 0
11803 497628589 33 0
5658 497634247 8 0
6122 497640369 21 0
5627 497645996 22 0
11772 497657768 38 0
5658 497663426 9 0
6106 497669532 25 0
5658 497675190 11 0
11804 497686994 33 0
5628 497692622 17 0
6138 497698760 14 0
5639 497704399 16 0
11770 497716169 28 0
5658 497721827 10 0
6138 497727965 14 0
5658 497733623 9 0
11813 497745436 30 0
5650 497751086 18 0
6111 497757197 28 0
5646 497762843 19 0
11797 497774640 33 0
5658 497780298 11 0
6145 497786443 14 0
5620 497792063 17 0
11804 497803867 34 0
5658 497809525 11 0
6143 497815668 29 0
5658 497821326 11 0
11831 497833157 23 0
5655 497838812 26 0
6138 497844950 17 0
5658 497850608 9 0
11788 497862396 31 0
5649 497868045 27 0
6141 497874186 34 0
5658 497879844 11 0
11818 497891662 26 0
5658 497897320 10 0
6138 497903458 11 0
5658 497909116 11 0
11789 497920905 28 0
5644 497926549 19 0
6132 497932681 31 0
5650 497938331 23 0
11790 497950121 33 0
5658 497955779 9 0
7503 497963282 33 0
5658 497968940 12 0
11808 497980748 30 0
5640 497986388 19 0
6100 497992488 27 0
5632 497998120 22 0
11782 498009902 38 0
5632 498015534 23 0
6152 498021686 22 0
5658 498027344 11 0
11770 498039114 32 0
5652 498044766 15 0
6138 498050904 17 0
5631 498056535 23 0
11841 498068376 42 0
5658 498074034 12 0
6090 498080124 21 0
5639 498085763 16 0
11804 498097567 34 0
5658 498103225 8 0
6138 498109363 23 0
5651 498115014 20 0
11822 498126836 37 0
5645 498132481 21 0
6132 498138613 22 0
5658 498144271 11 0
11803 498156074 30 0
5658 498161732 11 0
6138 498167870 14 0
5652 498173522 14 0
11782 498185304 35 0
5633 498190937 16 0
6101 498197038 25 0
5646 498202684 17 0
11810 498214494 33 0
5655 498220149 23 0
6095 498226244 23 0
5646 498231890 17 0
11805 498243695 29 0
5658 498249353 9 0
6151 498255504 15 0
5639 498261143 16 0
11817 498272960 30 0
5657 498278617 30 0
6121 498284738 21 0
5658 498290396 10 0
11783 498302179 28 0
5658 498307837 13 0
6138 498313975 17 0
5646 498319621 18 0
11787 498331408 34 0
7023 498338431 31 0
6144 498344575 23 0
6116 498350691 15 0
11789 498362480 36 0
5648 498368128 21 0
6138 498374266 15 0
5638 498379904 22 0
11832 498391736 21 0
5633 498397369 14 0
6138 498403507 15 0
5622 498409129 19 0
11797 498420926 29 0
5660 498426586 27 0
6102 498432688 21 0
5628 498438316 11 0
11812 498450128 29 0
5658 498455786 8 0
6107 498461893 25 0
5640 498467533 20 0
11793 498479326 31 0
5651 498484977 17 0
6131 498491108 26 0
5633 498496741 16 0
11796 498508537 33 0
5651 498514188 20 0
6138 498520326 15 0
6080 498526406 25 0
11788 498538194 44 0
5658 498543852 13 0
6138 498549990 16 0
5620 498555610 21 0
11793 498567403 44 0
5644 498573047 19 0
6120 498579167 23 0
5622 498584789 16 0
11787 498596576 28 0
5658 498602234 9 0
6136 498608370 39 0
5658 498614028 10 0
932683 499546711 16128 846
6894 499553605 395 1
6105 499559710 29 0
6691 499566401 37 0
19010 499585411 437 20
6402 499591813 55 0
6740 499598553 21 0
6674 499605227 19 0
3878194 3878194 75715 640
13156162 17034356 59439 4722
19496068 36530424 17109 2609
19205030 55735454 21835 1919
19494176 75229630 22692 1170
19631391 94861021 21135 1844
19505181 114366202 20068 2153
18788762 133154964 25186 3417
19118663 152273627 20084 1758
19681185 171954812 21701 2233
19235473 191190285 21933 883
19662237 210852522 20565 2545
19663388 230515910 20190 1952
19593148 250109058 21805 1297
18832994 268942052 24529 2882
19359913 288301965 18511 1781
18936541 307238506 18668 1997
19562957 326801463 19117 1958
19809472 346610935 19162 2818
19578922 366189857 18795 2398
19815247 386005104 18678 1407
19657932 405663036 19076 3127
19778570 425441606 18191 1142
19766524 445208130 18373 2734
19686929 464895059 18426 3118
18875713 483770772 26127 3259
10724972 494495744 20920 39
1817628 496313372 5047 65
6089 496319461 38 0
11775 496331236 44 0
5660 496336896 18 0
5650 496342546 20 0
6173 496348719 21 0
11778 496360497 39 0
5658 496366155 9 0
5646 496371801 24 0
6153 496377954 20 0
11783 496389737 38 0
5650 496395387 19 0
5658 496401045 5 0
6173 496407218 17 0
11796 496419014 20 0
5642 496424656 22 0
5643 496430299 23 0
6142 496436441 22 0
11784 496448225 31 0
5644 496453869 26 0
5658 496459527 11 0
6160 496465687 15 0
13173 496478860 104 0
5656 496484516 15 0
5643 496490159 25 0
6173 496496332 15 0
11775 496508107 45 0
5634 496513741 12 0
5663 496519404 23 0
6160 496525564 19 0
11796 496537360 29 0
5616 496542976 16 0
5658 496548634 6 0
6148 496554782 24 0
11775 496566557 30 0
5646 496572203 13 0
5658 496577861 16 0
6166 496584027 22 0
11772 496595799 25 0
5658 496601457 11 0
5658 496607115 10 0
6142 496613257 23 0
11754 496625011 27 0
5634 496630645 18 0
5666 496636311 26 0
11813 496648124 30 0
6124 496654248 24 0
5658 496659906 11 0
5652 496665558 15 0
11804 496677362 46 0
6151 496683513 15 0
5658 496689171 12 0
5640 496694811 14 0
11780 496706591 43 0
6108 496712699 24 0
5638 496718337 29 0
5658 496723995 10 0
11807 496735802 46 0
6126 496741928 25 0
5627 496747555 21 0
5658 496753213 27 0
11794 496765007 25 0
6139 496771146 19 0
5658 496776804 17 0
5658 496782462 10 0
11806 496794268 42 0
6138 496800406 16 0
5645 496806051 20 0
5616 496811667 20 0
11831 496823498 26 0
6672 496830170 56 0
6333 496836503 26 0
5612 496842115 25 0
14378 496856493 48 0
6600 496863093 34 0
6119 496869212 30 0
5658 496874870 13 0
12254 496887124 34 0
6115 496893239 20 0
6097 496899336 25 0
6116 496905452 17 0
12215 496917667 38 0
6116 496923783 16 0
6074 496929857 25 0
5616 496935473 18 0
12187 496947660 45 0
6116 496953776 23 0
6110 496959886 19 0
6098 496965984 25 0
12215 496978199 50 0
6080 496984279 24 0
6116 496990395 22 0
5658 496996053 21 0
12229 497008282 35 0
6142 497014424 17 0
5658 497020082 14 0
5658 497025740 9 0
11792 497037532 32 0
6128 497043660 26 0
5645 497049305 20 0
5658 497054963 11 0
11769 497066732 38 0
6108 497072840 26 0
5640 497078480 16 0
5640 497084120 18 0
11818 497095938 31 0
6123 497102061 26 0
5658 497107719 12 0
5658 497113377 9 0
11812 497125189 41 0
6125 497131314 22 0
5626 497136940 21 0
5634 497142574 18 0
11799 497154373 32 0
6131 497160504 33 0
5652 497166156 14 0
5651 497171807 16 0
11787 497183594 28 0
6138 497189732 16 0
5616 497195348 20 0
5658 497201006 11 0
11799 497212805 38 0
6107 497218912 25 0
5658 497224570 10 0
7022 497231592 38 0
11807 497243399 52 0
6151 497249550 19 0
5658 497255208 13 0
5658 497260866 10 0
11782 497272648 28 0
6118 497278766 23 0
5631 497284397 23 0
5667 497290064 26 0
23186 497313250 431 0
6120 497319370 28 0
5637 497325007 26 0
5658 497330665 9 0
11803 497342468 29 0
6132 497348600 14 0
5621 497354221 20 0
5658 497359879 9 0
11813 497371692 26 0
6138 497377830 16 0
5640 497383470 18 0
5658 497389128 11 0
11743 497400871 39 0
6164 497407035 15 0
5633 497412668 23 0
5658 497418326 11 0
11814 497430140 32 0
6118 497436258 29 0
5646 497441904 18 0
5658 497447562 11 0
11823 497459385 30 0
6138 497465523 16 0
5621 497471144 20 0
5658 497476802 13 0
11803 497488605 40 0
6124 497494729 27 0
5658 497500387 12 0
5636 497506023 21 0
11818 497517841 21 0
6138 497523979 14 0
5632 497529611 21 0
5652 497535263 15 0
11788 497547051 32 0
6126 497553177 23 0
5651 497558828 19 0
5658 497564486 10 0
11794 497576280 45 0
6145 497582425 16 0
5634 497588059 16 0
5658 497593717 12 0
11810 497605527 33 0
7515 497613042 33 0
5626 497618668 23 0
5650 497624318 24 0
11770 497636088 24 0
6151 497642239 16 0
5639 497647878 17 0
5658 497653536 13 0
11792 497665328 40 0
6138 497671466 17 0
5631 497677097 22 0
5658 497682755 10 0
11782 497694537 29 0
6138 497700675 14 0
5657 497706332 15 0
5658 497711990 11 0
11800 497723790 24 0
6109 497729899 20 0
5645 497735544 17 0
5658 497741202 10 0
11780 497752982 32 0
6138 497759120 17 0
6096 497765216 24 0
5658 497770874 14 0
11803 497782677 38 0
6138 497788815 19 0
5626 497794441 19 0
5646 497800087 13 0
11834 497811921 42 0
6124 497818045 24 0
5627 497823672 20 0
5658 497829330 9 0
11808 497841138 46 0
6120 497847258 24 0
5658 497852916 13 0
5645 497858561 22 0
11812 497870373 27 0
6108 497876481 26 0
5658 497882139 9 0
5658 497887797 8 0
11812 497899609 21 0
6138 497905747 16 0
5640 497911387 17 0
5561 497916948 16 0
11780 497928728 47 0
6102 497934830 21 0
5640 497940470 18 0
5631 497946101 24 0
11754 497957855 44 0
6145 497964000 21 0
5658 497969658 12 0
5658 497975316 11 0
13177 497988493 50 0
6138 497994631 19 0
5651 498000282 16 0
5658 498005940 11 0
11785 498017725 37 0
6138 498023863 19 0
5658 498029521 9 0
5658 498035179 9 0
11788 498046967 31 0
6138 498053105 16 0
5626 498058731 21 0
5646 498064377 24 0
11782 498076159 35 0
6138 498082297 14 0
5637 498087934 22 0
5658 498093592 11 0
11767 498105359 39 0
6151 498111510 16 0
5631 498117141 19 0
5658 498122799 13 0
11763 498134562 35 0
6101 498140663 22 0
5658 498146321 13 0
5636 498151957 23 0
12711 498164668 96 3
6138 498170806 17 0
5652 498176458 17 0
5658 498182116 9 0
11793 498193909 31 0
6126 498200035 23 0
5620 498205655 22 0
5645 498211300 20 0
11780 498223080 35 0
6130 498229210 32 0
5658 498234868 11 0
5658 498240526 11 0
11833 498252359 37 0
6138 498258497 16 0
5645 498264142 15 0
5643 498269785 23 0
11805 498281590 35 0
6090 498287680 21 0
5658 498293338 9 0
5661 498298999 21 0
11818 498310817 31 0
6145 498316962 16 0
5633 498322595 18 0
5658 498328253 12 0
11781 498340034 37 0
6151 498346185 16 0
5615 498351800 23 0
5640 498357440 20 0
13193 498370633 44 0
6138 498376771 18 0
5654 498382425 25 0
5658 498388083 12 0
11824 498399907 29 0
6138 498406045 14 0
5647 498411692 24 0
5639 498417331 25 0
11809 498429140 36 0
6151 498435291 15 0
5649 498440940 24 0
5639 498446579 22 0
11772 498458351 37 0
6138 498464489 17 0
5652 498470141 20 0
5652 498475793 16 0
11807 498487600 32 0
6126 498493726 20 0
5646 498499372 17 0
5658 498505030 9 0
11794 498516824 35 0
6130 498522954 22 0
5658 498528612 20 0
5657 498534269 15 0
11837 498546106 36 0
6135 498552241 27 0
5652 498557893 21 0
5658 498563551 13 0
898100 499461651 15264 834
6693 499468344 77 0
6666 499475010 27 0
12169 499487179 375 12
13011 499500190 65 0
6668 499506858 31 0
6424 499513282 27 0
6662 499519944 19 0
14785 499534729 129 2
