23, 1, 3378432, 675686.200
20, 3378433, 10461843, 1416682.000
17, 10461844, 27313304, 1685146.000
26, 27313305, 34511710, 1439681.000
5, 34511711, 40167817, 1131221.200
10, 40167818, 54501662, 2866768.800
3, 54501663, 757955861, 2512336.421
9, 757955862, 769874014, 2383630.400
3, 769874015, 805932292, 2403885.133
9, 805932293, 1286580519, 2344625.493
21, 1286580520, 1294497649, 1583425.800
8, 1294497650, 1564676182, 1543877.326
5, 1564676183, 1571168708, 1298505.000
7, 1571168709, 1603082558, 638276.980
5, 1603082559, 1642225965, 1304780.200
2, 1642225966, 1643311987, 217204.200
25, 1643311988, 1655530032, 2443608.800
6, 1655530033, 1655565020, 1749.350
2, 1655565021, 1655718146, 30625.000
6, 1655718147, 1655731526, 1337.900
