5,1.0,393696770.27,3889417319.267523
4,393696771.27,422995628.27,2021348296.0527227
2,422995629.27,469526595.55999994,3036024722.4208217
4,469526596.55999994,483919045.71999997,2021348296.0527227
3,483919046.71999997,514886941.93999994,1647012626.1522777
2,514886942.93999994,545314188.3299999,3036024722.4208217
1,545314189.3299999,1280200826.3900003,4437195218.808543
2,1280200827.3900003,1388085998.0500004,3036024722.4208217
6,1388085999.0500004,2045697188.1999998,4889939584.3099985
2,2045697189.1999998,2106930500.6799998,3036024722.4208217
4,2106930501.6799998,2111655281.1648483,2021348296.0527227
0,2111655282.1648483,2111849194.1648483,239763616.18792993
