2432575 2432575 51097 1239
9521174 11953749 77507 8808
19302728 31256477 19396 4657
18955181 50211658 23532 4690
19395298 69606956 18449 4349
19548845 89155801 20127 3937
18824747 107980548 25755 6384
18833670 126814218 20619 4493
19306386 146120604 20793 4483
19773892 165894496 20855 4660
19551396 185445892 23126 3794
19440687 204886579 20184 4750
19607703 224494282 20508 4837
19186720 243681002 20435 4286
18534566 262215568 26666 4670
19006582 281222150 19583 3980
19397492 300619642 19949 4693
19629616 320249258 19252 4869
19633792 339883050 20599 4743
19598464 359481514 20300 4983
19633476 379114990 20177 4641
19656391 398771381 19758 4653
19618064 418389445 20252 4821
19647406 438036851 19814 4167
19508210 457545061 20194 5187
19614976 477160037 20058 5088
14439507 491599544 31048 1796
4735857 496335401 9366 182
5658 496341059 21 0
5656 496346715 29 0
11794 496358509 44 0
6109 496364618 25 0
5636 496370254 24 0
5633 496375887 15 0
11818 496387705 30 0
6101 496393806 25 0
5651 496399457 15 0
5644 496405101 23 0
11776 496416877 43 0
6117 496422994 28 0
5616 496428610 20 0
5644 496434254 15 0
11812 496446066 32 0
6158 496452224 16 0
5644 496457868 16 0
5672 496463540 29 0
11818 496475358 29 0
6138 496481496 19 0
5649 496487145 20 0
5637 496492782 20 0
11825 496504607 23 0
6095 496510702 23 0
5640 496516342 16 0
5658 496522000 9 0
11806 496533806 25 0
6090 496539896 23 0
5655 496545551 20 0
5657 496551208 19 0
11832 496563040 37 0
6138 496569178 16 0
5639 496574817 24 0
11812 496586629 31 0
5643 496592272 25 0
6114 496598386 28 0
5658 496604044 13 0
11805 496615849 44 0
5656 496621505 36 0
6129 496627634 31 0
5662 496633296 28 0
11831 496645127 28 0
5633 496650760 22 0
6135 496656895 35 0
5658 496662553 14 0
11786 496674339 42 0
5658 496679997 12 0
6151 496686148 15 0
7023 496693171 100 0
11804 496704975 30 0
5658 496710633 9 0
6114 496716747 20 0
5610 496722357 16 0
11831 496734188 23 0
5610 496739798 19 0
6108 496745906 17 0
5657 496751563 18 0
11790 496763353 27 0
5646 496768999 18 0
6138 496775137 17 0
5657 496780794 14 0
11818 496792612 25 0
5668 496798280 25 0
6138 496804418 18 0
5658 496810076 14 0
11812 496821888 30 0
5657 496827545 22 0
6151 496833696 16 0
5658 496839354 10 0
11814 496851168 31 0
5658 496856826 13 0
6665 496863491 54 0
6332 496869823 32 0
21435 496891258 359 5
6302 496897560 52 0
6585 496904145 38 0
6088 496910233 27 0
11796 496922029 26 0
6104 496928133 20 0
6129 496934262 17 0
6091 496940353 22 0
12220 496952573 27 0
6116 496958689 13 0
6116 496964805 15 0
6103 496970908 23 0
12203 496983111 37 0
6116 496989227 15 0
6103 496995330 19 0
6096 497001426 27 0
12214 497013640 36 0
6107 497019747 31 0
6104 497025851 21 0
6108 497031959 26 0
11796 497043755 23 0
6078 497049833 25 0
6116 497055949 16 0
5640 497061589 16 0
11798 497073387 34 0
5645 497079032 22 0
7523 497086555 46 0
5658 497092213 13 0
11797 497104010 41 0
5658 497109668 12 0
6138 497115806 15 0
5644 497121450 21 0
11818 497133268 28 0
5658 497138926 8 0
6112 497145038 21 0
5645 497150683 21 0
11725 497162408 34 1
5652 497168060 19 0
6138 497174198 20 0
5649 497179847 28 0
11793 497191640 31 0
5638 497197278 16 0
6115 497203393 18 0
5627 497209020 19 0
11828 497220848 32 0
5658 497226506 9 0
6105 497232611 24 0
5640 497238251 17 0
11783 497250034 39 0
5658 497255692 10 0
6138 497261830 16 0
5638 497267468 22 0
11831 497279299 28 0
5660 497284959 27 0
6118 497291077 26 0
5658 497296735 9 0
11798 497308533 33 0
5651 497314184 16 0
6137 497320321 24 0
5648 497325969 29 0
11809 497337778 28 0
5639 497343417 21 0
6138 497349555 16 0
5644 497355199 18 0
11794 497366993 35 0
5658 497372651 8 0
6138 497378789 15 0
5646 497384435 17 0
11804 497396239 32 0
5652 497401891 13 0
6147 497408038 31 0
5646 497413684 15 0
11804 497425488 28 0
5658 497431146 9 0
6138 497437284 15 0
5648 497442932 19 0
11824 497454756 30 0
7033 497461789 36 0
6138 497467927 17 0
5658 497473585 9 0
11817 497485402 34 0
5646 497491048 12 0
6107 497497155 28 0
5652 497502807 10 0
11817 497514624 33 0
5658 497520282 14 0
6138 497526420 15 0
5661 497532081 28 0
11811 497543892 36 0
5645 497549537 15 0
6139 497555676 23 0
5658 497561334 14 0
11785 497573119 34 0
5658 497578777 9 0
6120 497584897 19 0
5610 497590507 18 0
11783 497602290 30 0
5658 497607948 9 0
6135 497614083 29 0
5658 497619741 11 0
11800 497631541 34 0
5658 497637199 9 0
6116 497643315 25 0
5658 497648973 13 0
11781 497660754 33 0
5652 497666406 16 0
6143 497672549 35 0
5640 497678189 16 0
11805 497689994 36 0
5658 497695652 10 0
6138 497701790 15 0
5632 497707422 20 0
11794 497719216 26 0
5633 497724849 15 0
6132 497730981 22 0
5659 497736640 29 0
11806 497748446 35 0
5654 497754100 27 0
6120 497760220 23 0
5658 497765878 12 0
11805 497777683 34 0
5637 497783320 21 0
6132 497789452 24 0
6099 497795551 28 0
11777 497807328 38 0
5655 497812983 26 0
6126 497819109 19 0
5640 497824749 16 0
13184 497837933 36 0
5639 497843572 18 0
6118 497849690 25 0
5658 497855348 10 0
11785 497867133 69 4
5658 497872791 12 0
6151 497878942 16 0
5638 497884580 24 0
11811 497896391 30 0
5643 497902034 23 0
6138 497908172 15 0
5616 497913788 20 0
11806 497925594 33 1
5649 497931243 19 0
6126 497937369 23 0
5627 497942996 19 0
11812 497954808 28 0
5652 497960460 11 0
6136 497966596 27 0
5640 497972236 15 0
11823 497984059 30 0
5652 497989711 21 0
6126 497995837 19 0
5658 498001495 13 0
11824 498013319 24 0
5658 498018977 11 0
6169 498025146 21 0
5658 498030804 12 0
11788 498042592 32 0
5658 498048250 10 0
6132 498054382 18 0
5658 498060040 12 0
11829 498071869 24 0
5658 498077527 11 0
6126 498083653 22 0
5658 498089311 11 0
11787 498101098 37 0
5658 498106756 15 0
6151 498112907 15 0
5658 498118565 9 0
11782 498130347 28 0
5657 498136004 14 0
6138 498142142 17 0
5633 498147775 18 0
11789 498159564 31 0
5646 498165210 13 0
6132 498171342 17 0
5646 498176988 11 0
11811 498188799 34 0
5658 498194457 19 0
6138 498200595 16 0
5658 498206253 11 0
13172 498219425 47 0
5658 498225083 12 0
6126 498231209 17 0
5658 498236867 12 0
11806 498248673 35 0
5657 498254330 15 0
6145 498260475 17 0
5651 498266126 13 0
11811 498277937 33 0
5658 498283595 10 0
6132 498289727 15 0
5646 498295373 13 0
11801 498307174 24 0
5658 498312832 17 0
6138 498318970 16 0
5658 498324628 13 0
11818 498336446 22 0
5658 498342104 11 0
6138 498348242 22 0
5657 498353899 17 0
11793 498365692 30 0
5658 498371350 11 0
6132 498377482 21 0
5658 498383140 11 0
11819 498394959 26 0
5658 498400617 12 0
6108 498406725 17 0
5652 498412377 15 0
11817 498424194 24 0
5657 498429851 17 0
6107 498435958 20 0
5640 498441598 16 0
11810 498453408 37 0
5651 498459059 12 0
6138 498465197 14 0
5658 498470855 8 0
11817 498482672 24 0
5658 498488330 11 0
6151 498494481 18 0
5634 498500115 20 0
11804 498511919 32 0
5639 498517558 19 0
6126 498523684 20 0
5658 498529342 13 0
11794 498541136 20 0
5658 498546794 11 0
6138 498552932 16 0
11277 498564209 29 0
6160 498570369 17 0
5658 498576027 10 0
6151 498582178 17 0
12657 498594835 44 0
694817 499289652 12379 1360
209771 499499423 3383 100
6703 499506126 47 0
18873 499524999 415 19
6686 499531685 57 0
6888 499538573 36 0
6662 499545235 19 0
14862 499560097 195 7
6589 499566686 38 0
6641 499573327 29 0
6601 499579928 28 0
13642 499593570 45 0
6111 499599681 32 0
6641 499606322 24 0
4562091 4562091 87809 2104
14480567 19042658 47842 9874
19283730 38326388 17559 4491
18910022 57236410 24606 4314
19540897 76777307 18362 4362
19532046 96309353 18531 4571
19427749 115737102 18415 4866
18351747 134088849 25453 5755
19241903 153330752 18615 4444
19689785 173020537 19110 4861
19508885 192529422 21506 3900
19429234 211958656 19818 4767
19552073 231510729 19206 4675
19499106 251009835 18858 4344
18192594 269202429 24983 3861
19225510 288427939 19952 4820
19195350 307623289 18981 4498
19573447 327196736 18955 4614
19705736 346902472 19308 4981
19518749 366421221 19630 4941
19636656 386057877 19189 4538
19499839 405557716 19113 5081
19634094 425191810 18664 4720
19582473 444774283 19630 4333
19515871 464290154 19064 5146
19245854 483536008 22022 4984
10801150 494337158 25882 93
2039137 496376295 5962 161
5658 496381953 32 0
5658 496387611 16 0
6160 496393771 15 0
13166 496406937 116 10
5658 496412595 16 0
5658 496418253 12 0
6161 496424414 33 1
11724 496436138 39 0
5652 496441790 15 0
5652 496447442 12 0
6156 496453598 29 0
11774 496465372 43 0
5645 496471017 18 0
5658 496476675 9 0
6152 496482827 29 0
11796 496494623 25 0
5634 496500257 21 0
5642 496505899 24 0
6136 496512035 20 0
11814 496523849 26 0
5652 496529501 13 0
5658 496535159 12 0
6118 496541277 26 0
11803 496553080 27 0
5628 496558708 15 0
5652 496564360 12 0
6155 496570515 17 0
11766 496582281 24 0
5628 496587909 15 0
5646 496593555 26 0
6141 496599696 27 0
11783 496611479 35 0
5658 496617137 10 0
5656 496622793 17 0
11803 496634596 42 0
6138 496640734 20 0
5652 496646386 14 0
5649 496652035 23 0
11821 496663856 30 0
6138 496669994 18 0
5658 496675652 9 0
5640 496681292 17 0
11806 496693098 30 0
6138 496699236 16 0
5610 496704846 19 0
5658 496710504 22 0
11813 496722317 49 0
6118 496728435 23 0
5646 496734081 17 0
5658 496739739 12 0
11797 496751536 42 0
6151 496757687 17 0
5651 496763338 18 0
5634 496768972 19 0
13162 496782134 60 0
6138 496788272 16 0
5652 496793924 15 0
5646 496799570 19 0
11819 496811389 24 0
6138 496817527 16 0
5658 496823185 11 0
5652 496828837 14 0
11810 496840647 43 0
6145 496846792 16 0
5651 496852443 20 0
5658 496858101 9 0
11818 496869919 35 0
6138 496876057 19 0
5656 496881713 23 0
5658 496887371 10 0
13018 496900389 103 0
6600 496906989 45 0
6373 496913362 20 0
6327 496919689 19 1
12225 496931914 39 0
6138 496938052 16 0
15184 496953236 346 9
5646 496958882 35 0
12203 496971085 42 0
6110 496977195 19 0
6116 496983311 18 0
6116 496989427 18 0
12239 497001666 36 0
6116 497007782 16 0
6116 497013898 17 0
6116 497020014 16 0
12187 497032201 43 0
6080 497038281 24 0
6102 497044383 21 0
6132 497050515 31 0
12201 497062716 38 0
6130 497068846 26 0
6116 497074962 18 0
5658 497080620 12 0
11778 497092398 25 0
6145 497098543 25 0
5651 497104194 14 0
5650 497109844 19 0
11799 497121643 31 0
6138 497127781 15 0
5658 497133439 8 0
5652 497139091 15 0
11823 497150914 35 0
6138 497157052 15 0
5616 497162668 19 0
5628 497168296 15 0
13140 497181436 50 0
6138 497187574 15 0
5658 497193232 13 0
5658 497198890 11 0
11823 497210713 38 0
6126 497216839 27 0
5616 497222455 18 0
5652 497228107 21 0
11805 497239912 40 0
6139 497246051 27 0
5636 497251687 23 0
5644 497257331 19 0
11765 497269096 43 0
6123 497275219 28 0
5658 497280877 12 0
5658 497286535 10 0
11811 497298346 24 0
6145 497304491 11 0
5622 497310113 19 0
5646 497315759 18 0
11813 497327572 33 0
6171 497333743 37 0
5645 497339388 17 0
5658 497345046 10 0
11779 497356825 29 0
6138 497362963 16 0
5628 497368591 14 0
5652 497374243 15 0
11745 497385988 38 0
6138 497392126 17 0
5658 497397784 11 0
5652 497403436 11 0
11762 497415198 35 0
6132 497421330 16 0
5658 497426988 11 0
5646 497432634 15 0
11798 497444432 30 0
6138 497450570 19 0
5633 497456203 18 0
5658 497461861 10 0
11804 497473665 37 0
6140 497479805 19 0
5649 497485454 24 0
5646 497491100 11 0
11799 497502899 30 0
6138 497509037 15 0
5642 497514679 22 0
5658 497520337 9 0
11826 497532163 39 0
6138 497538301 17 0
5655 497543956 26 0
7035 497550991 24 0
11779 497562770 39 0
6151 497568921 14 0
5633 497574554 20 0
5615 497580169 19 0
11806 497591975 22 0
6122 497598097 25 0
5658 497603755 8 0
5658 497609413 8 0
11829 497621242 45 0
6138 497627380 13 0
5628 497633008 14 0
5658 497638666 7 0
11805 497650471 40 0
6138 497656609 17 0
5658 497662267 12 0
5658 497667925 14 0
11813 497679738 23 0
6127 497685865 29 0
5658 497691523 9 0
5625 497697148 20 0
11825 497708973 45 1
14356 497723329 269 75
5658 497728987 24 0
5658 497734645 9 0
11806 497746451 23 0
6125 497752576 26 0
5657 497758233 16 0
5640 497763873 15 0
11772 497775645 38 0
6126 497781771 20 0
5632 497787403 19 0
5650 497793053 26 0
11792 497804845 23 0
6151 497810996 16 0
5658 497816654 10 0
5658 497822312 11 0
11795 497834107 41 0
6108 497840215 20 0
5632 497845847 21 0
5645 497851492 16 0
11843 497863335 30 0
6138 497869473 14 0
5627 497875100 22 0
5634 497880734 24 0
11820 497892554 40 0
6138 497898692 14 0
5634 497904326 15 0
5645 497909971 25 0
11799 497921770 31 0
6138 497927908 16 0
7033 497934941 44 0
5616 497940557 18 0
11787 497952344 37 0
6129 497958473 25 0
5658 497964131 10 0
5658 497969789 17 0
11773 497981562 41 0
6126 497987688 17 0
5639 497993327 15 0
5637 497998964 19 0
11805 498010769 28 0
6136 498016905 24 0
5645 498022550 16 0
5658 498028208 8 0
11818 498040026 22 0
6140 498046166 20 0
5622 498051788 18 0
5658 498057446 9 0
11820 498069266 39 0
6138 498075404 19 0
5645 498081049 26 0
5652 498086701 16 0
11806 498098507 33 0
6138 498104645 18 0
5643 498110288 24 0
5658 498115946 9 0
11802 498127748 31 0
6114 498133862 20 0
5640 498139502 15 0
5658 498145160 8 0
11809 498156969 32 0
6115 498163084 30 0
5646 498168730 13 0
5649 498174379 23 0
11754 498186133 41 0
6151 498192284 14 0
5639 498197923 19 0
5658 498203581 13 0
11791 498215372 43 0
6138 498221510 16 0
5658 498227168 13 0
5658 498232826 10 0
11842 498244668 37 0
6132 498250800 15 0
5658 498256458 10 0
5658 498262116 8 0
11798 498273914 29 0
6151 498280065 17 0
5652 498285717 13 0
5658 498291375 7 0
11758 498303133 31 0
7515 498310648 31 0
5658 498316306 11 0
5658 498321964 9 0
11831 498333795 19 0
6138 498339933 17 0
5658 498345591 9 0
5658 498351249 10 0
11799 498363048 29 0
6132 498369180 16 0
5658 498374838 12 0
5658 498380496 14 0
11830 498392326 23 0
6138 498398464 18 0
5652 498404116 11 0
5651 498409767 12 0
11814 498421581 35 0
6151 498427732 20 0
5658 498433390 10 0
5658 498439048 16 0
11816 498450864 29 0
6125 498456989 21 0
5658 498462647 10 0
5646 498468293 12 0
11793 498480086 32 0
6132 498486218 18 0
5645 498491863 18 0
5646 498497509 12 0
11770 498509279 32 0
6133 498515412 20 0
5658 498521070 12 0
5652 498526722 15 0
11792 498538514 31 0
6138 498544652 16 0
5658 498550310 14 0
5652 498555962 15 0
11817 498567779 30 0
6132 498573911 17 0
5652 498579563 12 0
5658 498585221 9 0
11811 498597032 27 0
6125 498603157 20 0
5652 498608809 8 0
13438 498622247 206 32
12713 498634960 117 5
6126 498641086 16 0
5646 498646732 17 0
698212 499344944 12230 1461
206951 499551895 3773 95
6142 499558037 35 0
8068 499566105 105 1
19145 499585250 411 38
6689 499591939 35 0
6714 499598653 33 0
6677 499605330 17 0
15057 499620387 138 5
3308711 3308711 62739 1750
9405055 12713766 65314 8760
19160705 31874471 18660 4466
19017237 50891708 20893 4630
19178857 70070565 21586 4395
19461030 89531595 20109 4061
19349361 108880956 19364 4873
18528851 127409807 25877 6031
18955770 146365577 20382 4386
19606838 165972415 20701 4733
19094054 185066469 21439 3737
19489227 204555696 19781 4791
19477666 224033362 20070 4890
19378116 243411478 21580 4142
18707926 262119404 24309 4695
19260313 281379717 18966 4125
18826046 300205763 18382 4558
19453064 319658827 19691 4865
19397274 339056101 19350 4712
19683390 358739491 19208 4924
19661929 378401420 18671 4697
19642968 398044388 19369 4755
19665031 417709419 18608 4848
19567967 437277386 19206 4124
19560274 456837660 18912 5204
19594692 476432352 19583 5069
14956228 491388580 30342 1958
4996267 496384847 9975 198
6133 496390980 360 6
11783 496402763 45 0
5658 496408421 10 0
5658 496414079 12 0
6122 496420201 25 0
11798 496431999 44 0
5646 496437645 15 0
5658 496443303 10 0
6141 496449444 23 0
11776 496461220 38 0
5658 496466878 12 0
5658 496472536 10 0
6151 496478687 25 0
11809 496490496 23 0
5627 496496123 21 0
5658 496501781 13 0
6160 496507941 18 0
11771 496519712 27 0
5658 496525370 10 0
7035 496532405 94 8
6155 496538560 26 0
11786 496550346 38 0
5628 496555974 14 0
5650 496561624 15 0
6136 496567760 21 0
11815 496579575 39 0
5658 496585233 12 0
5651 496590884 19 0
6160 496597044 15 0
11798 496608842 43 0
5658 496614500 8 0
5658 496620158 8 0
6160 496626318 30 0
12973 496639291 71 0
6335 496645626 25 0
6333 496651959 12 0
6623 496658582 23 0
11747 496670329 35 0
5652 496675981 15 0
5664 496681645 31 0
6152 496687797 25 0
11797 496699594 24 0
5634 496705228 16 0
5634 496710862 17 0
6117 496716979 24 0
11816 496728795 37 0
5658 496734453 10 0
5658 496740111 10 0
6148 496746259 22 0
11753 496758012 35 0
5652 496763664 14 0
5658 496769322 11 0
6167 496775489 12 0
11766 496787255 37 0
5626 496792881 22 0
5658 496798539 8 0
6134 496804673 24 0
11788 496816461 33 0
5646 496822107 16 0
5652 496827759 15 0
6140 496833899 27 0
11801 496845700 25 0
5658 496851358 11 0
5658 496857016 11 0
6137 496863153 24 0
11783 496874936 33 0
5658 496880594 9 0
5658 496886252 10 0
11804 496898056 39 0
6126 496904182 23 0
7017 496911199 32 1
5658 496916857 8 0
13027 496929884 40 0
6650 496936534 35 0
6327 496942861 14 0
5649 496948510 11 0
12715 496961225 54 0
6116 496967341 17 0
6116 496973457 17 0
6116 496979573 18 0
12207 496991780 36 0
6116 496997896 16 0
6098 497003994 22 0
6117 497010111 22 0
12212 497022323 44 0
6116 497028439 18 0
6110 497034549 20 0
6116 497040665 18 0
12215 497052880 42 0
6123 497059003 13 0
6116 497065119 17 0
6116 497071235 14 0
11732 497082967 44 0
6138 497089105 15 0
6118 497095223 33 0
5652 497100875 16 0
20844 497121719 358 10
6138 497127857 24 0
5627 497133484 20 0
5657 497139141 13 0
11788 497150929 36 0
6138 497157067 17 0
5634 497162701 14 0
5658 497168359 9 0
11775 497180134 32 0
6114 497186248 24 0
5649 497191897 26 0
5662 497197559 22 0
11802 497209361 37 0
6132 497215493 24 0
5634 497221127 17 0
5658 497226785 9 0
11806 497238591 26 0
6138 497244729 15 0
5639 497250368 21 0
5658 497256026 8 0
11782 497267808 36 0
6138 497273946 18 0
5634 497279580 14 0
5658 497285238 11 0
11781 497297019 25 0
7528 497304547 33 0
5640 497310187 19 0
5639 497315826 12 0
11817 497327643 31 0
6107 497333750 22 0
5631 497339381 23 0
5650 497345031 19 0
11835 497356866 37 0
6138 497363004 14 0
5640 497368644 19 0
5645 497374289 19 0
11786 497386075 31 0
6114 497392189 20 0
5637 497397826 23 0
5658 497403484 9 0
11812 497415296 37 0
6126 497421422 20 0
5615 497427037 17 0
5658 497432695 18 0
11779 497444474 51 1
6139 497450613 27 0
5646 497456259 15 0
5637 497461896 24 0
11804 497473700 35 0
6131 497479831 19 0
5628 497485459 16 0
5658 497491117 11 0
11788 497502905 34 0
6138 497509043 14 0
5645 497514688 15 0
5658 497520346 8 0
11793 497532139 29 0
6151 497538290 16 0
5620 497543910 19 0
5627 497549537 18 0
11797 497561334 34 0
6138 497567472 16 0
5658 497573130 10 0
5658 497578788 11 0
11804 497590592 36 0
6138 497596730 16 0
5658 497602388 8 0
5649 497608037 27 0
11784 497619821 36 0
6138 497625959 16 0
5658 497631617 11 0
5658 497637275 11 0
11807 497649082 25 0
6102 497655184 20 0
5658 497660842 9 0
5658 497666500 11 0
13151 497679651 41 0
6115 497685766 22 0
5658 497691424 9 0
5658 497697082 10 0
11798 497708880 30 0
6135 497715015 30 0
5652 497720667 11 0
5658 497726325 11 0
11801 497738126 32 0
6138 497744264 16 0
5658 497749922 9 0
5652 497755574 12 0
11805 497767379 24 0
6132 497773511 25 0
5646 497779157 11 0
5645 497784802 22 0
11780 497796582 24 0
6106 497802688 25 0
5634 497808322 16 0
5658 497813980 9 0
11817 497825797 34 0
6138 497831935 14 0
6092 497838027 28 0
5658 497843685 8 0
11758 497855443 45 0
6138 497861581 14 0
5645 497867226 20 0
5658 497872884 8 0
11785 497884669 32 0
6119 497890788 21 0
5610 497896398 16 0
5656 497902054 29 0
11810 497913864 40 0
6151 497920015 16 0
5628 497925643 16 0
5633 497931276 20 0
11775 497943051 38 0
6138 497949189 15 0
5652 497954841 16 0
5639 497960480 16 0
11800 497972280 36 0
6131 497978411 19 0
5652 497984063 15 0
5610 497989673 18 0
11817 498001490 33 0
7021 498008511 107 7
5633 498014144 17 0
5658 498019802 12 0
11754 498031556 42 0
6126 498037682 25 0
5658 498043340 8 0
5655 498048995 29 0
13165 498062160 52 0
6119 498068279 23 0
5639 498073918 19 0
5658 498079576 9 0
11794 498091370 25 0
6120 498097490 17 0
5616 498103106 14 0
5657 498108763 25 0
11826 498120589 36 0
6115 498126704 19 0
5658 498132362 9 0
5658 498138020 8 0
11786 498149806 29 0
6151 498155957 13 0
5622 498161579 17 0
5644 498167223 20 0
11817 498179040 28 0
6145 498185185 16 0
5622 498190807 17 0
5652 498196459 15 0
11768 498208227 37 0
6106 498214333 25 0
5658 498219991 11 0
5651 498225642 12 0
11813 498237455 37 0
6151 498243606 17 0
5645 498249251 18 0
5652 498254903 20 0
11786 498266689 43 0
6130 498272819 21 0
5615 498278434 18 0
5662 498284096 25 0
11799 498295895 36 0
6138 498302033 13 0
5652 498307685 23 0
5639 498313324 16 0
11777 498325101 32 0
6096 498331197 27 0
5610 498336807 18 0
5658 498342465 10 0
11826 498354291 39 0
6138 498360429 15 0
5628 498366057 14 0
5658 498371715 9 0
11766 498383481 40 0
6151 498389632 14 0
5633 498395265 15 0
5621 498400886 19 0
11797 498412683 43 0
6138 498418821 13 0
5633 498424454 11 0
7035 498431489 26 0
11799 498443288 33 0
6138 498449426 14 0
5634 498455060 16 0
5658 498460718 9 0
11776 498472494 42 0
6159 498478653 24 0
5650 498484303 12 0
5658 498489961 9 0
11765 498501726 28 0
6113 498507839 21 0
5649 498513488 25 0
5657 498519145 16 0
11816 498530961 42 0
6130 498537091 33 0
5658 498542749 12 0
5651 498548400 13 0
11764 498560164 34 0
6138 498566302 13 0
5620 498571922 19 0
5640 498577562 11 0
11777 498589339 32 0
6142 498595481 27 0
5640 498601121 20 0
5658 498606779 15 0
11816 498618595 44 0
6151 498624746 16 0
5646 498630392 16 0
8973 498639365 182 5
915678 499555043 15309 1515
6698 499561741 54 0
6438 499568179 27 0
17955 499586134 408 1
18381 499604515 407 19
6707 499611222 40 0
6656 499617878 23 0
7988 499625866 110 6
1896892 1896892 42053 723
7568060 9464952 82864 8921
19075426 28540378 21308 4669
18895844 47436222 23257 4510
18995652 66431874 18405 4380
19461057 85892931 18608 3953
18972446 104865377 21622 5718
18374016 123239393 22475 5433
19060485 142299878 19440 4445
19590304 161890182 19292 4511
19411731 181301913 21894 4545
19286333 200588246 19322 4073
19456388 220044634 19429 4946
19132007 239176641 19670 4421
18152769 257329410 25510 4313
19054174 276383584 19436 4170
19091434 295475018 19834 4777
19468835 314943853 19502 4916
19442719 334386572 20326 4578
19436789 353823361 20126 4917
19401628 373224989 19569 4944
19566040 392791029 19240 4502
19471436 412262465 19887 4998
19431188 431693653 19263 4136
19429092 451122745 19736 4981
19444246 470566991 19471 5070
17268316 487835307 27796 3374
8467973 496303280 19015 213
6119 496309399 351 2
5658 496315057 21 0
11774 496326831 51 0
6138 496332969 16 0
5639 496338608 15 0
5639 496344247 20 0
11825 496356072 33 0
6138 496362210 17 0
5640 496367850 15 0
5658 496373508 19 0
11785 496385293 44 0
6137 496391430 36 2
5658 496397088 14 0
5658 496402746 12 0
11789 496414535 42 0
6126 496420661 29 0
5658 496426319 13 0
5658 496431977 11 0
11804 496443781 44 0
6131 496449912 27 0
5658 496455570 11 0
5658 496461228 14 0
11768 496472996 44 0
6120 496479116 20 0
5646 496484762 16 0
5615 496490377 17 0
13162 496503539 129 1
6138 496509677 17 0
5658 496515335 12 0
5658 496520993 12 0
11817 496532810 36 0
6133 496538943 25 0
5628 496544571 20 0
5658 496550229 10 0
11792 496562021 38 0
6138 496568159 18 0
5622 496573781 16 0
5663 496579444 16 0
11812 496591256 40 0
6138 496597394 17 0
5621 496603015 22 0
5638 496608653 17 0
11779 496620432 46 0
6109 496626541 24 0
5658 496632199 13 0
5658 496637857 12 0
11776 496649633 35 0
6132 496655765 32 0
5644 496661409 28 0
5658 496667067 10 0
11778 496678845 34 0
6145 496684990 16 0
5644 496690634 24 0
5658 496696292 9 0
11754 496708046 50 0
6132 496714178 20 0
5622 496719800 16 0
5658 496725458 10 0
11828 496737286 43 0
6138 496743424 16 0
5657 496749081 21 0
5658 496754739 10 0
11812 496766551 31 0
6138 496772689 24 0
5645 496778334 15 0
5658 496783992 15 0
11817 496795809 37 0
6138 496801947 15 0
5645 496807592 14 0
5658 496813250 8 0
11752 496825002 43 0
6665 496831667 58 0
6304 496837971 29 0
5648 496843619 21 0
12970 496856589 51 0
6608 496863197 21 0
6116 496869313 15 0
5662 496874975 27 0
13599 496888574 58 0
6109 496894683 26 0
6073 496900756 24 0
6115 496906871 31 0
12244 496919115 34 0
6116 496925231 18 0
6086 496931317 20 0
6086 496937403 21 0
12219 496949622 31 0
6092 496955714 21 0
6129 496961843 16 0
6116 496967959 17 0
12189 496980148 39 0
6102 496986250 22 0
6116 496992366 22 0
5652 496998018 14 0
12206 497010224 38 0
6109 497016333 22 0
5621 497021954 19 0
5633 497027587 17 0
11787 497039374 30 0
6138 497045512 16 0
5652 497051164 8 0
5651 497056815 16 0
11821 497068636 35 0
6138 497074774 13 0
5634 497080408 15 0
5658 497086066 9 0
11805 497097871 33 0
6151 497104022 16 0
5658 497109680 9 0
5657 497115337 18 0
11810 497127147 39 0
6132 497133279 19 0
5633 497138912 19 0
5657 497144569 16 0
23192 497167761 461 8
6108 497173869 39 0
5640 497179509 16 0
5645 497185154 13 0
11804 497196958 43 0
6122 497203080 31 0
5633 497208713 19 0
5658 497214371 10 0
11824 497226195 30 0
6138 497232333 13 0
5645 497237978 18 0
5658 497243636 9 0
11818 497255454 18 0
7039 497262493 66 10
7021 497269514 46 0
5639 497275153 28 0
11797 497286950 44 0
6138 497293088 13 0
5621 497298709 18 0
5626 497304335 20 0
11805 497316140 33 0
6138 497322278 17 0
5628 497327906 15 0
5657 497333563 13 0
11785 497345348 40 0
6151 497351499 16 0
5646 497357145 13 0
5667 497362812 32 0
11794 497374606 34 0
6125 497380731 25 0
5658 497386389 14 0
5658 497392047 11 0
11823 497403870 42 0
6138 497410008 17 0
5610 497415618 18 0
5658 497421276 9 0
11781 497433057 32 0
6145 497439202 15 0
5645 497444847 15 0
5662 497450509 18 0
11847 497462356 59 6
6114 497468470 28 0
5658 497474128 9 0
5645 497479773 16 0
11775 497491548 34 0
6136 497497684 27 0
5654 497503338 37 1
5658 497508996 19 0
11806 497520802 44 0
6114 497526916 22 0
5658 497532574 11 0
5633 497538207 13 0
11795 497550002 25 0
6138 497556140 19 0
5634 497561774 17 0
5652 497567426 13 0
11808 497579234 32 0
6151 497585385 12 0
5658 497591043 9 0
5652 497596695 19 0
11803 497608498 38 0
6132 497614630 19 0
5637 497620267 23 0
5658 497625925 11 0
11791 497637716 38 0
7515 497645231 29 0
5626 497650857 19 0
5652 497656509 12 0
11809 497668318 39 0
6119 497674437 25 0
5658 497680095 18 0
5658 497685753 16 0
11764 497697517 35 0
6138 497703655 18 0
5622 497709277 17 0
5650 497714927 20 0
11767 497726694 35 0
6151 497732845 19 0
5630 497738475 19 0
5621 497744096 19 0
11782 497755878 31 0
6120 497761998 23 0
6091 497768089 27 0
5645 497773734 18 0
11773 497785507 41 0
6138 497791645 14 0
5652 497797297 9 0
5640 497802937 14 0
11810 497814747 29 0
6164 497820911 14 0
5652 497826563 10 0
5628 497832191 14 0
11806 497843997 22 0
6148 497850145 38 0
5658 497855803 12 0
5639 497861442 23 0
11805 497873247 23 0
6138 497879385 17 0
5658 497885043 11 0
11805 497896848 34 0
5658 497902506 17 0
6118 497908624 25 0
5622 497914246 15 0
11794 497926040 28 0
5658 497931698 10 0
6114 497937812 21 0
5658 497943470 10 0
11773 497955243 33 0
5658 497960901 25 0
6132 497967033 19 0
5640 497972673 13 0
11818 497984491 24 0
5652 497990143 16 0
6138 497996281 13 0
5652 498001933 13 0
11794 498013727 35 0
7035 498020762 27 0
6138 498026900 17 0
5638 498032538 18 0
11806 498044344 20 0
5642 498049986 20 0
6132 498056118 17 0
5622 498061740 16 0
11804 498073544 28 0
5651 498079195 19 0
6138 498085333 17 0
5644 498090977 17 0
11814 498102791 30 0
5658 498108449 11 0
6100 498114549 22 0
5645 498120194 15 0
11781 498131975 29 0
5632 498137607 22 0
6131 498143738 26 0
5658 498149396 11 0
11807 498161203 25 0
5640 498166843 17 0
6145 498172988 15 0
5650 498178638 17 0
11794 498190432 28 0
5658 498196090 9 0
6149 498202239 22 0
5658 498207897 10 0
11804 498219701 37 0
5628 498225329 14 0
6096 498231425 20 0
5658 498237083 12 0
11828 498248911 29 0
5651 498254562 26 0
6101 498260663 25 0
5652 498266315 15 0
11767 498278082 34 0
5658 498283740 11 0
6151 498289891 16 0
5628 498295519 16 0
11793 498307312 28 0
5658 498312970 7 0
6135 498319105 33 0
5651 498324756 21 0
11802 498336558 52 0
5658 498342216 13 0
6138 498348354 16 0
5620 498353974 16 0
11809 498365783 33 0
5658 498371441 10 0
6125 498377566 23 0
5641 498383207 17 0
13184 498396391 42 0
5654 498402045 22 0
6119 498408164 25 0
5626 498413790 21 0
11818 498425608 31 0
5652 498431260 24 0
6139 498437399 20 0
5654 498443053 27 0
11806 498454859 28 0
5631 498460490 22 0
6096 498466586 25 0
5639 498472225 27 0
11818 498484043 43 0
5658 498489701 12 0
6126 498495827 22 0
5658 498501485 20 0
11791 498513276 45 0
5633 498518909 14 0
6145 498525054 19 0
5647 498530701 21 0
11805 498542506 24 0
5655 498548161 24 0
6138 498554299 17 0
5658 498559957 8 0
20650 498580607 162 4
5658 498586265 35 0
878011 499464276 14453 1155
6730 499471006 615 0
13104 499484110 76 0
19886 499503996 723 54
6674 499510670 43 0
6724 499517394 30 0
15329 499532723 174 5
6333 499539056 25 0
6122 499545178 28 1
2473532 2473532 51355 1173
9045778 11519310 74990 8489
19374180 30893490 19640 4576
18915953 49809443 19962 4392
19198956 69008399 21201 4522
19423260 88431659 18443 3964
19374460 107806119 19560 4761
18745784 126551903 24626 5998
19137791 145689694 19012 4672
19391771 165081465 18877 4445
19320422 184401887 19792 3877
19199668 203601555 21444 4620
19572896 223174451 19336 5071
19538124 242712575 19676 4145
18942522 261655097 24220 4760
18989176 280644273 19791 4021
19105044 299749317 18510 4764
19049220 318798537 19814 4680
19591927 338390464 19367 4668
19578387 357968851 18938 4990
19601395 377570246 18837 4619
19609170 397179416 19137 4522
19548491 416727907 19014 4877
19605760 436333667 18489 4051
19586411 455920078 18716 5040
19558106 475478184 19465 5085
15431163 490909347 30821 2171
5337286 496246633 10383 217
6120 496252753 334 1
11797 496264550 43 0
5632 496270182 19 0
6132 496276314 19 0
5658 496281972 12 0
11818 496293790 23 0
5658 496299448 10 0
6132 496305580 15 0
5658 496311238 8 0
11830 496323068 22 0
5658 496328726 13 0
6138 496334864 13 0
5658 496340522 12 0
11824 496352346 26 0
5656 496358002 13 1
14781 496372783 268 67
5653 496378436 28 0
11819 496390255 27 0
5651 496395906 13 0
6131 496402037 24 0
5652 496407689 12 0
11844 496419533 34 0
5658 496425191 10 0
6120 496431311 21 0
5658 496436969 10 0
11812 496448781 28 0
5658 496454439 8 0
6145 496460584 16 0
5658 496466242 9 0
11817 496478059 28 0
5658 496483717 10 0
7515 496491232 82 1
5658 496496890 11 0
12719 496509609 102 5
5650 496515259 20 0
6138 496521397 17 0
5658 496527055 11 0
11806 496538861 32 0
5658 496544519 11 0
6132 496550651 17 0
5658 496556309 10 0
11819 496568128 30 0
5658 496573786 10 0
6138 496579924 14 0
5658 496585582 10 0
11805 496597387 26 0
5658 496603045 11 0
6151 496609196 15 0
5650 496614846 23 0
11804 496626650 32 0
5658 496632308 11 0
6138 496638446 15 0
5647 496644093 15 0
11831 496655924 18 0
5657 496661581 15 0
6120 496667701 16 0
5657 496673358 21 0
11806 496685164 29 0
5651 496690815 12 0
6158 496696973 17 0
5640 496702613 14 0
11787 496714400 26 0
5658 496720058 14 0
6131 496726189 23 0
5658 496731847 10 0
11825 496743672 33 0
5658 496749330 13 0
6138 496755468 16 0
5658 496761126 10 0
11818 496772944 24 0
5653 496778597 13 0
6665 496785262 66 1
6333 496791595 22 0
12361 496803956 32 0
6321 496810277 17 0
6588 496816865 33 0
6116 496822981 17 0
11784 496834765 37 0
6116 496840881 25 0
6098 496846979 18 0
6116 496853095 14 0
12232 496865327 27 0
7463 496872790 35 0
6098 496878888 18 0
6116 496885004 17 0
12245 496897249 30 0
6116 496903365 17 0
6116 496909481 16 0
6103 496915584 22 0
12232 496927816 29 0
6110 496933926 17 0
6121 496940047 25 0
6080 496946127 20 0
11771 496957898 30 0
6109 496964007 21 0
6110 496970117 16 0
5640 496975757 19 0
11831 496987588 25 0
5658 496993246 12 0
6131 496999377 19 0
5658 497005035 9 0
11809 497016844 34 0
5652 497022496 14 0
6131 497028627 17 0
5658 497034285 12 0
11825 497046110 26 0
5658 497051768 11 0
6138 497057906 14 0
5658 497063564 12 0
11818 497075382 20 0
5658 497081040 10 0
6151 497087191 17 0
5658 497092849 11 0
11794 497104643 23 0
5658 497110301 10 0
6138 497116439 14 0
5652 497122091 12 0
20889 497142980 314 11
5652 497148632 33 0
6138 497154770 17 0
5652 497160422 18 0
11810 497172232 30 0
5658 497177890 11 0
6159 497184049 20 0
5658 497189707 10 0
11799 497201506 33 0
5658 497207164 11 0
6138 497213302 17 0
5658 497218960 11 0
11842 497230802 28 0
5658 497236460 9 0
6138 497242598 12 0
5640 497248238 18 0
13158 497261396 45 0
5658 497267054 12 0
6132 497273186 16 0
5652 497278838 14 0
11817 497290655 30 0
5658 497296313 13 0
6131 497302444 23 0
5663 497308107 16 0
11788 497319895 28 0
5657 497325552 15 0
6151 497331703 14 0
5658 497337361 11 0
11817 497349178 23 0
5658 497354836 9 0
6138 497360974 14 0
5634 497366608 15 0
11831 497378439 26 0
5658 497384097 13 0
6138 497390235 13 0
5658 497395893 10 0
11799 497407692 33 0
5652 497413344 12 0
6150 497419494 18 0
5626 497425120 20 0
11812 497436932 27 0
5652 497442584 17 0
6145 497448729 17 0
5658 497454387 12 0
11831 497466218 27 0
5658 497471876 10 0
6138 497478014 12 0
5652 497483666 12 0
11804 497495470 33 0
5658 497501128 12 0
6131 497507259 18 0
5658 497512917 11 0
11814 497524731 30 0
5658 497530389 12 0
6138 497536527 16 0
5658 497542185 8 0
11812 497553997 22 0
5658 497559655 9 0
6158 497565813 18 0
5645 497571458 16 0
11804 497583262 27 0
5658 497588920 11 0
6114 497595034 19 0
5658 497600692 13 0
11806 497612498 31 0
5652 497618150 14 0
6138 497624288 15 0
5652 497629940 10 0
13195 497643135 42 0
5658 497648793 8 0
6127 497654920 19 0
5652 497660572 10 0
11815 497672387 34 0
5646 497678033 14 0
6132 497684165 15 0
5657 497689822 17 0
11830 497701652 30 0
5658 497707310 9 0
6132 497713442 21 0
5658 497719100 16 0
11788 497730888 30 0
5658 497736546 11 0
6138 497742684 18 0
5658 497748342 12 0
11823 497760165 34 0
5658 497765823 16 0
6138 497771961 14 0
5658 497777619 9 0
11793 497789412 28 0
5658 497795070 11 0
6151 497801221 17 0
5658 497806879 10 0
11824 497818703 25 0
5658 497824361 8 0
6138 497830499 14 0
5658 497836157 11 0
11831 497847988 17 0
5658 497853646 8 0
6138 497859784 14 0
5652 497865436 10 0
11805 497877241 32 0
5652 497882893 12 0
6151 497889044 13 0
5658 497894702 13 0
11806 497906508 19 0
5652 497912160 13 0
6132 497918292 23 0
5658 497923950 7 0
11844 497935794 26 0
5658 497941452 16 0
6138 497947590 16 0
5652 497953242 10 0
11781 497965023 32 0
5651 497970674 11 0
6138 497976812 14 0
5652 497982464 14 0
11819 497994283 21 0
5658 497999941 8 0
6137 498006078 23 0
7035 498013113 24 0
11812 498024925 28 0
5657 498030582 11 0
6145 498036727 19 0
5658 498042385 13 0
11824 498054209 28 0
5658 498059867 13 0
6126 498065993 21 0
5646 498071639 16 0
11831 498083470 26 0
5652 498089122 16 0
6126 498095248 20 0
5652 498100900 13 0
11811 498112711 29 0
5658 498118369 12 0
6151 498124520 18 0
5658 498130178 10 0
11798 498141976 26 0
5658 498147634 11 0
6132 498153766 22 0
5658 498159424 11 0
11807 498171231 27 0
5658 498176889 12 0
6145 498183034 19 0
5658 498188692 8 0
11799 498200491 31 0
5658 498206149 11 0
6138 498212287 15 0
11296 498223583 32 0
6173 498229756 17 0
5658 498235414 8 0
6138 498241552 13 0
11304 498252856 29 0
6154 498259010 17 0
5658 498264668 10 0
6151 498270819 16 0
11316 498282135 17 0
6159 498288294 18 0
5652 498293946 13 0
6138 498300084 17 0
11310 498311394 25 0
6180 498317574 19 0
5658 498323232 11 0
6137 498329369 21 0
11316 498340685 13 0
6154 498346839 20 0
5658 498352497 10 0
6151 498358648 14 0
11309 498369957 32 0
6159 498376116 25 0
5658 498381774 10 0
7515 498389289 37 0
11298 498400587 26 0
6167 498406754 19 0
5658 498412412 12 0
6120 498418532 19 0
11301 498429833 24 0
6148 498435981 16 0
5658 498441639 15 0
6138 498447777 15 0
11316 498459093 16 0
6167 498465260 19 0
5651 498470911 17 0
6138 498477049 21 0
11316 498488365 16 0
6160 498494525 18 0
5658 498500183 12 0
9472 498509655 178 2
891714 499401369 15165 1405
6706 499408075 72 0
6686 499414761 43 1
11741 499426502 359 19
13508 499440010 93 0
6777 499446787 34 0
8250 499455037 148 7
6712 499461749 26 0
