2485499 2485499 52666 110
10852868 13338367 75792 1471
19280179 32618546 18602 885
18710846 51329392 23650 1133
19154873 70484265 18705 1137
19634354 90118619 18462 726
19518959 109637578 18473 677
18584243 128221821 25516 1278
19088836 147310657 19779 507
19847958 167158615 19149 977
19672807 186831422 21311 550
19528435 206359857 20048 1394
19698358 226058215 19567 1185
19528702 245586917 19543 687
18241486 263828403 24797 823
19433884 283262287 19332 772
19282778 302545065 18325 868
19648455 322193520 18249 1381
19728502 341922022 18119 1296
19590652 361512674 19363 784
19753473 381266147 18413 1249
19636935 400903082 18472 590
19732079 420635161 18374 802
19716539 440351700 18730 442
19563667 459915367 18798 1019
19655510 479570877 18446 1159
13093446 492664323 29180 298
3745258 496409581 8527 7
5656 496415237 46 0
5652 496420889 24 0
6154 496427043 21 0
11807 496438850 39 0
5634 496444484 18 0
5652 496450136 20 0
6160 496456296 18 0
11759 496468055 47 0
5658 496473713 12 0
7035 496480748 102 0
6155 496486903 21 0
11777 496498680 42 0
5664 496504344 19 0
5658 496510002 11 0
6132 496516134 26 0
11810 496527944 36 0
5634 496533578 20 0
5652 496539230 15 0
6118 496545348 21 0
11783 496557131 27 0
5655 496562786 31 0
5658 496568444 9 0
6137 496574581 22 0
11756 496586337 46 0
5626 496591963 24 0
5658 496597621 12 0
6160 496603781 19 0
11796 496615577 25 0
5615 496621192 21 0
5639 496626831 25 0
6141 496632972 26 0
11783 496644755 41 0
5658 496650413 11 0
5643 496656056 25 0
6118 496662174 22 0
11801 496673975 43 0
5658 496679633 11 0
5650 496685283 25 0
6117 496691400 24 0
11763 496703163 41 0
5649 496708812 25 0
5640 496714452 18 0
6137 496720589 25 0
11781 496732370 41 0
5616 496737986 18 0
5626 496743612 22 0
6146 496749758 27 0
20853 496770611 339 2
5659 496776270 37 0
5650 496781920 25 0
6147 496788067 22 0
11793 496799860 49 0
5641 496805501 24 0
5657 496811158 24 0
6173 496817331 20 0
11786 496829117 41 0
5650 496834767 19 0
5658 496840425 10 0
6134 496846559 29 0
11796 496858355 23 0
6998 496865353 37 0
5652 496871005 21 0
6167 496877172 22 0
11753 496888925 33 0
5658 496894583 14 0
5638 496900221 20 0
6160 496906381 22 0
11821 496918202 35 0
5646 496923848 19 0
5658 496929506 13 0
6638 496936144 71 0
13509 496949653 87 0
6372 496956025 18 0
6325 496962350 29 0
6533 496968883 33 0
12448 496981331 25 0
6098 496987429 24 0
5632 496993061 27 0
6130 496999191 26 0
12245 497011436 24 0
6084 497017520 27 0
6116 497023636 19 0
6116 497029752 17 0
12208 497041960 31 0
6116 497048076 18 0
6104 497054180 21 0
6099 497060279 24 0
12220 497072499 23 0
6116 497078615 16 0
5641 497084256 28 0
6137 497090393 28 0
12229 497102622 40 0
5634 497108256 20 0
5652 497113908 15 0
11788 497125696 31 0
6138 497131834 15 0
5645 497137479 20 0
5658 497143137 12 0
11766 497154903 42 0
6134 497161037 23 0
5646 497166683 14 0
5657 497172340 24 0
11805 497184145 40 0
6138 497190283 15 0
5628 497195911 19 0
5658 497201569 13 0
11802 497213371 38 0
6138 497219509 17 0
5626 497225135 24 0
5658 497230793 30 0
11785 497242578 38 0
7528 497250106 29 0
5658 497255764 12 0
5638 497261402 26 0
11805 497273207 28 0
6119 497279326 20 0
5634 497284960 19 0
5658 497290618 10 0
11801 497302419 39 0
6125 497308544 24 0
5640 497314184 16 0
5656 497319840 28 0
11796 497331636 34 0
6138 497337774 15 0
5650 497343424 25 0
5644 497349068 27 0
11809 497360877 46 0
6138 497367015 16 0
5628 497372643 16 0
5658 497378301 11 0
11787 497390088 43 0
6144 497396232 21 0
5639 497401871 16 0
5652 497407523 14 0
11757 497419280 34 0
6125 497425405 21 0
5636 497431041 22 0
5637 497436678 24 0
11814 497448492 43 0
6138 497454630 17 0
5634 497460264 17 0
5638 497465902 20 0
11791 497477693 29 0
6151 497483844 15 0
5658 497489502 11 0
5652 497495154 12 0
11758 497506912 34 0
6141 497513053 26 0
5657 497518710 23 0
5658 497524368 12 0
11807 497536175 33 0
6114 497542289 23 0
5639 497547928 19 0
5652 497553580 17 0
11770 497565350 29 0
6138 497571488 17 0
5633 497577121 22 0
5658 497582779 13 0
11800 497594579 38 0
6130 497600709 22 0
5640 497606349 16 0
5658 497612007 8 0
13168 497625175 40 0
6143 497631318 28 0
5658 497636976 10 0
5658 497642634 10 0
11817 497654451 27 0
6138 497660589 15 0
5625 497666214 20 0
5652 497671866 14 0
11837 497683703 42 0
6127 497689830 32 0
5658 497695488 13 0
5652 497701140 13 0
11797 497712937 42 0
6151 497719088 16 0
5628 497724716 15 0
5646 497730362 9 0
11801 497742163 43 0
6138 497748301 18 0
5642 497753943 23 0
5661 497759604 24 0
12552 497772156 54 0
6951 497779107 42 0
6350 497785457 28 0
6297 497791754 23 0
12276 497804030 52 0
6119 497810149 23 0
5645 497815794 15 0
5652 497821446 14 0
11838 497833284 39 0
6145 497839429 13 0
6095 497845524 27 0
5658 497851182 12 0
11779 497862961 39 0
6151 497869112 18 0
5652 497874764 17 0
5652 497880416 14 0
11773 497892189 36 0
6125 497898314 26 0
5620 497903934 20 0
5650 497909584 18 0
11807 497921391 23 0
6119 497927510 28 0
5646 497933156 16 0
5658 497938814 9 0
11765 497950579 44 0
6151 497956730 14 0
5642 497962372 24 0
5658 497968030 7 0
11770 497979800 30 0
6138 497985938 18 0
5654 497991592 27 0
5658 497997250 8 0
13208 498010458 33 0
6138 498016596 14 0
5638 498022234 24 0
5658 498027892 14 0
11794 498039686 29 0
6138 498045824 15 0
5640 498051464 16 0
5649 498057113 23 0
11832 498068945 24 0
6138 498075083 18 0
5621 498080704 18 0
5648 498086352 28 0
11811 498098163 34 0
6126 498104289 19 0
5639 498109928 17 0
5657 498115585 26 0
11764 498127349 31 0
6132 498133481 20 0
5616 498139097 15 0
5646 498144743 19 0
11818 498156561 30 0
6132 498162693 19 0
5657 498168350 19 0
5638 498173988 19 0
11817 498185805 30 0
6145 498191950 18 0
5654 498197604 22 0
5658 498203262 13 0
11805 498215067 37 0
6138 498221205 16 0
5654 498226859 27 0
5634 498232493 18 0
11819 498244312 44 0
6131 498250443 24 0
5628 498256071 17 0
5658 498261729 11 0
11743 498273472 38 0
6138 498279610 18 0
5632 498285242 54 7
5658 498290900 14 0
11811 498302711 29 0
6138 498308849 14 0
5652 498314501 30 0
5658 498320159 10 0
11816 498331975 39 0
6138 498338113 23 0
5620 498343733 19 0
5658 498349391 10 0
11792 498361183 40 0
6138 498367321 18 0
5632 498372953 22 0
7035 498379988 24 0
11833 498391821 42 0
6138 498397959 14 0
5651 498403610 14 0
5658 498409268 10 0
11808 498421076 36 0
6164 498427240 22 0
5637 498432877 20 0
5647 498438524 26 0
11796 498450320 43 0
6138 498456458 15 0
5658 498462116 12 0
5652 498467768 23 0
11783 498479551 32 0
6106 498485657 27 0
5660 498491317 30 0
5658 498496975 15 0
11818 498508793 20 0
6131 498514924 25 0
5626 498520550 23 0
5655 498526205 18 0
11807 498538012 34 0
6138 498544150 15 0
5652 498549802 13 0
5658 498555460 10 0
11788 498567248 44 0
6157 498573405 18 0
5650 498579055 18 0
5652 498584707 14 0
11802 498596509 40 0
6129 498602638 22 0
5658 498608296 11 0
5658 498613954 10 0
11816 498625770 48 0
6137 498631907 35 0
5645 498637552 16 0
5652 498643204 12 0
893280 499536484 15259 249
6720 499543204 47 0
6422 499549626 37 0
6654 499556280 43 0
18407 499574687 363 9
6705 499581392 43 0
6650 499588042 21 0
5653 499593695 22 0
3062427 3062427 58748 137
11249424 14311851 71598 1459
19295486 33607337 18517 911
19410532 53017869 20052 1030
19078984 72096853 20915 1148
19640213 91737066 19534 802
19585867 111322933 17385 795
18849588 130172521 24806 1142
19152195 149324716 18512 394
19907699 169232415 19388 992
19335448 188567863 20688 528
19717591 208285454 18834 1367
19656793 227942247 19200 1217
19622325 247564572 20389 953
18831951 266396523 24126 617
19419754 285816277 19286 956
19018566 304834843 19370 656
19561176 324396019 20302 1329
19802649 344198668 19789 1455
19650326 363848994 19275 824
19849264 383698258 18534 1046
19665658 403363916 19969 739
19814265 423178181 19238 711
19723720 442901901 19597 498
19682438 462584339 19544 1184
19716075 482300414 20074 1254
11352689 493653103 28456 34
2676778 496329881 6385 12
6097 496335978 45 0
11828 496347806 28 0
5637 496353443 20 0
5657 496359100 19 0
6153 496365253 24 0
11766 496377019 38 0
5658 496382677 11 0
5631 496388308 20 0
6173 496394481 18 0
11754 496406235 31 0
5650 496411885 24 0
5658 496417543 13 0
6145 496423688 29 0
11792 496435480 45 0
5658 496441138 13 0
5650 496446788 28 0
6122 496452910 28 0
11782 496464692 39 0
5652 496470344 15 0
5645 496475989 18 0
6130 496482119 26 0
11784 496493903 24 0
5651 496499554 20 0
5658 496505212 12 0
6161 496511373 29 0
11756 496523129 47 0
5633 496528762 20 0
5656 496534418 26 0
6173 496540591 20 0
11774 496552365 41 0
5646 496558011 19 0
7035 496565046 91 0
6160 496571206 16 0
11779 496582985 35 0
5634 496588619 13 0
5651 496594270 19 0
6148 496600418 24 0
11796 496612214 23 0
5645 496617859 28 0
5652 496623511 14 0
6173 496629684 17 0
11754 496641438 32 0
5616 496647054 18 0
5632 496652686 22 0
6160 496658846 19 0
11796 496670642 28 0
5630 496676272 20 0
5659 496681931 26 0
6153 496688084 21 0
11795 496699879 33 0
5657 496705536 29 0
5658 496711194 12 0
6173 496717367 24 0
11778 496729145 31 0
5643 496734788 24 0
5658 496740446 12 0
11822 496752268 39 0
6124 496758392 28 0
5655 496764047 17 0
5658 496769705 11 0
11813 496781518 44 0
6108 496787626 25 0
5640 496793266 21 0
5658 496798924 10 0
11818 496810742 24 0
6129 496816871 27 0
5652 496822523 15 0
5658 496828181 13 0
11791 496839972 54 0
6777 496846749 71 0
6374 496853123 24 0
6327 496859450 35 0
22075 496881525 381 0
6565 496888090 36 0
5649 496893739 23 0
5636 496899375 27 0
11806 496911181 42 0
6145 496917326 18 0
6104 496923430 24 0
6098 496929528 21 0
12166 496941694 35 0
6110 496947804 16 0
7445 496955249 42 0
6097 496961346 26 0
12219 496973565 41 0
6104 496979669 22 0
6116 496985785 16 0
6090 496991875 23 0
11743 497003618 52 0
6138 497009756 17 0
6098 497015854 28 0
5658 497021512 22 0
11757 497033269 37 0
6101 497039370 22 0
5610 497044980 16 0
5658 497050638 8 0
11801 497062439 39 0
6151 497068590 16 0
5667 497074257 28 0
5658 497079915 11 0
11794 497091709 34 0
6105 497097814 27 0
5658 497103472 12 0
5652 497109124 16 0
11839 497120963 39 0
6132 497127095 20 0
5616 497132711 20 0
5645 497138356 19 0
11811 497150167 26 0
6151 497156318 16 0
5632 497161950 16 0
5660 497167610 28 0
11817 497179427 27 0
6145 497185572 15 0
5643 497191215 22 0
5643 497196858 23 0
11789 497208647 37 0
6138 497214785 19 0
5651 497220436 16 0
5638 497226074 24 0
11770 497237844 33 0
6120 497243964 19 0
5625 497249589 23 0
5657 497255246 26 0
11813 497267059 24 0
6138 497273197 15 0
5622 497278819 20 0
5648 497284467 24 0
11766 497296233 41 0
6113 497302346 24 0
5649 497307995 18 0
5658 497313653 15 0
11813 497325466 44 0
7515 497332981 35 0
5615 497338596 19 0
5652 497344248 13 0
11846 497356094 37 0
6138 497362232 14 0
5655 497367887 28 0
5660 497373547 26 0
11786 497385333 34 0
6139 497391472 22 0
5661 497397133 19 0
5658 497402791 10 0
11776 497414567 36 0
6111 497420678 23 0
5658 497426336 10 0
5652 497431988 14 0
11798 497443786 43 0
6138 497449924 16 0
5656 497455580 20 0
5636 497461216 20 0
11816 497473032 34 0
6146 497479178 31 0
5635 497484813 23 0
5652 497490465 16 0
11832 497502297 29 0
6120 497508417 18 0
5627 497514044 22 0
5649 497519693 24 0
11800 497531493 30 0
6145 497537638 22 0
5642 497543280 24 0
5658 497548938 11 0
11808 497560746 30 0
6117 497566863 23 0
5651 497572514 20 0
5653 497578167 23 0
11817 497589984 43 0
6125 497596109 24 0
5643 497601752 24 0
5658 497607410 9 0
11820 497619230 36 0
6157 497625387 33 0
5658 497631045 9 0
5658 497636703 15 0
11794 497648497 34 0
6100 497654597 26 0
5628 497660225 19 0
5658 497665883 11 0
11819 497677702 34 0
6129 497683831 25 0
5658 497689489 12 0
5657 497695146 18 0
13141 497708287 45 0
6130 497714417 23 0
5657 497720074 28 0
5666 497725740 34 0
11793 497737533 43 0
6138 497743671 20 0
5658 497749329 12 0
5658 497754987 7 0
11818 497766805 29 0
6151 497772956 14 0
5634 497778590 18 0
5646 497784236 20 0
11794 497796030 32 0
6137 497802167 31 0
5640 497807807 17 0
5652 497813459 13 0
11831 497825290 24 0
6132 497831422 18 0
5639 497837061 18 0
5658 497842719 8 0
11810 497854529 37 0
6164 497860693 14 0
5634 497866327 16 0
5645 497871972 18 0
11799 497883771 36 0
6112 497889883 27 0
5634 497895517 15 0
5658 497901175 11 0
11794 497912969 33 0
6145 497919114 17 0
5656 497924770 29 0
5658 497930428 12 0
11794 497942222 48 0
6117 497948339 30 0
5658 497953997 11 0
5652 497959649 15 0
11782 497971431 36 0
6126 497977557 21 0
5657 497983214 21 0
5658 497988872 11 0
11808 498000680 44 0
6151 498006831 15 0
5640 498012471 11 0
5645 498018116 18 0
11800 498029916 36 0
6138 498036054 15 0
5634 498041688 18 0
5645 498047333 18 0
11814 498059147 24 0
6138 498065285 14 0
5649 498070934 17 0
5657 498076591 22 0
13179 498089770 55 0
6139 498095909 23 0
5658 498101567 10 0
5640 498107207 14 0
11794 498119001 32 0
6132 498125133 33 0
5646 498130779 12 0
5652 498136431 13 0
11783 498148214 48 0
6138 498154352 17 0
5627 498159979 21 0
5654 498165633 26 0
11806 498177439 29 0
6140 498183579 26 0
5651 498189230 19 0
5643 498194873 24 0
11816 498206689 28 0
6125 498212814 22 0
5657 498218471 21 0
5651 498224122 18 0
11806 498235928 27 0
6158 498242086 18 0
5648 498247734 26 0
5657 498253391 19 0
11758 498265149 32 0
6161 498271310 34 0
5658 498276968 10 0
5650 498282618 16 0
11831 498294449 25 0
6138 498300587 17 0
5633 498306220 26 0
5658 498311878 11 0
11793 498323671 48 0
6151 498329822 17 0
5645 498335467 17 0
5656 498341123 24 0
11792 498352915 36 0
6132 498359047 20 0
5658 498364705 10 0
5658 498370363 11 0
11776 498382139 32 0
6138 498388277 17 0
5621 498393898 18 0
5645 498399543 17 0
11813 498411356 36 0
6138 498417494 14 0
5643 498423137 25 0
5642 498428779 24 0
11830 498440609 28 0
6119 498446728 29 0
5658 498452386 10 0
7035 498459421 27 0
11812 498471233 53 0
7039 498478272 89 1
5651 498483923 20 0
5652 498489575 14 0
11797 498501372 46 0
6130 498507502 28 0
5650 498513152 16 0
5650 498518802 27 0
11824 498530626 43 0
6096 498536722 22 0
5646 498542368 14 0
5637 498548005 23 0
11793 498559798 31 0
6151 498565949 15 0
5628 498571577 15 0
912177 499483754 15075 236
14791 499498545 658 0
6676 499505221 44 0
12233 499517454 363 6
6390 499523844 43 0
13432 499537276 60 0
8251 499545527 163 2
6612 499552139 29 0
5637 499557776 22 0
3961009 3961009 76435 191
13018505 16979514 58400 1684
19565810 36545324 18173 938
18999889 55545213 20733 819
19378268 74923481 22188 1019
19645100 94568581 18667 1023
19501144 114069725 18563 699
18765143 132834868 24214 1072
19236761 152071629 19473 306
19719181 171790810 19152 1082
19233699 191024509 21011 753
19677674 210702183 19444 1155
19570566 230272749 19773 1134
19607525 249880274 20198 993
18807125 268687399 24692 603
19247092 287934491 19147 949
19053560 306988051 20169 692
19475195 326463246 19163 1262
19757993 346221239 19957 1449
19620241 365841480 19798 845
19777897 385619377 19967 1093
19708127 405327504 19395 946
19851529 425179033 19058 415
19779922 444958955 19346 631
19652142 464611097 20211 1229
19133255 483744352 24387 1109
10728361 494472713 22847 11
1942707 496415420 5166 12
11742 496427162 55 0
6126 496433288 36 0
5658 496438946 13 0
5658 496444604 12 0
11808 496456412 39 0
6139 496462551 16 0
5645 496468196 18 0
5658 496473854 11 0
11791 496485645 38 0
6108 496491753 24 0
5658 496497411 14 0
5652 496503063 16 0
11807 496514870 33 0
6138 496521008 17 0
5643 496526651 25 0
5632 496532283 25 0
11819 496544102 39 0
6113 496550215 24 0
5658 496555873 14 0
5658 496561531 10 0
11768 496573299 46 0
6090 496579389 24 0
5634 496585023 15 0
5652 496590675 11 0
11775 496602450 34 0
6133 496608583 18 0
5652 496614235 15 0
5652 496619887 16 0
11809 496631696 41 0
6145 496637841 17 0
5634 496643475 15 0
5639 496649114 25 0
11843 496660957 32 0
6138 496667095 21 0
5616 496672711 21 0
5653 496678364 16 0
11772 496690136 41 0
6151 496696287 13 0
5658 496701945 6 0
5654 496707599 24 0
11817 496719416 28 0
6108 496725524 20 0
5640 496731164 15 0
5658 496736822 8 0
11800 496748622 41 0
6108 496754730 20 0
5657 496760387 16 0
7032 496767419 105 0
11805 496779224 40 0
6132 496785356 20 0
5645 496791001 23 0
5657 496796658 24 0
11830 496808488 56 0
6138 496814626 18 0
5621 496820247 17 0
5639 496825886 27 0
11821 496837707 42 0
6127 496843834 22 0
5628 496849462 15 0
5655 496855117 18 0
11818 496866935 22 0
6102 496873037 23 0
5658 496878695 12 0
5658 496884353 13 0
11785 496896138 48 0
6138 496902276 18 0
5658 496907934 13 0
5658 496913592 11 0
11808 496925400 47 0
6658 496932058 73 0
6333 496938391 18 0
5644 496944035 26 0
13013 496957048 31 0
6594 496963642 31 0
5652 496969294 19 0
5658 496974952 10 0
11782 496986734 35 0
6132 496992866 13 0
6097 496998963 27 0
6116 497005079 17 0
12199 497017278 47 0
6116 497023394 19 0
15175 497038569 336 1
6109 497044678 45 0
12197 497056875 46 0
6085 497062960 25 0
6085 497069045 26 0
6116 497075161 16 0
11729 497086890 43 0
6121 497093011 22 0
6096 497099107 26 0
5634 497104741 16 0
11740 497116481 37 0
6114 497122595 21 0
5629 497128224 19 0
5652 497133876 20 0
11796 497145672 41 0
6054 497151726 13 0
7044 497158770 51 0
5658 497164428 12 0
11802 497176230 40 0
6151 497182381 14 0
5675 497188056 26 0
5658 497193714 9 0
11794 497205508 41 0
6138 497211646 18 0
5626 497217272 23 0
5652 497222924 14 0
11842 497234766 44 0
6143 497240909 30 0
5632 497246541 24 0
5658 497252199 9 0
11817 497264016 21 0
6124 497270140 31 0
5645 497275785 25 0
5663 497281448 21 0
11831 497293279 21 0
6138 497299417 19 0
5644 497305061 23 0
5658 497310719 10 0
11812 497322531 40 0
6151 497328682 19 0
5658 497334340 13 0
5628 497339968 14 0
11788 497351756 38 0
6125 497357881 21 0
5640 497363521 14 0
5633 497369154 13 0
11781 497380935 42 0
6145 497387080 16 0
5626 497392706 22 0
5633 497398339 22 0
11804 497410143 44 0
6164 497416307 16 0
5628 497421935 14 0
5654 497427589 22 0
11805 497439394 40 0
6138 497445532 17 0
5615 497451147 19 0
5655 497456802 23 0
11812 497468614 43 0
6096 497474710 21 0
5658 497480368 13 0
5652 497486020 16 0
11810 497497830 32 0
6138 497503968 14 0
5628 497509596 18 0
5628 497515224 18 0
11792 497527016 38 0
7508 497534524 36 0
5633 497540157 24 0
5657 497545814 21 0
11818 497557632 22 0
6127 497563759 21 0
5615 497569374 21 0
5640 497575014 19 0
11758 497586772 35 0
6129 497592901 29 0
5658 497598559 10 0
5658 497604217 12 0
11815 497616032 33 0
6124 497622156 24 0
5658 497627814 10 0
5658 497633472 13 0
11789 497645261 39 0
6151 497651412 20 0
5652 497657064 18 0
5652 497662716 17 0
11819 497674535 36 0
6119 497680654 22 0
5658 497686312 11 0
5658 497691970 13 0
11821 497703791 43 0
6138 497709929 18 0
5615 497715544 16 0
5645 497721189 20 0
11824 497733013 38 0
6138 497739151 19 0
5658 497744809 12 0
5658 497750467 12 0
11831 497762298 16 0
6138 497768436 15 0
5660 497774096 29 0
5646 497779742 20 0
11818 497791560 32 0
14352 497805912 248 14
5610 497811522 40 0
5651 497817173 18 0
11792 497828965 36 0
6138 497835103 18 0
6109 497841212 28 0
11755 497852967 32 0
5661 497858628 28 0
6110 497864738 31 0
5644 497870382 18 0
11803 497882185 36 0
5656 497887841 22 0
6144 497893985 25 0
5654 497899639 27 0
11818 497911457 23 0
7027 497918484 47 0
6127 497924611 34 0
5637 497930248 23 0
12711 497942959 112 1
5658 497948617 10 0
6126 497954743 20 0
5652 497960395 18 0
11815 497972210 40 0
5658 497977868 12 0
6120 497983988 23 0
5640 497989628 20 0
11822 498001450 31 0
5645 498007095 20 0
6117 498013212 33 0
5634 498018846 16 0
11791 498030637 60 0
5650 498036287 20 0
6138 498042425 22 0
5658 498048083 11 0
11804 498059887 35 0
5658 498065545 12 0
6096 498071641 23 0
5634 498077275 16 0
11809 498089084 33 0
5658 498094742 11 0
6132 498100874 19 0
5649 498106523 22 0
11804 498118327 44 0
5663 498123990 22 0
6152 498130142 19 0
5640 498135782 12 0
11793 498147575 38 0
5658 498153233 12 0
6126 498159359 24 0
5658 498165017 10 0
11845 498176862 37 0
5651 498182513 16 0
6132 498188645 15 0
5652 498194297 15 0
11800 498206097 38 0
5658 498211755 11 0
6114 498217869 21 0
5652 498223521 12 0
11807 498235328 37 0
5652 498240980 25 0
6138 498247118 16 0
5639 498252757 16 0
11816 498264573 28 0
5652 498270225 13 0
6151 498276376 14 0
5658 498282034 11 0
13170 498295204 33 0
5658 498300862 20 0
6101 498306963 24 0
5634 498312597 19 0
11811 498324408 43 0
5646 498330054 13 0
6132 498336186 20 0
5646 498341832 16 0
11811 498353643 35 0
5651 498359294 19 0
6145 498365439 17 0
5628 498371067 19 0
11810 498382877 37 0
5652 498388529 15 0
6138 498394667 19 0
5658 498400325 13 0
11795 498412120 30 0
5657 498417777 15 0
6120 498423897 18 0
5652 498429549 12 0
11800 498441349 32 0
5658 498447007 14 0
6120 498453127 19 0
5658 498458785 10 0
11805 498470590 38 0
5657 498476247 21 0
6132 498482379 17 0
5628 498488007 21 0
11805 498499812 32 0
5658 498505470 18 0
6132 498511602 26 0
5628 498517230 16 0
11787 498529017 41 0
5657 498534674 21 0
6132 498540806 16 0
5652 498546458 16 0
11837 498558295 35 0
5656 498563951 24 0
6137 498570088 26 0
5640 498575728 17 0
11798 498587526 40 0
5651 498593177 16 0
6145 498599322 16 0
5652 498604974 14 0
11806 498616780 35 0
5658 498622438 14 0
6125 498628563 24 0
5640 498634203 20 0
413911 499048114 6272 60
512443 499560557 9531 120
8092 499568649 144 0
6434 499575083 31 0
18722 499593805 384 10
6638 499600443 41 0
6710 499607153 30 0
6675 499613828 25 0
14757 499628585 112 4
4812592 4812592 92035 273
16060605 20873197 45767 1572
19237026 40110223 19051 1078
19375488 59485711 20547 884
19586973 79072684 21559 853
19664446 98737130 18775 1246
19500434 118237564 19019 549
19328144 137565708 25367 1072
19145268 156710976 19806 330
19663440 176374416 19100 977
19338462 195712878 18804 820
19652269 215365147 22088 1337
19678913 235044060 19369 910
18986580 254030640 24224 908
19423044 273453684 19649 517
19514496 292968180 19249 1093
18960148 311928328 18738 906
19717940 331646268 19570 1368
19742841 351389109 18919 1251
19666950 371056059 19338 1089
19874681 390930740 18875 573
19828705 410759445 18735 907
19755485 430514930 18744 481
19739347 450254277 19559 730
19730610 469984887 18791 1192
17444212 487429099 26809 830
8906942 496336041 18969 19
15197 496351238 602 1
5658 496356896 24 0
5639 496362535 37 0
6137 496368672 23 0
11773 496380445 55 0
5657 496386102 14 0
5651 496391753 19 0
6148 496397901 21 0
11770 496409671 50 0
5660 496415331 21 0
5658 496420989 29 0
6147 496427136 27 0
11789 496438925 24 0
5631 496444556 20 0
5651 496450207 16 0
6173 496456380 17 0
11764 496468144 40 0
5627 496473771 21 0
5653 496479424 25 0
6129 496485553 23 0
11760 496497313 49 0
6999 496504312 101 0
5638 496509950 22 0
6149 496516099 25 0
11796 496527895 24 0
5646 496533541 15 0
5652 496539193 20 0
6148 496545341 23 0
11808 496557149 45 0
5643 496562792 20 0
5644 496568436 28 0
6160 496574596 16 0
11772 496586368 31 0
5656 496592024 19 0
5658 496597682 10 0
6146 496603828 24 0
11779 496615607 40 0
5649 496621256 24 0
5658 496626914 8 0
6160 496633074 13 0
11798 496644872 52 0
5616 496650488 16 0
5658 496656146 10 0
6146 496662292 25 0
11736 496674028 34 0
5658 496679686 12 0
5637 496685323 23 0
6173 496691496 14 0
11765 496703261 32 0
5652 496708913 14 0
5651 496714564 12 0
6140 496720704 26 0
11766 496732470 37 0
5658 496738128 12 0
5665 496743793 27 0
6130 496749923 25 0
11797 496761720 28 0
5643 496767363 20 0
5656 496773019 25 0
6146 496779165 25 0
11792 496790957 44 0
5658 496796615 12 0
5658 496802273 8 0
6136 496808409 23 0
11794 496820203 33 0
5652 496825855 13 0
5644 496831499 18 0
6173 496837672 13 0
11793 496849465 27 0
5651 496855116 16 0
5657 496860773 19 0
6687 496867460 24 0
14405 496881865 53 0
6306 496888171 27 0
5640 496893811 25 0
6616 496900427 26 0
11792 496912219 53 0
6091 496918310 27 0
6116 496924426 16 0
6112 496930538 24 0
12211 496942749 44 0
6103 496948852 24 0
6100 496954952 29 0
6103 496961055 21 0
12208 496973263 32 0
6129 496979392 16 0
6101 496985493 27 0
6080 496991573 23 0
11754 497003327 31 0
6112 497009439 34 0
5658 497015097 9 0
6096 497021193 24 0
11789 497032982 32 0
5626 497038608 22 0
5639 497044247 21 0
6148 497050395 20 0
11763 497062158 43 0
5652 497067810 14 0
5645 497073455 25 0
6173 497079628 13 0
11789 497091417 38 0
5658 497097075 13 0
5657 497102732 15 0
6148 497108880 21 0
11795 497120675 37 0
5610 497126285 20 0
5652 497131937 15 0
6130 497138067 21 0
11784 497149851 50 0
5652 497155503 15 0
5658 497161161 12 0
15211 497176372 339 0
11778 497188150 48 0
5643 497193793 25 0
5658 497199451 10 0
6148 497205599 27 0
11796 497217395 21 0
5648 497223043 24 0
5644 497228687 19 0
6173 497234860 13 0
11766 497246626 25 0
5627 497252253 23 0
5648 497257901 25 0
6154 497264055 18 0
13199 497277254 42 0
5627 497282881 20 0
5657 497288538 19 0
6148 497294686 19 0
11748 497306434 29 0
5658 497312092 13 0
5678 497317770 27 0
11829 497329599 32 0
6138 497335737 16 0
5658 497341395 8 0
5645 497347040 18 0
11812 497358852 24 0
7039 497365891 92 1
5658 497371549 12 0
5658 497377207 10 0
11779 497388986 36 0
6126 497395112 23 0
5640 497400752 16 0
5652 497406404 14 0
11808 497418212 40 0
6138 497424350 18 0
5655 497430005 22 0
5651 497435656 18 0
11800 497447456 33 0
6120 497453576 21 0
5628 497459204 15 0
5652 497464856 14 0
11805 497476661 35 0
6112 497482773 29 0
5658 497488431 13 0
5649 497494080 24 0
11806 497505886 28 0
6158 497512044 14 0
5649 497517693 27 0
5622 497523315 22 0
11776 497535091 28 0
6138 497541229 18 0
5632 497546861 26 0
5658 497552519 8 0
11794 497564313 44 0
6107 497570420 25 0
5650 497576070 23 0
5622 497581692 19 0
11818 497593510 21 0
6155 497599665 25 0
5658 497605323 12 0
5658 497610981 11 0
11770 497622751 29 0
6131 497628882 21 0
5627 497634509 18 0
5658 497640167 11 0
13200 497653367 55 0
6113 497659480 20 0
5640 497665120 18 0
5633 497670753 23 0
11807 497682560 39 0
6138 497688698 15 0
5638 497694336 21 0
5658 497699994 8 0
11781 497711775 38 0
6132 497717907 19 0
5650 497723557 28 0
5658 497729215 10 0
11798 497741013 28 0
6126 497747139 26 0
5646 497752785 23 0
5645 497758430 22 0
11815 497770245 39 0
6138 497776383 14 0
5662 497782045 25 0
5644 497787689 21 0
11778 497799467 46 0
6120 497805587 20 0
5641 497811228 26 0
5640 497816868 24 0
11788 497828656 38 0
6151 497834807 12 0
5658 497840465 13 0
5655 497846120 21 0
11818 497857938 20 0
6090 497864028 22 0
5651 497869679 18 0
5658 497875337 9 0
11797 497887134 38 0
6125 497893259 18 0
5637 497898896 18 0
5657 497904553 29 0
11806 497916359 26 0
6137 497922496 27 0
5643 497928139 20 0
5658 497933797 8 0
11801 497945598 32 0
6138 497951736 12 0
5654 497957390 24 0
5632 497963022 18 0
11764 497974786 46 0
6151 497980937 15 0
5658 497986595 9 0
5658 497992253 11 0
11796 498004049 45 0
6123 498010172 35 0
5658 498015830 12 0
7021 498022851 39 0
11829 498034680 40 0
6138 498040818 17 0
5651 498046469 20 0
5657 498052126 15 0
11806 498063932 44 0
6151 498070083 15 0
5615 498075698 19 0
5643 498081341 22 0
11797 498093138 46 0
6138 498099276 17 0
5658 498104934 8 0
5658 498110592 7 0
11821 498122413 36 0
6132 498128545 19 0
5639 498134184 15 0
5658 498139842 11 0
11804 498151646 32 0
6132 498157778 18 0
5647 498163425 25 0
5651 498169076 12 0
11814 498180890 35 0
6138 498187028 16 0
5639 498192667 16 0
5658 498198325 7 0
11798 498210123 34 0
6151 498216274 12 0
5640 498221914 18 0
5658 498227572 9 0
11793 498239365 41 0
6121 498245486 17 0
5653 498251139 20 0
5658 498256797 7 0
11791 498268588 43 0
6138 498274726 13 0
5646 498280372 14 0
5658 498286030 9 0
11781 498297811 29 0
6151 498303962 16 0
5622 498309584 18 0
5644 498315228 22 0
11818 498327046 23 0
6101 498333147 22 0
5658 498338805 10 0
5652 498344457 12 0
11795 498356252 43 0
6138 498362390 14 0
5642 498368032 20 0
5649 498373681 21 0
11821 498385502 58 0
6138 498391640 17 0
7035 498398675 24 0
5656 498404331 27 0
11819 498416150 25 0
6125 498422275 21 0
5645 498427920 16 0
5658 498433578 7 0
11801 498445379 43 0
6138 498451517 23 0
5639 498457156 15 0
5646 498462802 16 0
11816 498474618 38 0
6112 498480730 24 0
5658 498486388 11 0
5658 498492046 13 0
11827 498503873 51 0
6138 498510011 19 0
5644 498515655 19 0
5658 498521313 11 0
11818 498533131 18 0
6151 498539282 15 0
5620 498544902 21 0
5649 498550551 30 0
11793 498562344 39 0
694197 499256541 11934 160
209638 499466179 3416 19
6693 499472872 59 0
13108 499485980 65 0
12289 499498269 389 6
6401 499504670 37 0
6718 499511388 25 0
14671 499526059 153 1
6602 499532661 29 0
6671 499539332 22 0
3468501 3468501 69593 147
12114286 15582787 64725 1501
19533706 35116493 19105 1034
19255488 54371981 26112 974
19232560 73604541 19475 1008
19671536 93276077 21014 1010
19586136 112862213 20349 741
18556852 131419065 26811 1147
19329795 150748860 20964 364
19870326 170619186 20797 999
19678669 190297855 22889 687
19557519 209855374 22090 1291
19686923 229542297 20891 1186
19429452 248971749 20876 935
18548398 267520147 26315 574
19407514 286927661 18841 931
19478448 306406109 19092 695
19686095 326092204 19123 1413
19820679 345912883 20154 1441
19636998 365549881 19093 811
19843843 385393724 18808 1135
19707434 405101158 18908 927
19837558 424938716 19096 423
19773416 444712132 19410 541
19715742 464427874 18816 1235
19215025 483642899 23409 1098
10775048 494417947 24718 10
1943002 496360949 5377 8
5651 496366600 29 0
5656 496372256 23 0
11811 496384067 34 0
6138 496390205 16 0
5658 496395863 9 0
5652 496401515 26 0
11817 496413332 26 0
6158 496419490 23 0
5637 496425127 25 0
5637 496430764 29 0
11784 496442548 37 0
6138 496448686 18 0
5658 496454344 13 0
5652 496459996 20 0
11825 496471821 34 0
6132 496477953 23 0
5651 496483604 28 0
5657 496489261 16 0
11778 496501039 51 0
6138 496507177 20 0
5628 496512805 16 0
5652 496518457 12 0
11819 496530276 46 0
6095 496536371 24 0
5658 496542029 9 0
5652 496547681 13 0
11822 496559503 41 0
6120 496565623 28 0
5658 496571281 11 0
5633 496576914 23 0
11775 496588689 36 0
6132 496594821 19 0
5672 496600493 30 0
5658 496606151 10 0
11798 496617949 40 0
6138 496624087 19 0
5628 496629715 18 0
5637 496635352 25 0
11805 496647157 34 0
6151 496653308 17 0
5615 496658923 23 0
5658 496664581 27 0
13194 496677775 120 0
6138 496683913 18 0
5615 496689528 19 0
5658 496695186 9 0
11771 496706957 46 0
6138 496713095 19 0
5650 496718745 23 0
5658 496724403 9 0
11803 496736206 44 0
6137 496742343 26 0
5658 496748001 14 0
5650 496753651 24 0
11828 496765479 39 0
6138 496771617 20 0
5649 496777266 21 0
5644 496782910 18 0
11815 496794725 38 0
7052 496801777 101 2
5628 496807405 20 0
5652 496813057 13 0
11812 496824869 26 0
6138 496831007 14 0
5640 496836647 15 0
5657 496842304 19 0
11825 496854129 35 0
6138 496860267 16 0
5658 496865925 15 0
5640 496871565 16 0
13035 496884600 86 0
7391 496891991 57 0
6336 496898327 26 0
6314 496904641 26 0
12236 496916877 45 0
6123 496923000 26 0
6116 496929116 19 0
5652 496934768 13 0
12241 496947009 48 0
6103 496953112 24 0
6104 496959216 22 0
6068 496965284 24 0
12226 496977510 32 0
6116 496983626 14 0
6129 496989755 16 0
6085 496995840 24 0
12202 497008042 33 0
6068 497014110 23 0
5657 497019767 13 0
5658 497025425 12 0
12265 497037690 41 0
6090 497043780 23 0
6104 497049884 26 0
5654 497055538 28 0
13161 497068699 52 0
6138 497074837 17 0
5639 497080476 23 0
5651 497086127 19 0
11812 497097939 31 0
6131 497104070 28 0
5660 497109730 30 0
5652 497115382 22 0
11779 497127161 47 0
6156 497133317 35 0
5658 497138975 15 0
5646 497144621 14 0
11795 497156416 31 0
6113 497162529 21 0
5632 497168161 21 0
5658 497173819 12 0
11801 497185620 36 0
6149 497191769 24 0
5658 497197427 11 0
5658 497203085 18 0
11797 497214882 46 0
6143 497221025 31 0
5658 497226683 10 0
5652 497232335 16 0
11770 497244105 35 0
6138 497250243 15 0
5637 497255880 22 0
5643 497261523 29 0
11817 497273340 32 0
6151 497279491 15 0
5659 497285150 21 0
5651 497290801 21 0
11812 497302613 27 0
6107 497308720 31 0
5644 497314364 24 0
5650 497320014 29 0
11798 497331812 39 0
6119 497337931 24 0
5646 497343577 15 0
5650 497349227 20 0
11810 497361037 41 0
6151 497367188 19 0
5649 497372837 16 0
5652 497378489 11 0
11815 497390304 41 0
6132 497396436 17 0
5643 497402079 24 0
5658 497407737 10 0
23070 497430807 413 1
6123 497436930 41 0
7034 497443964 45 0
5658 497449622 12 0
11806 497461428 28 0
6116 497467544 27 0
5658 497473202 10 0
5658 497478860 9 0
11810 497490670 30 0
6138 497496808 19 0
5637 497502445 24 0
5658 497508103 14 0
11823 497519926 47 0
6151 497526077 17 0
5622 497531699 20 0
5631 497537330 23 0
11818 497549148 35 0
6125 497555273 24 0
5620 497560893 22 0
5658 497566551 13 0
11825 497578376 38 0
6124 497584500 22 0
5640 497590140 20 0
5651 497595791 21 0
11776 497607567 31 0
6132 497613699 23 0
5658 497619357 21 0
5662 497625019 22 0
11818 497636837 34 0
6138 497642975 14 0
5634 497648609 20 0
5658 497654267 12 0
11808 497666075 37 0
6138 497672213 15 0
5642 497677855 22 0
5651 497683506 17 0
11804 497695310 35 0
6139 497701449 19 0
5625 497707074 21 0
5626 497712700 22 0
11831 497724531 27 0
6131 497730662 20 0
5658 497736320 12 0
5637 497741957 22 0
11776 497753733 42 0
6103 497759836 24 0
5650 497765486 19 0
5649 497771135 26 0
11812 497782947 29 0
6138 497789085 17 0
6092 497795177 24 0
5645 497800822 19 0
11822 497812644 45 0
7515 497820159 29 0
5652 497825811 13 0
5668 497831479 30 0
11802 497843281 34 0
6127 497849408 22 0
5644 497855052 26 0
5662 497860714 23 0
11811 497872525 25 0
6138 497878663 16 0
5644 497884307 19 0
5652 497889959 11 0
11827 497901786 36 0
6120 497907906 19 0
5616 497913522 16 0
5631 497919153 23 0
11818 497930971 18 0
6136 497937107 33 0
5646 497942753 15 0
5632 497948385 23 0
11820 497960205 42 0
6138 497966343 20 0
5637 497971980 22 0
5652 497977632 29 0
11788 497989420 34 0
6143 497995563 28 0
5632 498001195 24 0
5656 498006851 28 0
11818 498018669 40 0
6129 498024798 29 0
5658 498030456 14 0
5649 498036105 19 0
11818 498047923 27 0
6136 498054059 34 0
5652 498059711 16 0
5648 498065359 28 0
11786 498077145 41 0
6151 498083296 18 0
5658 498088954 9 0
5652 498094606 16 0
11820 498106426 37 0
6138 498112564 18 0
5633 498118197 19 0
5640 498123837 15 0
11826 498135663 33 0
6138 498141801 14 0
5628 498147429 16 0
5645 498153074 19 0
11810 498164884 27 0
6118 498171002 30 0
5657 498176659 29 0
5657 498182316 33 0
13207 498195523 39 0
6138 498201661 18 0
5652 498207313 19 0
5648 498212961 24 0
11787 498224748 27 0
6151 498230899 18 0
5648 498236547 31 0
11800 498248347 42 0
5657 498254004 28 0
6138 498260142 18 0
5640 498265782 18 0
11822 498277604 34 0
5651 498283255 17 0
6138 498289393 16 0
5634 498295027 18 0
11811 498306838 30 0
5643 498312481 23 0
6155 498318636 27 0
5653 498324289 21 0
11818 498336107 26 0
5657 498341764 28 0
6122 498347886 30 0
5673 498353559 29 0
11818 498365377 26 0
5658 498371035 17 0
6113 498377148 32 0
5627 498382775 18 0
11796 498394571 41 0
5658 498400229 13 0
6141 498406370 30 0
5646 498412016 18 0
11823 498423839 41 0
5652 498429491 16 0
6109 498435600 23 0
5645 498441245 19 0
11797 498453042 35 0
5656 498458698 19 0
6132 498464830 24 0
5658 498470488 13 0
11820 498482308 39 0
5658 498487966 12 0
6132 498494098 23 0
5638 498499736 23 0
11812 498511548 29 0
5640 498517188 18 0
6138 498523326 20 0
5652 498528978 16 0
11811 498540789 40 0
5651 498546440 28 0
6151 498552591 19 0
5643 498558234 23 0
13176 498571410 44 0
5622 498577032 18 0
6119 498583151 29 0
5651 498588802 17 0
11783 498600585 33 0
5646 498606231 23 0
6126 498612357 21 0
8997 498621354 195 0
905897 499527251 15241 252
6687 499533938 56 0
6665 499540603 31 0
11801 499552404 370 4
13411 499565815 84 0
6395 499572210 15 0
8276 499580486 144 5
6602 499587088 29 0
13416 499600504 58 0
