443239, 443239, 10007, 494, 5
5267715, 5710954, 91513, 7831, 15
15351692, 21062646, 36648, 9169, 10
19338576, 40401222, 19293, 5186, 11
18826573, 59227795, 20654, 5525, 11
19569769, 78797564, 18914, 5302, 11
19418278, 98215842, 17977, 5308, 11
18498897, 116714739, 24206, 6999, 2
18997620, 135712359, 18555, 5192, 11
19585828, 155298187, 18890, 5254, 11
19511150, 174809337, 19950, 5484, 11
19551710, 194361047, 18439, 5270, 11
19382204, 213743251, 18746, 5234, 11
19336784, 233080035, 20377, 5255, 11
18932137, 252012172, 18828, 5136, 11
18894027, 270906199, 24337, 5119, 11
19541796, 290447995, 18425, 5298, 11
19528754, 309976749, 18882, 5175, 11
19544760, 329521509, 18936, 5336, 11
19612869, 349134378, 19041, 5378, 11
19548491, 368682869, 18483, 5250, 11
19649530, 388332399, 19260, 5271, 11
19607107, 407939506, 18444, 5332, 11
19613078, 427552584, 18924, 5250, 11
19633891, 447186475, 18208, 5338, 11
19565591, 466752066, 19121, 5244, 11
18012107, 484764173, 29662, 4820, 11
10423609, 495187782, 16004, 202, 12
1133235, 496321017, 3926, 471, 1
11783, 496332800, 45, 1, 1
5645, 496338445, 25, 1, 1
5658, 496344103, 12, 0, 1
6147, 496350250, 25, 0, 1
11797, 496362047, 33, 0, 1
5645, 496367692, 23, 0, 1
5639, 496373331, 26, 0, 1
6160, 496379491, 17, 0, 1
11784, 496391275, 31, 0, 1
5637, 496396912, 23, 0, 1
5652, 496402564, 17, 0, 1
6172, 496408736, 25, 0, 1
11773, 496420509, 40, 0, 1
5634, 496426143, 17, 0, 1
5658, 496431801, 14, 0, 1
6148, 496437949, 22, 0, 1
11790, 496449739, 34, 0, 1
7011, 496456750, 101, 22, 1
5651, 496462401, 18, 0, 1
6173, 496468574, 16, 0, 1
11785, 496480359, 42, 0, 1
5640, 496485999, 17, 0, 1
5658, 496491657, 11, 0, 1
6139, 496497796, 27, 0, 1
11786, 496509582, 54, 0, 1
5658, 496515240, 10, 0, 1
5652, 496520892, 14, 0, 1
6138, 496527030, 28, 0, 1
11796, 496538826, 25, 0, 1
5632, 496544458, 25, 0, 1
5658, 496550116, 11, 0, 1
6171, 496556287, 29, 0, 1
11803, 496568090, 26, 0, 1
5639, 496573729, 17, 0, 1
5657, 496579386, 19, 0, 1
6166, 496585552, 19, 0, 1
11801, 496597353, 38, 0, 1
5658, 496603011, 14, 0, 1
5658, 496608669, 14, 0, 1
6166, 496614835, 22, 0, 1
11795, 496626630, 31, 0, 1
5640, 496632270, 18, 0, 1
5652, 496637922, 14, 0, 1
6186, 496644108, 18, 0, 1
11776, 496655884, 40, 0, 1
6092, 496661976, 26, 0, 1
5658, 496667634, 14, 2, 1
6137, 496673771, 20, 0, 1
11796, 496685567, 26, 0, 1
6123, 496691690, 20, 0, 1
5658, 496697348, 14, 0, 1
6120, 496703468, 25, 0, 1
11794, 496715262, 43, 0, 1
5664, 496720926, 31, 0, 1
5658, 496726584, 10, 0, 1
6135, 496732719, 23, 0, 1
11785, 496744504, 43, 0, 1
5652, 496750156, 14, 0, 1
5652, 496755808, 13, 0, 1
6160, 496761968, 16, 0, 1
11790, 496773758, 31, 0, 1
5658, 496779416, 12, 1, 1
5658, 496785074, 11, 0, 1
6173, 496791247, 18, 0, 1
11778, 496803025, 30, 0, 1
5658, 496808683, 14, 1, 1
5657, 496814340, 16, 0, 1
6155, 496820495, 18, 0, 1
13161, 496833656, 68, 11, 1
5658, 496839314, 15, 2, 1
5652, 496844966, 16, 0, 1
6160, 496851126, 21, 0, 1
12323, 496863449, 65, 1, 1
6333, 496869782, 35, 2, 1
5643, 496875425, 16, 0, 1
6698, 496882123, 30, 0, 1
13181, 496895304, 38, 0, 1
6116, 496901420, 19, 0, 1
5652, 496907072, 18, 0, 1
6125, 496913197, 25, 0, 1
12232, 496925429, 40, 0, 1
6129, 496931558, 18, 0, 1
6104, 496937662, 22, 0, 1
6097, 496943759, 23, 0, 1
12231, 496955990, 36, 0, 1
6103, 496962093, 21, 0, 1
6110, 496968203, 18, 0, 1
6110, 496974313, 20, 0, 1
20862, 496995175, 318, 166, 1
6110, 497001285, 42, 1, 1
6116, 497007401, 18, 0, 1
6116, 497013517, 17, 0, 1
12231, 497025748, 32, 0, 1
6108, 497031856, 30, 0, 1
6136, 497037992, 26, 0, 1
6116, 497044108, 17, 0, 1
12232, 497056340, 32, 0, 1
6116, 497062456, 22, 0, 1
5658, 497068114, 10, 0, 1
6138, 497074252, 17, 0, 1
12244, 497086496, 30, 0, 1
5658, 497092154, 13, 0, 1
5658, 497097812, 12, 0, 1
6160, 497103972, 20, 0, 1
11790, 497115762, 28, 0, 1
5658, 497121420, 13, 0, 1
5658, 497127078, 13, 0, 1
6149, 497133227, 26, 0, 1
11796, 497145023, 26, 0, 1
5658, 497150681, 9, 0, 1
5658, 497156339, 12, 0, 1
6129, 497162468, 23, 0, 1
11789, 497174257, 39, 1, 1
5658, 497179915, 12, 0, 1
5658, 497185573, 19, 0, 1
6148, 497191721, 27, 0, 1
11778, 497203499, 27, 0, 1
5646, 497209145, 15, 0, 1
5658, 497214803, 18, 0, 1
6136, 497220939, 24, 0, 1
13186, 497234125, 46, 0, 1
5641, 497239766, 18, 0, 1
5658, 497245424, 11, 0, 1
11792, 497257216, 38, 0, 1
6138, 497263354, 18, 0, 1
5645, 497268999, 21, 0, 1
5658, 497274657, 12, 0, 1
11799, 497286456, 35, 0, 1
6138, 497292594, 22, 0, 1
5652, 497298246, 14, 0, 1
5663, 497303909, 16, 0, 1
11818, 497315727, 25, 0, 1
6157, 497321884, 19, 0, 1
5658, 497327542, 14, 0, 1
5658, 497333200, 13, 0, 1
11787, 497344987, 38, 0, 1
6138, 497351125, 16, 0, 1
5617, 497356742, 20, 0, 1
5658, 497362400, 10, 0, 1
11831, 497374231, 26, 0, 1
6138, 497380369, 16, 0, 1
5652, 497386021, 17, 0, 1
5657, 497391678, 19, 0, 1
11809, 497403487, 39, 0, 1
6137, 497409624, 23, 0, 1
5652, 497415276, 16, 0, 1
5658, 497420934, 12, 0, 1
11881, 497432815, 39, 0, 1
6132, 497438947, 20, 0, 1
5640, 497444587, 16, 0, 1
5657, 497450244, 17, 0, 1
11800, 497462044, 28, 0, 1
6133, 497468177, 19, 0, 1
5640, 497473817, 16, 0, 1
5646, 497479463, 15, 0, 1
11790, 497491253, 42, 0, 1
6113, 497497366, 25, 0, 1
5639, 497503005, 22, 0, 1
5657, 497508662, 20, 0, 1
11831, 497520493, 27, 0, 1
6138, 497526631, 16, 0, 1
5646, 497532277, 27, 0, 1
5651, 497537928, 15, 0, 1
11811, 497549739, 27, 0, 1
6145, 497555884, 24, 0, 1
5658, 497561542, 12, 0, 1
5658, 497567200, 13, 0, 1
11792, 497578992, 42, 0, 1
6138, 497585130, 16, 0, 1
5652, 497590782, 19, 0, 1
5658, 497596440, 12, 0, 1
13213, 497609653, 47, 1, 1
6138, 497615791, 17, 0, 1
5652, 497621443, 17, 0, 1
5651, 497627094, 17, 0, 1
11811, 497638905, 38, 0, 1
6138, 497645043, 18, 0, 1
5658, 497650701, 14, 0, 1
5658, 497656359, 11, 0, 1
11837, 497668196, 25, 0, 1
6137, 497674333, 17, 0, 1
5658, 497679991, 13, 0, 1
5658, 497685649, 13, 0, 1
11802, 497697451, 40, 0, 1
6151, 497703602, 18, 0, 1
5628, 497709230, 18, 0, 1
5652, 497714882, 23, 0, 1
11817, 497726699, 31, 0, 1
6126, 497732825, 20, 0, 1
5658, 497738483, 11, 0, 1
5658, 497744141, 10, 0, 1
20887, 497765028, 319, 20, 1
6138, 497771166, 25, 0, 1
5658, 497776824, 13, 0, 1
5652, 497782476, 22, 0, 1
11786, 497794262, 39, 0, 1
6152, 497800414, 28, 0, 1
5634, 497806048, 17, 0, 1
5657, 497811705, 16, 0, 1
11818, 497823523, 44, 0, 1
6133, 497829656, 25, 0, 1
6115, 497835771, 30, 0, 1
5646, 497841417, 18, 0, 1
11795, 497853212, 42, 0, 1
6120, 497859332, 20, 0, 1
5658, 497864990, 14, 0, 1
5658, 497870648, 15, 0, 1
11811, 497882459, 38, 0, 1
6138, 497888597, 25, 0, 1
5633, 497894230, 18, 0, 1
5645, 497899875, 16, 0, 1
11794, 497911669, 35, 0, 1
6132, 497917801, 24, 0, 1
5658, 497923459, 15, 0, 1
5658, 497929117, 16, 0, 1
11818, 497940935, 25, 0, 1
6151, 497947086, 17, 0, 1
5658, 497952744, 14, 0, 1
5646, 497958390, 16, 0, 1
11786, 497970176, 44, 0, 1
6132, 497976308, 22, 0, 1
5639, 497981947, 21, 0, 1
7028, 497988975, 34, 0, 1
11831, 498000806, 29, 0, 1
6138, 498006944, 16, 0, 1
5652, 498012596, 15, 0, 1
5651, 498018247, 15, 0, 1
11812, 498030059, 25, 0, 1
6151, 498036210, 19, 0, 1
5658, 498041868, 17, 0, 1
5646, 498047514, 13, 0, 1
11805, 498059319, 40, 0, 1
6139, 498065458, 19, 0, 1
5652, 498071110, 14, 0, 1
5652, 498076762, 18, 0, 1
11831, 498088593, 25, 0, 1
6138, 498094731, 19, 0, 1
5640, 498100371, 17, 0, 1
5652, 498106023, 14, 0, 1
11801, 498117824, 39, 0, 1
6119, 498123943, 24, 0, 1
5645, 498129588, 17, 0, 1
5658, 498135246, 15, 0, 1
11812, 498147058, 29, 0, 1
6138, 498153196, 17, 0, 1
5658, 498158854, 14, 0, 1
5658, 498164512, 11, 0, 1
11801, 498176313, 54, 0, 1
6158, 498182471, 22, 0, 1
5658, 498188129, 14, 0, 1
5657, 498193786, 18, 0, 1
11780, 498205566, 43, 0, 1
6142, 498211708, 37, 0, 1
5658, 498217366, 13, 0, 1
5657, 498223023, 15, 0, 1
11789, 498234812, 39, 0, 1
6114, 498240926, 24, 0, 1
5657, 498246583, 13, 0, 1
5652, 498252235, 17, 0, 1
11785, 498264020, 37, 0, 1
6145, 498270165, 19, 0, 1
5646, 498275811, 21, 0, 1
5657, 498281468, 15, 0, 1
11800, 498293268, 31, 0, 1
6116, 498299384, 29, 0, 1
5652, 498305036, 16, 0, 1
5658, 498310694, 17, 0, 1
11830, 498322524, 38, 0, 1
6119, 498328643, 22, 0, 1
5654, 498334297, 25, 0, 1
5657, 498339954, 22, 0, 1
11782, 498351736, 35, 0, 1
6138, 498357874, 20, 0, 1
7011, 498364885, 37, 0, 1
5658, 498370543, 19, 0, 1
11817, 498382360, 41, 0, 1
6114, 498388474, 26, 0, 1
5656, 498394130, 27, 0, 1
5657, 498399787, 18, 0, 1
11809, 498411596, 46, 0, 1
6151, 498417747, 23, 0, 1
5652, 498423399, 18, 0, 1
5658, 498429057, 14, 0, 1
11780, 498440837, 44, 0, 1
6114, 498446951, 24, 0, 1
5658, 498452609, 15, 0, 1
5658, 498458267, 19, 0, 1
11806, 498470073, 44, 0, 1
6138, 498476211, 20, 0, 1
5658, 498481869, 15, 0, 1
5658, 498487527, 13, 0, 1
11813, 498499340, 36, 0, 1
6145, 498505485, 22, 0, 1
5658, 498511143, 14, 0, 1
5658, 498516801, 17, 0, 1
11824, 498528625, 30, 0, 1
6132, 498534757, 20, 0, 1
5658, 498540415, 17, 0, 1
5658, 498546073, 18, 0, 1
11800, 498557873, 41, 0, 1
6138, 498564011, 16, 0, 1
5658, 498569669, 13, 0, 1
5658, 498575327, 11, 0, 1
11791, 498587118, 40, 0, 1
6138, 498593256, 17, 0, 1
5658, 498598914, 19, 0, 1
5658, 498604572, 14, 0, 1
11807, 498616379, 35, 0, 1
6138, 498622517, 20, 0, 1
5658, 498628175, 15, 0, 1
5658, 498633833, 12, 0, 1
885166, 499518999, 15416, 3629, 9
6432, 499525431, 62, 5, 1
6713, 499532144, 35, 0, 1
6393, 499538537, 30, 1, 1
18542, 499557079, 433, 57, 1
6712, 499563791, 35, 0, 1
6393, 499570184, 13, 0, 1
8290, 499578474, 136, 14, 1
3184716, 3184716, 61310, 3783, 14
9141878, 12326594, 68622, 12084, 13
18854451, 31181045, 21360, 5584, 11
7092797, 38273842, 6006, 1398, 6
19140376, 57414218, 21231, 5184, 11
19542302, 76956520, 18102, 5292, 11
18287867, 95244387, 24729, 7030, 2
19332215, 114576602, 18472, 5331, 11
19107182, 133683784, 17887, 5184, 11
19521618, 153205402, 18446, 5297, 11
19648914, 172854316, 21353, 5452, 11
19526034, 192380350, 19205, 5398, 11
19549846, 211930196, 18759, 5311, 11
19407407, 231337603, 18547, 5275, 11
18921528, 250259131, 20850, 5173, 11
18679731, 268938862, 23903, 5072, 11
19000233, 287939095, 19270, 5170, 11
19573922, 307513017, 18724, 5268, 11
19588947, 327101964, 19329, 5300, 11
19682957, 346784921, 18975, 5363, 11
19473473, 366258394, 18830, 5305, 11
19712500, 385970894, 18258, 5330, 11
19434615, 405405509, 20576, 5228, 11
19664400, 425069909, 19230, 5316, 11
19632318, 444702227, 18893, 5322, 11
19596415, 464298642, 18969, 5209, 11
19560295, 483858937, 19813, 5246, 11
11646481, 495505418, 28313, 931, 19
2986677, 498492095, 6828, 510, 5
5660, 498497755, 46, 4, 1
11796, 498509551, 29, 0, 1
6149, 498515700, 37, 0, 1
5658, 498521358, 11, 0, 1
5652, 498527010, 18, 0, 1
11818, 498538828, 31, 0, 1
6125, 498544953, 26, 0, 1
5658, 498550611, 11, 0, 1
5652, 498556263, 15, 0, 1
11785, 498568048, 44, 0, 1
6114, 498574162, 21, 0, 1
5644, 498579806, 19, 0, 1
5641, 498585447, 27, 0, 1
11822, 498597269, 41, 0, 1
6138, 498603407, 20, 0, 1
5649, 498609056, 23, 0, 1
5644, 498614700, 29, 0, 1
11816, 498626516, 45, 0, 1
6137, 498632653, 23, 0, 1
5646, 498638299, 18, 0, 1
5658, 498643957, 11, 0, 1
13180, 498657137, 122, 32, 1
6138, 498663275, 16, 0, 1
5644, 498668919, 22, 0, 1
5650, 498674569, 23, 0, 1
11810, 498686379, 37, 0, 1
6137, 498692516, 20, 0, 1
5661, 498698177, 27, 0, 1
5658, 498703835, 15, 0, 1
11812, 498715647, 28, 0, 1
6138, 498721785, 16, 0, 1
5658, 498727443, 13, 0, 1
5658, 498733101, 13, 0, 1
11830, 498744931, 34, 0, 1
6138, 498751069, 19, 0, 1
5640, 498756709, 17, 0, 1
5658, 498762367, 10, 0, 1
11799, 498774166, 48, 1, 1
6152, 498780318, 17, 0, 1
5639, 498785957, 19, 0, 1
5651, 498791608, 15, 0, 1
11788, 498803396, 40, 0, 1
6132, 498809528, 18, 0, 1
5652, 498815180, 19, 0, 1
5657, 498820837, 19, 0, 1
11825, 498832662, 34, 1, 1
6138, 498838800, 15, 0, 1
6115, 498844915, 20, 1, 1
5658, 498850573, 14, 0, 1
11795, 498862368, 30, 1, 1
6151, 498868519, 19, 0, 1
5658, 498874177, 14, 0, 1
5652, 498879829, 17, 0, 1
11801, 498891630, 43, 0, 1
6126, 498897756, 26, 0, 1
5658, 498903414, 12, 0, 1
5650, 498909064, 23, 0, 1
11783, 498920847, 36, 0, 1
6132, 498926979, 17, 0, 1
5658, 498932637, 14, 1, 1
5658, 498938295, 13, 0, 1
11818, 498950113, 24, 1, 1
6138, 498956251, 17, 0, 1
5658, 498961909, 13, 1, 1
5645, 498967554, 18, 0, 1
11850, 498979404, 26, 0, 1
6138, 498985542, 16, 0, 1
5658, 498991200, 13, 0, 1
5658, 498996858, 12, 0, 1
11803, 499008661, 44, 1, 1
6145, 499014806, 20, 0, 1
6109, 499020915, 21, 0, 1
6368, 499027283, 64, 0, 1
14372, 499041655, 56, 1, 1
6624, 499048279, 21, 0, 1
6578, 499054857, 23, 0, 1
5658, 499060515, 12, 0, 1
11809, 499072324, 21, 0, 1
6138, 499078462, 18, 0, 1
6116, 499084578, 17, 0, 1
6104, 499090682, 18, 0, 1
12226, 499102908, 26, 0, 1
6129, 499109037, 16, 0, 1
6116, 499115153, 16, 0, 1
6104, 499121257, 21, 0, 1
12214, 499133471, 28, 0, 1
6115, 499139586, 26, 0, 1
6086, 499145672, 25, 0, 1
6104, 499151776, 17, 0, 1
12237, 499164013, 33, 0, 1
6116, 499170129, 17, 0, 1
6097, 499176226, 22, 0, 1
6109, 499182335, 25, 0, 1
12219, 499194554, 43, 0, 1
6114, 499200668, 28, 0, 1
6123, 499206791, 22, 0, 1
6116, 499212907, 21, 0, 1
11773, 499224680, 24, 0, 1
6138, 499230818, 18, 0, 1
6116, 499236934, 17, 0, 1
5658, 499242592, 12, 0, 1
11768, 499254360, 44, 0, 1
6127, 499260487, 23, 0, 1
5639, 499266126, 17, 0, 1
5652, 499271778, 20, 0, 1
11812, 499283590, 25, 0, 1
6138, 499289728, 16, 0, 1
5658, 499295386, 12, 0, 1
5658, 499301044, 12, 0, 1
11812, 499312856, 35, 0, 1
6138, 499318994, 19, 0, 1
5658, 499324652, 13, 0, 1
5658, 499330310, 13, 0, 1
11810, 499342120, 31, 0, 1
6145, 499348265, 21, 0, 1
5652, 499353917, 16, 0, 1
5657, 499359574, 14, 0, 1
11812, 499371386, 30, 0, 1
6138, 499377524, 16, 0, 1
5662, 499383186, 19, 0, 1
5658, 499388844, 11, 0, 1
11799, 499400643, 35, 0, 1
6129, 499406772, 31, 0, 1
5651, 499412423, 18, 0, 1
7021, 499419444, 32, 0, 1
11812, 499431256, 27, 0, 1
6120, 499437376, 17, 0, 1
5658, 499443034, 12, 0, 1
5652, 499448686, 15, 0, 1
11794, 499460480, 30, 0, 1
6131, 499466611, 23, 0, 1
5658, 499472269, 9, 0, 1
5655, 499477924, 15, 0, 1
11807, 499489731, 27, 0, 1
6151, 499495882, 23, 0, 1
5652, 499501534, 15, 0, 1
5658, 499507192, 11, 0, 1
11793, 499518985, 39, 0, 1
6138, 499525123, 27, 0, 1
5646, 499530769, 19, 0, 1
5657, 499536426, 18, 0, 1
11821, 499548247, 32, 0, 1
6114, 499554361, 21, 0, 1
5662, 499560023, 21, 0, 1
5646, 499565669, 13, 0, 1
11817, 499577486, 35, 0, 1
6150, 499583636, 24, 0, 1
5652, 499589288, 14, 0, 1
5658, 499594946, 19, 0, 1
11799, 499606745, 37, 0, 1
6138, 499612883, 16, 0, 1
5658, 499618541, 11, 0, 1
5658, 499624199, 12, 0, 1
11831, 499636030, 23, 0, 1
6138, 499642168, 16, 0, 1
5632, 499647800, 23, 1, 1
5662, 499653462, 17, 0, 1
11804, 499665266, 36, 0, 1
6138, 499671404, 18, 0, 1
5646, 499677050, 16, 0, 1
5652, 499682702, 15, 0, 1
11829, 499694531, 30, 0, 1
6137, 499700668, 19, 0, 1
5645, 499706313, 17, 0, 1
5657, 499711970, 19, 0, 1
11790, 499723760, 37, 0, 1
6164, 499729924, 24, 0, 1
5658, 499735582, 13, 0, 1
5663, 499741245, 16, 0, 1
11818, 499753063, 18, 0, 1
6138, 499759201, 17, 0, 1
5651, 499764852, 23, 0, 1
5644, 499770496, 22, 0, 1
11807, 499782303, 29, 0, 1
6132, 499788435, 20, 0, 1
7040, 499795475, 29, 0, 1
5658, 499801133, 12, 0, 1
11793, 499812926, 32, 0, 1
6141, 499819067, 26, 0, 1
5658, 499824725, 12, 0, 1
5657, 499830382, 17, 0, 1
11806, 499842188, 33, 0, 1
6137, 499848325, 19, 0, 1
5644, 499853969, 18, 0, 1
5646, 499859615, 15, 0, 1
11831, 499871446, 24, 0, 1
6120, 499877566, 26, 0, 1
5658, 499883224, 12, 0, 1
5658, 499888882, 11, 0, 1
11818, 499900700, 24, 0, 1
6138, 499906838, 15, 0, 1
5658, 499912496, 13, 0, 1
5658, 499918154, 9, 0, 1
20867, 499939021, 363, 29, 1
6138, 499945159, 21, 0, 1
5639, 499950798, 21, 0, 1
5651, 499956449, 17, 0, 1
11804, 499968253, 35, 0, 1
6145, 499974398, 20, 0, 1
5652, 499980050, 19, 0, 1
5658, 499985708, 15, 0, 1
11815, 499997523, 37, 0, 1
6137, 500003660, 28, 0, 1
6109, 500009769, 27, 0, 1
5658, 500015427, 22, 0, 1
11809, 500027236, 32, 0, 1
6138, 500033374, 14, 0, 1
5658, 500039032, 13, 0, 1
5658, 500044690, 11, 0, 1
11818, 500056508, 17, 0, 1
6151, 500062659, 14, 0, 1
5633, 500068292, 22, 0, 1
5658, 500073950, 14, 0, 1
11818, 500085768, 17, 0, 1
6137, 500091905, 20, 0, 1
5658, 500097563, 11, 0, 1
5652, 500103215, 14, 0, 1
11838, 500115053, 34, 0, 1
6124, 500121177, 32, 0, 1
5658, 500126835, 12, 0, 1
11804, 500138639, 28, 0, 1
5657, 500144296, 22, 0, 1
6138, 500150434, 18, 0, 1
5646, 500156080, 20, 0, 1
11830, 500167910, 25, 0, 1
5658, 500173568, 12, 0, 1
7509, 500181077, 40, 0, 1
5645, 500186722, 17, 0, 1
11817, 500198539, 29, 0, 1
5657, 500204196, 16, 0, 1
6145, 500210341, 26, 0, 1
5646, 500215987, 18, 0, 1
11810, 500227797, 29, 0, 1
5646, 500233443, 14, 0, 1
6138, 500239581, 16, 0, 1
5658, 500245239, 13, 0, 1
11828, 500257067, 44, 0, 1
5658, 500262725, 13, 0, 1
6125, 500268850, 22, 0, 1
5651, 500274501, 18, 0, 1
11808, 500286309, 41, 0, 1
5658, 500291967, 13, 0, 1
6151, 500298118, 20, 0, 1
5658, 500303776, 14, 0, 1
11805, 500315581, 34, 0, 1
5658, 500321239, 14, 0, 1
6138, 500327377, 16, 0, 1
5658, 500333035, 18, 0, 1
11817, 500344852, 37, 0, 1
5645, 500350497, 18, 0, 1
6126, 500356623, 19, 0, 1
5653, 500362276, 20, 0, 1
11812, 500374088, 36, 0, 1
5658, 500379746, 19, 0, 1
6138, 500385884, 16, 0, 1
5658, 500391542, 11, 0, 1
11812, 500403354, 31, 0, 1
5658, 500409012, 12, 0, 1
6144, 500415156, 24, 0, 1
5658, 500420814, 11, 0, 1
11818, 500432632, 25, 0, 1
5664, 500438296, 23, 0, 1
6141, 500444437, 29, 0, 1
5646, 500450083, 17, 0, 1
11815, 500461898, 42, 0, 1
5652, 500467550, 16, 0, 1
6138, 500473688, 31, 0, 1
5656, 500479344, 24, 0, 1
11826, 500491170, 33, 0, 1
5658, 500496828, 13, 0, 1
6138, 500502966, 19, 0, 1
5658, 500508624, 15, 0, 1
11799, 500520423, 36, 0, 1
5640, 500526063, 13, 0, 1
6145, 500532208, 16, 0, 1
5637, 500537845, 24, 0, 1
11799, 500549644, 32, 0, 1
7035, 500556679, 27, 0, 1
6119, 500562798, 26, 0, 1
5646, 500568444, 20, 0, 1
11831, 500580275, 26, 0, 1
5658, 500585933, 14, 0, 1
6138, 500592071, 16, 0, 1
5658, 500597729, 16, 0, 1
11811, 500609540, 35, 0, 1
5658, 500615198, 11, 0, 1
6138, 500621336, 15, 0, 1
5658, 500626994, 11, 0, 1
11837, 500638831, 32, 0, 1
5658, 500644489, 13, 0, 1
6138, 500650627, 18, 0, 1
5633, 500656260, 16, 0, 1
11788, 500668048, 31, 0, 1
5644, 500673692, 21, 1, 1
14345, 500688037, 265, 127, 1
5658, 500693695, 28, 0, 1
11811, 500705506, 37, 0, 1
5658, 500711164, 19, 0, 1
6138, 500717302, 17, 0, 1
5646, 500722948, 17, 0, 1
11814, 500734762, 23, 0, 1
5658, 500740420, 12, 0, 1
6126, 500746546, 18, 0, 1
5658, 500752204, 12, 0, 1
11828, 500764032, 33, 0, 1
5658, 500769690, 12, 0, 1
6151, 500775841, 17, 0, 1
5652, 500781493, 14, 0, 1
11798, 500793291, 39, 0, 1
5651, 500798942, 20, 0, 1
6138, 500805080, 20, 0, 1
5662, 500810742, 23, 0, 1
12718, 500823460, 97, 38, 1
906256, 501729716, 15491, 3687, 9
6725, 501736441, 72, 0, 1
6662, 501743103, 35, 3, 1
510052, 502253155, 420, 69, 1
6740, 502259895, 28, 0, 1
6662, 502266557, 19, 0, 1
8270, 502274827, 162, 21, 1
13244, 502288071, 60, 0, 1
6602, 502294673, 30, 0, 1
3525649, 3525649, 70893, 4274, 14
10400211, 13925860, 60235, 12369, 13
17203078, 31128938, 19505, 5090, 2
8618818, 39747756, 7452, 1846, 6
19000039, 58747795, 20838, 5101, 11
19492339, 78240134, 17778, 5282, 11
18174655, 96414789, 24439, 7033, 2
19119697, 115534486, 18317, 5158, 11
19162286, 134696772, 17942, 5143, 11
19419636, 154116408, 18843, 5313, 11
19469503, 173585911, 21242, 5471, 11
19343839, 192929750, 19448, 5251, 11
19408238, 212337988, 18909, 5308, 11
19210049, 231548037, 18556, 5211, 11
18891427, 250439464, 21009, 5222, 11
18481525, 268920989, 23905, 4986, 11
19147484, 288068473, 19506, 5169, 11
19535985, 307604458, 19046, 5257, 11
19462141, 327066599, 19793, 5300, 11
19546619, 346613218, 19730, 5382, 11
19425523, 366038741, 19315, 5247, 11
19630595, 385669336, 18891, 5315, 11
19448675, 405118011, 19872, 5184, 11
19551050, 424669061, 19291, 5292, 11
19576403, 444245464, 19350, 5265, 11
19498951, 463744415, 19821, 5211, 11
19444642, 483189057, 20281, 5260, 11
12020748, 495209805, 28563, 1099, 19
3195351, 498405156, 7079, 530, 5
5657, 498410813, 33, 0, 1
11790, 498422603, 33, 0, 1
6150, 498428753, 26, 0, 1
5646, 498434399, 15, 0, 1
5657, 498440056, 21, 0, 1
11822, 498451878, 58, 8, 1
6141, 498458019, 37, 0, 1
7035, 498465054, 91, 29, 1
5658, 498470712, 11, 0, 1
11777, 498482489, 44, 0, 1
6138, 498488627, 20, 0, 1
5652, 498494279, 25, 0, 1
5658, 498499937, 11, 0, 1
11784, 498511721, 52, 0, 1
6134, 498517855, 28, 0, 1
5654, 498523509, 29, 0, 1
5651, 498529160, 18, 0, 1
11786, 498540946, 40, 0, 1
6126, 498547072, 24, 0, 1
5646, 498552718, 17, 0, 1
5652, 498558370, 17, 0, 1
11823, 498570193, 45, 0, 1
6125, 498576318, 38, 0, 1
5651, 498581969, 20, 0, 1
5667, 498587636, 28, 0, 1
11780, 498599416, 55, 1, 1
6145, 498605561, 18, 0, 1
5634, 498611195, 18, 0, 1
5658, 498616853, 12, 0, 1
11823, 498628676, 45, 0, 1
6152, 498634828, 32, 0, 1
5667, 498640495, 32, 0, 1
5645, 498646140, 24, 0, 1
11812, 498657952, 37, 0, 1
6139, 498664091, 25, 0, 1
5658, 498669749, 14, 0, 1
5661, 498675410, 27, 0, 1
11793, 498687203, 56, 0, 1
6138, 498693341, 17, 0, 1
5646, 498698987, 19, 0, 1
5658, 498704645, 13, 0, 1
11795, 498716440, 39, 0, 1
6112, 498722552, 29, 0, 1
5645, 498728197, 23, 1, 1
5658, 498733855, 10, 0, 1
11809, 498745664, 50, 2, 1
6151, 498751815, 16, 0, 1
6109, 498757924, 34, 0, 1
5658, 498763582, 16, 0, 1
11811, 498775393, 43, 0, 1
6138, 498781531, 19, 0, 1
5652, 498787183, 25, 0, 1
5646, 498792829, 18, 0, 1
11831, 498804660, 29, 0, 1
6138, 498810798, 27, 4, 1
5657, 498816455, 22, 2, 1
5658, 498822113, 12, 0, 1
11780, 498833893, 51, 0, 1
7515, 498841408, 34, 1, 1
5650, 498847058, 22, 0, 1
5658, 498852716, 15, 0, 1
11829, 498864545, 29, 2, 1
6134, 498870679, 33, 0, 1
5634, 498876313, 23, 0, 1
5651, 498881964, 20, 0, 1
11800, 498893764, 28, 0, 1
6170, 498899934, 25, 0, 1
5652, 498905586, 15, 0, 1
5658, 498911244, 13, 0, 1
11781, 498923025, 56, 0, 1
6138, 498929163, 21, 0, 1
6120, 498935283, 39, 0, 1
5658, 498940941, 14, 0, 1
12524, 498953465, 66, 0, 1
9781, 498963246, 258, 26, 1
6642, 498969888, 37, 2, 1
6301, 498976189, 28, 0, 1
12259, 498988448, 34, 0, 1
6126, 498994574, 21, 0, 1
6116, 499000690, 18, 0, 1
6109, 499006799, 25, 0, 1
12232, 499019031, 29, 0, 1
6115, 499025146, 24, 0, 1
6099, 499031245, 31, 0, 1
6116, 499037361, 20, 0, 1
12249, 499049610, 40, 0, 1
6104, 499055714, 23, 0, 1
6116, 499061830, 18, 0, 1
6092, 499067922, 25, 0, 1
12232, 499080154, 23, 0, 1
6116, 499086270, 20, 0, 1
6114, 499092384, 32, 0, 1
12237, 499104621, 45, 0, 1
6074, 499110695, 27, 0, 1
6120, 499116815, 29, 0, 1
6112, 499122927, 29, 0, 1
12194, 499135121, 43, 0, 1
5658, 499140779, 15, 0, 1
6149, 499146928, 34, 0, 1
6116, 499153044, 17, 0, 1
11798, 499164842, 45, 0, 1
5651, 499170493, 19, 0, 1
6117, 499176610, 27, 0, 1
5651, 499182261, 21, 0, 1
11834, 499194095, 49, 0, 1
5658, 499199753, 13, 0, 1
6119, 499205872, 25, 0, 1
5644, 499211516, 25, 0, 1
11807, 499223323, 41, 0, 1
7030, 499230353, 47, 0, 1
6145, 499236498, 21, 0, 1
5658, 499242156, 16, 0, 1
11799, 499253955, 36, 0, 1
5658, 499259613, 14, 0, 1
6138, 499265751, 19, 0, 1
5639, 499271390, 19, 0, 1
11838, 499283228, 33, 0, 1
5658, 499288886, 12, 0, 1
6138, 499295024, 16, 0, 1
5658, 499300682, 15, 0, 1
11815, 499312497, 42, 0, 1
5657, 499318154, 18, 0, 1
6137, 499324291, 25, 0, 1
5640, 499329931, 16, 0, 1
11823, 499341754, 30, 0, 1
5657, 499347411, 21, 0, 1
6145, 499353556, 19, 0, 1
5633, 499359189, 20, 0, 1
11817, 499371006, 29, 0, 1
5658, 499376664, 15, 0, 1
6151, 499382815, 18, 0, 1
5658, 499388473, 12, 0, 1
11806, 499400279, 32, 0, 1
5658, 499405937, 20, 0, 1
6126, 499412063, 22, 0, 1
5652, 499417715, 19, 0, 1
11813, 499429528, 34, 0, 1
5658, 499435186, 14, 0, 1
6126, 499441312, 21, 0, 1
5657, 499446969, 15, 0, 1
11812, 499458781, 27, 0, 1
5658, 499464439, 10, 0, 1
6151, 499470590, 15, 0, 1
5658, 499476248, 15, 0, 1
11798, 499488046, 29, 0, 1
5658, 499493704, 17, 0, 1
6114, 499499818, 23, 0, 1
5646, 499505464, 15, 0, 1
11824, 499517288, 30, 0, 1
5658, 499522946, 11, 0, 1
6138, 499529084, 18, 0, 1
5658, 499534742, 13, 0, 1
11818, 499546560, 25, 0, 1
5658, 499552218, 12, 0, 1
6138, 499558356, 16, 0, 1
5658, 499564014, 12, 0, 1
11813, 499575827, 34, 0, 1
5658, 499581485, 16, 0, 1
6132, 499587617, 22, 0, 1
5652, 499593269, 20, 0, 1
13195, 499606464, 44, 0, 1
5658, 499612122, 14, 0, 1
6151, 499618273, 20, 0, 1
5658, 499623931, 14, 0, 1
11818, 499635749, 29, 0, 1
5658, 499641407, 9, 0, 1
6138, 499647545, 17, 0, 1
5633, 499653178, 19, 0, 1
11863, 499665041, 28, 0, 1
5658, 499670699, 12, 0, 1
6132, 499676831, 19, 0, 1
5621, 499682452, 21, 0, 1
11812, 499694264, 34, 0, 1
5658, 499699922, 15, 0, 1
6145, 499706067, 25, 0, 1
5658, 499711725, 12, 0, 1
11812, 499723537, 27, 0, 1
5658, 499729195, 13, 0, 1
6138, 499735333, 17, 0, 1
5651, 499740984, 18, 0, 1
20880, 499761864, 376, 42, 1
5658, 499767522, 36, 0, 1
6132, 499773654, 22, 0, 1
5646, 499779300, 18, 0, 1
11803, 499791103, 45, 0, 1
5658, 499796761, 12, 0, 1
6126, 499802887, 24, 0, 1
5658, 499808545, 18, 0, 1
11831, 499820376, 40, 0, 1
5651, 499826027, 18, 0, 1
6138, 499832165, 20, 0, 1
5646, 499837811, 16, 0, 1
11820, 499849631, 47, 0, 1
5658, 499855289, 12, 0, 1
6151, 499861440, 17, 0, 1
5645, 499867085, 19, 0, 1
11818, 499878903, 35, 0, 1
5658, 499884561, 10, 0, 1
6113, 499890674, 22, 0, 1
5649, 499896323, 24, 0, 1
11825, 499908148, 34, 0, 1
5658, 499913806, 14, 0, 1
6126, 499919932, 20, 0, 1
6092, 499926024, 27, 0, 1
11784, 499937808, 30, 0, 1
5658, 499943466, 12, 0, 1
7020, 499950486, 88, 33, 1
5658, 499956144, 18, 0, 1
11805, 499967949, 35, 0, 1
5658, 499973607, 18, 0, 1
6137, 499979744, 24, 0, 1
5646, 499985390, 13, 0, 1
13199, 499998589, 55, 0, 1
5658, 500004247, 14, 0, 1
6136, 500010383, 26, 0, 1
5646, 500016029, 23, 0, 1
11806, 500027835, 39, 0, 1
5658, 500033493, 17, 0, 1
6138, 500039631, 16, 0, 1
5657, 500045288, 14, 0, 1
11828, 500057116, 42, 0, 1
5658, 500062774, 13, 0, 1
6138, 500068912, 17, 0, 1
5658, 500074570, 11, 0, 1
11809, 500086379, 37, 0, 1
5658, 500092037, 19, 0, 1
6145, 500098182, 20, 0, 1
5658, 500103840, 13, 0, 1
11817, 500115657, 23, 0, 1
5658, 500121315, 13, 0, 1
6137, 500127452, 24, 0, 1
5645, 500133097, 20, 0, 1
11830, 500144927, 28, 0, 1
5658, 500150585, 15, 0, 1
6138, 500156723, 17, 0, 1
5658, 500162381, 13, 0, 1
11800, 500174181, 26, 0, 1
5658, 500179839, 11, 0, 1
6151, 500185990, 18, 0, 1
5658, 500191648, 12, 0, 1
11810, 500203458, 38, 0, 1
5652, 500209110, 14, 0, 1
6118, 500215228, 27, 0, 1
5652, 500220880, 16, 0, 1
11823, 500232703, 35, 0, 1
5657, 500238360, 20, 0, 1
6138, 500244498, 15, 0, 1
5658, 500250156, 11, 0, 1
11816, 500261972, 38, 0, 1
5658, 500267630, 19, 0, 1
6138, 500273768, 16, 0, 1
5658, 500279426, 12, 0, 1
11831, 500291257, 30, 0, 1
5658, 500296915, 13, 0, 1
6138, 500303053, 23, 0, 1
5640, 500308693, 16, 0, 1
11814, 500320507, 32, 0, 1
5658, 500326165, 21, 0, 1
6145, 500332310, 19, 0, 1
5658, 500337968, 13, 0, 1
11785, 500349753, 34, 0, 1
5658, 500355411, 12, 0, 1
6138, 500361549, 18, 0, 1
6997, 500368546, 36, 0, 1
11825, 500380371, 31, 0, 1
5658, 500386029, 12, 0, 1
6138, 500392167, 18, 0, 1
5652, 500397819, 13, 0, 1
11813, 500409632, 40, 0, 1
5658, 500415290, 13, 0, 1
6164, 500421454, 17, 0, 1
5646, 500427100, 16, 0, 1
11818, 500438918, 26, 0, 1
5658, 500444576, 17, 0, 1
6132, 500450708, 19, 0, 1
5652, 500456360, 14, 0, 1
11829, 500468189, 34, 0, 1
5652, 500473841, 15, 0, 1
6132, 500479973, 18, 0, 1
5644, 500485617, 23, 0, 1
11788, 500497405, 34, 0, 1
5646, 500503051, 17, 0, 1
6102, 500509153, 21, 0, 1
5653, 500514806, 16, 0, 1
11819, 500526625, 28, 0, 1
5658, 500532283, 13, 0, 1
6138, 500538421, 17, 0, 1
5658, 500544079, 10, 0, 1
11811, 500555890, 27, 0, 1
5658, 500561548, 17, 0, 1
6145, 500567693, 18, 0, 1
5658, 500573351, 17, 0, 1
11804, 500585155, 39, 0, 1
5658, 500590813, 14, 0, 1
6132, 500596945, 19, 0, 1
5651, 500602596, 16, 0, 1
11812, 500614408, 39, 0, 1
5658, 500620066, 11, 0, 1
6120, 500626186, 21, 0, 1
5646, 500631832, 15, 0, 1
11806, 500643638, 32, 0, 1
5669, 500649307, 24, 0, 1
6126, 500655433, 27, 0, 1
5641, 500661074, 17, 0, 1
11802, 500672876, 43, 0, 1
5652, 500678528, 16, 0, 1
6132, 500684660, 19, 0, 1
5622, 500690282, 21, 0, 1
11814, 500702096, 51, 0, 1
5657, 500707753, 16, 0, 1
6137, 500713890, 19, 0, 1
5652, 500719542, 27, 0, 1
15128, 500734670, 204, 20, 1
902789, 501637459, 15412, 3662, 9
6722, 501644181, 56, 0, 1
6433, 501650614, 27, 0, 1
19292, 501669906, 396, 62, 1
6668, 501676574, 49, 3, 1
6799, 501683373, 43, 0, 1
6692, 501690065, 25, 0, 1
14858, 501704923, 216, 13, 1
4092545, 4092545, 77471, 4053, 14
12365138, 16457683, 56657, 12879, 20
19417249, 35874932, 18673, 5338, 11
18298848, 54173780, 23158, 5422, 2
19472816, 73646596, 18704, 5191, 11
19519290, 93165886, 18856, 5295, 11
18852533, 112018419, 23661, 7121, 2
18791077, 130809496, 19590, 5096, 11
19175776, 149985272, 19104, 5107, 11
19702518, 169687790, 19573, 5287, 11
19451264, 189139054, 22043, 5352, 11
19407255, 208546309, 19441, 5249, 11
19565583, 228111892, 19538, 5293, 11
19348160, 247460052, 19354, 5303, 11
10736672, 258196724, 17608, 2822, 12
5900136, 264096860, 8200, 1645, 6
19167106, 283263966, 19552, 5156, 11
19521902, 302785868, 19062, 5231, 11
19520588, 322306456, 19577, 5306, 11
19573679, 341880135, 18994, 5380, 11
19567786, 361447921, 18925, 5302, 11
19507361, 380955282, 19830, 5289, 11
19529573, 400484855, 19916, 5266, 11
19584814, 420069669, 19278, 5255, 11
19555592, 439625261, 19367, 5335, 11
19519748, 459145009, 19312, 5236, 11
19441493, 478586502, 20769, 5198, 11
13829855, 492416357, 29870, 1923, 19
4367981, 496784338, 8768, 605, 6
6101, 496790439, 349, 13, 1
11758, 496802197, 68, 0, 1
6138, 496808335, 23, 0, 1
5639, 496813974, 16, 0, 1
5657, 496819631, 19, 0, 1
13218, 496832849, 129, 26, 1
6132, 496838981, 27, 0, 1
5652, 496844633, 15, 0, 1
5646, 496850279, 28, 0, 1
11786, 496862065, 47, 0, 1
6151, 496868216, 17, 0, 1
5651, 496873867, 29, 0, 1
5656, 496879523, 29, 0, 1
11808, 496891331, 43, 0, 1
6124, 496897455, 30, 0, 1
5652, 496903107, 14, 0, 1
5639, 496908746, 27, 0, 1
11830, 496920576, 45, 0, 1
6138, 496926714, 18, 0, 1
5640, 496932354, 16, 0, 1
5658, 496938012, 10, 0, 1
11769, 496949781, 42, 0, 1
6161, 496955942, 35, 0, 1
5658, 496961600, 10, 0, 1
5652, 496967252, 16, 0, 1
11812, 496979064, 32, 0, 1
6126, 496985190, 22, 0, 1
5622, 496990812, 20, 1, 1
5657, 496996469, 30, 0, 1
11796, 497008265, 39, 0, 1
6120, 497014385, 25, 0, 1
5651, 497020036, 24, 0, 1
5658, 497025694, 11, 0, 1
11815, 497037509, 40, 0, 1
6119, 497043628, 27, 0, 1
5652, 497049280, 18, 0, 1
5668, 497054948, 29, 0, 1
11823, 497066771, 33, 0, 1
6118, 497072889, 27, 0, 1
5632, 497078521, 21, 0, 1
5658, 497084179, 15, 0, 1
11798, 497095977, 37, 0, 1
6151, 497102128, 16, 0, 1
5632, 497107760, 23, 0, 1
5652, 497113412, 16, 0, 1
11822, 497125234, 42, 0, 1
6119, 497131353, 32, 0, 1
5658, 497137011, 15, 3, 1
5658, 497142669, 30, 0, 1
11830, 497154499, 30, 0, 1
6138, 497160637, 15, 0, 1
5662, 497166299, 28, 0, 1
5658, 497171957, 12, 0, 1
11826, 497183783, 46, 0, 1
6151, 497189934, 15, 0, 1
5674, 497195608, 34, 0, 1
7035, 497202643, 40, 10, 1
11798, 497214441, 42, 0, 1
6138, 497220579, 17, 0, 1
5652, 497226231, 15, 0, 1
5658, 497231889, 11, 0, 1
11810, 497243699, 37, 0, 1
6138, 497249837, 20, 0, 1
5631, 497255468, 21, 0, 1
5646, 497261114, 14, 0, 1
11812, 497272926, 36, 0, 1
6138, 497279064, 20, 0, 1
5658, 497284722, 12, 0, 1
5658, 497290380, 13, 0, 1
11812, 497302192, 51, 2, 1
6101, 497308293, 25, 0, 1
6115, 497314408, 21, 0, 1
6374, 497320782, 49, 0, 1
12990, 497333772, 46, 1, 1
9962, 497343734, 225, 16, 1
6576, 497350310, 36, 1, 1
5649, 497355959, 31, 0, 1
11758, 497367717, 34, 0, 1
6107, 497373824, 25, 0, 1
6116, 497379940, 18, 0, 1
6126, 497386066, 29, 0, 1
12223, 497398289, 49, 0, 1
6110, 497404399, 18, 0, 1
6103, 497410502, 24, 0, 1
6116, 497416618, 18, 0, 1
12224, 497428842, 50, 0, 1
6116, 497434958, 22, 0, 1
6097, 497441055, 26, 0, 1
6116, 497447171, 18, 0, 1
12193, 497459364, 39, 0, 1
6104, 497465468, 19, 0, 1
6080, 497471548, 26, 0, 1
6100, 497477648, 30, 0, 1
12245, 497489893, 26, 0, 1
6116, 497496009, 16, 0, 1
6104, 497502113, 25, 0, 1
6102, 497508215, 21, 0, 1
11762, 497519977, 38, 0, 1
6138, 497526115, 17, 0, 1
6091, 497532206, 26, 0, 1
5675, 497537881, 38, 0, 1
11798, 497549679, 37, 0, 1
6138, 497555817, 16, 0, 1
5651, 497561468, 22, 2, 1
5652, 497567120, 14, 0, 1
11811, 497578931, 31, 0, 1
7039, 497585970, 101, 26, 1
7009, 497592979, 46, 2, 1
5658, 497598637, 12, 0, 1
11818, 497610455, 28, 0, 1
6129, 497616584, 27, 0, 1
5650, 497622234, 22, 0, 1
5660, 497627894, 27, 0, 1
11826, 497639720, 34, 0, 1
6124, 497645844, 28, 0, 1
5657, 497651501, 23, 0, 1
5658, 497657159, 17, 0, 1
11763, 497668922, 47, 0, 1
6144, 497675066, 21, 0, 1
5649, 497680715, 29, 0, 1
5632, 497686347, 25, 0, 1
11817, 497698164, 32, 0, 1
6126, 497704290, 21, 0, 1
5644, 497709934, 24, 0, 1
5645, 497715579, 18, 0, 1
11831, 497727410, 27, 0, 1
6145, 497733555, 18, 0, 1
5643, 497739198, 23, 0, 1
5653, 497744851, 30, 0, 1
11818, 497756669, 18, 0, 1
6138, 497762807, 18, 0, 1
5632, 497768439, 26, 0, 1
5651, 497774090, 20, 0, 1
11844, 497785934, 30, 0, 1
6136, 497792070, 28, 0, 1
5644, 497797714, 30, 0, 1
11810, 497809524, 31, 0, 1
5661, 497815185, 22, 0, 1
6139, 497821324, 20, 0, 1
5637, 497826961, 23, 0, 1
11811, 497838772, 57, 0, 1
5651, 497844423, 28, 0, 1
6138, 497850561, 19, 0, 1
5639, 497856200, 24, 0, 1
11824, 497868024, 29, 0, 1
5652, 497873676, 17, 0, 1
6138, 497879814, 19, 0, 1
5640, 497885454, 20, 0, 1
11816, 497897270, 43, 0, 1
5658, 497902928, 17, 0, 1
6148, 497909076, 32, 0, 1
5658, 497914734, 12, 0, 1
11818, 497926552, 28, 0, 1
5658, 497932210, 13, 0, 1
6138, 497938348, 19, 0, 1
5637, 497943985, 22, 0, 1
11806, 497955791, 43, 0, 1
5679, 497961470, 29, 0, 1
7508, 497968978, 45, 2, 1
5658, 497974636, 14, 0, 1
11821, 497986457, 35, 0, 1
5648, 497992105, 24, 0, 1
6138, 497998243, 17, 0, 1
5645, 498003888, 19, 0, 1
11830, 498015718, 31, 0, 1
5652, 498021370, 16, 0, 1
6138, 498027508, 18, 0, 1
5658, 498033166, 12, 0, 1
11821, 498044987, 35, 0, 1
5651, 498050638, 21, 0, 1
6151, 498056789, 17, 0, 1
5620, 498062409, 19, 0, 1
11811, 498074220, 31, 0, 1
5657, 498079877, 27, 0, 1
6108, 498085985, 26, 0, 1
5658, 498091643, 12, 0, 1
11818, 498103461, 32, 0, 1
5656, 498109117, 18, 0, 1
6147, 498115264, 40, 0, 1
5626, 498120890, 25, 0, 1
11804, 498132694, 36, 0, 1
5653, 498138347, 24, 0, 1
15222, 498153569, 312, 15, 1
5658, 498159227, 34, 0, 1
11817, 498171044, 33, 0, 1
5658, 498176702, 15, 0, 1
6138, 498182840, 17, 0, 1
5640, 498188480, 16, 0, 1
11807, 498200287, 33, 0, 1
5652, 498205939, 16, 0, 1
6138, 498212077, 17, 0, 1
5658, 498217735, 11, 0, 1
11809, 498229544, 39, 0, 1
5669, 498235213, 23, 0, 1
6138, 498241351, 17, 0, 1
5645, 498246996, 16, 0, 1
11827, 498258823, 36, 0, 1
5658, 498264481, 10, 0, 1
6130, 498270611, 26, 0, 1
5620, 498276231, 18, 0, 1
11812, 498288043, 28, 0, 1
5670, 498293713, 29, 0, 1
6150, 498299863, 27, 0, 1
6083, 498305946, 25, 0, 1
11771, 498317717, 35, 0, 1
5658, 498323375, 10, 0, 1
6138, 498329513, 17, 0, 1
5633, 498335146, 22, 0, 1
11842, 498346988, 46, 0, 1
7035, 498354023, 34, 0, 1
6124, 498360147, 22, 0, 1
5637, 498365784, 25, 0, 1
11809, 498377593, 49, 0, 1
5666, 498383259, 25, 0, 1
6143, 498389402, 29, 0, 1
5644, 498395046, 25, 0, 1
11805, 498406851, 34, 0, 1
5657, 498412508, 29, 0, 1
6130, 498418638, 26, 0, 1
5657, 498424295, 25, 0, 1
11824, 498436119, 39, 0, 1
5637, 498441756, 21, 0, 1
6138, 498447894, 16, 0, 1
5658, 498453552, 12, 0, 1
11808, 498465360, 48, 0, 1
5647, 498471007, 28, 0, 1
6145, 498477152, 14, 0, 1
5658, 498482810, 13, 0, 1
11817, 498494627, 31, 0, 1
5660, 498500287, 23, 0, 1
6124, 498506411, 32, 0, 1
5658, 498512069, 12, 0, 1
11818, 498523887, 34, 0, 1
5658, 498529545, 8, 0, 1
6135, 498535680, 25, 0, 1
6138, 498541818, 16, 0, 1
11788, 498553606, 36, 0, 1
5652, 498559258, 25, 0, 1
6125, 498565383, 25, 0, 1
5640, 498571023, 18, 0, 1
11813, 498582836, 26, 0, 1
5658, 498588494, 11, 0, 1
6136, 498594630, 28, 0, 1
5627, 498600257, 21, 0, 1
11811, 498612068, 31, 0, 1
5658, 498617726, 11, 0, 1
6145, 498623871, 17, 0, 1
5627, 498629498, 20, 0, 1
11805, 498641303, 45, 0, 1
5651, 498646954, 17, 0, 1
6114, 498653068, 22, 0, 1
5658, 498658726, 11, 0, 1
11825, 498670551, 26, 0, 1
5655, 498676206, 26, 0, 1
6132, 498682338, 32, 0, 1
5633, 498687971, 16, 0, 1
11809, 498699780, 43, 0, 1
5658, 498705438, 24, 0, 1
6111, 498711549, 27, 0, 1
5655, 498717204, 18, 0, 1
13183, 498730387, 48, 0, 1
5656, 498736043, 32, 0, 1
6130, 498742173, 29, 0, 1
5652, 498747825, 16, 0, 1
11816, 498759641, 41, 0, 1
5661, 498765302, 29, 0, 1
6151, 498771453, 19, 0, 1
5658, 498777111, 13, 0, 1
11817, 498788928, 32, 0, 1
5661, 498794589, 30, 0, 1
6123, 498800712, 31, 0, 1
5650, 498806362, 23, 0, 1
11839, 498818201, 49, 0, 1
5641, 498823842, 29, 0, 1
6119, 498829961, 25, 0, 1
5640, 498835601, 24, 0, 1
11802, 498847403, 46, 0, 1
5639, 498853042, 20, 0, 1
6151, 498859193, 17, 0, 1
5634, 498864827, 18, 0, 1
11811, 498876638, 33, 0, 1
5660, 498882298, 32, 0, 1
6132, 498888430, 22, 0, 1
5655, 498894085, 30, 0, 1
11831, 498905916, 33, 0, 1
5658, 498911574, 13, 0, 1
6124, 498917698, 33, 0, 1
5646, 498923344, 19, 0, 1
11827, 498935171, 47, 0, 1
5643, 498940814, 26, 0, 1
6126, 498946940, 23, 0, 1
5638, 498952578, 25, 0, 1
11807, 498964385, 31, 0, 1
5658, 498970043, 14, 0, 1
6112, 498976155, 29, 0, 1
5677, 498981832, 29, 0, 1
11810, 498993642, 36, 0, 1
5650, 498999292, 18, 0, 1
6151, 499005443, 19, 0, 1
5656, 499011099, 24, 0, 1
11805, 499022904, 31, 0, 1
5657, 499028561, 22, 0, 1
6138, 499034699, 16, 0, 1
5650, 499040349, 22, 0, 1
11795, 499052144, 47, 0, 1
5658, 499057802, 11, 0, 1
6131, 499063933, 24, 0, 1
5656, 499069589, 19, 0, 1
11818, 499081407, 18, 0, 1
5646, 499087053, 26, 0, 1
6156, 499093209, 33, 0, 1
5656, 499098865, 22, 0, 1
13180, 499112045, 56, 0, 1
5666, 499117711, 28, 0, 1
9477, 499127188, 175, 22, 1
889100, 500016288, 15182, 3512, 9
13381, 500029669, 197, 6, 1
10547, 500040216, 337, 57, 1
6664, 500046880, 38, 0, 1
8467, 500055347, 46, 6, 1
14797, 500070144, 146, 23, 1
6662, 500076806, 24, 0, 1
7346, 500084152, 50, 6, 1
2511968, 2511968, 52489, 2890, 4
7777119, 10289087, 75413, 12125, 13
19100352, 29389439, 19261, 5164, 11
18909023, 48298462, 21077, 5092, 11
19258129, 67556591, 18075, 5122, 11
19444604, 87001195, 17817, 5219, 11
19282669, 106283864, 18102, 5191, 11
19376092, 125659956, 19230, 5251, 11
19387580, 145047536, 18431, 5204, 11
19569351, 164616887, 19717, 5201, 11
19437531, 184054418, 18807, 5162, 11
19358262, 203412680, 20222, 5245, 11
19453286, 222865966, 18928, 5291, 11
19393962, 242259928, 18801, 5291, 11
18833224, 261093152, 23755, 5020, 11
19374705, 280467857, 19788, 5312, 11
19368967, 299836824, 19337, 5203, 11
19529272, 319366096, 18789, 5311, 11
19479768, 338845864, 19404, 5324, 11
19544947, 358390811, 19571, 5302, 11
19493796, 377884607, 19342, 5316, 11
19542395, 397427002, 18964, 5341, 11
19522729, 416949731, 19432, 5240, 11
19533228, 436482959, 19827, 5288, 11
19551202, 456034161, 19043, 5198, 11
19560544, 475594705, 19229, 5239, 11
14877622, 490472327, 30508, 2498, 19
5064544, 495536871, 10512, 859, 6
5658, 495542529, 26, 3, 1
5657, 495548186, 22, 0, 1
6160, 495554346, 22, 0, 1
11759, 495566105, 38, 0, 1
5639, 495571744, 16, 0, 1
5657, 495577401, 18, 0, 1
6142, 495583543, 18, 0, 1
11796, 495595339, 27, 0, 1
5610, 495600949, 18, 0, 1
5672, 495606621, 29, 0, 1
6160, 495612781, 17, 0, 1
11784, 495624565, 28, 0, 1
5658, 495630223, 11, 1, 1
5657, 495635880, 35, 11, 1
11812, 495647692, 42, 0, 1
6145, 495653837, 13, 0, 1
5645, 495659482, 19, 0, 1
5641, 495665123, 27, 0, 1
11805, 495676928, 43, 0, 1
6151, 495683079, 13, 0, 1
5644, 495688723, 14, 0, 1
5662, 495694385, 33, 0, 1
11817, 495706202, 28, 0, 1
6138, 495712340, 13, 0, 1
5639, 495717979, 16, 0, 1
5652, 495723631, 14, 0, 1
11806, 495735437, 45, 0, 1
6112, 495741549, 25, 0, 1
5658, 495747207, 11, 0, 1
5652, 495752859, 11, 0, 1
11783, 495764642, 37, 0, 1
6138, 495770780, 14, 0, 1
5646, 495776426, 20, 1, 1
5640, 495782066, 24, 0, 1
11819, 495793885, 46, 0, 1
6122, 495800007, 27, 0, 1
5646, 495805653, 17, 0, 1
5658, 495811311, 10, 0, 1
11781, 495823092, 41, 0, 1
6151, 495829243, 14, 0, 1
5654, 495834897, 23, 0, 1
5673, 495840570, 32, 0, 1
11803, 495852373, 39, 0, 1
7515, 495859888, 93, 7, 1
6113, 495866001, 33, 0, 1
5645, 495871646, 26, 0, 1
11812, 495883458, 39, 2, 1
6135, 495889593, 23, 0, 1
5655, 495895248, 14, 0, 1
5652, 495900900, 14, 0, 1
11828, 495912728, 36, 0, 1
6134, 495918862, 27, 0, 1
5658, 495924520, 12, 0, 1
5646, 495930166, 18, 0, 1
11815, 495941981, 38, 0, 1
6136, 495948117, 33, 0, 1
5627, 495953744, 21, 0, 1
5650, 495959394, 25, 0, 1
11810, 495971204, 35, 0, 1
6134, 495977338, 35, 0, 1
5658, 495982996, 15, 1, 1
5652, 495988648, 31, 0, 1
11800, 496000448, 40, 1, 1
6132, 496006580, 21, 0, 1
5658, 496012238, 14, 2, 1
5663, 496017901, 20, 0, 1
11813, 496029714, 27, 1, 1
6125, 496035839, 23, 0, 1
5658, 496041497, 12, 0, 1
5652, 496047149, 13, 0, 1
11816, 496058965, 31, 4, 1
14787, 496073752, 288, 188, 1
6122, 496079874, 36, 0, 1
6379, 496086253, 72, 2, 1
12997, 496099250, 40, 1, 1
6649, 496105899, 43, 5, 1
6573, 496112472, 27, 1, 1
5652, 496118124, 16, 0, 1
12230, 496130354, 35, 0, 1
6110, 496136464, 25, 0, 1
6104, 496142568, 21, 0, 1
6121, 496148689, 29, 0, 1
12231, 496160920, 28, 0, 1
6117, 496167037, 25, 0, 1
6101, 496173138, 27, 0, 1
6110, 496179248, 24, 0, 1
12212, 496191460, 35, 0, 1
6073, 496197533, 24, 0, 1
6098, 496203631, 20, 0, 1
6103, 496209734, 26, 0, 1
12241, 496221975, 37, 0, 1
6078, 496228053, 26, 0, 1
6116, 496234169, 19, 0, 1
6084, 496240253, 27, 0, 1
13596, 496253849, 64, 1, 1
6080, 496259929, 22, 1, 1
6129, 496266058, 14, 0, 1
6116, 496272174, 19, 0, 1
12190, 496284364, 34, 0, 1
6092, 496290456, 21, 0, 1
6116, 496296572, 18, 0, 1
5650, 496302222, 24, 0, 1
11796, 496314018, 28, 0, 1
6151, 496320169, 15, 0, 1
5634, 496325803, 21, 0, 1
5652, 496331455, 12, 0, 1
11831, 496343286, 49, 0, 1
6138, 496349424, 15, 0, 1
5651, 496355075, 18, 0, 1
5658, 496360733, 9, 0, 1
11783, 496372516, 33, 0, 1
6138, 496378654, 14, 0, 1
5638, 496384292, 22, 0, 1
5657, 496389949, 16, 0, 1
11809, 496401758, 42, 0, 1
6152, 496407910, 17, 0, 1
5648, 496413558, 22, 0, 1
5652, 496419210, 20, 0, 1
11820, 496431030, 33, 0, 1
6123, 496437153, 29, 0, 1
5658, 496442811, 9, 0, 1
5658, 496448469, 9, 0, 1
11806, 496460275, 26, 0, 1
6136, 496466411, 31, 0, 1
5636, 496472047, 23, 0, 1
5650, 496477697, 26, 0, 1
11793, 496489490, 48, 0, 1
6138, 496495628, 13, 0, 1
5658, 496501286, 11, 0, 1
5658, 496506944, 11, 0, 1
11831, 496518775, 50, 0, 1
6138, 496524913, 16, 0, 1
5658, 496530571, 9, 0, 1
5657, 496536228, 19, 0, 1
11817, 496548045, 32, 0, 1
6164, 496554209, 16, 0, 1
5657, 496559866, 20, 0, 1
5658, 496565524, 13, 0, 1
11791, 496577315, 42, 0, 1
6132, 496583447, 20, 0, 1
5655, 496589102, 26, 0, 1
5658, 496594760, 22, 0, 1
11818, 496606578, 37, 0, 1
6138, 496612716, 15, 0, 1
5650, 496618366, 26, 0, 1
5651, 496624017, 18, 0, 1
13208, 496637225, 72, 2, 1
6151, 496643376, 13, 0, 1
5640, 496649016, 16, 0, 1
5652, 496654668, 13, 0, 1
11814, 496666482, 48, 0, 1
6138, 496672620, 15, 0, 1
5640, 496678260, 13, 0, 1
5654, 496683914, 27, 0, 1
11840, 496695754, 46, 0, 1
6138, 496701892, 17, 0, 1
5626, 496707518, 23, 0, 1
5658, 496713176, 7, 0, 1
11794, 496724970, 28, 0, 1
6108, 496731078, 18, 0, 1
5639, 496736717, 20, 0, 1
5667, 496742384, 28, 0, 1
11831, 496754215, 31, 0, 1
6138, 496760353, 16, 0, 1
5656, 496766009, 24, 0, 1
5652, 496771661, 15, 0, 1
11786, 496783447, 33, 0, 1
6151, 496789598, 16, 0, 1
5652, 496795250, 17, 0, 1
5654, 496800904, 20, 0, 1
11806, 496812710, 33, 0, 1
6113, 496818823, 21, 0, 1
5651, 496824474, 19, 0, 1
5658, 496830132, 9, 0, 1
20839, 496850971, 347, 66, 1
6138, 496857109, 20, 0, 1
5650, 496862759, 24, 0, 1
5655, 496868414, 27, 0, 1
11818, 496880232, 35, 0, 1
6132, 496886364, 27, 0, 1
5658, 496892022, 16, 0, 1
5658, 496897680, 25, 0, 1
11801, 496909481, 46, 0, 1
6132, 496915613, 15, 0, 1
5637, 496921250, 25, 0, 1
5648, 496926898, 26, 0, 1
11827, 496938725, 36, 0, 1
6112, 496944837, 25, 0, 1
5651, 496950488, 21, 0, 1
5652, 496956140, 18, 2, 1
11804, 496967944, 49, 0, 1
6131, 496974075, 21, 0, 1
5652, 496979727, 17, 0, 1
5658, 496985385, 13, 0, 1
11830, 496997215, 25, 0, 1
6138, 497003353, 17, 0, 1
5631, 497008984, 23, 0, 1
7035, 497016019, 42, 1, 1
11788, 497027807, 26, 0, 1
6139, 497033946, 22, 0, 1
5658, 497039604, 13, 0, 1
5652, 497045256, 12, 0, 1
11830, 497057086, 31, 0, 1
6138, 497063224, 16, 0, 1
5638, 497068862, 23, 0, 1
5673, 497074535, 27, 0, 1
11819, 497086354, 29, 0, 1
6127, 497092481, 24, 0, 1
5645, 497098126, 17, 0, 1
5662, 497103788, 27, 0, 1
11798, 497115586, 52, 0, 1
6151, 497121737, 16, 0, 1
5637, 497127374, 24, 0, 1
5658, 497133032, 13, 0, 1
11728, 497144760, 33, 0, 1
6133, 497150893, 19, 0, 1
5658, 497156551, 9, 0, 1
5658, 497162209, 9, 0, 1
11810, 497174019, 40, 0, 1
6132, 497180151, 16, 0, 1
5645, 497185796, 13, 0, 1
5658, 497191454, 10, 0, 1
11809, 497203263, 42, 0, 1
6127, 497209390, 31, 0, 1
5642, 497215032, 22, 0, 1
5637, 497220669, 23, 0, 1
11838, 497232507, 43, 0, 1
6138, 497238645, 18, 0, 1
5658, 497244303, 14, 0, 1
5658, 497249961, 13, 0, 1
11787, 497261748, 37, 0, 1
6158, 497267906, 15, 0, 1
5647, 497273553, 21, 0, 1
5652, 497279205, 12, 0, 1
11812, 497291017, 29, 0, 1
6129, 497297146, 30, 0, 1
5645, 497302791, 16, 0, 1
5652, 497308443, 13, 0, 1
11803, 497320246, 40, 0, 1
6138, 497326384, 18, 0, 1
5657, 497332041, 19, 0, 1
5658, 497337699, 17, 0, 1
11825, 497349524, 37, 0, 1
6151, 497355675, 16, 0, 1
5634, 497361309, 20, 0, 1
5642, 497366951, 23, 0, 1
11816, 497378767, 37, 0, 1
6138, 497384905, 16, 0, 1
7027, 497391932, 47, 0, 1
5657, 497397589, 21, 0, 1
11829, 497409418, 41, 0, 1
6112, 497415530, 25, 0, 1
5620, 497421150, 22, 0, 1
5652, 497426802, 11, 0, 1
11797, 497438599, 33, 0, 1
6105, 497444704, 27, 0, 1
5657, 497450361, 21, 0, 1
5663, 497456024, 32, 0, 1
11816, 497467840, 42, 0, 1
6126, 497473966, 22, 0, 1
5658, 497479624, 11, 0, 1
5660, 497485284, 27, 0, 1
11828, 497497112, 43, 0, 1
6139, 497503251, 22, 0, 1
5632, 497508883, 24, 0, 1
5658, 497514541, 10, 0, 1
11816, 497526357, 50, 0, 1
6138, 497532495, 15, 0, 1
5645, 497538140, 22, 0, 1
5658, 497543798, 11, 0, 1
11830, 497555628, 30, 0, 1
6118, 497561746, 31, 0, 1
5652, 497567398, 22, 0, 1
5662, 497573060, 31, 0, 1
11814, 497584874, 33, 0, 1
6151, 497591025, 12, 0, 1
5632, 497596657, 21, 0, 1
5651, 497602308, 19, 0, 1
11817, 497614125, 37, 0, 1
6135, 497620260, 22, 0, 1
5646, 497625906, 17, 0, 1
5664, 497631570, 27, 0, 1
11827, 497643397, 29, 0, 1
6124, 497649521, 22, 0, 1
5631, 497655152, 22, 0, 1
11782, 497666934, 33, 0, 1
5644, 497672578, 21, 0, 1
6128, 497678706, 31, 0, 1
5649, 497684355, 21, 0, 1
11845, 497696200, 45, 0, 1
5652, 497701852, 17, 0, 1
6135, 497707987, 36, 0, 1
5640, 497713627, 17, 0, 1
11806, 497725433, 32, 0, 1
5658, 497731091, 11, 0, 1
6145, 497737236, 22, 0, 1
5649, 497742885, 27, 0, 1
11794, 497754679, 36, 0, 1
5658, 497760337, 12, 0, 1
7541, 497767878, 62, 1, 1
5658, 497773536, 13, 0, 1
11813, 497785349, 24, 0, 1
5658, 497791007, 11, 0, 1
6108, 497797115, 21, 0, 1
5658, 497802773, 12, 0, 1
11810, 497814583, 31, 0, 1
5658, 497820241, 13, 0, 1
6151, 497826392, 18, 0, 1
5658, 497832050, 11, 0, 1
11818, 497843868, 27, 0, 1
5652, 497849520, 15, 0, 1
9477, 497858997, 175, 22, 1
893323, 498752320, 14934, 3688, 9
13130, 498765450, 82, 0, 1
11709, 498777159, 378, 77, 1
9465, 498786624, 96, 1, 1
6718, 498793342, 27, 0, 1
14696, 498808038, 166, 30, 1
6602, 498814640, 34, 0, 1
6470, 498821110, 32, 0, 1
