4230636 4230636 79690 3510
12729014 16959650 55517 11610
17093111 34052761 18419 4710
8392478 42445239 9517 1737
19353261 61798500 20482 4854
19618600 81417100 19320 5304
18297170 99714270 25769 6598
19221221 118935491 19779 4946
19272863 138208354 19582 5116
19588163 157796517 19599 5133
19618254 177414771 21964 4840
19594132 197008903 19554 5017
19517137 216526040 20276 5272
19305689 235831729 19939 5094
18960123 254791852 21770 5028
18548988 273340840 24604 4737
19431209 292772049 19792 5084
19559094 312331143 19796 4737
19597875 331929018 20225 5204
19663076 351592094 20073 5267
19573253 371165347 19677 4891
19679312 390844659 19764 5132
19532719 410377378 20564 5181
19679447 430056825 19899 5137
19656636 449713461 19594 4625
19597035 469310496 19495 5217
17801682 487112178 31342 4458
10481002 497593180 16451 131
958318 498551498 3781 289
5658 498557156 18 0
11770 498568926 35 0
6124 498575050 29 0
5631 498580681 24 0
5637 498586318 27 0
11795 498598113 41 0
6138 498604251 19 0
5658 498609909 10 0
5646 498615555 18 0
11814 498627369 39 0
6137 498633506 29 0
5658 498639164 13 0
5658 498644822 11 0
11804 498656626 49 0
6138 498662764 19 0
5616 498668380 18 0
7016 498675396 104 8
11845 498687241 59 0
6119 498693360 22 0
5640 498699000 15 0
5634 498704634 17 0
11781 498716415 35 0
6151 498722566 15 0
5620 498728186 19 0
5635 498733821 23 0
11796 498745617 32 0
6138 498751755 16 0
5644 498757399 16 0
5658 498763057 9 0
11818 498774875 40 0
6138 498781013 15 0
5615 498786628 19 0
5661 498792289 26 0
11817 498804106 34 0
6138 498810244 16 0
5658 498815902 11 0
5651 498821553 30 0
20902 498842455 379 10
6138 498848593 27 0
5616 498854209 23 0
5652 498859861 16 0
11818 498871679 24 0
6151 498877830 17 0
6116 498883946 19 0
5658 498889604 12 0
11758 498901362 44 0
6114 498907476 19 0
5658 498913134 14 0
5650 498918784 27 0
11831 498930615 29 0
6138 498936753 16 0
5658 498942411 14 0
5653 498948064 31 0
11818 498959882 21 0
6151 498966033 16 0
5616 498971649 20 0
5658 498977307 10 0
11817 498989124 33 0
6138 498995262 16 0
5658 499000920 13 0
5643 499006563 23 0
11843 499018406 24 0
6138 499024544 14 0
5658 499030202 14 1
11800 499042002 29 0
5658 499047660 19 0
6126 499053786 23 0
7040 499060826 37 1
11831 499072657 32 1
5658 499078315 13 0
6106 499084421 27 0
5656 499090077 19 0
12333 499102410 72 0
6333 499108743 26 0
6677 499115420 25 0
6578 499121998 29 0
12448 499134446 33 0
6116 499140562 18 0
6116 499146678 18 0
6116 499152794 19 0
12227 499165021 42 0
6116 499171137 18 0
6123 499177260 18 0
6113 499183373 26 0
12193 499195566 46 0
6116 499201682 19 0
6129 499207811 19 0
6116 499213927 19 0
12198 499226125 47 0
6116 499232241 16 0
6095 499238336 29 0
6098 499244434 22 0
12243 499256677 44 0
6116 499262793 19 0
6116 499268909 19 0
6092 499275001 22 0
11699 499286700 32 0
5658 499292358 13 0
6108 499298466 24 0
5628 499304094 19 0
11824 499315918 35 0
5658 499321576 14 0
6135 499327711 25 0
5658 499333369 11 0
11791 499345160 41 0
5645 499350805 23 0
6149 499356954 38 0
5658 499362612 15 0
11781 499374393 36 0
5658 499380051 13 0
6126 499386177 20 0
5657 499391834 30 0
11820 499403654 41 0
5610 499409264 20 0
6138 499415402 20 0
5650 499421052 23 0
11799 499432851 34 0
5658 499438509 14 0
7528 499446037 32 0
5658 499451695 12 0
11794 499463489 40 0
5658 499469147 15 0
6138 499475285 20 0
5658 499480943 16 0
11808 499492751 36 0
5658 499498409 12 0
6126 499504535 27 0
5658 499510193 13 0
11809 499522002 40 0
5658 499527660 13 0
6138 499533798 19 0
5645 499539443 23 0
11830 499551273 49 0
5656 499556929 22 0
6138 499563067 20 0
5658 499568725 16 0
11805 499580530 37 0
5656 499586186 12 1
14343 499600529 266 80
5658 499606187 29 0
11812 499617999 29 0
5649 499623648 25 0
6095 499629743 29 0
5658 499635401 13 0
11831 499647232 26 0
5640 499652872 21 0
6107 499658979 25 0
5626 499664605 25 0
11800 499676405 41 0
5640 499682045 18 0
6151 499688196 20 0
5639 499693835 18 0
11787 499705622 36 0
5657 499711279 21 0
6124 499717403 30 0
5651 499723054 22 1
11812 499734866 44 0
5649 499740515 26 0
6120 499746635 24 0
5658 499752293 13 0
11806 499764099 35 0
5658 499769757 13 0
6138 499775895 18 0
5656 499781551 30 0
11818 499793369 42 0
5642 499799011 29 0
6138 499805149 20 0
5652 499810801 15 0
11800 499822601 35 0
7016 499829617 42 0
6151 499835768 19 0
5639 499841407 21 0
11811 499853218 51 0
6374 499859592 22 0
6672 499866264 31 0
6333 499872597 18 0
12276 499884873 42 0
5658 499890531 12 0
6138 499896669 18 0
5628 499902297 17 0
11797 499914094 40 0
5658 499919752 14 0
6158 499925910 36 0
5646 499931556 16 0
11819 499943375 40 0
5658 499949033 12 0
6132 499955165 24 0
5658 499960823 14 0
11831 499972654 32 0
5658 499978312 14 0
6112 499984424 28 0
5658 499990082 16 0
11806 500001888 35 0
5652 500007540 20 0
6138 500013678 19 0
5658 500019336 16 0
11811 500031147 41 0
5654 500036801 29 0
6138 500042939 18 0
6112 500049051 34 0
11796 500060847 24 0
5646 500066493 15 0
6151 500072644 19 0
5640 500078284 18 0
11801 500090085 29 0
5633 500095718 20 0
6117 500101835 31 0
5658 500107493 10 0
11825 500119318 28 0
5658 500124976 12 0
6141 500131117 32 0
5645 500136762 18 0
11809 500148571 34 0
5651 500154222 29 0
6164 500160386 20 0
5640 500166026 21 0
11812 500177838 20 0
5634 500183472 21 0
6119 500189591 22 0
5640 500195231 13 0
13189 500208420 53 0
5658 500214078 14 0
6127 500220205 34 0
5658 500225863 14 0
11811 500237674 35 0
5643 500243317 28 0
6138 500249455 17 0
5658 500255113 12 0
11799 500266912 44 0
5658 500272570 10 0
6113 500278683 22 0
5645 500284328 18 0
11812 500296140 34 0
5657 500301797 23 0
6150 500307947 26 0
5658 500313605 13 0
11804 500325409 36 0
5663 500331072 21 0
6132 500337204 33 0
5639 500342843 16 0
11800 500354643 32 0
5651 500360294 27 0
6118 500366412 29 0
5660 500372072 31 0
11798 500383870 33 0
5628 500389498 22 0
6151 500395649 19 0
5630 500401279 22 0
11805 500413084 27 0
5640 500418724 15 0
6133 500424857 33 0
5616 500430473 19 0
11825 500442298 29 0
5658 500447956 13 0
6137 500454093 31 0
5655 500459748 30 0
11818 500471566 26 0
5658 500477224 14 0
6132 500483356 22 0
5651 500489007 21 0
11818 500500825 36 0
5656 500506481 28 0
6122 500512603 34 0
5658 500518261 13 0
11818 500530079 23 0
5652 500535731 16 0
6164 500541895 17 0
6084 500547979 26 0
11790 500559769 25 1
5645 500565414 25 0
6144 500571558 20 0
5658 500577216 11 0
13164 500590380 58 0
5634 500596014 15 0
6125 500602139 22 0
5649 500607788 25 0
11794 500619582 34 0
5649 500625231 26 0
6148 500631379 30 0
5658 500637037 11 0
11818 500648855 31 0
5646 500654501 18 0
6144 500660645 23 0
5658 500666303 11 0
11831 500678134 29 0
5652 500683786 16 0
6138 500689924 17 0
5657 500695581 21 0
11806 500707387 24 0
5658 500713045 12 0
6138 500719183 15 0
5621 500724804 17 0
11807 500736611 30 0
5658 500742269 11 0
6116 500748385 28 0
5640 500754025 18 0
11790 500765815 42 0
5644 500771459 27 0
6131 500777590 28 0
5658 500783248 12 0
11818 500795066 27 0
5652 500800718 19 0
6132 500806850 19 0
5640 500812490 17 0
11831 500824321 25 0
5658 500829979 10 0
6114 500836093 22 0
5652 500841745 14 0
11808 500853553 41 0
5640 500859193 18 0
9452 500868645 172 4
927464 501796109 14871 2609
15279 501811388 834 8
6397 501817785 33 1
12312 501830097 410 39
6671 501836768 46 0
13423 501850191 47 0
8249 501858440 125 11
6617 501865057 31 0
1501303 1501303 34655 963
6013713 7515016 83511 10921
18768896 26283912 26168 5122
18972811 45256723 22234 4899
19079701 64336424 20718 5156
19589501 83925925 17923 5308
19381659 103307584 18677 5006
19524661 122832245 17992 5063
18293482 141125727 24518 6687
19481244 160606971 18423 4787
19341294 179948265 18228 4996
19265789 199214054 20782 5111
19523060 218737114 19411 5169
19475887 238213001 18600 5234
18856380 257069381 23777 4922
19389951 276459332 19118 4998
18880193 295339525 19369 4982
19291920 314631445 19273 4576
19337506 333968951 19190 5187
19651654 353620605 18732 5056
19526931 373147536 19448 5039
19711125 392858661 18749 5126
19583381 412442042 19108 5218
19603571 432045613 18971 4881
19602899 451648512 19475 4752
19602723 471251235 18933 5271
17876535 489127770 26298 3373
7197775 496325545 19104 414
12234 496337779 438 6
5658 496343437 16 0
6126 496349563 28 0
5628 496355191 17 0
11811 496367002 31 0
5658 496372660 12 0
6135 496378795 36 0
5637 496384432 23 0
11810 496396242 37 0
5658 496401900 11 0
6141 496408041 37 0
5622 496413663 20 0
11805 496425468 40 0
5658 496431126 16 0
6126 496437252 23 0
5627 496442879 19 0
11818 496454697 28 0
5658 496460355 11 0
7507 496467862 119 5
5646 496473508 23 0
11794 496485302 33 0
5643 496490945 24 0
6129 496497074 31 0
5658 496502732 13 0
11788 496514520 41 0
5664 496520184 24 0
6102 496526286 28 0
5639 496531925 22 0
11813 496543738 34 0
5658 496549396 13 0
6138 496555534 16 0
5647 496561181 25 0
11800 496572981 28 0
5658 496578639 11 0
6139 496584778 19 0
5657 496590435 20 0
11799 496602234 28 0
5658 496607892 10 0
6132 496614024 19 0
5658 496619682 12 0
20906 496640588 348 15
5656 496646244 29 0
6138 496652382 19 0
5627 496658009 21 0
11812 496669821 33 0
5649 496675470 26 0
6128 496681598 30 0
5645 496687243 21 0
11801 496699044 41 0
5658 496704702 13 0
6106 496710808 27 0
5658 496716466 10 0
11799 496728265 30 0
5645 496733910 25 0
6151 496740061 17 0
5621 496745682 21 0
11782 496757464 33 0
5631 496763095 24 0
6137 496769232 21 0
5658 496774890 13 0
11793 496786683 42 0
5656 496792339 30 0
6138 496798477 16 0
5646 496804123 12 0
11806 496815929 32 0
5644 496821573 25 0
6137 496827710 29 0
5658 496833368 17 0
11812 496845180 33 0
7034 496852214 46 4
6138 496858352 19 0
5658 496864010 17 0
12331 496876341 72 0
6333 496882674 20 0
6633 496889307 30 0
6590 496895897 24 0
12452 496908349 49 0
6116 496914465 16 0
6096 496920561 26 0
6135 496926696 22 0
12198 496938894 46 0
6122 496945016 30 0
6116 496951132 32 0
6116 496957248 18 0
12208 496969456 36 0
6111 496975567 19 0
6091 496981658 24 0
6116 496987774 20 0
12218 496999992 48 0
6116 497006108 18 0
6101 497012209 31 0
6103 497018312 24 0
12231 497030543 48 0
6074 497036617 25 0
6098 497042715 23 0
6115 497048830 20 0
11789 497060619 37 0
6104 497066723 21 0
6129 497072852 19 0
5645 497078497 19 0
11817 497090314 35 0
5658 497095972 12 0
6138 497102110 20 0
5658 497107768 14 0
11836 497119604 27 0
5658 497125262 13 0
6113 497131375 30 0
5658 497137033 13 0
11812 497148845 26 0
5656 497154501 21 0
6138 497160639 17 0
5649 497166288 21 0
11801 497178089 41 0
5658 497183747 12 0
6133 497189880 33 0
5658 497195538 14 0
11818 497207356 23 0
5652 497213008 16 0
6133 497219141 20 0
5646 497224787 15 0
13179 497237966 56 0
5658 497243624 10 0
6138 497249762 13 0
5652 497255414 15 0
11806 497267220 27 0
5658 497272878 12 0
6137 497279015 31 0
5645 497284660 17 0
11809 497296469 28 0
5658 497302127 14 0
6171 497308298 20 0
5638 497313936 25 0
11800 497325736 28 0
5652 497331388 15 0
6113 497337501 26 0
5646 497343147 12 0
11831 497354978 19 0
5658 497360636 11 0
6132 497366768 18 0
5645 497372413 21 0
11782 497384195 28 0
5658 497389853 13 0
6138 497395991 16 0
5637 497401628 22 0
11831 497413459 19 0
5646 497419105 15 0
6138 497425243 14 0
11283 497436526 38 0
6160 497442686 24 0
5648 497448334 21 0
6151 497454485 17 0
11268 497465753 36 0
6142 497471895 23 0
5657 497477552 16 0
6124 497483676 26 0
11303 497494979 37 0
6166 497501145 22 0
5634 497506779 23 0
6125 497512904 24 0
11316 497524220 25 0
6160 497530380 17 0
5658 497536038 14 0
6150 497542188 28 0
11310 497553498 27 0
6160 497559658 20 0
5663 497565321 30 0
6115 497571436 28 0
11316 497582752 17 0
6167 497588919 24 0
5656 497594575 27 0
6138 497600713 17 0
12699 497613412 42 0
6160 497619572 17 0
5658 497625230 9 0
6102 497631332 26 0
11297 497642629 30 0
6173 497648802 17 0
5658 497654460 13 0
6096 497660556 27 0
11316 497671872 20 0
6136 497678008 20 0
5652 497683660 13 0
6143 497689803 28 0
11297 497701100 33 0
6154 497707254 19 0
5644 497712898 19 0
6139 497719037 18 0
11273 497730310 27 0
6165 497736475 23 0
5636 497742111 22 0
6137 497748248 20 0
11298 497759546 29 0
6112 497765658 24 0
5654 497771312 30 0
6124 497777436 30 0
11317 497788753 39 0
6159 497794912 24 0
5658 497800570 12 0
6132 497806702 21 0
11763 497818465 42 0
6151 497824616 19 0
5645 497830261 18 0
6138 497836399 19 0
11302 497847701 21 0
6160 497853861 15 0
5652 497859513 16 0
6120 497865633 26 0
11292 497876925 40 0
6173 497883098 16 0
5658 497888756 14 0
6133 497894889 29 0
11316 497906205 25 0
6135 497912340 28 0
5663 497918003 30 0
6119 497924122 28 0
11304 497935426 32 0
6134 497941560 27 0
5646 497947206 16 0
6125 497953331 22 0
11298 497964629 32 0
6147 497970776 27 0
5646 497976422 16 0
6120 497982542 22 0
12686 497995228 42 0
6118 498001346 25 0
5646 498006992 14 0
6147 498013139 34 0
11315 498024454 24 0
6160 498030614 18 0
5652 498036266 15 0
6126 498042392 24 0
11304 498053696 27 0
6180 498059876 22 0
5652 498065528 15 0
6114 498071642 33 0
11307 498082949 37 0
6154 498089103 22 0
5660 498094763 30 0
6129 498100892 30 0
11307 498112199 42 0
6173 498118372 19 0
5658 498124030 11 0
6125 498130155 23 0
11310 498141465 24 0
6160 498147625 18 0
5667 498153292 27 0
6151 498159443 14 0
11304 498170747 30 0
6160 498176907 17 0
5658 498182565 16 0
6125 498188690 24 0
11304 498199994 25 0
6173 498206167 19 0
5650 498211817 27 0
6120 498217937 22 0
11316 498229253 16 0
6153 498235406 30 0
5658 498241064 12 0
6119 498247183 25 0
11298 498258481 32 0
6146 498264627 25 0
5636 498270263 29 0
6130 498276393 31 0
11297 498287690 23 0
7049 498294739 83 22
5658 498300397 13 0
6107 498306504 24 0
11290 498317794 42 0
6123 498323917 27 0
5666 498329583 38 0
6138 498335721 18 0
11306 498347027 34 0
6167 498353194 19 0
5658 498358852 11 0
7515 498366367 33 0
11309 498377676 26 0
6160 498383836 16 0
5646 498389482 15 0
6121 498395603 23 0
11290 498406893 38 0
6154 498413047 18 0
5658 498418705 14 0
6138 498424843 19 0
11280 498436123 40 0
6150 498442273 24 0
5658 498447931 13 0
6145 498454076 16 0
11316 498465392 20 0
6148 498471540 27 0
5646 498477186 15 0
6109 498483295 25 0
11316 498494611 20 0
6146 498500757 23 0
5646 498506403 15 0
6124 498512527 32 0
11310 498523837 32 0
6173 498530010 19 0
5647 498535657 30 0
6105 498541762 29 0
11256 498553018 30 0
6160 498559178 15 0
5649 498564827 24 0
6138 498570965 18 0
11279 498582244 30 0
6166 498588410 21 0
5658 498594068 20 0
6142 498600210 36 0
11302 498611512 41 0
914321 499525833 14867 2498
6711 499532544 636 4
6437 499538981 29 0
13361 499552342 77 0
12080 499564422 382 52
6687 499571109 49 0
6719 499577828 40 0
14647 499592475 154 5
6630 499599105 24 0
4412264 4412264 86136 3611
13920359 18332623 49256 11351
19327708 37660331 17463 5040
18980558 56640889 24753 5039
19527198 76168087 18842 5197
19563562 95731649 18823 5065
19548961 115280610 19046 5078
18364472 133645082 25577 6707
19173549 152818631 18817 4928
19688417 172507048 19332 4844
19524617 192031665 21023 5035
19412216 211443881 20105 5273
19533917 230977798 19309 5119
19506004 250483802 19072 5222
18174065 268657867 25412 4610
19288827 287946694 19245 5046
19224818 307171512 19067 4691
19627011 326798523 18561 5101
19735160 346533683 19038 5298
19468350 366002033 19431 4897
19715167 385717200 18715 5240
19537642 405254842 18594 5087
19693640 424948482 18208 5136
19657479 444605961 19710 4674
19581797 464187758 18737 5044
19285841 483473599 21585 5237
10693601 494167200 25983 188
2160103 496327303 6100 304
5658 496332961 30 0
5657 496338618 18 0
6137 496344755 28 0
11813 496356568 48 0
5658 496362226 11 0
5658 496367884 11 0
6160 496374044 14 0
11763 496385807 45 0
5633 496391440 22 0
5644 496397084 17 0
6186 496403270 24 0
11796 496415066 21 0
5665 496420731 24 0
5658 496426389 9 0
6160 496432549 15 0
11808 496444357 35 0
5658 496450015 10 0
5645 496455660 24 0
6160 496461820 20 0
11774 496473594 43 0
5616 496479210 20 0
5652 496484862 13 0
6131 496490993 25 0
11790 496502783 23 0
5642 496508425 21 0
5658 496514083 8 0
6160 496520243 17 0
11777 496532020 40 0
5658 496537678 10 0
5647 496543325 24 0
6118 496549443 25 0
11800 496561243 37 0
5658 496566901 12 0
5640 496572541 16 0
7550 496580091 108 1
11789 496591880 42 0
5649 496597529 15 0
5656 496603185 25 0
6128 496609313 27 0
11766 496621079 36 0
5658 496626737 11 0
5658 496632395 14 0
6173 496638568 16 0
11801 496650369 39 0
5610 496655979 19 0
5658 496661637 10 0
6160 496667797 16 0
11809 496679606 22 0
5634 496685240 17 0
5658 496690898 13 0
6139 496697037 28 0
11771 496708808 35 0
5610 496714418 17 0
5658 496720076 11 0
6149 496726225 28 0
11784 496738009 33 0
5638 496743647 21 0
5658 496749305 11 0
6117 496755422 24 0
20883 496776305 313 13
5652 496781957 33 0
5649 496787606 24 0
6130 496793736 22 0
11788 496805524 30 0
5640 496811164 21 0
5658 496816822 13 0
6167 496822989 18 0
11788 496834777 34 0
5658 496840435 14 0
5652 496846087 19 0
11818 496857905 35 0
6662 496864567 73 1
6615 496871182 31 0
6374 496877556 32 0
13052 496890608 57 0
6126 496896734 21 0
6115 496902849 26 0
5651 496908500 19 0
12248 496920748 37 0
6116 496926864 19 0
6089 496932953 26 0
6103 496939056 31 0
12195 496951251 36 0
6115 496957366 28 0
6116 496963482 18 0
7506 496970988 39 0
12227 496983215 51 0
6095 496989310 27 0
6116 496995426 17 0
6086 497001512 28 0
12222 497013734 40 0
6129 497019863 17 0
6080 497025943 26 0
6109 497032052 24 0
11748 497043800 35 0
6132 497049932 20 0
6098 497056030 22 0
5652 497061682 17 0
11804 497073486 45 0
6138 497079624 17 0
5656 497085280 19 0
5658 497090938 11 0
11814 497102752 34 0
6145 497108897 16 0
5658 497114555 20 0
5658 497120213 11 0
11797 497132010 39 0
6138 497138148 14 0
5654 497143802 24 0
5658 497149460 8 0
11807 497161267 32 0
6164 497167431 13 0
5657 497173088 15 0
5658 497178746 10 0
11818 497190564 35 0
6138 497196702 14 0
5658 497202360 14 0
5663 497208023 16 0
11811 497219834 43 0
6138 497225972 17 0
5643 497231615 22 0
5657 497237272 16 0
11798 497249070 43 0
6138 497255208 21 0
5640 497260848 18 0
5657 497266505 19 0
11788 497278293 33 0
6133 497284426 29 0
5650 497290076 30 0
5653 497295729 24 0
11807 497307536 35 0
6138 497313674 17 0
5658 497319332 14 0
5663 497324995 30 0
11818 497336813 27 0
6114 497342927 20 0
7035 497349962 29 0
5646 497355608 14 0
11788 497367396 30 0
6130 497373526 30 0
5645 497379171 17 0
5641 497384812 20 0
11794 497396606 33 0
6151 497402757 20 0
5640 497408397 18 0
5662 497414059 20 0
11812 497425871 38 0
6138 497432009 16 0
5637 497437646 25 0
5658 497443304 13 0
11805 497455109 28 0
6119 497461228 23 0
5652 497466880 17 0
5653 497472533 24 0
11788 497484321 27 0
6138 497490459 25 0
5639 497496098 19 0
5658 497501756 11 0
11762 497513518 34 0
6138 497519656 18 0
5649 497525305 21 0
5657 497530962 15 0
11812 497542774 38 0
6138 497548912 15 0
5645 497554557 16 0
5642 497560199 26 0
11775 497571974 31 0
6114 497578088 23 0
5641 497583729 26 0
5640 497589369 15 0
11819 497601188 30 0
6138 497607326 16 0
5644 497612970 18 0
5658 497618628 10 0
11811 497630439 30 0
6145 497636584 20 0
5657 497642241 29 0
5660 497647901 30 0
11799 497659700 42 0
6124 497665824 34 0
5657 497671481 14 0
5658 497677139 13 0
12713 497689852 106 19
6138 497695990 16 0
5658 497701648 10 0
5658 497707306 13 0
11812 497719118 29 0
7510 497726628 43 0
5652 497732280 15 0
5650 497737930 24 0
11771 497749701 42 0
6119 497755820 22 0
5658 497761478 10 0
5652 497767130 14 0
11822 497778952 46 0
6135 497785087 24 0
5637 497790724 22 0
5633 497796357 24 0
11798 497808155 49 0
6138 497814293 19 0
6131 497820424 31 0
5658 497826082 12 0
11770 497837852 40 0
6138 497843990 26 0
5658 497849648 12 0
5657 497855305 19 0
11818 497867123 28 0
6148 497873271 34 0
5658 497878929 30 0
5648 497884577 31 0
11819 497896396 43 0
6138 497902534 16 0
5626 497908160 17 0
5646 497913806 13 0
11801 497925607 36 0
6138 497931745 15 0
5627 497937372 23 0
5660 497943032 35 0
11794 497954826 38 0
6151 497960977 15 0
5628 497966605 22 0
5636 497972241 23 0
11806 497984047 36 0
6138 497990185 16 0
5658 497995843 14 0
5657 498001500 21 0
11802 498013302 38 0
6138 498019440 13 0
5658 498025098 12 0
5658 498030756 11 0
11764 498042520 34 0
6138 498048658 16 0
5643 498054301 24 0
5658 498059959 11 0
11781 498071740 46 0
6138 498077878 17 0
5658 498083536 14 0
5658 498089194 14 0
13203 498102397 54 0
6151 498108548 20 0
5644 498114192 16 0
5652 498119844 15 0
11790 498131634 41 0
6138 498137772 15 0
5657 498143429 15 0
5652 498149081 14 0
11812 498160893 37 0
6138 498167031 18 0
5658 498172689 14 0
5652 498178341 14 0
11805 498190146 27 0
6151 498196297 16 0
5616 498201913 18 0
5658 498207571 13 0
11796 498219367 47 0
6138 498225505 14 0
5645 498231150 15 0
5652 498236802 13 0
11795 498248597 32 0
6138 498254735 17 0
5650 498260385 24 0
5646 498266031 14 0
11775 498277806 28 0
6138 498283944 17 0
5634 498289578 18 0
5658 498295236 10 0
11812 498307048 33 0
6126 498313174 21 0
5646 498318820 18 0
5658 498324478 11 0
11797 498336275 38 0
6151 498342426 18 0
5650 498348076 25 0
5657 498353733 22 0
11805 498365538 40 0
6138 498371676 15 0
5658 498377334 12 0
5658 498382992 12 0
11825 498394817 40 0
6138 498400955 16 0
5622 498406577 18 0
5634 498412211 18 0
11812 498424023 27 0
6151 498430174 15 0
5656 498435830 25 0
5650 498441480 26 0
11800 498453280 27 0
6119 498459399 19 0
5655 498465054 30 0
5633 498470687 19 0
13190 498483877 43 0
6095 498489972 22 0
5634 498495606 23 0
5652 498501258 16 0
11818 498513076 40 0
6138 498519214 17 0
5628 498524842 18 0
5645 498530487 17 0
11800 498542287 32 0
6126 498548413 18 0
5651 498554064 18 0
5658 498559722 13 0
11815 498571537 53 0
6158 498577695 16 0
5632 498583327 24 0
5658 498588985 12 0
11810 498600795 35 0
6138 498606933 17 0
5631 498612564 18 0
5658 498618222 10 0
11800 498630022 32 0
916962 499546984 14982 2475
7032 499554016 644 2
6688 499560704 37 0
13118 499573822 55 0
12078 499585900 352 44
6668 499592568 45 0
6171 499598739 23 0
14980 499613719 193 6
6601 499620320 32 0
2448354 2448354 52340 2464
8661097 11109451 74647 10745
19134752 30244203 19460 4972
18975934 49220137 23691 5231
19198628 68418765 18178 4893
19405374 87824139 18715 5211
19314157 107138296 18233 5036
18211360 125349656 25437 6376
18953499 144303155 18767 5013
19716094 164019249 18575 4744
19415993 183435242 20800 5038
19354985 202790227 19537 5144
19528994 222319221 18777 5171
19362289 241681510 19154 5132
18155905 259837415 25045 4808
19375598 279213013 19633 5007
19006523 298219536 19172 4866
19670352 317889888 19198 4815
19551506 337441394 19830 5234
19537916 356979310 19803 5158
19600403 376579713 19074 5029
19614964 396194677 19165 5072
19653602 415848279 19070 5231
19542168 435390447 19631 4861
19559542 454949989 19519 4829
19593097 474543086 19405 5284
15992499 490535585 30723 2572
5715929 496251514 11531 353
5658 496257172 17 0
5658 496262830 13 0
6148 496268978 20 0
11806 496280784 48 0
5652 496286436 14 0
5657 496292093 15 0
6155 496298248 29 0
11796 496310044 21 0
5638 496315682 22 0
5639 496321321 16 0
6173 496327494 17 0
11786 496339280 42 0
5658 496344938 12 0
5652 496350590 14 0
6142 496356732 22 0
11762 496368494 33 0
5658 496374152 13 0
5658 496379810 8 0
6173 496385983 15 0
11771 496397754 36 0
5658 496403412 11 0
5649 496409061 26 0
6159 496415220 20 0
11809 496427029 25 0
5668 496432697 24 0
5656 496438353 25 0
6160 496444513 16 0
11771 496456284 39 0
5658 496461942 11 0
5658 496467600 11 0
6167 496473767 25 0
13150 496486917 128 1
5652 496492569 22 0
5658 496498227 10 0
6160 496504387 15 0
11803 496516190 26 0
5645 496521835 16 0
5658 496527493 9 0
6118 496533611 23 0
11783 496545394 38 0
5658 496551052 12 0
5639 496556691 23 0
6141 496562832 26 0
11777 496574609 49 0
5658 496580267 13 0
5649 496585916 20 0
6160 496592076 15 1
11771 496603847 26 0
5646 496609493 13 0
5652 496615145 11 0
6173 496621318 14 0
11783 496633101 29 0
5625 496638726 20 0
5658 496644384 11 0
6160 496650544 17 0
11790 496662334 42 0
5658 496667992 10 0
5640 496673632 14 0
6142 496679774 23 1
11789 496691563 29 0
5658 496697221 18 1
5658 496702879 11 0
15221 496718100 335 14
11781 496729881 62 0
5633 496735514 18 0
5646 496741160 27 0
6153 496747313 25 0
11795 496759108 33 0
5658 496764766 12 0
5631 496770397 20 0
6160 496776557 16 0
12311 496788868 60 1
6596 496795464 36 0
6367 496801831 24 0
6796 496808627 43 0
12448 496821075 44 0
6097 496827172 25 0
6119 496833291 31 0
6116 496839407 18 0
12222 496851629 34 0
6999 496858628 85 22
6116 496864744 19 0
6116 496870860 16 0
13588 496884448 65 1
6098 496890546 22 0
6074 496896620 27 0
6078 496902698 26 0
12226 496914924 45 0
6116 496921040 17 0
6092 496927132 23 0
6109 496933241 28 0
12214 496945455 33 0
6103 496951558 25 0
6122 496957680 22 0
6106 496963786 32 0
12214 496976000 33 0
6116 496982116 21 0
5658 496987774 15 0
6126 496993900 20 0
11809 497005709 21 0
5633 497011342 21 0
5651 497016993 19 0
6129 497023122 25 0
11802 497034924 34 0
5646 497040570 15 0
5653 497046223 23 0
11783 497058006 35 0
6138 497064144 16 0
5643 497069787 21 0
5658 497075445 13 0
11812 497087257 22 0
6125 497093382 21 0
5652 497099034 15 0
5658 497104692 12 0
11797 497116489 42 0
6138 497122627 14 0
5657 497128284 21 0
5646 497133930 23 0
11817 497145747 29 0
6119 497151866 26 0
5628 497157494 16 0
5658 497163152 11 0
11808 497174960 34 0
6138 497181098 16 0
5634 497186732 15 0
5652 497192384 14 0
11844 497204228 33 0
6138 497210366 13 0
5658 497216024 9 0
5658 497221682 12 0
11800 497233482 23 0
6103 497239585 20 0
5658 497245243 9 0
5658 497250901 9 0
13168 497264069 55 0
6138 497270207 18 0
5639 497275846 19 0
5658 497281504 13 0
11812 497293316 28 0
6138 497299454 15 0
5648 497305102 23 0
5640 497310742 12 0
11780 497322522 33 0
6101 497328623 22 0
5658 497334281 13 0
5658 497339939 7 0
11799 497351738 33 0
6138 497357876 11 0
5646 497363522 16 0
5652 497369174 15 0
11769 497380943 35 0
6139 497387082 22 0
5633 497392715 20 0
5658 497398373 10 0
11779 497410152 42 0
6138 497416290 17 0
5632 497421922 22 0
5666 497427588 26 0
11813 497439401 30 0
6101 497445502 22 0
5658 497451160 12 0
5651 497456811 20 0
11782 497468593 34 0
6151 497474744 17 0
5658 497480402 13 0
5658 497486060 11 0
11806 497497866 33 0
6138 497504004 17 0
5658 497509662 11 0
5658 497515320 11 0
11805 497527125 33 0
6138 497533263 15 0
5652 497538915 15 0
5658 497544573 18 0
11780 497556353 45 0
6138 497562491 16 0
5658 497568149 11 0
5658 497573807 13 0
11824 497585631 40 0
6122 497591753 31 0
5658 497597411 12 0
5652 497603063 14 0
11800 497614863 38 0
6151 497621014 15 0
5627 497626641 21 0
7037 497633678 43 0
11818 497645496 25 0
6120 497651616 18 0
5640 497657256 14 0
5640 497662896 25 0
11830 497674726 28 0
6138 497680864 17 0
5658 497686522 12 0
5658 497692180 11 0
11790 497703970 46 0
6151 497710121 16 0
5646 497715767 18 0
5658 497721425 12 0
11811 497733236 36 0
6138 497739374 17 0
5652 497745026 19 0
5652 497750678 15 0
11831 497762509 35 0
6145 497768654 16 0
5621 497774275 23 0
5658 497779933 14 0
11812 497791745 38 0
6138 497797883 16 0
5661 497803544 32 0
5652 497809196 16 0
11787 497820983 40 0
6132 497827115 19 0
5623 497832738 23 0
5645 497838383 16 0
11805 497850188 44 0
6136 497856324 31 0
5638 497861962 17 0
5628 497867590 26 0
11806 497879396 25 0
6138 497885534 18 0
5651 497891185 20 0
5652 497896837 13 0
11800 497908637 38 0
6035 497914672 22 0
5630 497920302 18 0
5626 497925928 22 0
11798 497937726 31 0
6151 497943877 32 0
5648 497949525 24 0
5634 497955159 19 0
11799 497966958 34 0
6138 497973096 15 0
5654 497978750 26 0
5649 497984399 25 0
11787 497996186 32 0
6126 498002312 24 0
7022 498009334 31 0
5639 498014973 16 0
11812 498026785 32 0
6138 498032923 13 0
5639 498038562 19 0
5652 498044214 13 0
11830 498056044 30 0
6138 498062182 16 0
5640 498067822 14 0
5658 498073480 12 0
11818 498085298 26 0
6151 498091449 17 0
5652 498097101 17 0
5642 498102743 24 0
11818 498114561 32 0
6138 498120699 15 0
5658 498126357 10 0
5657 498132014 14 0
11825 498143839 37 0
6138 498149977 16 0
5651 498155628 20 0
5658 498161286 9 0
11804 498173090 35 0
6151 498179241 17 0
5658 498184899 13 0
5658 498190557 10 0
11788 498202345 27 0
6120 498208465 17 0
5656 498214121 25 0
5658 498219779 10 0
11812 498231591 35 0
6138 498237729 15 0
5646 498243375 15 0
5658 498249033 13 0
11811 498260844 37 0
6143 498266987 27 0
5640 498272627 21 0
5658 498278285 12 0
11815 498290100 45 0
6138 498296238 14 0
5646 498301884 18 0
5645 498307529 18 0
11794 498319323 34 0
6158 498325481 20 0
5640 498331121 21 0
5646 498336767 26 0
11811 498348578 38 0
6138 498354716 17 0
5652 498360368 17 0
5658 498366026 12 0
11839 498377865 40 0
7492 498385357 37 0
5621 498390978 22 0
5658 498396636 11 0
11790 498408426 35 0
6151 498414577 14 0
5658 498420235 11 0
5622 498425857 20 0
11818 498437675 34 0
6138 498443813 14 0
5657 498449470 20 0
5658 498455128 9 0
11830 498466958 33 0
6143 498473101 23 0
5658 498478759 12 0
5658 498484417 12 0
11798 498496215 36 0
6145 498502360 18 0
5638 498507998 22 0
5644 498513642 28 0
11831 498525473 21 0
6135 498531608 25 0
879116 499410724 15231 2371
6689 499417413 560 1
14392 499431805 283 24
6682 499438487 37 0
10741 499449228 129 15
6679 499455907 36 0
13356 499469263 56 0
8263 499477526 141 10
630677 630677 15063 514
5932782 6563459 90216 8362
16725150 23288609 35610 7162
19338922 42627531 20453 4959
18513918 61141449 20850 4853
19578212 80719661 20321 5323
19524365 100244026 18849 5117
18579985 118824011 25073 6646
19132615 137956626 19816 5068
19680950 157637576 20287 5041
19485418 177122994 21404 4892
19526224 196649218 19902 5010
19648356 216297574 19056 5154
19386717 235684291 21055 5154
18191738 253876029 25160 4704
19345192 273221221 18950 4907
19553246 292774467 19149 5062
19544342 312318809 19935 4716
19673686 331992495 19289 5204
19641996 351634491 19137 5096
19573243 371207734 19379 5014
19751119 390958853 19823 5125
19617688 410576541 19562 5197
19641449 430217990 19312 4966
19682977 449900967 19012 4856
19647145 469548112 19642 5201
17365369 486913481 28248 3856
9526383 496439864 18764 345
6171 496446035 356 5
11790 496457825 46 0
5658 496463483 10 0
5652 496469135 15 0
6135 496475270 22 0
11760 496487030 40 0
5661 496492691 22 0
5658 496498349 6 0
6173 496504522 17 0
11800 496516322 38 0
5658 496521980 11 0
5658 496527638 18 0
6118 496533756 26 0
11778 496545534 39 0
5658 496551192 12 0
5658 496556850 13 0
6124 496562974 23 0
11790 496574764 33 0
5644 496580408 25 0
5657 496586065 20 0
6161 496592226 25 0
11787 496604013 44 0
5658 496609671 9 0
5652 496615323 12 0
6118 496621441 25 0
11802 496633243 52 0
5650 496638893 28 0
5658 496644551 10 0
6160 496650711 18 0
11784 496662495 45 0
5658 496668153 12 0
5644 496673797 25 0
6158 496679955 30 0
11790 496691745 30 0
5658 496697403 14 0
5652 496703055 14 0
6147 496709202 19 0
11783 496720985 27 0
5652 496726637 14 0
5658 496732295 14 0
6163 496738458 27 0
11800 496750258 39 0
5658 496755916 13 0
7034 496762950 84 0
6129 496769079 27 0
11807 496780886 43 0
5658 496786544 12 0
5652 496792196 15 0
6142 496798338 21 0
11786 496810124 46 0
5645 496815769 17 0
5658 496821427 12 0
6144 496827571 25 0
11783 496839354 27 0
5634 496844988 17 0
5658 496850646 10 0
6160 496856806 17 0
11803 496868609 25 0
5646 496874255 21 1
5658 496879913 11 0
6129 496886042 26 0
11796 496897838 29 0
5658 496903496 12 0
5658 496909154 11 0
6166 496915320 24 0
11765 496927085 31 0
5658 496932743 17 0
5657 496938400 19 0
6152 496944552 21 0
11790 496956342 35 0
5658 496962000 12 0
5657 496967657 19 0
22116 496989773 439 8
6624 496996397 38 0
6635 497003032 32 0
8337 497011369 125 1
12730 497024099 41 0
6116 497030215 15 0
6107 497036322 33 0
6116 497042438 18 0
12223 497054661 43 0
6116 497060777 16 0
6116 497066893 19 0
6123 497073016 15 0
12212 497085228 56 0
6116 497091344 16 0
6095 497097439 29 0
6116 497103555 18 0
12232 497115787 26 0
6123 497121910 21 0
6079 497127989 25 0
6110 497134099 15 0
12214 497146313 33 0
6089 497152402 27 0
7493 497159895 37 1
5638 497165533 19 0
12255 497177788 48 0
6116 497183904 17 0
6116 497190020 18 0
5640 497195660 13 0
11756 497207416 46 0
6132 497213548 18 0
5630 497219178 23 0
5645 497224823 16 0
11843 497236666 26 0
6138 497242804 13 0
5644 497248448 22 0
5658 497254106 13 0
11778 497265884 39 0
6114 497271998 23 0
5658 497277656 14 0
5658 497283314 12 0
11818 497295132 21 0
6138 497301270 15 0
5645 497306915 19 0
5657 497312572 32 0
11826 497324398 33 0
6145 497330543 16 0
5640 497336183 17 0
5642 497341825 22 0
11793 497353618 30 0
6151 497359769 16 0
5636 497365405 27 0
5658 497371063 11 0
11777 497382840 40 0
6138 497388978 15 0
5639 497394617 17 0
5652 497400269 22 0
11822 497412091 34 0
6137 497418228 29 0
5652 497423880 15 0
5652 497429532 18 0
11787 497441319 42 0
6138 497447457 15 0
5651 497453108 25 0
5657 497458765 20 0
11820 497470585 41 0
6132 497476717 21 0
5637 497482354 23 0
5639 497487993 30 0
11798 497499791 37 0
6145 497505936 20 0
5658 497511594 20 0
5642 497517236 24 0
11794 497529030 26 0
7515 497536545 24 0
5627 497542172 20 0
5658 497547830 11 0
11825 497559655 26 0
6138 497565793 16 0
5658 497571451 11 0
5658 497577109 12 0
11786 497588895 33 0
6154 497595049 28 0
5621 497600670 18 0
5650 497606320 28 0
11817 497618137 23 0
6132 497624269 22 0
5658 497629927 19 0
5652 497635579 15 0
11817 497647396 45 0
6132 497653528 19 0
5622 497659150 21 0
5661 497664811 28 0
11801 497676612 27 0
6136 497682748 24 0
5622 497688370 22 0
5656 497694026 24 0
11817 497705843 28 0
6111 497711954 31 0
5658 497717612 12 0
5643 497723255 27 0
11816 497735071 28 1
14345 497749416 263 105
5658 497755074 40 0
5657 497760731 20 0
11818 497772549 19 0
6138 497778687 17 0
5656 497784343 22 0
5657 497790000 20 0
11823 497801823 45 0
6138 497807961 15 0
5622 497813583 22 0
5658 497819241 11 0
11797 497831038 43 0
6151 497837189 17 0
5658 497842847 13 0
5658 497848505 11 0
11797 497860302 38 0
6122 497866424 26 0
5658 497872082 10 0
5652 497877734 14 0
11843 497889577 37 0
6138 497895715 14 0
5645 497901360 16 0
5657 497907017 19 0
13171 497920188 41 0
6131 497926319 21 0
5658 497931977 12 0
5658 497937635 10 0
11818 497949453 29 0
6138 497955591 18 0
5650 497961241 18 0
5651 497966892 19 0
11810 497978702 29 0
6163 497984865 25 0
5652 497990517 17 0
5658 497996175 11 0
11817 498007992 33 0
6138 498014130 16 0
5610 498019740 19 0
5658 498025398 9 0
11821 498037219 42 0
6138 498043357 16 0
5616 498048973 22 0
5621 498054594 21 0
11776 498066370 28 0
6158 498072528 18 0
5658 498078186 9 0
5658 498083844 10 0
11783 498095627 48 0
6138 498101765 17 0
5657 498107422 16 0
5645 498113067 20 0
11804 498124871 38 0
6142 498131013 33 0
5652 498136665 20 0
5639 498142304 20 0
11805 498154109 42 0
6130 498160239 30 0
5637 498165876 23 0
5658 498171534 12 0
11788 498183322 39 0
6142 498189464 26 0
5658 498195122 11 0
5658 498200780 12 0
11797 498212577 53 0
6151 498218728 20 0
5658 498224386 18 0
5658 498230044 12 0
11810 498241854 29 0
6138 498247992 16 0
5650 498253642 21 0
5656 498259298 24 0
11805 498271103 35 0
6131 498277234 21 0
5658 498282892 12 0
5658 498288550 11 0
13173 498301723 61 0
6151 498307874 16 0
5658 498313532 12 0
5657 498319189 20 0
11800 498330989 28 0
6138 498337127 15 0
5658 498342785 10 0
5633 498348418 19 0
11844 498360262 22 0
6138 498366400 15 0
5633 498372033 16 0
5643 498377676 24 0
11811 498389487 28 0
6138 498395625 18 0
5648 498401273 21 0
5655 498406928 27 0
11819 498418747 29 0
6113 498424860 22 0
5644 498430504 21 0
5652 498436156 16 0
11795 498447951 40 0
6151 498454102 16 0
5634 498459736 18 0
5658 498465394 11 0
11800 498477194 37 0
6138 498483332 15 0
5652 498488984 15 0
5657 498494641 16 0
11806 498506447 29 0
6138 498512585 15 0
5658 498518243 12 0
5637 498523880 25 0
11818 498535698 22 0
6132 498541830 26 0
5625 498547455 23 0
5658 498553113 11 0
11815 498564928 37 0
6138 498571066 14 0
5651 498576717 22 0
5642 498582359 24 0
11829 498594188 40 0
6132 498600320 16 0
5622 498605942 17 0
5652 498611594 15 0
11814 498623408 36 0
6138 498629546 15 0
5652 498635198 16 0
5657 498640855 23 0
11812 498652667 39 0
6138 498658805 17 0
5620 498664425 19 0
7009 498671434 37 0
11812 498683246 36 0
6133 498689379 25 0
5657 498695036 26 0
5652 498700688 16 0
11811 498712499 41 0
6126 498718625 21 0
5658 498724283 14 0
5658 498729941 13 0
11795 498741736 39 0
6138 498747874 14 0
910360 499658234 14870 2329
8480 499666714 759 4
13118 499679832 100 0
12218 499692050 374 30
6667 499698717 44 0
6449 499705166 24 0
14886 499720052 182 8
6609 499726661 26 1
