0,1,152462150.78,2967176654.3650727
2,152462151.78,181729551.85,2644991375.7880425
6,181729552.85,215718336.78,2131834795.7711167
0,215718337.78,339704097.22,2967176654.3650727
5,339704098.22,1147224501.2900002,2889592776.231653
0,1147224502.2900002,2158127181.130001,2967176654.3650727
13,2158127182.130001,3834024126.1500015,2697371521.4486256
6,3834024127.1500015,3877228467.570001,2131834795.7711167
3,3877228468.570001,3893302744.260001,1443023607.5620902
7,3893302745.260001,3902829688.720001,542489602.1879772
10,3902829689.720001,4020846757.849894,797661017.4990699
9,4020846758.849894,4026501733.349894,691711520.5731261
10,4026501734.349894,4027476274.349894,797661017.4990699
