2629700 2629700 54555 122
10869653 13499353 76403 1836
19211071 32710424 18661 619
19360479 52070903 20638 1097
18802322 70873225 21576 836
19578854 90452079 19569 633
19630110 110082189 19307 622
18903909 128986098 25387 1266
19221154 148207252 19971 581
19893667 168100919 21101 654
19310950 187411869 21122 234
19621482 207033351 20772 1077
19686137 226719488 21053 998
19625009 246344497 20903 436
18836380 265180877 24847 1074
19577025 284757902 19740 539
18849336 303607238 19785 1274
19555355 323162593 20355 778
19804244 342966837 20533 1572
19715582 362682419 19235 1174
19837686 382520105 19680 413
19630315 402150420 20145 1000
19750932 421901352 20049 876
19776354 441677706 19763 754
19705543 461383249 19670 1437
19735863 481119112 20286 2142
12183038 493302150 28843 162
3148611 496450761 7211 22
6119 496456880 40 0
11809 496468689 29 0
5658 496474347 12 0
5652 496479999 16 0
6160 496486159 18 0
11782 496497941 40 0
5658 496503599 11 0
5658 496509257 13 0
6125 496515382 25 0
11783 496527165 42 0
5658 496532823 12 0
5658 496538481 11 0
6154 496544635 17 0
11800 496556435 50 0
5658 496562093 14 0
5646 496567739 21 0
6173 496573912 19 0
11765 496585677 42 0
5658 496591335 11 0
5658 496596993 14 0
6148 496603141 22 0
11816 496614957 28 0
5631 496620588 22 0
5658 496626246 9 0
6154 496632400 18 0
11787 496644187 61 0
5658 496649845 12 0
5658 496655503 16 0
6141 496661644 27 0
11725 496673369 44 0
5657 496679026 14 0
5657 496684683 18 0
6154 496690837 21 0
11780 496702617 47 0
5658 496708275 10 0
5658 496713933 10 0
6154 496720087 21 0
13171 496733258 122 0
5658 496738916 12 0
5658 496744574 16 0
6167 496750741 23 0
11780 496762521 36 0
5652 496768173 15 0
5634 496773807 18 0
6117 496779924 22 0
11796 496791720 37 0
5658 496797378 13 0
5656 496803034 21 0
6167 496809201 17 0
11796 496820997 43 0
5657 496826654 16 0
5637 496832291 25 0
6148 496838439 19 0
11801 496850240 45 0
5633 496855873 25 0
5649 496861522 25 0
6136 496867658 19 0
11776 496879434 41 0
5658 496885092 12 0
5626 496890718 20 0
6173 496896891 17 0
11795 496908686 31 0
5644 496914330 16 0
5658 496919988 10 0
6160 496926148 17 0
11796 496937944 41 0
5658 496943602 15 0
5658 496949260 10 0
6160 496955420 18 0
11769 496967189 55 0
5658 496972847 12 0
5648 496978495 28 0
6688 496985183 74 0
12972 496998155 54 0
6590 497004745 24 0
6310 497011055 19 0
6138 497017193 18 0
12226 497029419 32 0
6143 497035562 40 0
6106 497041668 33 0
6116 497047784 20 0
12157 497059941 42 0
6116 497066057 18 0
6073 497072130 26 0
6078 497078208 25 0
20850 497099058 321 35
6098 497105156 46 0
6098 497111254 21 0
6104 497117358 24 0
13623 497130981 64 0
6109 497137090 27 0
5645 497142735 19 0
6151 497148886 17 0
12212 497161098 43 0
6110 497167208 21 0
5657 497172865 20 0
6138 497179003 23 0
11790 497190793 32 0
6107 497196900 23 1
5658 497202558 14 0
6112 497208670 27 0
11754 497220424 38 0
5642 497226066 25 0
5658 497231724 12 0
7058 497238782 106 2
11783 497250565 46 0
5646 497256211 16 0
5658 497261869 13 0
6118 497267987 23 0
11753 497279740 37 0
5650 497285390 17 0
5658 497291048 10 0
6173 497297221 16 0
11795 497309016 41 0
5645 497314661 19 0
5658 497320319 12 0
6145 497326464 29 0
11817 497338281 41 0
5658 497343939 12 0
5658 497349597 8 0
6142 497355739 25 0
11778 497367517 32 0
5658 497373175 15 0
5652 497378827 15 0
6165 497384992 27 0
11788 497396780 33 0
5652 497402432 15 0
5652 497408084 15 0
11839 497419923 59 0
6155 497426078 29 0
5652 497431730 15 0
5658 497437388 16 0
11791 497449179 43 0
6130 497455309 31 0
5658 497460967 12 0
5658 497466625 11 0
11823 497478448 43 0
6114 497484562 20 0
5658 497490220 13 0
5652 497495872 17 0
13155 497509027 50 0
6119 497515146 24 0
5657 497520803 24 0
5658 497526461 11 0
11787 497538248 45 0
6124 497544372 30 0
5658 497550030 11 0
5652 497555682 14 0
11794 497567476 37 0
6151 497573627 20 0
5626 497579253 26 0
5652 497584905 16 0
11788 497596693 42 0
6138 497602831 17 0
5652 497608483 13 0
5658 497614141 14 0
11810 497625951 46 0
6138 497632089 18 0
5658 497637747 14 0
5656 497643403 21 0
11792 497655195 46 0
6138 497661333 22 0
5658 497666991 11 0
5645 497672636 25 0
11812 497684448 35 0
6138 497690586 14 0
5632 497696218 26 0
5658 497701876 10 0
11823 497713699 42 0
6135 497719834 30 0
5621 497725455 23 0
5661 497731116 28 0
11813 497742929 43 0
6138 497749067 16 0
5644 497754711 22 0
5644 497760355 24 0
11840 497772195 34 0
6138 497778333 17 0
5661 497783994 23 0
5639 497789633 17 0
11805 497801438 55 0
6151 497807589 17 0
5646 497813235 17 0
5655 497818890 29 0
11774 497830664 42 0
6138 497836802 17 0
5633 497842435 28 0
5658 497848093 13 0
20867 497868960 336 9
6135 497875095 32 0
5645 497880740 20 0
7035 497887775 29 0
11777 497899552 48 0
6135 497905687 34 0
5633 497911320 23 0
5632 497916952 25 0
11781 497928733 30 0
6130 497934863 38 0
5658 497940521 12 0
5658 497946179 14 0
11820 497957999 43 0
6138 497964137 17 0
5658 497969795 12 0
5651 497975446 21 0
11794 497987240 54 0
6138 497993378 19 0
5634 497999012 18 0
5656 498004668 32 0
11786 498016454 48 0
6137 498022591 29 0
5658 498028249 14 0
5658 498033907 11 0
11810 498045717 44 0
6147 498051864 33 0
5658 498057522 14 0
5658 498063180 13 0
11771 498074951 50 0
6132 498081083 22 0
5661 498086744 33 0
5658 498092402 13 0
11830 498104232 41 0
6138 498110370 28 0
5645 498116015 17 0
5652 498121667 18 0
11818 498133485 27 0
6177 498139662 16 0
6109 498145771 25 0
5661 498151432 26 0
11782 498163214 54 0
6145 498169359 18 0
5658 498175017 14 0
5650 498180667 29 0
11820 498192487 49 0
6159 498198646 40 0
5658 498204304 11 0
5652 498209956 14 0
11812 498221768 39 0
6126 498227894 18 0
5658 498233552 13 0
5658 498239210 11 0
11812 498251022 38 0
6137 498257159 21 0
7034 498264193 31 0
5638 498269831 22 0
11815 498281646 37 0
6124 498287770 28 0
5658 498293428 17 0
5645 498299073 18 0
11817 498310890 29 0
6132 498317022 30 0
5646 498322668 16 0
5640 498328308 20 0
11805 498340113 42 0
6138 498346251 15 0
5658 498351909 14 0
5658 498357567 11 0
11818 498369385 25 0
6151 498375536 19 0
5644 498381180 22 0
5650 498386830 25 0
11802 498398632 38 0
6131 498404763 21 0
5620 498410383 27 0
5658 498416041 10 0
11788 498427829 43 0
6120 498433949 23 0
5658 498439607 13 0
5652 498445259 16 0
11790 498457049 45 0
6138 498463187 16 0
5658 498468845 12 0
5657 498474502 27 0
11798 498486300 29 0
6138 498492438 17 0
5646 498498084 16 0
5658 498503742 13 0
11762 498515504 39 0
6156 498521660 26 0
5633 498527293 24 0
5652 498532945 17 0
11812 498544757 37 0
6126 498550883 22 0
5658 498556541 13 0
5654 498562195 22 0
11820 498574015 37 0
6138 498580153 16 0
5658 498585811 13 0
5652 498591463 16 0
11786 498603249 40 0
6145 498609394 24 0
5634 498615028 18 0
5639 498620667 21 0
11798 498632465 35 0
7478 498639943 45 0
5651 498645594 24 0
5658 498651252 13 0
11820 498663072 44 0
6138 498669210 15 0
5668 498674878 25 0
5653 498680531 29 0
11802 498692333 46 0
6119 498698452 23 0
5628 498704080 13 0
5632 498709712 25 0
11825 498721537 33 0
6138 498727675 17 0
5651 498733326 19 0
5658 498738984 12 0
15137 498754121 228 2
900381 499654502 14514 340
6699 499661201 628 0
6699 499667900 35 0
13122 499681022 64 0
11816 499692838 372 5
6662 499699500 33 0
6435 499705935 30 0
14673 499720608 159 2
2256088 2256088 49723 122
10024336 12280424 77927 1763
19241855 31522279 20053 699
19215041 50737320 24973 1096
19145680 69883000 18001 588
19715874 89598874 18920 442
19561287 109160161 18663 796
18580423 127740584 25508 1591
19129616 146870200 18925 543
19866097 166736297 18950 849
19647664 186383961 21447 197
19541703 205925664 19757 1067
19654019 225579683 19572 1281
19649237 245228920 19027 275
18305729 263534649 24783 1154
19557271 283091920 20123 419
19289047 302380967 19389 1224
19694313 322075280 19555 942
19837397 341912677 19353 1421
19767918 361680595 19727 1594
19874397 381554992 19144 368
19691919 401246911 19330 980
19805686 421052597 19003 959
19701336 440753933 20250 648
19699156 460453089 19444 1685
19736365 480189454 19394 2401
12700519 492889973 29831 220
3421749 496311722 8016 24
5648 496317370 36 0
5645 496323015 22 0
15216 496338231 315 2
11759 496349990 48 0
7017 496357007 98 0
5658 496362665 9 0
6134 496368799 29 0
11770 496380569 41 0
5658 496386227 10 0
5658 496391885 9 0
6173 496398058 17 0
11753 496409811 37 0
5646 496415457 14 0
5628 496421085 11 0
6148 496427233 18 0
11803 496439036 27 0
5620 496444656 20 0
5658 496450314 11 0
6123 496456437 27 0
11766 496468203 36 0
5658 496473861 9 0
5655 496479516 18 0
6131 496485647 21 0
11789 496497436 40 0
5658 496503094 12 0
5657 496508751 22 0
6153 496514904 29 0
12660 496527564 104 2
5658 496533222 13 0
5658 496538880 9 0
6140 496545020 19 0
11761 496556781 50 0
5610 496562391 18 0
5658 496568049 8 0
6167 496574216 15 0
11769 496585985 44 0
5634 496591619 14 0
5652 496597271 22 0
6160 496603431 17 0
11771 496615202 35 0
5620 496620822 21 0
5644 496626466 20 0
6155 496632621 17 0
11800 496644421 44 0
5615 496650036 19 0
5632 496655668 21 0
6127 496661795 24 0
11766 496673561 44 0
5650 496679211 20 0
5637 496684848 21 0
6160 496691008 15 0
11748 496702756 28 0
5658 496708414 13 0
5658 496714072 11 0
6199 496720271 16 0
13135 496733406 40 0
5639 496739045 20 0
5651 496744696 20 0
6160 496750856 17 0
11809 496762665 23 0
5658 496768323 13 0
5621 496773944 17 0
6141 496780085 19 0
11751 496791836 39 0
5658 496797494 16 0
5658 496803152 11 0
6173 496809325 14 0
11796 496821121 26 0
5658 496826779 12 0
5658 496832437 11 0
6154 496838591 20 0
12976 496851567 98 0
6373 496857940 15 0
6321 496864261 24 0
6623 496870884 34 0
11747 496882631 35 0
6124 496888755 30 0
6068 496894823 24 0
6116 496900939 18 0
12221 496913160 37 0
6104 496919264 23 0
6074 496925338 23 0
6116 496931454 14 0
12212 496943666 47 0
5652 496949318 11 0
6150 496955468 23 0
6116 496961584 14 0
11771 496973355 30 0
6116 496979471 14 0
6104 496985575 21 0
6090 496991665 24 0
11809 497003474 23 0
6126 497009600 26 0
5646 497015246 13 0
6120 497021366 20 0
11775 497033141 31 0
5634 497038775 20 0
5658 497044433 10 0
11784 497056217 39 0
6135 497062352 28 0
5657 497068009 18 0
5658 497073667 8 0
11786 497085453 35 0
6107 497091560 24 0
5632 497097192 18 0
5658 497102850 11 0
13214 497116064 47 0
6123 497122187 22 0
5610 497127797 20 0
5646 497133443 21 0
11818 497145261 18 0
6114 497151375 19 0
6110 497157485 23 0
5658 497163143 12 0
11795 497174938 27 0
6113 497181051 21 0
5658 497186709 9 0
5655 497192364 24 0
11788 497204152 46 0
6138 497210290 14 0
5625 497215915 19 0
5658 497221573 10 0
11761 497233334 47 0
6151 497239485 15 0
5646 497245131 15 0
5652 497250783 14 0
11800 497262583 26 0
6138 497268721 14 0
5651 497274372 27 0
5658 497280030 8 0
11782 497291812 35 0
6141 497297953 33 0
5622 497303575 19 0
5658 497309233 9 0
11803 497321036 50 0
6138 497327174 18 0
5622 497332796 19 0
5645 497338441 14 0
11782 497350223 35 0
6138 497356361 19 0
5628 497361989 17 0
5658 497367647 14 0
11792 497379439 35 0
6133 497385572 22 0
5658 497391230 11 0
5644 497396874 25 0
11799 497408673 35 0
6145 497414818 18 0
5621 497420439 21 0
5620 497426059 19 0
11788 497437847 29 0
6095 497443942 25 0
6116 497450058 16 0
5648 497455706 23 0
11766 497467472 34 0
6162 497473634 28 0
5658 497479292 19 0
5660 497484952 27 0
13180 497498132 56 0
6126 497504258 20 0
5610 497509868 17 0
5656 497515524 19 0
11819 497527343 31 0
6138 497533481 13 0
5651 497539132 14 0
5658 497544790 13 0
11785 497556575 26 0
6118 497562693 27 0
5610 497568303 17 0
5658 497573961 9 0
11806 497585767 33 0
6138 497591905 15 0
5658 497597563 9 0
5658 497603221 10 0
11774 497614995 44 0
6138 497621133 19 0
5658 497626791 11 0
5658 497632449 11 0
11694 497644143 46 0
6120 497650263 20 0
5616 497655879 19 0
5645 497661524 25 0
11810 497673334 46 0
6138 497679472 16 0
5615 497685087 18 0
5656 497690743 17 0
11800 497702543 44 0
6151 497708694 15 0
5658 497714352 9 0
5658 497720010 11 0
11817 497731827 39 0
6138 497737965 18 0
5658 497743623 10 0
5634 497749257 11 0
11831 497761088 28 0
6108 497767196 19 0
5658 497772854 8 0
5658 497778512 9 0
11791 497790303 39 0
6138 497796441 14 0
5658 497802099 7 0
5658 497807757 8 0
11836 497819593 35 0
6126 497825719 18 0
5645 497831364 18 0
5634 497836998 16 0
11763 497848761 36 0
6164 497854925 20 0
5633 497860558 23 0
7035 497867593 26 0
11775 497879368 37 0
6138 497885506 16 0
5652 497891158 12 0
5658 497896816 12 0
11809 497908625 47 0
6095 497914720 24 0
5628 497920348 18 0
5652 497926000 10 0
11768 497937768 44 0
6151 497943919 16 0
5650 497949569 18 0
5660 497955229 27 0
11775 497967004 34 0
6138 497973142 15 0
5634 497978776 17 0
5658 497984434 6 0
11783 497996217 29 0
6125 498002342 24 0
5658 498008000 9 0
5657 498013657 29 0
11782 498025439 28 0
6138 498031577 16 0
5658 498037235 11 0
5658 498042893 9 0
11819 498054712 31 0
6138 498060850 15 0
5645 498066495 21 0
5652 498072147 15 0
11773 498083920 40 0
6151 498090071 17 0
5658 498095729 9 0
5651 498101380 15 0
11765 498113145 31 0
6138 498119283 12 0
5628 498124911 16 0
5658 498130569 7 0
11813 498142382 23 0
6127 498148509 21 0
5658 498154167 9 0
5651 498159818 25 0
11810 498171628 28 0
6151 498177779 15 0
5649 498183428 18 0
5658 498189086 7 0
11793 498200879 49 0
6138 498207017 16 0
5658 498212675 9 0
5644 498218319 25 0
11842 498230161 31 0
6126 498236287 18 0
7034 498243321 34 0
5634 498248955 17 0
11787 498260742 28 0
6138 498266880 17 0
5616 498272496 17 0
5658 498278154 14 0
11830 498289984 22 0
6126 498296110 26 0
6115 498302225 22 0
5639 498307864 17 0
11760 498319624 28 0
6151 498325775 15 0
5652 498331427 14 0
5646 498337073 14 0
11812 498348885 26 0
6138 498355023 15 0
5658 498360681 10 0
5658 498366339 12 0
11809 498378148 44 0
6132 498384280 17 0
5658 498389938 10 0
5658 498395596 11 0
11775 498407371 32 0
6151 498413522 15 0
5644 498419166 20 0
5651 498424817 25 0
11809 498436626 50 0
6138 498442764 13 0
5658 498448422 11 0
5645 498454067 16 0
11804 498465871 41 0
6132 498472003 17 0
5650 498477653 22 0
5640 498483293 14 0
11781 498495074 36 0
6138 498501212 16 0
5622 498506834 19 0
5658 498512492 10 0
11819 498524311 54 0
6118 498530429 29 0
5616 498536045 17 0
5645 498541690 18 0
11783 498553473 42 1
14333 498567806 285 18
5634 498573440 38 0
577743 499151183 10610 316
340509 499491692 5376 130
6664 499498356 85 0
10126 499508482 310 3
6710 499515192 44 0
16597 499531789 164 1
7872 499539661 132 0
6662 499546323 31 0
5649 499551972 19 0
3119275 3119275 60317 178
10904412 14023687 69525 1776
19532588 33556275 18803 725
18665594 52221869 23896 1272
19501612 71723481 18811 567
19744233 91467714 18825 753
19665691 111133405 18333 752
18481544 129614949 25784 1422
19350364 148965313 18889 536
19929626 168894939 18961 1061
19740558 188635497 21132 90
19594960 208230457 20001 1251
19688135 227918592 19702 948
19659283 247577875 19135 560
18309488 265887363 24790 964
19448527 285335890 19611 568
19375319 304711209 18901 1374
19763630 324474839 19121 602
19802678 344277517 19055 1820
19662774 363940291 19113 861
19914410 383854701 18179 405
19697936 403552637 18628 1288
19830512 423383149 18382 750
19740871 443124020 19319 821
19697964 462821984 18684 2037
19727946 482549930 18611 2272
11145059 493694989 28819 39
2636429 496331418 7009 18
5658 496337076 16 0
5661 496342737 21 0
6137 496348874 27 0
11783 496360657 28 0
5658 496366315 9 0
5649 496371964 24 0
6160 496378124 12 0
11789 496389913 33 0
5658 496395571 25 0
5658 496401229 8 0
6173 496407402 16 0
11787 496419189 34 0
5658 496424847 10 0
5658 496430505 7 0
6154 496436659 18 0
11800 496448459 36 0
5639 496454098 25 0
5658 496459756 12 0
6130 496465886 25 0
11786 496477672 46 0
5652 496483324 21 0
5658 496488982 10 0
6155 496495137 19 0
11770 496506907 34 0
5658 496512565 11 0
5631 496518196 22 0
6160 496524356 17 0
20865 496545221 327 3
7011 496552232 117 0
5658 496557890 14 0
6118 496564008 27 0
11758 496575766 34 0
5651 496581417 21 0
5658 496587075 10 0
6162 496593237 28 0
11796 496605033 22 0
5658 496610691 13 0
5658 496616349 8 0
6160 496622509 15 0
11796 496634305 20 0
5627 496639932 19 0
5620 496645552 17 0
6162 496651714 23 0
11796 496663510 25 0
5633 496669143 20 0
5658 496674801 11 0
6142 496680943 19 0
11809 496692752 22 0
5633 496698385 23 0
5658 496704043 10 0
11823 496715866 37 0
6120 496721986 21 0
5634 496727620 14 0
5658 496733278 11 0
11783 496745061 42 0
6114 496751175 29 0
5652 496756827 15 0
5658 496762485 9 0
11793 496774278 36 0
6113 496780391 26 0
5651 496786042 18 0
5650 496791692 26 0
11794 496803486 26 0
6138 496809624 18 0
5658 496815282 11 0
5658 496820940 11 0
11819 496832759 30 0
6138 496838897 15 0
5651 496844548 10 0
5652 496850200 12 0
12984 496863184 63 0
6662 496869846 36 0
6333 496876179 15 0
5642 496881821 15 0
12293 496894114 50 0
6138 496900252 16 0
6085 496906337 25 0
6116 496912453 16 0
12244 496924697 34 0
7473 496932170 42 0
6085 496938255 27 0
6103 496944358 27 0
12212 496956570 35 0
6110 496962680 20 0
6116 496968796 20 0
5658 496974454 13 0
12267 496986721 28 0
6116 496992837 14 0
6116 496998953 15 0
6079 497005032 23 0
11774 497016806 22 0
6145 497022951 23 0
6116 497029067 15 0
6098 497035165 18 0
12225 497047390 39 0
6116 497053506 16 0
6116 497059622 17 0
5634 497065256 21 0
11831 497077087 48 0
6138 497083225 16 0
5616 497088841 19 0
5658 497094499 10 0
11777 497106276 47 0
6132 497112408 21 0
5640 497118048 12 0
5658 497123706 12 0
11782 497135488 38 0
6138 497141626 15 0
5645 497147271 16 0
5655 497152926 25 0
11780 497164706 29 0
6151 497170857 14 0
5631 497176488 23 0
5658 497182146 7 0
11803 497193949 31 0
6138 497200087 17 0
5632 497205719 22 0
5677 497211396 33 0
11821 497223217 34 0
6132 497229349 21 0
5634 497234983 15 0
5658 497240641 9 0
11793 497252434 33 0
6151 497258585 15 0
6095 497264680 25 0
5652 497270332 15 0
11772 497282104 36 0
6125 497288229 25 0
5634 497293863 22 0
5651 497299514 13 0
13172 497312686 42 0
6138 497318824 17 0
5628 497324452 18 0
5657 497330109 13 0
11754 497341863 34 0
6132 497347995 18 0
5652 497353647 12 0
5643 497359290 21 0
11776 497371066 32 0
6138 497377204 13 0
5652 497382856 9 0
5658 497388514 8 0
11803 497400317 28 0
6134 497406451 22 0
5658 497412109 10 0
5658 497417767 10 0
11782 497429549 35 0
6138 497435687 18 0
5622 497441309 17 0
5657 497446966 18 0
11824 497458790 41 0
6113 497464903 21 0
5646 497470549 13 0
5651 497476200 10 0
11831 497488031 40 0
6145 497494176 32 0
5658 497499834 11 0
5661 497505495 25 0
11814 497517309 45 0
6101 497523410 23 0
5652 497529062 9 0
5657 497534719 18 0
11841 497546560 43 0
6138 497552698 16 0
5658 497558356 13 0
5658 497564014 13 0
11794 497575808 52 0
6138 497581946 16 0
5633 497587579 22 0
5651 497593230 18 0
11824 497605054 25 0
6114 497611168 24 0
5658 497616826 12 0
5650 497622476 14 0
11820 497634296 40 0
6113 497640409 28 0
5656 497646065 25 0
5651 497651716 20 0
11813 497663529 44 0
6138 497669667 17 0
5628 497675295 17 0
5657 497680952 28 0
13160 497694112 42 0
6131 497700243 22 0
5639 497705882 21 0
5658 497711540 12 0
11776 497723316 32 0
6113 497729429 27 0
5632 497735061 18 0
5645 497740706 25 0
11786 497752492 40 0
6138 497758630 15 0
5668 497764298 25 0
5656 497769954 22 0
11837 497781791 37 0
6126 497787917 22 0
6115 497794032 23 0
5658 497799690 10 0
11789 497811479 30 0
6138 497817617 18 0
5631 497823248 21 0
5651 497828899 20 0
11810 497840709 43 0
6132 497846841 18 0
5658 497852499 12 0
5633 497858132 16 0
11794 497869926 38 0
6109 497876035 21 0
5634 497881669 17 0
5652 497887321 12 0
11818 497899139 27 0
6125 497905264 21 0
5638 497910902 20 0
5658 497916560 11 0
11813 497928373 25 0
6138 497934511 17 0
5650 497940161 23 0
5650 497945811 18 0
11818 497957629 21 0
6145 497963774 19 0
5652 497969426 15 0
5658 497975084 12 0
11792 497986876 30 0
6138 497993014 18 0
5658 497998672 9 0
5644 498004316 17 0
11788 498016104 26 0
6138 498022242 17 0
5658 498027900 14 0
5658 498033558 12 0
11811 498045369 22 0
6138 498051507 16 0
5639 498057146 18 0
7035 498064181 30 0
11805 498075986 36 0
6138 498082124 33 0
5658 498087782 10 0
5652 498093434 25 0
11761 498105195 39 0
6151 498111346 18 0
5633 498116979 16 0
5656 498122635 30 0
11811 498134446 29 0
6120 498140566 20 0
5658 498146224 10 0
5672 498151896 28 0
11812 498163708 41 0
6138 498169846 17 0
5658 498175504 8 0
5658 498181162 10 0
11786 498192948 44 0
6151 498199099 14 0
5643 498204742 22 0
5658 498210400 10 0
11808 498222208 35 0
6129 498228337 31 0
5633 498233970 16 0
5627 498239597 19 0
11783 498251380 38 0
6143 498257523 35 0
5634 498263157 17 0
5658 498268815 12 0
11796 498280611 33 0
6138 498286749 16 0
5645 498292394 21 0
5658 498298052 11 0
11830 498309882 34 0
6131 498316013 23 0
5658 498321671 17 0
5658 498327329 11 0
11792 498339121 36 0
6143 498345264 27 0
5658 498350922 10 0
5652 498356574 14 0
11810 498368384 50 0
6138 498374522 16 0
5662 498380184 20 0
5658 498385842 14 0
11803 498397645 35 0
6138 498403783 12 0
5658 498409441 10 0
5651 498415092 19 0
11833 498426925 46 0
6144 498433069 25 0
7022 498440091 28 0
5652 498445743 15 0
11806 498457549 28 0
6126 498463675 22 0
5658 498469333 10 0
5656 498474989 23 0
11831 498486820 24 0
6120 498492940 21 0
5658 498498598 13 0
5657 498504255 14 0
11806 498516061 48 0
6119 498522180 22 0
5645 498527825 26 0
5658 498533483 10 0
11820 498545303 37 0
6138 498551441 15 0
5627 498557068 17 0
5650 498562718 24 0
11816 498574534 34 0
6151 498580685 16 0
5651 498586336 14 0
8997 498595333 170 1
890442 499485775 15081 387
6703 499492478 58 0
6438 499498916 29 0
6651 499505567 41 0
497071 500002638 468 20
6723 500009361 35 0
6668 500016029 27 0
5643 500021672 20 0
2058196 2058196 46283 105
8882674 10940870 81689 1725
19269558 30210428 19464 959
19326115 49536543 21118 1163
18996645 68533188 20861 763
19622863 88156051 17978 608
19626685 107782736 18234 945
19130479 126913215 24648 1135
19040135 145953350 18886 536
19746834 165700184 18377 784
19410484 185110668 18408 356
19598906 204709574 21396 845
19676249 224385823 18978 1458
19589127 243974950 18747 404
18862614 262837564 25332 1038
19458744 282296308 21311 617
18929442 301225750 20122 1311
19667857 320893607 19959 860
19693579 340587186 21505 1330
19710792 360297978 21545 1404
19776689 380074667 20969 549
19759957 399834624 20584 890
19755852 419590476 20806 981
19665032 439255508 21486 676
19681820 458937328 20605 1752
19704285 478641613 20581 2307
13615698 492257311 29996 309
4095697 496353008 9040 23
5658 496358666 24 0
5657 496364323 19 0
6173 496370496 17 0
11753 496382249 29 0
5658 496387907 10 0
5628 496393535 15 0
6154 496399689 18 0
11760 496411449 29 0
5645 496417094 15 0
5652 496422746 10 0
6148 496428894 22 0
11683 496440577 55 0
5657 496446234 21 0
5645 496451879 18 0
6159 496458038 20 0
11770 496469808 36 0
5658 496475466 10 0
5645 496481111 22 0
6128 496487239 25 0
11761 496499000 45 0
5634 496504634 17 0
5656 496510290 29 0
6131 496516421 24 0
11772 496528193 35 0
5640 496533833 18 0
5658 496539491 9 0
6129 496545620 23 0
11772 496557392 41 0
5652 496563044 13 0
5652 496568696 15 0
6148 496574844 20 0
11760 496586604 32 0
5642 496592246 22 0
5658 496597904 9 0
6173 496604077 17 0
11803 496615880 47 0
5658 496621538 11 0
5658 496627196 8 0
6142 496633338 19 0
11793 496645131 40 0
5658 496650789 9 0
5658 496656447 9 0
6173 496662620 20 0
11775 496674395 37 0
5637 496680032 22 0
5657 496685689 16 0
6148 496691837 19 0
11809 496703646 21 0
5652 496709298 16 0
5632 496714930 24 0
6129 496721059 30 0
13113 496734172 60 0
5656 496739828 26 0
5636 496745464 25 0
15242 496760706 301 4
11777 496772483 50 0
5643 496778126 26 0
5642 496783768 22 0
6156 496789924 28 0
11801 496801725 46 0
5648 496807373 29 0
5658 496813031 10 0
6154 496819185 23 0
11788 496830973 49 0
5640 496836613 46 0
5658 496842271 20 0
6173 496848444 17 0
11754 496860198 31 0
5658 496865856 13 0
5646 496871502 14 0
6160 496877662 20 0
12944 496890606 84 0
6355 496896961 25 0
6335 496903296 36 0
6636 496909932 24 0
11782 496921714 44 0
6086 496927800 26 0
6084 496933884 29 0
6116 496940000 17 0
12257 496952257 45 0
6086 496958343 21 0
6081 496964424 24 0
6086 496970510 22 0
12219 496982729 37 0
6080 496988809 23 0
6116 496994925 25 0
6116 497001041 15 0
12231 497013272 38 0
6116 497019388 14 0
6101 497025489 32 0
6109 497031598 22 0
11771 497043369 35 0
6116 497049485 15 0
5658 497055143 10 0
6119 497061262 22 0
11796 497073058 27 0
5626 497078684 22 0
5658 497084342 8 0
6173 497090515 14 0
11801 497102316 33 0
5638 497107954 16 0
5658 497113612 7 0
7530 497121142 32 0
11778 497132920 35 0
5655 497138575 22 0
5657 497144232 23 0
6148 497150380 22 0
11784 497162164 27 0
5658 497167822 12 0
5658 497173480 17 0
6160 497179640 18 0
11803 497191443 25 0
6115 497197558 22 0
5658 497203216 11 0
6105 497209321 27 0
11778 497221099 23 0
6116 497227215 17 0
5632 497232847 24 0
6124 497238971 26 0
11795 497250766 23 0
6104 497256870 20 0
5652 497262522 9 0
11789 497274311 34 0
6145 497280456 20 0
6107 497286563 27 0
5658 497292221 11 0
11756 497303977 39 0
6138 497310115 17 0
5639 497315754 14 0
5657 497321411 21 0
11860 497333271 33 0
6138 497339409 15 0
5633 497345042 15 0
5646 497350688 19 0
11759 497362447 46 0
6107 497368554 21 0
5640 497374194 15 0
5656 497379850 24 0
11823 497391673 30 0
6119 497397792 21 0
5640 497403432 12 0
5634 497409066 15 0
11799 497420865 32 0
6147 497427012 28 0
5650 497432662 18 0
5627 497438289 19 0
11799 497450088 32 0
6138 497456226 17 0
5658 497461884 12 0
5646 497467530 14 0
11779 497479309 32 0
6138 497485447 17 0
5658 497491105 10 0
7029 497498134 24 0
11800 497509934 28 0
6151 497516085 13 0
5652 497521737 9 0
5658 497527395 9 0
11796 497539191 43 0
6106 497545297 26 0
5639 497550936 18 0
5649 497556585 26 0
11831 497568416 27 0
6120 497574536 24 0
5658 497580194 13 0
5658 497585852 12 0
11812 497597664 28 0
6102 497603766 24 0
5652 497609418 18 0
5658 497615076 8 0
11834 497626910 41 0
6138 497633048 16 0
5634 497638682 14 0
5652 497644334 10 0
11799 497656133 40 0
6151 497662284 16 0
5658 497667942 12 0
5658 497673600 10 0
11803 497685403 32 0
6138 497691541 13 0
5628 497697169 17 0
5658 497702827 9 0
11809 497714636 34 0
6108 497720744 22 0
5628 497726372 17 0
5639 497732011 15 0
11815 497743826 29 0
6151 497749977 17 0
5658 497755635 8 0
5658 497761293 7 0
11821 497773114 36 0
6138 497779252 16 0
5658 497784910 9 0
5658 497790568 10 0
11780 497802348 36 0
6145 497808493 18 0
5658 497814151 10 0
5652 497819803 26 0
11770 497831573 33 0
6138 497837711 15 0
5633 497843344 13 0
5651 497848995 11 0
11824 497860819 29 0
6120 497866939 24 0
7035 497873974 22 0
5648 497879622 31 0
11818 497891440 17 0
6143 497897583 29 0
5633 497903216 17 0
5658 497908874 10 0
11756 497920630 35 0
6138 497926768 16 0
5658 497932426 8 0
5658 497938084 13 0
11794 497949878 33 0
6102 497955980 21 0
5658 497961638 10 0
5658 497967296 10 0
11814 497979110 36 0
6151 497985261 14 0
5637 497990898 23 0
5658 497996556 9 0
11786 498008342 39 0
6102 498014444 24 0
5652 498020096 14 0
5652 498025748 22 0
11793 498037541 30 0
6090 498043631 24 0
5651 498049282 18 0
5658 498054940 8 0
11807 498066747 41 0
6114 498072861 22 0
5646 498078507 13 0
5657 498084164 15 0
11844 498096008 21 0
6138 498102146 14 0
5638 498107784 22 0
5658 498113442 10 0
11793 498125235 36 0
6126 498131361 21 0
5652 498137013 12 0
5652 498142665 15 0
11758 498154423 30 0
6138 498160561 17 0
5649 498166210 22 0
5649 498171859 22 0
11830 498183689 38 0
6124 498189813 22 0
5651 498195464 14 0
5652 498201116 11 0
11827 498212943 41 0
6151 498219094 15 0
5658 498224752 11 0
5658 498230410 8 0
11779 498242189 37 0
7515 498249704 26 0
5637 498255341 21 0
5658 498260999 18 0
11782 498272781 29 0
6138 498278919 12 0
5633 498284552 15 0
5646 498290198 12 0
11780 498301978 45 0
6132 498308110 19 0
5658 498313768 9 0
5643 498319411 18 0
11825 498331236 38 0
6130 498337366 22 0
5610 498342976 16 0
5626 498348602 22 0
11798 498360400 39 0
6127 498366527 24 0
5658 498372185 10 0
5658 498377843 8 0
11785 498389628 37 0
6138 498395766 14 0
5649 498401415 19 0
5657 498407072 12 0
11812 498418884 24 0
6125 498425009 22 0
5673 498430682 29 0
5634 498436316 18 0
11809 498448125 40 0
6139 498454264 20 0
5640 498459904 14 0
5646 498465550 16 0
11817 498477367 31 0
6138 498483505 16 0
5652 498489157 14 0
5652 498494809 13 0
11788 498506597 37 0
6138 498512735 13 0
5646 498518381 17 0
5662 498524043 24 0
11806 498535849 28 0
6121 498541970 23 0
5627 498547597 19 0
5633 498553230 20 0
11812 498565042 31 0
6138 498571180 17 0
5622 498576802 18 0
5657 498582459 14 0
11756 498594215 39 0
6124 498600339 31 0
5644 498605983 19 0
901159 499507142 14685 407
15220 499522362 826 1
6381 499528743 34 0
12288 499541031 335 9
6668 499547699 40 0
13413 499561112 47 0
8252 499569364 170 2
6601 499575965 35 0
6366 499582331 23 0
13459 499595790 62 0
2320263 2320263 49798 210
10050338 12370601 79363 2170
19289958 31660559 18724 857
13439286 45099845 17133 780
19093168 64193013 18228 606
19650961 83843974 18575 602
19049338 102893312 23825 1626
19055210 121948522 18737 611
19293471 141241993 18434 873
19706301 160948294 21204 605
19844141 180792435 18929 575
19645734 200438169 18964 380
19730355 220168524 19111 2109
19593482 239762006 20331 363
18328369 258090375 23618 1169
19435983 277526358 19114 530
19365958 296892316 19373 1425
19677970 316570286 19911 1078
19765858 336336144 19314 1113
19761347 356097491 19105 1909
19710806 375808297 18855 547
19809538 395617835 19531 917
19719514 415337349 19243 1493
19730757 435068106 18984 626
19729767 454797873 19064 1228
19682271 474480144 19619 2527
16708866 491189010 32535 964
6093333 497282343 11507 18
6139 497288482 335 1
11771 497300253 46 0
5633 497305886 21 0
5658 497311544 13 0
6118 497317662 19 0
11736 497329398 38 0
5658 497335056 9 0
5651 497340707 22 0
6135 497346842 25 0
11760 497358602 40 0
5658 497364260 11 0
5658 497369918 8 0
6160 497376078 13 0
11790 497387868 41 0
5651 497393519 14 0
5651 497399170 19 0
6160 497405330 16 0
11769 497417099 38 0
5658 497422757 9 0
5646 497428403 19 0
6173 497434576 22 0
13147 497447723 114 0
5658 497453381 9 0
5658 497459039 7 0
6152 497465191 20 0
11809 497477000 18 0
5626 497482626 19 0
5646 497488272 23 0
6154 497494426 17 0
11782 497506208 27 0
5640 497511848 11 0
5658 497517506 14 0
6179 497523685 17 0
11762 497535447 33 0
5656 497541103 23 0
5668 497546771 32 0
6160 497552931 13 0
11790 497564721 28 0
5658 497570379 9 0
5658 497576037 10 0
6161 497582198 23 0
11784 497593982 29 0
5640 497599622 12 0
5650 497605272 20 0
6117 497611389 24 0
11784 497623173 34 0
5658 497628831 9 0
5658 497634489 9 0
6155 497640644 16 0
11793 497652437 42 0
5639 497658076 17 0
5658 497663734 9 0
6125 497669859 21 0
11765 497681624 42 0
5635 497687259 13 0
5658 497692917 9 0
6146 497699063 26 0
11809 497710872 23 0
5668 497716540 29 0
5658 497722198 8 0
6112 497728310 19 0
11774 497740084 31 0
5658 497745742 9 0
5658 497751400 11 0
6165 497757565 25 0
11790 497769355 27 0
5658 497775013 18 0
5658 497780671 15 0
6160 497786831 17 0
11759 497798590 33 0
5652 497804242 13 0
5658 497809900 11 0
15794 497825694 397 1
14313 497840007 97 0
6308 497846315 24 0
5649 497851964 12 0
6596 497858560 31 0
12227 497870787 31 0
6103 497876890 22 0
6118 497883008 31 0
6116 497889124 18 0
12194 497901318 46 0
6110 497907428 24 0
6121 497913549 28 0
6108 497919657 27 0
12202 497931859 32 0
6098 497937957 23 0
6088 497944045 24 0
6116 497950161 18 0
12208 497962369 41 0
6116 497968485 15 0
5643 497974128 28 0
6120 497980248 18 0
12214 497992462 36 0
6091 497998553 25 0
5627 498004180 20 0
6125 498010305 25 0
11776 498022081 29 0
5658 498027739 12 0
5658 498033397 14 0
6160 498039557 14 0
11792 498051349 35 0
5658 498057007 10 0
5658 498062665 8 0
6131 498068796 20 0
11796 498080592 20 0
5658 498086250 10 0
5652 498091902 13 0
6160 498098062 16 0
11796 498109858 26 0
5658 498115516 9 0
5658 498121174 7 0
11788 498132962 34 0
6125 498139087 19 0
5639 498144726 16 0
5658 498150384 8 0
11831 498162215 27 0
6102 498168317 22 0
5650 498173967 26 0
5662 498179629 27 0
11794 498191423 34 0
6141 498197564 28 0
5651 498203215 23 0
5644 498208859 22 0
13193 498222052 55 0
6113 498228165 24 0
5658 498233823 15 0
5658 498239481 16 0
11815 498251296 33 0
6138 498257434 17 0
5620 498263054 20 0
5658 498268712 10 0
11818 498280530 18 0
6138 498286668 24 0
5646 498292314 18 0
5646 498297960 19 0
11794 498309754 30 0
6132 498315886 24 0
6116 498322002 20 0
5640 498327642 19 0
11794 498339436 24 0
6145 498345581 18 0
6115 498351696 26 0
5647 498357343 15 0
11764 498369107 32 0
6138 498375245 17 0
5658 498380903 11 0
5645 498386548 26 0
11830 498398378 34 0
6138 498404516 15 0
5658 498410174 12 0
5661 498415835 25 0
11806 498427641 25 0
6151 498433792 15 0
5645 498439437 17 0
5658 498445095 10 0
11831 498456926 43 0
6138 498463064 14 0
5632 498468696 19 0
5658 498474354 9 0
11830 498486184 30 0
6106 498492290 24 0
5658 498497948 14 0
5658 498503606 10 0
11819 498515425 40 0
6138 498521563 12 0
5658 498527221 11 0
5641 498532862 23 0
11822 498544684 34 0
6138 498550822 14 0
5633 498556455 17 0
5658 498562113 11 0
11807 498573920 37 1
14351 498588271 249 25
5634 498593905 36 0
7035 498600940 23 0
11800 498612740 37 0
6106 498618846 28 0
5658 498624504 11 0
5658 498630162 13 0
11805 498641967 35 0
6138 498648105 18 0
5640 498653745 19 0
5658 498659403 13 0
11792 498671195 44 0
6151 498677346 16 0
5656 498683002 30 0
5658 498688660 12 0
11811 498700471 28 0
6138 498706609 17 0
5643 498712252 22 0
5638 498717890 23 0
11816 498729706 35 0
6108 498735814 19 0
5620 498741434 21 0
5658 498747092 12 0
11817 498758909 37 0
6138 498765047 14 0
5649 498770696 28 0
5658 498776354 10 0
11827 498788181 37 0
6122 498794303 24 0
5634 498799937 23 0
5658 498805595 13 0
11812 498817407 25 0
6138 498823545 22 0
5639 498829184 18 0
5651 498834835 24 0
11798 498846633 43 0
6138 498852771 17 0
5658 498858429 11 0
5669 498864098 21 0
11830 498875928 34 0
6132 498882060 19 0
5646 498887706 15 0
5658 498893364 10 0
11817 498905181 24 0
6171 498911352 15 0
5658 498917010 15 0
5657 498922667 14 0
11788 498934455 24 0
6138 498940593 17 0
5658 498946251 12 0
5658 498951909 11 0
11807 498963716 34 0
6132 498969848 18 0
7035 498976883 22 0
5658 498982541 13 0
11812 498994353 26 0
6138 499000491 19 0
5652 499006143 14 0
5658 499011801 13 0
11825 499023626 28 0
6138 499029764 17 0
5658 499035422 13 0
5658 499041080 12 0
11818 499052898 24 0
6151 499059049 17 0
5652 499064701 15 0
5658 499070359 12 0
11812 499082171 23 0
6138 499088309 17 0
5658 499093967 8 0
5658 499099625 8 0
11831 499111456 27 0
6138 499117594 16 0
5658 499123252 14 0
5658 499128910 13 0
11817 499140727 22 0
6151 499146878 20 0
5658 499152536 14 0
5658 499158194 12 0
11818 499170012 25 0
6138 499176150 20 0
5634 499181784 15 0
5658 499187442 8 0
11803 499199245 39 0
6138 499205383 18 0
5658 499211041 11 0
5646 499216687 13 0
11817 499228504 37 0
6132 499234636 20 0
5658 499240294 12 0
5658 499245952 13 0
11818 499257770 35 0
6138 499263908 19 0
5628 499269536 18 0
5652 499275188 15 0
11805 499286993 33 0
6164 499293157 18 0
5658 499298815 12 0
5658 499304473 8 0
11800 499316273 36 0
6138 499322411 17 0
5646 499328057 17 0
5658 499333715 13 0
11803 499345518 43 0
7484 499353002 35 0
5658 499358660 14 0
5651 499364311 14 0
11799 499376110 33 0
6145 499382255 22 0
5658 499387913 14 0
5658 499393571 19 0
11811 499405382 38 0
6126 499411508 21 0
5652 499417160 13 0
5658 499422818 13 0
11831 499434649 22 0
6138 499440787 19 0
5658 499446445 9 0
5646 499452091 14 0
11800 499463891 26 0
6138 499470029 18 0
5658 499475687 18 0
5658 499481345 13 0
12713 499494058 112 5
6132 499500190 19 0
5658 499505848 14 0
5663 499511511 18 0
11818 499523329 22 0
6151 499529480 15 0
5658 499535138 14 0
5658 499540796 8 0
11764 499552560 38 0
6126 499558686 21 0
925875 500484561 16238 407
6678 500491239 375 0
16915 500508154 397 6
6644 500514798 47 0
8380 500523178 46 1
6393 500529571 21 0
14712 500544283 171 0
6108 500550391 27 0
