4112311, 4112311, 76783, 564, 14
13201691, 17314002, 58540, 5393, 8
19821362, 37135364, 17404, 2806, 7
18846267, 55981631, 23773, 2218, 7
19433481, 75415112, 18907, 1438, 3
19561308, 94976420, 20235, 2389, 7
19586983, 114563403, 18943, 2406, 7
18780015, 133343418, 24772, 3649, 7
19463281, 152806699, 19126, 2003, 3
19439437, 172246136, 19675, 2677, 7
19580188, 191826324, 20366, 1049, 3
19608111, 211434435, 19801, 3263, 7
19672206, 231106641, 19344, 2660, 7
19610654, 250717295, 19771, 1689, 3
18746986, 269464281, 24178, 2917, 7
19081755, 288546036, 20167, 1863, 3
19351895, 307897931, 19916, 2495, 7
19547663, 327445594, 19932, 2696, 7
19759222, 347204816, 19278, 3691, 7
19610548, 366815364, 18878, 2800, 7
19722338, 386537702, 19325, 2031, 3
19624561, 406162263, 19548, 3669, 7
19757563, 425919826, 18579, 1754, 3
19703493, 445623319, 18898, 2947, 7
19646566, 465269885, 18978, 3951, 7
18642187, 483912072, 28149, 3849, 7
10853014, 494765086, 19475, 57, 12
1570776, 496335862, 4827, 85, 5
5646, 496341508, 28, 0, 1
11782, 496353290, 31, 0, 1
5658, 496358948, 14, 0, 1
6138, 496365086, 18, 0, 1
5621, 496370707, 21, 0, 1
11810, 496382517, 47, 0, 1
5658, 496388175, 11, 0, 1
6147, 496394322, 40, 0, 1
5658, 496399980, 11, 0, 1
11770, 496411750, 35, 0, 1
5650, 496417400, 18, 0, 1
6138, 496423538, 16, 0, 1
5646, 496429184, 14, 0, 1
11829, 496441013, 44, 0, 1
5652, 496446665, 14, 0, 1
6138, 496452803, 17, 0, 1
5627, 496458430, 20, 0, 1
11809, 496470239, 48, 0, 1
5658, 496475897, 19, 0, 1
6143, 496482040, 24, 0, 1
5638, 496487678, 27, 0, 1
11792, 496499470, 51, 0, 1
6374, 496505844, 43, 0, 1
6597, 496512441, 37, 0, 1
6347, 496518788, 31, 0, 1
12982, 496531770, 41, 0, 1
5640, 496537410, 24, 0, 1
6138, 496543548, 23, 0, 1
5638, 496549186, 23, 0, 1
11782, 496560968, 38, 0, 1
5640, 496566608, 14, 0, 1
6130, 496572738, 26, 0, 1
5658, 496578396, 10, 0, 1
11775, 496590171, 42, 0, 1
5657, 496595828, 23, 0, 1
6121, 496601949, 29, 0, 1
5645, 496607594, 17, 0, 1
11800, 496619394, 31, 0, 1
5652, 496625046, 14, 0, 1
6138, 496631184, 15, 0, 1
5649, 496636833, 24, 0, 1
11792, 496648625, 37, 0, 1
5658, 496654283, 13, 0, 1
6138, 496660421, 17, 0, 1
6110, 496666531, 20, 0, 1
11754, 496678285, 29, 0, 1
5651, 496683936, 13, 0, 1
6138, 496690074, 17, 0, 1
5652, 496695726, 21, 0, 1
13195, 496708921, 79, 0, 1
5652, 496714573, 31, 0, 1
6118, 496720691, 26, 0, 1
5658, 496726349, 12, 0, 1
11794, 496738143, 34, 0, 1
5644, 496743787, 29, 0, 1
6138, 496749925, 17, 0, 1
5626, 496755551, 19, 0, 1
11811, 496767362, 26, 0, 1
5652, 496773014, 19, 0, 1
6113, 496779127, 21, 0, 1
5625, 496784752, 19, 0, 1
11786, 496796538, 30, 0, 1
5658, 496802196, 11, 0, 1
6127, 496808323, 21, 0, 1
5658, 496813981, 13, 0, 1
11800, 496825781, 46, 0, 1
5658, 496831439, 11, 0, 1
6129, 496837568, 27, 0, 1
5658, 496843226, 13, 0, 1
11812, 496855038, 33, 0, 1
5628, 496860666, 22, 0, 1
6665, 496867331, 24, 0, 1
6332, 496873663, 25, 0, 1
12303, 496885966, 40, 0, 1
6333, 496892299, 28, 0, 1
6601, 496898900, 20, 0, 1
6145, 496905045, 36, 0, 1
11784, 496916829, 25, 0, 1
6116, 496922945, 17, 0, 1
6103, 496929048, 21, 0, 1
6104, 496935152, 28, 0, 1
12226, 496947378, 36, 0, 1
6129, 496953507, 19, 0, 1
6097, 496959604, 22, 0, 1
6110, 496965714, 20, 0, 1
12232, 496977946, 31, 0, 1
6101, 496984047, 29, 0, 1
6107, 496990154, 37, 0, 1
6109, 496996263, 29, 0, 1
21265, 497017528, 390, 6, 1
6078, 497023606, 29, 0, 1
6104, 497029710, 24, 0, 1
6116, 497035826, 16, 0, 1
11796, 497047622, 28, 0, 1
5667, 497053289, 32, 0, 1
6151, 497059440, 20, 0, 1
5665, 497065105, 35, 0, 1
11795, 497076900, 46, 0, 1
5632, 497082532, 25, 0, 1
6138, 497088670, 21, 0, 1
5626, 497094296, 25, 0, 1
13230, 497107526, 64, 0, 1
5658, 497113184, 14, 0, 1
6138, 497119322, 17, 0, 1
5643, 497124965, 24, 0, 1
11800, 497136765, 28, 0, 1
5656, 497142421, 25, 0, 1
6138, 497148559, 17, 0, 1
5634, 497154193, 23, 0, 1
11819, 497166012, 31, 0, 1
5645, 497171657, 29, 0, 1
6118, 497177775, 30, 0, 1
5658, 497183433, 34, 0, 1
11788, 497195221, 32, 0, 1
5656, 497200877, 25, 0, 1
6126, 497207003, 26, 0, 1
5658, 497212661, 13, 0, 1
11800, 497224461, 36, 0, 1
5647, 497230108, 29, 0, 1
6147, 497236255, 41, 0, 1
5643, 497241898, 21, 0, 1
11817, 497253715, 31, 0, 1
5645, 497259360, 18, 0, 1
6132, 497265492, 15, 0, 1
5646, 497271138, 19, 0, 1
11793, 497282931, 36, 0, 1
5658, 497288589, 12, 0, 1
6142, 497294731, 24, 0, 1
5652, 497300383, 15, 0, 1
11810, 497312193, 31, 0, 1
5646, 497317839, 15, 0, 1
6132, 497323971, 22, 0, 1
5637, 497329608, 24, 0, 1
11806, 497341414, 34, 0, 1
5658, 497347072, 12, 0, 1
6120, 497353192, 23, 0, 1
5616, 497358808, 18, 0, 1
11816, 497370624, 36, 0, 1
5643, 497376267, 30, 0, 1
6120, 497382387, 24, 0, 1
11280, 497393667, 44, 0, 1
6173, 497399840, 17, 0, 1
5652, 497405492, 17, 0, 1
6137, 497411629, 29, 0, 1
11282, 497422911, 44, 0, 1
6112, 497429023, 24, 0, 1
5658, 497434681, 14, 0, 1
6155, 497440836, 35, 0, 1
11315, 497452151, 26, 0, 1
6134, 497458285, 27, 0, 1
5645, 497463930, 20, 0, 1
6138, 497470068, 18, 0, 1
12675, 497482743, 54, 0, 1
6167, 497488910, 23, 0, 1
5658, 497494568, 19, 0, 1
6138, 497500706, 15, 0, 1
11307, 497512013, 37, 0, 1
6160, 497518173, 19, 0, 1
5632, 497523805, 21, 0, 1
6176, 497529981, 37, 0, 1
11311, 497541292, 36, 0, 1
6160, 497547452, 18, 0, 1
5643, 497553095, 24, 0, 1
6131, 497559226, 30, 0, 1
11257, 497570483, 34, 0, 1
6152, 497576635, 27, 0, 1
5651, 497582286, 20, 0, 1
6108, 497588394, 22, 0, 1
11300, 497599694, 46, 0, 1
6160, 497605854, 17, 0, 1
5639, 497611493, 16, 0, 1
6096, 497617589, 22, 0, 1
11293, 497628882, 37, 0, 1
6173, 497635055, 18, 0, 1
5652, 497640707, 16, 0, 1
6126, 497646833, 21, 0, 1
11304, 497658137, 31, 0, 1
6160, 497664297, 15, 0, 1
5652, 497669949, 17, 0, 1
6143, 497676092, 29, 0, 1
11315, 497687407, 30, 0, 1
6123, 497693530, 22, 0, 1
5658, 497699188, 11, 0, 1
6138, 497705326, 18, 0, 1
11298, 497716624, 39, 0, 1
6173, 497722797, 18, 0, 1
5657, 497728454, 31, 0, 1
6125, 497734579, 25, 0, 1
11316, 497745895, 19, 0, 1
6160, 497752055, 15, 0, 1
5663, 497757718, 28, 0, 1
6139, 497763857, 29, 0, 1
11298, 497775155, 24, 0, 1
6160, 497781315, 21, 0, 1
6116, 497787431, 25, 0, 1
6098, 497793529, 24, 0, 1
11774, 497805303, 27, 0, 1
6138, 497811441, 26, 0, 1
5649, 497817090, 28, 0, 1
6138, 497823228, 17, 0, 1
11297, 497834525, 37, 0, 1
6148, 497840673, 28, 0, 1
5634, 497846307, 19, 0, 1
7519, 497853826, 45, 0, 1
11316, 497865142, 18, 0, 1
6159, 497871301, 21, 0, 1
5663, 497876964, 21, 0, 1
6112, 497883076, 27, 0, 1
11316, 497894392, 19, 0, 1
6152, 497900544, 29, 0, 1
5651, 497906195, 23, 0, 1
7039, 497913234, 92, 8, 1
11304, 497924538, 33, 0, 1
6140, 497930678, 27, 0, 1
5662, 497936340, 27, 0, 1
6090, 497942430, 24, 0, 1
11298, 497953728, 35, 0, 1
6173, 497959901, 16, 0, 1
5649, 497965550, 30, 0, 1
6120, 497971670, 19, 0, 1
11286, 497982956, 34, 0, 1
6135, 497989091, 22, 0, 1
5640, 497994731, 15, 0, 1
6113, 498000844, 25, 0, 1
11284, 498012128, 33, 0, 1
6140, 498018268, 30, 0, 1
5621, 498023889, 23, 0, 1
6126, 498030015, 30, 0, 1
11289, 498041304, 33, 0, 1
6187, 498047491, 19, 0, 1
5643, 498053134, 26, 0, 1
6145, 498059279, 17, 0, 1
11304, 498070583, 33, 0, 1
6160, 498076743, 18, 0, 1
5652, 498082395, 17, 0, 1
6119, 498088514, 20, 0, 1
11279, 498099793, 24, 0, 1
6135, 498105928, 25, 0, 1
5658, 498111586, 16, 0, 1
6118, 498117704, 27, 0, 1
11304, 498129008, 17, 0, 1
6160, 498135168, 17, 0, 1
5651, 498140819, 23, 0, 1
6119, 498146938, 26, 0, 1
11309, 498158247, 27, 0, 1
6135, 498164382, 19, 0, 1
5652, 498170034, 15, 0, 1
6132, 498176166, 19, 0, 1
11310, 498187476, 42, 0, 1
6136, 498193612, 22, 0, 1
5658, 498199270, 9, 0, 1
6108, 498205378, 22, 0, 1
11276, 498216654, 45, 0, 1
6146, 498222800, 23, 0, 1
7035, 498229835, 24, 0, 1
6115, 498235950, 23, 0, 1
11292, 498247242, 39, 0, 1
6160, 498253402, 19, 0, 1
5658, 498259060, 13, 0, 1
6134, 498265194, 28, 0, 1
11298, 498276492, 24, 0, 1
6173, 498282665, 19, 0, 1
5651, 498288316, 19, 0, 1
6113, 498294429, 27, 0, 1
11298, 498305727, 37, 0, 1
6130, 498311857, 27, 0, 1
5640, 498317497, 29, 0, 1
6112, 498323609, 28, 0, 1
11306, 498334915, 31, 0, 1
6173, 498341088, 20, 0, 1
5661, 498346749, 28, 0, 1
6128, 498352877, 31, 0, 1
11287, 498364164, 34, 0, 1
6160, 498370324, 18, 0, 1
5657, 498375981, 26, 0, 1
6145, 498382126, 18, 0, 1
11296, 498393422, 45, 0, 1
6160, 498399582, 18, 0, 1
5639, 498405221, 22, 0, 1
6120, 498411341, 20, 0, 1
11293, 498422634, 45, 0, 1
6186, 498428820, 16, 0, 1
5646, 498434466, 19, 0, 1
6100, 498440566, 27, 0, 1
11316, 498451882, 21, 0, 1
6148, 498458030, 19, 0, 1
5644, 498463674, 28, 0, 1
6151, 498469825, 17, 0, 1
11292, 498481117, 38, 0, 1
6130, 498487247, 26, 0, 1
5652, 498492899, 24, 0, 1
6120, 498499019, 22, 0, 1
11271, 498510290, 34, 0, 1
6157, 498516447, 29, 0, 1
5658, 498522105, 9, 0, 1
6138, 498528243, 16, 0, 1
11214, 498539457, 24, 0, 1
6141, 498545598, 26, 0, 1
5644, 498551242, 33, 0, 1
6118, 498557360, 33, 0, 1
11315, 498568675, 29, 0, 1
6161, 498574836, 27, 0, 1
5658, 498580494, 16, 0, 1
6119, 498586613, 30, 0, 1
11300, 498597913, 42, 0, 1
196679, 498794592, 5105, 375, 1
710708, 499505300, 10531, 480, 5
6745, 499512045, 64, 0, 1
13115, 499525160, 68, 0, 1
12191, 499537351, 360, 13, 1
6663, 499544014, 51, 0, 1
6726, 499550740, 40, 0, 1
14643, 499565383, 133, 4, 1
6636, 499572019, 30, 0, 1
835207, 835207, 18826, 124, 5
6202825, 7038032, 90000, 3636, 16
17698567, 24736599, 32682, 3194, 7
19023930, 43760529, 20411, 2657, 7
19461101, 63221630, 20867, 1991, 3
19694345, 82915975, 17937, 934, 3
19574509, 102490484, 18912, 2599, 7
18854357, 121344841, 23770, 3397, 7
19081913, 140426754, 19364, 3333, 7
19255849, 159682603, 18517, 1426, 3
19655130, 179337733, 21008, 1715, 3
19587020, 198924753, 18715, 1564, 3
19630559, 218555312, 18628, 3293, 7
19501262, 238056574, 18771, 1406, 3
18787271, 256843845, 24749, 2863, 7
18857611, 275701456, 18840, 2769, 7
19315094, 295016550, 18741, 1646, 3
19480180, 314496730, 18814, 2757, 7
19654869, 334151599, 19870, 2617, 7
19543694, 353695293, 19061, 3437, 7
19572519, 373267812, 19542, 2734, 7
19781630, 393049442, 18742, 2317, 3
19646574, 412696016, 19643, 3422, 7
19739951, 432435967, 18898, 1938, 3
19618183, 452054150, 19255, 3154, 7
19650776, 471704926, 18992, 3808, 7
17905768, 489610694, 31724, 2665, 7
6723905, 496334599, 13995, 108, 6
6129, 496340728, 358, 7, 1
6116, 496346844, 26, 0, 1
11759, 496358603, 38, 0, 1
5616, 496364219, 17, 0, 1
5658, 496369877, 10, 0, 1
6186, 496376063, 18, 0, 1
11794, 496387857, 36, 0, 1
5658, 496393515, 12, 0, 1
5656, 496399171, 21, 0, 1
6142, 496405313, 21, 0, 1
11803, 496417116, 30, 0, 1
5652, 496422768, 16, 0, 1
5644, 496428412, 24, 0, 1
6160, 496434572, 16, 0, 1
13173, 496447745, 115, 0, 1
5637, 496453382, 23, 0, 1
5658, 496459040, 11, 0, 1
11800, 496470840, 38, 0, 1
6118, 496476958, 29, 0, 1
5658, 496482616, 13, 0, 1
5649, 496488265, 25, 0, 1
11779, 496500044, 40, 0, 1
6142, 496506186, 25, 0, 1
5650, 496511836, 30, 0, 1
5659, 496517495, 31, 0, 1
11817, 496529312, 32, 0, 1
6138, 496535450, 19, 0, 1
5640, 496541090, 19, 0, 1
5655, 496546745, 22, 0, 1
11816, 496558561, 37, 0, 1
6138, 496564699, 15, 0, 1
5646, 496570345, 22, 0, 1
5658, 496576003, 10, 0, 1
11773, 496587776, 38, 0, 1
6138, 496593914, 16, 0, 1
5640, 496599554, 15, 0, 1
5652, 496605206, 11, 0, 1
11830, 496617036, 32, 0, 1
6138, 496623174, 15, 0, 1
5651, 496628825, 24, 0, 1
5658, 496634483, 11, 0, 1
11796, 496646279, 52, 0, 1
6151, 496652430, 17, 0, 1
6098, 496658528, 24, 0, 1
5650, 496664178, 34, 0, 1
11796, 496675974, 20, 0, 1
6145, 496682119, 17, 0, 1
5649, 496687768, 31, 0, 1
5652, 496693420, 16, 0, 1
11786, 496705206, 38, 0, 1
6132, 496711338, 27, 0, 1
5616, 496716954, 21, 0, 1
5658, 496722612, 30, 5, 1
11779, 496734391, 39, 0, 1
6158, 496740549, 23, 0, 1
5627, 496746176, 16, 0, 1
5652, 496751828, 13, 0, 1
11784, 496763612, 36, 0, 1
6132, 496769744, 16, 0, 1
5657, 496775401, 19, 0, 1
5652, 496781053, 14, 0, 1
11836, 496792889, 45, 0, 1
6116, 496799005, 16, 0, 1
6116, 496805121, 14, 0, 1
5655, 496810776, 29, 0, 1
13163, 496823939, 60, 0, 1
6138, 496830077, 17, 0, 1
5646, 496835723, 15, 0, 1
5656, 496841379, 22, 0, 1
11801, 496853180, 40, 0, 1
6665, 496859845, 74, 0, 1
6320, 496866165, 28, 0, 1
5649, 496871814, 15, 0, 1
12986, 496884800, 42, 0, 1
6614, 496891414, 20, 0, 1
6091, 496897505, 29, 0, 1
5616, 496903121, 21, 0, 1
12240, 496915361, 53, 0, 1
6116, 496921477, 18, 0, 1
6089, 496927566, 28, 0, 1
6111, 496933677, 25, 0, 1
12214, 496945891, 33, 0, 1
6092, 496951983, 22, 0, 1
6080, 496958063, 28, 0, 1
6098, 496964161, 23, 0, 1
12208, 496976369, 43, 0, 1
6129, 496982498, 20, 0, 1
6098, 496988596, 26, 0, 1
6109, 496994705, 26, 0, 1
12230, 497006935, 51, 0, 1
6116, 497013051, 17, 0, 1
6116, 497019167, 19, 0, 1
5657, 497024824, 23, 0, 1
11808, 497036632, 30, 0, 1
6138, 497042770, 15, 0, 1
5657, 497048427, 21, 0, 1
5658, 497054085, 13, 0, 1
11811, 497065896, 27, 0, 1
6147, 497072043, 33, 0, 1
5610, 497077653, 21, 0, 1
5658, 497083311, 12, 0, 1
20885, 497104196, 377, 4, 1
6097, 497110293, 26, 0, 1
5652, 497115945, 17, 0, 1
5633, 497121578, 26, 0, 1
11815, 497133393, 41, 0, 1
6146, 497139539, 25, 0, 1
5640, 497145179, 15, 0, 1
5634, 497150813, 23, 0, 1
11814, 497162627, 35, 0, 1
6138, 497168765, 14, 0, 1
5658, 497174423, 13, 0, 1
5653, 497180076, 29, 0, 1
11799, 497191875, 45, 0, 1
6113, 497197988, 22, 0, 1
5640, 497203628, 18, 0, 1
7005, 497210633, 45, 0, 1
11818, 497222451, 26, 0, 1
6126, 497228577, 22, 0, 1
5648, 497234225, 29, 0, 1
5658, 497239883, 12, 0, 1
11800, 497251683, 29, 0, 1
6119, 497257802, 24, 0, 1
5671, 497263473, 29, 0, 1
5658, 497269131, 10, 0, 1
12719, 497281850, 91, 8, 1
6138, 497287988, 19, 0, 1
5658, 497293646, 16, 0, 1
5638, 497299284, 25, 0, 1
11769, 497311053, 38, 0, 1
6115, 497317168, 29, 0, 1
5658, 497322826, 14, 0, 1
5652, 497328478, 25, 0, 1
11830, 497340308, 32, 0, 1
6100, 497346408, 26, 0, 1
5658, 497352066, 14, 0, 1
5658, 497357724, 14, 0, 1
11768, 497369492, 41, 0, 1
6151, 497375643, 18, 0, 1
5626, 497381269, 20, 0, 1
5631, 497386900, 23, 0, 1
11788, 497398688, 31, 0, 1
6138, 497404826, 19, 0, 1
5657, 497410483, 15, 0, 1
5662, 497416145, 30, 0, 1
11789, 497427934, 30, 0, 1
6145, 497434079, 18, 0, 1
5630, 497439709, 23, 0, 1
5654, 497445363, 25, 0, 1
11805, 497457168, 31, 0, 1
6151, 497463319, 20, 0, 1
5645, 497468964, 18, 0, 1
5652, 497474616, 14, 0, 1
11775, 497486391, 28, 0, 1
6140, 497492531, 35, 0, 1
5658, 497498189, 12, 0, 1
5640, 497503829, 17, 0, 1
11836, 497515665, 36, 0, 1
6138, 497521803, 20, 0, 1
5627, 497527430, 26, 0, 1
5640, 497533070, 17, 0, 1
11791, 497544861, 48, 0, 1
6138, 497550999, 16, 0, 1
5640, 497556639, 22, 0, 1
5658, 497562297, 10, 0, 1
11781, 497574078, 36, 0, 1
6132, 497580210, 24, 0, 1
7022, 497587232, 34, 0, 1
5652, 497592884, 18, 0, 1
11817, 497604701, 42, 0, 1
6133, 497610834, 22, 0, 1
5639, 497616473, 29, 0, 1
5650, 497622123, 27, 0, 1
11818, 497633941, 24, 0, 1
6132, 497640073, 24, 0, 1
5632, 497645705, 20, 0, 1
5645, 497651350, 17, 0, 1
11816, 497663166, 33, 0, 1
6126, 497669292, 18, 0, 1
5626, 497674918, 21, 0, 1
5652, 497680570, 15, 0, 1
11808, 497692378, 48, 0, 1
6151, 497698529, 14, 0, 1
5658, 497704187, 12, 0, 1
5686, 497709873, 34, 0, 1
11818, 497721691, 20, 0, 1
6148, 497727839, 29, 0, 1
5658, 497733497, 12, 0, 1
5658, 497739155, 12, 0, 1
11817, 497750972, 31, 0, 1
6126, 497757098, 18, 0, 1
5628, 497762726, 16, 0, 1
5640, 497768366, 16, 0, 1
11796, 497780162, 36, 0, 1
6138, 497786300, 15, 0, 1
5634, 497791934, 15, 0, 1
5658, 497797592, 9, 0, 1
11809, 497809401, 34, 0, 1
6138, 497815539, 17, 0, 1
5646, 497821185, 14, 0, 1
5652, 497826837, 14, 0, 1
11787, 497838624, 45, 1, 1
14349, 497852973, 269, 23, 1
5650, 497858623, 29, 0, 1
5658, 497864281, 9, 0, 1
11775, 497876056, 38, 0, 1
6138, 497882194, 16, 0, 1
5642, 497887836, 20, 0, 1
5633, 497893469, 21, 0, 1
11844, 497905313, 31, 0, 1
6120, 497911433, 22, 0, 1
5621, 497917054, 20, 0, 1
5640, 497922694, 19, 0, 1
11805, 497934499, 34, 0, 1
6139, 497940638, 25, 0, 1
5658, 497946296, 17, 0, 1
5658, 497951954, 10, 0, 1
11812, 497963766, 25, 0, 1
7515, 497971281, 30, 0, 1
5649, 497976930, 20, 0, 1
5646, 497982576, 17, 0, 1
11831, 497994407, 34, 0, 1
6138, 498000545, 19, 0, 1
5658, 498006203, 13, 0, 1
5658, 498011861, 14, 0, 1
11796, 498023657, 31, 0, 1
6132, 498029789, 19, 0, 1
5628, 498035417, 18, 0, 1
5639, 498041056, 20, 0, 1
11838, 498052894, 54, 0, 1
6106, 498059000, 28, 0, 1
5642, 498064642, 20, 0, 1
5658, 498070300, 11, 0, 1
11826, 498082126, 39, 0, 1
6151, 498088277, 17, 0, 1
5640, 498093917, 21, 0, 1
5658, 498099575, 9, 0, 1
11818, 498111393, 23, 0, 1
6132, 498117525, 19, 0, 1
5625, 498123150, 23, 0, 1
5645, 498128795, 20, 0, 1
11827, 498140622, 40, 0, 1
6138, 498146760, 16, 0, 1
5652, 498152412, 19, 0, 1
5645, 498158057, 17, 0, 1
11805, 498169862, 30, 0, 1
6127, 498175989, 24, 0, 1
5657, 498181646, 17, 0, 1
5626, 498187272, 21, 0, 1
11818, 498199090, 32, 0, 1
6090, 498205180, 24, 0, 1
5658, 498210838, 9, 0, 1
5652, 498216490, 12, 0, 1
11830, 498228320, 32, 0, 1
6125, 498234445, 22, 0, 1
5634, 498240079, 17, 0, 1
5658, 498245737, 11, 0, 1
11780, 498257517, 57, 0, 1
6129, 498263646, 27, 0, 1
5658, 498269304, 10, 0, 1
5658, 498274962, 10, 0, 1
11793, 498286755, 38, 0, 1
6138, 498292893, 17, 0, 1
5644, 498298537, 24, 0, 1
5658, 498304195, 14, 0, 1
11817, 498316012, 34, 0, 1
6133, 498322145, 19, 0, 1
5628, 498327773, 16, 0, 1
5663, 498333436, 31, 0, 1
13183, 498346619, 49, 0, 1
6120, 498352739, 22, 0, 1
5646, 498358385, 12, 0, 1
5650, 498364035, 20, 0, 1
11825, 498375860, 27, 0, 1
6126, 498381986, 28, 0, 1
5648, 498387634, 25, 0, 1
5652, 498393286, 14, 0, 1
11817, 498405103, 31, 0, 1
6124, 498411227, 24, 0, 1
5651, 498416878, 28, 0, 1
5658, 498422536, 11, 0, 1
11816, 498434352, 31, 0, 1
6090, 498440442, 26, 0, 1
5658, 498446100, 11, 0, 1
11805, 498457905, 37, 0, 1
5642, 498463547, 24, 0, 1
6126, 498469673, 34, 0, 1
5628, 498475301, 16, 0, 1
11793, 498487094, 37, 0, 1
5637, 498492731, 23, 0, 1
6133, 498498864, 35, 0, 1
5658, 498504522, 12, 0, 1
11809, 498516331, 40, 0, 1
5656, 498521987, 23, 0, 1
6147, 498528134, 32, 0, 1
5622, 498533756, 19, 0, 1
11799, 498545555, 34, 0, 1
5640, 498551195, 17, 0, 1
6145, 498557340, 19, 0, 1
5615, 498562955, 24, 0, 1
11804, 498574759, 42, 0, 1
5650, 498580409, 22, 0, 1
6095, 498586504, 28, 0, 1
5639, 498592143, 20, 0, 1
11817, 498603960, 40, 0, 1
893711, 499497671, 15452, 838, 5
6819, 499504490, 89, 0, 1
14554, 499519044, 378, 10, 1
18714, 499537758, 400, 18, 1
6399, 499544157, 42, 0, 1
18069, 499562226, 301, 8, 1
6633, 499568859, 35, 0, 1
14612, 499583471, 134, 3, 1
6373, 499589844, 25, 0, 1
1061398, 1061398, 24139, 183, 5
6216463, 7277861, 88345, 4158, 16
18472904, 25750765, 28257, 3313, 7
18894050, 44644815, 21219, 2999, 7
19428922, 64073737, 21085, 2089, 3
19643422, 83717159, 17968, 1352, 3
19556320, 103273479, 18399, 3139, 7
18886526, 122160005, 24918, 4099, 7
18831322, 140991327, 19394, 3245, 7
19498553, 160489880, 18869, 1952, 3
19807038, 180296918, 18838, 1899, 3
19542756, 199839674, 21677, 1533, 3
19518012, 219357686, 19088, 3542, 7
19588907, 238946593, 18774, 1448, 3
18609645, 257556238, 23336, 2927, 7
19166262, 276722500, 20930, 2958, 7
19200901, 295923401, 18649, 2220, 7
19601445, 315524846, 18894, 3202, 7
19725237, 335250083, 18977, 2662, 7
19635738, 354885821, 20030, 3214, 7
19633501, 374519322, 18954, 2574, 7
19818046, 394337368, 18678, 2495, 7
19695689, 414033057, 18759, 3277, 7
19685272, 433718329, 19938, 2134, 3
19704578, 453422907, 18846, 3325, 7
19618234, 473041141, 19301, 3961, 7
17035506, 490076647, 31353, 2397, 7
6303996, 496380643, 12300, 105, 6
6129, 496386772, 326, 4, 1
5660, 496392432, 35, 0, 1
11825, 496404257, 31, 0, 1
5632, 496409889, 31, 0, 1
6120, 496416009, 23, 0, 1
5658, 496421667, 11, 0, 1
11788, 496433455, 38, 0, 1
5662, 496439117, 26, 0, 1
6119, 496445236, 27, 0, 1
5639, 496450875, 23, 0, 1
11795, 496462670, 40, 0, 1
5640, 496468310, 21, 0, 1
6138, 496474448, 18, 0, 1
5645, 496480093, 21, 0, 1
11806, 496491899, 40, 0, 1
5651, 496497550, 19, 0, 1
6101, 496503651, 26, 0, 1
5621, 496509272, 18, 0, 1
11794, 496521066, 30, 0, 1
5658, 496526724, 13, 0, 1
6138, 496532862, 19, 0, 1
7035, 496539897, 96, 1, 1
11798, 496551695, 39, 0, 1
5658, 496557353, 12, 0, 1
6137, 496563490, 30, 0, 1
5639, 496569129, 22, 0, 1
11799, 496580928, 37, 0, 1
5640, 496586568, 16, 0, 1
6158, 496592726, 27, 0, 1
5645, 496598371, 23, 0, 1
11788, 496610159, 37, 0, 1
5652, 496615811, 18, 0, 1
6101, 496621912, 24, 0, 1
5616, 496627528, 20, 0, 1
12706, 496640234, 118, 12, 1
5644, 496645878, 23, 0, 1
6116, 496651994, 30, 0, 1
5633, 496657627, 18, 0, 1
11811, 496669438, 38, 0, 1
5652, 496675090, 16, 0, 1
6119, 496681209, 28, 0, 1
5626, 496686835, 22, 0, 1
11803, 496698638, 56, 0, 1
5627, 496704265, 27, 0, 1
6114, 496710379, 24, 0, 1
5646, 496716025, 24, 0, 1
11807, 496727832, 31, 0, 1
5659, 496733491, 26, 0, 1
6138, 496739629, 20, 0, 1
5658, 496745287, 16, 0, 1
11806, 496757093, 35, 0, 1
5645, 496762738, 28, 0, 1
6108, 496768846, 27, 0, 1
5639, 496774485, 28, 2, 1
11833, 496786318, 49, 0, 1
5658, 496791976, 16, 0, 1
6137, 496798113, 31, 0, 1
5658, 496803771, 13, 0, 1
11792, 496815563, 38, 0, 1
5658, 496821221, 9, 0, 1
6118, 496827339, 29, 0, 1
5628, 496832967, 16, 0, 1
11806, 496844773, 37, 0, 1
5640, 496850413, 17, 0, 1
6138, 496856551, 21, 0, 1
5658, 496862209, 23, 0, 1
11831, 496874040, 36, 0, 1
5657, 496879697, 14, 0, 1
6138, 496885835, 16, 0, 1
5658, 496891493, 12, 0, 1
12333, 496903826, 75, 0, 1
6340, 496910166, 41, 0, 1
7873, 496918039, 52, 0, 1
6349, 496924388, 20, 0, 1
14970, 496939358, 186, 0, 1
5658, 496945016, 20, 0, 1
6102, 496951118, 26, 0, 1
6074, 496957192, 24, 0, 1
11778, 496968970, 42, 0, 1
6104, 496975074, 22, 0, 1
6068, 496981142, 29, 0, 1
6104, 496987246, 26, 0, 1
12220, 496999466, 38, 0, 1
6103, 497005569, 27, 0, 1
6119, 497011688, 27, 0, 1
6111, 497017799, 30, 0, 1
12201, 497030000, 45, 0, 1
6113, 497036113, 26, 0, 1
6116, 497042229, 19, 0, 1
6074, 497048303, 23, 0, 1
12200, 497060503, 39, 0, 1
5634, 497066137, 21, 0, 1
6148, 497072285, 31, 0, 1
6116, 497078401, 20, 0, 1
11791, 497090192, 46, 0, 1
5658, 497095850, 12, 0, 1
6128, 497101978, 28, 0, 1
5658, 497107636, 12, 0, 1
11822, 497119458, 38, 0, 1
5646, 497125104, 14, 0, 1
6102, 497131206, 24, 0, 1
5657, 497136863, 29, 0, 1
11800, 497148663, 36, 0, 1
5657, 497154320, 21, 0, 1
6151, 497160471, 20, 0, 1
5640, 497166111, 16, 0, 1
11806, 497177917, 34, 0, 1
5638, 497183555, 27, 0, 1
6125, 497189680, 24, 0, 1
5636, 497195316, 24, 0, 1
20850, 497216166, 326, 5, 1
5574, 497221740, 42, 0, 1
6095, 497227835, 27, 0, 1
5658, 497233493, 13, 0, 1
11805, 497245298, 33, 0, 1
5686, 497250984, 27, 0, 1
6134, 497257118, 35, 0, 1
5658, 497262776, 11, 0, 1
11805, 497274581, 34, 0, 1
5638, 497280219, 17, 0, 1
6138, 497286357, 19, 0, 1
5658, 497292015, 11, 0, 1
11818, 497303833, 22, 0, 1
7036, 497310869, 50, 0, 1
6103, 497316972, 29, 0, 1
5646, 497322618, 17, 0, 1
11784, 497334402, 40, 0, 1
5658, 497340060, 8, 0, 1
6138, 497346198, 18, 0, 1
5640, 497351838, 16, 0, 1
11838, 497363676, 37, 0, 1
5658, 497369334, 11, 0, 1
6090, 497375424, 22, 0, 1
5622, 497381046, 15, 0, 1
11792, 497392838, 28, 0, 1
5658, 497398496, 11, 0, 1
6132, 497404628, 20, 0, 1
5658, 497410286, 14, 0, 1
11806, 497422092, 30, 0, 1
5663, 497427755, 27, 0, 1
6114, 497433869, 22, 0, 1
5657, 497439526, 17, 0, 1
11818, 497451344, 35, 0, 1
5640, 497456984, 17, 0, 1
6130, 497463114, 24, 0, 1
5632, 497468746, 25, 0, 1
11785, 497480531, 35, 0, 1
5658, 497486189, 12, 0, 1
6096, 497492285, 21, 0, 1
5610, 497497895, 16, 0, 1
11800, 497509695, 33, 0, 1
5658, 497515353, 9, 0, 1
6096, 497521449, 25, 0, 1
5658, 497527107, 11, 0, 1
11810, 497538917, 34, 0, 1
5658, 497544575, 12, 0, 1
6134, 497550709, 19, 0, 1
5616, 497556325, 16, 0, 1
11819, 497568144, 28, 0, 1
5652, 497573796, 15, 0, 1
6120, 497579916, 18, 0, 1
5637, 497585553, 20, 0, 1
11799, 497597352, 29, 0, 1
5658, 497603010, 12, 0, 1
6138, 497609148, 15, 0, 1
5638, 497614786, 24, 0, 1
11765, 497626551, 43, 0, 1
5658, 497632209, 11, 0, 1
6124, 497638333, 26, 0, 1
5658, 497643991, 11, 0, 1
11794, 497655785, 34, 0, 1
5640, 497661425, 16, 0, 1
6132, 497667557, 29, 0, 1
5640, 497673197, 21, 0, 1
13202, 497686399, 40, 0, 1
5645, 497692044, 22, 0, 1
6138, 497698182, 20, 0, 1
5648, 497703830, 19, 0, 1
11790, 497715620, 50, 0, 1
5652, 497721272, 10, 0, 1
6107, 497727379, 24, 0, 1
5621, 497733000, 20, 0, 1
11843, 497744843, 30, 0, 1
5627, 497750470, 22, 0, 1
6131, 497756601, 32, 0, 1
5626, 497762227, 20, 0, 1
11812, 497774039, 43, 0, 1
5658, 497779697, 11, 0, 1
6151, 497785848, 15, 0, 1
5640, 497791488, 18, 0, 1
11800, 497803288, 24, 0, 1
5658, 497808946, 11, 0, 1
6138, 497815084, 14, 0, 1
6103, 497821187, 20, 0, 1
11783, 497832970, 29, 0, 1
5658, 497838628, 13, 0, 1
6137, 497844765, 22, 0, 1
5638, 497850403, 22, 0, 1
11787, 497862190, 31, 0, 1
5644, 497867834, 17, 0, 1
6144, 497873978, 29, 0, 1
5645, 497879623, 16, 0, 1
11794, 497891417, 29, 0, 1
5647, 497897064, 15, 0, 1
6068, 497903132, 22, 0, 1
6098, 497909230, 24, 0, 1
11793, 497921023, 37, 0, 1
5645, 497926668, 25, 0, 1
6138, 497932806, 15, 0, 1
5658, 497938464, 11, 0, 1
11785, 497950249, 34, 0, 1
5655, 497955904, 30, 0, 1
6138, 497962042, 19, 0, 1
5611, 497967653, 19, 0, 1
11815, 497979468, 43, 0, 1
5658, 497985126, 13, 0, 1
6120, 497991246, 19, 0, 1
5643, 497996889, 21, 0, 1
11786, 498008675, 36, 0, 1
5658, 498014333, 13, 0, 1
6151, 498020484, 17, 0, 1
6098, 498026582, 22, 0, 1
11776, 498038358, 38, 0, 1
5640, 498043998, 17, 0, 1
6125, 498050123, 22, 0, 1
5652, 498055775, 13, 0, 1
13202, 498068977, 47, 0, 1
5658, 498074635, 12, 0, 1
6126, 498080761, 22, 0, 1
5658, 498086419, 13, 0, 1
11734, 498098153, 38, 0, 1
5657, 498103810, 23, 0, 1
6152, 498109962, 19, 0, 1
5658, 498115620, 9, 0, 1
11804, 498127424, 39, 0, 1
5650, 498133074, 21, 0, 1
6126, 498139200, 23, 0, 1
5621, 498144821, 22, 0, 1
11822, 498156643, 38, 0, 1
5658, 498162301, 11, 0, 1
6126, 498168427, 24, 0, 1
5633, 498174060, 17, 0, 1
11770, 498185830, 33, 0, 1
5658, 498191488, 9, 0, 1
6126, 498197614, 23, 0, 1
5658, 498203272, 8, 0, 1
11830, 498215102, 29, 0, 1
5643, 498220745, 22, 0, 1
6132, 498226877, 21, 0, 1
5649, 498232526, 25, 0, 1
11806, 498244332, 27, 0, 1
5636, 498249968, 25, 0, 1
6131, 498256099, 30, 0, 1
5658, 498261757, 10, 0, 1
11817, 498273574, 31, 0, 1
5667, 498279241, 23, 0, 1
6136, 498285377, 34, 0, 1
5648, 498291025, 28, 0, 1
11800, 498302825, 28, 0, 1
5647, 498308472, 25, 0, 1
6118, 498314590, 31, 0, 1
5638, 498320228, 22, 0, 1
11809, 498332037, 35, 0, 1
5646, 498337683, 20, 0, 1
6120, 498343803, 26, 0, 1
11278, 498355081, 80, 4, 1
6153, 498361234, 25, 0, 1
5658, 498366892, 14, 0, 1
6133, 498373025, 34, 0, 1
11294, 498384319, 33, 0, 1
6143, 498390462, 24, 0, 1
5658, 498396120, 11, 0, 1
6133, 498402253, 36, 0, 1
11289, 498413542, 39, 0, 1
6160, 498419702, 17, 0, 1
5658, 498425360, 10, 0, 1
6102, 498431462, 23, 0, 1
12649, 498444111, 53, 0, 1
6167, 498450278, 14, 0, 1
5644, 498455922, 25, 0, 1
6119, 498462041, 24, 0, 1
11316, 498473357, 29, 0, 1
6158, 498479515, 24, 0, 1
5651, 498485166, 28, 0, 1
6144, 498491310, 28, 0, 1
11303, 498502613, 28, 0, 1
6123, 498508736, 24, 0, 1
5655, 498514391, 24, 0, 1
6114, 498520505, 22, 0, 1
11285, 498531790, 39, 0, 1
6173, 498537963, 16, 0, 1
5649, 498543612, 18, 0, 1
6106, 498549718, 28, 0, 1
11309, 498561027, 29, 0, 1
6160, 498567187, 17, 0, 1
5654, 498572841, 29, 0, 1
6115, 498578956, 22, 0, 1
11280, 498590236, 23, 0, 1
6133, 498596369, 23, 0, 1
5640, 498602009, 16, 0, 1
6132, 498608141, 14, 0, 1
11300, 498619441, 28, 0, 1
6162, 498625603, 23, 0, 1
5645, 498631248, 20, 0, 1
906529, 499537777, 15228, 857, 5
13136, 499550913, 661, 2, 1
6643, 499557556, 51, 0, 1
11980, 499569536, 363, 24, 1
6667, 499576203, 48, 0, 1
13174, 499589377, 53, 0, 1
8251, 499597628, 184, 5, 1
6333, 499603961, 19, 0, 1
6098, 499610059, 35, 0, 1
2254602, 2254602, 48606, 340, 4
8814315, 11068917, 78778, 4411, 17
19181498, 30250415, 19205, 2691, 7
19234767, 49485182, 23282, 3103, 7
19021578, 68506760, 17862, 1834, 3
19656612, 88163372, 17904, 2421, 7
19465207, 107628579, 18468, 2512, 7
19575954, 127204533, 18836, 2792, 7
18815332, 146019865, 23983, 3278, 7
19268241, 165288106, 18787, 2381, 7
19292274, 184580380, 18260, 965, 3
19478755, 204059135, 19812, 2439, 7
19531442, 223590577, 20454, 3675, 7
19516301, 243106878, 18908, 1108, 3
18958277, 262065155, 23519, 3625, 7
19530726, 281595881, 20366, 2216, 3
18800803, 300396684, 18477, 2357, 7
19582385, 319979069, 17935, 3331, 7
19323675, 339302744, 18938, 3140, 7
19635363, 358938107, 19469, 3402, 7
19672219, 378610326, 18523, 2669, 7
19710329, 398320655, 18253, 3004, 7
19761799, 418082454, 18314, 2368, 7
19715101, 437797555, 19286, 3230, 7
19637086, 457434641, 18732, 2923, 7
19707622, 477142263, 18638, 3646, 7
14485285, 491627548, 29622, 1518, 19
4787732, 496415280, 9912, 79, 6
5622, 496420902, 25, 0, 1
5655, 496426557, 20, 0, 1
6155, 496432712, 30, 0, 1
11786, 496444498, 56, 0, 1
5658, 496450156, 13, 0, 1
5658, 496455814, 13, 0, 1
6173, 496461987, 22, 0, 1
11772, 496473759, 45, 0, 1
5622, 496479381, 15, 0, 1
5668, 496485049, 21, 0, 1
6160, 496491209, 15, 0, 1
11789, 496502998, 38, 0, 1
5646, 496508644, 16, 0, 1
5658, 496514302, 11, 0, 1
6137, 496520439, 23, 0, 1
11775, 496532214, 31, 0, 1
5640, 496537854, 23, 0, 1
5646, 496543500, 15, 0, 1
6140, 496549640, 26, 0, 1
11803, 496561443, 32, 0, 1
5658, 496567101, 10, 0, 1
5658, 496572759, 13, 0, 1
6134, 496578893, 25, 0, 1
11758, 496590651, 32, 0, 1
5639, 496596290, 21, 0, 1
5658, 496601948, 12, 0, 1
6131, 496608079, 27, 0, 1
11752, 496619831, 36, 0, 1
5658, 496625489, 13, 0, 1
5651, 496631140, 28, 0, 1
6160, 496637300, 19, 0, 1
11819, 496649119, 38, 0, 1
5649, 496654768, 23, 0, 1
5658, 496660426, 13, 0, 1
6124, 496666550, 27, 0, 1
13173, 496679723, 121, 0, 1
5658, 496685381, 16, 0, 1
5644, 496691025, 17, 0, 1
6173, 496697198, 18, 0, 1
11796, 496708994, 35, 0, 1
5621, 496714615, 20, 0, 1
5658, 496720273, 12, 0, 1
6160, 496726433, 17, 0, 1
11766, 496738199, 40, 0, 1
5657, 496743856, 23, 0, 1
5645, 496749501, 27, 0, 1
6155, 496755656, 26, 0, 1
11758, 496767414, 34, 0, 1
5646, 496773060, 26, 0, 1
5652, 496778712, 20, 0, 1
6160, 496784872, 19, 0, 1
11809, 496796681, 24, 0, 1
5627, 496802308, 18, 0, 1
5658, 496807966, 9, 0, 1
6139, 496814105, 30, 0, 1
11790, 496825895, 29, 0, 1
5645, 496831540, 14, 0, 1
5646, 496837186, 19, 0, 1
11819, 496849005, 38, 0, 1
6123, 496855128, 30, 0, 1
5658, 496860786, 17, 0, 1
5658, 496866444, 11, 0, 1
11796, 496878240, 43, 0, 1
6115, 496884355, 20, 0, 1
5645, 496890000, 16, 0, 1
5652, 496895652, 15, 0, 1
11812, 496907464, 32, 0, 1
6138, 496913602, 16, 0, 1
5651, 496919253, 20, 0, 1
5658, 496924911, 12, 0, 1
11783, 496936694, 55, 0, 1
6666, 496943360, 63, 0, 1
6321, 496949681, 27, 0, 1
5649, 496955330, 16, 0, 1
13018, 496968348, 34, 0, 1
6600, 496974948, 40, 0, 1
6117, 496981065, 24, 0, 1
5655, 496986720, 25, 0, 1
12248, 496998968, 34, 0, 1
6109, 497005077, 25, 0, 1
6116, 497011193, 26, 0, 1
6079, 497017272, 25, 0, 1
12244, 497029516, 38, 0, 1
6116, 497035632, 16, 0, 1
6118, 497041750, 33, 0, 1
6116, 497047866, 16, 0, 1
13569, 497061435, 54, 0, 1
6116, 497067551, 14, 0, 1
6097, 497073648, 20, 0, 1
6119, 497079767, 31, 0, 1
12220, 497091987, 36, 0, 1
6092, 497098079, 21, 0, 1
6116, 497104195, 20, 0, 1
5658, 497109853, 11, 0, 1
11776, 497121629, 38, 0, 1
6133, 497127762, 18, 0, 1
5654, 497133416, 26, 0, 1
5634, 497139050, 22, 0, 1
11770, 497150820, 28, 0, 1
6102, 497156922, 21, 0, 1
5632, 497162554, 22, 0, 1
5633, 497168187, 19, 0, 1
11794, 497179981, 32, 0, 1
6138, 497186119, 17, 0, 1
5658, 497191777, 10, 0, 1
5661, 497197438, 25, 0, 1
11810, 497209248, 37, 0, 1
6128, 497215376, 32, 0, 1
5658, 497221034, 11, 0, 1
5661, 497226695, 31, 0, 1
11849, 497238544, 31, 0, 1
6138, 497244682, 16, 0, 1
5632, 497250314, 20, 0, 1
5651, 497255965, 23, 0, 1
11817, 497267782, 30, 0, 1
6151, 497273933, 15, 0, 1
5620, 497279553, 18, 0, 1
5651, 497285204, 19, 0, 1
11817, 497297021, 48, 0, 1
6138, 497303159, 14, 0, 1
5648, 497308807, 22, 0, 1
5647, 497314454, 25, 0, 1
11835, 497326289, 40, 0, 1
6138, 497332427, 16, 0, 1
5658, 497338085, 13, 0, 1
5643, 497343728, 25, 0, 1
11811, 497355539, 29, 0, 1
6151, 497361690, 15, 0, 1
5638, 497367328, 44, 1, 1
5658, 497372986, 23, 0, 1
11790, 497384776, 40, 0, 1
6138, 497390914, 13, 0, 1
5658, 497396572, 12, 0, 1
5658, 497402230, 13, 0, 1
23080, 497425310, 451, 9, 1
6138, 497431448, 16, 0, 1
7019, 497438467, 37, 0, 1
5658, 497444125, 10, 0, 1
11796, 497455921, 33, 0, 1
6141, 497462062, 31, 0, 1
5657, 497467719, 19, 0, 1
5652, 497473371, 15, 0, 1
11815, 497485186, 45, 0, 1
6132, 497491318, 20, 0, 1
5631, 497496949, 25, 0, 1
5658, 497502607, 10, 0, 1
11807, 497514414, 39, 0, 1
6151, 497520565, 15, 0, 1
5626, 497526191, 19, 0, 1
5658, 497531849, 10, 0, 1
11781, 497543630, 28, 0, 1
6117, 497549747, 26, 0, 1
5658, 497555405, 11, 0, 1
5652, 497561057, 13, 0, 1
11810, 497572867, 34, 0, 1
6113, 497578980, 23, 0, 1
5652, 497584632, 23, 0, 1
5658, 497590290, 9, 0, 1
11798, 497602088, 33, 0, 1
6127, 497608215, 25, 0, 1
5646, 497613861, 29, 0, 1
5658, 497619519, 10, 0, 1
11802, 497631321, 46, 0, 1
6132, 497637453, 16, 0, 1
5640, 497643093, 18, 0, 1
5658, 497648751, 8, 0, 1
11831, 497660582, 21, 0, 1
6138, 497666720, 17, 0, 1
5637, 497672357, 20, 0, 1
5658, 497678015, 8, 0, 1
11812, 497689827, 29, 0, 1
6145, 497695972, 19, 0, 1
5652, 497701624, 15, 0, 1
5646, 497707270, 15, 0, 1
11822, 497719092, 38, 0, 1
6138, 497725230, 17, 0, 1
5658, 497730888, 12, 0, 1
5655, 497736543, 26, 0, 1
11821, 497748364, 36, 0, 1
6131, 497754495, 23, 0, 1
5651, 497760146, 18, 0, 1
5646, 497765792, 12, 0, 1
11764, 497777556, 30, 0, 1
6138, 497783694, 18, 0, 1
5658, 497789352, 17, 0, 1
5658, 497795010, 9, 0, 1
11776, 497806786, 32, 0, 1
7515, 497814301, 28, 0, 1
5644, 497819945, 25, 0, 1
5658, 497825603, 7, 0, 1
11814, 497837417, 37, 0, 1
6145, 497843562, 15, 0, 1
5650, 497849212, 26, 0, 1
5643, 497854855, 23, 0, 1
11805, 497866660, 30, 0, 1
6138, 497872798, 13, 0, 1
5667, 497878465, 30, 0, 1
5643, 497884108, 24, 0, 1
11792, 497895900, 42, 0, 1
6142, 497902042, 30, 0, 1
5634, 497907676, 14, 0, 1
5658, 497913334, 10, 0, 1
11829, 497925163, 44, 0, 1
6138, 497931301, 17, 0, 1
5620, 497936921, 21, 0, 1
5631, 497942552, 25, 0, 1
11818, 497954370, 31, 0, 1
6138, 497960508, 15, 0, 1
5645, 497966153, 14, 0, 1
5658, 497971811, 9, 0, 1
11793, 497983604, 39, 0, 1
6164, 497989768, 20, 0, 1
5634, 497995402, 18, 0, 1
5658, 498001060, 14, 0, 1
11803, 498012863, 25, 0, 1
6138, 498019001, 16, 0, 1
5658, 498024659, 11, 0, 1
5658, 498030317, 10, 0, 1
11830, 498042147, 31, 0, 1
6120, 498048267, 18, 0, 1
5652, 498053919, 13, 0, 1
5652, 498059571, 13, 0, 1
11818, 498071389, 19, 0, 1
6151, 498077540, 16, 0, 1
5658, 498083198, 13, 0, 1
5658, 498088856, 12, 0, 1
11817, 498100673, 22, 0, 1
6138, 498106811, 15, 0, 1
5651, 498112462, 19, 0, 1
5658, 498118120, 11, 0, 1
11831, 498129951, 19, 0, 1
6138, 498136089, 17, 0, 1
5658, 498141747, 12, 0, 1
5652, 498147399, 15, 0, 1
11788, 498159187, 28, 0, 1
6138, 498165325, 17, 0, 1
5658, 498170983, 11, 0, 1
5658, 498176641, 14, 0, 1
13191, 498189832, 61, 0, 1
6132, 498195964, 15, 0, 1
5658, 498201622, 13, 0, 1
5658, 498207280, 12, 0, 1
11824, 498219104, 23, 0, 1
6151, 498225255, 14, 0, 1
5658, 498230913, 11, 0, 1
5658, 498236571, 12, 0, 1
11781, 498248352, 32, 0, 1
6138, 498254490, 16, 0, 1
5652, 498260142, 10, 0, 1
5658, 498265800, 12, 0, 1
11831, 498277631, 24, 0, 1
6138, 498283769, 17, 0, 1
5645, 498289414, 19, 0, 1
5658, 498295072, 13, 0, 1
11811, 498306883, 41, 0, 1
6139, 498313022, 21, 0, 1
5658, 498318680, 13, 0, 1
5652, 498324332, 13, 0, 1
11817, 498336149, 20, 0, 1
6132, 498342281, 15, 0, 1
5658, 498347939, 14, 0, 1
5652, 498353591, 22, 0, 1
12558, 498366149, 51, 0, 1
6616, 498372765, 24, 0, 1
6373, 498379138, 17, 0, 1
6327, 498385465, 20, 0, 1
12281, 498397746, 29, 0, 1
6138, 498403884, 19, 0, 1
5658, 498409542, 12, 0, 1
5658, 498415200, 10, 0, 1
11825, 498427025, 28, 0, 1
6139, 498433164, 19, 0, 1
5652, 498438816, 15, 0, 1
5657, 498444473, 13, 0, 1
11812, 498456285, 24, 0, 1
6151, 498462436, 15, 0, 1
5658, 498468094, 15, 0, 1
5652, 498473746, 17, 0, 1
11818, 498485564, 24, 0, 1
6138, 498491702, 17, 0, 1
5646, 498497348, 20, 0, 1
5646, 498502994, 15, 0, 1
11795, 498514789, 31, 0, 1
6126, 498520915, 20, 0, 1
5652, 498526567, 15, 0, 1
5658, 498532225, 11, 0, 1
11812, 498544037, 22, 0, 1
6145, 498550182, 16, 0, 1
5658, 498555840, 13, 0, 1
5658, 498561498, 11, 0, 1
13189, 498574687, 41, 0, 1
6138, 498580825, 14, 0, 1
5651, 498586476, 17, 0, 1
5658, 498592134, 12, 0, 1
11806, 498603940, 31, 0, 1
6138, 498610078, 15, 0, 1
5652, 498615730, 12, 0, 1
5658, 498621388, 11, 0, 1
11818, 498633206, 25, 0, 1
6138, 498639344, 17, 0, 1
5647, 498644991, 15, 0, 1
5658, 498650649, 10, 0, 1
11825, 498662474, 34, 0, 1
6138, 498668612, 13, 0, 1
5658, 498674270, 11, 0, 1
600916, 499275186, 11005, 694, 5
314297, 499589483, 5108, 304, 1
6101, 499595584, 71, 1, 1
6717, 499602301, 36, 1, 1
6662, 499608963, 24, 0, 1
18876, 499627839, 403, 12, 1
6733, 499634572, 31, 0, 1
6866, 499641438, 32, 0, 1
8443, 499649881, 133, 4, 1
3662301, 3662301, 72145, 544, 14
11951755, 15614056, 61407, 5306, 17
19381884, 34995940, 17452, 2694, 7
19144518, 54140458, 24331, 3097, 7
19715968, 73856426, 18364, 1717, 3
19681761, 93538187, 18674, 2089, 3
19603345, 113141532, 18704, 3000, 7
19178687, 132320219, 24891, 3651, 7
18872308, 151192527, 19397, 1976, 3
19860558, 171053085, 19164, 3198, 7
19317651, 190370736, 19980, 685, 3
19622648, 209993384, 22263, 2671, 7
19644979, 229638363, 19680, 2996, 7
19621671, 249260034, 19482, 1657, 3
18742869, 268002903, 25368, 2956, 7
19556571, 287559474, 19969, 2249, 3
18808484, 306367958, 18711, 1976, 3
19666277, 326034235, 19119, 3188, 7
19674223, 345708458, 19491, 3079, 7
19614758, 365323216, 19296, 3180, 7
19777817, 385101033, 18857, 2048, 3
19608988, 404710021, 18378, 3868, 7
19831395, 424541416, 18713, 1772, 3
19738263, 444279679, 19032, 3031, 7
19665739, 463945418, 18664, 3578, 7
19504515, 483449933, 20600, 3891, 7
10780482, 494230415, 26370, 57, 12
2151075, 496381490, 6209, 109, 5
6116, 496387606, 41, 0, 1
5655, 496393261, 31, 1, 1
6119, 496399380, 25, 0, 1
11303, 496410683, 24, 0, 1
6148, 496416831, 21, 0, 1
5662, 496422493, 25, 0, 1
6125, 496428618, 27, 0, 1
11316, 496439934, 16, 0, 1
6161, 496446095, 18, 0, 1
5660, 496451755, 28, 0, 1
6114, 496457869, 23, 0, 1
11275, 496469144, 37, 0, 1
6160, 496475304, 16, 0, 1
5666, 496480970, 28, 0, 1
6140, 496487110, 32, 0, 1
11298, 496498408, 31, 0, 1
6160, 496504568, 17, 0, 1
5658, 496510226, 24, 0, 1
6138, 496516364, 16, 0, 1
11278, 496527642, 39, 0, 1
6154, 496533796, 22, 0, 1
5626, 496539422, 27, 0, 1
6124, 496545546, 33, 0, 1
11297, 496556843, 41, 0, 1
6160, 496563003, 16, 0, 1
5640, 496568643, 14, 0, 1
6113, 496574756, 24, 0, 1
11282, 496586038, 35, 0, 1
6186, 496592224, 17, 0, 1
5656, 496597880, 21, 0, 1
6107, 496603987, 27, 0, 1
11302, 496615289, 25, 0, 1
6154, 496621443, 20, 0, 1
5649, 496627092, 25, 1, 1
14347, 496641439, 289, 17, 1
11301, 496652740, 62, 0, 1
6160, 496658900, 16, 0, 1
5649, 496664549, 20, 0, 1
6112, 496670661, 27, 0, 1
11270, 496681931, 34, 0, 1
6161, 496688092, 28, 0, 1
7035, 496695127, 96, 0, 1
6138, 496701265, 18, 0, 1
11776, 496713041, 38, 0, 1
6124, 496719165, 26, 0, 1
5658, 496724823, 9, 0, 1
6131, 496730954, 29, 0, 1
11310, 496742264, 19, 0, 1
6148, 496748412, 22, 0, 1
5640, 496754052, 19, 0, 1
6138, 496760190, 19, 0, 1
11315, 496771505, 32, 0, 1
6159, 496777664, 25, 0, 1
5658, 496783322, 10, 0, 1
6128, 496789450, 26, 0, 1
11310, 496800760, 15, 0, 1
6147, 496806907, 27, 0, 1
5616, 496812523, 17, 0, 1
6126, 496818649, 23, 0, 1
11265, 496829914, 31, 0, 1
6137, 496836051, 22, 0, 1
5652, 496841703, 17, 0, 1
6129, 496847832, 32, 0, 1
11316, 496859148, 18, 0, 1
6160, 496865308, 23, 0, 1
5657, 496870965, 21, 0, 1
6154, 496877119, 36, 0, 1
11315, 496888434, 26, 0, 1
6148, 496894582, 27, 0, 1
5645, 496900227, 18, 0, 1
6663, 496906890, 70, 0, 1
11952, 496918842, 33, 0, 1
6529, 496925371, 32, 0, 1
6357, 496931728, 35, 0, 1
6732, 496938460, 24, 0, 1
13014, 496951474, 70, 0, 1
6590, 496958064, 33, 0, 1
6571, 496964635, 28, 0, 1
6602, 496971237, 31, 0, 1
13153, 496984390, 47, 0, 1
6578, 496990968, 15, 0, 1
6530, 496997498, 22, 0, 1
6565, 497004063, 29, 0, 1
13144, 497017207, 34, 0, 1
6549, 497023756, 23, 0, 1
6546, 497030302, 27, 0, 1
13113, 497043415, 44, 0, 1
6700, 497050115, 30, 0, 1
6560, 497056675, 26, 0, 1
6566, 497063241, 25, 0, 1
12849, 497076090, 39, 0, 1
6308, 497082398, 24, 0, 1
8012, 497090410, 33, 0, 1
6564, 497096974, 33, 0, 1
13142, 497110116, 44, 0, 1
6272, 497116388, 22, 0, 1
6600, 497122988, 18, 0, 1
6303, 497129291, 22, 0, 1
13165, 497142456, 39, 0, 1
6302, 497148758, 24, 0, 1
6582, 497155340, 22, 0, 1
6309, 497161649, 15, 0, 1
12878, 497174527, 35, 0, 1
6314, 497180841, 27, 0, 1
6628, 497187469, 26, 0, 1
6305, 497193774, 30, 0, 1
12893, 497206667, 40, 0, 1
6309, 497212976, 17, 0, 1
6589, 497219565, 29, 0, 1
6305, 497225870, 33, 0, 1
12907, 497238777, 44, 0, 1
6309, 497245086, 12, 0, 1
6574, 497251660, 24, 0, 1
6296, 497257956, 21, 0, 1
12880, 497270836, 36, 0, 1
6307, 497277143, 22, 0, 1
6634, 497283777, 20, 0, 1
6297, 497290074, 20, 0, 1
12891, 497302965, 33, 0, 1
6297, 497309262, 20, 0, 1
6615, 497315877, 28, 0, 1
6302, 497322179, 20, 0, 1
12884, 497335063, 34, 0, 1
6301, 497341364, 23, 0, 1
6622, 497347986, 26, 0, 1
6328, 497354314, 33, 0, 1
12900, 497367214, 36, 0, 1
6309, 497373523, 12, 0, 1
6581, 497380104, 25, 0, 1
6296, 497386400, 21, 0, 1
12918, 497399318, 43, 0, 1
6309, 497405627, 12, 0, 1
6616, 497412243, 17, 0, 1
6294, 497418537, 28, 0, 1
12859, 497431396, 36, 0, 1
6297, 497437693, 20, 0, 1
6611, 497444304, 24, 0, 1
6288, 497450592, 28, 0, 1
12909, 497463501, 23, 0, 1
6285, 497469786, 20, 0, 1
6614, 497476400, 30, 0, 1
6296, 497482696, 21, 0, 1
25789, 497508485, 451, 1, 1
6288, 497514773, 32, 0, 1
6574, 497521347, 23, 0, 1
6302, 497527649, 33, 0, 1
12879, 497540528, 37, 0, 1
6309, 497546837, 20, 0, 1
6632, 497553469, 32, 0, 1
6302, 497559771, 25, 0, 1
12891, 497572662, 34, 0, 1
6296, 497578958, 27, 0, 1
6615, 497585573, 28, 0, 1
6289, 497591862, 28, 0, 1
12861, 497604723, 46, 0, 1
6309, 497611032, 13, 0, 1
6604, 497617636, 26, 0, 1
6279, 497623915, 21, 0, 1
12905, 497636820, 51, 0, 1
6302, 497643122, 22, 0, 1
6595, 497649717, 26, 0, 1
6301, 497656018, 30, 0, 1
12909, 497668927, 34, 0, 1
6299, 497675226, 26, 0, 1
6575, 497681801, 31, 0, 1
6310, 497688111, 34, 0, 1
12882, 497700993, 40, 0, 1
6299, 497707292, 26, 0, 1
6635, 497713927, 19, 0, 1
6297, 497720224, 20, 0, 1
12868, 497733092, 43, 0, 1
6303, 497739395, 17, 0, 1
6574, 497745969, 27, 0, 1
6297, 497752266, 16, 0, 1
12896, 497765162, 35, 0, 1
6309, 497771471, 13, 0, 1
6592, 497778063, 28, 0, 1
6325, 497784388, 37, 0, 1
12892, 497797280, 34, 0, 1
6309, 497803589, 13, 0, 1
6648, 497810237, 20, 0, 1
6300, 497816537, 28, 0, 1
12888, 497829425, 37, 0, 1
6309, 497835734, 27, 0, 1
6610, 497842344, 22, 0, 1
6289, 497848633, 26, 0, 1
12893, 497861526, 41, 0, 1
6309, 497867835, 15, 0, 1
6638, 497874473, 32, 0, 1
6300, 497880773, 29, 0, 1
12876, 497893649, 37, 0, 1
6309, 497899958, 13, 0, 1
6591, 497906549, 26, 0, 1
6301, 497912850, 23, 0, 1
14280, 497927130, 49, 0, 1
6303, 497933433, 18, 0, 1
6585, 497940018, 26, 0, 1
6301, 497946319, 22, 0, 1
12861, 497959180, 35, 0, 1
6307, 497965487, 30, 0, 1
6623, 497972110, 24, 0, 1
6309, 497978419, 14, 0, 1
12894, 497991313, 43, 0, 1
6303, 497997616, 19, 0, 1
6616, 498004232, 23, 0, 1
6299, 498010531, 28, 0, 1
12903, 498023434, 35, 0, 1
6309, 498029743, 15, 0, 1
6609, 498036352, 23, 0, 1
6295, 498042647, 22, 0, 1
12877, 498055524, 44, 0, 1
6320, 498061844, 27, 0, 1
6629, 498068473, 21, 0, 1
6296, 498074769, 17, 0, 1
12871, 498087640, 36, 0, 1
6309, 498093949, 13, 0, 1
6610, 498100559, 23, 0, 1
6307, 498106866, 33, 0, 1
12894, 498119760, 49, 0, 1
6309, 498126069, 15, 0, 1
6628, 498132697, 26, 0, 1
6313, 498139010, 34, 0, 1
12882, 498151892, 45, 0, 1
6309, 498158201, 14, 0, 1
6607, 498164808, 31, 0, 1
6303, 498171111, 20, 0, 1
12913, 498184024, 47, 0, 1
6314, 498190338, 37, 0, 1
6622, 498196960, 19, 0, 1
6329, 498203289, 34, 0, 1
12909, 498216198, 26, 0, 1
6318, 498222516, 31, 0, 1
6648, 498229164, 22, 0, 1
6291, 498235455, 19, 0, 1
12878, 498248333, 38, 0, 1
6294, 498254627, 31, 0, 1
6622, 498261249, 21, 0, 1
6297, 498267546, 18, 0, 1
12918, 498280464, 44, 0, 1
6295, 498286759, 23, 0, 1
6614, 498293373, 31, 0, 1
6277, 498299650, 25, 0, 1
12897, 498312547, 32, 0, 1
6303, 498318850, 34, 0, 1
6621, 498325471, 29, 0, 1
7662, 498333133, 39, 0, 1
12861, 498345994, 32, 0, 1
6296, 498352290, 27, 0, 1
6622, 498358912, 20, 0, 1
6309, 498365221, 17, 0, 1
12909, 498378130, 27, 0, 1
6309, 498384439, 17, 0, 1
6633, 498391072, 29, 0, 1
6289, 498397361, 23, 0, 1
12891, 498410252, 34, 0, 1
6301, 498416553, 26, 0, 1
6622, 498423175, 22, 0, 1
6282, 498429457, 29, 0, 1
12898, 498442355, 58, 0, 1
6297, 498448652, 24, 0, 1
6622, 498455274, 28, 0, 1
6289, 498461563, 30, 0, 1
12872, 498474435, 47, 0, 1
6309, 498480744, 16, 0, 1
6609, 498487353, 30, 0, 1
6303, 498493656, 18, 0, 1
12901, 498506557, 40, 0, 1
6307, 498512864, 21, 0, 1
6622, 498519486, 18, 0, 1
6297, 498525783, 17, 0, 1
12892, 498538675, 38, 0, 1
6309, 498544984, 13, 0, 1
6580, 498551564, 23, 0, 1
6305, 498557869, 34, 0, 1
12878, 498570747, 39, 0, 1
6309, 498577056, 14, 0, 1
6599, 498583655, 23, 0, 1
6309, 498589964, 16, 0, 1
12904, 498602868, 32, 0, 1
6277, 498609145, 23, 0, 1
6609, 498615754, 25, 0, 1
6282, 498622036, 26, 0, 1
12903, 498634939, 32, 0, 1
6309, 498641248, 16, 0, 1
6605, 498647853, 27, 0, 1
6302, 498654155, 25, 0, 1
12871, 498667026, 40, 0, 1
6302, 498673328, 27, 0, 1
6622, 498679950, 21, 0, 1
6302, 498686252, 28, 0, 1
12892, 498699144, 38, 0, 1
6309, 498705453, 13, 0, 1
6598, 498712051, 25, 0, 1
6291, 498718342, 20, 0, 1
12876, 498731218, 45, 0, 1
6303, 498737521, 15, 0, 1
8012, 498745533, 33, 0, 1
6297, 498751830, 23, 0, 1
12908, 498764738, 31, 0, 1
6303, 498771041, 18, 0, 1
6618, 498777659, 30, 0, 1
6302, 498783961, 22, 0, 1
12925, 498796886, 36, 0, 1
6313, 498803199, 23, 0, 1
6614, 498809813, 26, 0, 1
6297, 498816110, 15, 0, 1
12909, 498829019, 25, 0, 1
6309, 498835328, 17, 0, 1
897414, 499732742, 14853, 936, 5
13440, 499746182, 660, 1, 1
6702, 499752884, 53, 0, 1
6683, 499759567, 35, 0, 1
11969, 499771536, 362, 20, 1
13377, 499784913, 60, 0, 1
6675, 499791588, 22, 0, 1
7993, 499799581, 132, 3, 1
6600, 499806181, 29, 0, 1
