5,1.0,391793660.09,3889417319.267523
4,391793661.09,419728746.21999997,2021348296.0527227
7,419728747.21999997,474250687.17999995,1078954198.302667
4,474250688.17999995,485689184.68999994,2021348296.0527227
3,485689185.68999994,528206948.98999995,1647012626.1522777
4,528206949.98999995,568262701.4499999,2021348296.0527227
1,568262702.4499999,1289491978.15,4437195218.808543
2,1289491979.15,1340594657.82,3036024722.4208217
4,1340594658.82,1374455574.6299999,2021348296.0527227
6,1374455575.6299999,2024395850.8799996,4889939584.3099985
2,2024395851.8799996,2086070255.4699996,3036024722.4208217
4,2086070256.4699996,2095115227.1972723,2021348296.0527227
0,2095115228.1972723,2095196026.5049646,239763616.18792993
