3522562 3522562 71173 4040
7742361 11264923 58457 12284
19268800 30533723 19591 5304
18288968 48822691 22993 5641
19406576 68229267 18125 5346
19517486 87746753 18076 5314
19364279 107111032 17855 5294
18238628 125349660 24903 7307
19006938 144356598 18802 5268
19636475 163993073 18712 5481
19493843 183486916 20732 5695
19359600 202846516 19469 5359
19530480 222376996 18924 5428
19343188 241720184 19085 5299
18239833 259960017 25022 5159
19348661 279308678 19262 5267
18926839 298235517 19142 5227
19637322 317872839 19045 5298
19586235 337459074 19434 5430
19486991 356946065 19919 5353
19561343 376507408 18741 5344
19619526 396126934 18831 5285
19645141 415772075 18634 5345
19509791 435281866 19169 5301
19522451 454804317 19001 5296
19557965 474362282 18903 5313
16244568 490606850 30945 3225
5829262 496436112 11450 993
5658 496441770 28 4
5663 496447433 25 2
6160 496453593 20 0
11773 496465366 41 0
5643 496471009 25 0
5658 496476667 9 0
6163 496482830 25 0
11782 496494612 44 0
5657 496500269 25 0
5638 496505907 26 1
6160 496512067 18 0
11777 496523844 35 0
5658 496529502 17 0
5658 496535160 12 0
6173 496541333 19 1
11796 496553129 28 1
5658 496558787 19 0
5658 496564445 11 0
6150 496570595 29 0
11786 496582381 41 0
5657 496588038 22 0
5645 496593683 16 0
6145 496599828 29 0
11796 496611624 30 0
5660 496617284 28 0
5658 496622942 10 0
6162 496629104 25 1
11792 496640896 76 20
5658 496646554 9 0
5657 496652211 19 0
6147 496658358 22 0
11809 496670167 27 0
5651 496675818 25 0
5658 496681476 12 0
6146 496687622 28 0
11793 496699415 38 0
5637 496705052 23 0
5655 496710707 27 0
6173 496716880 18 1
11796 496728676 31 0
5657 496734333 18 0
7035 496741368 92 9
11815 496753183 49 0
6107 496759290 29 1
5658 496764948 17 1
5651 496770599 20 0
11831 496782430 30 1
6136 496788566 24 0
5658 496794224 18 4
5657 496799881 18 0
12232 496812113 43 3
14313 496826426 319 203
6104 496832530 30 1
5658 496838188 13 0
11786 496849974 36 0
6113 496856087 25 0
5658 496861745 17 1
5640 496867385 19 0
11836 496879221 45 3
6132 496885353 26 0
5658 496891011 14 1
5658 496896669 14 0
11822 496908491 55 0
6139 496914630 25 0
5658 496920288 13 0
5658 496925946 14 0
11784 496937730 39 0
6126 496943856 22 0
5658 496949514 14 1
5643 496955157 27 0
12716 496967873 122 66
6138 496974011 20 0
5658 496979669 11 0
5646 496985315 17 0
11818 496997133 39 0
6652 497003785 71 1
6333 497010118 30 7
5649 497015767 13 0
13314 497029081 38 2
6572 497035653 36 0
6116 497041769 20 0
6094 497047863 27 0
12214 497060077 37 0
6097 497066174 25 0
6102 497072276 31 0
6116 497078392 18 0
12212 497090604 39 0
6119 497096723 36 0
6093 497102816 27 0
6129 497108945 18 0
12232 497121177 32 0
6116 497127293 16 0
7491 497134784 45 17
6114 497140898 28 0
12229 497153127 42 0
6124 497159251 20 0
6110 497165361 24 0
6111 497171472 34 0
12207 497183679 39 0
6115 497189794 23 0
6116 497195910 18 0
6086 497201996 29 0
11787 497213783 24 0
6126 497219909 22 0
6116 497226025 18 0
5658 497231683 11 0
11796 497243479 41 0
6138 497249617 19 0
5658 497255275 13 0
5646 497260921 18 0
11830 497272751 37 0
6131 497278882 19 0
5665 497284547 24 0
5645 497290192 15 0
11810 497302002 42 0
6161 497308163 37 0
5658 497313821 12 0
5642 497319463 24 0
11820 497331283 48 0
6120 497337403 23 0
5652 497343055 16 0
5651 497348706 22 0
11827 497360533 43 0
6138 497366671 17 0
5658 497372329 14 0
5652 497377981 16 0
11806 497389787 28 0
6150 497395937 33 0
5662 497401599 36 1
5658 497407257 13 0
11796 497419053 41 0
6138 497425191 17 0
5658 497430849 13 0
5646 497436495 14 0
11821 497448316 40 0
6138 497454454 14 0
5657 497460111 21 0
5650 497465761 16 0
11793 497477554 44 0
6138 497483692 16 0
5610 497489302 18 0
5641 497494943 24 0
11831 497506774 35 0
7515 497514289 27 0
5658 497519947 29 0
5658 497525605 15 0
11817 497537422 40 0
6151 497543573 17 0
5649 497549222 23 0
5652 497554874 20 0
11831 497566705 38 0
6138 497572843 17 0
5646 497578489 17 0
5658 497584147 24 0
11811 497595958 43 0
6131 497602089 32 0
5658 497607747 14 0
5652 497613399 16 0
11792 497625191 36 0
17565 497642756 395 72
5658 497648414 25 0
5658 497654072 12 0
11775 497665847 38 0
6114 497671961 20 0
5658 497677619 14 0
5657 497683276 21 0
11816 497695092 32 0
6125 497701217 27 0
5658 497706875 17 0
5668 497712543 28 0
11810 497724353 46 0
6138 497730491 20 0
5658 497736149 12 0
5640 497741789 18 0
11827 497753616 50 0
6146 497759762 34 0
5645 497765407 18 0
5658 497771065 11 0
11816 497782881 37 0
6142 497789023 18 0
6139 497795162 29 0
5658 497800820 13 0
11781 497812601 44 0
6130 497818731 29 0
5652 497824383 23 0
5658 497830041 12 0
11817 497841858 35 0
6138 497847996 15 0
5670 497853666 37 0
5658 497859324 23 0
11818 497871142 22 0
6145 497877287 20 0
5627 497882914 22 0
5657 497888571 30 0
13180 497901751 71 1
6145 497907896 14 0
5634 497913530 19 0
5658 497919188 15 0
11833 497931021 48 0
6138 497937159 16 0
5627 497942786 22 0
5662 497948448 26 0
11823 497960271 33 0
6138 497966409 17 0
5638 497972047 21 0
5663 497977710 23 0
11774 497989484 48 0
6135 497995619 27 0
6104 498001723 20 0
5662 498007385 31 0
11795 498019180 30 0
6139 498025319 23 0
5640 498030959 16 0
5657 498036616 16 0
11800 498048416 29 0
6129 498054545 30 0
5640 498060185 16 0
5652 498065837 17 0
11830 498077667 30 0
6132 498083799 18 0
5648 498089447 25 0
5658 498095105 9 0
11808 498106913 42 0
6139 498113052 20 0
5643 498118695 19 0
5652 498124347 16 0
11780 498136127 36 0
6124 498142251 25 0
5640 498147891 20 0
5646 498153537 17 0
11838 498165375 32 0
6138 498171513 14 0
5644 498177157 23 0
5658 498182815 10 0
11785 498194600 34 0
6126 498200726 19 0
5634 498206360 18 0
5662 498212022 31 0
11804 498223826 40 0
6102 498229928 26 0
5658 498235586 14 0
5657 498241243 21 0
11795 498253038 40 0
6151 498259189 13 0
5627 498264816 19 0
7035 498271851 29 0
11812 498283663 29 0
6138 498289801 16 0
5634 498295435 22 0
5658 498301093 11 0
11830 498312923 30 0
6138 498319061 16 0
5646 498324707 16 0
5643 498330350 25 0
11818 498342168 35 0
6138 498348306 26 0
5658 498353964 10 0
5651 498359615 20 0
11800 498371415 30 0
6138 498377553 17 0
5675 498383228 26 0
5658 498388886 9 0
11825 498400711 26 1
6119 498406830 23 0
5645 498412475 20 0
5658 498418133 10 0
11815 498429948 40 0
6132 498436080 20 0
5645 498441725 19 0
5652 498447377 20 0
11818 498459195 33 0
6126 498465321 21 0
5654 498470975 24 0
5630 498476605 23 0
11799 498488404 31 0
6151 498494555 17 0
5634 498500189 18 0
5652 498505841 30 1
11818 498517659 22 0
6130 498523789 28 0
5658 498529447 13 0
5656 498535103 26 0
11837 498546940 26 0
6132 498553072 17 0
5643 498558715 23 0
5658 498564373 12 0
11806 498576179 32 0
6151 498582330 15 0
5646 498587976 20 0
5658 498593634 25 0
11796 498605430 36 0
6114 498611544 21 0
5645 498617189 20 0
5652 498622841 17 0
11809 498634650 34 0
6145 498640795 15 0
7030 498647825 36 1
5667 498653492 28 0
11817 498665309 39 0
6138 498671447 15 0
5652 498677099 18 0
5652 498682751 15 0
11811 498694562 36 0
6138 498700700 15 0
5658 498706358 15 0
5658 498712016 13 0
11806 498723822 34 0
6150 498729972 32 0
5651 498735623 17 0
5658 498741281 10 0
11818 498753099 19 0
6138 498759237 17 0
5634 498764871 21 0
5646 498770517 13 0
11825 498782342 20 0
6138 498788480 16 0
5621 498794101 21 0
11807 498805908 51 0
5658 498811566 13 0
9490 498821056 177 34
920233 499741289 15970 4862
12490 499753779 366 24
6453 499760232 41 0
6686 499766918 22 0
12150 499779068 381 146
13105 499792173 74 5
6670 499798843 26 0
8712 499807555 143 29
1709499 1709499 38623 1856
5434237 7143736 72035 10795
16736861 23880597 31799 7143
18456747 42337344 23471 5778
19342342 61679686 17965 5272
19388404 81068090 18810 5287
19185043 100253133 20743 5762
18218316 118471449 22538 6863
19061710 137533159 19073 5271
19201472 156734631 18640 5310
19451089 176185720 20239 5497
19412390 195598110 18508 5300
19302881 214900991 18988 5390
19426686 234327677 18784 5336
18681881 253009558 23365 5203
18808731 271818289 20803 5267
19040076 290858365 19130 5200
19165879 310024244 19318 5214
19553734 329577978 19602 5329
19518008 349095986 19862 5368
19465166 368561152 18971 5361
19604938 388166090 19041 5364
19554562 407720652 19250 5337
19635637 427356289 18809 5299
19613324 446969613 18493 5379
19437613 466407226 19309 5343
18138998 484546224 31169 5064
10547247 495093471 16071 416
1286723 496380194 4238 846
5645 496385839 33 3
11818 496397657 35 0
5658 496403315 12 0
6151 496409466 17 0
5652 496415118 21 0
11810 496426928 31 0
5657 496432585 20 0
6132 496438717 18 0
5633 496444350 19 0
11818 496456168 39 0
5657 496461825 18 0
6126 496467951 23 0
5658 496473609 20 0
11811 496485420 40 0
5645 496491065 17 0
7541 496498606 97 25
5651 496504257 22 0
11818 496516075 28 1
5658 496521733 12 3
6138 496527871 16 0
5640 496533511 17 1
11822 496545333 41 1
5658 496550991 20 0
6132 496557123 16 0
5648 496562771 26 0
11751 496574522 43 1
5657 496580179 18 0
6119 496586298 21 0
5652 496591950 12 0
11824 496603774 33 1
5658 496609432 20 0
6138 496615570 20 0
5658 496621228 10 0
11818 496633046 27 0
5652 496638698 13 0
6115 496644813 24 0
5628 496650441 20 1
11817 496662258 39 0
5658 496667916 11 0
6144 496674060 18 0
5658 496679718 14 1
11799 496691517 32 0
5657 496697174 15 0
6138 496703312 16 0
5658 496708970 12 1
11798 496720768 39 1
5652 496726420 34 2
6139 496732559 22 2
6116 496738675 31 4
11783 496750458 32 0
5643 496756101 21 0
6125 496762226 22 0
5650 496767876 22 0
11831 496779707 32 1
5645 496785352 24 1
6102 496791454 23 0
5628 496797082 17 0
11818 496808900 47 1
5646 496814546 19 0
6132 496820678 17 0
5658 496826336 15 1
11831 496838167 29 1
5658 496843825 16 4
6114 496849939 22 0
5646 496855585 18 0
11817 496867402 37 0
7029 496874431 44 25
6133 496880564 23 0
5658 496886222 12 1
11806 496898028 37 0
5651 496903679 15 0
6145 496909824 15 0
6116 496915940 18 0
11809 496927749 34 1
6362 496934111 61 10
6767 496940878 63 18
6635 496947513 27 2
12915 496960428 49 0
6092 496966520 23 0
6129 496972649 23 0
6110 496978759 19 0
11796 496990555 24 0
6116 496996671 17 0
6123 497002794 16 0
6104 497008898 24 0
12245 497021143 30 0
6116 497027259 15 0
6104 497033363 22 0
6114 497039477 27 1
12214 497051691 34 0
6104 497057795 21 1
6090 497063885 25 0
6105 497069990 21 0
12218 497082208 33 0
6116 497088324 14 0
6104 497094428 22 0
6104 497100532 18 0
12193 497112725 41 0
6129 497118854 15 0
6116 497124970 16 0
6116 497131086 17 0
11766 497142852 44 0
6116 497148968 15 0
6116 497155084 19 0
6116 497161200 20 0
11809 497173009 26 0
5658 497178667 11 0
6126 497184793 23 0
5652 497190445 14 0
11811 497202256 37 0
5657 497207913 21 0
6118 497214031 25 0
5658 497219689 17 4
11818 497231507 27 2
5658 497237165 12 0
6138 497243303 16 0
5645 497248948 18 0
13213 497262161 55 0
5646 497267807 18 0
6138 497273945 15 0
5646 497279591 13 0
11799 497291390 31 0
5651 497297041 19 0
6114 497303155 26 0
5658 497308813 13 0
11812 497320625 30 0
5645 497326270 17 0
6138 497332408 17 0
5658 497338066 12 0
11811 497349877 33 0
5658 497355535 17 0
6132 497361667 25 0
5658 497367325 11 0
11817 497379142 34 0
5658 497384800 11 0
6132 497390932 22 0
5645 497396577 17 0
23360 497419937 531 105
5658 497425595 25 1
6119 497431714 25 0
5640 497437354 17 0
11815 497449169 36 0
5658 497454827 20 0
6145 497460972 19 0
5652 497466624 13 0
11795 497478419 33 0
5658 497484077 13 0
6125 497490202 24 0
5652 497495854 13 0
11818 497507672 38 0
5652 497513324 16 0
6138 497519462 22 0
5653 497525115 28 0
11811 497536926 24 0
5652 497542578 13 0
6114 497548692 22 0
5650 497554342 18 0
11831 497566173 22 0
5663 497571836 13 0
6132 497577968 19 0
5656 497583624 19 0
11817 497595441 34 0
5657 497601098 14 0
6151 497607249 15 0
5638 497612887 15 1
11804 497624691 34 0
5658 497630349 13 0
6114 497636463 19 0
7029 497643492 33 0
11844 497655336 33 0
5658 497660994 11 0
6145 497667139 19 0
5658 497672797 14 0
11799 497684596 28 0
5658 497690254 12 0
6151 497696405 16 0
5651 497702056 22 0
11799 497713855 31 0
5658 497719513 13 0
6138 497725651 17 0
5658 497731309 14 0
11831 497743140 22 0
5658 497748798 11 0
6138 497754936 19 0
5658 497760594 14 0
11793 497772387 38 0
5652 497778039 16 0
6126 497784165 22 0
5655 497789820 22 0
11831 497801651 28 0
5658 497807309 12 0
6193 497813502 26 4
5658 497819160 14 0
11818 497830978 27 0
5658 497836636 10 0
6145 497842781 20 0
5640 497848421 18 0
11818 497860239 30 0
5658 497865897 14 0
6138 497872035 18 0
5652 497877687 15 0
11830 497889517 30 0
5658 497895175 12 0
6138 497901313 16 0
5658 497906971 13 0
11818 497918789 31 0
5658 497924447 13 0
6151 497930598 19 0
5652 497936250 18 0
11812 497948062 30 0
5658 497953720 14 0
6138 497959858 19 0
5633 497965491 18 0
11816 497977307 34 0
5646 497982953 15 0
6108 497989061 22 0
5645 497994706 17 0
11810 498006516 37 0
5658 498012174 12 0
7484 498019658 35 0
5645 498025303 18 0
11844 498037147 26 0
5658 498042805 15 0
6138 498048943 18 0
5658 498054601 15 0
11817 498066418 19 0
5656 498072074 12 1
14766 498086840 313 157
5658 498092498 33 7
11794 498104292 30 0
5658 498109950 13 0
6138 498116088 15 0
11298 498127386 39 0
6172 498133558 19 0
5652 498139210 15 0
6132 498145342 19 1
11295 498156637 37 0
6141 498162778 26 0
5646 498168424 17 0
6126 498174550 23 0
11309 498185859 40 0
6160 498192019 21 0
5657 498197676 25 0
6102 498203778 27 0
11304 498215082 25 0
6135 498221217 23 0
5645 498226862 18 0
6107 498232969 25 0
11308 498244277 27 0
6166 498250443 23 0
5658 498256101 11 0
6138 498262239 17 0
11311 498273550 39 0
6173 498279723 13 0
5658 498285381 12 0
6138 498291519 16 0
11316 498302835 24 0
6158 498308993 26 0
5645 498314638 18 0
6151 498320789 16 0
11316 498332105 13 0
6160 498338265 29 0
6374 498344639 36 1
6624 498351263 26 0
12705 498363968 32 0
6636 498370604 17 0
5658 498376262 13 0
6132 498382394 18 0
11297 498393691 39 0
6147 498399838 28 0
7024 498406862 40 0
6171 498413033 14 0
11289 498424322 30 0
6148 498430470 17 0
5652 498436122 14 0
6132 498442254 18 0
11295 498453549 24 0
6161 498459710 19 0
5646 498465356 17 0
6119 498471475 19 0
11316 498482791 16 0
6160 498488951 14 0
5658 498494609 12 0
6138 498500747 17 0
11316 498512063 19 0
6173 498518236 19 0
5658 498523894 13 0
6138 498530032 16 0
11316 498541348 23 0
6160 498547508 19 0
5658 498553166 12 0
6149 498559315 27 0
11316 498570631 14 0
6159 498576790 18 0
5658 498582448 12 0
6138 498588586 15 0
11316 498599902 18 0
6173 498606075 16 0
5658 498611733 11 0
6138 498617871 19 0
11316 498629187 17 0
6159 498635346 17 0
5651 498640997 18 0
6115 498647112 27 0
11316 498658428 15 0
6160 498664588 18 0
5658 498670246 12 0
6126 498676372 24 0
11303 498687675 30 0
6173 498693848 16 0
5658 498699506 26 0
6132 498705638 20 0
11303 498716941 33 0
6118 498723059 21 0
5652 498728711 13 0
6131 498734842 23 0
11304 498746146 21 0
9484 498755630 177 39
894296 499649926 15708 4908
6707 499656633 61 0
19959 499676592 488 146
6698 499683290 40 0
6747 499690037 20 0
6684 499696721 25 1
15093 499711814 164 40
6883 499718697 32 0
4224104 4224104 81580 4158
9838367 14062471 51092 13043
19109765 33172236 20380 5287
18793362 51965598 24466 5888
19415355 71380953 18662 5289
19523108 90904061 18223 5324
18823109 109727170 23976 7189
18587004 128314174 20128 5131
19066229 147380403 19011 5233
19650811 167031214 18867 5381
19492792 186524006 21763 5613
19339441 205863447 19171 5283
19541843 225405290 19012 5354
19262909 244668199 19459 5310
18398468 263066667 26077 5227
19048247 282114914 19379 5376
19113289 301228203 19559 5330
19528576 320756779 18942 5418
19489446 340246225 20662 5457
19624039 359870264 19336 5428
19576766 379447030 19482 5321
19589151 399036181 19130 5374
19591214 418627395 20101 5331
19619535 438246930 19504 5403
19475713 457722643 19789 5272
19551176 477273819 19601 5372
14372917 491646736 30915 2695
4731555 496378291 9492 931
5652 496383943 39 5
5652 496389595 13 0
11789 496401384 41 1
6138 496407522 19 0
5640 496413162 14 0
5652 496418814 14 0
11801 496430615 60 1
6138 496436753 26 0
5646 496442399 15 0
5658 496448057 12 1
11788 496459845 43 0
6139 496465984 27 0
5649 496471633 27 1
5638 496477271 26 0
11804 496489075 45 0
6125 496495200 35 0
5652 496500852 17 0
5658 496506510 11 0
11795 496518305 34 2
7494 496525799 107 11
5658 496531457 17 4
5657 496537114 27 0
11809 496548923 40 0
6138 496555061 23 1
5658 496560719 14 2
5652 496566371 13 0
11819 496578190 31 0
6143 496584333 25 0
5639 496589972 15 0
5658 496595630 11 0
11818 496607448 41 0
6138 496613586 25 0
5640 496619226 21 3
5658 496624884 10 0
11782 496636666 48 0
6108 496642774 24 0
5658 496648432 16 2
5653 496654085 31 0
11843 496665928 29 0
6138 496672066 17 0
5658 496677724 15 1
5658 496683382 10 0
11818 496695200 20 0
6151 496701351 16 0
5658 496707009 16 0
5658 496712667 15 0
11817 496724484 38 2
6132 496730616 16 0
5658 496736274 18 3
5658 496741932 12 0
12289 496754221 33 1
6091 496760312 24 0
6115 496766427 20 0
5657 496772084 21 0
11785 496783869 35 0
6132 496790001 21 0
5658 496795659 11 0
5651 496801310 16 0
11831 496813141 27 0
6120 496819261 21 0
5658 496824919 13 0
5658 496830577 20 0
11811 496842388 31 0
6145 496848533 20 0
5658 496854191 13 1
5658 496859849 14 0
11818 496871667 36 0
6126 496877793 24 0
5658 496883451 14 0
5645 496889096 15 0
13208 496902304 71 38
6107 496908411 23 0
5658 496914069 13 0
5658 496919727 14 0
11818 496931545 31 0
6678 496938223 58 4
6333 496944556 20 1
5628 496950184 24 0
13288 496963472 51 1
6566 496970038 27 0
6116 496976154 20 0
5637 496981791 24 0
21342 497003133 501 228
6086 497009219 37 4
6110 497015329 22 0
6115 497021444 21 0
12226 497033670 41 0
6116 497039786 23 0
6142 497045928 21 0
6102 497052030 28 0
12219 497064249 51 0
6104 497070353 29 0
6084 497076437 31 0
6116 497082553 23 0
12217 497094770 58 1
6116 497100886 22 0
6116 497107002 22 0
6116 497113118 19 0
12230 497125348 38 0
6116 497131464 21 0
6110 497137574 23 0
6128 497143702 24 0
12232 497155934 33 0
6116 497162050 19 0
6115 497168165 19 0
5658 497173823 14 0
11796 497185619 25 0
6151 497191770 15 0
5658 497197428 17 0
11811 497209239 47 0
5658 497214897 17 0
6132 497221029 21 0
5658 497226687 17 0
11837 497238524 27 0
5658 497244182 14 0
6042 497250224 27 0
5658 497255882 15 0
11817 497267699 37 0
5651 497273350 16 0
6107 497279457 22 0
5650 497285107 20 0
13202 497298309 46 1
5658 497303967 17 0
6138 497310105 20 0
5658 497315763 13 0
11818 497327581 32 0
5646 497333227 18 0
6140 497339367 21 0
5645 497345012 19 0
11799 497356811 34 0
5645 497362456 18 0
6132 497368588 24 0
5658 497374246 13 0
11831 497386077 27 0
5652 497391729 17 0
6126 497397855 20 0
5658 497403513 14 0
11795 497415308 34 0
5658 497420966 19 0
6164 497427130 18 0
6115 497433245 22 0
11788 497445033 39 0
5658 497450691 22 0
6132 497456823 22 0
5643 497462466 29 0
11807 497474273 38 0
5658 497479931 16 0
6138 497486069 21 0
5658 497491727 14 0
11793 497503520 38 0
5652 497509172 17 0
6138 497515310 29 0
5622 497520932 24 0
11825 497532757 43 0
5658 497538415 12 0
6138 497544553 21 0
5657 497550210 19 0
11810 497562020 36 0
5652 497567672 18 0
6138 497573810 26 0
5650 497579460 19 0
11812 497591272 34 0
5645 497596917 21 0
6126 497603043 20 0
5658 497608701 14 0
11817 497620518 34 0
5658 497626176 15 0
6135 497632311 31 0
5661 497637972 28 0
11809 497649781 41 0
5658 497655439 15 0
6151 497661590 17 0
5640 497667230 17 0
13173 497680403 52 0
5658 497686061 16 0
6138 497692199 17 0
5658 497697857 14 0
11824 497709681 27 0
5657 497715338 19 0
6138 497721476 16 0
5658 497727134 14 0
11812 497738946 33 0
5646 497744592 15 0
6126 497750718 20 0
5650 497756368 25 0
11828 497768196 36 0
5652 497773848 17 0
6113 497779961 23 0
5646 497785607 16 0
11817 497797424 29 0
5658 497803082 12 0
6164 497809246 18 0
5658 497814904 15 0
11818 497826722 33 0
5658 497832380 13 0
6138 497838518 17 0
5658 497844176 10 0
11836 497856012 29 0
5658 497861670 13 0
6138 497867808 20 0
5658 497873466 18 0
11793 497885259 36 0
5658 497890917 15 0
6151 497897068 18 0
5658 497902726 14 0
11812 497914538 49 0
5657 497920195 23 0
6137 497926332 18 0
5658 497931990 13 0
11818 497943808 39 0
5646 497949454 18 0
6118 497955572 27 0
5658 497961230 11 0
11811 497973041 36 0
5645 497978686 23 0
6132 497984818 18 0
5638 497990456 21 0
11807 498002263 37 0
5658 498007921 10 0
6138 498014059 20 0
5658 498019717 16 0
11818 498031535 28 0
5657 498037192 26 0
6132 498043324 27 0
7021 498050345 39 0
11811 498062156 33 0
5658 498067814 14 0
6145 498073959 21 0
5658 498079617 16 0
11808 498091425 37 0
5651 498097076 17 0
6120 498103196 23 0
5639 498108835 19 0
11816 498120651 38 0
5658 498126309 15 0
6151 498132460 20 0
5633 498138093 20 0
11805 498149898 46 0
5657 498155555 16 0
6126 498161681 26 0
5658 498167339 14 0
11826 498179165 33 0
5658 498184823 16 0
6139 498190962 19 0
5645 498196607 20 0
11804 498208411 35 0
5658 498214069 16 0
6119 498220188 24 0
5634 498225822 18 0
11829 498237651 40 0
5652 498243303 19 0
6132 498249435 22 0
5645 498255080 22 0
11806 498266886 38 0
5658 498272544 17 0
6133 498278677 25 0
5658 498284335 16 0
11818 498296153 31 0
5657 498301810 18 0
6138 498307948 16 0
5658 498313606 16 0
11830 498325436 30 0
5658 498331094 16 0
6130 498337224 26 0
5652 498342876 15 0
11818 498354694 28 0
5658 498360352 14 0
6151 498366503 21 0
5658 498372161 15 0
11817 498383978 40 0
5658 498389636 16 0
6138 498395774 20 0
5658 498401432 17 0
11829 498413261 43 0
5657 498418918 18 0
7515 498426433 37 0
5646 498432079 19 0
11817 498443896 30 0
5658 498449554 14 0
6132 498455686 20 0
5628 498461314 17 0
11819 498473133 30 0
5658 498478791 20 0
6138 498484929 21 0
5658 498490587 16 0
11818 498502405 31 0
5658 498508063 12 0
6144 498514207 27 0
5652 498519859 16 0
11823 498531682 31 0
5658 498537340 9 0
6138 498543478 19 0
5658 498549136 13 0
11856 498560992 33 0
5652 498566644 21 0
6137 498572781 23 0
5658 498578439 16 0
11805 498590244 35 0
5616 498595860 22 0
6151 498602011 19 0
5652 498607663 15 0
11800 498619463 41 0
5657 498625120 21 0
6138 498631258 26 0
5658 498636916 20 0
12719 498649635 100 53
5658 498655293 15 0
6138 498661431 19 0
5658 498667089 11 0
11818 498678907 26 0
5658 498684565 16 0
6119 498690684 24 0
5658 498696342 15 0
11818 498708160 32 0
5652 498713812 20 0
6132 498719944 21 0
5658 498725602 11 0
11812 498737414 30 0
8997 498746411 196 55
902130 499648541 14998 4619
8339 499656880 789 67
13380 499670260 79 6
11808 499682068 357 117
6690 499688758 33 0
6449 499695207 23 1
16337 499711544 258 54
6601 499718145 34 0
4722231 4722231 90424 7934
10836499 15558730 44060 12645
19192454 34751184 21012 5947
18902103 53653287 21366 5145
19416675 73069962 18661 5279
18787253 91857215 24732 7400
18786374 110643589 19283 5158
19323396 129966985 19093 5228
19065632 149032617 18724 5217
19588681 168621298 22020 5763
19509464 188130762 19303 5367
19399748 207530510 19493 5379
19364549 226895059 19324 5392
19348270 246243329 20602 5283
18314121 264557450 23682 5074
19126682 283684132 19171 5258
19285271 302969403 19819 5295
19561064 322530467 18573 5332
19607268 342137735 18423 5401
19533566 361671301 18679 5366
19634332 381305633 19024 5314
19504780 400810413 18682 5387
19579498 420389911 19011 5415
19606492 439996403 18230 5322
19540108 459536511 19166 5348
19552782 479089293 18887 5390
13234043 492323336 29389 2111
4008730 496332066 8316 755
11776 496343842 335 28
6131 496349973 25 0
5658 496355631 18 0
5658 496361289 12 0
11819 496373108 35 0
6138 496379246 19 0
5662 496384908 34 0
5631 496390539 22 1
11804 496402343 52 0
6127 496408470 28 0
5652 496414122 20 0
5646 496419768 21 0
11806 496431574 51 0
6113 496437687 28 2
5658 496443345 22 8
5620 496448965 24 0
11825 496460790 34 0
6138 496466928 20 0
5651 496472579 25 0
5658 496478237 14 1
11813 496490050 48 2
6134 496496184 29 0
5639 496501823 23 0
5652 496507475 20 0
11791 496519266 50 2
6138 496525404 16 0
5658 496531062 12 0
5656 496536718 31 0
11824 496548542 36 0
6113 496554655 28 0
5658 496560313 14 0
5658 496565971 16 0
11791 496577762 52 0
6138 496583900 20 0
5642 496589542 24 0
5658 496595200 14 0
11794 496606994 40 0
6138 496613132 17 0
5615 496618747 21 0
7029 496625776 102 16
11790 496637566 48 0
6151 496643717 20 0
5638 496649355 22 0
5658 496655013 11 0
11792 496666805 38 1
6138 496672943 21 0
6109 496679052 31 0
5652 496684704 17 0
11797 496696501 39 3
6138 496702639 19 0
6103 496708742 31 0
5652 496714394 28 1
11778 496726172 30 0
15258 496741430 456 269
5632 496747062 41 4
5650 496752712 19 0
11796 496764508 48 1
6138 496770646 17 1
5658 496776304 13 0
5658 496781962 11 0
11818 496793780 31 0
6129 496799909 27 0
5640 496805549 19 2
5657 496811206 20 0
11812 496823018 46 0
6138 496829156 16 0
5657 496834813 18 1
5657 496840470 21 0
11831 496852301 21 0
6120 496858421 22 0
5658 496864079 17 0
5658 496869737 11 0
11805 496881542 39 0
6177 496887719 22 0
6099 496893818 31 0
5658 496899476 18 0
12977 496912453 108 19
6664 496919117 25 0
6601 496925718 28 0
6592 496932310 20 0
12246 496944556 56 0
6113 496950669 27 0
6097 496956766 24 0
6116 496962882 20 0
12231 496975113 41 0
6129 496981242 17 0
6116 496987358 19 0
6115 496993473 28 0
12220 497005693 29 0
6117 497011810 36 0
7493 497019303 37 2
6084 497025387 25 0
12212 497037599 46 0
6116 497043715 18 0
6096 497049811 34 0
6107 497055918 25 0
12231 497068149 42 0
6122 497074271 28 0
6104 497080375 31 0
6080 497086455 26 0
12220 497098675 39 0
6108 497104783 27 0
6116 497110899 20 0
5658 497116557 15 0
11797 497128354 33 0
6151 497134505 17 0
5640 497140145 20 0
5652 497145797 16 0
11810 497157607 40 0
6138 497163745 16 0
5658 497169403 16 0
5651 497175054 31 0
11813 497186867 36 0
6132 497192999 19 0
5626 497198625 24 0
5672 497204297 34 0
11810 497216107 41 0
6151 497222258 17 0
5646 497227904 17 0
5658 497233562 15 0
11810 497245372 41 0
6120 497251492 19 0
5645 497257137 21 0
5657 497262794 28 0
11828 497274622 47 0
6138 497280760 15 0
5656 497286416 27 0
5651 497292067 21 0
11805 497303872 34 0
6131 497310003 31 0
5651 497315654 26 0
5657 497321311 18 0
11805 497333116 36 0
6134 497339250 33 0
5646 497344896 17 0
5658 497350554 16 0
11827 497362381 42 0
6151 497368532 19 0
5658 497374190 13 0
5646 497379836 17 0
11779 497391615 35 0
7515 497399130 27 0
5650 497404780 31 0
5658 497410438 13 0
11830 497422268 35 0
6138 497428406 21 0
5638 497434044 24 0
5639 497439683 19 0
11812 497451495 21 0
6151 497457646 18 0
5640 497463286 21 0
5652 497468938 14 0
11818 497480756 27 0
6135 497486891 35 0
5645 497492536 18 0
5658 497498194 10 0
11816 497510010 31 0
6108 497516118 24 0
5633 497521751 22 0
5656 497527407 24 0
11805 497539212 35 0
6119 497545331 31 0
5655 497550986 27 0
5658 497556644 12 0
11819 497568463 36 0
6128 497574591 32 0
5663 497580254 24 0
5658 497585912 19 0
11787 497597699 35 0
6115 497603814 31 0
5650 497609464 28 0
5658 497615122 13 0
11827 497626949 40 0
6132 497633081 23 0
5645 497638726 19 0
5658 497644384 13 0
12717 497657101 119 57
6132 497663233 24 0
5658 497668891 19 0
5658 497674549 16 0
11799 497686348 47 0
6139 497692487 24 0
5658 497698145 14 0
5658 497703803 18 0
11816 497715619 55 0
6119 497721738 31 0
5640 497727378 16 0
5658 497733036 12 0
11807 497744843 45 0
6138 497750981 18 0
5652 497756633 31 0
5652 497762285 23 0
13169 497775454 58 0
6130 497781584 34 0
5646 497787230 19 0
5652 497792882 17 0
11819 497804701 40 0
6139 497810840 21 0
5646 497816486 19 0
5658 497822144 18 0
11810 497833954 39 0
6151 497840105 18 0
5656 497845761 23 0
5658 497851419 12 0
11813 497863232 42 0
6126 497869358 21 0
6110 497875468 20 0
5658 497881126 12 0
11803 497892929 27 0
6130 497899059 27 0
5658 497904717 12 0
5652 497910369 14 0
11796 497922165 44 0
6151 497928316 15 0
5658 497933974 12 0
5652 497939626 13 0
11816 497951442 38 0
6138 497957580 15 0
5635 497963215 24 0
5658 497968873 10 0
11828 497980701 43 0
6138 497986839 17 0
5651 497992490 21 0
5657 497998147 23 0
11809 498009956 46 0
6131 498016087 25 0
5658 498021745 13 0
5658 498027403 11 0
11831 498039234 26 0
6118 498045352 29 0
5643 498050995 29 0
5656 498056651 29 0
11804 498068455 31 0
6151 498074606 19 0
5658 498080264 12 0
5658 498085922 12 0
11818 498097740 20 0
6138 498103878 17 0
5652 498109530 23 0
11830 498121360 35 0
5650 498127010 24 0
6138 498133148 19 0
5657 498138805 23 0
13183 498151988 45 0
5658 498157646 12 0
6145 498163791 20 0
5653 498169444 23 0
11801 498181245 47 0
5658 498186903 13 0
6117 498193020 27 0
5658 498198678 14 0
11830 498210508 29 0
5658 498216166 14 0
6138 498222304 19 0
5658 498227962 15 0
11816 498239778 34 0
5645 498245423 21 0
6120 498251543 22 0
5658 498257201 13 0
11811 498269012 42 0
5650 498274662 28 0
6107 498280769 29 0
5656 498286425 23 0
11815 498298240 39 0
5658 498303898 11 0
6131 498310029 28 0
5562 498315591 18 0
11806 498327397 38 0
5652 498333049 9 0
6119 498339168 22 0
5640 498344808 14 0
11830 498356638 33 0
5658 498362296 14 0
6107 498368403 22 0
5632 498374035 21 0
11814 498385849 40 0
5640 498391489 19 0
6152 498397641 26 0
5658 498403299 16 0
11817 498415116 27 0
5652 498420768 15 0
6138 498426906 18 0
5636 498432542 26 0
11834 498444376 45 0
5658 498450034 15 0
6132 498456166 23 0
5651 498461817 24 0
11802 498473619 42 0
5638 498479257 23 0
6124 498485381 35 0
5658 498491039 12 0
11822 498502861 37 0
5658 498508519 12 0
6138 498514657 20 0
5652 498520309 19 0
13171 498533480 51 0
5658 498539138 13 0
6158 498545296 38 0
5652 498550948 15 0
11781 498562729 35 0
5652 498568381 19 0
6126 498574507 22 0
5640 498580147 18 0
11831 498591978 35 0
5658 498597636 17 0
6138 498603774 18 0
5658 498609432 12 0
11818 498621250 28 0
5658 498626908 13 0
6151 498633059 19 0
5658 498638717 15 0
11805 498650522 42 0
5658 498656180 14 0
6117 498662297 29 0
5658 498667955 13 0
11807 498679762 39 0
5639 498685401 24 0
6132 498691533 18 0
916015 499607548 15277 4833
15304 499622852 804 88
6770 499629622 56 2
6385 499636007 38 2
12080 499648087 383 126
13117 499661204 43 1
6746 499667950 31 0
8239 499676189 171 24
2062616 2062616 46072 2456
5453753 7516369 73607 11792
18737572 26253941 24806 6083
18645964 44899905 22887 5679
19274528 64174433 18265 5250
19394330 83568763 19665 5327
18568438 102137201 23669 7259
18602963 120740164 19265 5095
19218669 139958833 18780 5300
19431172 159390005 21200 5548
19452285 178842290 18972 5311
19199891 198042181 19130 5363
19425951 217468132 18897 5318
19084123 236552255 20095 5274
18466050 255018305 24144 5332
18934035 273952340 18834 5131
19267159 293219499 18895 5247
19450581 312670080 19908 5272
19550551 332220631 18957 5334
19524194 351744825 18376 5350
19439778 371184603 18747 5330
19609982 390794585 19284 5320
19516902 410311487 19117 5379
19510261 429821748 18974 5301
19511404 449333152 19021 5320
19498769 468831921 19956 5328
17248331 486080252 28094 4463
10013183 496093435 17297 397
275660 496369095 2804 926
11810 496380905 48 0
5656 496386561 20 0
7515 496394076 99 58
5652 496399728 16 0
11814 496411542 39 0
5658 496417200 9 0
6122 496423322 32 0
5652 496428974 14 0
11819 496440793 37 1
5649 496446442 23 0
6131 496452573 30 0
5662 496458235 28 0
11800 496470035 25 0
5658 496475693 10 0
6148 496481841 34 0
5658 496487499 10 0
11815 496499314 28 0
5645 496504959 27 0
6105 496511064 26 0
5658 496516722 10 0
20912 496537634 361 128
5658 496543292 33 1
6138 496549430 17 0
5658 496555088 15 3
11769 496566857 37 0
5654 496572511 22 0
6151 496578662 17 1
5645 496584307 19 2
11799 496596106 34 0
5668 496601774 32 0
6117 496607891 27 0
5658 496613549 16 0
11830 496625379 32 0
5646 496631025 19 0
6114 496637139 24 0
5658 496642797 13 0
11794 496654591 33 0
5649 496660240 25 0
6131 496666371 30 0
5651 496672022 22 3
12719 496684741 105 56
5651 496690392 25 0
6138 496696530 16 0
5652 496702182 11 1
11809 496713991 39 1
5657 496719648 25 1
6145 496725793 19 0
6116 496731909 26 1
11796 496743705 28 0
6109 496749814 25 0
6110 496755924 22 0
6103 496762027 26 1
11815 496773842 25 0
7022 496780864 44 5
6138 496787002 19 0
5662 496792664 17 1
11818 496804482 24 1
5644 496810126 25 0
6151 496816277 17 0
5656 496821933 31 0
11806 496833739 35 0
5657 496839396 28 0
6133 496845529 21 0
5643 496851172 23 2
11817 496862989 36 0
5646 496868635 18 0
6138 496874773 16 0
5658 496880431 14 2
11812 496892243 32 0
5652 496897895 20 0
6138 496904033 20 0
5658 496909691 14 2
11813 496921504 41 0
5658 496927162 16 1
6665 496933827 54 0
6333 496940160 30 9
12335 496952495 33 0
6615 496959110 21 1
6579 496965689 24 1
6116 496971805 18 0
12232 496984037 34 0
6103 496990140 27 0
6120 496996260 35 0
6116 497002376 17 0
12183 497014559 44 0
6097 497020656 25 0
6097 497026753 24 0
6114 497032867 29 0
12208 497045075 39 0
6116 497051191 17 0
6129 497057320 17 0
6113 497063433 28 0
12232 497075665 29 0
6116 497081781 19 0
6092 497087873 22 0
6120 497093993 27 0
12238 497106231 41 0
6116 497112347 18 0
6079 497118426 25 0
6086 497124512 22 0
12213 497136725 45 0
5646 497142371 18 0
6126 497148497 22 0
6122 497154619 25 0
13172 497167791 39 11
5658 497173449 13 0
6126 497179575 23 0
5651 497185226 19 0
11818 497197044 22 0
5658 497202702 13 0
6151 497208853 17 0
5658 497214511 11 0
11818 497226329 23 0
5651 497231980 17 0
6124 497238104 24 0
11308 497249412 35 0
6173 497255585 16 0
5645 497261230 18 0
6138 497267368 16 0
11315 497278683 30 0
6152 497284835 28 0
5652 497290487 15 0
6121 497296608 25 0
11316 497307924 20 0
6154 497314078 17 0
5645 497319723 17 0
6138 497325861 17 0
11291 497337152 27 0
6149 497343301 21 0
5651 497348952 16 0
6138 497355090 18 0
11316 497366406 23 0
6160 497372566 16 0
5658 497378224 13 0
6125 497384349 24 0
11302 497395651 36 0
6154 497401805 22 0
5651 497407456 17 0
6119 497413575 23 1
11304 497424879 29 0
6152 497431031 26 0
5658 497436689 21 0
6156 497442845 19 0
11313 497454158 38 0
6136 497460294 23 0
5658 497465952 12 0
6132 497472084 22 0
11285 497483369 30 0
6173 497489542 23 0
5652 497495194 17 0
6132 497501326 22 0
11296 497512622 26 0
6160 497518782 20 0
5658 497524440 13 0
6164 497530604 17 0
12674 497543278 51 0
6154 497549432 25 0
5652 497555084 18 0
6131 497561215 23 0
11312 497572527 45 0
6171 497578698 28 0
5652 497584350 15 0
6148 497590498 29 0
11315 497601813 40 0
6153 497607966 23 0
5655 497613621 22 0
6137 497619758 19 0
11315 497631073 19 0
6173 497637246 15 0
5652 497642898 18 0
6129 497649027 28 0
11297 497660324 24 0
6142 497666466 24 0
5640 497672106 16 0
6145 497678251 18 0
11321 497689572 43 0
6135 497695707 28 0
5640 497701347 15 0
6123 497707470 28 0
11319 497718789 32 0
6172 497724961 18 0
5650 497730611 24 0
6138 497736749 16 0
11327 497748076 42 0
6147 497754223 29 0
5658 497759881 16 0
6127 497766008 23 0
11301 497777309 33 0
6154 497783463 21 0
5652 497789115 19 0
6132 497795247 20 0
11314 497806561 46 0
6167 497812728 23 0
5658 497818386 17 0
6124 497824510 21 0
11304 497835814 27 0
6152 497841966 22 0
5652 497847618 15 0
6131 497853749 23 0
11315 497865064 27 0
6161 497871225 28 0
5658 497876883 14 0
6125 497883008 22 0
11298 497894306 22 0
6135 497900441 24 0
5652 497906093 15 0
6158 497912251 20 0
12688 497924939 43 0
6159 497931098 18 0
5658 497936756 12 0
6138 497942894 17 0
11306 497954200 35 0
6173 497960373 16 0
5640 497966013 21 0
6138 497972151 22 0
11310 497983461 29 0
6159 497989620 13 0
5658 497995278 19 0
6126 498001404 25 0
11294 498012698 40 0
6140 498018838 24 0
5652 498024490 14 0
6132 498030622 22 0
11316 498041938 43 0
6155 498048093 22 0
5658 498053751 14 0
6138 498059889 19 0
11316 498071205 18 0
6160 498077365 16 0
5658 498083023 12 0
6138 498089161 18 0
11316 498100477 20 0
6173 498106650 20 0
5646 498112296 18 0
6113 498118409 22 0
11297 498129706 23 0
6160 498135866 20 0
5646 498141512 15 0
6145 498147657 20 0
11309 498158966 29 0
6136 498165102 24 0
5654 498170756 30 0
6129 498176885 23 0
11306 498188191 36 0
6166 498194357 17 0
5628 498199985 21 0
6125 498206110 19 0
11312 498217422 35 0
6152 498223574 28 0
5657 498229231 17 0
6159 498235390 28 0
11314 498246704 34 0
6152 498252856 23 0
5658 498258514 16 0
6114 498264628 22 0
11319 498275947 30 0
6214 498282161 30 0
5657 498287818 13 0
7505 498295323 39 0
11299 498306622 32 0
6159 498312781 23 0
5657 498318438 17 0
6127 498324565 21 0
11262 498335827 30 0
6177 498342004 29 0
5651 498347655 18 0
6141 498353796 29 0
11285 498365081 29 0
6159 498371240 21 0
5650 498376890 25 0
6139 498383029 23 0
11297 498394326 36 0
6160 498400486 26 0
5645 498406131 19 0
6113 498412244 23 0
11315 498423559 29 0
6166 498429725 22 0
5658 498435383 19 0
6138 498441521 14 0
11313 498452834 30 0
6147 498458981 26 0
5652 498464633 17 0
6143 498470776 27 0
11298 498482074 22 0
6158 498488232 29 1
5640 498493872 16 0
6138 498500010 17 0
11309 498511319 25 0
6154 498517473 23 0
5651 498523124 20 0
6102 498529226 26 0
11303 498540529 23 0
6158 498546687 27 0
5645 498552332 17 0
6137 498558469 20 0
11314 498569783 26 0
6173 498575956 17 0
5658 498581614 16 0
6138 498587752 24 0
11298 498599050 29 0
6152 498605202 23 0
5652 498610854 20 0
6139 498616993 22 0
11303 498628296 38 0
6165 498634461 27 0
5652 498640113 16 0
6130 498646243 30 0
11321 498657564 27 0
6180 498663744 21 0
7035 498670779 26 0
6138 498676917 17 0
11316 498688233 20 0
6160 498694393 21 0
5658 498700051 12 0
6139 498706190 22 0
11316 498717506 26 0
6160 498723666 20 0
5658 498729324 12 0
6138 498735462 18 0
11285 498746747 29 0
6173 498752920 15 0
5658 498758578 11 0
6138 498764716 18 0
11316 498776032 20 0
573985 499350017 10770 3866
536394 499886411 5127 958
6701 499893112 63 0
13449 499906561 65 9
11706 499918267 396 158
6668 499924935 40 0
6856 499931791 37 0
15004 499946795 156 18
6333 499953128 18 0
