3677871 3677871 72671 3802
10955222 14633093 59668 12988
19256914 33890007 18849 5251
18114248 52004255 24191 5521
19472046 71476301 19448 5244
19524166 91000467 19481 5298
19362003 110362470 19940 5211
18105394 128467864 26345 7111
19022428 147490292 20645 5220
19671957 167162249 21093 5353
19416792 186579041 22486 5587
19328314 205907355 21153 5294
19463855 225371210 20709 5367
19457240 244828450 20188 5237
18298866 263127316 27466 5059
19188520 282315836 21677 5176
19019781 301335617 21278 5194
19572028 320907645 21042 5370
19607044 340514689 21379 5334
19551267 360065956 22282 5326
19520273 379586229 21912 5271
19626580 399212809 21331 5334
19616024 418828833 21686 5287
19594011 438422844 21982 5311
19521410 457944254 21747 5288
19581352 477525606 21876 5286
14270342 491795948 30730 2283
4687552 496483500 10094 718
5660 496489160 43 0
5662 496494822 24 0
6130 496500952 26 0
11825 496512777 48 1
5658 496518435 10 0
5643 496524078 23 0
6136 496530214 29 1
11789 496542003 34 0
5659 496547662 27 0
5649 496553311 27 0
6173 496559484 14 0
11796 496571280 21 0
5652 496576932 13 0
5659 496582591 27 0
6118 496588709 22 0
11781 496600490 31 0
5658 496606148 9 0
5658 496611806 10 0
13178 496624984 135 15
6131 496631115 25 0
5658 496636773 12 0
5658 496642431 14 0
11766 496654197 42 0
6115 496660312 28 1
5663 496665975 15 0
5639 496671614 20 0
11804 496683418 38 0
6138 496689556 15 0
5650 496695206 20 0
5658 496700864 11 0
11806 496712670 40 0
6126 496718796 24 0
5628 496724424 16 0
5657 496730081 20 0
11818 496741899 31 0
6139 496748038 20 0
5658 496753696 15 1
5646 496759342 20 0
11785 496771127 43 0
6138 496777265 18 0
5658 496782923 13 0
5660 496788583 20 0
11825 496800408 32 0
6120 496806528 21 0
5673 496812201 32 0
5658 496817859 11 0
11810 496829669 41 0
6138 496835807 17 1
15210 496851017 323 74
5658 496856675 31 4
11785 496868460 62 0
6138 496874598 19 0
5645 496880243 16 0
5658 496885901 10 0
11818 496897719 34 0
6146 496903865 27 0
5649 496909514 23 0
5658 496915172 11 0
11812 496926984 34 0
6138 496933122 18 0
5654 496938776 28 0
5658 496944434 9 0
11818 496956252 25 0
6138 496962390 19 0
5646 496968036 19 0
5656 496973692 26 0
11811 496985503 33 0
6151 496991654 18 0
5640 496997294 16 0
7029 497004323 42 5
11817 497016140 37 0
6138 497022278 18 0
6116 497028394 20 0
5658 497034052 14 0
12525 497046577 75 0
10160 497056737 236 27
6641 497063378 36 1
6333 497069711 17 0
12692 497082403 49 0
6107 497088510 29 0
6129 497094639 20 0
6115 497100754 24 0
12207 497112961 40 0
6068 497119029 24 0
6116 497125145 17 0
6105 497131250 32 0
12237 497143487 46 0
6104 497149591 24 0
6098 497155689 23 0
6117 497161806 29 0
12232 497174038 31 0
6098 497180136 24 0
6116 497186252 23 0
6123 497192375 23 0
12210 497204585 43 0
6122 497210707 18 0
6110 497216817 17 0
6108 497222925 23 0
12216 497235141 47 0
6127 497241268 25 0
6116 497247384 19 0
5640 497253024 16 0
11777 497264801 32 0
6140 497270941 32 0
5652 497276593 13 0
5656 497282249 24 0
11816 497294065 42 0
6138 497300203 20 0
5652 497305855 17 0
5668 497311523 29 0
11804 497323327 41 0
6138 497329465 16 0
5658 497335123 13 0
5661 497340784 18 0
11830 497352614 33 0
6137 497358751 21 0
5658 497364409 12 0
5652 497370061 14 0
11812 497381873 40 0
6151 497388024 17 0
7029 497395053 44 0
5658 497400711 12 0
11818 497412529 25 0
6138 497418667 19 0
5658 497424325 13 0
5657 497429982 17 0
11806 497441788 41 0
6138 497447926 14 0
5639 497453565 15 0
5658 497459223 12 0
11818 497471041 25 0
6139 497477180 20 0
5657 497482837 19 0
5656 497488493 20 0
11811 497500304 33 0
6138 497506442 15 0
5652 497512094 14 0
5652 497517746 15 0
11819 497529565 36 0
6138 497535703 20 0
5658 497541361 10 0
5658 497547019 12 0
11797 497558816 39 0
6138 497564954 17 0
5652 497570606 14 0
5658 497576264 13 0
11818 497588082 38 0
6132 497594214 18 0
5652 497599866 15 0
5652 497605518 15 0
11801 497617319 46 1
14352 497631671 278 92
5652 497637323 27 0
5651 497642974 15 0
11806 497654780 34 0
6132 497660912 21 0
5658 497666570 20 0
5658 497672228 12 0
11831 497684059 25 0
6138 497690197 20 0
5658 497695855 16 0
5658 497701513 13 0
11818 497713331 27 0
6151 497719482 18 0
5658 497725140 14 0
5658 497730798 13 0
11818 497742616 27 0
6138 497748754 16 0
5651 497754405 25 0
5658 497760063 16 0
12693 497772756 130 51
7515 497780271 39 9
5652 497785923 20 0
5658 497791581 10 0
11817 497803398 32 0
6132 497809530 19 0
5652 497815182 15 0
5658 497820840 14 0
11830 497832670 31 0
6138 497838808 16 0
5658 497844466 13 0
5658 497850124 11 0
11818 497861942 21 0
6151 497868093 18 0
5658 497873751 14 0
5657 497879408 18 0
11786 497891194 38 0
6132 497897326 20 0
5658 497902984 17 0
5658 497908642 12 0
11831 497920473 26 0
6138 497926611 19 0
5658 497932269 14 0
5658 497937927 13 0
11811 497949738 42 0
6152 497955890 19 0
5634 497961524 17 0
5658 497967182 15 0
11825 497979007 46 0
6138 497985145 21 0
5651 497990796 23 0
5658 497996454 13 0
11832 498008286 31 0
6133 498014419 22 0
6115 498020534 29 0
5652 498026186 14 0
11788 498037974 30 0
6138 498044112 21 0
5658 498049770 11 0
5658 498055428 15 0
11816 498067244 44 0
6138 498073382 19 0
5658 498079040 13 0
5658 498084698 13 0
11810 498096508 36 0
6151 498102659 16 0
5652 498108311 18 0
5658 498113969 15 0
11818 498125787 26 0
6138 498131925 18 0
5650 498137575 19 0
5658 498143233 15 0
13189 498156422 69 4
6138 498162560 19 0
5646 498168206 17 0
5658 498173864 13 0
11802 498185666 40 0
6127 498191793 25 0
5652 498197445 16 0
5658 498203103 11 0
11817 498214920 40 0
6132 498221052 19 0
5657 498226709 19 0
5658 498232367 14 0
11827 498244194 47 0
6138 498250332 19 0
5652 498255984 17 0
5658 498261642 14 0
11817 498273459 41 0
6132 498279591 15 0
5634 498285225 21 0
5658 498290883 11 0
11810 498302693 39 0
6138 498308831 20 0
5646 498314477 17 0
5658 498320135 11 0
11805 498331940 31 0
6139 498338079 24 0
5658 498343737 14 0
5658 498349395 11 0
11818 498361213 24 0
6142 498367355 25 0
5652 498373007 15 0
5652 498378659 17 0
11843 498390502 36 0
6138 498396640 19 0
5658 498402298 15 0
5658 498407956 22 0
11811 498419767 32 0
6151 498425918 22 0
5645 498431563 22 0
5658 498437221 17 0
11816 498449037 31 0
6138 498455175 19 0
5658 498460833 16 0
5658 498466491 16 0
11801 498478292 49 0
6138 498484430 15 0
5652 498490082 17 0
5658 498495740 15 0
11816 498507556 33 0
6125 498513681 19 0
5646 498519327 18 0
5658 498524985 15 0
13202 498538187 43 0
6138 498544325 20 0
5658 498549983 12 0
5658 498555641 14 0
11812 498567453 29 0
6150 498573603 21 0
5658 498579261 15 0
5658 498584919 13 0
11805 498596724 27 0
6138 498602862 17 0
5663 498608525 17 0
11812 498620337 41 0
5646 498625983 22 0
6132 498632115 22 0
5639 498637754 19 0
11815 498649569 33 0
5658 498655227 16 0
6150 498661377 22 0
5652 498667029 17 0
11797 498678826 39 0
5658 498684484 15 0
6139 498690623 22 0
5658 498696281 15 0
11817 498708098 42 0
5658 498713756 15 0
6138 498719894 19 0
5658 498725552 16 0
11828 498737380 35 0
5658 498743038 14 0
6137 498749175 19 0
5658 498754833 15 0
11837 498766670 31 0
5651 498772321 16 0
6138 498778459 16 0
5652 498784111 14 0
11797 498795908 39 0
5655 498801563 27 0
6151 498807714 16 0
5658 498813372 13 0
11794 498825166 36 0
5658 498830824 15 0
9469 498840293 176 23
903955 499744248 15432 4121
13553 499757801 121 3
6393 499764194 27 0
6099 499770293 38 0
11871 499782164 382 92
13116 499795280 72 0
6846 499802126 37 0
9646 499811772 232 24
1878925 1878925 43717 1649
5639234 7518159 76679 12386
18677230 26195389 24537 5586
18743553 44938942 19936 5025
19148611 64087553 21360 5827
19421669 83509222 18229 5288
19381616 102890838 18376 5240
19234937 122125775 18688 5212
18932433 141058208 23026 7198
18899777 159957985 19788 5126
19419061 179377046 18419 5217
19251973 198629019 18359 5216
19365000 217994019 21048 5631
19262369 237256388 18562 5175
18559521 255815909 23368 5114
19429763 275245672 18957 5335
19257014 294502686 20384 5285
19220064 313722750 18817 5121
19001643 332724393 19425 5196
8162603 340886996 8369 2204
10449199 351336195 11523 2847
19559337 370895532 19054 5242
19668460 390563992 18608 5349
19570538 410134530 18945 5286
19494026 429628556 19492 5255
19562966 449191522 18698 5255
19609957 468801479 18730 5366
17398267 486199746 28162 4420
10063741 496263487 17719 293
496735 496760222 3029 568
6116 496766338 31 3
5651 496771989 24 1
11811 496783800 38 0
5649 496789449 22 0
6164 496795613 17 0
5639 496801252 17 0
11797 496813049 50 0
5669 496818718 24 0
6096 496824814 24 0
7015 496831829 101 24
11806 496843635 36 0
5652 496849287 13 0
6124 496855411 21 0
5670 496861081 28 0
11806 496872887 56 1
5648 496878535 27 1
6133 496884668 32 0
5652 496890320 17 0
11833 496902153 41 0
5658 496907811 25 0
6119 496913930 27 0
5643 496919573 25 0
11812 496931385 33 0
5652 496937037 17 0
6151 496943188 15 0
5639 496948827 19 1
11828 496960655 44 0
5652 496966307 15 0
6129 496972436 28 0
5658 496978094 10 1
11825 496989919 31 0
5652 496995571 15 0
6138 497001709 17 0
5644 497007353 23 0
11776 497019129 30 0
5658 497024787 12 0
6136 497030923 27 0
5658 497036581 9 0
11799 497048380 33 0
5658 497054038 13 1
6125 497060163 21 0
5667 497065830 34 0
20865 497086695 364 70
5630 497092325 39 1
6138 497098463 16 0
6116 497104579 18 1
11788 497116367 43 1
5640 497122007 15 0
6107 497128114 24 0
6128 497134242 23 1
11796 497146038 34 0
5658 497151696 14 0
6138 497157834 18 0
5657 497163491 31 0
11811 497175302 38 2
5655 497180957 30 0
6144 497187101 30 0
5640 497192741 23 0
11817 497204558 37 0
5647 497210205 31 0
7509 497217714 74 22
5658 497223372 20 0
11812 497235184 34 0
5658 497240842 23 0
6126 497246968 28 1
5658 497252626 12 0
11812 497264438 27 0
5664 497270102 17 0
7039 497277141 99 43
5658 497282799 16 1
11806 497294605 28 0
5646 497300251 16 0
6138 497306389 18 0
5658 497312047 20 0
12349 497324396 79 0
6602 497330998 24 0
6635 497337633 32 0
6602 497344235 19 0
12834 497357069 47 0
6116 497363185 24 0
6116 497369301 17 0
6109 497375410 28 0
12218 497387628 45 0
6117 497393745 31 0
6116 497399861 18 0
6090 497405951 28 0
12226 497418177 37 0
6129 497424306 17 0
6098 497430404 26 0
6104 497436508 24 0
12218 497448726 39 0
6116 497454842 15 0
6086 497460928 23 0
6098 497467026 23 0
12239 497479265 37 0
6090 497485355 24 0
6116 497491471 17 0
6114 497497585 30 0
12138 497509723 52 0
5652 497515375 21 0
6151 497521526 17 0
6097 497527623 25 0
11782 497539405 32 0
5644 497545049 25 0
6136 497551185 26 0
5628 497556813 17 0
11831 497568644 38 0
5652 497574296 20 0
6120 497580416 22 0
5652 497586068 15 0
11806 497597874 37 0
7035 497604909 42 3
6134 497611043 33 0
5667 497616710 32 0
11828 497628538 42 0
5644 497634182 27 0
6119 497640301 26 0
5652 497645953 14 0
11798 497657751 35 0
5669 497663420 24 0
6149 497669569 34 0
5652 497675221 15 0
11832 497687053 40 0
5658 497692711 12 0
6138 497698849 19 0
5644 497704493 27 0
11818 497716311 40 0
5658 497721969 11 0
6126 497728095 24 0
5640 497733735 14 0
11799 497745534 30 0
5658 497751192 12 0
6139 497757331 20 0
5658 497762989 9 0
11805 497774794 33 0
5656 497780450 20 0
6138 497786588 18 0
5654 497792242 26 0
11831 497804073 21 0
5645 497809718 25 0
6138 497815856 17 0
5655 497821511 23 0
11800 497833311 28 0
5652 497838963 17 0
6126 497845089 17 0
5658 497850747 11 0
11831 497862578 30 0
5627 497868205 21 0
6132 497874337 20 0
5657 497879994 24 0
11815 497891809 32 0
5658 497897467 11 0
6121 497903588 23 0
11309 497914897 44 0
6160 497921057 18 0
5643 497926700 29 0
6119 497932819 28 0
11318 497944137 33 0
6168 497950305 27 0
5658 497955963 15 0
6137 497962100 25 0
11299 497973399 40 0
7536 497980935 36 0
5658 497986593 15 0
6138 497992731 23 0
11325 498004056 36 0
6124 498010180 23 0
5652 498015832 15 0
6120 498021952 23 0
11290 498033242 38 1
6173 498039415 12 0
5652 498045067 15 0
6119 498051186 29 0
11293 498062479 39 0
6160 498068639 16 0
5657 498074296 25 0
6138 498080434 16 0
11302 498091736 54 0
6166 498097902 23 0
5638 498103540 22 0
6108 498109648 24 0
11303 498120951 33 0
6159 498127110 25 0
5658 498132768 12 0
6151 498138919 20 0
11273 498150192 39 0
6154 498156346 21 0
5658 498162004 12 0
6120 498168124 24 0
11319 498179443 43 0
6173 498185616 17 0
5639 498191255 21 0
6101 498197356 25 0
11316 498208672 20 0
6153 498214825 25 0
5653 498220478 25 0
6151 498226629 17 0
11293 498237922 27 0
6144 498244066 27 0
5654 498249720 25 0
6138 498255858 17 0
11279 498267137 43 0
6143 498273280 22 0
5646 498278926 16 0
6131 498285057 20 0
11765 498296822 49 0
6114 498302936 20 0
5658 498308594 15 0
6138 498314732 17 0
11294 498326026 48 0
6186 498332212 18 0
5646 498337858 22 0
6124 498343982 22 0
12686 498356668 48 0
6142 498362810 24 0
5652 498368462 16 0
6151 498374613 17 0
11286 498385899 38 0
6160 498392059 16 0
5643 498397702 27 0
6132 498403834 20 0
11315 498415149 36 0
6173 498421322 17 0
5644 498426966 28 0
6112 498433078 29 0
11302 498444380 35 0
6150 498450530 27 0
5657 498456187 30 0
6145 498462332 20 0
11283 498473615 27 0
6160 498479775 13 0
5657 498485432 17 0
6113 498491545 28 0
11309 498502854 44 0
6160 498509014 23 0
5661 498514675 21 0
6137 498520812 23 0
11302 498532114 27 0
6160 498538274 17 0
5662 498543936 16 0
6136 498550072 27 0
11325 498561397 35 0
6173 498567570 17 0
5660 498573230 30 0
6119 498579349 23 0
11331 498590680 40 0
6149 498596829 20 0
5651 498602480 21 0
6121 498608601 25 0
11301 498619902 28 0
6160 498626062 18 0
5669 498631731 21 0
6124 498637855 29 0
11286 498649141 39 0
6166 498655307 20 0
5651 498660958 20 0
6135 498667093 24 0
11282 498678375 32 0
6160 498684535 15 0
5649 498690184 22 0
6157 498696341 23 0
11281 498707622 33 0
6160 498713782 19 0
5656 498719438 30 0
6138 498725576 18 0
12690 498738266 59 0
6167 498744433 18 0
5660 498750093 27 0
6124 498756217 30 0
11289 498767506 40 0
6160 498773666 16 0
5656 498779322 27 0
6138 498785460 17 0
11303 498796763 32 0
6155 498802918 24 0
5652 498808570 14 0
6119 498814689 21 0
11323 498826012 52 0
6160 498832172 15 0
5674 498837846 32 0
6138 498843984 24 0
11284 498855268 34 0
6160 498861428 19 0
5658 498867086 12 0
6112 498873198 26 0
11316 498884514 17 0
6173 498890687 20 0
5652 498896339 16 0
6113 498902452 30 0
11315 498913767 40 0
6158 498919925 24 0
5667 498925592 33 0
6151 498931743 18 0
11307 498943050 38 0
6149 498949199 18 0
5639 498954838 19 0
6138 498960976 18 0
11316 498972292 32 0
6173 498978465 18 0
5658 498984123 14 0
6119 498990242 23 0
11258 499001500 40 0
6152 499007652 27 0
5658 499013310 13 0
6125 499019435 20 0
11308 499030743 32 0
6166 499036909 19 0
5652 499042561 13 0
6119 499048680 26 0
11316 499059996 19 0
6160 499066156 15 0
5658 499071814 17 0
6156 499077970 29 0
11297 499089267 35 0
6141 499095408 24 0
10374 499105782 220 43
908310 500014092 14709 4149
14813 500028905 811 32
6716 500035621 49 0
6684 500042305 25 0
11960 500054265 366 83
13395 500067660 84 1
6667 500074327 25 0
8251 500082578 149 17
6715 500089293 29 0
3367627 3367627 65132 3734
9981047 13348674 64360 12650
19346154 32694828 19493 5292
18650542 51345370 25066 5606
19369965 70715335 21373 5300
19432913 90148248 20510 5299
19279877 109428125 20624 5189
18262476 127690601 26264 7207
19156320 146846921 20727 5194
19478177 166325098 21306 5266
19163155 185488253 22722 5456
19423683 204911936 21180 5263
19532618 224444554 20755 5394
19352185 243796739 21266 5295
18754156 262550895 25131 5140
18880812 281431707 19937 5210
19125154 300556861 19445 5168
19313872 319870733 18764 5241
19571589 339442322 19437 5304
19565543 359007865 19861 5392
19463921 378471786 19845 5288
19572183 398043969 19048 5276
19617552 417661521 19096 5262
19550868 437212389 19571 5334
19531835 456744224 19663 5272
19565893 476310117 19806 5285
14878225 491188342 30371 2547
5125937 496314279 10817 668
5657 496319936 35 2
6131 496326067 22 0
5662 496331729 19 0
11808 496343537 35 0
5658 496349195 11 0
6135 496355330 35 0
5643 496360973 23 0
11823 496372796 40 0
5651 496378447 28 0
6118 496384565 25 1
5658 496390223 13 0
11811 496402034 26 0
5646 496407680 24 0
6145 496413825 20 0
5655 496419480 23 0
11820 496431300 35 0
5658 496436958 14 0
6138 496443096 15 0
5658 496448754 12 0
11812 496460566 27 0
5656 496466222 19 0
6137 496472359 20 0
5658 496478017 9 0
11834 496489851 45 1
5658 496495509 18 0
15241 496510750 357 44
5663 496516413 40 0
11817 496528230 32 0
5661 496533891 26 0
6118 496540009 27 0
5650 496545659 22 0
11831 496557490 24 1
5658 496563148 12 0
6113 496569261 29 0
5658 496574919 11 0
11794 496586713 37 1
5658 496592371 17 0
6119 496598490 25 0
5656 496604146 26 0
13186 496617332 118 17
5652 496622984 16 0
6137 496629121 21 0
5655 496634776 26 0
11807 496646583 38 0
5657 496652240 20 0
6148 496658388 31 0
6116 496664504 27 3
11788 496676292 47 1
5660 496681952 32 0
6125 496688077 23 0
6102 496694179 30 0
11807 496705986 58 0
5654 496711640 22 0
6102 496717742 27 0
5658 496723400 14 0
11818 496735218 26 0
5657 496740875 20 0
6143 496747018 19 0
5656 496752674 20 1
11806 496764480 30 0
5639 496770119 21 0
6096 496776215 27 0
5658 496781873 13 1
11830 496793703 25 0
5658 496799361 13 0
6125 496805486 24 0
5658 496811144 14 1
11806 496822950 43 0
5645 496828595 25 0
6145 496834740 18 0
5658 496840398 14 1
11825 496852223 32 0
5640 496857863 16 0
6135 496863998 24 0
6116 496870114 20 1
12986 496883100 77 0
6373 496889473 20 0
6631 496896104 26 0
6579 496902683 22 0
11777 496914460 41 0
6073 496920533 26 0
6116 496926649 16 0
6116 496932765 17 0
12184 496944949 48 0
6097 496951046 24 0
6116 496957162 19 0
6115 496963277 22 0
12211 496975488 41 0
6116 496981604 18 0
6104 496987708 29 0
6097 496993805 28 0
13585 497007390 73 16
6110 497013500 19 0
6110 497019610 21 0
6116 497025726 17 0
12221 497037947 43 0
6116 497044063 20 0
6092 497050155 23 0
6079 497056234 25 0
12243 497068477 44 0
6104 497074581 24 0
6116 497080697 19 0
6141 497086838 29 0
11794 497098632 40 0
5658 497104290 12 0
6114 497110404 22 0
5640 497116044 20 0
11804 497127848 33 0
5658 497133506 13 0
6139 497139645 18 0
5646 497145291 19 0
11815 497157106 38 0
5657 497162763 25 0
6125 497168888 26 0
5658 497174546 14 0
11817 497186363 41 0
5652 497192015 19 0
6126 497198141 21 0
5633 497203774 25 0
11812 497215586 24 0
5657 497221243 31 0
6139 497227382 22 0
5649 497233031 25 0
11785 497244816 41 0
5658 497250474 12 0
6125 497256599 30 0
5658 497262257 8 0
11817 497274074 42 0
5667 497279741 29 0
6117 497285858 29 0
5652 497291510 17 0
11807 497303317 42 0
5658 497308975 16 0
6106 497315081 26 0
5652 497320733 20 0
11822 497332555 34 0
5652 497338207 15 0
6132 497344339 20 0
5658 497349997 11 0
11816 497361813 39 0
5658 497367471 13 0
6125 497373596 27 0
7029 497380625 35 6
11805 497392430 30 0
5658 497398088 13 0
6132 497404220 23 0
5644 497409864 19 0
11799 497421663 42 0
5649 497427312 27 0
6126 497433438 23 0
5657 497439095 18 0
11804 497450899 45 0
5658 497456557 13 0
6146 497462703 19 0
5646 497468349 18 0
11806 497480155 28 0
5658 497485813 12 0
6137 497491950 26 0
5658 497497608 15 0
11817 497509425 45 0
5658 497515083 10 0
6125 497521208 30 0
5640 497526848 17 0
11827 497538675 37 0
5646 497544321 16 0
6119 497550440 23 0
5652 497556092 17 0
11812 497567904 32 0
5655 497573559 29 0
6138 497579697 23 0
5658 497585355 11 0
11796 497597151 44 0
5652 497602803 24 0
6151 497608954 17 0
5652 497614606 16 0
11818 497626424 57 13
5649 497632073 25 0
6138 497638211 21 0
5646 497643857 17 0
11821 497655678 41 0
5667 497661345 28 0
6137 497667482 28 0
5651 497673133 13 0
11792 497684925 37 0
5650 497690575 26 0
6144 497696719 20 0
5645 497702364 18 0
11819 497714183 44 0
5658 497719841 14 0
6117 497725958 27 0
5674 497731632 28 0
11831 497743463 35 0
5658 497749121 13 0
7509 497756630 36 0
5653 497762283 27 0
11820 497774103 42 0
5658 497779761 12 0
6118 497785879 27 0
5652 497791531 12 0
11830 497803361 30 0
5658 497809019 11 0
6136 497815155 22 0
5634 497820789 16 0
11808 497832597 42 0
5640 497838237 20 0
6129 497844366 21 0
6104 497850470 22 0
11796 497862266 32 0
5658 497867924 11 0
6126 497874050 24 0
5658 497879708 13 0
11818 497891526 40 0
5658 497897184 10 0
6120 497903304 19 0
5658 497908962 12 0
11818 497920780 25 0
5658 497926438 12 0
6132 497932570 24 0
5658 497938228 13 0
11812 497950040 22 0
5651 497955691 17 0
6138 497961829 14 0
11279 497973108 28 0
6173 497979281 16 0
5652 497984933 13 0
6138 497991071 16 0
11286 498002357 37 0
6134 498008491 25 0
5645 498014136 35 12
6137 498020273 34 1
11316 498031589 19 0
6173 498037762 15 0
5652 498043414 18 0
6138 498049552 17 0
11310 498060862 38 0
6148 498067010 24 0
5652 498072662 18 0
6151 498078813 15 0
11309 498090122 29 0
6128 498096250 29 0
5655 498101905 27 0
6138 498108043 20 0
11290 498119333 44 0
6173 498125506 16 0
7035 498132541 27 0
6138 498138679 17 0
11304 498149983 36 0
6160 498156143 19 0
5657 498161800 21 0
6151 498167951 18 0
11284 498179235 40 0
6148 498185383 26 0
5652 498191035 18 0
6119 498197154 21 0
11303 498208457 22 0
6193 498214650 22 0
5640 498220290 22 0
6139 498226429 37 0
11310 498237739 30 0
6160 498243899 15 0
5658 498249557 11 0
6138 498255695 17 0
11273 498266968 40 0
6167 498273135 25 0
5668 498278803 24 0
6138 498284941 30 0
11293 498296234 36 0
6150 498302384 29 0
5658 498308042 11 0
6152 498314194 21 0
11305 498325499 30 0
6138 498331637 29 0
5657 498337294 23 0
6113 498343407 31 0
11316 498354723 19 0
6155 498360878 21 0
5668 498366546 25 0
6138 498372684 18 0
11316 498384000 39 0
6160 498390160 17 0
5658 498395818 13 0
6128 498401946 25 0
11304 498413250 19 0
6148 498419398 22 0
5651 498425049 23 0
6138 498431187 20 0
11305 498442492 42 0
6173 498448665 18 0
5651 498454316 17 0
6138 498460454 17 0
11316 498471770 35 0
6160 498477930 19 0
5658 498483588 11 0
6138 498489726 16 0
11303 498501029 24 0
7550 498508579 27 0
5652 498514231 15 0
6138 498520369 16 0
11283 498531652 34 0
6152 498537804 21 0
5658 498543462 8 0
6139 498549601 18 0
11298 498560899 35 0
6160 498567059 17 0
5658 498572717 10 0
6138 498578855 15 0
11301 498590156 27 0
6186 498596342 19 0
5658 498602000 21 0
6138 498608138 18 0
11286 498619424 39 0
6144 498625568 29 0
5658 498631226 13 0
6137 498637363 24 0
11310 498648673 48 0
6160 498654833 17 0
8997 498663830 194 17
875300 499539130 14617 4098
15068 499554198 800 38
6660 499560858 32 0
12188 499573046 367 105
6674 499579720 47 0
13371 499593091 45 0
8281 499601372 169 13
6604 499607976 26 1
6659 499614635 43 0
2311198 2311198 50395 3217
7747939 10059137 77278 13079
19084765 29143902 19548 5278
6719845 35863747 8033 1864
18982110 54845857 21325 5094
19513036 74358893 18423 5307
18423446 92782339 23465 7101
19137373 111919712 19492 5236
19027003 130946715 18890 5187
19483858 150430573 19196 5327
19564159 169994732 21174 5562
19396297 189391029 19811 5264
19376711 208767740 19608 5333
19553267 228321007 19211 5327
18791086 247112093 20454 5147
18795490 265907583 25067 5114
18907110 284814693 20116 5185
19522679 304337372 19537 5276
19535818 323873190 19376 5324
19585453 343458643 19682 5337
19584030 363042673 19236 5390
19631217 382673890 18973 5282
19541368 402215258 19705 5265
19588498 421803756 20170 5335
19653702 441457458 19245 5271
19574533 461031991 19600 5318
19619792 480651783 19461 5271
13667055 494318838 30183 1957
4077990 498396828 8616 730
5657 498402485 38 0
6126 498408611 24 0
11777 498420388 37 0
5658 498426046 12 0
5658 498431704 7 0
15206 498446910 315 74
11790 498458700 45 2
5658 498464358 15 0
5658 498470016 10 0
6158 498476174 22 0
11801 498487975 42 0
5658 498493633 13 0
5652 498499285 16 0
6154 498505439 22 0
11788 498517227 46 0
7029 498524256 94 52
5658 498529914 13 0
6173 498536087 19 0
11796 498547883 22 0
5658 498553541 12 0
5652 498559193 13 0
6140 498565333 25 0
11766 498577099 29 0
5658 498582757 10 1
5658 498588415 9 0
6173 498594588 18 1
11796 498606384 21 0
5658 498612042 12 0
5651 498617693 12 0
6140 498623833 23 0
11791 498635624 27 0
5646 498641270 17 0
5657 498646927 16 0
6148 498653075 19 0
11783 498664858 37 0
5658 498670516 18 0
5658 498676174 13 0
6155 498682329 20 0
11776 498694105 29 1
5658 498699763 18 1
5658 498705421 13 0
6154 498711575 21 0
11821 498723396 38 0
5658 498729054 13 0
5658 498734712 17 0
6126 498740838 21 0
12249 498753087 30 0
5658 498758745 14 2
5658 498764403 11 0
6180 498770583 19 1
11784 498782367 34 1
5658 498788025 12 0
5658 498793683 9 0
6160 498799843 13 0
11795 498811638 40 0
5652 498817290 15 0
5658 498822948 20 0
6167 498829115 18 0
11783 498840898 39 0
5652 498846550 20 1
5658 498852208 15 0
6151 498858359 27 0
11807 498870166 43 0
5645 498875811 14 0
5651 498881462 14 0
6160 498887622 18 0
13171 498900793 55 7
5658 498906451 20 2
5658 498912109 9 0
6173 498918282 17 1
11778 498930060 28 0
6116 498936176 20 0
5658 498941834 12 0
6138 498947972 18 0
13005 498960977 67 0
6645 498967622 43 1
6333 498973955 13 0
6601 498980556 23 0
12232 498992788 31 0
6116 498998904 22 0
5658 499004562 13 0
6151 499010713 17 0
12232 499022945 33 0
6116 499029061 16 0
6110 499035171 20 0
6109 499041280 20 0
12232 499053512 31 0
6129 499059641 16 0
6116 499065757 14 0
12230 499077987 41 0
6110 499084097 25 0
6109 499090206 29 0
6097 499096303 23 2
12258 499108561 45 7
6110 499114671 20 0
6097 499120768 25 0
6109 499126877 24 0
12202 499139079 47 0
6092 499145171 22 0
6110 499151281 20 0
5658 499156939 11 0
11809 499168748 28 0
6138 499174886 15 0
5658 499180544 12 0
5658 499186202 12 0
11793 499197995 34 0
6149 499204144 20 0
5652 499209796 16 0
5663 499215459 16 0
11810 499227269 31 0
6126 499233395 21 0
5652 499239047 13 0
5658 499244705 14 0
11812 499256517 39 0
6142 499262659 20 0
5640 499268299 16 0
5658 499273957 13 0
13190 499287147 48 0
6120 499293267 21 0
5658 499298925 12 0
5658 499304583 10 0
11831 499316414 21 0
6138 499322552 17 0
5652 499328204 15 0
5658 499333862 19 0
11805 499345667 38 0
6151 499351818 15 0
5658 499357476 15 0
5652 499363128 11 0
11799 499374927 37 0
6131 499381058 23 0
5658 499386716 12 0
5658 499392374 10 0
11831 499404205 23 0
6132 499410337 18 0
5652 499415989 12 0
5652 499421641 13 0
11813 499433454 40 0
6139 499439593 19 0
5658 499445251 14 0
5657 499450908 19 0
11810 499462718 34 0
6138 499468856 19 0
5658 499474514 12 0
5658 499480172 13 0
11822 499491994 40 0
6133 499498127 20 0
5652 499503779 15 0
5668 499509447 22 0
11813 499521260 31 0
6138 499527398 16 0
5645 499533043 18 0
5658 499538701 13 0
11830 499550531 26 0
6138 499556669 16 0
5658 499562327 12 0
5651 499567978 18 0
11808 499579786 39 0
6151 499585937 16 0
5658 499591595 13 0
5658 499597253 14 0
11818 499609071 27 0
6138 499615209 17 0
5655 499620864 21 0
5656 499626520 17 0
11812 499638332 31 0
6131 499644463 20 0
5657 499650120 17 0
5658 499655778 13 0
13188 499668966 40 0
6139 499675105 19 0
5652 499680757 16 0
5669 499686426 24 0
11812 499698238 23 0
6138 499704376 14 0
5652 499710028 18 0
5658 499715686 13 0
11824 499727510 29 0
6138 499733648 21 0
5658 499739306 13 0
5657 499744963 19 0
11804 499756767 35 0
6137 499762904 16 0
5653 499768557 26 0
5658 499774215 12 0
11806 499786021 33 0
6132 499792153 17 0
5657 499797810 16 0
5658 499803468 12 0
11817 499815285 24 0
6151 499821436 16 0
5658 499827094 13 0
5658 499832752 10 0
11817 499844569 34 0
6130 499850699 18 0
5658 499856357 15 0
5646 499862003 18 0
11830 499873833 39 0
6138 499879971 14 0
5627 499885598 18 0
5652 499891250 13 0
11817 499903067 32 0
6127 499909194 23 0
5651 499914845 18 0
5646 499920491 13 0
11816 499932307 32 0
6138 499938445 18 0
5657 499944102 17 0
5657 499949759 15 0
11825 499961584 25 0
6138 499967722 16 0
5640 499973362 17 0
5658 499979020 14 0
11818 499990838 24 0
6138 499996976 13 0
5658 500002634 12 0
5658 500008292 10 0
11830 500020122 23 0
6126 500026248 20 0
5658 500031906 13 0
7035 500038941 31 0
11818 500050759 32 0
6151 500056910 15 0
5658 500062568 14 0
5658 500068226 12 0
11816 500080042 39 0
6138 500086180 17 0
5632 500091812 20 0
5657 500097469 16 0
11810 500109279 35 0
6114 500115393 21 0
5639 500121032 19 0
5661 500126693 19 0
11815 500138508 33 0
6145 500144653 19 0
5656 500150309 22 0
5657 500155966 14 0
11810 500167776 28 0
6120 500173896 18 0
5658 500179554 12 0
5662 500185216 20 0
11831 500197047 19 0
6130 500203177 23 0
5646 500208823 19 0
5651 500214474 18 0
11816 500226290 39 0
6126 500232416 20 0
5658 500238074 11 0
5658 500243732 10 0
11817 500255549 32 0
6137 500261686 23 0
5658 500267344 12 0
5658 500273002 17 0
11812 500284814 42 0
6151 500290965 17 0
5646 500296611 16 0
5658 500302269 9 0
11811 500314080 27 0
6134 500320214 23 0
5652 500325866 13 0
5657 500331523 18 0
11837 500343360 24 0
6138 500349498 15 0
5658 500355156 10 0
5657 500360813 16 0
11782 500372595 31 0
6151 500378746 17 0
5626 500384372 21 0
5651 500390023 18 0
11815 500401838 35 0
6138 500407976 15 0
7035 500415011 28 0
5662 500420673 17 0
11793 500432466 36 0
6138 500438604 18 0
5658 500444262 12 0
5658 500449920 10 0
11798 500461718 39 0
6138 500467856 17 0
5658 500473514 14 0
5658 500479172 14 0
11831 500491003 22 0
6138 500497141 19 0
5646 500502787 19 0
5658 500508445 10 0
11818 500520263 25 0
6151 500526414 17 0
5658 500532072 17 0
5658 500537730 13 0
11818 500549548 24 0
6120 500555668 20 0
5652 500561320 15 0
5657 500566977 16 0
11795 500578772 26 0
6132 500584904 20 0
5645 500590549 18 0
5658 500596207 10 0
11799 500608006 38 0
6164 500614170 19 0
5658 500619828 12 0
5663 500625491 13 0
11817 500637308 22 0
6138 500643446 17 0
5658 500649104 14 0
5658 500654762 12 0
11825 500666587 26 0
6138 500672725 18 0
5658 500678383 13 0
5658 500684041 12 0
11818 500695859 21 0
6138 500701997 14 0
5658 500707655 13 0
5658 500713313 21 0
11831 500725144 22 0
6138 500731282 17 0
5658 500736940 11 0
5658 500742598 11 0
11810 500754408 34 0
9466 500763874 180 30
909189 501673063 15404 4372
6695 501679758 49 1
20084 501699842 463 94
6655 501706497 43 4
6449 501712946 19 0
7579 501720525 110 37
14935 501735460 187 42
6642 501742102 19 0
3442611 3442611 66777 4053
9217263 12659874 64372 12431
14028303 26688177 14587 4230
5117526 31805703 3993 776
18747124 50552827 20092 5174
19303002 69855829 18251 5256
19376153 89231982 17410 5232
18297434 107529416 23597 7294
18881440 126410856 18255 5127
19239123 145649979 19041 5258
19156435 164806414 20112 5370
19511552 184317966 18413 5370
19300293 203618259 18905 5302
19397369 223015628 19661 5287
19168760 242184388 18677 5222
18685804 260870192 22940 5154
18692222 279562414 18877 5072
19234540 298796954 19363 5251
19189968 317986922 18956 5204
19564922 337551844 18839 5297
19455222 357007066 18849 5325
19433451 376440517 19431 5329
19602608 396043125 18446 5276
19630810 415673935 18614 5350
19528841 435202776 18390 5325
19484985 454687761 19592 5395
19601115 474288876 18628 5298
17674402 491963278 26062 3778
7583749 499547027 18927 958
12237 499559264 408 16
5658 499564922 12 0
5639 499570561 14 0
6160 499576721 17 0
11783 499588504 30 0
5616 499594120 19 0
5661 499599781 25 0
6143 499605924 26 0
11781 499617705 32 0
5658 499623363 17 0
5658 499629021 12 0
6148 499635169 20 0
11796 499646965 27 0
5643 499652608 22 0
5658 499658266 10 0
6149 499664415 22 0
11805 499676220 52 0
5656 499681876 23 0
5655 499687531 19 0
6160 499693691 17 0
11804 499705495 47 0
5650 499711145 25 0
5658 499716803 11 0
6160 499722963 15 0
11784 499734747 34 0
5664 499740411 24 1
5655 499746066 20 0
6173 499752239 16 0
11806 499764045 35 0
5640 499769685 19 0
5658 499775343 13 0
6141 499781484 21 0
11814 499793298 40 0
5658 499798956 12 0
5658 499804614 9 0
6160 499810774 16 0
11782 499822556 40 0
5664 499828220 20 1
5658 499833878 10 0
6186 499840064 14 1
11786 499851850 44 0
5634 499857484 20 0
5658 499863142 9 0
6130 499869272 26 0
11771 499881043 36 0
6106 499887149 27 0
5645 499892794 29 0
6138 499898932 24 2
13179 499912111 117 18
6110 499918221 25 0
5632 499923853 18 0
6138 499929991 16 0
11801 499941792 50 0
5643 499947435 28 0
5658 499953093 9 0
6160 499959253 16 0
11780 499971033 40 0
5640 499976673 18 4
5652 499982325 13 0
6173 499988498 14 0
11790 500000288 40 0
5658 500005946 11 1
5640 500011586 17 0
6160 500017746 18 1
11793 500029539 45 0
5657 500035196 21 0
5658 500040854 10 0
6160 500047014 17 0
11795 500058809 36 0
5658 500064467 13 1
5658 500070125 13 0
6169 500076294 28 0
11794 500088088 37 0
5658 500093746 12 0
5652 500099398 14 0
6687 500106085 56 1
15030 500121115 243 31
6603 500127718 30 0
6566 500134284 25 0
6104 500140388 24 0
12226 500152614 35 0
6116 500158730 20 0
6119 500164849 38 0
6110 500170959 20 0
20843 500191802 369 205
6115 500197917 43 0
6098 500204015 28 0
6095 500210110 28 0
12232 500222342 38 0
6091 500228433 29 0
6142 500234575 18 0
6102 500240677 29 0
12246 500252923 43 0
6103 500259026 23 0
6110 500265136 28 0
6115 500271251 25 0
12232 500283483 36 0
6102 500289585 32 0
6100 500295685 31 0
13151 500308836 53 3
6141 500314977 34 0
6115 500321092 29 0
5640 500326732 16 0
11802 500338534 36 0
6138 500344672 20 0
5654 500350326 24 0
5656 500355982 29 0
11827 500367809 39 0
6132 500373941 19 0
5652 500379593 13 0
5661 500385254 28 0
11810 500397064 42 0
6138 500403202 17 0
5654 500408856 26 0
5658 500414514 13 0
11786 500426300 48 0
6121 500432421 28 0
5656 500438077 29 0
5655 500443732 30 0
11818 500455550 30 0
6138 500461688 20 0
5644 500467332 22 0
5652 500472984 14 0
11828 500484812 40 0
6138 500490950 15 0
5658 500496608 9 0
5658 500502266 10 0
11799 500514065 30 0
6126 500520191 28 0
5658 500525849 11 0
5657 500531506 25 0
11829 500543335 40 0
6125 500549460 24 0
5652 500555112 16 0
5652 500560764 18 0
11811 500572575 39 0
6138 500578713 19 0
5658 500584371 13 0
5658 500590029 13 0
11786 500601815 36 0
6138 500607953 18 0
5658 500613611 14 0
5656 500619267 20 0
11842 500631109 43 0
6138 500637247 16 0
5645 500642892 17 0
5658 500648550 10 0
11784 500660334 42 0
6151 500666485 16 0
5652 500672137 18 0
7035 500679172 25 0
11809 500690981 45 0
6122 500697103 31 0
5658 500702761 12 0
5640 500708401 19 0
11791 500720192 47 0
6114 500726306 23 0
5658 500731964 14 0
5655 500737619 24 0
11800 500749419 46 0
6136 500755555 31 0
5642 500761197 20 0
5667 500766864 27 0
11791 500778655 49 0
6124 500784779 28 0
5646 500790425 17 0
5651 500796076 24 0
11831 500807907 28 0
6132 500814039 22 0
5646 500819685 15 0
5651 500825336 17 0
11792 500837128 38 0
6138 500843266 17 0
5644 500848910 22 0
5640 500854550 17 0
11831 500866381 31 0
6138 500872519 17 0
5658 500878177 10 0
5655 500883832 29 0
11792 500895624 35 0
6154 500901778 32 0
5652 500907430 21 0
5658 500913088 14 0
11826 500924914 45 0
6114 500931028 24 0
5662 500936690 36 0
5664 500942354 19 0
20894 500963248 333 57
6138 500969386 20 0
5650 500975036 24 0
5658 500980694 9 0
11790 500992484 41 0
6164 500998648 18 0
6116 501004764 20 0
5646 501010410 16 0
11757 501022167 48 0
6131 501028298 20 0
5646 501033944 23 0
5658 501039602 11 0
11815 501051417 36 0
6126 501057543 22 0
7029 501064572 36 0
5646 501070218 27 0
11805 501082023 35 0
6138 501088161 15 0
5636 501093797 23 0
5651 501099448 18 0
12699 501112147 113 32
6130 501118277 38 0
5655 501123932 22 0
5650 501129582 33 0
11798 501141380 36 0
6151 501147531 16 0
5674 501153205 27 0
5644 501158849 27 0
11809 501170658 42 0
6138 501176796 18 0
5646 501182442 20 0
5658 501188100 11 0
11822 501199922 36 0
6138 501206060 19 0
5652 501211712 16 0
5658 501217370 14 0
11814 501229184 41 0
6151 501235335 18 0
5656 501240991 27 0
5672 501246663 31 0
11821 501258484 39 0
6139 501264623 22 0
5658 501270281 11 0
5651 501275932 29 0
11839 501287771 42 0
6138 501293909 17 0
5652 501299561 17 0
5651 501305212 23 0
11764 501316976 47 0
6132 501323108 23 0
5636 501328744 26 0
5660 501334404 30 0
11819 501346223 35 0
6138 501352361 15 0
5645 501358006 19 0
5652 501363658 15 0
11813 501375471 47 0
6177 501381648 19 0
5640 501387288 20 0
5658 501392946 11 0
11833 501404779 44 0
6130 501410909 29 0
5658 501416567 20 0
5652 501422219 14 0
11827 501434046 49 0
7515 501441561 32 0
5651 501447212 15 0
5649 501452861 26 0
11805 501464666 40 0
6138 501470804 26 0
5646 501476450 15 0
5658 501482108 11 0
11796 501493904 37 0
6138 501500042 16 0
5622 501505664 18 0
5650 501511314 23 0
11804 501523118 37 0
6138 501529256 17 0
5646 501534902 15 0
5645 501540547 26 0
11828 501552375 55 0
6138 501558513 17 0
5645 501564158 19 0
5640 501569798 20 0
11805 501581603 33 0
6134 501587737 27 0
5658 501593395 11 0
5651 501599046 16 0
11817 501610863 29 0
6159 501617022 38 0
5658 501622680 10 0
5574 501628254 15 0
11781 501640035 31 0
6132 501646167 21 0
5651 501651818 23 0
5661 501657479 31 0
11823 501669302 36 0
6137 501675439 18 0
5658 501681097 11 0
5658 501686755 10 0
11795 501698550 49 0
6145 501704695 33 0
5655 501710350 30 0
5658 501716008 8 0
11799 501727807 50 0
6132 501733939 21 0
5652 501739591 20 0
5658 501745249 9 0
11833 501757082 39 0
6136 501763218 26 0
5646 501768864 21 0
5658 501774522 11 0
11819 501786341 51 0
6135 501792476 29 0
5658 501798134 14 0
5650 501803784 28 0
13179 501816963 67 0
6100 501823063 26 0
5637 501828700 18 0
5646 501834346 21 0
11819 501846165 42 0
6151 501852316 16 0
5646 501857962 15 0
5646 501863608 17 0
11808 501875416 39 0
6143 501881559 37 0
5658 501887217 11 0
5661 501892878 29 0
877377 502770255 15516 4188
6727 502776982 65 0
6438 502783420 26 0
6659 502790079 27 0
18753 502808832 416 94
6752 502815584 29 0
6393 502821977 13 0
8278 502830255 102 19
13244 502843499 46 0
