0,1,154206328.76,2967176654.3650727
5,154206329.76,186763785.66,2889592776.231653
11,186763786.66,224468780.95999998,3671114250.0599723
0,224468781.95999998,287176649.71999997,2967176654.3650727
5,287176650.71999997,3821126217.1200004,2889592776.231653
6,3821126218.1200004,3875049794.5100007,2131834795.7711167
14,3875049795.5100007,3947923372.01,2446824213.8627768
6,3947923373.01,3970502958.180213,2131834795.7711167
10,3970502959.180213,3992441651.999885,797661017.4990699
6,3992441652.999885,4013038488.999885,2131834795.7711167
3,4013038489.999885,4029351813.999885,1443023607.5620902
14,4029351814.999885,4079183066.999885,2446824213.8627768
6,4079183067.999885,4100223485.999885,2131834795.7711167
10,4100223486.999885,4102728523.999885,797661017.4990699
