2030130, 2030130, 46317, 439, 4
8438276, 10468406, 79780, 5423, 17
19405881, 29874287, 18813, 3867, 7
19260447, 49134734, 23607, 4049, 7
19145463, 68280197, 18089, 2671, 7
19761013, 88041210, 18177, 1739, 3
19684746, 107725956, 18366, 3880, 7
18504246, 126230202, 24899, 5280, 11
19264595, 145494797, 18424, 3647, 7
19873957, 165368754, 18539, 3298, 7
19740698, 185109452, 21174, 3051, 7
19573578, 204683030, 19615, 3467, 7
19811798, 224494828, 19173, 3903, 7
19750212, 244245040, 18741, 2762, 7
18375900, 262620940, 25232, 4287, 11
19411735, 282032675, 19921, 3157, 7
19384059, 301416734, 19029, 3617, 7
19773506, 321190240, 18509, 4457, 11
19842091, 341032331, 19426, 4132, 7
19757179, 360789510, 19695, 4249, 7
19837956, 380627466, 19144, 3741, 7
19742960, 400370426, 19484, 3322, 7
19849060, 420219486, 18809, 3615, 7
19854325, 440073811, 19631, 3898, 7
19770270, 459844081, 19296, 4734, 11
19791635, 479635716, 19231, 4942, 11
12990131, 492625847, 29282, 921, 19
3696955, 496322802, 8843, 100, 6
5658, 496328460, 37, 0, 1
5658, 496334118, 16, 0, 1
6141, 496340259, 26, 0, 1
11774, 496352033, 39, 0, 1
5645, 496357678, 17, 0, 1
5652, 496363330, 13, 0, 1
6152, 496369482, 25, 0, 1
11796, 496381278, 28, 0, 1
5651, 496386929, 14, 0, 1
5651, 496392580, 20, 0, 1
6154, 496398734, 17, 0, 1
11797, 496410531, 39, 0, 1
5639, 496416170, 17, 0, 1
5658, 496421828, 14, 0, 1
6124, 496427952, 21, 0, 1
11784, 496439736, 35, 0, 1
5658, 496445394, 14, 0, 1
5651, 496451045, 19, 0, 1
6167, 496457212, 20, 0, 1
11777, 496468989, 37, 0, 1
5651, 496474640, 21, 0, 1
5658, 496480298, 14, 0, 1
6141, 496486439, 21, 0, 1
11785, 496498224, 34, 0, 1
5658, 496503882, 11, 0, 1
5657, 496509539, 17, 0, 1
6142, 496515681, 23, 0, 1
11770, 496527451, 36, 0, 1
5645, 496533096, 19, 0, 1
5658, 496538754, 9, 0, 1
6147, 496544901, 32, 0, 1
12998, 496557899, 101, 0, 1
6373, 496564272, 23, 0, 1
6315, 496570587, 20, 0, 1
6611, 496577198, 23, 0, 1
11784, 496588982, 31, 0, 1
5652, 496594634, 13, 0, 1
5658, 496600292, 10, 0, 1
6149, 496606441, 21, 0, 1
11785, 496618226, 37, 0, 1
5652, 496623878, 10, 0, 1
5662, 496629540, 19, 0, 1
6136, 496635676, 18, 0, 1
13168, 496648844, 111, 0, 1
5632, 496654476, 23, 0, 1
5658, 496660134, 9, 0, 1
6160, 496666294, 15, 0, 1
11771, 496678065, 29, 0, 1
5639, 496683704, 22, 0, 1
5651, 496689355, 16, 0, 1
6155, 496695510, 22, 0, 1
11775, 496707285, 47, 0, 1
5639, 496712924, 21, 0, 1
5643, 496718567, 23, 0, 1
6146, 496724713, 28, 0, 1
11795, 496736508, 40, 0, 1
5638, 496742146, 21, 0, 1
5652, 496747798, 19, 0, 1
6147, 496753945, 19, 0, 1
11772, 496765717, 31, 0, 1
5646, 496771363, 14, 0, 1
5658, 496777021, 13, 0, 1
6149, 496783170, 23, 0, 1
11772, 496794942, 31, 0, 1
5658, 496800600, 12, 0, 1
5652, 496806252, 14, 0, 1
6142, 496812394, 23, 0, 1
11778, 496824172, 30, 0, 1
5658, 496829830, 14, 0, 1
5658, 496835488, 11, 0, 1
6137, 496841625, 23, 0, 1
12979, 496854604, 41, 0, 1
6361, 496860965, 24, 0, 1
6327, 496867292, 18, 0, 1
6604, 496873896, 32, 0, 1
11798, 496885694, 39, 0, 1
6108, 496891802, 22, 0, 1
5658, 496897460, 11, 0, 1
6090, 496903550, 27, 0, 1
12213, 496915763, 37, 0, 1
6110, 496921873, 17, 0, 1
6129, 496928002, 22, 0, 1
6110, 496934112, 22, 0, 1
12220, 496946332, 41, 0, 1
6114, 496952446, 26, 1, 1
6116, 496958562, 16, 0, 1
6116, 496964678, 17, 0, 1
12196, 496976874, 43, 0, 1
6116, 496982990, 19, 0, 1
6116, 496989106, 19, 0, 1
6078, 496995184, 27, 0, 1
12196, 497007380, 52, 0, 1
6085, 497013465, 27, 0, 1
5658, 497019123, 14, 0, 1
15184, 497034307, 373, 2, 1
13173, 497047480, 71, 0, 1
5634, 497053114, 13, 0, 1
5640, 497058754, 12, 0, 1
6159, 497064913, 26, 0, 1
11796, 497076709, 27, 0, 1
5658, 497082367, 13, 0, 1
5658, 497088025, 12, 0, 1
6152, 497094177, 26, 0, 1
11787, 497105964, 36, 0, 1
5658, 497111622, 15, 0, 1
5655, 497117277, 15, 0, 1
6154, 497123431, 14, 0, 1
11796, 497135227, 26, 0, 1
5640, 497140867, 12, 0, 1
5658, 497146525, 12, 0, 1
11769, 497158294, 41, 0, 1
6132, 497164426, 24, 0, 1
5651, 497170077, 16, 0, 1
5652, 497175729, 12, 0, 1
11825, 497187554, 25, 0, 1
6132, 497193686, 18, 0, 1
5658, 497199344, 12, 0, 1
5658, 497205002, 13, 0, 1
11774, 497216776, 38, 0, 1
6150, 497222926, 23, 0, 1
5652, 497228578, 13, 0, 1
5652, 497234230, 15, 0, 1
11810, 497246040, 30, 0, 1
6132, 497252172, 23, 0, 1
5658, 497257830, 12, 0, 1
5658, 497263488, 11, 0, 1
11830, 497275318, 31, 0, 1
6132, 497281450, 22, 0, 1
5652, 497287102, 11, 0, 1
5645, 497292747, 18, 0, 1
11787, 497304534, 31, 0, 1
6138, 497310672, 16, 0, 1
5650, 497316322, 17, 0, 1
5658, 497321980, 10, 0, 1
11800, 497333780, 24, 0, 1
6133, 497339913, 17, 0, 1
5658, 497345571, 10, 0, 1
5658, 497351229, 11, 0, 1
11818, 497363047, 22, 0, 1
6139, 497369186, 25, 0, 1
5639, 497374825, 15, 0, 1
5652, 497380477, 17, 0, 1
11788, 497392265, 32, 0, 1
6108, 497398373, 21, 0, 1
5658, 497404031, 16, 0, 1
5652, 497409683, 16, 0, 1
13215, 497422898, 47, 0, 1
6131, 497429029, 18, 0, 1
5633, 497434662, 20, 0, 1
5658, 497440320, 8, 0, 1
11800, 497452120, 21, 0, 1
6138, 497458258, 23, 0, 1
5658, 497463916, 14, 0, 1
5656, 497469572, 24, 0, 1
11803, 497481375, 42, 0, 1
6132, 497487507, 18, 0, 1
5658, 497493165, 13, 0, 1
5658, 497498823, 13, 0, 1
11805, 497510628, 32, 0, 1
6138, 497516766, 17, 0, 1
5628, 497522394, 18, 0, 1
5652, 497528046, 21, 0, 1
11818, 497539864, 19, 0, 1
6132, 497545996, 19, 0, 1
5658, 497551654, 9, 0, 1
5658, 497557312, 12, 0, 1
11830, 497569142, 23, 0, 1
6138, 497575280, 16, 0, 1
5656, 497580936, 19, 0, 1
5622, 497586558, 14, 0, 1
11764, 497598322, 37, 0, 1
6145, 497604467, 22, 0, 1
5646, 497610113, 14, 0, 1
5651, 497615764, 18, 0, 1
11799, 497627563, 32, 0, 1
6132, 497633695, 19, 0, 1
5622, 497639317, 18, 0, 1
5651, 497644968, 16, 0, 1
11811, 497656779, 37, 0, 1
6132, 497662911, 21, 0, 1
5652, 497668563, 10, 0, 1
5650, 497674213, 18, 0, 1
11800, 497686013, 29, 0, 1
6145, 497692158, 22, 0, 1
5652, 497697810, 11, 0, 1
5652, 497703462, 15, 0, 1
11816, 497715278, 38, 0, 1
6120, 497721398, 21, 0, 1
5640, 497727038, 17, 0, 1
5651, 497732689, 14, 0, 1
11816, 497744505, 38, 0, 1
6126, 497750631, 19, 0, 1
5657, 497756288, 16, 0, 1
5651, 497761939, 15, 0, 1
11781, 497773720, 31, 0, 1
6138, 497779858, 15, 0, 1
5652, 497785510, 12, 0, 1
7028, 497792538, 36, 0, 1
11797, 497804335, 38, 0, 1
6138, 497810473, 20, 0, 1
5640, 497816113, 14, 0, 1
5658, 497821771, 10, 0, 1
11807, 497833578, 39, 0, 1
6120, 497839698, 22, 0, 1
5658, 497845356, 18, 0, 1
5650, 497851006, 17, 0, 1
11811, 497862817, 21, 0, 1
6132, 497868949, 18, 0, 1
5652, 497874601, 16, 0, 1
5658, 497880259, 12, 0, 1
11819, 497892078, 36, 0, 1
6120, 497898198, 25, 0, 1
5652, 497903850, 13, 0, 1
5651, 497909501, 19, 0, 1
11770, 497921271, 37, 0, 1
7033, 497928304, 87, 4, 1
5652, 497933956, 17, 0, 1
5658, 497939614, 12, 0, 1
11791, 497951405, 36, 0, 1
6132, 497957537, 18, 0, 1
5658, 497963195, 15, 0, 1
5658, 497968853, 12, 0, 1
11813, 497980666, 32, 0, 1
6120, 497986786, 19, 0, 1
5633, 497992419, 20, 0, 1
5658, 497998077, 13, 0, 1
11758, 498009835, 41, 0, 1
6120, 498015955, 24, 0, 1
5652, 498021607, 14, 0, 1
5652, 498027259, 16, 0, 1
11803, 498039062, 39, 0, 1
6144, 498045206, 24, 0, 1
5646, 498050852, 14, 0, 1
5658, 498056510, 12, 0, 1
11770, 498068280, 34, 0, 1
6139, 498074419, 20, 0, 1
5658, 498080077, 11, 0, 1
5657, 498085734, 19, 0, 1
11780, 498097514, 35, 0, 1
6145, 498103659, 18, 0, 1
5658, 498109317, 16, 0, 1
5657, 498114974, 15, 0, 1
11813, 498126787, 38, 0, 1
6132, 498132919, 21, 0, 1
5658, 498138577, 15, 0, 1
5657, 498144234, 17, 0, 1
11764, 498155998, 31, 0, 1
6164, 498162162, 22, 0, 1
7029, 498169191, 34, 0, 1
5658, 498174849, 11, 0, 1
11799, 498186648, 27, 0, 1
6120, 498192768, 19, 0, 1
5658, 498198426, 11, 0, 1
5656, 498204082, 19, 0, 1
11812, 498215894, 31, 0, 1
6138, 498222032, 20, 0, 1
5639, 498227671, 17, 0, 1
5658, 498233329, 14, 0, 1
11775, 498245104, 27, 0, 1
6138, 498251242, 16, 0, 1
5658, 498256900, 10, 0, 1
5657, 498262557, 20, 0, 1
11812, 498274369, 36, 0, 1
6138, 498280507, 18, 0, 1
5652, 498286159, 15, 0, 1
5657, 498291816, 21, 0, 1
11768, 498303584, 40, 0, 1
6139, 498309723, 24, 0, 1
5658, 498315381, 14, 0, 1
5650, 498321031, 18, 0, 1
11810, 498332841, 39, 0, 1
6138, 498338979, 16, 0, 1
5634, 498344613, 16, 0, 1
5658, 498350271, 10, 0, 1
11831, 498362102, 28, 0, 1
6132, 498368234, 25, 0, 1
5652, 498373886, 14, 0, 1
5658, 498379544, 16, 0, 1
11789, 498391333, 28, 0, 1
6151, 498397484, 15, 0, 1
5658, 498403142, 9, 0, 1
5658, 498408800, 10, 0, 1
11792, 498420592, 33, 0, 1
6138, 498426730, 15, 0, 1
5658, 498432388, 10, 0, 1
5658, 498438046, 11, 0, 1
11838, 498449884, 18, 0, 1
6132, 498456016, 18, 0, 1
5652, 498461668, 13, 0, 1
5658, 498467326, 10, 0, 1
11758, 498479084, 39, 0, 1
6132, 498485216, 19, 0, 1
5640, 498490856, 17, 0, 1
5652, 498496508, 15, 0, 1
11831, 498508339, 23, 0, 1
6138, 498514477, 15, 0, 1
5658, 498520135, 11, 0, 1
5651, 498525786, 21, 0, 1
11781, 498537567, 43, 0, 1
7535, 498545102, 35, 0, 1
5646, 498550748, 16, 0, 1
5662, 498556410, 20, 0, 1
11817, 498568227, 26, 0, 1
6132, 498574359, 20, 0, 1
1384473, 499958832, 15236, 844, 5
6438, 499965270, 63, 0, 1
24162, 499989432, 484, 0, 1
5650, 499995082, 22, 0, 1
11988, 500007070, 368, 13, 1
6650, 500013720, 46, 0, 1
13311, 500027031, 40, 0, 1
6135, 500033166, 25, 0, 1
2492512, 2492512, 52615, 532, 4
10207358, 12699870, 75935, 5829, 17
19397814, 32097684, 18941, 3932, 7
19176192, 51273876, 23825, 4078, 7
19198595, 70472471, 17503, 2237, 7
19718174, 90190645, 16911, 2010, 3
19585293, 109775938, 17526, 3911, 7
18363190, 128139128, 24678, 5324, 2
19287786, 147426914, 17810, 3419, 7
19853987, 167280901, 17804, 3378, 7
19686074, 186966975, 20275, 3021, 7
19433572, 206400547, 19497, 3678, 7
19683127, 226083674, 18428, 3799, 7
19614181, 245697855, 18103, 2755, 7
18254586, 263952441, 24495, 4064, 11
19235767, 283188208, 20305, 3105, 7
19344516, 302532724, 19279, 3863, 7
19649618, 322182342, 19185, 4488, 11
19699245, 341881587, 18999, 4017, 7
19662669, 361544256, 19719, 4143, 7
19748676, 381292932, 19249, 3748, 7
19561021, 400853953, 19429, 3363, 7
19687318, 420541271, 19110, 3618, 7
19659897, 440201168, 19492, 3894, 7
19591597, 459792765, 19188, 4652, 11
19630093, 479422858, 19178, 4946, 11
13134722, 492557580, 29340, 980, 19
3785276, 496342856, 8762, 92, 6
5652, 496348508, 28, 0, 1
5658, 496354166, 11, 0, 1
6159, 496360325, 24, 0, 1
11784, 496372109, 48, 0, 1
5634, 496377743, 17, 0, 1
5658, 496383401, 10, 0, 1
6173, 496389574, 19, 0, 1
11772, 496401346, 33, 0, 1
5658, 496407004, 14, 0, 1
5640, 496412644, 18, 0, 1
6154, 496418798, 19, 0, 1
11809, 496430607, 26, 0, 1
5658, 496436265, 15, 0, 1
5658, 496441923, 11, 0, 1
6160, 496448083, 18, 0, 1
11796, 496459879, 19, 0, 1
7035, 496466914, 91, 0, 1
5652, 496472566, 14, 0, 1
11818, 496484384, 40, 0, 1
6138, 496490522, 17, 0, 1
5634, 496496156, 16, 0, 1
5658, 496501814, 11, 0, 1
11781, 496513595, 35, 0, 1
6138, 496519733, 22, 0, 1
5633, 496525366, 19, 0, 1
5651, 496531017, 14, 0, 1
11798, 496542815, 32, 0, 1
6126, 496548941, 20, 0, 1
5658, 496554599, 10, 0, 1
5658, 496560257, 9, 0, 1
13381, 496573638, 223, 70, 1
6132, 496579770, 18, 0, 1
5658, 496585428, 14, 0, 1
5652, 496591080, 17, 0, 1
11780, 496602860, 38, 0, 1
6138, 496608998, 19, 0, 1
5640, 496614638, 14, 0, 1
5651, 496620289, 15, 0, 1
11800, 496632089, 33, 0, 1
6138, 496638227, 17, 0, 1
5658, 496643885, 14, 0, 1
5658, 496649543, 13, 0, 1
11776, 496661319, 33, 0, 1
6150, 496667469, 19, 0, 1
5658, 496673127, 12, 0, 1
5658, 496678785, 13, 0, 1
11817, 496690602, 30, 0, 1
6137, 496696739, 25, 0, 1
5647, 496702386, 24, 0, 1
5651, 496708037, 16, 0, 1
11823, 496719860, 36, 0, 1
6138, 496725998, 15, 0, 1
5640, 496731638, 19, 0, 1
5658, 496737296, 11, 0, 1
11770, 496749066, 42, 0, 1
6138, 496755204, 23, 0, 1
5652, 496760856, 15, 0, 1
5651, 496766507, 15, 0, 1
11794, 496778301, 38, 0, 1
6138, 496784439, 16, 0, 1
5628, 496790067, 20, 0, 1
5658, 496795725, 12, 0, 1
11831, 496807556, 32, 0, 1
6145, 496813701, 17, 0, 1
5645, 496819346, 18, 0, 1
5651, 496824997, 11, 0, 1
11806, 496836803, 27, 0, 1
7509, 496844312, 42, 0, 1
5658, 496849970, 13, 0, 1
5658, 496855628, 17, 0, 1
12541, 496868169, 77, 0, 1
6606, 496874775, 33, 0, 1
6373, 496881148, 24, 1, 1
6333, 496887481, 16, 0, 1
12280, 496899761, 31, 0, 1
6151, 496905912, 19, 0, 1
6108, 496912020, 34, 0, 1
6116, 496918136, 21, 0, 1
12232, 496930368, 32, 0, 1
6116, 496936484, 17, 0, 1
6110, 496942594, 21, 0, 1
6142, 496948736, 17, 0, 1
12213, 496960949, 43, 0, 1
6116, 496967065, 17, 0, 1
6110, 496973175, 20, 0, 1
6110, 496979285, 17, 0, 1
12231, 496991516, 32, 0, 1
6117, 496997633, 19, 0, 1
6110, 497003743, 18, 0, 1
6116, 497009859, 17, 0, 1
12232, 497022091, 31, 0, 1
6116, 497028207, 19, 0, 1
6116, 497034323, 19, 0, 1
5658, 497039981, 13, 0, 1
11773, 497051754, 31, 0, 1
6132, 497057886, 15, 0, 1
5652, 497063538, 12, 0, 1
5658, 497069196, 14, 0, 1
11775, 497080971, 37, 0, 1
6132, 497087103, 15, 0, 1
5646, 497092749, 13, 0, 1
5658, 497098407, 11, 0, 1
11806, 497110213, 29, 0, 1
6126, 497116339, 23, 0, 1
5658, 497121997, 10, 0, 1
5656, 497127653, 14, 0, 1
11788, 497139441, 26, 0, 1
6151, 497145592, 20, 0, 1
5658, 497151250, 10, 0, 1
5651, 497156901, 14, 0, 1
11750, 497168651, 33, 0, 1
6132, 497174783, 22, 0, 1
5658, 497180441, 10, 0, 1
5657, 497186098, 15, 0, 1
11831, 497197929, 25, 0, 1
6138, 497204067, 15, 0, 1
5652, 497209719, 13, 0, 1
5658, 497215377, 17, 0, 1
13195, 497228572, 39, 0, 1
6151, 497234723, 18, 0, 1
5646, 497240369, 14, 0, 1
5650, 497246019, 19, 0, 1
11800, 497257819, 27, 0, 1
6132, 497263951, 19, 0, 1
5651, 497269602, 18, 0, 1
5658, 497275260, 12, 0, 1
23341, 497298601, 463, 3, 1
6120, 497304721, 24, 0, 1
5651, 497310372, 16, 0, 1
5640, 497316012, 13, 0, 1
11792, 497327804, 33, 0, 1
6138, 497333942, 18, 0, 1
5633, 497339575, 20, 0, 1
5652, 497345227, 16, 0, 1
11811, 497357038, 37, 0, 1
6132, 497363170, 22, 0, 1
5651, 497368821, 15, 0, 1
5657, 497374478, 13, 0, 1
11804, 497386282, 27, 0, 1
7032, 497393314, 78, 9, 1
5652, 497398966, 18, 0, 1
5658, 497404624, 10, 0, 1
11804, 497416428, 30, 0, 1
6120, 497422548, 20, 0, 1
5639, 497428187, 20, 0, 1
5652, 497433839, 20, 0, 1
11829, 497445668, 36, 0, 1
6138, 497451806, 15, 0, 1
5652, 497457458, 14, 0, 1
5651, 497463109, 14, 0, 1
11818, 497474927, 21, 0, 1
6151, 497481078, 18, 0, 1
5658, 497486736, 10, 0, 1
5651, 497492387, 17, 0, 1
11811, 497504198, 25, 0, 1
6138, 497510336, 16, 0, 1
5645, 497515981, 20, 0, 1
5652, 497521633, 14, 0, 1
11821, 497533454, 40, 0, 1
6138, 497539592, 13, 0, 1
5640, 497545232, 16, 0, 1
5651, 497550883, 16, 0, 1
11793, 497562676, 39, 0, 1
6138, 497568814, 22, 0, 1
5640, 497574454, 18, 0, 1
5658, 497580112, 17, 0, 1
11825, 497591937, 34, 0, 1
6138, 497598075, 16, 0, 1
5658, 497603733, 10, 0, 1
7035, 497610768, 30, 0, 1
11818, 497622586, 24, 0, 1
6151, 497628737, 18, 0, 1
5652, 497634389, 16, 0, 1
5651, 497640040, 20, 0, 1
11803, 497651843, 37, 0, 1
6107, 497657950, 20, 0, 1
5634, 497663584, 12, 0, 1
5657, 497669241, 17, 0, 1
11825, 497681066, 19, 0, 1
6138, 497687204, 17, 0, 1
5646, 497692850, 14, 0, 1
5658, 497698508, 14, 0, 1
11798, 497710306, 37, 0, 1
6152, 497716458, 22, 0, 1
5646, 497722104, 13, 0, 1
5646, 497727750, 16, 0, 1
11771, 497739521, 32, 0, 1
6138, 497745659, 20, 0, 1
5658, 497751317, 12, 0, 1
5658, 497756975, 13, 0, 1
11799, 497768774, 40, 0, 1
6138, 497774912, 13, 0, 1
5658, 497780570, 14, 0, 1
5658, 497786228, 13, 0, 1
11769, 497797997, 35, 0, 1
6126, 497804123, 20, 0, 1
6121, 497810244, 30, 0, 1
5646, 497815890, 16, 0, 1
11775, 497827665, 38, 0, 1
6126, 497833791, 18, 0, 1
5658, 497839449, 14, 0, 1
5646, 497845095, 15, 0, 1
11810, 497856905, 31, 0, 1
6151, 497863056, 17, 0, 1
5652, 497868708, 15, 0, 1
5658, 497874366, 17, 0, 1
11798, 497886164, 37, 0, 1
6131, 497892295, 23, 0, 1
5658, 497897953, 12, 0, 1
5657, 497903610, 16, 0, 1
11825, 497915435, 33, 0, 1
6132, 497921567, 18, 0, 1
5658, 497927225, 11, 0, 1
5658, 497932883, 10, 0, 1
11794, 497944677, 37, 0, 1
6131, 497950808, 28, 0, 1
5658, 497956466, 15, 0, 1
5656, 497962122, 22, 0, 1
11776, 497973898, 30, 0, 1
6138, 497980036, 18, 0, 1
7027, 497987063, 31, 0, 1
5658, 497992721, 13, 0, 1
11787, 498004508, 32, 0, 1
6126, 498010634, 22, 0, 1
5652, 498016286, 17, 0, 1
5662, 498021948, 20, 0, 1
11812, 498033760, 23, 0, 1
6138, 498039898, 15, 0, 1
5658, 498045556, 11, 0, 1
5658, 498051214, 10, 0, 1
11831, 498063045, 15, 0, 1
6138, 498069183, 16, 0, 1
5658, 498074841, 7, 0, 1
5658, 498080499, 9, 0, 1
11811, 498092310, 31, 0, 1
6152, 498098462, 16, 0, 1
5640, 498104102, 14, 0, 1
5658, 498109760, 13, 0, 1
11810, 498121570, 25, 0, 1
6131, 498127701, 19, 0, 1
5658, 498133359, 14, 0, 1
5663, 498139022, 16, 0, 1
11800, 498150822, 35, 0, 1
6138, 498156960, 14, 0, 1
5634, 498162594, 17, 0, 1
5658, 498168252, 12, 0, 1
11817, 498180069, 30, 0, 1
6145, 498186214, 22, 0, 1
5658, 498191872, 12, 0, 1
5651, 498197523, 19, 0, 1
11818, 498209341, 18, 0, 1
6138, 498215479, 17, 0, 1
5622, 498221101, 16, 0, 1
5651, 498226752, 20, 0, 1
11804, 498238556, 50, 0, 1
6107, 498244663, 20, 0, 1
5640, 498250303, 12, 0, 1
5658, 498255961, 14, 0, 1
11805, 498267766, 33, 0, 1
6138, 498273904, 15, 0, 1
5646, 498279550, 13, 0, 1
5652, 498285202, 14, 0, 1
11805, 498297007, 41, 0, 1
6121, 498303128, 21, 0, 1
5658, 498308786, 13, 0, 1
5639, 498314425, 17, 0, 1
11812, 498326237, 21, 0, 1
6151, 498332388, 14, 0, 1
5658, 498338046, 12, 0, 1
5627, 498343673, 17, 0, 1
11791, 498355464, 38, 0, 1
7497, 498362961, 31, 0, 1
5658, 498368619, 14, 0, 1
5645, 498374264, 17, 0, 1
11817, 498386081, 25, 0, 1
6137, 498392218, 19, 0, 1
5650, 498397868, 20, 0, 1
5658, 498403526, 10, 0, 1
11818, 498415344, 15, 0, 1
6144, 498421488, 28, 0, 1
5658, 498427146, 14, 0, 1
5658, 498432804, 16, 0, 1
11818, 498444622, 21, 0, 1
6132, 498450754, 16, 0, 1
5652, 498456406, 25, 0, 1
5652, 498462058, 13, 0, 1
11820, 498473878, 24, 0, 1
6125, 498480003, 24, 0, 1
5658, 498485661, 18, 0, 1
11776, 498497437, 35, 0, 1
5657, 498503094, 17, 0, 1
6138, 498509232, 16, 0, 1
5652, 498514884, 14, 0, 1
11807, 498526691, 34, 0, 1
5652, 498532343, 16, 0, 1
6107, 498538450, 20, 0, 1
5652, 498544102, 10, 0, 1
11818, 498555920, 25, 0, 1
5658, 498561578, 10, 0, 1
6151, 498567729, 15, 0, 1
5628, 498573357, 15, 0, 1
11804, 498585161, 28, 0, 1
5658, 498590819, 10, 0, 1
6138, 498596957, 14, 0, 1
5652, 498602609, 10, 0, 1
11806, 498614415, 26, 0, 1
8997, 498623412, 195, 1, 1
899209, 499522621, 14593, 792, 5
7493, 499530114, 662, 1, 1
13123, 499543237, 61, 0, 1
6683, 499549920, 48, 0, 1
12093, 499562013, 350, 19, 1
6399, 499568412, 31, 0, 1
13634, 499582046, 59, 0, 1
8257, 499590303, 153, 2, 1
1902414, 1902414, 43638, 380, 4
8096661, 9999075, 83307, 5670, 17
19243482, 29242557, 19210, 3659, 7
19306576, 48549133, 20289, 4060, 7
18907273, 67456406, 20636, 2932, 7
19573769, 87030175, 17550, 1523, 3
19537358, 106567533, 17664, 3887, 7
19036037, 125603570, 23774, 5500, 11
19009181, 144612751, 18803, 3691, 7
19581475, 164194226, 18571, 3347, 7
19314693, 183508919, 18174, 2955, 7
19561508, 203070427, 21277, 3418, 7
19663138, 222733565, 18450, 4263, 7
19608836, 242342401, 18280, 2505, 7
18817685, 261160086, 24723, 4346, 11
19293679, 280453765, 19516, 3309, 7
18926356, 299380121, 18360, 3553, 7
19586739, 318966860, 18965, 4117, 7
19637809, 338604669, 19190, 4041, 7
19641610, 358246279, 19408, 4289, 11
19586967, 377833246, 19316, 3894, 7
19680215, 397513461, 18725, 3009, 7
19693244, 417206705, 18598, 3627, 7
19621099, 436827804, 19509, 3993, 7
19629265, 456457069, 18783, 4556, 11
19636129, 476093198, 19362, 4979, 11
15105529, 491198727, 30286, 1806, 19
5139477, 496338204, 10473, 94, 6
5652, 496343856, 19, 0, 1
5658, 496349514, 12, 0, 1
6173, 496355687, 21, 0, 1
11905, 496367592, 48, 0, 1
5652, 496373244, 19, 0, 1
5658, 496378902, 14, 0, 1
6136, 496385038, 18, 0, 1
11791, 496396829, 28, 0, 1
5656, 496402485, 16, 0, 1
5652, 496408137, 12, 0, 1
6159, 496414296, 18, 0, 1
11788, 496426084, 42, 0, 1
5658, 496431742, 13, 0, 1
5658, 496437400, 10, 0, 1
6167, 496443567, 22, 0, 1
11796, 496455363, 22, 0, 1
5658, 496461021, 11, 0, 1
5651, 496466672, 13, 0, 1
6160, 496472832, 17, 0, 1
11803, 496484635, 30, 0, 1
5646, 496490281, 18, 0, 1
5663, 496495944, 19, 0, 1
6154, 496502098, 14, 0, 1
11759, 496513857, 29, 0, 1
5651, 496519508, 14, 0, 1
5658, 496525166, 10, 0, 1
6173, 496531339, 16, 0, 1
11790, 496543129, 28, 0, 1
5658, 496548787, 12, 0, 1
5658, 496554445, 11, 0, 1
6154, 496560599, 17, 0, 1
11796, 496572395, 20, 0, 1
5658, 496578053, 13, 0, 1
5651, 496583704, 11, 0, 1
6167, 496589871, 18, 0, 1
13155, 496603026, 102, 0, 1
5658, 496608684, 13, 0, 1
5652, 496614336, 17, 0, 1
6160, 496620496, 14, 0, 1
20010, 496640506, 310, 42, 1
5646, 496646152, 34, 0, 1
5651, 496651803, 17, 0, 1
6154, 496657957, 17, 0, 1
11771, 496669728, 31, 0, 1
5658, 496675386, 14, 0, 1
5658, 496681044, 11, 0, 1
6173, 496687217, 16, 0, 1
11784, 496699001, 29, 0, 1
5645, 496704646, 16, 0, 1
5657, 496710303, 15, 0, 1
6148, 496716451, 18, 0, 1
11797, 496728248, 24, 0, 1
5658, 496733906, 14, 0, 1
5658, 496739564, 11, 0, 1
6154, 496745718, 21, 0, 1
11796, 496757514, 24, 0, 1
5652, 496763166, 15, 0, 1
5651, 496768817, 15, 0, 1
7036, 496775853, 99, 4, 1
11796, 496787649, 27, 0, 1
5658, 496793307, 12, 0, 1
5658, 496798965, 10, 0, 1
6160, 496805125, 16, 0, 1
11796, 496816921, 21, 0, 1
5658, 496822579, 12, 0, 1
5658, 496828237, 9, 0, 1
6186, 496834423, 15, 0, 1
11771, 496846194, 30, 0, 1
5658, 496851852, 9, 0, 1
5658, 496857510, 8, 0, 1
6154, 496863664, 15, 0, 1
12330, 496875994, 70, 0, 1
6314, 496882308, 22, 0, 1
5649, 496887957, 15, 0, 1
6692, 496894649, 26, 0, 1
12910, 496907559, 43, 0, 1
6097, 496913656, 23, 0, 1
5658, 496919314, 15, 0, 1
6145, 496925459, 18, 0, 1
12219, 496937678, 46, 0, 1
6116, 496943794, 16, 0, 1
6104, 496949898, 22, 0, 1
6110, 496956008, 19, 0, 1
12233, 496968241, 36, 0, 1
6115, 496974356, 18, 0, 1
6116, 496980472, 16, 0, 1
6116, 496986588, 17, 0, 1
13597, 497000185, 53, 0, 1
6116, 497006301, 16, 0, 1
6116, 497012417, 18, 0, 1
6129, 497018546, 18, 0, 1
12232, 497030778, 32, 0, 1
5658, 497036436, 10, 0, 1
5658, 497042094, 11, 0, 1
6160, 497048254, 14, 0, 1
12232, 497060486, 28, 0, 1
5658, 497066144, 10, 0, 1
5658, 497071802, 7, 0, 1
6147, 497077949, 26, 0, 1
11796, 497089745, 27, 0, 1
5652, 497095397, 16, 0, 1
5658, 497101055, 12, 0, 1
6159, 497107214, 20, 0, 1
11809, 497119023, 20, 0, 1
5646, 497124669, 16, 0, 1
5658, 497130327, 11, 0, 1
6118, 497136445, 23, 0, 1
11794, 497148239, 36, 0, 1
5658, 497153897, 12, 0, 1
5657, 497159554, 13, 0, 1
6173, 497165727, 19, 0, 1
11772, 497177499, 26, 0, 1
5658, 497183157, 11, 0, 1
5657, 497188814, 13, 0, 1
6148, 497194962, 17, 0, 1
11822, 497206784, 19, 0, 1
5658, 497212442, 12, 0, 1
5651, 497218093, 14, 0, 1
6148, 497224241, 17, 0, 1
11789, 497236030, 31, 0, 1
5658, 497241688, 9, 0, 1
5658, 497247346, 12, 0, 1
6130, 497253476, 25, 0, 1
11796, 497265272, 21, 0, 1
5658, 497270930, 9, 0, 1
5658, 497276588, 11, 0, 1
6160, 497282748, 16, 0, 1
11796, 497294544, 21, 0, 1
5657, 497300201, 17, 0, 1
5658, 497305859, 12, 0, 1
6167, 497312026, 20, 0, 1
11796, 497323822, 22, 0, 1
5658, 497329480, 11, 0, 1
5658, 497335138, 10, 0, 1
6160, 497341298, 14, 0, 1
11809, 497353107, 24, 0, 1
5658, 497358765, 12, 0, 1
5658, 497364423, 9, 0, 1
13195, 497377618, 33, 0, 1
6138, 497383756, 17, 0, 1
5652, 497389408, 16, 0, 1
5658, 497395066, 11, 0, 1
11831, 497406897, 31, 0, 1
6138, 497413035, 18, 0, 1
5646, 497418681, 15, 0, 1
5658, 497424339, 11, 0, 1
11818, 497436157, 21, 0, 1
17539, 497453696, 363, 3, 1
5658, 497459354, 26, 0, 1
5652, 497465006, 13, 0, 1
11817, 497476823, 34, 0, 1
6138, 497482961, 19, 0, 1
5658, 497488619, 13, 0, 1
5658, 497494277, 11, 0, 1
11831, 497506108, 27, 0, 1
6138, 497512246, 14, 0, 1
5658, 497517904, 14, 0, 1
5652, 497523556, 17, 0, 1
11824, 497535380, 31, 0, 1
6132, 497541512, 19, 0, 1
5652, 497547164, 14, 0, 1
5658, 497552822, 12, 0, 1
11830, 497564652, 22, 0, 1
6138, 497570790, 15, 0, 1
5658, 497576448, 11, 0, 1
5658, 497582106, 8, 0, 1
11818, 497593924, 24, 0, 1
6164, 497600088, 13, 0, 1
5658, 497605746, 7, 0, 1
5658, 497611404, 12, 0, 1
11817, 497623221, 32, 0, 1
6132, 497629353, 21, 0, 1
5652, 497635005, 16, 0, 1
5651, 497640656, 19, 0, 1
11825, 497652481, 23, 0, 1
6138, 497658619, 17, 0, 1
5658, 497664277, 14, 0, 1
5658, 497669935, 11, 0, 1
11781, 497681716, 35, 0, 1
6121, 497687837, 18, 0, 1
5658, 497693495, 13, 0, 1
5658, 497699153, 13, 0, 1
11817, 497710970, 24, 0, 1
6145, 497717115, 21, 0, 1
5658, 497722773, 12, 0, 1
5658, 497728431, 10, 0, 1
11825, 497740256, 31, 0, 1
6132, 497746388, 18, 0, 1
7016, 497753404, 50, 0, 1
5658, 497759062, 14, 0, 1
11786, 497770848, 39, 0, 1
6138, 497776986, 17, 0, 1
5658, 497782644, 14, 0, 1
5658, 497788302, 14, 0, 1
11812, 497800114, 36, 0, 1
6138, 497806252, 18, 0, 1
6115, 497812367, 19, 0, 1
5658, 497818025, 11, 0, 1
11783, 497829808, 29, 0, 1
6145, 497835953, 16, 0, 1
5658, 497841611, 10, 0, 1
5658, 497847269, 12, 0, 1
11817, 497859086, 34, 0, 1
6138, 497865224, 17, 0, 1
5652, 497870876, 13, 0, 1
5658, 497876534, 10, 0, 1
11831, 497888365, 26, 0, 1
6138, 497894503, 17, 0, 1
5658, 497900161, 13, 0, 1
5658, 497905819, 9, 0, 1
11805, 497917624, 32, 0, 1
6151, 497923775, 18, 0, 1
5658, 497929433, 14, 0, 1
5658, 497935091, 9, 0, 1
11769, 497946860, 35, 0, 1
6132, 497952992, 17, 0, 1
5646, 497958638, 15, 0, 1
5658, 497964296, 11, 0, 1
11820, 497976116, 26, 0, 1
6137, 497982253, 19, 0, 1
5658, 497987911, 14, 0, 1
5658, 497993569, 10, 0, 1
11817, 498005386, 22, 0, 1
6138, 498011524, 17, 0, 1
5658, 498017182, 14, 0, 1
5658, 498022840, 18, 0, 1
11819, 498034659, 27, 0, 1
6138, 498040797, 16, 0, 1
5658, 498046455, 15, 0, 1
5658, 498052113, 13, 0, 1
11793, 498063906, 42, 0, 1
6151, 498070057, 19, 0, 1
5658, 498075715, 13, 0, 1
5658, 498081373, 13, 0, 1
11769, 498093142, 33, 0, 1
6138, 498099280, 16, 0, 1
5658, 498104938, 13, 0, 1
5658, 498110596, 8, 0, 1
11830, 498122426, 25, 0, 1
7509, 498129935, 34, 0, 1
5658, 498135593, 12, 0, 1
5652, 498141245, 17, 0, 1
11805, 498153050, 31, 0, 1
6151, 498159201, 16, 0, 1
5658, 498164859, 8, 0, 1
5658, 498170517, 12, 0, 1
11805, 498182322, 34, 0, 1
6138, 498188460, 15, 0, 1
5658, 498194118, 9, 0, 1
5652, 498199770, 18, 0, 1
11830, 498211600, 25, 0, 1
6138, 498217738, 17, 0, 1
5633, 498223371, 21, 0, 1
5651, 498229022, 14, 0, 1
11805, 498240827, 32, 0, 1
6136, 498246963, 24, 0, 1
5640, 498252603, 18, 0, 1
5658, 498258261, 12, 0, 1
11831, 498270092, 26, 0, 1
6137, 498276229, 19, 0, 1
5658, 498281887, 10, 0, 1
5658, 498287545, 9, 0, 1
11804, 498299349, 36, 0, 1
6151, 498305500, 15, 0, 1
5658, 498311158, 11, 0, 1
5658, 498316816, 9, 0, 1
11794, 498328610, 27, 0, 1
6138, 498334748, 17, 0, 1
5658, 498340406, 14, 0, 1
5658, 498346064, 17, 0, 1
11862, 498357926, 29, 0, 1
6132, 498364058, 18, 0, 1
5652, 498369710, 15, 0, 1
5658, 498375368, 11, 0, 1
11818, 498387186, 26, 0, 1
6133, 498393319, 19, 0, 1
5658, 498398977, 14, 0, 1
5658, 498404635, 13, 0, 1
11775, 498416410, 38, 0, 1
6138, 498422548, 14, 0, 1
5658, 498428206, 12, 0, 1
5658, 498433864, 11, 0, 1
11813, 498445677, 27, 0, 1
6145, 498451822, 17, 0, 1
5658, 498457480, 12, 0, 1
5658, 498463138, 11, 0, 1
11818, 498474956, 19, 0, 1
6138, 498481094, 15, 0, 1
5657, 498486751, 17, 0, 1
5658, 498492409, 11, 0, 1
13164, 498505573, 54, 0, 1
6132, 498511705, 18, 0, 1
5658, 498517363, 11, 0, 1
5646, 498523009, 17, 0, 1
11785, 498534794, 37, 0, 1
6145, 498540939, 17, 0, 1
5651, 498546590, 18, 0, 1
5658, 498552248, 17, 0, 1
11812, 498564060, 17, 0, 1
6132, 498570192, 18, 0, 1
5658, 498575850, 12, 0, 1
5658, 498581508, 13, 0, 1
11831, 498593339, 32, 0, 1
6138, 498599477, 17, 0, 1
8997, 498608474, 173, 1, 1
887326, 499495800, 14367, 912, 5
13466, 499509266, 640, 1, 1
6397, 499515663, 35, 0, 1
12298, 499527961, 368, 16, 1
6980, 499534941, 38, 0, 1
13351, 499548292, 51, 0, 1
8251, 499556543, 150, 3, 1
6662, 499563205, 30, 1, 1
1945999, 1945999, 41968, 301, 4
5623370, 7569369, 80433, 5164, 15
18717276, 26286645, 22308, 3874, 7
19343680, 45630325, 20996, 3763, 7
18963254, 64593579, 18756, 3079, 7
19639474, 84233053, 19443, 1393, 3
19429559, 103662612, 18731, 4195, 7
19594330, 123256942, 18821, 3967, 7
19604213, 142861155, 18592, 3876, 7
19793963, 162655118, 19589, 3322, 7
19683993, 182339111, 19085, 3083, 7
19659891, 201999002, 19113, 3277, 7
19561205, 221560207, 19502, 4259, 11
19581776, 241141983, 19985, 2393, 7
19031161, 260173144, 23783, 4370, 11
19570931, 279744075, 18934, 3136, 7
19559954, 299304029, 17987, 3551, 7
19667069, 318971098, 19801, 4296, 11
19709293, 338680391, 19206, 4065, 7
19693358, 358373749, 18635, 4177, 7
19667151, 378040900, 18877, 3715, 7
19662265, 397703165, 19364, 3076, 7
19774613, 417477778, 18648, 3577, 7
19629321, 437107099, 19209, 3829, 7
19610158, 456717257, 19074, 4592, 11
19649618, 476366875, 19781, 4943, 11
14358867, 490725742, 29896, 1508, 19
4773749, 495499491, 9624, 74, 6
6117, 495505608, 366, 3, 1
11795, 495517403, 36, 0, 1
5652, 495523055, 17, 0, 1
5646, 495528701, 18, 0, 1
6151, 495534852, 22, 0, 1
13187, 495548039, 106, 0, 1
5658, 495553697, 15, 0, 1
5646, 495559343, 14, 0, 1
6130, 495565473, 18, 0, 1
11796, 495577269, 17, 0, 1
5658, 495582927, 7, 0, 1
5656, 495588583, 26, 0, 1
6158, 495594741, 21, 0, 1
11781, 495606522, 41, 0, 1
5651, 495612173, 18, 0, 1
5658, 495617831, 10, 0, 1
6129, 495623960, 23, 0, 1
11778, 495635738, 34, 0, 1
5658, 495641396, 9, 0, 1
5644, 495647040, 23, 0, 1
6141, 495653181, 27, 0, 1
11799, 495664980, 38, 0, 1
5633, 495670613, 17, 0, 1
5645, 495676258, 26, 0, 1
6160, 495682418, 21, 0, 1
11777, 495694195, 31, 0, 1
5621, 495699816, 20, 0, 1
5658, 495705474, 14, 0, 1
6130, 495711604, 20, 0, 1
11788, 495723392, 34, 0, 1
5643, 495729035, 22, 0, 1
5658, 495734693, 13, 0, 1
6165, 495740858, 21, 0, 1
11777, 495752635, 37, 0, 1
5658, 495758293, 11, 0, 1
5658, 495763951, 10, 0, 1
6160, 495770111, 18, 0, 1
11802, 495781913, 39, 0, 1
5646, 495787559, 23, 0, 1
5658, 495793217, 15, 0, 1
6122, 495799339, 24, 0, 1
11742, 495811081, 36, 0, 1
5645, 495816726, 17, 0, 1
5652, 495822378, 14, 0, 1
6155, 495828533, 23, 0, 1
11741, 495840274, 37, 0, 1
5646, 495845920, 15, 0, 1
5633, 495851553, 22, 0, 1
6160, 495857713, 16, 0, 1
11809, 495869522, 31, 0, 1
5658, 495875180, 10, 0, 1
5658, 495880838, 8, 0, 1
6134, 495886972, 24, 0, 1
11790, 495898762, 25, 0, 1
5642, 495904404, 27, 0, 1
5658, 495910062, 9, 0, 1
6173, 495916235, 19, 0, 1
13176, 495929411, 63, 0, 1
5664, 495935075, 29, 0, 1
5652, 495940727, 13, 0, 1
6160, 495946887, 16, 1, 1
11796, 495958683, 49, 7, 1
5645, 495964328, 19, 0, 1
5638, 495969966, 20, 0, 1
6140, 495976106, 24, 0, 1
11778, 495987884, 29, 0, 1
5627, 495993511, 23, 0, 1
5656, 495999167, 21, 0, 1
6160, 496005327, 19, 0, 1
11789, 496017116, 47, 0, 1
5656, 496022772, 28, 0, 1
5658, 496028430, 12, 0, 1
6662, 496035092, 74, 1, 1
13140, 496048232, 76, 1, 1
6306, 496054538, 28, 0, 1
5649, 496060187, 14, 0, 1
6636, 496066823, 24, 0, 1
12207, 496079030, 42, 0, 1
6095, 496085125, 27, 0, 1
6120, 496091245, 36, 0, 1
6098, 496097343, 22, 0, 1
12233, 496109576, 32, 0, 1
6086, 496115662, 21, 0, 1
6098, 496121760, 21, 0, 1
6080, 496127840, 20, 0, 1
12178, 496140018, 36, 0, 1
6137, 496146155, 39, 0, 1
6085, 496152240, 23, 0, 1
6109, 496158349, 22, 0, 1
12208, 496170557, 37, 0, 1
6110, 496176667, 20, 0, 1
6086, 496182753, 25, 0, 1
6079, 496188832, 25, 0, 1
11760, 496200592, 34, 0, 1
6122, 496206714, 18, 0, 1
5639, 496212353, 14, 0, 1
6132, 496218485, 17, 0, 1
11705, 496230190, 40, 0, 1
5658, 496235848, 9, 0, 1
5646, 496241494, 27, 0, 1
6146, 496247640, 29, 0, 1
11827, 496259467, 39, 0, 1
5658, 496265125, 8, 0, 1
5661, 496270786, 19, 0, 1
6134, 496276920, 29, 0, 1
11773, 496288693, 48, 0, 1
5658, 496294351, 9, 0, 1
5658, 496300009, 9, 0, 1
7502, 496307511, 36, 0, 1
11763, 496319274, 33, 0, 1
5658, 496324932, 10, 0, 1
5658, 496330590, 9, 0, 1
6112, 496336702, 25, 0, 1
11781, 496348483, 40, 0, 1
5633, 496354116, 18, 0, 1
5645, 496359761, 17, 0, 1
6160, 496365921, 19, 0, 1
11776, 496377697, 30, 0, 1
5658, 496383355, 12, 0, 1
5658, 496389013, 11, 0, 1
6173, 496395186, 16, 0, 1
11764, 496406950, 37, 0, 1
5650, 496412600, 19, 0, 1
5658, 496418258, 9, 0, 1
6148, 496424406, 17, 0, 1
11768, 496436174, 44, 0, 1
5643, 496441817, 16, 0, 1
5641, 496447458, 25, 0, 1
6173, 496453631, 16, 0, 1
11753, 496465384, 36, 0, 1
5658, 496471042, 11, 0, 1
5658, 496476700, 10, 0, 1
6136, 496482836, 25, 0, 1
11776, 496494612, 47, 0, 1
5658, 496500270, 8, 0, 1
5658, 496505928, 9, 0, 1
6140, 496512068, 24, 0, 1
11772, 496523840, 30, 0, 1
5631, 496529471, 23, 0, 1
5658, 496535129, 8, 0, 1
6142, 496541271, 25, 0, 1
11766, 496553037, 24, 0, 1
5658, 496558695, 12, 0, 1
5651, 496564346, 16, 0, 1
6129, 496570475, 26, 0, 1
11809, 496582284, 13, 0, 1
5651, 496587935, 12, 0, 1
5658, 496593593, 12, 0, 1
11789, 496605382, 39, 0, 1
6138, 496611520, 17, 0, 1
5656, 496617176, 28, 0, 1
5652, 496622828, 16, 0, 1
11823, 496634651, 48, 0, 1
6114, 496640765, 21, 0, 1
5652, 496646417, 21, 0, 1
5658, 496652075, 9, 0, 1
11794, 496663869, 45, 0, 1
6132, 496670001, 14, 0, 1
5647, 496675648, 25, 0, 1
7035, 496682683, 21, 0, 1
20882, 496703565, 406, 5, 1
6138, 496709703, 29, 0, 1
5616, 496715319, 17, 0, 1
5660, 496720979, 25, 0, 1
11794, 496732773, 28, 0, 1
6151, 496738924, 19, 0, 1
5625, 496744549, 25, 0, 1
5658, 496750207, 12, 0, 1
11770, 496761977, 28, 0, 1
6113, 496768090, 18, 0, 1
5640, 496773730, 13, 0, 1
5639, 496779369, 16, 0, 1
11808, 496791177, 50, 0, 1
6138, 496797315, 18, 0, 1
5616, 496802931, 21, 0, 1
5658, 496808589, 9, 0, 1
11762, 496820351, 33, 0, 1
6151, 496826502, 15, 0, 1
5644, 496832146, 17, 0, 1
5638, 496837784, 24, 0, 1
11781, 496849565, 47, 0, 1
6138, 496855703, 17, 0, 1
5658, 496861361, 14, 0, 1
5638, 496866999, 22, 0, 1
11803, 496878802, 46, 0, 1
6116, 496884918, 29, 0, 1
5658, 496890576, 10, 0, 1
5658, 496896234, 10, 0, 1
11770, 496908004, 35, 0, 1
6138, 496914142, 15, 0, 1
5631, 496919773, 19, 0, 1
5633, 496925406, 16, 0, 1
11806, 496937212, 52, 0, 1
6138, 496943350, 14, 0, 1
6096, 496949446, 25, 0, 1
5649, 496955095, 21, 0, 1
11784, 496966879, 30, 0, 1
6151, 496973030, 15, 0, 1
5645, 496978675, 20, 0, 1
5658, 496984333, 12, 0, 1
11813, 496996146, 50, 0, 1
6132, 497002278, 20, 0, 1
5645, 497007923, 23, 0, 1
5646, 497013569, 10, 0, 1
11831, 497025400, 28, 0, 1
6145, 497031545, 16, 0, 1
5653, 497037198, 13, 0, 1
5658, 497042856, 8, 0, 1
11811, 497054667, 41, 0, 1
6151, 497060818, 19, 0, 1
7017, 497067835, 34, 0, 1
5658, 497073493, 14, 0, 1
11806, 497085299, 28, 0, 1
6138, 497091437, 17, 0, 1
5610, 497097047, 18, 0, 1
5658, 497102705, 9, 0, 1
11785, 497114490, 41, 0, 1
6138, 497120628, 18, 0, 1
5650, 497126278, 14, 0, 1
5658, 497131936, 6, 0, 1
11803, 497143739, 35, 0, 1
6138, 497149877, 16, 0, 1
5652, 497155529, 15, 0, 1
5655, 497161184, 24, 0, 1
11830, 497173014, 30, 0, 1
6137, 497179151, 16, 0, 1
5615, 497184766, 19, 0, 1
5658, 497190424, 9, 0, 1
11811, 497202235, 29, 0, 1
6141, 497208376, 25, 0, 1
5658, 497214034, 11, 0, 1
5652, 497219686, 12, 0, 1
11761, 497231447, 39, 0, 1
6138, 497237585, 13, 0, 1
5621, 497243206, 20, 0, 1
5658, 497248864, 6, 0, 1
11785, 497260649, 39, 0, 1
6114, 497266763, 20, 0, 1
5655, 497272418, 24, 0, 1
5652, 497278070, 21, 0, 1
11779, 497289849, 38, 0, 1
6133, 497295982, 19, 0, 1
5640, 497301622, 14, 0, 1
5652, 497307274, 13, 0, 1
11809, 497319083, 35, 0, 1
6126, 497325209, 20, 0, 1
5622, 497330831, 18, 0, 1
5649, 497336480, 24, 0, 1
11812, 497348292, 45, 0, 1
6118, 497354410, 28, 0, 1
5655, 497360065, 25, 0, 1
5640, 497365705, 13, 0, 1
11817, 497377522, 30, 0, 1
6138, 497383660, 18, 0, 1
5628, 497389288, 18, 0, 1
5631, 497394919, 20, 0, 1
11783, 497406702, 34, 0, 1
6138, 497412840, 17, 0, 1
5634, 497418474, 14, 0, 1
5652, 497424126, 11, 0, 1
11762, 497435888, 33, 0, 1
15722, 497451610, 261, 42, 1
5640, 497457250, 36, 0, 1
5645, 497462895, 21, 0, 1
11771, 497474666, 45, 0, 1
6119, 497480785, 23, 0, 1
5645, 497486430, 12, 0, 1
5658, 497492088, 10, 0, 1
11817, 497503905, 32, 0, 1
6138, 497510043, 15, 0, 1
5644, 497515687, 23, 0, 1
5658, 497521345, 14, 0, 1
11769, 497533114, 27, 0, 1
6133, 497539247, 19, 0, 1
5637, 497544884, 23, 0, 1
5658, 497550542, 7, 0, 1
11806, 497562348, 22, 0, 1
6125, 497568473, 28, 0, 1
5658, 497574131, 8, 0, 1
5657, 497579788, 22, 0, 1
11800, 497591588, 23, 0, 1
6120, 497597708, 19, 0, 1
5638, 497603346, 18, 0, 1
5658, 497609004, 5, 0, 1
11763, 497620767, 34, 0, 1
6138, 497626905, 16, 0, 1
5658, 497632563, 12, 0, 1
5658, 497638221, 9, 0, 1
11779, 497650000, 43, 0, 1
6138, 497656138, 16, 0, 1
5628, 497661766, 17, 0, 1
5658, 497667424, 10, 0, 1
11779, 497679203, 39, 0, 1
6137, 497685340, 19, 0, 1
5660, 497691000, 28, 0, 1
5658, 497696658, 8, 0, 1
12513, 497709171, 72, 0, 1
6612, 497715783, 33, 0, 1
6366, 497722149, 24, 0, 1
6472, 497728621, 38, 0, 1
12258, 497740879, 33, 0, 1
6124, 497747003, 28, 0, 1
5658, 497752661, 25, 0, 1
5658, 497758319, 13, 0, 1
15137, 497773456, 199, 2, 1
872613, 498646069, 14578, 772, 5
6703, 498652772, 596, 0, 1
6402, 498659174, 49, 0, 1
13523, 498672697, 65, 0, 1
15051, 498687748, 444, 8, 1
7949, 498695697, 105, 0, 1
6449, 498702146, 23, 0, 1
15166, 498717312, 168, 2, 1
1021540, 1021540, 22613, 156, 5
6281439, 7302979, 93615, 4880, 16
18344102, 25647081, 26237, 4249, 11
19405817, 45052898, 20475, 3749, 7
18508902, 63561800, 20861, 3259, 7
19721975, 83283775, 18623, 1371, 3
19558985, 102842760, 19217, 4176, 7
18817969, 121660729, 24129, 4943, 11
19156082, 140816811, 18575, 4113, 7
19712024, 160528835, 19559, 3146, 7
19257850, 179786685, 21089, 3752, 7
19625026, 199411711, 18663, 2595, 7
19680215, 219091926, 18606, 4495, 11
19549537, 238641463, 20068, 2868, 7
18791099, 257432562, 23401, 3745, 7
19500114, 276932676, 19032, 3609, 7
18803973, 295736649, 19604, 3001, 7
19482610, 315219259, 19593, 4137, 7
19676158, 334895417, 19516, 4009, 7
19684697, 354580114, 19191, 4299, 11
19554570, 374134684, 19100, 3838, 7
19713622, 393848306, 20062, 2990, 7
19667133, 413515439, 19169, 4161, 7
19657408, 433172847, 18946, 3156, 7
19657244, 452830091, 19108, 4617, 11
19622619, 472452710, 20010, 4999, 11
17383975, 489836685, 32585, 2759, 7
6544280, 496380965, 12185, 68, 6
6138, 496387103, 351, 1, 1
11785, 496398888, 47, 0, 1
5658, 496404546, 11, 0, 1
5658, 496410204, 11, 0, 1
6173, 496416377, 17, 0, 1
11775, 496428152, 38, 0, 1
5628, 496433780, 16, 0, 1
5669, 496439449, 31, 0, 1
6130, 496445579, 23, 0, 1
11797, 496457376, 28, 0, 1
5658, 496463034, 11, 0, 1
5639, 496468673, 15, 0, 1
6133, 496474806, 29, 0, 1
11794, 496486600, 45, 0, 1
5650, 496492250, 20, 0, 1
5656, 496497906, 24, 0, 1
6173, 496504079, 18, 0, 1
11778, 496515857, 35, 0, 1
5628, 496521485, 16, 0, 1
5658, 496527143, 13, 0, 1
6142, 496533285, 21, 0, 1
13173, 496546458, 113, 0, 1
5656, 496552114, 20, 0, 1
5644, 496557758, 25, 0, 1
6173, 496563931, 16, 0, 1
11783, 496575714, 25, 0, 1
5633, 496581347, 19, 0, 1
5658, 496587005, 10, 0, 1
6147, 496593152, 23, 0, 1
11804, 496604956, 27, 0, 1
5646, 496610602, 14, 0, 1
5633, 496616235, 23, 0, 1
6117, 496622352, 23, 0, 1
11783, 496634135, 31, 0, 1
5646, 496639781, 14, 0, 1
5658, 496645439, 9, 0, 1
6136, 496651575, 23, 0, 1
11792, 496663367, 52, 0, 1
5615, 496668982, 19, 0, 1
5626, 496674608, 23, 0, 1
6154, 496680762, 14, 0, 1
11784, 496692546, 40, 0, 1
5653, 496698199, 28, 0, 1
5652, 496703851, 13, 0, 1
6148, 496709999, 22, 0, 1
11796, 496721795, 20, 0, 1
5645, 496727440, 17, 0, 1
5651, 496733091, 11, 0, 1
6173, 496739264, 16, 0, 1
11788, 496751052, 41, 0, 1
5638, 496756690, 25, 0, 1
5658, 496762348, 11, 0, 1
6129, 496768477, 27, 0, 1
11796, 496780273, 20, 0, 1
5650, 496785923, 25, 0, 1
5658, 496791581, 9, 0, 1
6148, 496797729, 29, 0, 1
11756, 496809485, 39, 0, 1
5645, 496815130, 18, 0, 1
5658, 496820788, 10, 0, 1
6154, 496826942, 16, 0, 1
11802, 496838744, 30, 0, 1
5646, 496844390, 20, 0, 1
5648, 496850038, 24, 0, 1
6160, 496856198, 16, 0, 1
11780, 496867978, 36, 0, 1
5658, 496873636, 13, 0, 1
5652, 496879288, 14, 0, 1
6166, 496885454, 22, 0, 1
11777, 496897231, 31, 0, 1
5658, 496902889, 16, 0, 1
5658, 496908547, 9, 0, 1
7857, 496916404, 67, 0, 1
13053, 496929457, 65, 0, 1
6326, 496935783, 25, 0, 1
5643, 496941426, 18, 0, 1
6623, 496948049, 23, 0, 1
11736, 496959785, 46, 0, 1
6110, 496965895, 17, 0, 1
6097, 496971992, 31, 0, 1
6142, 496978134, 17, 0, 1
12214, 496990348, 34, 0, 1
6104, 496996452, 19, 0, 1
6104, 497002556, 25, 0, 1
6084, 497008640, 24, 0, 1
12225, 497020865, 43, 0, 1
6129, 497026994, 17, 0, 1
6116, 497033110, 22, 0, 1
6116, 497039226, 16, 0, 1
12184, 497051410, 30, 0, 1
6085, 497057495, 22, 0, 1
6116, 497063611, 19, 0, 1
6075, 497069686, 21, 0, 1
11803, 497081489, 26, 0, 1
6116, 497087605, 17, 0, 1
5646, 497093251, 13, 0, 1
6114, 497099365, 21, 0, 1
11796, 497111161, 21, 0, 1
5637, 497116798, 19, 0, 1
5658, 497122456, 10, 0, 1
6173, 497128629, 15, 0, 1
11757, 497140386, 44, 0, 1
5658, 497146044, 9, 0, 1
5652, 497151696, 12, 0, 1
6160, 497157856, 14, 1, 1
11787, 497169643, 38, 0, 1
5658, 497175301, 10, 0, 1
5658, 497180959, 11, 0, 1
6136, 497187095, 20, 0, 1
11816, 497198911, 38, 0, 1
5645, 497204556, 20, 0, 1
5652, 497210208, 12, 0, 1
6145, 497216353, 25, 0, 1
11764, 497228117, 36, 0, 1
5658, 497233775, 11, 0, 1
5658, 497239433, 7, 0, 1
6123, 497245556, 22, 0, 1
11795, 497257351, 32, 0, 1
5658, 497263009, 11, 0, 1
5658, 497268667, 13, 0, 1
6173, 497274840, 18, 0, 1
11785, 497286625, 30, 0, 1
5652, 497292277, 10, 0, 1
7035, 497299312, 29, 0, 1
6160, 497305472, 17, 0, 1
11816, 497317288, 48, 0, 1
5658, 497322946, 8, 0, 1
5652, 497328598, 11, 0, 1
6118, 497334716, 20, 0, 1
11780, 497346496, 33, 0, 1
5658, 497352154, 9, 0, 1
5652, 497357806, 12, 0, 1
6150, 497363956, 18, 0, 1
11775, 497375731, 31, 0, 1
5658, 497381389, 9, 0, 1
5658, 497387047, 10, 0, 1
6160, 497393207, 16, 0, 1
11806, 497405013, 36, 0, 1
5658, 497410671, 9, 0, 1
5658, 497416329, 10, 0, 1
6154, 497422483, 14, 0, 1
11788, 497434271, 34, 0, 1
5649, 497439920, 19, 0, 1
5658, 497445578, 11, 0, 1
6173, 497451751, 14, 0, 1
11789, 497463540, 27, 0, 1
5636, 497469176, 22, 0, 1
5662, 497474838, 23, 0, 1
6142, 497480980, 18, 0, 1
11754, 497492734, 36, 0, 1
5658, 497498392, 12, 0, 1
5658, 497504050, 7, 0, 1
6131, 497510181, 20, 0, 1
11764, 497521945, 29, 0, 1
5658, 497527603, 9, 0, 1
5658, 497533261, 10, 0, 1
6155, 497539416, 29, 0, 1
11795, 497551211, 34, 0, 1
5658, 497556869, 10, 0, 1
5651, 497562520, 20, 0, 1
6166, 497568686, 19, 0, 1
11778, 497580464, 28, 0, 1
5658, 497586122, 10, 0, 1
5658, 497591780, 14, 0, 1
6179, 497597959, 21, 0, 1
11796, 497609755, 23, 0, 1
5652, 497615407, 13, 0, 1
5658, 497621065, 14, 0, 1
6147, 497627212, 19, 0, 1
11791, 497639003, 28, 0, 1
5658, 497644661, 11, 0, 1
5640, 497650301, 18, 0, 1
6142, 497656443, 17, 0, 1
11790, 497668233, 21, 0, 1
7035, 497675268, 27, 0, 1
5658, 497680926, 12, 0, 1
15236, 497696162, 344, 1, 1
11777, 497707939, 52, 0, 1
5640, 497713579, 16, 0, 1
5652, 497719231, 14, 0, 1
6148, 497725379, 17, 0, 1
11794, 497737173, 30, 0, 1
5658, 497742831, 11, 0, 1
5658, 497748489, 13, 0, 1
6172, 497754661, 24, 0, 1
11795, 497766456, 28, 0, 1
5646, 497772102, 12, 0, 1
5658, 497777760, 13, 0, 1
6160, 497783920, 20, 0, 1
11813, 497795733, 31, 0, 1
5658, 497801391, 11, 0, 1
5658, 497807049, 10, 0, 1
11818, 497818867, 19, 0, 1
6138, 497825005, 18, 0, 1
5645, 497830650, 18, 0, 1
5658, 497836308, 10, 0, 1
11825, 497848133, 28, 0, 1
6138, 497854271, 15, 0, 1
6110, 497860381, 19, 0, 1
5658, 497866039, 11, 0, 1
11772, 497877811, 35, 0, 1
6139, 497883950, 17, 0, 1
5646, 497889596, 12, 0, 1
5657, 497895253, 15, 0, 1
11793, 497907046, 32, 0, 1
6132, 497913178, 17, 0, 1
5658, 497918836, 11, 0, 1
5658, 497924494, 10, 0, 1
11831, 497936325, 18, 0, 1
6138, 497942463, 16, 0, 1
5652, 497948115, 11, 0, 1
5651, 497953766, 13, 0, 1
11818, 497965584, 16, 0, 1
6138, 497971722, 17, 0, 1
5658, 497977380, 9, 0, 1
5658, 497983038, 11, 0, 1
11831, 497994869, 20, 0, 1
6133, 498001002, 22, 0, 1
5658, 498006660, 13, 0, 1
5658, 498012318, 12, 0, 1
11812, 498024130, 20, 0, 1
6157, 498030287, 19, 0, 1
5658, 498035945, 13, 0, 1
5658, 498041603, 12, 0, 1
11817, 498053420, 27, 0, 1
7514, 498060934, 42, 0, 1
5658, 498066592, 14, 0, 1
5658, 498072250, 12, 0, 1
11824, 498084074, 32, 0, 1
6132, 498090206, 17, 0, 1
5649, 498095855, 22, 0, 1
5658, 498101513, 11, 0, 1
11770, 498113283, 36, 0, 1
6145, 498119428, 22, 0, 1
5652, 498125080, 16, 0, 1
5651, 498130731, 21, 0, 1
11818, 498142549, 18, 0, 1
6138, 498148687, 17, 0, 1
5658, 498154345, 14, 0, 1
5658, 498160003, 11, 0, 1
11825, 498171828, 23, 0, 1
6138, 498177966, 19, 0, 1
5658, 498183624, 14, 0, 1
5651, 498189275, 15, 0, 1
11793, 498201068, 35, 0, 1
6138, 498207206, 17, 0, 1
5658, 498212864, 11, 0, 1
5658, 498218522, 15, 0, 1
11831, 498230353, 20, 0, 1
6120, 498236473, 18, 0, 1
5652, 498242125, 14, 0, 1
5658, 498247783, 19, 0, 1
11817, 498259600, 23, 0, 1
6151, 498265751, 14, 0, 1
5634, 498271385, 20, 0, 1
5658, 498277043, 13, 0, 1
11794, 498288837, 40, 0, 1
6138, 498294975, 17, 0, 1
5640, 498300615, 13, 0, 1
5658, 498306273, 10, 0, 1
11798, 498318071, 35, 0, 1
6132, 498324203, 18, 0, 1
5658, 498329861, 10, 0, 1
5658, 498335519, 9, 0, 1
11818, 498347337, 21, 0, 1
6151, 498353488, 18, 0, 1
5658, 498359146, 15, 0, 1
5658, 498364804, 15, 0, 1
11817, 498376621, 29, 0, 1
6132, 498382753, 20, 0, 1
5658, 498388411, 14, 0, 1
5658, 498394069, 13, 0, 1
11830, 498405899, 25, 0, 1
6138, 498412037, 16, 0, 1
5658, 498417695, 13, 0, 1
5658, 498423353, 10, 0, 1
13189, 498436542, 52, 0, 1
6126, 498442668, 23, 0, 1
5652, 498448320, 19, 0, 1
5658, 498453978, 11, 0, 1
11837, 498465815, 25, 0, 1
6138, 498471953, 16, 0, 1
5658, 498477611, 12, 0, 1
5657, 498483268, 16, 0, 1
11799, 498495067, 31, 0, 1
6158, 498501225, 22, 0, 1
5658, 498506883, 12, 0, 1
5655, 498512538, 19, 0, 1
11818, 498524356, 19, 0, 1
6132, 498530488, 16, 0, 1
5652, 498536140, 15, 0, 1
5658, 498541798, 11, 0, 1
11816, 498553614, 32, 0, 1
6131, 498559745, 24, 0, 1
5651, 498565396, 16, 0, 1
5658, 498571054, 13, 0, 1
11818, 498582872, 26, 0, 1
6151, 498589023, 15, 0, 1
5658, 498594681, 23, 0, 1
5658, 498600339, 9, 0, 1
11818, 498612157, 22, 0, 1
6138, 498618295, 16, 0, 1
5658, 498623953, 13, 0, 1
5658, 498629611, 8, 0, 1
11831, 498641442, 32, 0, 1
6132, 498647574, 20, 0, 1
5658, 498653232, 9, 0, 1
5658, 498658890, 11, 0, 1
896456, 499555346, 15158, 729, 5
6711, 499562057, 68, 0, 1
6742, 499568799, 32, 0, 1
6820, 499575619, 39, 0, 1
18620, 499594239, 403, 14, 1
7085, 499601324, 41, 0, 1
6847, 499608171, 24, 0, 1
7988, 499616159, 117, 3, 1
