510970 510970 10795 555
5193816 5704786 89204 7784
15822288 21527074 36522 9379
19099088 40626162 22430 5771
18933123 59559285 18162 5024
19551429 79110714 17860 5286
19396561 98507275 17861 5300
18184068 116691343 24846 7221
19044952 135736295 17881 5184
19536441 155272736 18225 5270
19518527 174791263 19951 5427
19570447 194361710 18615 5264
19333922 213695632 19776 5372
19560859 233256491 18274 5316
18914547 252171038 19543 5154
18730259 270901297 24773 5064
18913601 289814898 19299 5202
19597484 309412382 19024 5254
19669803 329082185 18778 5381
19637587 348719772 19908 5362
19462042 368181814 18793 5202
19653501 387835315 18972 5335
19606412 407441727 18905 5252
19642755 427084482 19642 5310
19625091 446709573 18326 5301
19560395 466269968 19127 5245
18232235 484502203 30728 4903
10494022 494996225 16974 221
1402712 496398937 4511 518
5658 496404595 26 0
6137 496410732 22 0
11796 496422528 42 0
5640 496428168 15 0
5658 496433826 11 0
6150 496439976 28 0
11770 496451746 41 1
5646 496457392 14 0
5653 496463045 26 0
6176 496469221 27 0
11792 496481013 33 0
5658 496486671 10 0
7035 496493706 93 7
6148 496499854 22 0
11801 496511655 28 0
5639 496517294 16 0
5644 496522938 20 0
6141 496529079 26 0
11772 496540851 29 0
5627 496546478 17 0
5658 496552136 8 0
6157 496558293 22 0
11822 496570115 58 0
5652 496575767 14 0
5650 496581417 23 0
6128 496587545 27 0
11790 496599335 37 0
5657 496604992 17 0
5652 496610644 11 0
6173 496616817 18 0
11795 496628612 32 0
5651 496634263 28 0
5658 496639921 9 0
6160 496646081 15 0
11821 496657902 46 0
5658 496663560 11 0
5644 496669204 22 0
6118 496675322 21 0
11784 496687106 28 0
5661 496692767 25 0
5653 496698420 22 0
6173 496704593 17 0
11778 496716371 26 0
5645 496722016 22 2
5658 496727674 11 0
6153 496733827 27 1
11795 496745622 30 2
5658 496751280 12 1
5637 496756917 25 0
6166 496763083 21 0
11796 496774879 32 0
5626 496780505 20 0
5658 496786163 9 0
6129 496792292 25 0
11796 496804088 39 0
5658 496809746 12 0
5658 496815404 12 0
6160 496821564 13 0
11796 496833360 27 0
5638 496838998 23 0
5658 496844656 10 0
6168 496850824 20 0
11796 496862620 25 0
6992 496869612 57 27
5658 496875270 11 0
6160 496881430 19 0
11809 496893239 23 0
5658 496898897 11 0
5658 496904555 12 0
6160 496910715 16 0
11795 496922510 37 0
5652 496928162 17 0
6116 496934278 17 0
6653 496940931 69 0
12996 496953927 49 0
6601 496960528 24 0
6304 496966832 21 0
6106 496972938 25 0
11796 496984734 25 0
6127 496990861 32 0
6116 496996977 20 0
6098 497003075 20 0
12209 497015284 52 0
6114 497021398 26 0
6098 497027496 23 0
6115 497033611 20 0
12240 497045851 44 0
6110 497051961 16 0
6116 497058077 17 0
6116 497064193 18 0
12217 497076410 52 0
6116 497082526 23 0
6128 497088654 26 0
6091 497094745 22 0
12221 497106966 50 0
6091 497113057 26 0
6098 497119155 20 0
6116 497125271 18 0
11799 497137070 37 0
6111 497143181 34 0
5658 497148839 11 0
6114 497154953 20 0
11785 497166738 44 0
5637 497172375 21 0
5658 497178033 16 0
6147 497184180 30 0
11790 497195970 29 0
5658 497201628 11 0
5651 497207279 27 0
6152 497213431 27 0
11766 497225197 34 0
5658 497230855 12 0
5646 497236501 21 0
6186 497242687 16 0
13146 497255833 54 0
5658 497261491 12 0
5658 497267149 13 0
6139 497273288 29 0
11786 497285074 45 0
5632 497290706 23 0
5652 497296358 17 0
6160 497302518 15 0
11785 497314303 27 0
5656 497319959 23 0
5658 497325617 11 0
6148 497331765 21 0
11786 497343551 37 0
5658 497349209 12 0
5652 497354861 14 0
6160 497361021 15 0
11796 497372817 37 0
5657 497378474 17 0
5658 497384132 12 0
6160 497390292 17 0
11796 497402088 24 0
5658 497407746 13 0
5658 497413404 12 0
6173 497419577 16 0
11796 497431373 22 0
5658 497437031 13 0
5652 497442683 20 0
6153 497448836 19 0
11796 497460632 23 0
5658 497466290 11 0
5658 497471948 12 0
6173 497478121 18 0
11795 497489916 37 0
5658 497495574 9 0
5658 497501232 13 0
6155 497507387 17 0
11809 497519196 26 0
5628 497524824 20 0
5658 497530482 12 0
6160 497536642 18 0
11796 497548438 23 0
5658 497554096 11 0
5658 497559754 14 0
6173 497565927 17 0
11795 497577722 25 0
5658 497583380 9 0
5658 497589038 12 0
6160 497595198 20 0
11822 497607020 24 0
5652 497612672 19 0
5657 497618329 19 0
6153 497624482 19 0
13162 497637644 61 0
5616 497643260 20 0
5657 497648917 15 0
6178 497655095 27 0
11795 497666890 38 0
5658 497672548 20 0
5658 497678206 10 0
6134 497684340 26 0
11758 497696098 42 0
5638 497701736 18 0
5651 497707387 15 0
15230 497722617 358 66
11789 497734406 56 0
5645 497740051 17 0
5657 497745708 19 0
6154 497751862 18 0
11803 497763665 32 0
5640 497769305 19 0
5658 497774963 12 0
6159 497781122 28 0
11778 497792900 32 0
5658 497798558 13 0
5658 497804216 11 0
6173 497810389 18 0
11785 497822174 39 0
5658 497827832 15 0
5651 497833483 14 0
6157 497839640 28 0
11785 497851425 33 0
5658 497857083 11 0
5658 497862741 12 0
6158 497868899 30 0
11796 497880695 25 0
5658 497886353 12 0
5658 497892011 9 0
7061 497899072 78 32
11790 497910862 35 0
6108 497916970 34 0
5658 497922628 16 0
6139 497928767 29 0
11796 497940563 22 0
5650 497946213 22 0
5662 497951875 17 0
6164 497958039 22 0
11796 497969835 23 0
5628 497975463 18 0
5662 497981125 23 0
11800 497992925 34 0
6164 497999089 17 0
5646 498004735 15 0
5658 498010393 11 0
13189 498023582 56 11
6138 498029720 16 0
5640 498035360 17 0
5651 498041011 18 0
11823 498052834 29 0
6145 498058979 18 0
5628 498064607 25 0
5658 498070265 14 0
11808 498082073 46 0
6139 498088212 23 0
5658 498093870 14 0
5658 498099528 18 0
11805 498111333 36 0
6138 498117471 15 0
5640 498123111 18 0
5658 498128769 14 0
11831 498140600 24 0
6138 498146738 19 0
5655 498152393 21 0
5658 498158051 17 0
11818 498169869 29 0
6132 498176001 18 0
5656 498181657 23 0
5652 498187309 25 0
11816 498199125 36 0
6138 498205263 25 0
5658 498210921 17 0
5657 498216578 21 0
11798 498228376 40 0
6145 498234521 20 0
5644 498240165 23 0
5651 498245816 22 0
11805 498257621 31 0
6138 498263759 14 0
5632 498269391 20 0
5658 498275049 25 0
11818 498286867 28 0
6138 498293005 16 0
5639 498298644 18 0
5658 498304302 12 0
11818 498316120 22 0
6151 498322271 17 0
5651 498327922 19 0
5657 498333579 17 0
11810 498345389 46 0
6138 498351527 18 0
5658 498357185 14 0
5658 498362843 14 0
11844 498374687 25 0
6138 498380825 18 0
5658 498386483 10 0
7035 498393518 33 0
11804 498405322 34 0
6138 498411460 19 0
5658 498417118 14 0
5658 498422776 15 0
11831 498434607 33 0
6138 498440745 20 0
5657 498446402 18 0
5652 498452054 21 0
11827 498463881 31 1
14348 498478229 284 84
5622 498483851 38 1
5650 498489501 21 0
11804 498501305 44 0
6132 498507437 24 0
5646 498513083 15 0
5653 498518736 15 0
11831 498530567 23 0
6132 498536699 20 0
5657 498542356 20 0
5658 498548014 11 0
11810 498559824 37 0
6139 498565963 23 0
5658 498571621 9 0
5658 498577279 13 0
11788 498589067 34 0
6138 498595205 25 0
5658 498600863 12 0
5658 498606521 10 0
11825 498618346 26 0
6131 498624477 23 0
5651 498630128 13 0
5640 498635768 19 0
11818 498647586 24 0
6138 498653724 18 0
5658 498659382 13 0
5658 498665040 14 0
11800 498676840 44 0
6138 498682978 17 0
5640 498688618 16 0
5657 498694275 22 0
11806 498706081 34 0
6133 498712214 21 0
5634 498717848 25 0
5658 498723506 12 0
11816 498735322 41 0
6126 498741448 20 0
914932 499656380 14911 3668
6746 499663126 634 5
14519 499677645 143 17
6672 499684317 45 0
12202 499696519 363 67
6962 499703481 57 1
13373 499716854 63 0
8277 499725131 121 13
6333 499731464 16 0
1097476 1097476 25561 1356
5967606 7065082 83388 10758
17054803 24119885 32728 6705
19271700 43391585 19731 5196
18864636 62256221 21208 5607
19561082 81817303 18547 5357
19371658 101188961 20059 5236
19440468 120629429 19267 5183
18659865 139289294 24503 7041
19322316 158611610 19103 5183
19028178 177639788 19697 5148
19514598 197154386 19041 5348
19310102 216464488 20911 5486
19482545 235947033 19654 5289
18824266 254771299 25142 5141
19603481 274374780 18632 5309
18841587 293216367 19812 5097
19512417 312728784 19067 5195
18964605 331693389 19800 5184
19628314 351321703 18808 5344
19546915 370868618 18721 5229
19723656 390592274 18617 5340
19603784 410196058 19156 5263
19546703 429742761 18967 5221
19655904 449398665 18704 5286
19631892 469030557 18733 5320
17426186 486456743 28141 4096
9629377 496086120 17900 198
252119 496338239 2556 510
5658 496343897 24 0
11765 496355662 49 0
5652 496361314 18 0
6153 496367467 25 0
5650 496373117 17 0
13179 496386296 121 36
5652 496391948 14 0
6160 496398108 19 0
5627 496403735 22 0
11793 496415528 47 0
5658 496421186 10 0
6161 496427347 22 0
5652 496432999 25 0
11796 496444795 28 0
5651 496450446 21 0
6141 496456587 21 0
5652 496462239 16 0
11782 496474021 41 0
5658 496479679 13 0
6186 496485865 17 0
5651 496491516 26 0
11781 496503297 41 0
5652 496508949 16 0
6141 496515090 30 0
5662 496520752 22 0
11803 496532555 33 0
5658 496538213 12 0
6160 496544373 15 0
5652 496550025 16 0
11753 496561778 45 0
5651 496567429 21 0
6173 496573602 15 1
5646 496579248 15 0
11746 496590994 45 0
5658 496596652 11 0
6158 496602810 27 0
5649 496608459 26 0
11813 496620272 44 0
5658 496625930 9 0
6160 496632090 16 1
5658 496637748 28 0
11788 496649536 47 0
5658 496655194 11 0
6167 496661361 19 0
5658 496667019 11 0
12235 496679254 45 1
5658 496684912 13 0
6138 496691050 20 1
5650 496696700 26 0
12273 496708973 40 0
5658 496714631 23 0
6138 496720769 16 0
5658 496726427 17 0
11765 496738192 43 0
5652 496743844 12 0
6160 496750004 16 0
7039 496757043 41 2
11803 496768846 32 1
5658 496774504 11 0
6160 496780664 19 0
5646 496786310 21 0
11795 496798105 30 0
5658 496803763 8 0
6173 496809936 19 0
5658 496815594 13 0
11796 496827390 22 0
5657 496833047 16 0
6160 496839207 20 0
5658 496844865 13 0
11816 496856681 30 1
5651 496862332 17 0
6160 496868492 22 0
5657 496874149 23 0
13266 496887415 105 0
6373 496893788 22 1
6637 496900425 24 0
6579 496907004 23 0
12232 496919236 33 1
5652 496924888 19 0
6126 496931014 21 0
6086 496937100 25 0
12227 496949327 38 0
6098 496955425 19 0
6116 496961541 23 0
6116 496967657 18 0
12244 496979901 38 0
6112 496986013 20 0
6116 496992129 21 0
6129 496998258 21 0
12231 497010489 31 0
6116 497016605 16 0
6116 497022721 19 0
6091 497028812 23 0
12232 497041044 40 0
7017 497048061 89 31
6110 497054171 21 0
6115 497060286 30 0
12231 497072517 37 0
5658 497078175 12 0
6137 497084312 21 0
6116 497090428 20 0
11762 497102190 29 0
5652 497107842 19 0
6160 497114002 20 0
5658 497119660 14 0
11796 497131456 22 0
5658 497137114 10 0
6231 497143345 22 0
7035 497150380 26 0
11796 497162176 22 0
5658 497167834 11 0
6142 497173976 23 0
5650 497179626 20 0
11772 497191398 33 0
5658 497197056 13 0
6173 497203229 17 0
5658 497208887 14 0
11803 497220690 27 0
5658 497226348 20 0
6154 497232502 18 0
5658 497238160 15 0
11815 497249975 35 0
5658 497255633 13 0
6160 497261793 15 0
5652 497267445 22 0
11784 497279229 32 0
5652 497284881 16 0
6167 497291048 19 0
5640 497296688 16 0
11796 497308484 20 0
5658 497314142 9 0
6160 497320302 18 0
5658 497325960 14 0
11809 497337769 19 0
5658 497343427 13 0
6154 497349581 14 0
5658 497355239 14 0
11796 497367035 19 0
5658 497372693 11 0
6173 497378866 15 0
5658 497384524 14 0
11783 497396307 23 0
5652 497401959 12 0
6159 497408118 17 0
11782 497419900 33 0
5644 497425544 21 0
5658 497431202 11 0
6155 497437357 27 0
11772 497449129 26 0
5657 497454786 17 0
5658 497460444 12 0
6160 497466604 18 0
11785 497478389 32 0
5645 497484034 18 0
5658 497489692 12 0
6159 497495851 20 0
11784 497507635 31 0
5658 497513293 13 0
5658 497518951 6 0
7550 497526501 29 2
11796 497538297 21 0
5658 497543955 13 0
5658 497549613 13 0
6158 497555771 30 0
11769 497567540 44 0
5634 497573174 16 0
5658 497578832 16 0
6136 497584968 22 0
11788 497596756 38 0
5644 497602400 17 0
5658 497608058 12 0
15248 497623306 305 38
11790 497635096 56 0
5652 497640748 19 0
5658 497646406 10 0
6159 497652565 16 0
11796 497664361 22 0
5658 497670019 12 0
5658 497675677 10 0
6159 497681836 24 0
11784 497693620 28 0
5652 497699272 12 0
5658 497704930 13 0
6154 497711084 17 0
11809 497722893 24 0
5658 497728551 9 0
5658 497734209 11 0
6159 497740368 23 0
11788 497752156 28 0
5658 497757814 13 0
5658 497763472 17 0
6173 497769645 16 0
11784 497781429 29 0
5658 497787087 10 0
5658 497792745 9 0
6159 497798904 18 0
11809 497810713 27 0
5657 497816370 13 0
5658 497822028 12 0
6159 497828187 20 0
11790 497839977 26 0
6116 497846093 16 0
5646 497851739 13 0
6115 497857854 22 0
11778 497869632 28 0
5652 497875284 13 0
5658 497880942 12 0
6166 497887108 21 0
11789 497898897 30 0
5658 497904555 12 0
7035 497911590 37 1
6164 497917754 22 0
11781 497929535 28 0
5658 497935193 10 0
5658 497940851 12 0
6153 497947004 25 0
11803 497958807 31 0
5652 497964459 10 0
5652 497970111 14 0
6154 497976265 14 0
11772 497988037 26 0
5640 497993677 20 0
5658 497999335 11 0
13998 498013333 209 28
11791 498025124 26 0
5658 498030782 13 0
5658 498036440 9 0
6153 498042593 27 0
11796 498054389 33 0
5639 498060028 17 0
5658 498065686 11 0
6129 498071815 22 0
11777 498083592 36 0
5657 498089249 14 0
5652 498094901 16 0
6172 498101073 26 0
11795 498112868 24 0
5658 498118526 12 0
5658 498124184 8 0
6160 498130344 18 0
11784 498142128 32 0
5651 498147779 19 0
5658 498153437 23 0
6160 498159597 26 0
11778 498171375 36 0
5645 498177020 17 0
5652 498182672 15 0
6156 498188828 27 0
11803 498200631 28 0
5652 498206283 16 0
5658 498211941 21 0
6129 498218070 25 0
11773 498229843 32 0
5661 498235504 19 0
5658 498241162 13 0
6164 498247326 23 0
11778 498259104 25 0
5646 498264750 15 0
5651 498270401 16 0
6143 498276544 20 0
13168 498289712 46 0
5646 498295358 17 0
5658 498301016 15 0
6148 498307164 18 0
11777 498318941 32 0
5658 498324599 11 0
5658 498330257 11 0
6172 498336429 17 0
11784 498348213 32 0
5652 498353865 14 0
5658 498359523 12 0
6157 498365680 27 0
11772 498377452 27 0
5644 498383096 14 0
5652 498388748 16 0
6192 498394940 21 0
11795 498406735 25 0
5658 498412393 11 0
5658 498418051 14 0
6148 498424199 20 0
11785 498435984 33 0
5658 498441642 12 0
5658 498447300 12 0
6141 498453441 27 0
11784 498465225 33 0
5652 498470877 15 0
5658 498476535 11 0
6166 498482701 27 0
11795 498494496 41 0
5658 498500154 9 0
5658 498505812 11 0
6129 498511941 23 0
11807 498523748 36 0
5651 498529399 16 0
5658 498535057 7 0
6160 498541217 16 0
11796 498553013 24 0
5651 498558664 12 0
5658 498564322 20 0
6166 498570488 23 0
11795 498582283 37 0
5663 498587946 13 0
5658 498593604 10 0
6141 498599745 21 0
11789 498611534 38 0
5641 498617175 16 0
5652 498622827 12 0
6154 498628981 24 0
11795 498640776 37 0
5658 498646434 22 0
5658 498652092 13 0
6141 498658233 23 0
13186 498671419 36 0
900128 499571547 15399 3692
6627 499578174 50 1
6438 499584612 30 0
12781 499597393 65 0
12109 499609502 385 100
6389 499615891 38 1
6753 499622644 22 0
14890 499637534 197 16
6624 499644158 30 0
1411789 1411789 31069 1098
6081356 7493145 85983 12328
18827335 26320480 24691 5597
18891415 45211895 23623 5631
19245487 64457382 17909 5175
19492395 83949777 18354 5289
19484348 103434125 17653 5225
18161730 121595855 24897 7063
19224786 140820641 18266 5249
19692043 160512684 18176 5260
19523610 180036294 21022 5454
19335332 199371626 19014 5192
19580443 218952069 18585 5399
19485768 238437837 18093 5264
18293324 256731161 24395 5004
19161303 275892464 19809 5157
19098055 294990519 19307 5263
19649952 314640471 19064 5190
19612921 334253392 19196 5365
19579867 353833259 19867 5276
19496242 373329501 19006 5277
19618291 392947792 19355 5346
19618216 412566008 19055 5269
19526342 432092350 19342 5249
19593370 451685720 19084 5303
19590738 471276458 18926 5266
17997928 489274386 25922 3536
7061509 496335895 19623 697
6132 496342027 358 13
5656 496347683 30 1
11796 496359479 26 0
6154 496365633 26 0
5658 496371291 10 0
5652 496376943 16 0
11785 496388728 49 0
6108 496394836 29 0
5652 496400488 17 0
5658 496406146 10 0
11789 496417935 44 0
6138 496424073 16 0
5658 496429731 8 0
5658 496435389 10 0
11785 496447174 35 0
6137 496453311 27 0
5658 496458969 12 0
5658 496464627 11 0
11807 496476434 34 0
6117 496482551 27 0
5664 496488215 21 0
5658 496493873 15 0
11814 496505687 56 0
6158 496511845 20 0
5633 496517478 21 1
5652 496523130 13 0
11785 496534915 33 0
6135 496541050 25 0
5658 496546708 26 1
5658 496552366 10 0
11823 496564189 52 0
6132 496570321 20 0
5655 496575976 24 0
5652 496581628 13 0
11795 496593423 52 0
6151 496599574 19 0
5652 496605226 15 0
5658 496610884 9 0
11804 496622688 49 1
6138 496628826 14 0
5620 496634446 23 0
5652 496640098 17 0
11794 496651892 33 0
6138 496658030 15 0
7017 496665047 92 20
5658 496670705 14 0
11806 496682511 52 0
6138 496688649 14 0
5631 496694280 23 0
5637 496699917 23 0
11836 496711753 43 0
6138 496717891 14 0
5640 496723531 26 0
5652 496729183 14 0
11767 496740950 42 0
6149 496747099 32 0
5663 496752762 21 1
5658 496758420 11 0
11816 496770236 41 0
6143 496776379 26 0
5658 496782037 12 0
5651 496787688 17 0
11819 496799507 25 0
6132 496805639 19 0
5658 496811297 16 1
5658 496816955 15 0
11801 496828756 34 0
6144 496834900 26 0
5639 496840539 20 0
5658 496846197 12 0
11818 496858015 28 0
6120 496864135 20 0
6116 496870251 16 0
5658 496875909 15 0
13024 496888933 96 1
6658 496895591 19 0
6602 496902193 20 0
6300 496908493 32 1
11778 496920271 27 0
6126 496926397 18 0
6129 496932526 17 0
6110 496938636 23 0
12218 496950854 43 0
6084 496956938 25 0
6116 496963054 17 0
6116 496969170 20 0
12213 496981383 47 0
6116 496987499 17 0
6107 496993606 33 0
6126 496999732 21 0
12212 497011944 45 0
6116 497018060 21 0
6085 497024145 25 0
6105 497030250 23 0
12226 497042476 35 0
7493 497049969 31 1
6080 497056049 26 0
6103 497062152 21 0
11754 497073906 57 1
6151 497080057 16 0
6116 497086173 14 0
5658 497091831 13 0
11783 497103614 41 0
6138 497109752 17 0
5638 497115390 25 0
5650 497121040 19 0
11801 497132841 47 0
6145 497138986 17 0
5658 497144644 15 0
5638 497150282 31 0
11773 497162055 42 0
6138 497168193 16 0
5652 497173845 16 0
5674 497179519 27 0
11824 497191343 46 0
6138 497197481 17 0
5658 497203139 14 0
5657 497208796 19 0
11811 497220607 34 0
6151 497226758 18 0
5652 497232410 17 0
5658 497238068 14 0
11818 497249886 24 0
6138 497256024 16 0
5658 497261682 11 0
5652 497267334 14 0
11848 497279182 39 0
6138 497285320 14 0
5645 497290965 26 0
5655 497296620 27 0
11806 497308426 26 0
6151 497314577 17 0
5658 497320235 15 0
5662 497325897 23 0
11816 497337713 39 0
6113 497343826 27 0
5640 497349466 14 0
5637 497355103 24 0
11811 497366914 38 0
6138 497373052 14 0
5650 497378702 25 0
5658 497384360 14 0
11813 497396173 50 0
6138 497402311 16 0
5658 497407969 13 0
5654 497413623 27 0
13165 497426788 55 0
6138 497432926 16 0
5646 497438572 19 0
5658 497444230 10 0
11821 497456051 40 0
6151 497462202 15 0
5658 497467860 12 0
5657 497473517 22 0
11806 497485323 41 0
6138 497491461 16 0
5658 497497119 13 0
5652 497502771 16 0
11823 497514594 28 0
6120 497520714 22 0
5657 497526371 23 0
5658 497532029 13 0
11816 497543845 39 0
6151 497549996 17 0
5651 497555647 22 0
5658 497561305 15 0
11824 497573129 44 0
6141 497579270 34 0
5642 497584912 26 0
5660 497590572 31 0
23326 497613898 489 29
6138 497620036 23 0
5658 497625694 15 0
5658 497631352 15 0
11805 497643157 46 0
6138 497649295 18 0
5651 497654946 20 0
5655 497660601 24 0
11844 497672445 21 0
6138 497678583 16 0
5639 497684222 20 0
5645 497689867 19 0
11814 497701681 50 0
6145 497707826 22 0
5658 497713484 12 0
5658 497719142 10 0
11782 497730924 38 0
6138 497737062 19 0
5645 497742707 19 0
5658 497748365 22 0
11813 497760178 38 0
6138 497766316 20 0
5658 497771974 20 0
5658 497777632 14 0
11806 497789438 42 0
6151 497795589 16 0
5651 497801240 20 0
7038 497808278 38 0
11772 497820050 42 0
6138 497826188 18 0
5639 497831827 14 0
5684 497837511 32 0
11831 497849342 22 0
6128 497855470 30 0
5656 497861126 22 0
5658 497866784 14 0
11817 497878601 50 0
6145 497884746 19 0
5640 497890386 18 0
5652 497896038 15 0
11819 497907857 39 0
6126 497913983 24 0
5651 497919634 21 0
5654 497925288 24 0
11809 497937097 41 0
6151 497943248 14 0
5658 497948906 15 0
5658 497954564 14 0
11805 497966369 28 0
6138 497972507 19 0
5656 497978163 24 0
5658 497983821 17 0
11823 497995644 44 0
6132 498001776 24 0
5652 498007428 19 0
5658 498013086 13 0
11793 498024879 40 0
6164 498031043 16 0
5658 498036701 16 0
5645 498042346 17 0
11814 498054160 41 0
6138 498060298 17 0
5661 498065959 30 0
5653 498071612 21 0
11831 498083443 25 0
6096 498089539 28 0
5658 498095197 15 0
5654 498100851 27 0
11825 498112676 37 0
6138 498118814 18 0
5659 498124473 22 0
5658 498130131 14 0
11801 498141932 30 0
6132 498148064 20 0
5650 498153714 28 0
5639 498159353 19 0
11809 498171162 46 0
6151 498177313 25 0
7029 498184342 39 0
5656 498189998 23 0
11809 498201807 46 0
6138 498207945 18 0
5652 498213597 20 0
5658 498219255 14 0
11819 498231074 35 0
6130 498237204 29 0
5638 498242842 25 0
5667 498248509 33 0
11806 498260315 26 0
6151 498266466 18 0
5656 498272122 22 0
5672 498277794 28 0
11812 498289606 24 0
6132 498295738 23 0
5647 498301385 27 0
5655 498307040 31 0
11825 498318865 25 0
6141 498325006 35 0
5642 498330648 27 0
5655 498336303 29 0
11818 498348121 18 0
6130 498354251 26 0
5653 498359904 31 0
11818 498371722 37 0
5658 498377380 12 0
6125 498383505 21 0
5658 498389163 15 0
11804 498400967 39 0
5633 498406600 25 0
6146 498412746 24 0
5656 498418402 24 0
11805 498430207 29 0
5658 498435865 11 0
6129 498441994 30 0
5658 498447652 17 0
11818 498459470 37 0
5656 498465126 30 0
6108 498471234 26 0
5658 498476892 14 0
11816 498488708 42 0
5654 498494362 27 0
6145 498500507 21 0
5651 498506158 32 0
11789 498517947 37 0
5657 498523604 33 0
6126 498529730 21 0
5662 498535392 33 0
11824 498547216 50 0
6374 498553590 28 0
8319 498561909 79 0
6365 498568274 23 0
12932 498581206 38 0
5658 498586864 10 0
6125 498592989 21 0
5628 498598617 16 0
11816 498610433 37 0
5663 498616096 18 0
6137 498622233 28 0
5658 498627891 10 0
11786 498639677 39 0
5658 498645335 7 0
6151 498651486 15 0
5649 498657135 19 0
11805 498668940 28 0
5650 498674590 18 0
6108 498680698 27 0
5645 498686343 16 0
11795 498698138 48 0
880305 499578443 15436 3717
6438 499584881 45 0
6719 499591600 33 0
18529 499610129 413 58
6667 499616796 41 0
6447 499623243 29 0
6691 499629934 24 0
14859 499644793 163 17
2441566 2441566 50239 2323
8403627 10845193 77918 12431
19266202 30111395 19691 5277
18911138 49022533 20431 5095
19349292 68371825 18081 5213
19500454 87872279 19477 5329
19355000 107227279 19030 5219
19457027 126684306 18500 5258
19541273 146225579 18760 5267
19642364 165867943 19193 5216
19537931 185405874 19739 5289
19498397 204904271 18950 5324
19549663 224453934 19472 5365
19451285 243905219 19222 5244
18924505 262829724 25253 5127
19509453 282339177 19461 5312
19522242 301861419 19006 5220
19526537 321387956 19141 5278
19570361 340958317 19930 5384
19597721 360556038 19403 5321
19548198 380104236 19412 5237
19543123 399647359 19284 5317
19598985 419246344 19732 5233
19613034 438859378 19086 5251
19573009 458432387 19355 5297
19487449 477919836 19863 5288
13572839 491492675 29794 1822
4057944 495550619 8328 854
5658 495556277 22 1
5661 495561938 21 0
11788 495573726 40 0
6138 495579864 18 1
5658 495585522 12 0
5658 495591180 13 0
11783 495602963 46 1
6121 495609084 29 0
5639 495614723 26 0
5649 495620372 23 0
11805 495632177 39 0
6144 495638321 25 0
5658 495643979 13 0
5658 495649637 14 0
11744 495661381 47 0
6118 495667499 34 0
5658 495673157 17 0
5658 495678815 31 0
11837 495690652 60 0
6113 495696765 27 0
5632 495702397 25 0
5658 495708055 16 0
11807 495719862 48 0
6138 495726000 18 0
5634 495731634 18 0
5658 495737292 10 0
11815 495749107 41 1
6138 495755245 20 0
5658 495760903 12 0
5658 495766561 13 0
11810 495778371 43 0
6145 495784516 20 0
5658 495790174 11 1
5657 495795831 19 0
11821 495807652 44 0
6138 495813790 19 0
5658 495819448 21 1
5658 495825106 11 0
11838 495836944 38 0
6138 495843082 15 0
5658 495848740 10 0
5652 495854392 11 0
13169 495867561 118 16
6151 495873712 20 0
5640 495879352 17 2
5652 495885004 13 0
11808 495896812 51 1
6138 495902950 16 0
5658 495908608 19 1
5639 495914247 24 0
11799 495926046 54 1
6112 495932158 28 0
5658 495937816 16 0
5652 495943468 19 0
11788 495955256 24 0
6138 495961394 16 0
5651 495967045 23 0
5662 495972707 30 0
11744 495984451 50 0
6138 495990589 19 0
5658 495996247 19 2
5658 496001905 15 0
11806 496013711 34 1
14775 496028486 309 164
5641 496034127 51 4
5671 496039798 33 0
11802 496051600 45 0
6138 496057738 23 0
5655 496063393 26 0
5658 496069051 14 0
11823 496080874 37 0
6138 496087012 19 0
6116 496093128 21 0
6374 496099502 59 5
13005 496112507 49 3
6124 496118631 24 1
6581 496125212 40 0
5658 496130870 13 0
12254 496143124 24 0
6109 496149233 23 1
6097 496155330 27 0
12227 496167557 34 0
6081 496173638 24 0
6095 496179733 33 0
6109 496185842 30 0
12237 496198079 40 0
6116 496204195 20 0
6110 496210305 28 0
6142 496216447 21 0
12194 496228641 46 0
6095 496234736 30 0
6102 496240838 32 0
6098 496246936 24 0
13584 496260520 58 5
6129 496266649 20 0
6116 496272765 20 0
6110 496278875 20 0
12208 496291083 40 0
6092 496297175 31 0
6098 496303273 27 0
6116 496309389 18 0
11809 496321198 35 0
5658 496326856 12 0
6138 496332994 17 0
5632 496338626 22 0
11808 496350434 46 0
5652 496356086 22 0
6150 496362236 24 0
5658 496367894 12 0
11818 496379712 30 0
5652 496385364 18 0
6138 496391502 20 0
5640 496397142 23 0
11830 496408972 36 0
5656 496414628 21 0
6138 496420766 17 0
5658 496426424 15 0
11817 496438241 35 0
5655 496443896 23 0
6111 496450007 28 0
5658 496455665 15 0
11822 496467487 36 0
5652 496473139 20 0
6125 496479264 25 0
5658 496484922 12 0
11800 496496722 35 0
5638 496502360 25 0
6136 496508496 32 0
5651 496514147 25 0
11809 496525956 29 0
5652 496531608 15 0
6120 496537728 23 0
5657 496543385 21 0
11807 496555192 32 0
5658 496560850 13 0
6138 496566988 20 0
5639 496572627 24 0
11816 496584443 58 10
5658 496590101 12 0
6158 496596259 20 0
5658 496601917 12 0
11797 496613714 42 0
5658 496619372 11 0
6138 496625510 18 0
5658 496631168 11 0
13194 496644362 48 0
5658 496650020 12 0
6120 496656140 19 0
5621 496661761 20 0
11811 496673572 44 0
5658 496679230 12 0
6126 496685356 21 0
5640 496690996 25 0
11812 496702808 38 0
5657 496708465 28 0
6137 496714602 31 0
5658 496720260 14 0
11818 496732078 30 0
5658 496737736 13 0
6148 496743884 25 0
5646 496749530 21 0
11810 496761340 38 0
5658 496766998 13 0
6137 496773135 23 0
5658 496778793 14 0
20863 496799656 312 140
5658 496805314 23 0
6138 496811452 25 2
5656 496817108 19 0
11810 496828918 35 0
5649 496834567 27 0
6157 496840724 22 0
5645 496846369 16 0
11805 496858174 37 0
5653 496863827 32 0
6138 496869965 19 0
5658 496875623 15 0
11825 496887448 41 0
5658 496893106 17 0
6147 496899253 35 0
5668 496904921 32 0
11788 496916709 34 0
5650 496922359 23 0
6132 496928491 34 0
5652 496934143 13 0
11819 496945962 28 0
5658 496951620 15 0
6124 496957744 29 0
5658 496963402 11 0
11793 496975195 41 0
5658 496980853 13 0
13968 496994821 195 31
6132 497000953 29 0
11789 497012742 35 0
5658 497018400 11 0
7515 497025915 35 0
5658 497031573 15 0
11831 497043404 39 0
5652 497049056 15 0
6138 497055194 19 0
5658 497060852 13 0
11770 497072622 52 0
6112 497078734 36 0
6132 497084866 36 0
5658 497090524 13 0
11800 497102324 37 0
5654 497107978 22 0
6145 497114123 17 0
5645 497119768 21 0
11825 497131593 37 0
5646 497137239 15 0
6138 497143377 17 0
5643 497149020 25 0
11815 497160835 43 0
5658 497166493 15 0
6122 497172615 31 0
5646 497178261 22 0
11824 497190085 39 0
5658 497195743 15 0
6138 497201881 16 0
5658 497207539 12 0
11812 497219351 32 0
5651 497225002 22 0
6145 497231147 18 0
5658 497236805 11 0
11818 497248623 35 0
5652 497254275 15 0
6128 497260403 30 0
5645 497266048 27 0
11825 497277873 33 0
5652 497283525 21 0
6138 497289663 20 0
5652 497295315 18 0
11794 497307109 48 0
5652 497312761 17 0
6133 497318894 27 0
5651 497324545 21 0
11817 497336362 38 0
5658 497342020 12 0
6138 497348158 19 0
5639 497353797 18 0
11824 497365621 37 0
5650 497371271 25 0
6122 497377393 29 0
5658 497383051 16 0
11818 497394869 23 0
7009 497401878 38 0
6131 497408009 24 0
5646 497413655 19 0
11807 497425462 49 0
5650 497431112 20 0
6106 497437218 29 0
5651 497442869 20 0
11800 497454669 41 0
5656 497460325 25 0
6121 497466446 22 0
5658 497472104 14 0
11804 497483908 33 0
5658 497489566 15 0
6128 497495694 33 0
5658 497501352 15 0
11806 497513158 36 0
5666 497518824 24 0
6105 497524929 30 0
5648 497530577 28 0
11799 497542376 31 0
5658 497548034 12 0
6137 497554171 27 0
5646 497559817 17 0
11812 497571629 29 0
5658 497577287 13 0
6143 497583430 21 0
5651 497589081 19 0
11830 497600911 30 0
5646 497606557 21 0
6138 497612695 15 0
5645 497618340 22 0
11806 497630146 32 0
5657 497635803 31 0
6138 497641941 18 0
5657 497647598 23 0
11812 497659410 38 0
5658 497665068 15 0
6137 497671205 22 0
5639 497676844 23 0
11811 497688655 43 0
5658 497694313 20 0
6141 497700454 30 0
5646 497706100 18 0
11805 497717905 32 0
5652 497723557 16 0
6138 497729695 18 0
5634 497735329 19 0
11844 497747173 27 0
5650 497752823 23 0
6126 497758949 21 0
5625 497764574 26 0
13171 497777745 55 0
5658 497783403 14 0
6151 497789554 18 0
5645 497795199 23 0
11798 497806997 42 0
5658 497812655 19 0
6138 497818793 18 0
5636 497824429 25 0
11807 497836236 31 0
5658 497841894 13 0
6145 497848039 16 0
5656 497853695 28 0
11806 497865501 31 0
5647 497871148 29 0
6138 497877286 17 0
5657 497882943 28 0
916805 498799748 15674 4038
6366 498806114 576 15
6107 498812221 43 0
9474 498821695 91 0
18548 498840243 444 90
6662 498846905 34 0
6931 498853836 39 0
6393 498860229 17 0
15337 498875566 132 28
2145212 2145212 45282 2233
7125955 9271167 78487 12416
19433527 28704694 20255 5257
18932336 47637030 20339 5065
19207866 66844896 22165 5785
19544821 86389717 18835 5289
19376612 105766329 19830 5268
18767004 124533333 24660 7042
19067379 143600712 19692 5193
19438843 163039555 19552 5200
19216138 182255693 21962 5410
19392543 201648236 19537 5276
19598519 221246755 19597 5375
19407000 240653755 20078 5256
18836301 259490056 26284 5133
19225254 278715310 18456 5233
19130062 297845372 19052 5123
19223616 317068988 18893 5210
19386247 336455235 20618 5327
19632475 356087710 18891 5262
19519048 375606758 19010 5268
19666194 395272952 18669 5321
19616581 414889533 19345 5246
19606436 434495969 18866 5298
19556385 454052354 19452 5219
19577668 473630022 19577 5254
16616647 490246669 32374 3105
6168223 496414892 11662 471
6640 496421532 364 15
6431 496427963 32 2
13137 496441100 54 1
6719 496447819 35 0
6430 496454249 19 0
6428 496460677 37 3
13164 496473841 32 0
6722 496480563 19 0
6431 496486994 13 0
6425 496493419 21 0
13169 496506588 38 0
6729 496513317 24 0
6394 496519711 24 0
6425 496526136 15 0
13184 496539320 37 0
6722 496546042 20 0
6412 496552454 36 1
6624 496559078 50 4
13182 496572260 34 0
6722 496578982 19 0
6424 496585406 23 0
6419 496591825 21 0
13167 496604992 25 0
6722 496611714 19 0
6423 496618137 30 0
13170 496631307 48 0
6425 496637732 19 0
6722 496644454 23 0
6416 496650870 24 0
13182 496664052 30 2
6425 496670477 21 0
8112 496678589 93 9
6417 496685006 27 0
13157 496698163 61 0
6431 496704594 11 0
6722 496711316 21 0
6413 496717729 18 0
13169 496730898 36 0
6440 496737338 22 0
6706 496744044 34 0
6430 496750474 31 0
13157 496763631 36 0
6431 496770062 19 0
6742 496776804 20 0
6609 496783413 30 2
13163 496796576 36 0
6434 496803010 31 1
6722 496809732 20 0
6431 496816163 18 0
13187 496829350 37 0
6431 496835781 22 0
6704 496842485 26 0
6414 496848899 27 0
13163 496862062 51 1
6431 496868493 17 0
6722 496875215 17 0
6419 496881634 20 0
13170 496894804 43 0
6429 496901233 22 0
6722 496907955 18 1
6431 496914386 18 1
13175 496927561 32 0
6431 496933992 13 0
6729 496940721 34 0
6425 496947146 20 0
13175 496960321 37 0
6431 496966752 21 0
6722 496973474 21 0
6431 496979905 13 0
13176 496993081 38 0
6431 496999512 15 0
6710 497006222 26 0
6700 497012922 22 0
13289 497026211 71 0
6532 497032743 34 0
6876 497039619 27 0
6794 497046413 23 0
13218 497059631 39 0
6419 497066050 17 0
6716 497072766 22 0
6700 497079466 23 0
13401 497092867 45 0
8064 497100931 52 9
6694 497107625 25 0
6700 497114325 19 0
13400 497127725 30 0
6700 497134425 20 0
6694 497141119 19 0
6706 497147825 35 0
13397 497161222 59 0
6682 497167904 26 0
6704 497174608 31 0
6701 497181309 27 0
13382 497194691 43 0
6726 497201417 16 0
6700 497208117 20 0
6699 497214816 33 0
13405 497228221 47 0
6436 497234657 20 0
6729 497241386 22 0
6700 497248086 20 0
13147 497261233 36 0
6430 497267663 21 0
6722 497274385 19 0
6424 497280809 19 0
13169 497293978 32 0
6431 497300409 17 0
6710 497307119 28 0
6419 497313538 18 0
13173 497326711 45 0
6573 497333284 23 1
6722 497340006 20 0
6407 497346413 23 0
13188 497359601 27 0
6436 497366037 19 0
6698 497372735 28 0
6419 497379154 19 0
13161 497392315 46 0
6430 497398745 19 0
6722 497405467 22 0
6428 497411895 23 0
13188 497425083 28 0
6431 497431514 15 0
6722 497438236 21 0
6425 497444661 18 0
13167 497457828 34 0
6431 497464259 14 0
6735 497470994 19 0
6431 497477425 16 0
13168 497490593 40 0
6430 497497023 19 0
6698 497503721 26 0
6423 497510144 22 0
14559 497524703 63 0
6437 497531140 23 0
6716 497537856 22 0
6394 497544250 23 0
13174 497557424 38 0
6415 497563839 30 0
6716 497570555 27 0
6431 497576986 14 0
13149 497590135 48 0
6418 497596553 22 0
6716 497603269 25 0
6423 497609692 20 0
13178 497622870 39 0
6436 497629306 22 0
6722 497636028 19 0
6407 497642435 22 0
13179 497655614 44 0
6414 497662028 21 0
6722 497668750 21 0
6428 497675178 32 0
13175 497688353 38 0
6425 497694778 18 0
6721 497701499 27 0
6425 497707924 20 0
13166 497721090 43 0
6419 497727509 16 0
6872 497734381 25 0
6427 497740808 31 0
13174 497753982 36 0
6431 497760413 18 0
6708 497767121 30 0
6419 497773540 19 0
24604 497798144 489 22
6435 497804579 33 0
6722 497811301 27 0
6395 497817696 24 0
13168 497830864 35 0
6431 497837295 16 0
6723 497844018 23 0
6423 497850441 28 0
13174 497863615 37 0
6430 497870045 23 0
6722 497876767 20 0
6425 497883192 22 0
13181 497896373 30 0
6431 497902804 18 0
6721 497909525 25 0
6425 497915950 16 0
13172 497929122 47 0
6418 497935540 22 0
6722 497942262 21 0
7800 497950062 41 0
13188 497963250 35 1
6431 497969681 22 0
6722 497976403 22 0
6412 497982815 24 1
13150 497995965 45 0
6567 498002532 25 0
6729 498009261 22 0
6431 498015692 15 0
13144 498028836 43 0
6430 498035266 21 0
6726 498041992 33 0
6430 498048422 18 0
13199 498061621 47 0
6425 498068046 22 0
6723 498074769 22 0
6424 498081193 17 0
13156 498094349 47 0
6431 498100780 19 0
6735 498107515 29 0
6431 498113946 16 0
13160 498127106 52 0
6425 498133531 24 0
6715 498140246 31 0
6419 498146665 23 0
13136 498159801 36 0
6701 498166502 24 0
6710 498173212 28 0
6425 498179637 19 0
13142 498192779 48 0
6430 498199209 18 0
6704 498205913 23 0
6406 498212319 21 0
13162 498225481 42 0
6431 498231912 18 0
6728 498238640 31 0
6431 498245071 16 0
13167 498258238 40 0
6430 498264668 24 0
6735 498271403 20 0
6423 498277826 29 0
13163 498290989 37 0
6431 498297420 17 0
6859 498304279 27 0
6421 498310700 30 0
13188 498323888 34 0
6431 498330319 15 0
6859 498337178 29 0
6422 498343600 27 0
13181 498356781 36 0
6431 498363212 20 0
8112 498371324 32 0
6431 498377755 17 0
13180 498390935 46 0
6431 498397366 14 0
6722 498404088 24 0
6430 498410518 19 0
13192 498423710 44 0
6406 498430116 21 0
6710 498436826 24 0
6417 498443243 29 0
13173 498456416 38 0
6436 498462852 21 0
6722 498469574 20 0
6431 498476005 18 0
13201 498489206 35 0
6431 498495637 17 0
6722 498502359 22 0
6431 498508790 18 0
13162 498521952 41 0
6429 498528381 18 1
15419 498543800 291 70
6375 498550175 33 0
13165 498563340 48 0
6566 498569906 29 0
6722 498576628 24 0
6431 498583059 17 0
13193 498596252 40 0
6425 498602677 21 0
6708 498609385 27 0
6401 498615786 21 0
13144 498628930 41 0
6567 498635497 24 0
6729 498642226 21 0
6406 498648632 21 0
13144 498661776 35 0
6431 498668207 14 0
6709 498674916 28 0
6425 498681341 17 0
14062 498695403 94 22
6425 498701828 22 0
6859 498708687 28 0
6418 498715105 23 0
13173 498728278 38 0
6431 498734709 17 0
6716 498741425 24 0
6430 498747855 20 0
13188 498761043 33 0
6431 498767474 12 0
6722 498774196 22 0
6431 498780627 16 0
13175 498793802 27 0
7813 498801615 35 0
6723 498808338 26 0
6419 498814757 19 0
13169 498827926 29 0
6431 498834357 14 0
6722 498841079 20 0
6429 498847508 28 0
13181 498860689 33 0
6436 498867125 21 0
6722 498873847 20 0
12849 498886696 33 0
6743 498893439 22 0
6431 498899870 17 0
6755 498906625 23 0
12829 498919454 41 0
6701 498926155 29 0
6425 498932580 18 0
6709 498939289 26 0
12861 498952150 32 0
6757 498958907 22 0
6431 498965338 12 0
6704 498972042 26 0
12805 498984847 46 0
6737 498991584 32 0
6431 498998015 17 0
6707 499004722 27 0
12995 499017717 44 0
6750 499024467 19 0
6407 499030874 20 0
6710 499037584 22 0
12864 499050448 43 0
6731 499057179 29 0
6436 499063615 27 0
6711 499070326 26 0
12862 499083188 22 0
903313 499986501 15527 3711
6900 499993401 55 0
7040 500000441 38 2
19326 500019767 407 86
6925 500026692 31 0
6593 500033285 17 0
8458 500041743 179 11
