3869756 3869756 75797 438
13545025 17414781 58648 4623
19610313 37025094 18571 2270
18844841 55869935 23691 1891
19385805 75255740 18330 1323
19605551 94861291 18524 1462
18932745 113794036 25657 3531
18914747 132708783 18334 1951
19347586 152056369 19314 1796
19845636 171902005 18579 2488
19644601 191546606 21309 705
19511780 211058386 18761 2874
19587176 230645562 18957 2201
19225100 249870662 18964 1704
18446161 268316823 25641 2472
19181396 287498219 18496 1554
19485595 306983814 18801 2122
19649654 326633468 18829 2010
19694876 346328344 20044 2892
19536437 365864781 18848 2865
19755863 385620644 18602 1285
19602810 405223454 18653 3031
19730365 424953819 18968 1249
19680192 444634011 18831 1812
19590429 464224440 19253 3267
19323009 483547449 21940 2802
10723045 494270494 25578 43
2101663 496372157 5589 50
5658 496377815 20 0
5640 496383455 20 0
11812 496395267 26 0
6152 496401419 17 0
5658 496407077 13 0
5658 496412735 13 0
11807 496424542 24 0
6132 496430674 25 0
5658 496436332 10 0
11831 496448163 27 0
5658 496453821 11 0
6137 496459958 20 0
5658 496465616 12 0
11818 496477434 26 0
5658 496483092 13 0
6151 496489243 23 0
5652 496494895 15 0
11770 496506665 35 0
5657 496512322 15 0
6143 496518465 21 0
5658 496524123 11 0
11811 496535934 39 0
5651 496541585 15 0
6138 496547723 15 0
5640 496553363 19 0
11803 496565166 37 0
5658 496570824 14 0
6126 496576950 21 0
5646 496582596 14 0
11819 496594415 35 0
5646 496600061 18 0
6138 496606199 15 0
5658 496611857 11 0
11818 496623675 22 0
5658 496629333 10 0
6151 496635484 17 0
5652 496641136 13 0
11803 496652939 41 0
5657 496658596 20 0
6138 496664734 16 0
5646 496670380 14 0
11818 496682198 35 0
5658 496687856 16 0
6138 496693994 15 0
5634 496699628 20 0
11803 496711431 40 0
7028 496718459 95 0
6145 496724604 16 0
5646 496730250 15 0
11805 496742055 27 0
5657 496747712 16 0
6138 496753850 16 0
5631 496759481 21 0
11780 496771261 31 0
5658 496776919 11 0
6100 496783019 27 0
5640 496788659 15 0
11787 496800446 31 0
5657 496806103 22 0
6120 496812223 20 0
5652 496817875 10 0
11811 496829686 33 0
5652 496835338 16 0
6132 496841470 16 0
5652 496847122 17 0
11806 496858928 32 0
5658 496864586 13 0
6151 496870737 16 0
5658 496876395 11 0
11776 496888171 33 0
6374 496894545 57 0
7075 496901620 62 0
6373 496907993 17 0
12949 496920942 44 0
5658 496926600 13 0
6132 496932732 17 0
6116 496938848 17 0
12226 496951074 44 0
6116 496957190 19 0
6129 496963319 24 0
6108 496969427 29 0
12230 496981657 49 0
6116 496987773 18 0
6116 496993889 16 0
6116 497000005 16 0
12249 497012254 34 0
6115 497018369 31 0
6026 497024395 19 0
6116 497030511 17 0
12213 497042724 39 0
6104 497048828 19 0
6116 497054944 19 0
6129 497061073 21 0
11765 497072838 31 0
5658 497078496 21 0
6138 497084634 14 0
5658 497090292 14 0
13195 497103487 39 0
5658 497109145 14 0
6151 497115296 15 0
5658 497120954 13 0
11807 497132761 24 0
5658 497138419 14 0
6138 497144557 17 0
5658 497150215 11 0
11831 497162046 31 0
5658 497167704 12 0
6138 497173842 19 0
6104 497179946 21 0
11783 497191729 33 0
5640 497197369 16 0
6139 497203508 23 0
6098 497209606 20 0
11760 497221366 33 0
5657 497227023 15 0
6138 497233161 17 0
5646 497238807 15 0
11777 497250584 38 0
5658 497256242 12 0
6145 497262387 17 0
5658 497268045 13 0
11818 497279863 21 0
5658 497285521 12 0
6138 497291659 18 0
5652 497297311 16 0
11800 497309111 30 0
5641 497314752 19 0
6138 497320890 16 0
5627 497326517 20 0
11787 497338304 42 0
5652 497343956 21 0
6157 497350113 26 0
5646 497355759 15 0
11788 497367547 29 0
5650 497373197 15 0
6138 497379335 13 0
5658 497384993 12 0
11813 497396806 44 0
5658 497402464 17 0
6138 497408602 18 0
6116 497414718 20 0
11784 497426502 26 0
5658 497432160 14 0
6139 497438299 18 0
5651 497443950 15 0
11812 497455762 24 0
5658 497461420 16 0
6138 497467558 17 0
5658 497473216 9 0
13178 497486394 40 0
5658 497492052 13 0
6132 497498184 20 0
5632 497503816 20 0
11794 497515610 26 0
5646 497521256 14 0
6132 497527388 16 0
5657 497533045 23 0
11830 497544875 28 0
5652 497550527 17 0
6138 497556665 17 0
5658 497562323 10 0
11818 497574141 18 0
5658 497579799 13 0
6151 497585950 15 0
5658 497591608 9 0
11782 497603390 32 0
5658 497609048 12 0
6132 497615180 17 0
5658 497620838 13 0
11835 497632673 31 0
5658 497638331 13 0
6132 497644463 20 0
5658 497650121 12 0
11824 497661945 27 0
5662 497667607 24 0
15202 497682809 369 2
5658 497688467 33 0
11794 497700261 38 0
5658 497705919 13 0
6132 497712051 18 0
5658 497717709 15 0
11837 497729546 27 0
5658 497735204 12 0
6090 497741294 26 0
5644 497746938 19 0
11799 497758737 29 0
5658 497764395 12 0
6131 497770526 24 0
5658 497776184 11 0
11831 497788015 26 0
5658 497793673 11 0
6138 497799811 15 0
5639 497805450 13 0
11817 497817267 26 0
5658 497822925 13 0
6151 497829076 16 0
5658 497834734 12 0
11818 497846552 34 0
6078 497852630 27 0
6110 497858740 17 0
7035 497865775 31 0
11831 497877606 23 0
5652 497883258 10 0
6108 497889366 22 0
5652 497895018 12 0
11802 497906820 37 0
5652 497912472 13 0
6151 497918623 16 0
5658 497924281 9 0
11822 497936103 28 0
5658 497941761 10 0
6138 497947899 14 0
5646 497953545 18 0
11811 497965356 35 0
5652 497971008 15 0
6102 497977110 20 0
5644 497982754 21 0
11788 497994542 26 0
5652 498000194 14 0
6145 498006339 16 0
5658 498011997 11 0
11831 498023828 21 0
5658 498029486 10 0
6138 498035624 15 0
5645 498041269 14 0
11794 498053063 26 0
5658 498058721 11 0
6151 498064872 22 0
5658 498070530 9 0
11773 498082303 35 0
5650 498087953 16 0
6143 498094096 18 0
5651 498099747 20 0
11813 498111560 31 0
5658 498117218 12 0
6114 498123332 21 0
5658 498128990 8 0
11787 498140777 25 0
5658 498146435 10 0
6145 498152580 18 0
5658 498158238 10 0
11751 498169989 27 0
5646 498175635 15 0
6138 498181773 18 0
5652 498187425 14 0
11816 498199241 34 0
5651 498204892 18 0
6138 498211030 14 0
5651 498216681 18 0
11794 498228475 28 0
5657 498234132 16 0
7484 498241616 35 0
5645 498247261 17 0
11817 498259078 29 0
5645 498264723 16 0
6138 498270861 15 0
5646 498276507 17 0
11804 498288311 29 0
5652 498293963 15 0
6151 498300114 15 0
5616 498305730 14 0
11822 498317552 29 0
5658 498323210 9 0
6138 498329348 14 0
5658 498335006 12 0
11837 498346843 22 0
5658 498352501 9 0
6138 498358639 16 0
5658 498364297 10 0
11806 498376103 24 0
5657 498381760 16 0
6151 498387911 16 0
5658 498393569 11 0
11817 498405386 15 0
5649 498411035 28 0
6110 498417145 24 0
11297 498428442 34 0
6173 498434615 14 0
5652 498440267 14 0
6138 498446405 16 0
11316 498457721 17 0
6160 498463881 17 0
5658 498469539 12 0
6143 498475682 18 0
11316 498486998 15 0
6180 498493178 18 0
5658 498498836 10 0
6138 498504974 17 0
11303 498516277 28 0
6154 498522431 18 0
5658 498528089 12 0
6139 498534228 20 0
11315 498545543 25 0
6153 498551696 19 0
5658 498557354 12 0
6138 498563492 15 0
11316 498574808 18 0
6173 498580981 16 0
5652 498586633 14 0
6119 498592752 22 0
11289 498604041 31 0
6148 498610189 18 0
7028 498617217 29 0
6151 498623368 18 0
11294 498634662 29 0
6148 498640810 21 0
5657 498646467 20 0
9477 498655944 174 2
919132 499575076 15574 618
6107 499581183 77 0
6933 499588116 34 0
6667 499594783 30 0
18670 499613453 381 14
6718 499620171 25 0
6714 499626885 23 0
8712 499635597 113 3
3788800 3788800 73406 526
12437804 16226604 61437 4742
19638316 35864920 19735 2773
18924305 54789225 21144 2735
19458352 74247577 21101 1579
19655873 93903450 18733 2007
19074616 112978066 23918 3775
18854033 131832099 18558 2583
19336458 151168557 18233 2073
19902550 171071107 18354 2699
19565859 190636966 21474 1162
19537050 210174016 18654 2929
19623088 229797104 18505 2414
19399400 249196504 18545 1752
18333823 267530327 25641 3047
19111045 286641372 19339 1879
19506230 306147602 19418 2647
19670979 325818581 19247 2242
19758485 345577066 20316 3130
19548733 365125799 19378 2632
19729288 384855087 19726 1864
19587967 404443054 19037 3327
19760686 424203740 19728 1522
19711111 443914851 19112 2618
19606551 463521402 19032 3495
19673557 483194959 19265 3420
10915198 494110157 28532 106
2335438 496445595 5916 41
5633 496451228 30 0
5637 496456865 37 9
11803 496468668 51 0
6138 496474806 17 0
5658 496480464 12 0
5651 496486115 16 0
11785 496497900 37 0
6138 496504038 21 0
5634 496509672 15 0
5657 496515329 20 0
11830 496527159 43 0
6124 496533283 36 0
5622 496538905 20 0
5658 496544563 12 0
11817 496556380 32 0
6118 496562498 25 0
5652 496568150 18 0
5652 496573802 16 0
11801 496585603 42 0
6114 496591717 24 0
5631 496597348 20 0
5651 496602999 20 0
11813 496614812 32 0
6126 496620938 21 0
5645 496626583 22 0
5658 496632241 8 0
11810 496644051 54 0
6139 496650190 18 0
5639 496655829 15 0
5658 496661487 10 0
11800 496673287 46 0
6138 496679425 16 0
5627 496685052 16 0
5621 496690673 19 0
11794 496702467 33 0
6138 496708605 17 0
5640 496714245 19 0
5651 496719896 20 0
11788 496731684 39 0
6147 496737831 31 0
5637 496743468 21 0
5644 496749112 21 0
11787 496760899 42 0
6125 496767024 25 0
5658 496772682 13 0
5651 496778333 18 0
11816 496790149 42 0
6164 496796313 14 0
5645 496801958 28 0
5661 496807619 31 0
13162 496820781 53 0
6138 496826919 17 0
5610 496832529 17 0
5658 496838187 12 0
11788 496849975 59 0
6128 496856103 29 0
5640 496861743 16 0
5654 496867397 20 0
11799 496879196 30 0
6151 496885347 17 0
5638 496890985 28 0
5655 496896640 19 0
11769 496908409 39 0
6138 496914547 17 0
5652 496920199 19 0
5658 496925857 14 0
11811 496937668 41 0
6138 496943806 17 0
5651 496949457 18 0
5658 496955115 11 0
12497 496967612 81 0
6612 496974224 41 0
6366 496980590 22 0
6327 496986917 21 0
12256 496999173 54 0
6120 497005293 25 0
6092 497011385 21 0
6102 497017487 29 0
12195 497029682 38 1
14742 497044424 301 71
6068 497050492 43 0
6084 497056576 27 0
12223 497068799 40 0
6110 497074909 16 0
6079 497080988 26 0
6110 497087098 25 0
12214 497099312 34 0
6084 497105396 25 0
6068 497111464 26 0
6090 497117554 26 0
11729 497129283 51 0
6151 497135434 19 0
6080 497141514 24 0
5658 497147172 10 0
11796 497158968 33 0
6138 497165106 16 0
5640 497170746 16 0
5652 497176398 17 0
11789 497188187 36 0
6138 497194325 17 0
5639 497199964 19 0
5658 497205622 10 0
13177 497218799 53 1
6138 497224937 14 0
5632 497230569 22 0
5646 497236215 19 0
11795 497248010 34 0
6138 497254148 18 0
5643 497259791 24 0
5635 497265426 17 0
11815 497277241 41 0
6121 497283362 25 0
6080 497289442 26 0
5651 497295093 21 0
11796 497306889 33 0
6132 497313021 21 0
6092 497319113 25 0
5658 497324771 13 0
11808 497336579 34 0
6148 497342727 25 0
6102 497348829 24 0
5644 497354473 29 0
11789 497366262 25 0
6146 497372408 22 0
5657 497378065 19 0
5652 497383717 15 0
11806 497395523 25 0
6138 497401661 17 0
5633 497407294 23 0
5637 497412931 26 0
11824 497424755 27 0
6136 497430891 34 0
5633 497436524 23 0
11812 497448336 29 0
5637 497453973 23 0
6115 497460088 28 0
5658 497465746 9 0
11822 497477568 33 0
5658 497483226 13 0
6138 497489364 16 0
5622 497494986 23 0
11797 497506783 41 0
5650 497512433 26 0
6151 497518584 19 0
5646 497524230 18 0
11805 497536035 39 0
5658 497541693 10 0
6138 497547831 13 0
5621 497553452 18 0
11836 497565288 28 0
5645 497570933 15 0
6120 497577053 35 0
5658 497582711 13 0
13145 497595856 55 0
5652 497601508 14 0
6151 497607659 17 0
6116 497613775 17 0
11776 497625551 38 0
5658 497631209 18 0
6138 497637347 15 0
5634 497642981 17 0
11799 497654780 34 0
5616 497660396 22 0
6120 497666516 19 0
5616 497672132 17 0
11786 497683918 34 0
5658 497689576 10 0
6138 497695714 19 0
5652 497701366 14 0
11795 497713161 33 0
5658 497718819 11 0
6138 497724957 16 0
5633 497730590 18 0
11792 497742382 30 0
5658 497748040 12 0
6137 497754177 28 0
5644 497759821 25 0
11782 497771603 33 0
5632 497777235 20 0
6103 497783338 27 0
5658 497788996 10 0
20886 497809882 312 0
5658 497815540 19 0
6132 497821672 25 0
5658 497827330 12 0
11818 497839148 29 0
5658 497844806 13 0
6151 497850957 16 0
5637 497856594 21 0
11775 497868369 33 0
5658 497874027 14 0
6138 497880165 14 0
5615 497885780 20 0
11812 497897592 30 0
5658 497903250 15 0
6100 497909350 26 0
6116 497915466 17 0
12225 497927691 38 0
5643 497933334 26 0
6113 497939447 27 0
5610 497945057 20 0
11808 497956865 29 0
5652 497962517 25 0
6103 497968620 23 0
6998 497975618 37 0
11818 497987436 27 0
5652 497993088 17 0
6151 497999239 19 0
5643 498004882 28 0
11818 498016700 32 0
5658 498022358 11 0
6118 498028476 22 0
5662 498034138 15 0
11818 498045956 38 0
5659 498051615 27 0
6138 498057753 18 0
5649 498063402 27 0
11812 498075214 31 0
5657 498080871 24 0
6133 498087004 20 0
5640 498092644 17 0
11829 498104473 41 0
5658 498110131 10 0
6147 498116278 34 0
5658 498121936 13 0
11793 498133729 32 0
5658 498139387 12 0
6132 498145519 20 0
5610 498151129 17 0
11770 498162899 30 0
5633 498168532 22 0
6138 498174670 20 0
5621 498180291 21 0
11791 498192082 39 0
5651 498197733 16 0
6116 498203849 31 0
5657 498209506 23 0
11805 498221311 29 0
5656 498226967 25 0
6109 498233076 22 0
5632 498238708 23 0
11775 498250483 32 0
5640 498256123 14 0
6132 498262255 15 0
5616 498267871 19 0
11824 498279695 38 0
5658 498285353 11 0
6126 498291479 25 0
5641 498297120 26 0
11804 498308924 30 0
5656 498314580 23 0
6131 498320711 28 0
5658 498326369 12 0
11811 498338180 29 0
5662 498343842 26 0
7488 498351330 39 0
5658 498356988 15 0
11802 498368790 46 0
5652 498374442 16 0
6126 498380568 20 0
5656 498386224 25 0
11794 498398018 27 0
5646 498403664 23 0
6111 498409775 28 0
5641 498415416 24 0
11795 498427211 36 0
5658 498432869 13 0
6126 498438995 17 0
5634 498444629 18 0
11787 498456416 32 0
5633 498462049 22 0
6151 498468200 16 0
5657 498473857 16 0
11810 498485667 38 0
5658 498491325 12 0
6138 498497463 15 0
5622 498503085 21 0
11776 498514861 38 0
5658 498520519 12 0
6134 498526653 27 0
5658 498532311 11 0
11804 498544115 32 0
5650 498549765 21 0
6151 498555916 14 0
5626 498561542 23 0
11775 498573317 31 0
5652 498578969 13 0
6108 498585077 21 0
5621 498590698 20 0
11801 498602499 30 0
5644 498608143 23 0
6128 498614271 30 0
5658 498619929 11 0
11786 498631715 35 0
5641 498637356 23 0
6138 498643494 14 0
5648 498649142 21 0
11793 498660935 43 0
5638 498666573 21 0
6107 498672680 24 0
5621 498678301 20 0
11818 498690119 26 0
5631 498695750 22 0
6134 498701884 24 0
5657 498707541 20 0
11793 498719334 42 0
907749 499627083 15463 593
6438 499633521 50 0
6729 499640250 26 0
13365 499653615 67 0
11922 499665537 403 20
6656 499672193 44 0
6449 499678642 21 0
14940 499693582 147 0
1121049 1121049 25251 221
6502146 7623195 96310 3767
19114051 26737246 20304 3464
19352270 46089516 20383 3034
19173986 65263502 18023 1993
19712994 84976496 18252 1705
19589453 104565949 17973 3236
19617719 124183668 18397 2680
19659417 143843085 18203 2771
19763310 163606395 20288 2766
19733596 183339991 19059 1223
19661231 203001222 18540 2660
19710149 222711371 18433 3425
19602816 242314187 19036 1151
19045166 261359353 23398 3641
19594616 280953969 18719 2185
19690572 300644541 18346 2462
19646194 320290735 18470 3313
19751886 340042621 18825 2954
19672195 359714816 18381 3321
19746984 379461800 18480 2694
19572172 399033972 19177 2961
19767609 418801581 18378 2596
19722310 438523891 18259 2792
19672506 458196397 18380 3965
19621284 477817681 19124 3998
13560291 491377972 29333 1175
4168300 495546272 8761 86
6116 495552388 43 1
13145 495565533 129 0
5658 495571191 14 0
5658 495576849 8 0
6124 495582973 30 0
11803 495594776 22 0
5628 495600404 15 0
5649 495606053 17 0
6133 495612186 27 0
11796 495623982 24 0
5658 495629640 12 0
5657 495635297 12 0
6167 495641464 22 0
11774 495653238 44 0
5626 495658864 21 0
5664 495664528 25 0
6160 495670688 16 0
11759 495682447 34 0
5616 495688063 19 0
5652 495693715 14 0
6167 495699882 25 0
11732 495711614 45 0
5620 495717234 22 0
5658 495722892 10 0
6130 495729022 25 0
11815 495740837 29 0
5657 495746494 18 0
5658 495752152 8 0
6160 495758312 16 0
11783 495770095 22 0
5622 495775717 16 0
5651 495781368 13 0
6149 495787517 27 0
11788 495799305 42 0
5658 495804963 9 0
5658 495810621 9 0
6160 495816781 15 0
11774 495828555 27 0
5649 495834204 15 0
5631 495839835 21 0
6160 495845995 15 0
11771 495857766 29 0
5644 495863410 15 0
5651 495869061 11 0
6153 495875214 27 0
11752 495886966 44 0
5658 495892624 12 0
5658 495898282 14 0
6152 495904434 23 0
11807 495916241 44 0
5658 495921899 11 0
5656 495927555 21 0
7514 495935069 38 0
11795 495946864 40 0
5658 495952522 13 0
5641 495958163 24 0
6160 495964323 15 0
11801 495976124 46 0
5658 495981782 11 0
5651 495987433 12 0
6130 495993563 21 0
11751 496005314 45 0
5652 496010966 14 0
5658 496016624 8 0
6169 496022793 25 0
11793 496034586 34 0
5658 496040244 18 0
5658 496045902 11 0
6141 496052043 23 0
11796 496063839 34 0
5615 496069454 18 0
5658 496075112 9 0
6644 496081756 69 0
13121 496094877 82 1
6572 496101449 27 0
6310 496107759 17 0
6137 496113896 26 0
12213 496126109 35 0
6073 496132182 27 0
6116 496138298 13 0
6086 496144384 20 0
12202 496156586 35 0
6129 496162715 17 0
6110 496168825 27 0
6098 496174923 21 0
12226 496187149 46 0
6110 496193259 15 0
6085 496199344 27 0
6085 496205429 26 0
12245 496217674 27 0
6097 496223771 25 0
5645 496229416 18 0
6138 496235554 15 0
12212 496247766 44 0
6116 496253882 21 0
5658 496259540 13 0
6124 496265664 25 0
11796 496277460 19 0
5658 496283118 12 0
5656 496288774 18 0
6152 496294926 24 0
11800 496306726 36 0
5640 496312366 12 0
7035 496319401 26 1
6160 496325561 15 0
11769 496337330 49 0
5658 496342988 10 0
5656 496348644 22 0
6146 496354790 25 0
11774 496366564 46 0
5637 496372201 22 0
5657 496377858 15 0
6154 496384012 19 0
11800 496395812 31 0
6142 496401954 18 0
5645 496407599 17 0
6120 496413719 22 0
11784 496425503 24 0
6110 496431613 21 0
5650 496437263 25 0
6120 496443383 23 0
11809 496455192 24 0
6122 496461314 20 0
5658 496466972 13 0
6119 496473091 22 0
11779 496484870 30 0
6090 496490960 20 0
5658 496496618 10 0
6115 496502733 22 0
11783 496514516 28 0
5615 496520131 18 0
5658 496525789 9 0
6127 496531916 26 0
11799 496543715 40 0
5652 496549367 12 0
5649 496555016 24 0
6160 496561176 17 0
11730 496572906 34 0
5651 496578557 22 0
5650 496584207 24 0
6173 496590380 16 0
11800 496602180 38 0
5633 496607813 18 0
5656 496613469 23 0
6147 496619616 25 0
11770 496631386 31 0
5641 496637027 24 0
5642 496642669 23 0
6166 496648835 26 0
11795 496660630 45 0
5652 496666282 14 0
5638 496671920 24 0
6160 496678080 19 0
11785 496689865 36 0
7493 496697358 37 0
5651 496703009 24 0
6138 496709147 17 0
11796 496720943 23 0
5659 496726602 31 0
5649 496732251 21 0
6148 496738399 25 0
11784 496750183 31 0
5651 496755834 15 0
5684 496761518 28 0
6160 496767678 15 0
11839 496779517 43 0
5633 496785150 16 0
5658 496790808 11 0
6160 496796968 14 0
11758 496808726 38 0
5658 496814384 10 0
5658 496820042 10 0
6159 496826201 24 0
11801 496838002 55 0
5656 496843658 16 0
5645 496849303 21 0
6160 496855463 15 0
11774 496867237 35 0
5658 496872895 10 0
5648 496878543 23 0
15220 496893763 349 4
11766 496905529 45 0
5632 496911161 19 0
5650 496916811 31 0
6129 496922940 25 0
11794 496934734 34 0
5650 496940384 20 0
5640 496946024 14 0
6142 496952166 23 0
11775 496963941 43 0
5626 496969567 23 0
5658 496975225 10 0
6172 496981397 22 0
11757 496993154 48 0
5640 496998794 14 0
5652 497004446 14 0
6122 497010568 27 0
11800 497022368 40 0
6098 497028466 25 0
5634 497034100 16 0
6118 497040218 19 0
11818 497052036 35 0
5615 497057651 17 0
5652 497063303 22 0
6143 497069446 21 0
13157 497082603 54 0
5645 497088248 27 0
5658 497093906 10 0
6124 497100030 22 0
11794 497111824 33 0
5646 497117470 14 0
5661 497123131 29 0
6154 497129285 26 0
11798 497141083 34 0
5640 497146723 15 0
5658 497152381 11 0
6160 497158541 15 0
11796 497170337 34 0
5631 497175968 23 0
5658 497181626 21 0
6160 497187786 17 0
11765 497199551 36 0
5645 497205196 19 0
5658 497210854 11 0
6132 497216986 24 0
11777 497228763 31 0
5622 497234385 19 0
5628 497240013 18 0
6123 497246136 24 0
11785 497257921 28 0
5658 497263579 10 0
5658 497269237 9 0
6133 497275370 24 0
11779 497287149 30 0
5658 497292807 10 0
5658 497298465 9 0
6172 497304637 18 0
11785 497316422 28 0
5646 497322068 19 0
5658 497327726 12 0
11817 497339543 33 0
6138 497345681 16 0
5634 497351315 21 0
5658 497356973 14 0
11800 497368773 23 0
6131 497374904 21 0
5622 497380526 16 0
5658 497386184 13 0
11802 497397986 38 0
6152 497404138 27 0
5642 497409780 22 0
5626 497415406 22 0
11818 497427224 19 0
6102 497433326 23 0
5658 497438984 12 0
5658 497444642 11 0
13154 497457796 46 0
6138 497463934 18 0
5658 497469592 9 0
5658 497475250 10 0
11793 497487043 47 0
6124 497493167 25 0
5652 497498819 12 0
5666 497504485 28 0
11780 497516265 42 0
6138 497522403 14 0
5652 497528055 18 0
5652 497533707 14 0
11825 497545532 36 0
6138 497551670 14 0
5627 497557297 19 0
5643 497562940 25 0
11778 497574718 40 0
6126 497580844 18 0
5628 497586472 19 0
5658 497592130 8 0
11805 497603935 27 0
6130 497610065 35 0
5658 497615723 10 0
5658 497621381 8 0
11788 497633169 49 1
14345 497647514 261 13
5610 497653124 35 0
5658 497658782 12 0
11818 497670600 47 0
6138 497676738 14 0
5644 497682382 18 0
5634 497688016 18 0
11831 497699847 43 0
6138 497705985 17 0
5651 497711636 13 0
5652 497717288 9 0
11815 497729103 36 0
6151 497735254 15 0
5658 497740912 12 0
5657 497746569 21 0
11808 497758377 38 0
6138 497764515 15 0
5649 497770164 21 0
5639 497775803 17 0
12711 497788514 108 2
6114 497794628 22 0
5616 497800244 17 0
5658 497805902 11 0
11797 497817699 30 0
6138 497823837 16 0
5658 497829495 12 0
5658 497835153 10 0
13173 497848326 62 0
6138 497854464 16 0
8991 497863455 187 0
903919 498767374 14383 880
13447 498780821 635 1
6655 498787476 37 0
11771 498799247 361 9
9436 498808683 85 0
13367 498822050 72 3
8301 498830351 169 2
6602 498836953 29 0
5649 498842602 18 0
3349441 3349441 64830 514
11172350 14521791 66698 4548
19572902 34094693 19065 2332
19233328 53328021 23373 2815
19585353 72913374 19454 1508
19791609 92704983 19341 2089
19662144 112367127 18262 2477
18619631 130986758 24859 3484
19419982 150406740 19246 2091
19912279 170319019 18850 2807
19515426 189834445 19892 825
19762136 209596581 19384 3192
19744540 229341121 18822 2585
19631295 248972416 19134 1800
18816444 267788860 24027 3136
19213478 287002338 19411 1876
19396990 306399328 19657 2197
19683624 326082952 19248 2404
19861318 345944270 20188 3512
19728125 365672395 19919 2881
19913627 385586022 19546 1933
19763551 405349573 19272 3620
19968126 425317699 18984 1552
19836859 445154558 19934 2646
19744330 464898888 19671 3845
18958556 483857444 26648 3861
10832475 494689919 20361 57
1662194 496352113 4991 83
5658 496357771 16 0
6138 496363909 17 0
5652 496369561 30 0
11809 496381370 37 0
5658 496387028 12 0
6151 496393179 16 0
5634 496398813 16 0
11799 496410612 35 0
5651 496416263 16 0
6113 496422376 26 0
5658 496428034 14 0
11800 496439834 39 0
5663 496445497 26 0
6106 496451603 28 0
5658 496457261 11 0
11751 496469012 36 0
5655 496474667 29 0
6145 496480812 15 0
5652 496486464 14 0
11844 496498308 26 0
5658 496503966 11 0
6117 496510083 25 0
5628 496515711 13 0
11811 496527522 41 0
5658 496533180 13 0
6129 496539309 29 0
5628 496544937 15 0
11793 496556730 36 0
5645 496562375 19 0
6125 496568500 25 0
5610 496574110 19 0
11821 496585931 37 0
5645 496591576 16 0
6113 496597689 22 0
5646 496603335 13 0
11784 496615119 40 0
5658 496620777 11 0
6151 496626928 15 0
5656 496632584 17 0
11796 496644380 43 0
5625 496650005 18 0
7515 496657520 96 0
5650 496663170 16 0
11807 496674977 29 0
5656 496680633 26 0
6125 496686758 23 0
5645 496692403 20 0
11811 496704214 35 0
5650 496709864 25 0
6122 496715986 28 0
5637 496721623 22 0
11824 496733447 33 0
5658 496739105 11 0
6113 496745218 28 0
5633 496750851 19 0
11800 496762651 34 0
5658 496768309 11 0
6155 496774464 28 0
5658 496780122 10 0
11800 496791922 27 0
5645 496797567 20 0
6138 496803705 16 0
5645 496809350 16 0
11823 496821173 54 0
5658 496826831 10 0
6114 496832945 21 0
5658 496838603 13 0
11780 496850383 54 1
5658 496856041 10 0
6155 496862196 22 0
5640 496867836 20 0
12339 496880175 65 0
6333 496886508 28 0
6466 496892974 34 0
6624 496899598 21 0
12973 496912571 63 1
6560 496919131 32 0
6578 496925709 20 0
6554 496932263 29 0
13156 496945419 32 0
6587 496952006 37 0
6565 496958571 24 0
6543 496965114 26 0
13136 496978250 41 0
6559 496984809 23 0
6578 496991387 19 0
6535 496997922 27 0
13114 497011036 45 0
6582 497017618 30 0
6578 497024196 20 0
6551 497030747 31 0
12873 497043620 47 0
7955 497051575 35 0
6551 497058126 29 0
6572 497064698 24 0
12915 497077613 31 0
6296 497083909 21 0
6587 497090496 32 0
6309 497096805 15 0
12921 497109726 52 0
6297 497116023 17 0
6613 497122636 19 0
6309 497128945 17 0
12931 497141876 30 0
6309 497148185 14 0
6599 497154784 36 0
6309 497161093 15 0
12934 497174027 48 0
6309 497180336 22 0
6600 497186936 19 0
6559 497193495 28 0
12891 497206386 36 0
6309 497212695 12 0
6600 497219295 20 0
6573 497225868 28 0
12890 497238758 37 0
6309 497245067 16 0
6607 497251674 22 0
6535 497258209 27 0
12885 497271094 32 0
6309 497277403 17 0
6620 497284023 26 0
6309 497290332 18 0
12913 497303245 43 0
6309 497309554 19 0
6576 497316130 23 0
6303 497322433 16 0
12936 497335369 48 0
6309 497341678 16 0
6588 497348266 23 0
6303 497354569 17 0
12918 497367487 42 0
6296 497373783 19 0
6613 497380396 20 0
6309 497386705 13 0
12931 497399636 26 0
6309 497405945 13 0
6600 497412545 18 0
6309 497418854 15 0
12942 497431796 42 0
6309 497438105 13 0
6600 497444705 20 0
6297 497451002 20 0
14306 497465308 56 0
6309 497471617 13 0
6600 497478217 18 0
6309 497484526 14 0
12914 497497440 32 0
6309 497503749 16 0
6600 497510349 17 0
6296 497516645 17 0
12912 497529557 37 0
6308 497535865 16 0
6613 497542478 16 0
6284 497548762 25 0
12918 497561680 34 0
6309 497567989 21 0
6600 497574589 19 0
6572 497581161 28 0
13136 497594297 50 0
6308 497600605 25 0
6600 497607205 20 0
6572 497613777 20 0
12890 497626667 51 0
6309 497632976 21 0
6595 497639571 26 0
6572 497646143 22 0
12884 497659027 36 0
6309 497665336 16 0
6587 497671923 24 0
6309 497678232 17 0
22000 497700232 350 4
6273 497706505 41 0
6600 497713105 20 0
6309 497719414 15 0
12923 497732337 30 0
6309 497738646 16 0
6600 497745246 20 0
6303 497751549 15 0
12913 497764462 36 0
6309 497770771 18 0
6600 497777371 25 0
6309 497783680 12 0
12914 497796594 35 0
6309 497802903 16 0
6607 497809510 20 0
6309 497815819 13 0
12923 497828742 39 0
6291 497835033 18 0
6594 497841627 22 0
6303 497847930 12 0
12930 497860860 33 0
6303 497867163 15 0
6600 497873763 18 0
6309 497880072 13 0
14289 497894361 47 0
6291 497900652 16 0
7495 497908147 88 4
6572 497914719 24 0
12870 497927589 47 0
6303 497933892 13 0
6600 497940492 17 0
6303 497946795 17 0
12930 497959725 40 0
6309 497966034 14 0
6600 497972634 23 0
6303 497978937 17 0
12937 497991874 31 0
6303 497998177 16 0
6570 498004747 26 0
6309 498011056 17 0
12920 498023976 41 0
6303 498030279 13 0
6594 498036873 22 0
6298 498043171 17 0
12931 498056102 28 0
6308 498062410 18 0
6608 498069018 24 0
6308 498075326 17 0
12918 498088244 39 0
6309 498094553 13 0
6582 498101135 19 0
6309 498107444 12 0
12956 498120400 36 0
6308 498126708 15 0
6600 498133308 23 0
6309 498139617 15 0
12906 498152523 39 0
6309 498158832 13 0
6607 498165439 26 0
6309 498171748 15 0
12929 498184677 43 0
6309 498190986 12 0
6600 498197586 18 0
6309 498203895 13 0
12943 498216838 26 0
6308 498223146 15 0
6600 498229746 20 0
6309 498236055 19 0
12930 498248985 33 0
6303 498255288 16 0
6600 498261888 20 0
6303 498268191 17 0
12929 498281120 32 0
6303 498287423 19 0
6600 498294023 21 0
13970 498307993 49 0
6607 498314600 26 0
6309 498320909 16 0
6606 498327515 26 0
12610 498340125 40 0
6610 498346735 20 0
6307 498353042 20 0
6600 498359642 17 0
12604 498372246 39 0
6605 498378851 24 0
6309 498385160 13 0
6576 498391736 24 0
12611 498404347 44 0
6615 498410962 21 0
6297 498417259 19 0
6607 498423866 19 0
12604 498436470 41 0
6608 498443078 27 0
6309 498449387 13 0
6588 498455975 25 0
12599 498468574 33 0
6629 498475203 21 0
6302 498481505 19 0
6600 498488105 18 0
12610 498500715 37 0
6615 498507330 22 0
6302 498513632 15 0
6558 498520190 24 0
12618 498532808 22 0
6624 498539432 23 0
6296 498545728 17 0
6599 498552327 24 0
12606 498564933 41 0
6603 498571536 25 0
6302 498577838 18 0
6613 498584451 19 0
12593 498597044 27 0
6610 498603654 22 0
6308 498609962 18 0
6594 498616556 20 0
12599 498629155 36 0
6629 498635784 21 0
6291 498642075 18 0
6588 498648663 21 0
12611 498661274 30 0
6610 498667884 22 0
6309 498674193 15 0
6600 498680793 25 0
12600 498693393 35 0
6610 498700003 19 0
6309 498706312 12 0
7977 498714289 31 0
12618 498726907 24 0
6635 498733542 17 0
6308 498739850 20 0
6593 498746443 24 0
12593 498759036 31 0
6621 498765657 23 0
6303 498771960 16 0
6600 498778560 18 0
12618 498791178 20 0
6629 498797807 20 0
6297 498804104 22 0
913896 499718000 14726 825
13259 499731259 651 0
6662 499737921 30 0
11907 499749828 361 14
6399 499756227 35 0
13303 499769530 38 0
8344 499777874 115 2
6333 499784207 16 0
6671 499790878 22 0
4332881 4332881 84342 589
14446668 18779549 51220 4730
19732788 38512337 16904 3244
18795836 57308173 23641 1750
19482589 76790762 17880 1545
19641952 96432714 18522 2115
19555055 115987769 18550 2172
18539566 134527335 25590 3392
19479663 154006998 18020 1949
19657733 173664731 18628 2482
19414234 193078965 20234 1270
19623436 212702401 19327 2855
19611660 232314061 18862 2333
19594831 251908892 19578 1969
18698220 270607112 24074 2702
19091846 289698958 19280 1923
19224203 308923161 18435 2214
19550779 328473940 18969 2043
19723793 348197733 19100 3119
19580095 367777828 19312 2489
19761219 387539047 18481 1889
19675689 407214736 18441 3123
19726492 426941228 18733 1541
19674371 446615599 18646 2958
19624425 466240024 18740 3221
18300449 484540473 29985 3244
10488820 495029293 15844 40
1314228 496343521 4515 59
5663 496349184 28 0
6108 496355292 31 0
5621 496360913 23 0
11800 496372713 34 0
5645 496378358 16 0
6118 496384476 28 0
5658 496390134 9 0
11816 496401950 35 0
5638 496407588 23 0
6138 496413726 16 0
5658 496419384 14 0
11805 496431189 33 0
5658 496436847 19 0
6138 496442985 18 0
5633 496448618 18 0
11818 496460436 24 0
5655 496466091 26 0
6151 496472242 15 0
5634 496477876 15 0
11812 496489688 31 0
5650 496495338 21 0
6137 496501475 29 0
5626 496507101 22 0
11800 496518901 46 0
5658 496524559 9 0
6129 496530688 24 0
5658 496536346 9 0
11806 496548152 33 0
5651 496553803 21 0
6110 496559913 29 0
5627 496565540 23 0
11817 496577357 28 0
5640 496582997 22 0
6138 496589135 15 0
5656 496594791 19 0
11803 496606594 35 0
5658 496612252 7 0
6169 496618421 30 0
5632 496624053 22 0
11810 496635863 31 0
5658 496641521 12 0
6138 496647659 16 0
5646 496653305 18 0
13195 496666500 94 0
5652 496672152 21 0
6126 496678278 18 0
5633 496683911 18 0
11819 496695730 46 0
5658 496701388 10 0
6151 496707539 16 0
5627 496713166 20 0
11816 496724982 44 0
5658 496730640 11 0
6112 496736752 27 0
5651 496742403 19 0
11818 496754221 25 0
5657 496759878 18 0
6126 496766004 16 0
5649 496771653 20 0
11781 496783434 35 0
5658 496789092 10 0
6120 496795212 21 0
5628 496800840 14 0
11841 496812681 41 0
5648 496818329 28 0
6132 496824461 18 0
5658 496830119 11 0
11805 496841924 31 0
5646 496847570 25 0
6151 496853721 15 0
5658 496859379 9 0
12330 496871709 71 0
6327 496878036 26 8
6664 496884700 26 0
6333 496891033 12 0
12283 496903316 41 0
6116 496909432 16 0
6080 496915512 20 0
6085 496921597 26 0
12223 496933820 47 0
6116 496939936 14 0
6091 496946027 27 0
6098 496952125 24 1
12189 496964314 38 0
6116 496970430 16 0
6098 496976528 20 0
6098 496982626 22 0
12252 496994878 48 0
6110 497000988 25 0
6106 497007094 33 0
6085 497013179 25 0
11784 497024963 36 0
6116 497031079 18 0
6109 497037188 25 0
6117 497043305 17 0
13160 497056465 47 0
5652 497062117 14 0
6124 497068241 26 0
5625 497073866 19 0
11804 497085670 39 0
5649 497091319 22 0
7029 497098348 110 4
5639 497103987 22 0
11770 497115757 34 0
5649 497121406 26 0
6138 497127544 17 0
5658 497133202 12 0
11805 497145007 45 0
5667 497150674 30 0
6138 497156812 17 0
6109 497162921 21 0
11796 497174717 27 0
5662 497180379 27 0
6151 497186530 18 0
5628 497192158 15 0
11794 497203952 32 0
5640 497209592 13 0
6138 497215730 15 0
6091 497221821 20 0
11809 497233630 19 0
5640 497239270 15 0
6137 497245407 24 0
5658 497251065 13 0
11838 497262903 39 0
5657 497268560 18 0
6138 497274698 12 0
5639 497280337 15 0
11812 497292149 26 0
5658 497297807 9 0
6138 497303945 13 0
5622 497309567 18 0
11817 497321384 23 0
5658 497327042 9 0
6151 497333193 13 0
5622 497338815 15 0
11794 497350609 23 0
5658 497356267 9 0
6138 497362405 16 0
5633 497368038 24 0
11826 497379864 23 0
5649 497385513 26 0
6130 497391643 22 0
5645 497397288 16 0
11786 497409074 39 0
5658 497414732 8 0
6120 497420852 25 0
7017 497427869 36 0
11799 497439668 31 0
5640 497445308 15 0
6138 497451446 18 0
5646 497457092 15 0
11808 497468900 41 0
5658 497474558 8 0
6117 497480675 28 0
5646 497486321 20 0
11792 497498113 37 0
5644 497503757 25 0
6131 497509888 25 0
6117 497516005 20 0
11789 497527794 27 0
5657 497533451 24 0
6138 497539589 18 0
5658 497545247 11 0
11784 497557031 40 0
5649 497562680 20 0
6157 497568837 21 0
5652 497574489 13 0
11798 497586287 27 0
5652 497591939 14 0
6138 497598077 15 0
5652 497603729 14 0
11837 497615566 25 0
5658 497621224 9 0
6138 497627362 16 0
11316 497638678 18 0
6160 497644838 13 0
5658 497650496 8 0
15184 497665680 326 0
11289 497676969 53 0
6154 497683123 15 0
5651 497688774 14 0
6132 497694906 15 0
11297 497706203 25 0
6166 497712369 19 0
5658 497718027 10 0
6108 497724135 23 0
11284 497735419 31 0
6148 497741567 18 0
5658 497747225 10 0
6138 497753363 14 0
11283 497764646 29 0
6196 497770842 23 0
5646 497776488 13 0
6132 497782620 16 0
11292 497793912 26 0
6153 497800065 26 0
5652 497805717 12 0
7522 497813239 38 0
11300 497824539 25 0
6154 497830693 16 0
5658 497836351 11 0
6138 497842489 17 0
11316 497853805 22 0
6167 497859972 16 0
5646 497865618 12 0
6132 497871750 18 0
11303 497883053 27 0
6154 497889207 16 0
5658 497894865 10 0
6109 497900974 19 0
11297 497912271 33 0
6154 497918425 19 0
5658 497924083 10 0
6138 497930221 16 0
11286 497941507 20 0
6167 497947674 15 0
5658 497953332 8 0
6138 497959470 15 0
11316 497970786 14 0
6165 497976951 18 0
5651 497982602 14 0
6139 497988741 25 0
11309 498000050 32 0
6166 498006216 21 0
5658 498011874 12 0
6138 498018012 20 0
11316 498029328 14 0
6160 498035488 14 0
5658 498041146 10 0
6151 498047297 17 0
11303 498058600 27 0
6148 498064748 18 0
5651 498070399 13 0
6138 498076537 14 0
11316 498087853 17 0
6155 498094008 19 0
5658 498099666 11 0
6138 498105804 19 0
11315 498117119 24 0
6161 498123280 23 0
5658 498128938 12 0
6140 498135078 20 0
11310 498146388 30 0
6154 498152542 17 0
5645 498158187 18 0
6137 498164324 18 0
11316 498175640 17 0
6173 498181813 19 0
7035 498188848 25 0
6138 498194986 17 0
11301 498206287 23 0
6154 498212441 16 0
5652 498218093 16 0
6131 498224224 17 0
11316 498235540 20 0
6173 498241713 17 0
5657 498247370 19 0
6131 498253501 22 0
11319 498264820 29 0
6154 498270974 19 0
5657 498276631 19 0
6151 498282782 17 0
11292 498294074 36 0
6160 498300234 15 0
5652 498305886 14 0
6132 498312018 18 0
11301 498323319 29 0
6173 498329492 18 0
5646 498335138 18 0
6138 498341276 15 0
11301 498352577 35 0
6142 498358719 19 0
5658 498364377 13 0
6144 498370521 23 0
11296 498381817 28 0
6152 498387969 19 0
5652 498393621 17 0
6132 498399753 15 0
11304 498411057 18 0
6178 498417235 23 0
5657 498422892 18 0
6126 498429018 18 0
11297 498440315 37 0
6153 498446468 19 0
5658 498452126 10 0
6132 498458258 18 0
11301 498469559 28 0
6154 498475713 20 0
5652 498481365 15 0
6132 498487497 18 0
11301 498498798 26 0
6154 498504952 16 0
5652 498510604 15 0
6158 498516762 18 0
11316 498528078 17 0
6160 498534238 17 0
5658 498539896 9 0
6138 498546034 13 0
11316 498557350 19 0
7550 498564900 30 0
5658 498570558 13 0
6132 498576690 17 0
11310 498588000 31 0
6160 498594160 17 0
5658 498599818 8 0
65418 498665236 3837 161
852683 499517919 12088 567
6102 499524021 80 2
6734 499530755 40 0
6662 499537417 21 0
19120 499556537 384 17
6826 499563363 28 0
6662 499570025 22 0
6083 499576108 25 0
