5,1.0,395153745.06999993,3889417319.267523
4,395153746.06999993,491893845.11999995,2021348296.0527227
9,491893846.11999995,528754839.9999999,710127551.439987
4,528754840.9999999,557147340.8699999,2021348296.0527227
1,557147341.8699999,1297153587.5500002,4437195218.808543
2,1297153588.5500002,1402124615.5600002,3036024722.4208217
6,1402124616.5600002,2015878720.2800002,4889939584.3099985
2,2015878721.2800002,2087296117.8000002,3036024722.4208217
4,2087296118.8000002,2109229193.6080809,2021348296.0527227
0,2109229194.6080809,2110402051.6080809,239763616.18792993
