2380109, 2380109, 49414, 106, 4
10007001, 12387110, 77998, 1696, 8
19371813, 31758923, 18668, 1154, 3
19314817, 51073740, 20164, 1300, 3
19010038, 70083778, 20533, 1340, 3
19542907, 89626685, 19351, 682, 3
19591804, 109218489, 17942, 957, 3
18759402, 127977891, 24645, 1518, 3
19170282, 147148173, 18588, 1103, 3
19753285, 166901458, 18996, 996, 3
19305209, 186206667, 20301, 703, 3
19571332, 205777999, 18536, 1689, 3
19615734, 225393733, 19093, 1535, 3
19553217, 244946950, 19960, 1129, 3
18944293, 263891243, 23964, 1278, 3
19393263, 283284506, 18978, 1077, 3
18982470, 302266976, 19251, 1126, 3
19479275, 321746251, 20037, 1594, 3
19780164, 341526415, 19567, 1623, 3
19817650, 361344065, 19079, 1116, 3
19799360, 381143425, 19166, 1410, 3
19687086, 400830511, 19633, 731, 3
19803786, 420634297, 19027, 1312, 3
19738053, 440372350, 19296, 765, 3
19701285, 460073635, 19653, 1475, 3
19718247, 479791882, 20099, 1658, 3
12896358, 492688240, 29527, 330, 19
3605839, 496294079, 7649, 20, 6
6114, 496300193, 341, 2, 1
11807, 496312000, 43, 0, 1
5634, 496317634, 19, 0, 1
5643, 496323277, 22, 0, 1
6117, 496329394, 27, 0, 1
11785, 496341179, 55, 0, 1
5658, 496346837, 9, 0, 1
5657, 496352494, 22, 0, 1
6173, 496358667, 18, 0, 1
11794, 496370461, 42, 0, 1
5634, 496376095, 14, 0, 1
5644, 496381739, 25, 0, 1
6136, 496387875, 22, 0, 1
11806, 496399681, 33, 0, 1
5652, 496405333, 28, 0, 1
5658, 496410991, 13, 0, 1
6122, 496417113, 25, 0, 1
11758, 496428871, 28, 0, 1
5650, 496434521, 17, 0, 1
5643, 496440164, 28, 0, 1
15261, 496455425, 310, 0, 1
11771, 496467196, 53, 0, 1
5621, 496472817, 22, 0, 1
5661, 496478478, 29, 0, 1
6165, 496484643, 21, 0, 1
11795, 496496438, 36, 0, 1
5640, 496502078, 16, 0, 1
5640, 496507718, 14, 0, 1
7525, 496515243, 106, 0, 1
11790, 496527033, 30, 0, 1
5652, 496532685, 14, 0, 1
5658, 496538343, 15, 0, 1
6154, 496544497, 20, 0, 1
11804, 496556301, 51, 0, 1
5658, 496561959, 15, 0, 1
5657, 496567616, 14, 0, 1
6136, 496573752, 24, 0, 1
11779, 496585531, 41, 0, 1
5663, 496591194, 16, 0, 1
5652, 496596846, 13, 0, 1
6141, 496602987, 24, 0, 1
11789, 496614776, 34, 0, 1
5633, 496620409, 22, 0, 1
5654, 496626063, 28, 0, 1
6160, 496632223, 16, 0, 1
11797, 496644020, 43, 0, 1
5610, 496649630, 19, 0, 1
5658, 496655288, 13, 0, 1
6147, 496661435, 20, 0, 1
11793, 496673228, 42, 0, 1
5642, 496678870, 21, 0, 1
5654, 496684524, 29, 0, 1
6167, 496690691, 20, 0, 1
11783, 496702474, 32, 0, 1
5627, 496708101, 18, 0, 1
5658, 496713759, 10, 0, 1
6165, 496719924, 28, 0, 1
11775, 496731699, 32, 0, 1
5639, 496737338, 18, 0, 1
5646, 496742984, 15, 0, 1
6143, 496749127, 23, 0, 1
11775, 496760902, 38, 0, 1
5645, 496766547, 17, 0, 1
5622, 496772169, 15, 0, 1
6160, 496778329, 18, 0, 1
11816, 496790145, 19, 0, 1
5658, 496795803, 11, 0, 1
5658, 496801461, 19, 0, 1
6151, 496807612, 20, 0, 1
11784, 496819396, 30, 0, 1
5651, 496825047, 24, 0, 1
5652, 496830699, 16, 0, 1
6713, 496837412, 52, 0, 1
15028, 496852440, 176, 0, 1
6326, 496858766, 34, 0, 1
5649, 496864415, 16, 0, 1
12237, 496876652, 42, 0, 1
6151, 496882803, 15, 0, 1
6074, 496888877, 24, 0, 1
7493, 496896370, 44, 0, 1
12184, 496908554, 31, 0, 1
6096, 496914650, 23, 0, 1
6115, 496920765, 32, 0, 1
6086, 496926851, 24, 0, 1
12231, 496939082, 46, 0, 1
6116, 496945198, 18, 0, 1
6078, 496951276, 26, 0, 1
6104, 496957380, 19, 0, 1
12186, 496969566, 41, 0, 1
6074, 496975640, 23, 0, 1
6129, 496981769, 20, 0, 1
5658, 496987427, 12, 0, 1
11740, 496999167, 35, 0, 1
6122, 497005289, 24, 0, 1
5658, 497010947, 11, 0, 1
5658, 497016605, 12, 0, 1
11751, 497028356, 39, 0, 1
6126, 497034482, 20, 0, 1
5658, 497040140, 12, 0, 1
5658, 497045798, 13, 0, 1
11785, 497057583, 32, 0, 1
6131, 497063714, 34, 0, 1
5652, 497069366, 15, 0, 1
5658, 497075024, 9, 0, 1
11824, 497086848, 26, 0, 1
6113, 497092961, 21, 0, 1
5621, 497098582, 16, 0, 1
5642, 497104224, 20, 0, 1
11793, 497116017, 33, 0, 1
6126, 497122143, 31, 0, 1
5658, 497127801, 10, 0, 1
5652, 497133453, 14, 0, 1
11800, 497145253, 30, 0, 1
6132, 497151385, 17, 0, 1
5645, 497157030, 18, 0, 1
5646, 497162676, 12, 0, 1
11831, 497174507, 36, 0, 1
6136, 497180643, 27, 0, 1
5658, 497186301, 10, 0, 1
5658, 497191959, 9, 0, 1
11773, 497203732, 42, 0, 1
6138, 497209870, 20, 0, 1
5621, 497215491, 20, 0, 1
5653, 497221144, 28, 0, 1
11850, 497232994, 40, 0, 1
6138, 497239132, 18, 0, 1
5649, 497244781, 26, 0, 1
5658, 497250439, 10, 0, 1
11808, 497262247, 40, 0, 1
6151, 497268398, 16, 0, 1
7035, 497275433, 27, 0, 1
5645, 497281078, 20, 0, 1
11761, 497292839, 42, 0, 1
6138, 497298977, 18, 0, 1
5626, 497304603, 22, 0, 1
5658, 497310261, 9, 0, 1
11797, 497322058, 42, 0, 1
6138, 497328196, 13, 0, 1
5640, 497333836, 11, 0, 1
5652, 497339488, 12, 0, 1
11782, 497351270, 30, 0, 1
6156, 497357426, 35, 0, 1
5658, 497363084, 9, 0, 1
5645, 497368729, 16, 0, 1
11817, 497380546, 28, 0, 1
6138, 497386684, 14, 0, 1
5625, 497392309, 21, 0, 1
5638, 497397947, 20, 0, 1
11831, 497409778, 43, 0, 1
6124, 497415902, 26, 0, 1
5658, 497421560, 10, 0, 1
5658, 497427218, 8, 0, 1
11786, 497439004, 30, 0, 1
6138, 497445142, 16, 0, 1
5646, 497450788, 10, 0, 1
5658, 497456446, 10, 0, 1
11799, 497468245, 35, 0, 1
6129, 497474374, 21, 0, 1
5640, 497480014, 17, 0, 1
5658, 497485672, 11, 0, 1
11797, 497497469, 37, 0, 1
6149, 497503618, 27, 0, 1
5644, 497509262, 18, 0, 1
5658, 497514920, 11, 0, 1
11761, 497526681, 43, 0, 1
6137, 497532818, 33, 0, 1
5658, 497538476, 11, 0, 1
5658, 497544134, 10, 0, 1
11800, 497555934, 31, 0, 1
6120, 497562054, 24, 0, 1
5637, 497567691, 23, 0, 1
5658, 497573349, 12, 0, 1
11797, 497585146, 41, 0, 1
6167, 497591313, 25, 0, 1
5658, 497596971, 12, 0, 1
5658, 497602629, 11, 0, 1
11799, 497614428, 54, 0, 1
6138, 497620566, 27, 0, 1
5658, 497626224, 12, 0, 1
5627, 497631851, 23, 0, 1
11783, 497643634, 33, 0, 1
7512, 497651146, 43, 0, 1
5652, 497656798, 17, 0, 1
5658, 497662456, 13, 0, 1
11788, 497674244, 37, 0, 1
6132, 497680376, 16, 0, 1
5645, 497686021, 29, 0, 1
5642, 497691663, 26, 0, 1
11830, 497703493, 34, 0, 1
6138, 497709631, 13, 0, 1
5628, 497715259, 16, 0, 1
5658, 497720917, 16, 0, 1
11799, 497732716, 44, 0, 1
6151, 497738867, 15, 0, 1
5652, 497744519, 8, 0, 1
5657, 497750176, 15, 0, 1
11803, 497761979, 40, 0, 1
6129, 497768108, 27, 0, 1
5643, 497773751, 21, 0, 1
5661, 497779412, 25, 0, 1
11807, 497791219, 40, 0, 1
6138, 497797357, 15, 0, 1
5634, 497802991, 20, 0, 1
5658, 497808649, 8, 0, 1
11809, 497820458, 36, 0, 1
6133, 497826591, 18, 0, 1
5658, 497832249, 11, 0, 1
5644, 497837893, 18, 0, 1
11785, 497849678, 40, 0, 1
6132, 497855810, 13, 0, 1
5632, 497861442, 18, 0, 1
5671, 497867113, 26, 0, 1
11805, 497878918, 39, 0, 1
6138, 497885056, 17, 0, 1
5649, 497890705, 23, 0, 1
5644, 497896349, 24, 0, 1
11777, 497908126, 48, 0, 1
6111, 497914237, 25, 0, 1
5651, 497919888, 19, 0, 1
5638, 497925526, 27, 0, 1
11817, 497937343, 45, 0, 1
6138, 497943481, 15, 0, 1
5615, 497949096, 20, 0, 1
5640, 497954736, 21, 0, 1
11808, 497966544, 34, 0, 1
6150, 497972694, 27, 0, 1
5658, 497978352, 10, 0, 1
5645, 497983997, 14, 0, 1
11815, 497995812, 33, 0, 1
6132, 498001944, 18, 0, 1
5638, 498007582, 19, 0, 1
5654, 498013236, 23, 0, 1
13208, 498026444, 31, 0, 1
6124, 498032568, 34, 0, 1
5640, 498038208, 14, 0, 1
5658, 498043866, 10, 0, 1
11776, 498055642, 35, 0, 1
6151, 498061793, 15, 0, 1
5650, 498067443, 18, 0, 1
5652, 498073095, 14, 0, 1
11832, 498084927, 40, 0, 1
6141, 498091068, 33, 0, 1
5620, 498096688, 22, 0, 1
5643, 498102331, 27, 0, 1
11811, 498114142, 34, 0, 1
6126, 498120268, 23, 0, 1
5656, 498125924, 19, 0, 1
5639, 498131563, 14, 0, 1
11817, 498143380, 32, 0, 1
6138, 498149518, 16, 0, 1
5652, 498155170, 12, 0, 1
5658, 498160828, 11, 0, 1
11828, 498172656, 39, 0, 1
6118, 498178774, 19, 0, 1
5658, 498184432, 8, 0, 1
5658, 498190090, 11, 0, 1
11807, 498201897, 43, 0, 1
6158, 498208055, 15, 0, 1
5657, 498213712, 18, 0, 1
5637, 498219349, 23, 0, 1
11812, 498231161, 28, 0, 1
6114, 498237275, 21, 0, 1
5628, 498242903, 18, 0, 1
5656, 498248559, 20, 0, 1
11813, 498260372, 34, 0, 1
6103, 498266475, 23, 0, 1
5634, 498272109, 20, 0, 1
5658, 498277767, 17, 0, 1
11803, 498289570, 36, 0, 1
6145, 498295715, 18, 0, 1
5658, 498301373, 13, 0, 1
5652, 498307025, 23, 0, 1
11806, 498318831, 28, 0, 1
6138, 498324969, 14, 0, 1
5654, 498330623, 27, 0, 1
5652, 498336275, 13, 0, 1
11805, 498348080, 38, 0, 1
6132, 498354212, 23, 0, 1
5665, 498359877, 30, 0, 1
5658, 498365535, 8, 0, 1
11802, 498377337, 37, 0, 1
6138, 498383475, 18, 0, 1
5661, 498389136, 22, 0, 1
5657, 498394793, 15, 0, 1
13173, 498407966, 68, 0, 1
6137, 498414103, 37, 0, 1
5658, 498419761, 12, 0, 1
5658, 498425419, 10, 0, 1
11793, 498437212, 34, 0, 1
6151, 498443363, 13, 0, 1
5616, 498448979, 20, 0, 1
5658, 498454637, 10, 0, 1
11770, 498466407, 35, 0, 1
6126, 498472533, 21, 0, 1
5651, 498478184, 17, 0, 1
5657, 498483841, 14, 0, 1
11810, 498495651, 36, 0, 1
6132, 498501783, 22, 0, 1
5668, 498507451, 27, 0, 1
5645, 498513096, 19, 0, 1
11818, 498524914, 21, 0, 1
9470, 498534384, 208, 0, 1
884435, 499418819, 15012, 302, 5
6434, 499425253, 54, 0, 1
18869, 499444122, 400, 10, 1
6399, 499450521, 33, 0, 1
7105, 499457626, 38, 0, 1
6393, 499464019, 10, 0, 1
14613, 499478632, 179, 2, 1
6621, 499485253, 32, 0, 1
2524949, 2524949, 52863, 93, 4
10553066, 13078015, 75593, 1738, 8
19142530, 32220545, 18959, 1141, 3
19246817, 51467362, 23876, 1277, 3
19175530, 70642892, 18455, 1334, 3
19637551, 90280443, 18360, 756, 3
19513416, 109793859, 18271, 890, 3
18478245, 128272104, 25217, 1651, 3
19077223, 147349327, 19337, 1113, 3
19837712, 167187039, 18838, 1047, 3
19573695, 186760734, 21215, 887, 3
19491904, 206252638, 19737, 1614, 3
19621205, 225873843, 19273, 1622, 3
19539313, 245413156, 19317, 1080, 3
18284722, 263697878, 25004, 1154, 3
19387305, 283085183, 19766, 1185, 3
19228182, 302313365, 18752, 1087, 3
19649014, 321962379, 18964, 1608, 3
19758646, 341721025, 18871, 1701, 3
19682976, 361404001, 19680, 1096, 3
19776123, 381180124, 18874, 1418, 3
19648690, 400828814, 18744, 860, 3
19755985, 420584799, 18653, 1227, 3
19707351, 440292150, 19178, 775, 3
19591897, 459884047, 19259, 1661, 3
19703652, 479587699, 19016, 1716, 3
12992536, 492580235, 29034, 411, 19
3815057, 496395292, 8869, 20, 6
5637, 496400929, 38, 0, 1
5658, 496406587, 12, 0, 1
6160, 496412747, 17, 0, 1
11772, 496424519, 35, 0, 1
5649, 496430168, 24, 0, 1
5658, 496435826, 8, 0, 1
6180, 496442006, 20, 0, 1
11755, 496453761, 47, 0, 1
5658, 496459419, 12, 0, 1
5658, 496465077, 10, 0, 1
6123, 496471200, 27, 0, 1
11752, 496482952, 47, 0, 1
5628, 496488580, 17, 0, 1
5638, 496494218, 22, 0, 1
6118, 496500336, 21, 0, 1
11763, 496512099, 33, 0, 1
5658, 496517757, 12, 0, 1
5652, 496523409, 13, 0, 1
6148, 496529557, 20, 0, 1
11795, 496541352, 30, 0, 1
5657, 496547009, 23, 0, 1
5645, 496552654, 19, 0, 1
6159, 496558813, 19, 0, 1
11778, 496570591, 27, 0, 1
5652, 496576243, 15, 0, 1
5658, 496581901, 10, 0, 1
6165, 496588066, 26, 0, 1
11784, 496599850, 30, 0, 1
5632, 496605482, 23, 0, 1
5662, 496611144, 30, 0, 1
6160, 496617304, 17, 0, 1
11782, 496629086, 39, 0, 1
5645, 496634731, 17, 0, 1
5651, 496640382, 17, 0, 1
6122, 496646504, 29, 0, 1
11796, 496658300, 26, 0, 1
5616, 496663916, 20, 0, 1
5657, 496669573, 21, 0, 1
6173, 496675746, 18, 0, 1
11778, 496687524, 44, 0, 1
5628, 496693152, 16, 0, 1
5644, 496698796, 22, 0, 1
6130, 496704926, 28, 0, 1
20870, 496725796, 347, 1, 1
5643, 496731439, 37, 0, 1
5656, 496737095, 18, 0, 1
6153, 496743248, 32, 0, 1
11773, 496755021, 36, 0, 1
5644, 496760665, 19, 0, 1
5637, 496766302, 20, 0, 1
7508, 496773810, 73, 0, 1
11792, 496785602, 48, 0, 1
5658, 496791260, 11, 0, 1
5648, 496796908, 25, 0, 1
6136, 496803044, 22, 0, 1
11796, 496814840, 22, 0, 1
5646, 496820486, 20, 0, 1
5658, 496826144, 8, 0, 1
6164, 496832308, 26, 0, 1
11789, 496844097, 30, 0, 1
5638, 496849735, 19, 0, 1
5658, 496855393, 10, 0, 1
6148, 496861541, 18, 0, 1
11820, 496873361, 40, 0, 1
5658, 496879019, 9, 0, 1
5646, 496884665, 16, 0, 1
6160, 496890825, 18, 0, 1
11796, 496902621, 23, 0, 1
5646, 496908267, 12, 0, 1
5646, 496913913, 20, 0, 1
12547, 496926460, 65, 0, 1
6624, 496933084, 25, 0, 1
6357, 496939441, 32, 0, 1
6315, 496945756, 27, 0, 1
12269, 496958025, 38, 0, 1
6133, 496964158, 20, 0, 1
6109, 496970267, 35, 0, 1
5657, 496975924, 29, 0, 1
12247, 496988171, 42, 0, 1
6109, 496994280, 32, 0, 1
6084, 497000364, 26, 0, 1
6116, 497006480, 18, 0, 1
12212, 497018692, 42, 0, 1
6108, 497024800, 23, 0, 1
6098, 497030898, 22, 0, 1
6095, 497036993, 31, 0, 1
12185, 497049178, 54, 0, 1
6120, 497055298, 25, 0, 1
6129, 497061427, 18, 0, 1
5651, 497067078, 28, 0, 1
12230, 497079308, 33, 0, 1
6116, 497085424, 21, 0, 1
6104, 497091528, 24, 0, 1
5645, 497097173, 19, 0, 1
11784, 497108957, 39, 0, 1
6151, 497115108, 19, 0, 1
5658, 497120766, 13, 0, 1
5645, 497126411, 20, 0, 1
11817, 497138228, 33, 0, 1
6130, 497144358, 22, 0, 1
5621, 497149979, 20, 0, 1
7023, 497157002, 30, 0, 1
11830, 497168832, 34, 0, 1
6132, 497174964, 23, 0, 1
5638, 497180602, 26, 0, 1
5658, 497186260, 13, 0, 1
11806, 497198066, 31, 0, 1
6164, 497204230, 18, 0, 1
5658, 497209888, 13, 0, 1
5652, 497215540, 15, 0, 1
11806, 497227346, 26, 0, 1
6138, 497233484, 17, 0, 1
5622, 497239106, 16, 0, 1
5658, 497244764, 10, 0, 1
11789, 497256553, 53, 0, 1
6138, 497262691, 13, 0, 1
5658, 497268349, 11, 0, 1
5651, 497274000, 26, 0, 1
11769, 497285769, 38, 0, 1
6138, 497291907, 16, 0, 1
5658, 497297565, 11, 0, 1
5657, 497303222, 15, 0, 1
11808, 497315030, 47, 0, 1
6125, 497321155, 23, 0, 1
5658, 497326813, 11, 0, 1
5637, 497332450, 27, 0, 1
11800, 497344250, 25, 0, 1
6120, 497350370, 30, 0, 1
5658, 497356028, 14, 0, 1
5656, 497361684, 27, 0, 1
11806, 497373490, 33, 0, 1
6138, 497379628, 16, 0, 1
5637, 497385265, 25, 0, 1
5658, 497390923, 9, 0, 1
11825, 497402748, 34, 0, 1
6138, 497408886, 20, 0, 1
5658, 497414544, 11, 0, 1
5658, 497420202, 12, 0, 1
11800, 497432002, 30, 0, 1
6131, 497438133, 26, 0, 1
5640, 497443773, 15, 0, 1
5651, 497449424, 12, 0, 1
11774, 497461198, 37, 0, 1
6138, 497467336, 14, 0, 1
5654, 497472990, 25, 0, 1
5652, 497478642, 16, 0, 1
11799, 497490441, 40, 0, 1
6138, 497496579, 16, 0, 1
5640, 497502219, 22, 0, 1
5658, 497507877, 11, 0, 1
11786, 497519663, 31, 0, 1
6114, 497525777, 23, 0, 1
7034, 497532811, 45, 0, 1
5658, 497538469, 13, 0, 1
11828, 497550297, 44, 0, 1
6138, 497556435, 14, 0, 1
5646, 497562081, 17, 0, 1
5658, 497567739, 12, 0, 1
11793, 497579532, 39, 0, 1
6164, 497585696, 19, 0, 1
5634, 497591330, 19, 0, 1
5634, 497596964, 19, 0, 1
11810, 497608774, 32, 0, 1
6102, 497614876, 27, 0, 1
5658, 497620534, 14, 0, 1
5658, 497626192, 11, 0, 1
11813, 497638005, 31, 0, 1
6102, 497644107, 24, 0, 1
5622, 497649729, 17, 0, 1
5658, 497655387, 12, 0, 1
11752, 497667139, 33, 0, 1
6151, 497673290, 16, 0, 1
5626, 497678916, 21, 0, 1
5658, 497684574, 14, 0, 1
11812, 497696386, 32, 0, 1
6123, 497702509, 32, 0, 1
5652, 497708161, 16, 0, 1
5652, 497713813, 13, 0, 1
12528, 497726341, 50, 0, 1
6769, 497733110, 61, 0, 1
6373, 497739483, 13, 0, 1
6333, 497745816, 16, 0, 1
12274, 497758090, 59, 0, 1
6138, 497764228, 19, 0, 1
5622, 497769850, 20, 0, 1
5658, 497775508, 14, 0, 1
11811, 497787319, 49, 0, 1
6139, 497793458, 22, 0, 1
5615, 497799073, 20, 0, 1
5650, 497804723, 26, 0, 1
11807, 497816530, 30, 0, 1
6137, 497822667, 31, 0, 1
6119, 497828786, 32, 0, 1
5658, 497834444, 14, 0, 1
11796, 497846240, 55, 0, 1
6138, 497852378, 18, 0, 1
5644, 497858022, 20, 0, 1
5642, 497863664, 30, 0, 1
11793, 497875457, 33, 0, 1
6138, 497881595, 17, 0, 1
5652, 497887247, 15, 0, 1
5652, 497892899, 30, 0, 1
11783, 497904682, 39, 0, 1
7520, 497912202, 42, 0, 1
5632, 497917834, 29, 0, 1
5658, 497923492, 11, 0, 1
11794, 497935286, 38, 0, 1
6138, 497941424, 19, 0, 1
5633, 497947057, 20, 0, 1
5658, 497952715, 10, 0, 1
11831, 497964546, 25, 0, 1
6138, 497970684, 17, 0, 1
5652, 497976336, 17, 0, 1
5658, 497981994, 17, 0, 1
11784, 497993778, 45, 0, 1
6107, 497999885, 25, 0, 1
5651, 498005536, 21, 0, 1
5661, 498011197, 24, 0, 1
11816, 498023013, 55, 0, 1
6138, 498029151, 18, 0, 1
5652, 498034803, 13, 0, 1
5652, 498040455, 22, 0, 1
11805, 498052260, 38, 0, 1
6151, 498058411, 17, 0, 1
5657, 498064068, 13, 0, 1
5639, 498069707, 16, 0, 1
11815, 498081522, 42, 0, 1
6123, 498087645, 26, 0, 1
5646, 498093291, 21, 0, 1
5650, 498098941, 18, 0, 1
11793, 498110734, 42, 0, 1
6138, 498116872, 15, 0, 1
5665, 498122537, 27, 0, 1
5650, 498128187, 29, 0, 1
11788, 498139975, 28, 0, 1
6151, 498146126, 18, 0, 1
5652, 498151778, 16, 0, 1
5638, 498157416, 23, 0, 1
11817, 498169233, 36, 0, 1
6138, 498175371, 17, 0, 1
5622, 498180993, 19, 0, 1
5649, 498186642, 27, 0, 1
11782, 498198424, 46, 0, 1
6126, 498204550, 21, 0, 1
5652, 498210202, 17, 0, 1
5658, 498215860, 17, 0, 1
11788, 498227648, 44, 0, 1
6138, 498233786, 20, 0, 1
5650, 498239436, 24, 0, 1
5658, 498245094, 12, 0, 1
11835, 498256929, 41, 0, 1
6120, 498263049, 23, 0, 1
5652, 498268701, 15, 0, 1
5649, 498274350, 26, 0, 1
13177, 498287527, 57, 0, 1
6151, 498293678, 17, 0, 1
5658, 498299336, 9, 0, 1
5658, 498304994, 17, 0, 1
11802, 498316796, 47, 0, 1
6138, 498322934, 14, 0, 1
5658, 498328592, 9, 0, 1
5651, 498334243, 24, 0, 1
11812, 498346055, 43, 0, 1
6138, 498352193, 16, 0, 1
5650, 498357843, 19, 0, 1
5658, 498363501, 10, 0, 1
11791, 498375292, 34, 0, 1
6132, 498381424, 20, 0, 1
5644, 498387068, 19, 0, 1
5643, 498392711, 31, 0, 1
11812, 498404523, 32, 0, 1
6137, 498410660, 22, 0, 1
5646, 498416306, 17, 0, 1
5658, 498421964, 10, 0, 1
11794, 498433758, 36, 0, 1
6102, 498439860, 30, 0, 1
5652, 498445512, 15, 0, 1
5634, 498451146, 25, 0, 1
11804, 498462950, 44, 0, 1
6138, 498469088, 16, 0, 1
5658, 498474746, 11, 0, 1
5658, 498480404, 12, 0, 1
11805, 498492209, 48, 0, 1
6126, 498498335, 24, 0, 1
5658, 498503993, 13, 0, 1
5658, 498509651, 14, 0, 1
11814, 498521465, 39, 0, 1
6158, 498527623, 16, 0, 1
5631, 498533254, 22, 0, 1
5646, 498538900, 13, 0, 1
11817, 498550717, 35, 0, 1
6138, 498556855, 16, 0, 1
5627, 498562482, 20, 0, 1
5658, 498568140, 12, 0, 1
11810, 498579950, 42, 0, 1
6120, 498586070, 20, 0, 1
5658, 498591728, 9, 0, 1
5658, 498597386, 8, 0, 1
11799, 498609185, 53, 0, 1
6154, 498615339, 23, 0, 1
5658, 498620997, 10, 0, 1
5658, 498626655, 11, 0, 1
15137, 498641792, 239, 0, 1
915091, 499556883, 14599, 316, 5
8083, 499564966, 672, 0, 1
6707, 499571673, 29, 0, 1
13107, 499584780, 79, 0, 1
11965, 499596745, 348, 9, 1
6662, 499603407, 35, 0, 1
6449, 499609856, 16, 0, 1
14672, 499624528, 155, 1, 1
2507575, 2507575, 52806, 124, 4
10599534, 13107109, 76223, 1748, 8
19365447, 32472556, 19446, 1199, 3
19167435, 51639991, 24664, 1315, 3
19172498, 70812489, 18574, 1395, 3
19625908, 90438397, 17969, 782, 3
19627070, 110065467, 18642, 955, 3
18479891, 128545358, 25530, 1585, 3
19336961, 147882319, 18978, 1072, 3
19872531, 167754850, 18749, 1166, 3
13894666, 181649516, 14920, 668, 19
3679304, 185328820, 4792, 108, 6
19707074, 205035894, 19231, 1459, 3
19695666, 224731560, 19709, 1601, 3
18885581, 243617141, 19161, 1303, 3
18840540, 262457681, 24568, 1220, 3
19334934, 281792615, 18848, 1032, 3
19677540, 301470155, 19042, 1215, 3
19723048, 321193203, 18316, 1568, 3
19814377, 341007580, 19824, 1817, 3
19783115, 360790695, 18712, 1184, 3
19831732, 380622427, 18808, 1495, 3
19756344, 400378771, 18654, 725, 3
19751934, 420130705, 19468, 1304, 3
19740710, 439871415, 19029, 801, 3
19715567, 459586982, 18831, 1746, 3
19757635, 479344617, 18776, 1828, 3
13490517, 492835134, 30394, 417, 19
3873094, 496708228, 8226, 11, 6
5656, 496713884, 33, 0, 1
6138, 496720022, 18, 0, 1
11824, 496731846, 42, 0, 1
5658, 496737504, 11, 0, 1
5661, 496743165, 18, 0, 1
6128, 496749293, 26, 0, 1
11784, 496761077, 29, 0, 1
5638, 496766715, 21, 0, 1
5639, 496772354, 20, 0, 1
6173, 496778527, 19, 0, 1
11776, 496790303, 35, 0, 1
5634, 496795937, 14, 0, 1
5658, 496801595, 11, 0, 1
6157, 496807752, 28, 0, 1
13161, 496820913, 112, 0, 1
5644, 496826557, 24, 0, 1
5644, 496832201, 25, 0, 1
6173, 496838374, 16, 0, 1
11776, 496850150, 34, 0, 1
5633, 496855783, 15, 0, 1
5646, 496861429, 13, 0, 1
6136, 496867565, 19, 0, 1
11763, 496879328, 44, 0, 1
5653, 496884981, 16, 0, 1
5657, 496890638, 13, 0, 1
6140, 496896778, 26, 0, 1
11796, 496908574, 23, 0, 1
5646, 496914220, 15, 0, 1
5633, 496919853, 25, 0, 1
6173, 496926026, 16, 0, 1
11782, 496937808, 30, 0, 1
5658, 496943466, 12, 0, 1
5658, 496949124, 9, 0, 1
11786, 496960910, 37, 0, 1
6137, 496967047, 27, 0, 1
5621, 496972668, 20, 0, 1
5658, 496978326, 10, 0, 1
11756, 496990082, 47, 0, 1
6138, 496996220, 13, 0, 1
5658, 497001878, 12, 0, 1
5658, 497007536, 11, 0, 1
11769, 497019305, 39, 0, 1
6138, 497025443, 15, 0, 1
5651, 497031094, 16, 0, 1
5638, 497036732, 19, 0, 1
11811, 497048543, 32, 0, 1
6120, 497054663, 21, 0, 1
5621, 497060284, 17, 0, 1
5658, 497065942, 10, 0, 1
11830, 497077772, 31, 0, 1
6138, 497083910, 12, 0, 1
5631, 497089541, 17, 0, 1
5658, 497095199, 8, 0, 1
11791, 497106990, 28, 0, 1
6138, 497113128, 27, 0, 1
5658, 497118786, 10, 0, 1
5658, 497124444, 10, 0, 1
11824, 497136268, 40, 0, 1
6138, 497142406, 15, 0, 1
5652, 497148058, 11, 0, 1
5638, 497153696, 20, 0, 1
20883, 497174579, 380, 0, 1
6138, 497180717, 20, 0, 1
5626, 497186343, 22, 0, 1
5632, 497191975, 25, 0, 1
13189, 497205164, 50, 0, 1
6151, 497211315, 16, 0, 1
5658, 497216973, 11, 0, 1
5658, 497222631, 11, 0, 1
11776, 497234407, 37, 0, 1
6665, 497241072, 54, 0, 1
6320, 497247392, 44, 0, 1
5630, 497253022, 19, 0, 1
13014, 497266036, 36, 0, 1
6601, 497272637, 20, 0, 1
5615, 497278252, 21, 0, 1
5640, 497283892, 15, 0, 1
12245, 497296137, 32, 0, 1
6073, 497302210, 24, 0, 1
6123, 497308333, 23, 0, 1
6116, 497314449, 15, 0, 1
12206, 497326655, 40, 0, 1
6112, 497332767, 26, 0, 1
6074, 497338841, 27, 0, 1
6083, 497344924, 26, 0, 1
12258, 497357182, 38, 0, 1
6116, 497363298, 15, 0, 1
6098, 497369396, 20, 0, 1
6099, 497375495, 24, 0, 1
11736, 497387231, 55, 0, 1
6138, 497393369, 15, 0, 1
6090, 497399459, 22, 0, 1
5658, 497405117, 10, 0, 1
11767, 497416884, 46, 0, 1
6145, 497423029, 14, 0, 1
5658, 497428687, 10, 0, 1
5657, 497434344, 19, 0, 1
11806, 497446150, 27, 0, 1
6151, 497452301, 14, 0, 1
5646, 497457947, 11, 0, 1
5669, 497463616, 24, 0, 1
11809, 497475425, 29, 0, 1
6145, 497481570, 12, 0, 1
5636, 497487206, 19, 0, 1
5652, 497492858, 12, 0, 1
11799, 497504657, 28, 0, 1
6128, 497510785, 27, 0, 1
5644, 497516429, 18, 0, 1
5645, 497522074, 15, 0, 1
11821, 497533895, 36, 0, 1
6138, 497540033, 12, 0, 1
5652, 497545685, 8, 0, 1
5652, 497551337, 12, 0, 1
11833, 497563170, 51, 0, 1
6138, 497569308, 15, 0, 1
5640, 497574948, 13, 0, 1
7023, 497581971, 31, 0, 1
11785, 497593756, 39, 0, 1
6144, 497599900, 26, 0, 1
5658, 497605558, 12, 0, 1
5651, 497611209, 25, 0, 1
11798, 497623007, 28, 0, 1
6132, 497629139, 15, 0, 1
5634, 497634773, 16, 0, 1
5658, 497640431, 12, 0, 1
11788, 497652219, 29, 0, 1
6138, 497658357, 13, 0, 1
5649, 497664006, 20, 0, 1
5645, 497669651, 16, 0, 1
11807, 497681458, 34, 0, 1
6126, 497687584, 28, 0, 1
5658, 497693242, 10, 0, 1
5657, 497698899, 15, 0, 1
11786, 497710685, 37, 0, 1
6138, 497716823, 19, 0, 1
5637, 497722460, 28, 0, 1
5657, 497728117, 22, 0, 1
11820, 497739937, 29, 0, 1
6138, 497746075, 14, 0, 1
5658, 497751733, 11, 0, 1
5658, 497757391, 12, 0, 1
11792, 497769183, 29, 0, 1
6138, 497775321, 18, 0, 1
5639, 497780960, 17, 0, 1
5651, 497786611, 18, 0, 1
11819, 497798430, 34, 0, 1
6138, 497804568, 15, 0, 1
5644, 497810212, 16, 0, 1
5658, 497815870, 7, 0, 1
11799, 497827669, 49, 0, 1
6151, 497833820, 15, 0, 1
5616, 497839436, 16, 0, 1
5658, 497845094, 12, 0, 1
11822, 497856916, 41, 0, 1
6138, 497863054, 14, 0, 1
5652, 497868706, 18, 0, 1
5646, 497874352, 12, 0, 1
11828, 497886180, 24, 0, 1
6126, 497892306, 16, 0, 1
5645, 497897951, 16, 0, 1
5644, 497903595, 20, 0, 1
11804, 497915399, 46, 0, 1
6115, 497921514, 18, 0, 1
5658, 497927172, 12, 0, 1
5660, 497932832, 24, 0, 1
11800, 497944632, 26, 0, 1
6138, 497950770, 13, 0, 1
7008, 497957778, 31, 0, 1
5644, 497963422, 27, 0, 1
11787, 497975209, 33, 0, 1
6120, 497981329, 19, 0, 1
5626, 497986955, 16, 0, 1
5636, 497992591, 27, 0, 1
11787, 498004378, 23, 0, 1
6138, 498010516, 15, 0, 1
5635, 498016151, 19, 0, 1
5656, 498021807, 23, 0, 1
11804, 498033611, 37, 0, 1
6138, 498039749, 17, 0, 1
5632, 498045381, 19, 0, 1
5653, 498051034, 14, 0, 1
11792, 498062826, 45, 0, 1
6127, 498068953, 22, 0, 1
5658, 498074611, 13, 0, 1
5663, 498080274, 26, 0, 1
11811, 498092085, 33, 0, 1
6120, 498098205, 20, 0, 1
5638, 498103843, 21, 0, 1
5642, 498109485, 24, 0, 1
11852, 498121337, 25, 0, 1
6132, 498127469, 21, 0, 1
6114, 498133583, 17, 0, 1
5658, 498139241, 11, 0, 1
11711, 498150952, 31, 0, 1
6151, 498157103, 12, 0, 1
5652, 498162755, 12, 0, 1
5647, 498168402, 19, 0, 1
11768, 498180170, 35, 0, 1
6138, 498186308, 16, 0, 1
5615, 498191923, 17, 0, 1
5657, 498197580, 13, 0, 1
11788, 498209368, 46, 0, 1
6145, 498215513, 16, 0, 1
5651, 498221164, 20, 0, 1
5658, 498226822, 14, 0, 1
11829, 498238651, 56, 0, 1
6138, 498244789, 16, 0, 1
5626, 498250415, 19, 0, 1
5657, 498256072, 16, 0, 1
11763, 498267835, 39, 0, 1
6122, 498273957, 27, 0, 1
5652, 498279609, 17, 0, 1
5639, 498285248, 23, 0, 1
11801, 498297049, 43, 0, 1
6132, 498303181, 21, 0, 1
5658, 498308839, 10, 0, 1
5658, 498314497, 7, 0, 1
11758, 498326255, 32, 0, 1
7513, 498333768, 40, 0, 1
5658, 498339426, 11, 0, 1
5658, 498345084, 9, 0, 1
11799, 498356883, 33, 0, 1
6138, 498363021, 15, 0, 1
5644, 498368665, 24, 0, 1
5658, 498374323, 27, 0, 1
11798, 498386121, 43, 0, 1
6114, 498392235, 27, 0, 1
5634, 498397869, 16, 0, 1
5639, 498403508, 19, 0, 1
11811, 498415319, 48, 0, 1
6114, 498421433, 21, 0, 1
5646, 498427079, 17, 0, 1
5658, 498432737, 15, 0, 1
11845, 498444582, 41, 0, 1
6138, 498450720, 15, 0, 1
5639, 498456359, 23, 0, 1
5658, 498462017, 12, 0, 1
11789, 498473806, 38, 0, 1
6130, 498479936, 29, 0, 1
5636, 498485572, 19, 0, 1
5654, 498491226, 27, 0, 1
11843, 498503069, 28, 0, 1
6125, 498509194, 25, 0, 1
5651, 498514845, 22, 0, 1
5649, 498520494, 21, 0, 1
11818, 498532312, 35, 0, 1
6156, 498538468, 25, 0, 1
5643, 498544111, 25, 0, 1
5658, 498549769, 12, 0, 1
11797, 498561566, 42, 0, 1
6138, 498567704, 15, 0, 1
5658, 498573362, 10, 0, 1
5645, 498579007, 18, 0, 1
11824, 498590831, 37, 0, 1
6130, 498596961, 27, 0, 1
5658, 498602619, 9, 0, 1
5658, 498608277, 9, 0, 1
11780, 498620057, 43, 0, 1
6145, 498626202, 21, 0, 1
5651, 498631853, 24, 0, 1
5660, 498637513, 30, 0, 1
11789, 498649302, 48, 0, 1
6138, 498655440, 16, 0, 1
5621, 498661061, 19, 0, 1
5658, 498666719, 8, 0, 1
11837, 498678556, 35, 0, 1
6138, 498684694, 17, 0, 1
5633, 498690327, 16, 0, 1
5663, 498695990, 18, 0, 1
13146, 498709136, 42, 0, 1
6138, 498715274, 16, 0, 1
5632, 498720906, 18, 0, 1
5646, 498726552, 16, 0, 1
11804, 498738356, 35, 0, 1
6138, 498744494, 15, 0, 1
5656, 498750150, 31, 0, 1
5644, 498755794, 20, 0, 1
11796, 498767590, 42, 0, 1
7039, 498774629, 80, 0, 1
5658, 498780287, 12, 0, 1
5649, 498785936, 16, 0, 1
11758, 498797694, 30, 0, 1
6120, 498803814, 21, 0, 1
5655, 498809469, 21, 0, 1
5656, 498815125, 32, 0, 1
11817, 498826942, 38, 0, 1
6124, 498833066, 26, 0, 1
5616, 498838682, 16, 0, 1
5658, 498844340, 9, 0, 1
11774, 498856114, 34, 0, 1
6146, 498862260, 23, 0, 1
5634, 498867894, 15, 0, 1
5658, 498873552, 10, 0, 1
11806, 498885358, 20, 0, 1
6138, 498891496, 16, 0, 1
5658, 498897154, 8, 0, 1
5658, 498902812, 10, 0, 1
11794, 498914606, 28, 0, 1
6138, 498920744, 17, 0, 1
5638, 498926382, 16, 0, 1
5658, 498932040, 11, 0, 1
11817, 498943857, 38, 0, 1
879164, 499823021, 14706, 274, 5
6728, 499829749, 628, 0, 1
6420, 499836169, 37, 0, 1
20683, 499856852, 567, 9, 1
6686, 499863538, 34, 0, 1
6678, 499870216, 38, 0, 1
14674, 499884890, 162, 3, 1
6303, 499891193, 25, 0, 1
6664, 499897857, 28, 0, 1
3753214, 3753214, 72209, 176, 14
12742703, 16495917, 61696, 2025, 8
19647645, 36143562, 19780, 1156, 3
18804753, 54948315, 24339, 1250, 3
19594961, 74543276, 19239, 1280, 3
19685320, 94228596, 19852, 980, 3
19216796, 113445392, 23309, 1517, 3
18863733, 132309125, 21790, 1342, 3
19327396, 151636521, 19948, 667, 3
19869872, 171506393, 20240, 1434, 3
19553643, 191060036, 23006, 1005, 3
19591096, 210651132, 20375, 1340, 3
19618029, 230269161, 20204, 1787, 3
19518104, 249787265, 20393, 1176, 3
18363152, 268150417, 26658, 979, 3
19296816, 287447233, 19292, 1342, 3
19438118, 306885351, 19534, 1194, 3
19731117, 326616468, 19165, 1587, 3
19793794, 346410262, 20213, 1768, 3
19678864, 366089126, 19201, 1411, 3
19787299, 385876425, 19784, 1315, 3
19691616, 405568041, 19400, 1282, 3
19776638, 425344679, 19488, 800, 3
19796257, 445140936, 19204, 1017, 3
19697419, 464838355, 19223, 1782, 3
18974981, 483813336, 26355, 1700, 3
10772315, 494585651, 22357, 10, 12
1760419, 496346070, 4854, 7, 5
5652, 496351722, 35, 1, 1
5657, 496357379, 20, 0, 1
11812, 496369191, 33, 0, 1
6138, 496375329, 20, 0, 1
5645, 496380974, 20, 0, 1
5657, 496386631, 15, 0, 1
11806, 496398437, 42, 0, 1
6126, 496404563, 22, 0, 1
5657, 496410220, 17, 0, 1
5651, 496415871, 18, 0, 1
11817, 496427688, 32, 0, 1
6138, 496433826, 20, 0, 1
5634, 496439460, 19, 0, 1
5658, 496445118, 12, 0, 1
11810, 496456928, 41, 0, 1
6118, 496463046, 25, 0, 1
5652, 496468698, 12, 0, 1
5650, 496474348, 16, 0, 1
11800, 496486148, 33, 0, 1
6171, 496492319, 25, 0, 1
5657, 496497976, 21, 0, 1
5658, 496503634, 11, 0, 1
11794, 496515428, 36, 0, 1
6126, 496521554, 22, 0, 1
5652, 496527206, 15, 0, 1
5650, 496532856, 16, 0, 1
11818, 496544674, 37, 0, 1
6138, 496550812, 22, 0, 1
5645, 496556457, 18, 0, 1
5658, 496562115, 12, 0, 1
11805, 496573920, 39, 0, 1
6133, 496580053, 24, 0, 1
5658, 496585711, 13, 0, 1
5651, 496591362, 18, 0, 1
13171, 496604533, 119, 0, 1
6138, 496610671, 20, 0, 1
5656, 496616327, 20, 0, 1
5658, 496621985, 11, 0, 1
11783, 496633768, 38, 0, 1
6138, 496639906, 19, 0, 1
5658, 496645564, 10, 0, 1
5658, 496651222, 11, 0, 1
11781, 496663003, 39, 0, 1
6138, 496669141, 19, 0, 1
5645, 496674786, 20, 0, 1
5658, 496680444, 14, 0, 1
11804, 496692248, 44, 0, 1
6138, 496698386, 23, 0, 1
5646, 496704032, 18, 0, 1
5652, 496709684, 15, 0, 1
11780, 496721464, 31, 0, 1
6145, 496727609, 24, 0, 1
5658, 496733267, 14, 0, 1
5658, 496738925, 9, 0, 1
11809, 496750734, 45, 0, 1
6132, 496756866, 23, 0, 1
5640, 496762506, 22, 0, 1
5644, 496768150, 16, 0, 1
11823, 496779973, 38, 0, 1
6138, 496786111, 17, 0, 1
5647, 496791758, 16, 0, 1
5658, 496797416, 13, 0, 1
11816, 496809232, 33, 0, 1
6151, 496815383, 17, 0, 1
5658, 496821041, 13, 0, 1
5658, 496826699, 11, 0, 1
11812, 496838511, 38, 0, 1
6101, 496844612, 23, 0, 1
5633, 496850245, 22, 0, 1
5658, 496855903, 17, 0, 1
13037, 496868940, 100, 0, 1
6651, 496875591, 32, 0, 1
6327, 496881918, 26, 0, 1
5649, 496887567, 23, 0, 1
12269, 496899836, 42, 0, 1
6138, 496905974, 19, 0, 1
15178, 496921152, 337, 0, 1
5658, 496926810, 31, 0, 1
12217, 496939027, 42, 0, 1
6116, 496945143, 14, 0, 1
6116, 496951259, 23, 0, 1
6116, 496957375, 17, 0, 1
12235, 496969610, 43, 0, 1
6104, 496975714, 20, 0, 1
6110, 496981824, 25, 0, 1
6116, 496987940, 21, 0, 1
13591, 497001531, 54, 0, 1
6116, 497007647, 17, 0, 1
6068, 497013715, 26, 0, 1
5652, 497019367, 22, 0, 1
12235, 497031602, 39, 0, 1
6116, 497037718, 21, 0, 1
5658, 497043376, 12, 0, 1
5658, 497049034, 10, 0, 1
11806, 497060840, 32, 0, 1
6150, 497066990, 24, 0, 1
5634, 497072624, 15, 0, 1
5639, 497078263, 17, 0, 1
11816, 497090079, 30, 0, 1
6132, 497096211, 18, 0, 1
5646, 497101857, 15, 0, 1
5657, 497107514, 12, 0, 1
11828, 497119342, 38, 0, 1
6137, 497125479, 24, 0, 1
5640, 497131119, 21, 0, 1
5652, 497136771, 12, 0, 1
11818, 497148589, 21, 0, 1
6138, 497154727, 16, 0, 1
5658, 497160385, 10, 0, 1
5658, 497166043, 7, 0, 1
11819, 497177862, 27, 0, 1
6131, 497183993, 23, 0, 1
5658, 497189651, 14, 0, 1
5640, 497195291, 12, 0, 1
11799, 497207090, 29, 0, 1
6151, 497213241, 18, 0, 1
5657, 497218898, 22, 0, 1
5658, 497224556, 14, 0, 1
11781, 497236337, 33, 0, 1
6119, 497242456, 23, 0, 1
5652, 497248108, 15, 0, 1
5652, 497253760, 18, 0, 1
11831, 497265591, 29, 0, 1
6145, 497271736, 13, 0, 1
5658, 497277394, 12, 0, 1
5658, 497283052, 15, 0, 1
11797, 497294849, 36, 0, 1
6121, 497300970, 23, 0, 1
5651, 497306621, 16, 0, 1
5651, 497312272, 19, 0, 1
11804, 497324076, 31, 0, 1
6120, 497330196, 20, 0, 1
5640, 497335836, 17, 0, 1
5663, 497341499, 18, 0, 1
11831, 497353330, 18, 0, 1
6138, 497359468, 16, 0, 1
5616, 497365084, 19, 0, 1
7029, 497372113, 31, 0, 1
11805, 497383918, 31, 0, 1
6132, 497390050, 18, 0, 1
5658, 497395708, 12, 0, 1
5658, 497401366, 10, 0, 1
11819, 497413185, 29, 0, 1
6105, 497419290, 33, 0, 1
5652, 497424942, 15, 0, 1
5651, 497430593, 14, 0, 1
11793, 497442386, 35, 0, 1
6151, 497448537, 19, 0, 1
5652, 497454189, 14, 0, 1
5657, 497459846, 14, 0, 1
11796, 497471642, 41, 0, 1
6132, 497477774, 25, 0, 1
5651, 497483425, 15, 0, 1
5652, 497489077, 18, 0, 1
11823, 497500900, 34, 0, 1
6132, 497507032, 19, 0, 1
5646, 497512678, 19, 0, 1
5652, 497518330, 16, 0, 1
11788, 497530118, 36, 0, 1
6150, 497536268, 24, 0, 1
5652, 497541920, 15, 0, 1
5652, 497547572, 19, 0, 1
11811, 497559383, 41, 0, 1
6132, 497565515, 20, 0, 1
5627, 497571142, 20, 0, 1
5651, 497576793, 13, 0, 1
11806, 497588599, 36, 0, 1
6120, 497594719, 20, 0, 1
5646, 497600365, 19, 0, 1
5651, 497606016, 14, 0, 1
11818, 497617834, 27, 0, 1
6138, 497623972, 20, 0, 1
5652, 497629624, 13, 0, 1
5650, 497635274, 17, 0, 1
11826, 497647100, 25, 0, 1
6132, 497653232, 22, 0, 1
5657, 497658889, 22, 0, 1
5658, 497664547, 10, 0, 1
11815, 497676362, 32, 1, 1
14333, 497690695, 256, 22, 1
5652, 497696347, 26, 0, 1
5658, 497702005, 13, 0, 1
11806, 497713811, 25, 0, 1
6138, 497719949, 18, 0, 1
5644, 497725593, 28, 0, 1
11825, 497737418, 30, 0, 1
5657, 497743075, 18, 0, 1
6102, 497749177, 23, 0, 1
7005, 497756182, 33, 0, 1
11769, 497767951, 34, 0, 1
5652, 497773603, 17, 0, 1
6151, 497779754, 17, 0, 1
6115, 497785869, 23, 0, 1
11789, 497797658, 30, 0, 1
5657, 497803315, 14, 0, 1
6127, 497809442, 23, 0, 1
5639, 497815081, 20, 0, 1
12717, 497827798, 106, 2, 1
5658, 497833456, 13, 0, 1
6132, 497839588, 20, 0, 1
5646, 497845234, 11, 0, 1
11798, 497857032, 38, 0, 1
5658, 497862690, 12, 0, 1
6132, 497868822, 18, 0, 1
5646, 497874468, 11, 0, 1
11824, 497886292, 32, 0, 1
5658, 497891950, 8, 0, 1
6132, 497898082, 17, 0, 1
5640, 497903722, 14, 0, 1
11818, 497915540, 23, 0, 1
5658, 497921198, 12, 0, 1
6121, 497927319, 21, 0, 1
5658, 497932977, 8, 0, 1
11794, 497944771, 30, 0, 1
5656, 497950427, 17, 0, 1
6132, 497956559, 13, 0, 1
5658, 497962217, 12, 0, 1
11806, 497974023, 30, 0, 1
5658, 497979681, 15, 0, 1
6126, 497985807, 22, 0, 1
5652, 497991459, 10, 0, 1
11781, 498003240, 32, 0, 1
5652, 498008892, 16, 0, 1
6158, 498015050, 29, 0, 1
5652, 498020702, 13, 0, 1
11805, 498032507, 31, 0, 1
5652, 498038159, 14, 0, 1
6101, 498044260, 22, 0, 1
5651, 498049911, 15, 0, 1
11829, 498061740, 44, 0, 1
5652, 498067392, 19, 0, 1
6132, 498073524, 15, 0, 1
5652, 498079176, 18, 0, 1
11817, 498090993, 25, 0, 1
5652, 498096645, 16, 0, 1
6138, 498102783, 15, 0, 1
5658, 498108441, 14, 0, 1
11819, 498120260, 22, 0, 1
5657, 498125917, 20, 0, 1
7509, 498133426, 33, 0, 1
5652, 498139078, 15, 0, 1
11803, 498150881, 39, 0, 1
5658, 498156539, 14, 0, 1
6127, 498162666, 24, 0, 1
5658, 498168324, 13, 0, 1
11788, 498180112, 34, 0, 1
5651, 498185763, 15, 0, 1
6132, 498191895, 22, 0, 1
5646, 498197541, 15, 0, 1
11829, 498209370, 31, 0, 1
5651, 498215021, 15, 0, 1
6126, 498221147, 21, 0, 1
5652, 498226799, 15, 0, 1
11787, 498238586, 34, 0, 1
5657, 498244243, 19, 0, 1
6151, 498250394, 24, 0, 1
5651, 498256045, 16, 0, 1
11809, 498267854, 37, 0, 1
5657, 498273511, 18, 0, 1
6112, 498279623, 19, 0, 1
5651, 498285274, 12, 0, 1
11800, 498297074, 38, 0, 1
5658, 498302732, 18, 0, 1
6138, 498308870, 18, 0, 1
5664, 498314534, 25, 0, 1
11811, 498326345, 32, 0, 1
5652, 498331997, 14, 0, 1
6138, 498338135, 14, 0, 1
5646, 498343781, 13, 0, 1
11805, 498355586, 38, 0, 1
5645, 498361231, 18, 0, 1
6132, 498367363, 19, 0, 1
5645, 498373008, 18, 0, 1
11822, 498384830, 34, 0, 1
5651, 498390481, 14, 0, 1
6158, 498396639, 20, 0, 1
5658, 498402297, 13, 0, 1
11799, 498414096, 39, 0, 1
5640, 498419736, 17, 0, 1
6138, 498425874, 19, 0, 1
5652, 498431526, 21, 0, 1
11818, 498443344, 31, 0, 1
5657, 498449001, 17, 0, 1
6132, 498455133, 24, 0, 1
5658, 498460791, 12, 0, 1
11799, 498472590, 39, 0, 1
5646, 498478236, 18, 0, 1
6151, 498484387, 17, 0, 1
5651, 498490038, 16, 0, 1
11811, 498501849, 29, 0, 1
7026, 498508875, 45, 0, 1
6101, 498514976, 25, 0, 1
5658, 498520634, 13, 0, 1
11813, 498532447, 26, 0, 1
5657, 498538104, 18, 0, 1
6138, 498544242, 18, 0, 1
5646, 498549888, 16, 0, 1
11817, 498561705, 26, 0, 1
5651, 498567356, 15, 0, 1
6132, 498573488, 18, 0, 1
5640, 498579128, 14, 0, 1
425867, 499004995, 6448, 92, 1
485455, 499490450, 9343, 136, 5
6699, 499497149, 53, 0, 1
6438, 499503587, 26, 0, 1
18980, 499522567, 403, 9, 1
6670, 499529237, 44, 0, 1
6723, 499535960, 26, 0, 1
6808, 499542768, 20, 0, 1
13982, 499556750, 158, 1, 1
3589149, 3589149, 71515, 211, 14
12125251, 15714400, 62095, 1907, 8
19582629, 35297029, 18393, 1285, 3
18794833, 54091862, 24826, 1223, 3
19618041, 73709903, 18490, 1278, 3
19665705, 93375608, 18705, 964, 3
19571056, 112946664, 18422, 1093, 3
18477320, 131423984, 24730, 1872, 3
19240816, 150664800, 18725, 627, 3
19852384, 170517184, 18858, 1347, 3
19602052, 190119236, 20830, 878, 3
19464173, 209583409, 20596, 1492, 3
19607444, 229190853, 19089, 1775, 3
19617244, 248808097, 18944, 1159, 3
18295634, 267103731, 25361, 943, 3
19259049, 286362780, 20045, 1430, 3
19412684, 305775464, 19699, 1029, 3
19731973, 325507437, 19650, 1726, 3
19828514, 345335951, 20157, 1720, 3
19602106, 364938057, 20518, 1277, 3
19851794, 384789851, 19360, 1323, 3
19706552, 404496403, 18914, 1197, 3
19897033, 424393436, 20792, 810, 3
19793005, 444186441, 19710, 956, 3
19673133, 463859574, 19739, 1839, 3
19516436, 483376010, 21041, 1610, 3
10591668, 493967678, 27951, 12, 12
2369262, 496336940, 5946, 18, 5
5632, 496342572, 30, 0, 1
5648, 496348220, 29, 0, 1
11813, 496360033, 28, 0, 1
6107, 496366140, 29, 0, 1
5634, 496371774, 18, 0, 1
5657, 496377431, 15, 0, 1
11797, 496389228, 38, 0, 1
6151, 496395379, 14, 0, 1
5652, 496401031, 16, 0, 1
5652, 496406683, 13, 0, 1
11793, 496418476, 44, 0, 1
6126, 496424602, 22, 0, 1
5661, 496430263, 28, 0, 1
5640, 496435903, 20, 0, 1
11780, 496447683, 47, 0, 1
6138, 496453821, 22, 0, 1
5632, 496459453, 23, 0, 1
5658, 496465111, 14, 0, 1
11797, 496476908, 57, 0, 1
6151, 496483059, 20, 0, 1
5658, 496488717, 14, 0, 1
5658, 496494375, 18, 0, 1
11805, 496506180, 41, 0, 1
6126, 496512306, 22, 0, 1
5653, 496517959, 21, 0, 1
5658, 496523617, 14, 0, 1
11800, 496535417, 52, 0, 1
6096, 496541513, 28, 0, 1
5657, 496547170, 17, 0, 1
5658, 496552828, 16, 0, 1
11805, 496564633, 65, 0, 1
6137, 496570770, 32, 0, 1
5657, 496576427, 21, 0, 1
5658, 496582085, 11, 0, 1
11829, 496593914, 50, 0, 1
6145, 496600059, 17, 0, 1
5652, 496605711, 18, 0, 1
5657, 496611368, 16, 0, 1
11745, 496623113, 36, 0, 1
6151, 496629264, 17, 0, 1
5658, 496634922, 13, 0, 1
5635, 496640557, 26, 0, 1
11804, 496652361, 37, 0, 1
6130, 496658491, 24, 0, 1
7002, 496665493, 107, 0, 1
5658, 496671151, 13, 0, 1
11794, 496682945, 39, 0, 1
6096, 496689041, 22, 0, 1
5658, 496694699, 14, 0, 1
5658, 496700357, 42, 1, 1
11790, 496712147, 61, 0, 1
6151, 496718298, 17, 0, 1
5654, 496723952, 24, 0, 1
5658, 496729610, 11, 0, 1
11817, 496741427, 38, 0, 1
6138, 496747565, 18, 0, 1
5632, 496753197, 17, 0, 1
5658, 496758855, 10, 0, 1
11788, 496770643, 34, 0, 1
6102, 496776745, 23, 0, 1
5656, 496782401, 30, 0, 1
5627, 496788028, 19, 0, 1
11804, 496799832, 42, 0, 1
6128, 496805960, 30, 0, 1
5652, 496811612, 16, 0, 1
5652, 496817264, 16, 0, 1
11830, 496829094, 40, 0, 1
6138, 496835232, 20, 0, 1
5622, 496840854, 23, 0, 1
5658, 496846512, 10, 0, 1
12986, 496859498, 103, 0, 1
6653, 496866151, 31, 0, 1
6303, 496872454, 16, 0, 1
5641, 496878095, 24, 0, 1
12275, 496890370, 35, 0, 1
6132, 496896502, 19, 0, 1
6079, 496902581, 25, 0, 1
5646, 496908227, 28, 0, 1
12267, 496920494, 36, 0, 1
6109, 496926603, 27, 0, 1
6085, 496932688, 26, 0, 1
6116, 496938804, 19, 0, 1
12202, 496951006, 33, 0, 1
6125, 496957131, 33, 0, 1
6095, 496963226, 30, 0, 1
6116, 496969342, 16, 0, 1
12225, 496981567, 50, 0, 1
6098, 496987665, 19, 0, 1
6074, 496993739, 24, 0, 1
5638, 496999377, 23, 0, 1
21305, 497020682, 386, 0, 1
6110, 497026792, 28, 0, 1
5641, 497032433, 27, 0, 1
5658, 497038091, 8, 0, 1
11784, 497049875, 51, 0, 1
7515, 497057390, 39, 0, 1
5652, 497063042, 11, 0, 1
5657, 497068699, 18, 0, 1
11794, 497080493, 32, 0, 1
6106, 497086599, 25, 0, 1
5658, 497092257, 11, 0, 1
5652, 497097909, 14, 0, 1
11791, 497109700, 41, 0, 1
6151, 497115851, 14, 0, 1
5658, 497121509, 9, 0, 1
5658, 497127167, 7, 0, 1
11821, 497138988, 50, 0, 1
6132, 497145120, 21, 0, 1
5639, 497150759, 16, 0, 1
5649, 497156408, 27, 0, 1
11831, 497168239, 23, 0, 1
6113, 497174352, 22, 0, 1
5633, 497179985, 25, 0, 1
5658, 497185643, 13, 0, 1
11787, 497197430, 35, 0, 1
7027, 497204457, 89, 1, 1
5652, 497210109, 16, 0, 1
5658, 497215767, 7, 0, 1
11764, 497227531, 31, 0, 1
6131, 497233662, 25, 0, 1
5544, 497239206, 17, 0, 1
5657, 497244863, 24, 0, 1
11815, 497256678, 34, 0, 1
6138, 497262816, 17, 0, 1
5656, 497268472, 25, 0, 1
5636, 497274108, 23, 0, 1
11805, 497285913, 28, 0, 1
6127, 497292040, 25, 0, 1
5658, 497297698, 12, 0, 1
5615, 497303313, 18, 0, 1
11831, 497315144, 18, 0, 1
6138, 497321282, 12, 0, 1
5627, 497326909, 19, 0, 1
5658, 497332567, 16, 0, 1
11798, 497344365, 38, 0, 1
6158, 497350523, 16, 0, 1
5662, 497356185, 19, 0, 1
5662, 497361847, 23, 0, 1
11809, 497373656, 34, 0, 1
6138, 497379794, 14, 0, 1
5615, 497385409, 20, 0, 1
5652, 497391061, 12, 0, 1
11830, 497402891, 34, 0, 1
6138, 497409029, 18, 0, 1
5627, 497414656, 19, 0, 1
5644, 497420300, 28, 0, 1
13189, 497433489, 40, 0, 1
6144, 497439633, 29, 0, 1
5622, 497445255, 20, 0, 1
5650, 497450905, 15, 0, 1
11806, 497462711, 27, 0, 1
6138, 497468849, 14, 0, 1
5616, 497474465, 20, 0, 1
5652, 497480117, 13, 0, 1
11794, 497491911, 29, 0, 1
6100, 497498011, 23, 0, 1
5644, 497503655, 18, 0, 1
5658, 497509313, 8, 0, 1
11772, 497521085, 46, 0, 1
6131, 497527216, 18, 0, 1
5665, 497532881, 28, 0, 1
5645, 497538526, 26, 0, 1
11786, 497550312, 46, 0, 1
6115, 497556427, 28, 0, 1
5655, 497562082, 25, 0, 1
5658, 497567740, 17, 0, 1
11786, 497579526, 45, 0, 1
6151, 497585677, 17, 0, 1
5640, 497591317, 13, 0, 1
5658, 497596975, 10, 0, 1
11821, 497608796, 40, 0, 1
6138, 497614934, 15, 0, 1
5627, 497620561, 20, 0, 1
5651, 497626212, 15, 0, 1
11811, 497638023, 31, 0, 1
6138, 497644161, 16, 0, 1
5658, 497649819, 11, 0, 1
5658, 497655477, 10, 0, 1
11786, 497667263, 37, 0, 1
6121, 497673384, 22, 0, 1
5639, 497679023, 14, 0, 1
5658, 497684681, 11, 0, 1
11768, 497696449, 41, 0, 1
6138, 497702587, 17, 0, 1
5637, 497708224, 22, 0, 1
5658, 497713882, 22, 0, 1
11807, 497725689, 34, 0, 1
6108, 497731797, 22, 0, 1
5643, 497737440, 28, 0, 1
5646, 497743086, 14, 0, 1
11805, 497754891, 38, 0, 1
6130, 497761021, 33, 0, 1
6110, 497767131, 30, 0, 1
5658, 497772789, 11, 0, 1
11776, 497784565, 47, 0, 1
6138, 497790703, 16, 0, 1
5658, 497796361, 14, 0, 1
5658, 497802019, 8, 0, 1
13163, 497815182, 59, 0, 1
6164, 497821346, 15, 0, 1
5655, 497827001, 23, 0, 1
5615, 497832616, 20, 0, 1
11812, 497844428, 30, 0, 1
6113, 497850541, 28, 0, 1
5622, 497856163, 25, 0, 1
5656, 497861819, 17, 0, 1
11831, 497873650, 21, 0, 1
6138, 497879788, 16, 0, 1
5658, 497885446, 15, 0, 1
5657, 497891103, 21, 0, 1
11769, 497902872, 42, 0, 1
6148, 497909020, 26, 0, 1
5658, 497914678, 11, 0, 1
5658, 497920336, 12, 0, 1
11803, 497932139, 32, 0, 1
6138, 497938277, 15, 0, 1
5658, 497943935, 11, 0, 1
5658, 497949593, 12, 0, 1
11820, 497961413, 43, 0, 1
6125, 497967538, 26, 0, 1
5627, 497973165, 24, 0, 1
5651, 497978816, 23, 0, 1
11775, 497990591, 39, 0, 1
6120, 497996711, 22, 0, 1
5633, 498002344, 13, 0, 1
5663, 498008007, 26, 0, 1
11813, 498019820, 33, 0, 1
6132, 498025952, 21, 0, 1
5652, 498031604, 14, 0, 1
5658, 498037262, 9, 0, 1
11818, 498049080, 49, 0, 1
6151, 498055231, 17, 0, 1
5639, 498060870, 19, 0, 1
5638, 498066508, 30, 0, 1
11757, 498078265, 46, 0, 1
6097, 498084362, 17, 0, 1
5632, 498089994, 18, 0, 1
5652, 498095646, 22, 0, 1
11825, 498107471, 38, 0, 1
6138, 498113609, 15, 0, 1
5637, 498119246, 22, 0, 1
5658, 498124904, 8, 0, 1
11805, 498136709, 39, 0, 1
6151, 498142860, 16, 0, 1
5627, 498148487, 20, 0, 1
5658, 498154145, 10, 0, 1
11809, 498165954, 42, 0, 1
6132, 498172086, 20, 0, 1
5652, 498177738, 14, 0, 1
7033, 498184771, 42, 0, 1
11845, 498196616, 29, 0, 1
6119, 498202735, 30, 0, 1
5634, 498208369, 19, 0, 1
5658, 498214027, 12, 0, 1
11818, 498225845, 18, 0, 1
6138, 498231983, 17, 0, 1
5646, 498237629, 17, 0, 1
5658, 498243287, 12, 0, 1
11835, 498255122, 30, 0, 1
6132, 498261254, 33, 0, 1
5640, 498266894, 15, 0, 1
5658, 498272552, 12, 0, 1
11800, 498284352, 19, 0, 1
6151, 498290503, 15, 0, 1
5615, 498296118, 18, 0, 1
11784, 498307902, 41, 0, 1
5658, 498313560, 10, 0, 1
6138, 498319698, 14, 0, 1
5615, 498325313, 19, 0, 1
11805, 498337118, 39, 0, 1
5644, 498342762, 22, 0, 1
6108, 498348870, 27, 0, 1
5616, 498354486, 15, 0, 1
11809, 498366295, 29, 0, 1
5650, 498371945, 19, 0, 1
6151, 498378096, 15, 0, 1
5661, 498383757, 23, 0, 1
11812, 498395569, 24, 0, 1
5652, 498401221, 13, 0, 1
6126, 498407347, 21, 0, 1
5658, 498413005, 13, 0, 1
11823, 498424828, 36, 0, 1
5658, 498430486, 14, 0, 1
6120, 498436606, 22, 0, 1
5652, 498442258, 12, 0, 1
11786, 498454044, 30, 0, 1
5644, 498459688, 19, 0, 1
6123, 498465811, 32, 0, 1
5658, 498471469, 9, 0, 1
11818, 498483287, 26, 0, 1
5662, 498488949, 20, 0, 1
6138, 498495087, 18, 0, 1
5628, 498500715, 19, 0, 1
11818, 498512533, 20, 0, 1
5650, 498518183, 22, 0, 1
6131, 498524314, 32, 0, 1
5658, 498529972, 8, 0, 1
11794, 498541766, 25, 0, 1
5658, 498547424, 8, 0, 1
6132, 498553556, 15, 0, 1
7017, 498560573, 31, 0, 1
11830, 498572403, 34, 0, 1
5658, 498578061, 12, 0, 1
897282, 499475343, 14541, 272, 5
8088, 499483431, 758, 1, 1
13146, 499496577, 87, 0, 1
6662, 499503239, 28, 0, 1
11891, 499515130, 403, 13, 1
6663, 499521793, 55, 0, 1
13133, 499534926, 45, 0, 1
7988, 499542914, 148, 3, 1
6591, 499549505, 41, 0, 1
