23, 1, 4166903, 833380.400
20, 4166904, 11884621, 1543543.400
17, 11884622, 28383487, 1649886.500
26, 28383488, 34962761, 1315854.600
10, 34962762, 55167633, 2020487.100
3, 55167634, 322916080, 2549985.200
1, 322916081, 335186183, 2454020.400
3, 335186184, 347490914, 2460946.000
1, 347490915, 688243173, 2350015.572
9, 688243174, 699446956, 2240756.400
1, 699446957, 710667104, 2244029.400
9, 710667105, 721852557, 2237090.400
1, 721852558, 733057929, 2241074.200
9, 733057930, 1283028692, 2156748.086
24, 1283028693, 1291777788, 1749819.000
8, 1291777789, 1568684363, 1350763.776
5, 1568684364, 1572169090, 696945.200
7, 1572169091, 1602075575, 498441.400
5, 1602075576, 1642271238, 803913.240
2, 1642271239, 1643292085, 204169.200
25, 1643292086, 1655581833, 2457949.400
2, 1655581834, 1655627921, 9217.400
6, 1655627922, 1655646707, 1878.500
2, 1655646708, 1655853770, 41412.400
