2090534, 2090534, 46803, 565, 4
8369197, 10459731, 80221, 5995, 17
19224135, 29683866, 19246, 3974, 7
19179409, 48863275, 23248, 4340, 11
18962035, 67825310, 18365, 2560, 7
19596264, 87421574, 18439, 2439, 7
19407235, 106828809, 19504, 3988, 7
18955052, 125783861, 24903, 5275, 11
15074735, 140858596, 15451, 3402, 19
4171871, 145030467, 4626, 362, 6
19588654, 164619121, 19069, 3627, 7
19556677, 184175798, 21708, 2718, 7
19422158, 203597956, 18727, 3188, 7
19510772, 223108728, 18979, 4338, 11
18818905, 241927633, 19947, 1996, 3
18778361, 260705994, 25009, 4266, 11
19627119, 280333113, 19076, 3210, 7
19597637, 299930750, 18162, 3289, 7
19715790, 319646540, 18680, 4289, 11
19654901, 339301441, 19834, 4051, 7
19681818, 358983259, 19110, 4108, 7
19601859, 378585118, 19447, 3721, 7
19666402, 398251520, 18865, 3147, 7
19696590, 417948110, 19500, 3172, 7
19611602, 437559712, 18725, 3675, 7
19590837, 457150549, 18713, 4451, 11
19565693, 476716242, 19116, 4951, 11
15004603, 491720845, 30623, 1830, 19
5040424, 496761269, 9713, 116, 6
6137, 496767406, 289, 4, 1
6096, 496773502, 34, 0, 1
11772, 496785274, 42, 0, 1
5651, 496790925, 14, 0, 1
5651, 496796576, 17, 0, 1
6136, 496802712, 20, 0, 1
11772, 496814484, 36, 0, 1
5639, 496820123, 14, 0, 1
5652, 496825775, 13, 0, 1
6148, 496831923, 23, 0, 1
11772, 496843695, 33, 0, 1
5652, 496849347, 15, 0, 1
7022, 496856369, 100, 0, 1
6136, 496862505, 23, 0, 1
11814, 496874319, 35, 0, 1
5652, 496879971, 15, 0, 1
5652, 496885623, 16, 0, 1
6142, 496891765, 20, 0, 1
11784, 496903549, 35, 0, 1
5658, 496909207, 12, 0, 1
5658, 496914865, 9, 0, 1
6167, 496921032, 17, 0, 1
11796, 496932828, 20, 0, 1
5658, 496938486, 12, 0, 1
5658, 496944144, 11, 0, 1
6160, 496950304, 16, 0, 1
11795, 496962099, 25, 0, 1
5652, 496967751, 14, 0, 1
5651, 496973402, 17, 0, 1
6166, 496979568, 23, 0, 1
11796, 496991364, 18, 0, 1
5658, 496997022, 10, 0, 1
5652, 497002674, 13, 0, 1
11792, 497014466, 38, 0, 1
6151, 497020617, 20, 0, 1
5658, 497026275, 11, 0, 1
5651, 497031926, 14, 0, 1
11811, 497043737, 30, 0, 1
6138, 497049875, 15, 0, 1
5634, 497055509, 14, 0, 1
5652, 497061161, 13, 0, 1
11799, 497072960, 36, 0, 1
6107, 497079067, 21, 0, 1
5652, 497084719, 14, 0, 1
5657, 497090376, 18, 0, 1
11815, 497102191, 35, 0, 1
6152, 497108343, 18, 0, 1
5644, 497113987, 18, 0, 1
5657, 497119644, 18, 0, 1
11774, 497131418, 29, 0, 1
6132, 497137550, 19, 0, 1
5652, 497143202, 14, 0, 1
5652, 497148854, 13, 0, 1
11812, 497160666, 34, 0, 1
6138, 497166804, 18, 0, 1
5628, 497172432, 17, 0, 1
5657, 497178089, 17, 0, 1
11794, 497189883, 32, 0, 1
6125, 497196008, 23, 0, 1
5658, 497201666, 11, 0, 1
5656, 497207322, 18, 0, 1
11831, 497219153, 29, 0, 1
6138, 497225291, 16, 0, 1
7035, 497232326, 24, 0, 1
5658, 497237984, 10, 0, 1
11812, 497249796, 24, 0, 1
6151, 497255947, 16, 0, 1
5658, 497261605, 12, 0, 1
5658, 497267263, 11, 0, 1
11984, 497279247, 47, 0, 1
6653, 497285900, 65, 0, 1
6333, 497292233, 30, 0, 1
5642, 497297875, 18, 0, 1
22071, 497319946, 368, 1, 1
6576, 497326522, 42, 0, 1
6116, 497332638, 23, 0, 1
5658, 497338296, 14, 0, 1
12235, 497350531, 37, 0, 1
6135, 497356666, 21, 0, 1
6116, 497362782, 16, 0, 1
6116, 497368898, 19, 0, 1
12201, 497381099, 43, 0, 1
6104, 497387203, 19, 0, 1
6068, 497393271, 24, 0, 1
6086, 497399357, 25, 0, 1
12244, 497411601, 40, 0, 1
6116, 497417717, 17, 0, 1
6092, 497423809, 22, 0, 1
6107, 497429916, 23, 0, 1
12194, 497442110, 41, 0, 1
6110, 497448220, 17, 0, 1
6121, 497454341, 25, 0, 1
5658, 497459999, 12, 0, 1
11767, 497471766, 43, 0, 1
6119, 497477885, 21, 0, 1
5650, 497483535, 23, 0, 1
5658, 497489193, 19, 0, 1
11812, 497501005, 27, 0, 1
6164, 497507169, 18, 0, 1
5628, 497512797, 20, 0, 1
5658, 497518455, 10, 0, 1
11818, 497530273, 20, 0, 1
6138, 497536411, 17, 0, 1
5658, 497542069, 11, 0, 1
5658, 497547727, 11, 0, 1
11787, 497559514, 38, 0, 1
6132, 497565646, 19, 0, 1
5622, 497571268, 23, 0, 1
5658, 497576926, 14, 0, 1
11802, 497588728, 44, 0, 1
6139, 497594867, 23, 0, 1
5652, 497600519, 15, 0, 1
5655, 497606174, 21, 0, 1
11805, 497617979, 38, 0, 1
7522, 497625501, 47, 0, 1
5639, 497631140, 21, 0, 1
5658, 497636798, 14, 0, 1
11819, 497648617, 34, 0, 1
6120, 497654737, 17, 0, 1
5652, 497660389, 15, 0, 1
5651, 497666040, 14, 0, 1
11804, 497677844, 33, 0, 1
6132, 497683976, 19, 0, 1
5658, 497689634, 13, 0, 1
5652, 497695286, 14, 0, 1
11782, 497707068, 39, 0, 1
6119, 497713187, 32, 0, 1
5658, 497718845, 13, 0, 1
5652, 497724497, 20, 0, 1
11818, 497736315, 21, 0, 1
6150, 497742465, 24, 0, 1
5645, 497748110, 18, 0, 1
5652, 497753762, 15, 0, 1
11768, 497765530, 35, 0, 1
6114, 497771644, 23, 0, 1
5640, 497777284, 17, 0, 1
5634, 497782918, 19, 0, 1
11831, 497794749, 22, 0, 1
6138, 497800887, 17, 0, 1
5658, 497806545, 14, 0, 1
5658, 497812203, 8, 0, 1
11818, 497824021, 23, 0, 1
6151, 497830172, 16, 0, 1
5658, 497835830, 15, 0, 1
5658, 497841488, 14, 0, 1
11818, 497853306, 27, 0, 1
6138, 497859444, 17, 0, 1
5658, 497865102, 13, 0, 1
5652, 497870754, 16, 0, 1
11836, 497882590, 35, 0, 1
6130, 497888720, 23, 0, 1
5646, 497894366, 15, 0, 1
5657, 497900023, 16, 0, 1
11812, 497911835, 21, 0, 1
6138, 497917973, 17, 0, 1
5658, 497923631, 11, 0, 1
5645, 497929276, 19, 0, 1
11818, 497941094, 24, 0, 1
6138, 497947232, 15, 0, 1
5628, 497952860, 16, 0, 1
5652, 497958512, 14, 0, 1
11805, 497970317, 30, 0, 1
6145, 497976462, 18, 0, 1
5652, 497982114, 16, 0, 1
5651, 497987765, 17, 0, 1
13191, 498000956, 61, 0, 1
6138, 498007094, 18, 0, 1
5627, 498012721, 18, 0, 1
5657, 498018378, 21, 0, 1
11824, 498030202, 33, 0, 1
6132, 498036334, 21, 0, 1
5652, 498041986, 14, 0, 1
5657, 498047643, 23, 0, 1
11777, 498059420, 40, 0, 1
6138, 498065558, 26, 0, 1
5652, 498071210, 13, 0, 1
5652, 498076862, 20, 0, 1
11817, 498088679, 28, 0, 1
6138, 498094817, 15, 0, 1
5658, 498100475, 15, 0, 1
5658, 498106133, 9, 0, 1
11831, 498117964, 24, 0, 1
6137, 498124101, 25, 0, 1
5646, 498129747, 15, 0, 1
5658, 498135405, 17, 0, 1
11818, 498147223, 26, 0, 1
6126, 498153349, 20, 0, 1
5634, 498158983, 22, 0, 1
5657, 498164640, 18, 0, 1
11800, 498176440, 32, 0, 1
6107, 498182547, 29, 0, 1
5658, 498188205, 15, 0, 1
5658, 498193863, 10, 0, 1
11818, 498205681, 22, 0, 1
6151, 498211832, 15, 0, 1
6114, 498217946, 22, 0, 1
5658, 498223604, 14, 0, 1
11760, 498235364, 36, 0, 1
6138, 498241502, 17, 0, 1
5615, 498247117, 21, 0, 1
5658, 498252775, 13, 0, 1
11844, 498264619, 29, 0, 1
6138, 498270757, 18, 0, 1
5658, 498276415, 14, 0, 1
5658, 498282073, 12, 0, 1
11780, 498293853, 40, 0, 1
6151, 498300004, 19, 0, 1
5623, 498305627, 20, 0, 1
5651, 498311278, 16, 0, 1
11795, 498323073, 31, 0, 1
6131, 498329204, 23, 0, 1
5651, 498334855, 20, 0, 1
5656, 498340511, 23, 0, 1
11818, 498352329, 30, 0, 1
6139, 498358468, 18, 0, 1
5645, 498364113, 17, 0, 1
5658, 498369771, 16, 0, 1
13195, 498382966, 33, 0, 1
6138, 498389104, 16, 0, 1
5634, 498394738, 16, 0, 1
5658, 498400396, 11, 0, 1
11783, 498412179, 31, 0, 1
6138, 498418317, 18, 0, 1
5640, 498423957, 13, 0, 1
5658, 498429615, 19, 0, 1
11812, 498441427, 20, 0, 1
6121, 498447548, 22, 0, 1
5652, 498453200, 16, 0, 1
5658, 498458858, 14, 0, 1
11818, 498470676, 26, 0, 1
6132, 498476808, 17, 0, 1
5645, 498482453, 21, 0, 1
5658, 498488111, 13, 0, 1
11781, 498499892, 35, 0, 1
6102, 498505994, 24, 0, 1
5651, 498511645, 16, 0, 1
5657, 498517302, 21, 0, 1
11817, 498529119, 25, 0, 1
6139, 498535258, 14, 0, 1
5645, 498540903, 20, 0, 1
5658, 498546561, 14, 0, 1
11780, 498558341, 37, 0, 1
6126, 498564467, 19, 0, 1
5640, 498570107, 20, 0, 1
5651, 498575758, 18, 0, 1
11823, 498587581, 35, 0, 1
6144, 498593725, 27, 0, 1
5651, 498599376, 15, 0, 1
5658, 498605034, 11, 0, 1
11806, 498616840, 23, 0, 1
6138, 498622978, 18, 0, 1
5640, 498628618, 21, 0, 1
5652, 498634270, 17, 0, 1
11857, 498646127, 25, 0, 1
6138, 498652265, 18, 0, 1
5658, 498657923, 14, 0, 1
5658, 498663581, 14, 0, 1
11811, 498675392, 33, 0, 1
6125, 498681517, 22, 0, 1
5657, 498687174, 14, 0, 1
5652, 498692826, 18, 0, 1
11804, 498704630, 38, 0, 1
6132, 498710762, 18, 0, 1
5640, 498716402, 15, 0, 1
5658, 498722060, 12, 0, 1
11816, 498733876, 43, 0, 1
6132, 498740008, 21, 0, 1
5658, 498745666, 12, 0, 1
7028, 498752694, 27, 0, 1
11784, 498764478, 36, 0, 1
6149, 498770627, 26, 0, 1
5652, 498776279, 16, 0, 1
5658, 498781937, 11, 0, 1
11817, 498793754, 24, 0, 1
6138, 498799892, 17, 0, 1
5658, 498805550, 12, 0, 1
5658, 498811208, 11, 0, 1
11811, 498823019, 34, 0, 1
6120, 498829139, 21, 0, 1
5640, 498834779, 11, 0, 1
5658, 498840437, 12, 0, 1
11805, 498852242, 26, 0, 1
6132, 498858374, 22, 0, 1
5657, 498864031, 27, 0, 1
5658, 498869689, 14, 0, 1
11804, 498881493, 40, 0, 1
6138, 498887631, 25, 0, 1
5640, 498893271, 20, 0, 1
5646, 498898917, 21, 0, 1
11810, 498910727, 29, 0, 1
7009, 498917736, 98, 4, 1
5651, 498923387, 17, 0, 1
5658, 498929045, 12, 0, 1
11799, 498940844, 25, 0, 1
6138, 498946982, 17, 0, 1
5658, 498952640, 12, 0, 1
5658, 498958298, 14, 0, 1
11831, 498970129, 19, 0, 1
6138, 498976267, 18, 0, 1
5658, 498981925, 13, 0, 1
5658, 498987583, 14, 0, 1
11818, 498999401, 21, 0, 1
13921, 499013322, 236, 20, 1
5658, 499018980, 27, 0, 1
11799, 499030779, 32, 0, 1
8997, 499039776, 172, 1, 1
911224, 499951000, 14718, 1045, 5
8392, 499959392, 768, 4, 1
13182, 499972574, 73, 0, 1
6676, 499979250, 47, 0, 1
12087, 499991337, 392, 17, 1
6796, 499998133, 35, 0, 1
13482, 500011615, 43, 0, 1
5649, 500017264, 22, 0, 1
6130, 500023394, 17, 0, 1
1626526, 1626526, 36692, 360, 4
6976966, 8603492, 87824, 5990, 15
19221644, 27825136, 19023, 4119, 7
19054369, 46879505, 23604, 4272, 11
19203997, 66083502, 17526, 2995, 7
19639858, 85723360, 18099, 2521, 7
19479006, 105202366, 17913, 4183, 7
18305384, 123507750, 25108, 4890, 11
19166634, 142674384, 18101, 4307, 11
19770812, 162445196, 18138, 3525, 7
19547687, 181992883, 20396, 3242, 7
19474868, 201467751, 19584, 2860, 7
19516886, 220984637, 18843, 4505, 11
19586788, 240571425, 18382, 2651, 7
18289627, 258861052, 24543, 3891, 7
19316288, 278177340, 19016, 3563, 7
19227923, 297405263, 18978, 3286, 7
19635195, 317040458, 19226, 4451, 11
19670765, 336711223, 19179, 4156, 7
19633106, 356344329, 19813, 4354, 11
19640421, 375984750, 18676, 3988, 7
19694773, 395679523, 18751, 3290, 7
19846970, 415526493, 19458, 3711, 7
19556509, 435083002, 19297, 3531, 7
19670777, 454753779, 19086, 4555, 11
19636909, 474390688, 19181, 5002, 11
16181178, 490571866, 31360, 2349, 7
5746803, 496318669, 10926, 76, 6
5658, 496324327, 19, 0, 1
5657, 496329984, 21, 0, 1
11804, 496341788, 40, 0, 1
6138, 496347926, 18, 0, 1
5646, 496353572, 17, 0, 1
5658, 496359230, 9, 0, 1
11819, 496371049, 37, 0, 1
6139, 496377188, 37, 0, 1
5658, 496382846, 8, 0, 1
5652, 496388498, 13, 0, 1
11799, 496400297, 41, 0, 1
6119, 496406416, 20, 0, 1
5621, 496412037, 22, 0, 1
5658, 496417695, 12, 0, 1
11801, 496429496, 26, 0, 1
6138, 496435634, 33, 0, 1
5658, 496441292, 9, 0, 1
5658, 496446950, 12, 0, 1
11803, 496458753, 55, 0, 1
6131, 496464884, 27, 0, 1
7035, 496471919, 91, 0, 1
5658, 496477577, 11, 0, 1
11802, 496489379, 38, 0, 1
6126, 496495505, 25, 0, 1
5645, 496501150, 16, 0, 1
5668, 496506818, 29, 0, 1
11830, 496518648, 42, 0, 1
6138, 496524786, 15, 0, 1
5658, 496530444, 8, 0, 1
5658, 496536102, 7, 0, 1
11744, 496547846, 41, 0, 1
6145, 496553991, 21, 0, 1
5651, 496559642, 20, 0, 1
5658, 496565300, 8, 0, 1
11817, 496577117, 31, 0, 1
6138, 496583255, 16, 0, 1
5634, 496588889, 15, 0, 1
5658, 496594547, 13, 0, 1
11776, 496606323, 35, 0, 1
6138, 496612461, 17, 0, 1
5652, 496618113, 15, 0, 1
5652, 496623765, 24, 0, 1
11809, 496635574, 36, 0, 1
6138, 496641712, 17, 0, 1
5644, 496647356, 18, 0, 1
5654, 496653010, 24, 0, 1
11830, 496664840, 31, 0, 1
6138, 496670978, 13, 0, 1
5632, 496676610, 20, 0, 1
5658, 496682268, 9, 0, 1
11787, 496694055, 38, 0, 1
6139, 496700194, 16, 0, 1
5640, 496705834, 17, 0, 1
5658, 496711492, 11, 0, 1
11805, 496723297, 50, 0, 1
6137, 496729434, 31, 0, 1
5652, 496735086, 14, 0, 1
5658, 496740744, 11, 0, 1
11812, 496752556, 36, 0, 1
6120, 496758676, 25, 0, 1
5657, 496764333, 12, 0, 1
5640, 496769973, 12, 0, 1
11827, 496781800, 35, 0, 1
6151, 496787951, 16, 0, 1
5658, 496793609, 12, 0, 1
5658, 496799267, 10, 0, 1
11818, 496811085, 30, 0, 1
6138, 496817223, 16, 0, 1
5646, 496822869, 11, 0, 1
5658, 496828527, 11, 0, 1
11827, 496840354, 39, 0, 1
8023, 496848377, 83, 1, 1
6326, 496854703, 21, 0, 1
5649, 496860352, 13, 0, 1
12984, 496873336, 50, 0, 1
6592, 496879928, 34, 0, 1
15186, 496895114, 353, 3, 1
5651, 496900765, 29, 0, 1
12240, 496913005, 48, 0, 1
6116, 496919121, 18, 0, 1
6068, 496925189, 25, 0, 1
6098, 496931287, 25, 0, 1
12209, 496943496, 34, 0, 1
6116, 496949612, 18, 0, 1
6090, 496955702, 29, 0, 1
5633, 496961335, 23, 0, 1
12254, 496973589, 50, 0, 1
6104, 496979693, 23, 0, 1
6116, 496985809, 18, 0, 1
6129, 496991938, 20, 0, 1
12226, 497004164, 42, 0, 1
6110, 497010274, 20, 0, 1
6116, 497016390, 18, 0, 1
5640, 497022030, 19, 0, 1
11796, 497033826, 22, 0, 1
6151, 497039977, 16, 0, 1
5628, 497045605, 17, 0, 1
5652, 497051257, 13, 0, 1
11769, 497063026, 32, 0, 1
6131, 497069157, 23, 0, 1
5658, 497074815, 14, 0, 1
5657, 497080472, 22, 0, 1
11833, 497092305, 53, 0, 1
6138, 497098443, 17, 0, 1
5644, 497104087, 22, 0, 1
5657, 497109744, 28, 0, 1
11785, 497121529, 41, 0, 1
6138, 497127667, 17, 0, 1
5633, 497133300, 19, 0, 1
5656, 497138956, 32, 0, 1
11834, 497150790, 44, 0, 1
6125, 497156915, 24, 0, 1
5625, 497162540, 22, 0, 1
5652, 497168192, 14, 0, 1
11804, 497179996, 38, 0, 1
6144, 497186140, 25, 0, 1
5658, 497191798, 11, 0, 1
5633, 497197431, 24, 0, 1
11817, 497209248, 32, 0, 1
6114, 497215362, 18, 0, 1
5652, 497221014, 15, 0, 1
5649, 497226663, 24, 0, 1
13183, 497239846, 65, 0, 1
6141, 497245987, 32, 0, 1
5634, 497251621, 15, 0, 1
5652, 497257273, 14, 0, 1
11794, 497269067, 28, 0, 1
6139, 497275206, 23, 0, 1
5634, 497280840, 14, 0, 1
5662, 497286502, 30, 0, 1
11779, 497298281, 41, 0, 1
6138, 497304419, 15, 0, 1
5656, 497310075, 13, 0, 1
5661, 497315736, 24, 0, 1
11789, 497327525, 25, 0, 1
6126, 497333651, 19, 0, 1
5626, 497339277, 19, 0, 1
5646, 497344923, 12, 0, 1
11756, 497356679, 43, 0, 1
6132, 497362811, 20, 0, 1
5640, 497368451, 15, 0, 1
5650, 497374101, 28, 0, 1
11787, 497385888, 39, 0, 1
6113, 497392001, 27, 0, 1
5652, 497397653, 17, 0, 1
5645, 497403298, 21, 0, 1
11824, 497415122, 42, 0, 1
6151, 497421273, 14, 0, 1
5638, 497426911, 24, 0, 1
5640, 497432551, 17, 0, 1
11770, 497444321, 32, 0, 1
6138, 497450459, 19, 0, 1
5652, 497456111, 15, 0, 1
5652, 497461763, 14, 0, 1
11787, 497473550, 37, 0, 1
6119, 497479669, 19, 0, 1
5651, 497485320, 21, 0, 1
5645, 497490965, 19, 0, 1
11831, 497502796, 39, 0, 1
6145, 497508941, 22, 0, 1
5658, 497514599, 14, 0, 1
5658, 497520257, 13, 0, 1
11799, 497532056, 53, 0, 1
6126, 497538182, 25, 0, 1
5638, 497543820, 20, 0, 1
5651, 497549471, 18, 0, 1
11819, 497561290, 31, 0, 1
6129, 497567419, 35, 0, 1
5652, 497573071, 19, 0, 1
5658, 497578729, 14, 0, 1
11780, 497590509, 40, 0, 1
6141, 497596650, 33, 0, 1
5658, 497602308, 18, 0, 1
5637, 497607945, 24, 0, 1
13225, 497621170, 63, 0, 1
6124, 497627294, 28, 0, 1
5634, 497632928, 20, 0, 1
5645, 497638573, 26, 0, 1
11792, 497650365, 37, 0, 1
14332, 497664697, 252, 62, 1
5658, 497670355, 19, 0, 1
5658, 497676013, 9, 0, 1
11776, 497687789, 47, 0, 1
6117, 497693906, 33, 0, 1
5627, 497699533, 23, 0, 1
5638, 497705171, 25, 0, 1
11822, 497716993, 35, 0, 1
6138, 497723131, 15, 0, 1
5658, 497728789, 12, 0, 1
5658, 497734447, 12, 0, 1
11799, 497746246, 39, 0, 1
6145, 497752391, 21, 0, 1
5653, 497758044, 33, 0, 1
5621, 497763665, 21, 0, 1
11801, 497775466, 47, 0, 1
6139, 497781605, 21, 0, 1
6098, 497787703, 21, 0, 1
5646, 497793349, 19, 0, 1
12677, 497806026, 123, 4, 1
6138, 497812164, 20, 0, 1
5638, 497817802, 24, 0, 1
5652, 497823454, 17, 0, 1
11769, 497835223, 40, 0, 1
6138, 497841361, 18, 0, 1
5646, 497847007, 16, 0, 1
5651, 497852658, 22, 0, 1
11800, 497864458, 35, 0, 1
6138, 497870596, 16, 0, 1
5645, 497876241, 22, 0, 1
5656, 497881897, 31, 0, 1
11812, 497893709, 40, 0, 1
6151, 497899860, 15, 0, 1
5651, 497905511, 24, 0, 1
5651, 497911162, 21, 0, 1
11813, 497922975, 42, 0, 1
6120, 497929095, 22, 0, 1
5657, 497934752, 28, 0, 1
5650, 497940402, 27, 0, 1
11811, 497952213, 30, 0, 1
6138, 497958351, 18, 0, 1
5625, 497963976, 24, 0, 1
5652, 497969628, 12, 0, 1
11774, 497981402, 41, 0, 1
6158, 497987560, 24, 0, 1
5639, 497993199, 20, 0, 1
7049, 498000248, 45, 0, 1
11780, 498012028, 46, 0, 1
6138, 498018166, 16, 0, 1
5645, 498023811, 17, 0, 1
5658, 498029469, 14, 0, 1
11771, 498041240, 49, 0, 1
6138, 498047378, 21, 0, 1
5634, 498053012, 17, 0, 1
5651, 498058663, 18, 0, 1
11817, 498070480, 28, 0, 1
6138, 498076618, 15, 0, 1
5638, 498082256, 26, 0, 1
5658, 498087914, 9, 0, 1
11828, 498099742, 48, 0, 1
6138, 498105880, 18, 0, 1
5645, 498111525, 20, 0, 1
5652, 498117177, 14, 0, 1
11771, 498128948, 48, 0, 1
6151, 498135099, 17, 0, 1
5634, 498140733, 22, 0, 1
5652, 498146385, 13, 0, 1
11812, 498158197, 33, 0, 1
6138, 498164335, 17, 0, 1
5644, 498169979, 21, 0, 1
5651, 498175630, 19, 0, 1
11818, 498187448, 33, 0, 1
6138, 498193586, 18, 0, 1
5663, 498199249, 30, 0, 1
5658, 498204907, 13, 0, 1
11818, 498216725, 29, 0, 1
6145, 498222870, 21, 0, 1
5621, 498228491, 23, 0, 1
11794, 498240285, 38, 0, 1
5652, 498245937, 17, 0, 1
6130, 498252067, 36, 0, 1
5658, 498257725, 12, 0, 1
11831, 498269556, 31, 0, 1
5658, 498275214, 11, 0, 1
6126, 498281340, 24, 0, 1
5635, 498286975, 23, 0, 1
11772, 498298747, 43, 0, 1
5658, 498304405, 12, 0, 1
6138, 498310543, 15, 0, 1
5633, 498316176, 16, 0, 1
11831, 498328007, 23, 0, 1
5656, 498333663, 28, 0, 1
6138, 498339801, 16, 0, 1
5646, 498345447, 20, 0, 1
11793, 498357240, 36, 0, 1
5652, 498362892, 17, 0, 1
6132, 498369024, 27, 0, 1
7022, 498376046, 36, 0, 1
11803, 498387849, 41, 0, 1
5666, 498393515, 30, 0, 1
6108, 498399623, 20, 0, 1
5658, 498405281, 11, 0, 1
11807, 498417088, 29, 0, 1
5644, 498422732, 25, 0, 1
6138, 498428870, 17, 0, 1
5646, 498434516, 16, 0, 1
11812, 498446328, 41, 0, 1
5662, 498451990, 17, 0, 1
6151, 498458141, 15, 0, 1
5646, 498463787, 21, 0, 1
11799, 498475586, 32, 0, 1
5658, 498481244, 13, 0, 1
6125, 498487369, 23, 0, 1
5640, 498493009, 17, 0, 1
11825, 498504834, 30, 0, 1
5657, 498510491, 23, 0, 1
6125, 498516616, 23, 0, 1
5610, 498522226, 18, 0, 1
11805, 498534031, 33, 0, 1
5658, 498539689, 13, 0, 1
6138, 498545827, 20, 0, 1
5620, 498551447, 22, 0, 1
11810, 498563257, 42, 0, 1
5656, 498568913, 21, 0, 1
6138, 498575051, 19, 0, 1
5657, 498580708, 22, 0, 1
11811, 498592519, 34, 0, 1
912014, 499504533, 15397, 997, 5
6728, 499511261, 78, 0, 1
6439, 499517700, 27, 0, 1
18379, 499536079, 391, 21, 1
6692, 499542771, 37, 0, 1
6720, 499549491, 29, 0, 1
6655, 499556146, 27, 0, 1
14630, 499570776, 191, 4, 1
1380313, 1380313, 30464, 257, 5
6269322, 7649635, 91112, 5929, 15
19167049, 26816684, 20610, 4341, 11
19135980, 45952664, 23779, 4071, 7
19011836, 64964500, 17733, 3062, 7
19568465, 84532965, 18551, 2550, 7
19372266, 103905231, 17809, 4237, 11
18319652, 122224883, 24825, 5001, 11
19009466, 141234349, 18630, 4288, 11
19701434, 160935783, 18253, 3507, 7
19566841, 180502624, 20429, 3699, 7
19411965, 199914589, 18905, 2513, 7
19604621, 219519210, 18550, 4542, 11
19474489, 238993699, 18737, 2958, 7
18258791, 257252490, 24210, 3532, 7
19317124, 276569614, 19530, 3602, 7
19165187, 295734801, 19102, 3093, 7
19594442, 315329243, 18780, 4335, 11
19647612, 334976855, 19176, 4190, 7
19543506, 354520361, 19941, 4248, 11
19520173, 374040534, 18930, 3988, 7
19731424, 393771958, 18522, 3320, 7
19594911, 413366869, 18622, 4062, 7
19561480, 432928349, 19709, 3037, 7
19495941, 452424290, 19138, 4659, 11
19541555, 471965845, 18896, 5090, 11
17715305, 489681150, 30424, 2948, 7
6719216, 496400366, 13801, 103, 6
6648, 496407014, 300, 4, 1
6424, 496413438, 22, 0, 1
6722, 496420160, 22, 0, 1
13150, 496433310, 55, 0, 1
6407, 496439717, 20, 0, 1
6419, 496446136, 19, 0, 1
6751, 496452887, 17, 0, 1
13098, 496465985, 41, 0, 1
6395, 496472380, 29, 0, 1
6431, 496478811, 16, 0, 1
6726, 496485537, 21, 0, 1
13151, 496498688, 36, 0, 1
6565, 496505253, 40, 1, 1
6431, 496511684, 16, 0, 1
6744, 496518428, 18, 0, 1
13153, 496531581, 28, 0, 1
6543, 496538124, 23, 0, 1
6429, 496544553, 29, 0, 1
6751, 496551304, 22, 0, 1
13131, 496564435, 57, 0, 1
6431, 496570866, 14, 0, 1
6431, 496577297, 18, 0, 1
6732, 496584029, 21, 0, 1
13123, 496597152, 41, 0, 1
6417, 496603569, 20, 0, 1
6409, 496609978, 27, 0, 1
6702, 496616680, 26, 0, 1
13146, 496629826, 37, 0, 1
6407, 496636233, 19, 0, 1
6425, 496642658, 17, 0, 1
6757, 496649415, 20, 0, 1
13114, 496662529, 38, 0, 1
6417, 496668946, 28, 0, 1
6431, 496675377, 23, 0, 1
8084, 496683461, 98, 0, 1
13104, 496696565, 38, 0, 1
6400, 496702965, 28, 0, 1
6431, 496709396, 17, 0, 1
6736, 496716132, 29, 0, 1
13139, 496729271, 38, 0, 1
6406, 496735677, 18, 0, 1
6411, 496742088, 25, 0, 1
6713, 496748801, 20, 0, 1
13148, 496761949, 42, 0, 1
6425, 496768374, 18, 0, 1
6427, 496774801, 30, 0, 1
6744, 496781545, 19, 0, 1
13145, 496794690, 48, 0, 1
6411, 496801101, 24, 0, 1
6430, 496807531, 15, 0, 1
6742, 496814273, 32, 0, 1
13127, 496827400, 37, 0, 1
6417, 496833817, 20, 0, 1
6431, 496840248, 15, 0, 1
6729, 496846977, 27, 0, 1
13130, 496860107, 36, 0, 1
6407, 496866514, 19, 0, 1
6431, 496872945, 12, 0, 1
6744, 496879689, 19, 0, 1
13131, 496892820, 43, 0, 1
6425, 496899245, 18, 0, 1
6419, 496905664, 23, 0, 1
6733, 496912397, 23, 0, 1
13079, 496925476, 44, 0, 1
6431, 496931907, 17, 0, 1
6431, 496938338, 14, 0, 1
6736, 496945074, 31, 0, 1
13153, 496958227, 28, 0, 1
6431, 496964658, 17, 0, 1
6425, 496971083, 17, 0, 1
6745, 496977828, 25, 0, 1
13291, 496991119, 66, 0, 1
6484, 496997603, 29, 0, 1
6389, 497003992, 22, 0, 1
6843, 497010835, 31, 0, 1
15354, 497026189, 189, 0, 1
6859, 497033048, 40, 0, 1
6575, 497039623, 31, 0, 1
6721, 497046344, 25, 0, 1
13400, 497059744, 28, 0, 1
6700, 497066444, 19, 0, 1
6688, 497073132, 31, 0, 1
6679, 497079811, 31, 0, 1
13400, 497093211, 28, 0, 1
6700, 497099911, 36, 0, 1
8070, 497107981, 36, 0, 1
13344, 497121325, 51, 0, 1
6712, 497128037, 25, 0, 1
6696, 497134733, 33, 0, 1
6684, 497141417, 31, 0, 1
13393, 497154810, 46, 0, 1
6673, 497161483, 31, 0, 1
6676, 497168159, 23, 0, 1
6424, 497174583, 23, 0, 1
22190, 497196773, 358, 8, 1
6722, 497203495, 26, 0, 1
6418, 497209913, 19, 0, 1
6421, 497216334, 31, 0, 1
13364, 497229698, 51, 0, 1
6722, 497236420, 19, 0, 1
6424, 497242844, 19, 0, 1
6431, 497249275, 14, 0, 1
13166, 497262441, 45, 0, 1
6720, 497269161, 25, 0, 1
6431, 497275592, 15, 0, 1
6421, 497282013, 29, 0, 1
13151, 497295164, 33, 0, 1
6735, 497301899, 17, 0, 1
6405, 497308304, 25, 0, 1
6410, 497314714, 32, 0, 1
13174, 497327888, 34, 0, 1
6703, 497334591, 26, 0, 1
6431, 497341022, 13, 0, 1
6431, 497347453, 13, 0, 1
13328, 497360781, 39, 0, 1
6722, 497367503, 19, 0, 1
6411, 497373914, 20, 0, 1
6424, 497380338, 19, 0, 1
13159, 497393497, 37, 0, 1
7623, 497401120, 90, 5, 1
6417, 497407537, 28, 0, 1
6418, 497413955, 25, 0, 1
13301, 497427256, 52, 0, 1
6722, 497433978, 18, 0, 1
6431, 497440409, 14, 0, 1
6431, 497446840, 12, 0, 1
13307, 497460147, 40, 0, 1
6721, 497466868, 28, 0, 1
6413, 497473281, 23, 0, 1
6427, 497479708, 27, 0, 1
13174, 497492882, 37, 0, 1
6722, 497499604, 16, 0, 1
6429, 497506033, 30, 0, 1
6419, 497512452, 24, 0, 1
13187, 497525639, 35, 0, 1
6722, 497532361, 19, 0, 1
7784, 497540145, 37, 0, 1
6425, 497546570, 19, 0, 1
13182, 497559752, 42, 0, 1
6742, 497566494, 17, 0, 1
6431, 497572925, 15, 0, 1
6423, 497579348, 28, 0, 1
13163, 497592511, 36, 0, 1
6722, 497599233, 19, 0, 1
6412, 497605645, 17, 0, 1
6425, 497612070, 25, 0, 1
13294, 497625364, 48, 0, 1
6722, 497632086, 17, 0, 1
6404, 497638490, 26, 0, 1
6425, 497644915, 25, 0, 1
13139, 497658054, 33, 0, 1
6748, 497664802, 16, 0, 1
6411, 497671213, 19, 0, 1
6431, 497677644, 16, 0, 1
13116, 497690760, 36, 0, 1
6702, 497697462, 25, 0, 1
6431, 497703893, 17, 0, 1
6425, 497710318, 19, 0, 1
13190, 497723508, 42, 0, 1
6725, 497730233, 35, 0, 1
6423, 497736656, 24, 0, 1
6431, 497743087, 13, 0, 1
13154, 497756241, 45, 0, 1
6722, 497762963, 18, 0, 1
6395, 497769358, 19, 0, 1
6431, 497775789, 15, 0, 1
13186, 497788975, 28, 0, 1
6720, 497795695, 28, 0, 1
6431, 497802126, 10, 0, 1
6431, 497808557, 12, 0, 1
13139, 497821696, 40, 0, 1
6711, 497828407, 23, 0, 1
6401, 497834808, 18, 0, 1
6425, 497841233, 18, 0, 1
13171, 497854404, 47, 0, 1
6722, 497861126, 19, 0, 1
6407, 497867533, 28, 0, 1
6431, 497873964, 16, 0, 1
13173, 497887137, 53, 0, 1
6704, 497893841, 23, 0, 1
6404, 497900245, 24, 0, 1
6424, 497906669, 22, 0, 1
13174, 497919843, 38, 0, 1
6735, 497926578, 17, 0, 1
6446, 497933024, 31, 0, 1
6430, 497939454, 22, 0, 1
13276, 497952730, 51, 0, 1
8091, 497960821, 41, 0, 1
6431, 497967252, 12, 0, 1
6431, 497973683, 15, 0, 1
13138, 497986821, 38, 0, 1
6691, 497993512, 30, 0, 1
6417, 497999929, 25, 0, 1
6427, 498006356, 33, 0, 1
13158, 498019514, 47, 0, 1
6715, 498026229, 27, 0, 1
6706, 498032935, 24, 0, 1
6431, 498039366, 15, 0, 1
13157, 498052523, 45, 0, 1
6722, 498059245, 17, 0, 1
6417, 498065662, 24, 0, 1
6544, 498072206, 29, 0, 1
13156, 498085362, 40, 0, 1
6736, 498092098, 22, 0, 1
6394, 498098492, 21, 0, 1
6446, 498104938, 32, 0, 1
13172, 498118110, 42, 0, 1
6722, 498124832, 18, 0, 1
6424, 498131256, 21, 0, 1
6431, 498137687, 15, 0, 1
13150, 498150837, 41, 0, 1
6722, 498157559, 18, 0, 1
6418, 498163977, 18, 0, 1
6597, 498170574, 33, 0, 1
13143, 498183717, 37, 0, 1
6698, 498190415, 30, 0, 1
6413, 498196828, 17, 0, 1
6431, 498203259, 13, 0, 1
13118, 498216377, 49, 0, 1
6727, 498223104, 31, 0, 1
6431, 498229535, 14, 0, 1
6431, 498235966, 15, 0, 1
13146, 498249112, 51, 0, 1
6722, 498255834, 21, 0, 1
6400, 498262234, 28, 0, 1
6431, 498268665, 12, 0, 1
13173, 498281838, 42, 0, 1
6722, 498288560, 21, 0, 1
6412, 498294972, 24, 0, 1
6431, 498301403, 12, 0, 1
13162, 498314565, 44, 0, 1
6709, 498321274, 25, 0, 1
6419, 498327693, 19, 0, 1
6431, 498334124, 15, 0, 1
13101, 498347225, 44, 0, 1
6735, 498353960, 17, 0, 1
6431, 498360391, 26, 0, 1
6430, 498366821, 24, 0, 1
14546, 498381367, 46, 0, 1
6729, 498388096, 40, 0, 1
6431, 498394527, 13, 0, 1
6425, 498400952, 17, 0, 1
13176, 498414128, 34, 0, 1
6722, 498420850, 19, 0, 1
6424, 498427274, 22, 0, 1
6411, 498433685, 29, 0, 1
13126, 498446811, 38, 0, 1
6735, 498453546, 17, 0, 1
6410, 498459956, 25, 0, 1
6419, 498466375, 25, 0, 1
13167, 498479542, 44, 0, 1
6881, 498486423, 41, 0, 1
6431, 498492854, 13, 0, 1
6424, 498499278, 25, 0, 1
13194, 498512472, 37, 0, 1
6722, 498519194, 20, 0, 1
6399, 498525593, 23, 0, 1
6431, 498532024, 13, 0, 1
13161, 498545185, 38, 0, 1
6722, 498551907, 16, 0, 1
6431, 498558338, 15, 0, 1
6431, 498564769, 13, 0, 1
13173, 498577942, 45, 0, 1
6722, 498584664, 18, 0, 1
6554, 498591218, 26, 0, 1
6417, 498597635, 21, 0, 1
13499, 498611134, 83, 2, 1
6732, 498617866, 34, 0, 1
6423, 498624289, 22, 0, 1
6399, 498630688, 30, 0, 1
13174, 498643862, 38, 0, 1
6704, 498650566, 21, 0, 1
6418, 498656984, 23, 0, 1
6431, 498663415, 16, 0, 1
13137, 498676552, 48, 0, 1
6722, 498683274, 19, 0, 1
6410, 498689684, 19, 0, 1
6430, 498696114, 24, 0, 1
13156, 498709270, 39, 0, 1
6735, 498716005, 15, 0, 1
6413, 498722418, 18, 0, 1
6431, 498728849, 13, 0, 1
13174, 498742023, 36, 0, 1
6722, 498748745, 19, 0, 1
6418, 498755163, 21, 0, 1
6425, 498761588, 18, 0, 1
13175, 498774763, 42, 0, 1
6710, 498781473, 22, 0, 1
6399, 498787872, 24, 0, 1
6427, 498794299, 27, 0, 1
14551, 498808850, 52, 0, 1
6722, 498815572, 18, 0, 1
6422, 498821994, 26, 0, 1
6430, 498828424, 34, 0, 1
13187, 498841611, 38, 0, 1
6722, 498848333, 18, 0, 1
6425, 498854758, 23, 0, 1
6424, 498861182, 22, 0, 1
13160, 498874342, 42, 0, 1
6735, 498881077, 16, 0, 1
6383, 498887460, 23, 0, 1
6431, 498893891, 14, 0, 1
13137, 498907028, 48, 0, 1
6716, 498913744, 23, 0, 1
6419, 498920163, 24, 0, 1
14285, 498934448, 224, 13, 1
13134, 498947582, 38, 0, 1
524316, 499471898, 8500, 542, 5
379792, 499851690, 6920, 400, 1
6907, 499858597, 64, 0, 1
18990, 499877587, 414, 20, 1
6854, 499884441, 59, 0, 1
6910, 499891351, 32, 0, 1
6843, 499898194, 24, 0, 1
14975, 499913169, 158, 9, 1
6862, 499920031, 37, 0, 1
1937225, 1937225, 43523, 367, 4
7429811, 9367036, 81926, 6116, 15
19113717, 28480753, 19454, 3990, 7
19233042, 47713795, 21404, 4301, 11
12840477, 60554272, 13287, 2170, 12
5668699, 66222971, 4489, 467, 6
19550929, 85773900, 18727, 2324, 7
19510206, 105284106, 18691, 4262, 11
19423738, 124707844, 18314, 3997, 7
18825090, 143532934, 23525, 5467, 11
19128714, 162661648, 18746, 3232, 7
19698118, 182359766, 19382, 3989, 7
19037045, 201396811, 20629, 2678, 7
19643464, 221040275, 18696, 4486, 11
19529243, 240569518, 18122, 3084, 7
18991904, 259561422, 25043, 3702, 7
19395515, 278956937, 18627, 3817, 7
19383059, 298339996, 17998, 3131, 7
18927261, 317267257, 18274, 4276, 11
19422612, 336689869, 19098, 4124, 7
19678678, 356368547, 18238, 4347, 11
19541057, 375909604, 18299, 4071, 7
19790928, 395700532, 18023, 3358, 7
19656007, 415356539, 18555, 4439, 11
19661126, 435017665, 18015, 3133, 7
19667379, 454685044, 17876, 4525, 11
19616375, 474301419, 18585, 5112, 11
17691679, 491993098, 26801, 3230, 7
7597310, 499590408, 18729, 117, 12
6132, 499596540, 367, 0, 1
6089, 499602629, 33, 0, 1
11776, 499614405, 35, 0, 1
5646, 499620051, 22, 0, 1
5657, 499625708, 13, 0, 1
6173, 499631881, 16, 0, 1
11783, 499643664, 32, 0, 1
5622, 499649286, 17, 0, 1
5658, 499654944, 20, 0, 1
6117, 499661061, 25, 0, 1
11807, 499672868, 37, 0, 1
5658, 499678526, 12, 0, 1
5648, 499684174, 26, 0, 1
6139, 499690313, 27, 0, 1
11780, 499702093, 29, 0, 1
5640, 499707733, 14, 0, 1
5657, 499713390, 19, 0, 1
6154, 499719544, 23, 0, 1
11776, 499731320, 28, 0, 1
5621, 499736941, 18, 0, 1
5636, 499742577, 24, 0, 1
11802, 499754379, 37, 0, 1
6138, 499760517, 15, 0, 1
5652, 499766169, 16, 0, 1
5658, 499771827, 9, 0, 1
11844, 499783671, 25, 0, 1
6138, 499789809, 16, 0, 1
5621, 499795430, 22, 0, 1
5658, 499801088, 8, 0, 1
11794, 499812882, 30, 0, 1
7039, 499819921, 92, 6, 1
5634, 499825555, 18, 0, 1
5658, 499831213, 12, 0, 1
11818, 499843031, 24, 0, 1
6124, 499849155, 24, 0, 1
5658, 499854813, 11, 0, 1
5668, 499860481, 25, 0, 1
11782, 499872263, 34, 0, 1
6138, 499878401, 15, 0, 1
5652, 499884053, 18, 0, 1
5658, 499889711, 16, 0, 1
11768, 499901479, 35, 0, 1
7497, 499908976, 95, 0, 1
5640, 499914616, 18, 0, 1
5658, 499920274, 9, 0, 1
11789, 499932063, 49, 0, 1
6126, 499938189, 20, 0, 1
5610, 499943799, 18, 0, 1
5658, 499949457, 13, 0, 1
11830, 499961287, 45, 0, 1
6145, 499967432, 17, 0, 1
5658, 499973090, 11, 0, 1
5649, 499978739, 27, 0, 1
11784, 499990523, 50, 0, 1
6138, 499996661, 14, 0, 1
5652, 500002313, 19, 0, 1
5658, 500007971, 9, 0, 1
11784, 500019755, 44, 0, 1
6102, 500025857, 17, 0, 1
5666, 500031523, 30, 0, 1
5652, 500037175, 15, 0, 1
11817, 500048992, 37, 0, 1
6139, 500055131, 17, 0, 1
5652, 500060783, 11, 0, 1
5651, 500066434, 21, 0, 1
11800, 500078234, 25, 0, 1
6138, 500084372, 16, 0, 1
5658, 500090030, 12, 0, 1
5657, 500095687, 20, 0, 1
11805, 500107492, 43, 0, 1
6665, 500114157, 54, 0, 1
6333, 500120490, 28, 0, 1
5636, 500126126, 28, 0, 1
12975, 500139101, 50, 0, 1
6627, 500145728, 25, 0, 1
6116, 500151844, 19, 0, 1
5652, 500157496, 15, 0, 1
12222, 500169718, 39, 0, 1
6073, 500175791, 26, 0, 1
6116, 500181907, 18, 0, 1
6116, 500188023, 17, 0, 1
12227, 500200250, 33, 0, 1
6116, 500206366, 15, 0, 1
6101, 500212467, 34, 0, 1
6116, 500218583, 18, 0, 1
12214, 500230797, 38, 0, 1
6116, 500236913, 18, 0, 1
6123, 500243036, 21, 0, 1
6110, 500249146, 21, 0, 1
12190, 500261336, 38, 0, 1
6116, 500267452, 15, 0, 1
6098, 500273550, 21, 0, 1
5626, 500279176, 21, 0, 1
13125, 500292301, 43, 0, 1
6115, 500298416, 22, 0, 1
5646, 500304062, 12, 0, 1
5652, 500309714, 14, 0, 1
11804, 500321518, 47, 0, 1
6138, 500327656, 14, 0, 1
5648, 500333304, 27, 0, 1
5658, 500338962, 12, 0, 1
11819, 500350781, 24, 0, 1
6138, 500356919, 15, 0, 1
5621, 500362540, 22, 0, 1
5657, 500368197, 29, 0, 1
11810, 500380007, 33, 0, 1
15207, 500395214, 368, 4, 1
5658, 500400872, 27, 0, 1
5657, 500406529, 16, 0, 1
11805, 500418334, 29, 0, 1
6138, 500424472, 20, 0, 1
5658, 500430130, 11, 0, 1
5658, 500435788, 10, 0, 1
11831, 500447619, 23, 0, 1
6133, 500453752, 17, 0, 1
5646, 500459398, 16, 0, 1
5658, 500465056, 11, 0, 1
11794, 500476850, 35, 0, 1
6138, 500482988, 18, 0, 1
5646, 500488634, 13, 0, 1
5657, 500494291, 18, 0, 1
11825, 500506116, 23, 0, 1
6138, 500512254, 17, 0, 1
5658, 500517912, 13, 0, 1
5658, 500523570, 9, 0, 1
11818, 500535388, 25, 0, 1
6171, 500541559, 19, 0, 1
5652, 500547211, 17, 0, 1
5640, 500552851, 16, 0, 1
11806, 500564657, 24, 0, 1
6138, 500570795, 16, 0, 1
5640, 500576435, 19, 0, 1
5658, 500582093, 12, 0, 1
11812, 500593905, 35, 0, 1
6138, 500600043, 17, 0, 1
5646, 500605689, 13, 0, 1
5658, 500611347, 12, 0, 1
11810, 500623157, 31, 0, 1
6151, 500629308, 18, 0, 1
5658, 500634966, 11, 0, 1
5658, 500640624, 12, 0, 1
11799, 500652423, 33, 0, 1
6132, 500658555, 19, 0, 1
5658, 500664213, 11, 0, 1
5658, 500669871, 12, 0, 1
13208, 500683079, 46, 0, 1
6138, 500689217, 18, 0, 1
5658, 500694875, 12, 0, 1
5657, 500700532, 17, 0, 1
11786, 500712318, 37, 0, 1
6148, 500718466, 24, 0, 1
5658, 500724124, 11, 0, 1
5658, 500729782, 10, 0, 1
11819, 500741601, 22, 0, 1
6138, 500747739, 15, 0, 1
5621, 500753360, 20, 0, 1
5658, 500759018, 11, 0, 1
11810, 500770828, 33, 0, 1
6151, 500776979, 17, 0, 1
5644, 500782623, 20, 0, 1
5658, 500788281, 11, 0, 1
11809, 500800090, 37, 0, 1
6114, 500806204, 20, 0, 1
5658, 500811862, 12, 0, 1
5658, 500817520, 13, 0, 1
11831, 500829351, 28, 0, 1
6138, 500835489, 15, 0, 1
5658, 500841147, 11, 0, 1
5658, 500846805, 16, 0, 1
11813, 500858618, 41, 0, 1
6145, 500864763, 18, 0, 1
5651, 500870414, 15, 0, 1
5658, 500876072, 14, 0, 1
11787, 500887859, 33, 0, 1
6138, 500893997, 16, 0, 1
5638, 500899635, 12, 0, 1
5658, 500905293, 10, 0, 1
11818, 500917111, 28, 0, 1
6138, 500923249, 21, 0, 1
5646, 500928895, 15, 0, 1
5652, 500934547, 23, 0, 1
11811, 500946358, 21, 0, 1
6138, 500952496, 15, 0, 1
5658, 500958154, 13, 0, 1
5658, 500963812, 10, 0, 1
11831, 500975643, 26, 0, 1
6132, 500981775, 17, 0, 1
5658, 500987433, 12, 0, 1
5658, 500993091, 17, 0, 1
11799, 501004890, 25, 0, 1
6133, 501011023, 24, 0, 1
5652, 501016675, 13, 0, 1
5657, 501022332, 22, 0, 1
11794, 501034126, 36, 0, 1
6138, 501040264, 17, 0, 1
6116, 501046380, 19, 0, 1
7035, 501053415, 23, 0, 1
11803, 501065218, 23, 0, 1
6137, 501071355, 26, 0, 1
5651, 501077006, 14, 0, 1
5658, 501082664, 11, 0, 1
11818, 501094482, 22, 0, 1
6151, 501100633, 17, 0, 1
5658, 501106291, 14, 0, 1
5652, 501111943, 16, 0, 1
11790, 501123733, 35, 0, 1
6138, 501129871, 19, 0, 1
5658, 501135529, 11, 0, 1
5658, 501141187, 7, 0, 1
11793, 501152980, 34, 0, 1
6114, 501159094, 23, 0, 1
5652, 501164746, 16, 0, 1
5658, 501170404, 11, 0, 1
11810, 501182214, 33, 0, 1
6132, 501188346, 17, 0, 1
5657, 501194003, 20, 0, 1
5658, 501199661, 11, 0, 1
11800, 501211461, 40, 0, 1
6132, 501217593, 16, 0, 1
5658, 501223251, 13, 0, 1
5658, 501228909, 14, 0, 1
11793, 501240702, 37, 0, 1
6145, 501246847, 18, 0, 1
5652, 501252499, 14, 0, 1
5652, 501258151, 15, 0, 1
11806, 501269957, 27, 0, 1
6108, 501276065, 20, 0, 1
5657, 501281722, 15, 0, 1
5657, 501287379, 21, 0, 1
11837, 501299216, 24, 0, 1
6138, 501305354, 20, 0, 1
5658, 501311012, 13, 0, 1
5658, 501316670, 15, 0, 1
11818, 501328488, 20, 0, 1
6108, 501334596, 26, 0, 1
5658, 501340254, 14, 0, 1
5658, 501345912, 12, 0, 1
11817, 501357729, 30, 0, 1
6138, 501363867, 17, 0, 1
5652, 501369519, 12, 0, 1
5651, 501375170, 13, 0, 1
11815, 501386985, 42, 0, 1
6138, 501393123, 15, 0, 1
5658, 501398781, 11, 0, 1
5658, 501404439, 10, 0, 1
11818, 501416257, 18, 0, 1
6138, 501422395, 18, 0, 1
7035, 501429430, 21, 0, 1
5657, 501435087, 17, 0, 1
11819, 501446906, 20, 0, 1
6103, 501453009, 22, 0, 1
5658, 501458667, 12, 0, 1
5650, 501464317, 19, 0, 1
11788, 501476105, 37, 0, 1
6138, 501482243, 25, 0, 1
5628, 501487871, 12, 0, 1
5657, 501493528, 14, 0, 1
11806, 501505334, 32, 0, 1
6138, 501511472, 16, 0, 1
5658, 501517130, 16, 0, 1
5652, 501522782, 14, 0, 1
11777, 501534559, 34, 0, 1
6132, 501540691, 18, 0, 1
5652, 501546343, 11, 0, 1
5658, 501552001, 11, 0, 1
11740, 501563741, 26, 0, 1
6151, 501569892, 13, 0, 1
5640, 501575532, 17, 0, 1
5658, 501581190, 10, 0, 1
11824, 501593014, 28, 0, 1
6138, 501599152, 16, 0, 1
5658, 501604810, 13, 0, 1
5652, 501610462, 15, 0, 1
11803, 501622265, 45, 0, 1
6090, 501628355, 23, 0, 1
5658, 501634013, 12, 0, 1
5656, 501639669, 19, 0, 1
11818, 501651487, 20, 0, 1
6138, 501657625, 17, 0, 1
5652, 501663277, 14, 0, 1
5651, 501668928, 13, 0, 1
11838, 501680766, 25, 0, 1
6132, 501686898, 19, 0, 1
5652, 501692550, 16, 0, 1
5657, 501698207, 19, 0, 1
11818, 501710025, 17, 0, 1
6151, 501716176, 17, 0, 1
5640, 501721816, 19, 0, 1
5652, 501727468, 13, 0, 1
11818, 501739286, 17, 0, 1
6138, 501745424, 15, 0, 1
5658, 501751082, 10, 0, 1
11813, 501762895, 22, 0, 1
5661, 501768556, 23, 0, 1
6137, 501774693, 24, 0, 1
5652, 501780345, 11, 0, 1
11819, 501792164, 40, 0, 1
5658, 501797822, 14, 0, 1
7522, 501805344, 30, 0, 1
5658, 501811002, 11, 0, 1
11817, 501822819, 23, 0, 1
5658, 501828477, 9, 0, 1
6138, 501834615, 14, 0, 1
5646, 501840261, 20, 0, 1
15134, 501855395, 215, 2, 1
905192, 502760587, 15229, 1021, 5
6717, 502767304, 58, 0, 1
6434, 502773738, 28, 0, 1
18847, 502792585, 430, 28, 1
6748, 502799333, 48, 0, 1
6717, 502806050, 33, 0, 1
6675, 502812725, 20, 0, 1
14612, 502827337, 144, 4, 1
2165527, 2165527, 47250, 548, 4
8440467, 10605994, 79290, 6230, 17
19197247, 29803241, 19795, 4143, 7
19169437, 48972678, 23660, 4495, 11
18956525, 67929203, 18142, 2985, 7
19651049, 87580252, 18216, 2916, 7
19433905, 107014157, 18403, 4097, 7
19032379, 126046536, 24704, 5461, 11
19098007, 145144543, 18828, 3950, 7
19654325, 164798868, 18688, 3870, 7
19239792, 184038660, 18604, 3063, 7
19361736, 203400396, 21946, 3555, 7
19605543, 223005939, 18879, 4380, 11
19628759, 242634698, 18579, 2509, 7
19003149, 261637847, 23437, 4581, 11
19482682, 281120529, 20737, 3402, 7
18936241, 300056770, 18272, 3558, 7
19417843, 319474613, 19110, 4498, 11
19394009, 338868622, 19075, 4425, 11
19712181, 358580803, 19445, 4213, 7
19680446, 378261249, 18646, 3908, 7
19690581, 397951830, 18669, 3408, 7
19677144, 417628974, 18909, 3563, 7
19664869, 437293843, 19477, 4144, 7
19648488, 456942331, 18678, 4610, 11
19675343, 476617674, 19050, 5172, 11
14776010, 491393684, 30468, 1793, 19
4993192, 496386876, 10535, 107, 6
5622, 496392498, 28, 0, 1
5656, 496398154, 21, 0, 1
6134, 496404288, 28, 0, 1
11810, 496416098, 54, 0, 1
5658, 496421756, 10, 0, 1
5652, 496427408, 18, 0, 1
6135, 496433543, 22, 0, 1
11790, 496445333, 28, 0, 1
7035, 496452368, 90, 0, 1
5658, 496458026, 15, 0, 1
6155, 496464181, 20, 0, 1
11789, 496475970, 30, 0, 1
5633, 496481603, 21, 0, 1
5647, 496487250, 28, 0, 1
6160, 496493410, 19, 0, 1
11777, 496505187, 36, 0, 1
5629, 496510816, 25, 0, 1
5658, 496516474, 12, 0, 1
6152, 496522626, 29, 0, 1
11784, 496534410, 32, 0, 1
5658, 496540068, 10, 0, 1
5658, 496545726, 12, 0, 1
6118, 496551844, 24, 0, 1
20431, 496572275, 283, 53, 1
5658, 496577933, 32, 0, 1
5646, 496583579, 14, 0, 1
11832, 496595411, 37, 0, 1
6138, 496601549, 16, 0, 1
5651, 496607200, 18, 0, 1
5658, 496612858, 27, 0, 1
11825, 496624683, 36, 0, 1
6138, 496630821, 15, 0, 1
5649, 496636470, 23, 0, 1
5658, 496642128, 8, 0, 1
11810, 496653938, 37, 0, 1
6152, 496660090, 32, 0, 1
5615, 496665705, 18, 0, 1
5652, 496671357, 13, 0, 1
11776, 496683133, 41, 0, 1
6132, 496689265, 20, 0, 1
5627, 496694892, 20, 0, 1
5652, 496700544, 20, 0, 1
11795, 496712339, 48, 0, 1
6138, 496718477, 17, 0, 1
5655, 496724132, 24, 0, 1
5658, 496729790, 11, 0, 1
11791, 496741581, 38, 0, 1
6123, 496747704, 23, 0, 1
5610, 496753314, 19, 0, 1
5651, 496758965, 18, 0, 1
11801, 496770766, 42, 0, 1
6138, 496776904, 17, 0, 1
5632, 496782536, 20, 0, 1
5658, 496788194, 12, 0, 1
11751, 496799945, 46, 0, 1
6157, 496806102, 18, 0, 1
5651, 496811753, 16, 0, 1
5652, 496817405, 14, 0, 1
11794, 496829199, 26, 0, 1
7515, 496836714, 30, 0, 1
5628, 496842342, 16, 0, 1
5658, 496848000, 10, 0, 1
11818, 496859818, 36, 0, 1
6114, 496865932, 18, 0, 1
5634, 496871566, 18, 0, 1
5658, 496877224, 9, 0, 1
11818, 496889042, 26, 0, 1
6146, 496895188, 16, 0, 1
5658, 496900846, 13, 0, 1
5650, 496906496, 23, 0, 1
12527, 496919023, 68, 0, 1
6624, 496925647, 35, 0, 1
6373, 496932020, 14, 0, 1
6318, 496938338, 25, 0, 1
12281, 496950619, 37, 0, 1
6123, 496956742, 26, 0, 1
6116, 496962858, 14, 0, 1
5651, 496968509, 23, 0, 1
12242, 496980751, 33, 0, 1
6119, 496986870, 26, 0, 1
6129, 496992999, 20, 0, 1
6116, 496999115, 19, 0, 1
12183, 497011298, 45, 0, 1
6095, 497017393, 33, 0, 1
6116, 497023509, 18, 0, 1
6074, 497029583, 26, 0, 1
12208, 497041791, 34, 0, 1
6104, 497047895, 20, 0, 1
6092, 497053987, 29, 0, 1
6068, 497060055, 23, 0, 1
12226, 497072281, 32, 0, 1
6113, 497078394, 24, 0, 1
6116, 497084510, 20, 0, 1
5657, 497090167, 25, 0, 1
11809, 497101976, 30, 0, 1
6138, 497108114, 13, 0, 1
5652, 497113766, 19, 0, 1
5658, 497119424, 16, 0, 1
11817, 497131241, 36, 0, 1
6150, 497137391, 24, 0, 1
5658, 497143049, 11, 0, 1
5658, 497148707, 13, 0, 1
11786, 497160493, 44, 0, 1
6125, 497166618, 24, 0, 1
5637, 497172255, 22, 0, 1
5636, 497177891, 22, 0, 1
11840, 497189731, 35, 0, 1
6138, 497195869, 15, 0, 1
5626, 497201495, 20, 0, 1
5658, 497207153, 11, 0, 1
13152, 497220305, 61, 0, 1
6138, 497226443, 14, 0, 1
5658, 497232101, 11, 0, 1
5644, 497237745, 22, 0, 1
11825, 497249570, 28, 0, 1
6138, 497255708, 14, 0, 1
5636, 497261344, 25, 0, 1
5654, 497266998, 21, 0, 1
11798, 497278796, 37, 0, 1
6151, 497284947, 15, 0, 1
5620, 497290567, 21, 0, 1
5641, 497296208, 25, 0, 1
11806, 497308014, 25, 0, 1
6138, 497314152, 13, 0, 1
5639, 497319791, 15, 0, 1
5646, 497325437, 21, 0, 1
20865, 497346302, 344, 16, 1
6113, 497352415, 30, 0, 1
5616, 497358031, 22, 0, 1
5658, 497363689, 11, 0, 1
11799, 497375488, 40, 0, 1
6151, 497381639, 14, 0, 1
5652, 497387291, 16, 0, 1
5658, 497392949, 11, 0, 1
11795, 497404744, 41, 0, 1
6138, 497410882, 17, 0, 1
5622, 497416504, 18, 0, 1
5658, 497422162, 10, 0, 1
11781, 497433943, 42, 0, 1
6132, 497440075, 31, 0, 1
5658, 497445733, 13, 0, 1
5657, 497451390, 16, 0, 1
11790, 497463180, 48, 0, 1
6122, 497469302, 29, 0, 1
5652, 497474954, 16, 0, 1
5658, 497480612, 13, 0, 1
11834, 497492446, 39, 0, 1
6132, 497498578, 18, 0, 1
5621, 497504199, 23, 0, 1
5651, 497509850, 18, 0, 1
11770, 497521620, 44, 0, 1
6151, 497527771, 14, 0, 1
5654, 497533425, 31, 0, 1
5645, 497539070, 16, 0, 1
11806, 497550876, 35, 0, 1
6138, 497557014, 16, 0, 1
5644, 497562658, 23, 0, 1
5643, 497568301, 28, 0, 1
11829, 497580130, 32, 0, 1
6127, 497586257, 33, 0, 1
5628, 497591885, 17, 0, 1
5658, 497597543, 11, 0, 1
13183, 497610726, 46, 0, 1
6135, 497616861, 32, 0, 1
5633, 497622494, 16, 0, 1
5658, 497628152, 13, 0, 1
11776, 497639928, 28, 0, 1
6145, 497646073, 16, 0, 1
5634, 497651707, 17, 0, 1
5656, 497657363, 27, 0, 1
11824, 497669187, 27, 0, 1
6135, 497675322, 20, 0, 1
5633, 497680955, 14, 0, 1
5645, 497686600, 17, 0, 1
11788, 497698388, 38, 0, 1
6138, 497704526, 13, 0, 1
5610, 497710136, 18, 0, 1
5658, 497715794, 11, 0, 1
11801, 497727595, 32, 0, 1
6125, 497733720, 21, 0, 1
5658, 497739378, 10, 0, 1
5652, 497745030, 12, 0, 1
11811, 497756841, 38, 0, 1
6151, 497762992, 14, 0, 1
5636, 497768628, 22, 0, 1
5627, 497774255, 23, 0, 1
11812, 497786067, 31, 0, 1
6142, 497792209, 30, 0, 1
5615, 497797824, 17, 0, 1
5652, 497803476, 26, 0, 1
11825, 497815301, 34, 0, 1
6126, 497821427, 24, 0, 1
5646, 497827073, 18, 0, 1
5644, 497832717, 28, 0, 1
11769, 497844486, 42, 0, 1
6145, 497850631, 18, 0, 1
6118, 497856749, 30, 0, 1
5652, 497862401, 17, 0, 1
11796, 497874197, 37, 0, 1
6138, 497880335, 16, 0, 1
5643, 497885978, 25, 0, 1
5658, 497891636, 13, 0, 1
11819, 497903455, 26, 0, 1
6138, 497909593, 15, 0, 1
5620, 497915213, 19, 0, 1
5657, 497920870, 24, 0, 1
11808, 497932678, 39, 0, 1
6138, 497938816, 16, 0, 1
5626, 497944442, 22, 0, 1
5652, 497950094, 16, 0, 1
11829, 497961923, 34, 0, 1
6132, 497968055, 21, 0, 1
5650, 497973705, 26, 0, 1
7035, 497980740, 31, 0, 1
11797, 497992537, 38, 0, 1
6138, 497998675, 23, 0, 1
5643, 498004318, 23, 0, 1
5652, 498009970, 20, 0, 1
11810, 498021780, 40, 0, 1
6122, 498027902, 31, 0, 1
5658, 498033560, 13, 0, 1
5657, 498039217, 20, 0, 1
11819, 498051036, 26, 0, 1
6135, 498057171, 31, 0, 1
5658, 498062829, 12, 0, 1
5658, 498068487, 14, 0, 1
11789, 498080276, 56, 0, 1
6151, 498086427, 18, 0, 1
5632, 498092059, 22, 0, 1
5658, 498097717, 11, 0, 1
11770, 498109487, 30, 0, 1
6138, 498115625, 18, 0, 1
5620, 498121245, 21, 0, 1
5658, 498126903, 11, 0, 1
11818, 498138721, 30, 0, 1
6138, 498144859, 15, 0, 1
5633, 498150492, 21, 0, 1
5658, 498156150, 9, 0, 1
11768, 498167918, 37, 0, 1
6138, 498174056, 15, 0, 1
5630, 498179686, 22, 0, 1
5652, 498185338, 12, 0, 1
11799, 498197137, 36, 0, 1
6129, 498203266, 30, 0, 1
5658, 498208924, 12, 0, 1
5658, 498214582, 12, 0, 1
11780, 498226362, 41, 0, 1
6147, 498232509, 25, 0, 1
5646, 498238155, 22, 0, 1
5661, 498243816, 28, 0, 1
11810, 498255626, 38, 0, 1
6113, 498261739, 23, 0, 1
5639, 498267378, 19, 0, 1
5621, 498272999, 21, 0, 1
11831, 498284830, 23, 0, 1
6090, 498290920, 22, 0, 1
5610, 498296530, 17, 0, 1
5645, 498302175, 20, 0, 1
11816, 498313991, 35, 0, 1
6142, 498320133, 27, 0, 1
5658, 498325791, 11, 0, 1
5652, 498331443, 14, 0, 1
11793, 498343236, 33, 0, 1
6132, 498349368, 20, 0, 1
6998, 498356366, 37, 0, 1
5645, 498362011, 22, 0, 1
11824, 498373835, 28, 0, 1
6145, 498379980, 17, 0, 1
5626, 498385606, 22, 0, 1
5652, 498391258, 18, 0, 1
11814, 498403072, 37, 0, 1
6138, 498409210, 17, 0, 1
5658, 498414868, 14, 0, 1
5658, 498420526, 11, 0, 1
11782, 498432308, 32, 0, 1
6102, 498438410, 21, 0, 1
5639, 498444049, 17, 0, 1
5652, 498449701, 12, 0, 1
11766, 498461467, 35, 0, 1
6133, 498467600, 18, 0, 1
5637, 498473237, 23, 0, 1
5658, 498478895, 9, 0, 1
11812, 498490707, 20, 0, 1
6138, 498496845, 15, 0, 1
5622, 498502467, 17, 0, 1
5646, 498508113, 13, 0, 1
11783, 498519896, 27, 0, 1
6120, 498526016, 21, 0, 1
5634, 498531650, 16, 0, 1
5658, 498537308, 16, 0, 1
11818, 498549126, 22, 0, 1
6151, 498555277, 16, 0, 1
5657, 498560934, 18, 0, 1
5652, 498566586, 12, 0, 1
11815, 498578401, 39, 0, 1
6137, 498584538, 20, 0, 1
5658, 498590196, 14, 0, 1
11830, 498602026, 26, 0, 1
5658, 498607684, 12, 0, 1
6138, 498613822, 18, 0, 1
5658, 498619480, 14, 0, 1
11792, 498631272, 36, 0, 1
5658, 498636930, 12, 0, 1
6132, 498643062, 24, 0, 1
5658, 498648720, 15, 0, 1
11831, 498660551, 26, 0, 1
884879, 499545430, 15344, 922, 5
6733, 499552163, 64, 0, 1
14543, 499566706, 357, 24, 1
18995, 499585701, 406, 25, 1
6396, 499592097, 42, 0, 1
6766, 499598863, 21, 0, 1
7036, 499605899, 36, 0, 1
16084, 499621983, 235, 11, 1
