5,1.0,390057898.37,3889417319.267523
8,390057899.37,418806003.12,3021399624.513291
7,418806004.12,482193519.28999996,1078954198.302667
9,482193520.28999996,529375020.14,710127551.439987
4,529375021.14,544871651.77,2021348296.0527227
8,544871652.77,1250755490.6299999,3021399624.513291
9,1250755491.6299999,1367660611.0600002,710127551.439987
8,1367660612.0600002,1984526247.6900008,3021399624.513291
9,1984526248.6900008,2130626994.619344,710127551.439987
0,2130626995.619344,2135455602.119344,239763616.18792993
9,2135455603.119344,2143468536.119344,710127551.439987
