3361360 3361360 66001 335
4050281 7411641 45306 1917
17477578 24889219 32021 1889
19029028 43918247 23926 1432
19420440 63338687 18981 914
19688684 83027371 18727 788
19526146 102553517 18908 1306
18393068 120946585 25562 2079
19260266 140206851 19696 1769
19801413 160008264 19423 833
19727878 179736142 21908 653
19428574 199164716 20461 1219
19660798 218825514 19628 2692
19560972 238386486 19721 589
18187962 256574448 25555 1437
19464415 276038863 21129 1249
19256458 295295321 20576 1202
19688323 314983644 20581 1937
19722368 334706012 21112 1085
19589355 354295367 21621 2667
19640980 373936347 20522 1594
19797084 393733431 20632 915
19685140 413418571 20770 1970
19660366 433078937 20999 389
19596212 452675149 20773 1578
19640130 472315279 20617 3309
17705877 490021156 31946 1637
6675647 496696803 13232 56
6108 496702911 331 1
5658 496708569 26 0
6117 496714686 24 0
11796 496726482 32 0
7035 496733517 87 0
5639 496739156 18 0
6167 496745323 18 0
11787 496757110 42 0
5640 496762750 15 0
5658 496768408 10 0
6151 496774559 28 0
11809 496786368 25 0
5650 496792018 19 0
5661 496797679 18 0
6154 496803833 16 0
11784 496815617 35 0
5658 496821275 12 0
5652 496826927 19 0
6173 496833100 19 0
11790 496844890 28 0
5658 496850548 10 0
5652 496856200 14 0
6130 496862330 21 0
11795 496874125 36 0
5658 496879783 13 0
5658 496885441 13 0
6186 496891627 19 0
11796 496903423 23 0
5657 496909080 15 0
5652 496914732 14 0
6154 496920886 18 0
11778 496932664 46 0
5639 496938303 16 0
5658 496943961 13 0
6136 496950097 22 0
11796 496961893 25 0
5658 496967551 20 0
5662 496973213 15 0
6161 496979374 17 0
11764 496991138 36 0
5651 496996789 21 0
5658 497002447 14 0
6147 497008594 25 0
11797 497020391 47 0
5640 497026031 20 0
5657 497031688 17 0
6136 497037824 29 0
11788 497049612 35 0
5658 497055270 13 0
5658 497060928 11 0
6173 497067101 20 0
11796 497078897 27 0
5658 497084555 13 0
5658 497090213 11 0
6160 497096373 18 0
13173 497109546 35 0
5658 497115204 13 0
5658 497120862 12 0
6173 497127035 19 0
11795 497138830 39 0
5658 497144488 12 0
5658 497150146 11 0
11810 497161956 51 0
6151 497168107 17 0
5658 497173765 13 0
5658 497179423 13 0
11812 497191235 34 0
6132 497197367 19 0
5658 497203025 14 0
5658 497208683 13 0
11831 497220514 29 0
6665 497227179 62 0
6333 497233512 26 0
5643 497239155 16 0
12876 497252031 50 0
6758 497258789 25 0
6578 497265367 20 0
6578 497271945 15 0
13156 497285101 29 0
6554 497291655 20 0
6577 497298232 22 0
6572 497304804 23 0
13138 497317942 37 0
6548 497324490 23 0
6536 497331026 23 0
6565 497337591 29 0
12859 497350450 39 0
6554 497357004 20 0
6591 497363595 18 0
6578 497370173 18 0
13140 497383313 44 0
6541 497389854 20 0
6566 497396420 21 0
6309 497402729 14 0
12909 497415638 25 0
7502 497423140 104 2
6303 497429443 23 0
6309 497435752 17 0
12894 497448646 39 0
6600 497455246 17 0
6301 497461547 22 0
6303 497467850 16 0
12931 497480781 28 0
6600 497487381 18 0
6309 497493690 12 0
6309 497499999 21 0
14266 497514265 51 0
6613 497520878 22 0
6309 497527187 14 0
6309 497533496 11 0
12911 497546407 44 0
6600 497553007 19 0
6309 497559316 12 0
6309 497565625 13 0
12913 497578538 37 0
6601 497585139 20 0
6266 497591405 20 0
6301 497597706 26 0
12905 497610611 26 0
6600 497617211 16 0
6302 497623513 14 0
6308 497629821 23 0
12908 497642729 29 0
6600 497649329 23 0
6309 497655638 13 0
6309 497661947 15 0
12919 497674866 33 0
6620 497681486 23 0
6303 497687789 17 0
6303 497694092 16 0
12899 497706991 38 0
6600 497713591 21 0
6297 497719888 22 0
6309 497726197 19 0
12919 497739116 38 0
6594 497745710 26 0
6303 497752013 15 0
6302 497758315 22 0
12907 497771222 34 0
6613 497777835 16 0
6309 497784144 14 0
6309 497790453 14 0
12925 497803378 23 0
6600 497809978 15 0
6309 497816287 15 0
6303 497822590 17 0
12913 497835503 35 0
6570 497842073 21 0
6309 497848382 17 0
6309 497854691 13 0
12917 497867608 29 0
6600 497874208 19 0
6591 497880799 21 0
6310 497887109 15 0
12861 497899970 33 0
6600 497906570 18 0
6578 497913148 18 0
6309 497919457 15 0
14286 497933743 48 0
6593 497940336 22 0
6583 497946919 21 0
6291 497953210 18 0
12883 497966093 42 0
6581 497972674 23 0
6309 497978983 14 0
6308 497985291 23 0
12942 497998233 37 0
6594 498004827 19 0
6309 498011136 12 0
6309 498017445 16 0
12895 498030340 40 0
15703 498046043 316 0
6274 498052317 34 0
6308 498058625 23 0
12906 498071531 36 0
6594 498078125 26 0
6309 498084434 11 0
6309 498090743 18 0
12936 498103679 43 0
6576 498110255 24 0
6309 498116564 16 0
6302 498122866 17 0
12889 498135755 30 0
6600 498142355 22 0
6309 498148664 16 0
6301 498154965 22 0
12907 498167872 36 0
6594 498174466 26 0
6303 498180769 16 0
6308 498187077 17 0
12905 498199982 46 0
6613 498206595 20 0
6309 498212904 16 0
6309 498219213 15 0
12924 498232137 36 0
6595 498238732 30 0
6572 498245304 22 0
6291 498251595 17 0
13190 498264785 30 0
6572 498271357 19 0
6309 498277666 13 0
6309 498283975 15 0
12925 498296900 27 0
6613 498303513 18 0
6309 498309822 15 0
6308 498316130 17 0
12925 498329055 26 0
6582 498335637 20 0
6309 498341946 17 0
7686 498349632 37 0
12913 498362545 41 0
6600 498369145 19 0
6309 498375454 21 0
6308 498381762 20 0
12887 498394649 41 0
6607 498401256 16 0
6296 498407552 21 0
6309 498413861 11 0
12942 498426803 60 0
6600 498433403 20 0
6303 498439706 15 0
6309 498446015 13 0
12912 498458927 33 0
6613 498465540 17 0
6309 498471849 11 0
6309 498478158 12 0
12906 498491064 31 0
6600 498497664 18 0
6309 498503973 13 0
6309 498510282 14 0
12937 498523219 42 0
6593 498529812 23 0
6291 498536103 15 0
6309 498542412 18 0
12910 498555322 39 0
6607 498561929 25 0
6309 498568238 14 0
6296 498574534 23 0
12906 498587440 39 0
6600 498594040 18 0
6297 498600337 17 0
6309 498606646 12 0
12926 498619572 28 0
6569 498626141 22 0
6309 498632450 14 0
6301 498638751 21 0
12918 498651669 32 0
6600 498658269 17 0
6303 498664572 15 0
6308 498670880 16 0
12925 498683805 44 0
6594 498690399 22 0
6309 498696708 13 0
6302 498703010 16 0
12912 498715922 31 0
6613 498722535 18 0
6296 498728831 21 0
6309 498735140 13 0
12901 498748041 31 0
6574 498754615 22 0
7686 498762301 24 0
6309 498768610 13 0
12924 498781534 36 0
6600 498788134 20 0
6301 498794435 14 0
6308 498800743 17 0
12907 498813650 25 0
6613 498820263 17 0
6309 498826572 12 0
6309 498832881 15 0
12877 498845758 34 0
6582 498852340 25 0
6291 498858631 17 0
6309 498864940 16 0
12944 498877884 31 0
6594 498884478 17 0
6309 498890787 12 0
6309 498897096 12 0
12931 498910027 24 0
6600 498916627 16 0
6308 498922935 15 0
6309 498929244 17 0
12944 498942188 29 0
6582 498948770 24 0
6303 498955073 12 0
6302 498961375 15 0
12898 498974273 34 0
6613 498980886 17 0
6303 498987189 17 0
6309 498993498 15 0
12912 499006410 30 0
6588 499012998 18 0
6309 499019307 13 0
6309 499025616 12 0
12944 499038560 20 0
6600 499045160 19 0
6291 499051451 20 0
6309 499057760 17 0
12917 499070677 33 0
6613 499077290 17 0
6297 499083587 15 0
6309 499089896 18 0
12915 499102811 33 0
6600 499109411 15 0
6297 499115708 13 0
6308 499122016 19 0
12919 499134935 33 0
683793 499818728 11832 560
211312 500030040 3375 51
6867 500036907 69 0
14488 500051395 127 0
12395 500063790 381 14
6674 500070464 55 0
6651 500077115 23 0
15335 500092450 142 2
6842 500099292 26 0
4358002 4358002 84760 368
14578102 18936104 52391 3102
19654475 38590579 18824 1684
18779117 57369696 24064 981
19732430 77102126 18702 885
19495087 96597213 20955 1091
19048897 115646110 25312 2293
18864581 134510691 19592 1091
19497272 154007963 18634 1110
19853356 173861319 19080 1080
19648210 193509529 21989 938
19542589 213052118 19225 2312
19705582 232757700 19208 1382
19353195 252110895 19161 1114
18472160 270583055 25786 1901
19225034 289808089 18767 876
19549517 309357606 18782 1629
19781394 329139000 18626 1223
19694596 348833596 19967 2809
19663751 368497347 18640 1870
19804468 388301815 18752 869
19882851 408184666 18971 2187
19769837 427954503 18834 795
19768399 447722902 18500 1751
19699282 467422184 18067 2886
17844374 485266558 30187 2278
10310761 495577319 17056 21
873281 496450600 3647 40
5646 496456246 36 0
12694 496468940 109 3
5658 496474598 12 0
6138 496480736 18 0
5639 496486375 17 0
11776 496498151 31 0
5652 496503803 16 0
6095 496509898 26 0
5646 496515544 21 0
13196 496528740 124 0
5658 496534398 15 0
6138 496540536 17 0
5651 496546187 20 0
11811 496557998 37 0
5658 496563656 12 0
6136 496569792 29 0
5664 496575456 18 0
11818 496587274 31 0
5639 496592913 18 0
6138 496599051 18 0
5644 496604695 22 0
11823 496616518 33 0
5658 496622176 11 0
6102 496628278 25 0
5638 496633916 23 0
11805 496645721 37 0
5652 496651373 14 0
6139 496657512 26 0
5634 496663146 16 0
11775 496674921 34 0
5638 496680559 24 0
6138 496686697 14 0
5639 496692336 21 0
11806 496704142 37 0
5658 496709800 13 0
6132 496715932 19 0
5645 496721577 26 0
11812 496733389 24 0
5658 496739047 8 0
6138 496745185 18 0
5656 496750841 27 0
11807 496762648 35 0
5645 496768293 24 0
6132 496774425 19 0
5646 496780071 17 0
11781 496791852 33 0
5658 496797510 14 0
6164 496803674 26 0
5658 496809332 12 0
11813 496821145 35 0
5645 496826790 20 0
6126 496832916 23 0
5646 496838562 16 0
11825 496850387 34 0
5638 496856025 25 0
6138 496862163 16 0
5652 496867815 17 0
11805 496879620 40 0
5658 496885278 12 0
6136 496891414 26 0
5658 496897072 16 0
13164 496910236 56 0
5634 496915870 18 0
6132 496922002 21 0
5658 496927660 14 0
11795 496939455 35 0
5650 496945105 24 0
6138 496951243 17 0
5640 496956883 16 0
12314 496969197 88 0
6354 496975551 55 0
6624 496982175 30 0
6357 496988532 32 0
12969 497001501 37 0
5652 497007153 20 0
6138 497013291 17 0
6097 497019388 24 0
12165 497031553 36 0
6127 497037680 15 1
14741 497052421 305 42
6086 497058507 46 0
12232 497070739 32 0
6103 497076842 32 0
6116 497082958 17 0
6098 497089056 19 0
12239 497101295 21 0
6101 497107396 30 0
6114 497113510 27 0
6098 497119608 21 0
12207 497131815 41 0
5648 497137463 28 0
6151 497143614 18 0
6115 497149729 20 0
11789 497161518 31 0
5639 497167157 25 0
6138 497173295 14 0
5622 497178917 15 0
11819 497190736 31 0
5651 497196387 13 0
6138 497202525 18 0
5650 497208175 18 0
11773 497219948 39 0
5658 497225606 16 0
6120 497231726 18 0
5650 497237376 22 0
11831 497249207 20 0
5658 497254865 11 0
6134 497260999 30 0
5645 497266644 17 0
11791 497278435 33 0
5658 497284093 13 0
6151 497290244 16 0
7008 497297252 44 0
11788 497309040 34 0
5656 497314696 18 0
6141 497320837 33 0
5652 497326489 16 0
11780 497338269 38 0
5658 497343927 9 0
6138 497350065 15 0
5621 497355686 19 0
11794 497367480 35 0
5644 497373124 25 0
6145 497379269 19 0
5658 497384927 12 0
11818 497396745 36 0
5658 497402403 13 0
6118 497408521 22 0
5637 497414158 23 0
11801 497425959 31 0
5652 497431611 14 0
6102 497437713 23 0
5628 497443341 19 0
11818 497455159 18 0
5657 497460816 15 0
6130 497466946 32 0
5658 497472604 11 0
11811 497484415 28 0
5633 497490048 20 0
6102 497496150 21 0
5646 497501796 24 0
11786 497513582 30 0
5658 497519240 9 0
6151 497525391 16 0
5628 497531019 15 0
11790 497542809 40 0
5654 497548463 22 0
6123 497554586 28 0
5658 497560244 7 0
11829 497572073 35 0
5645 497577718 19 0
6134 497583852 26 0
5644 497589496 22 0
11810 497601306 29 0
5657 497606963 25 0
6142 497613105 28 0
5634 497618739 14 0
11812 497630551 23 0
5658 497636209 11 0
6130 497642339 33 0
6116 497648455 22 0
11784 497660239 31 0
5616 497665855 13 0
7502 497673357 36 0
5657 497679014 14 0
11817 497690831 29 0
6110 497696941 23 0
6084 497703025 27 0
5658 497708683 12 0
11795 497720478 32 0
5658 497726136 11 0
6138 497732274 16 0
5658 497737932 10 0
11805 497749737 33 0
5652 497755389 15 0
6151 497761540 15 0
6074 497767614 22 0
11754 497779368 31 0
5658 497785026 8 0
6126 497791152 20 0
5649 497796801 21 0
20880 497817681 268 16
5658 497823339 19 0
6126 497829465 27 0
5657 497835122 31 0
11804 497846926 33 0
5655 497852581 23 0
6137 497858718 30 0
5640 497864358 17 0
11805 497876163 26 0
5649 497881812 23 0
6126 497887938 23 0
5632 497893570 23 0
11812 497905382 37 0
5642 497911024 24 0
6138 497917162 14 0
5658 497922820 10 0
11782 497934602 29 0
5657 497940259 19 0
6126 497946385 22 0
5658 497952043 12 0
11790 497963833 37 0
5649 497969482 23 0
6042 497975524 20 0
5645 497981169 19 0
11806 497992975 27 0
5656 497998631 21 0
6151 498004782 16 0
5628 498010410 19 0
11803 498022213 34 0
5658 498027871 10 0
6119 498033990 25 0
5646 498039636 15 0
11818 498051454 24 0
7015 498058469 47 0
6136 498064605 31 0
5658 498070263 9 0
11816 498082079 42 0
5652 498087731 13 0
6151 498093882 15 0
5661 498099543 25 0
11804 498111347 36 0
5656 498117003 21 0
6121 498123124 22 0
5632 498128756 19 0
11806 498140562 34 0
5658 498146220 11 0
6114 498152334 21 0
5645 498157979 14 0
11794 498169773 28 0
5658 498175431 12 0
6114 498181545 23 0
5651 498187196 18 0
11793 498198989 40 0
5658 498204647 11 0
6142 498210789 27 0
5621 498216410 18 0
11775 498228185 30 0
5658 498233843 9 0
6151 498239994 18 0
5616 498245610 21 0
11793 498257403 27 0
5646 498263049 12 0
6138 498269187 14 0
5647 498274834 21 0
11817 498286651 27 0
5652 498292303 13 0
6138 498298441 14 0
5631 498304072 16 0
11797 498315869 31 0
5658 498321527 9 0
6164 498327691 13 0
5658 498333349 9 0
11818 498345167 21 0
5645 498350812 18 0
6135 498356947 28 0
5628 498362575 22 0
11807 498374382 24 0
5652 498380034 13 0
6132 498386166 19 0
5658 498391824 11 0
11793 498403617 25 0
5658 498409275 10 0
6113 498415388 26 0
11255 498426643 26 0
7542 498434185 41 0
5652 498439837 14 0
6138 498445975 13 0
11290 498457265 38 0
6160 498463425 16 0
5666 498469091 25 0
6120 498475211 28 0
11305 498486516 28 0
6160 498492676 18 0
5658 498498334 12 0
6107 498504441 25 0
11271 498515712 40 0
6173 498521885 20 0
5658 498527543 12 0
6119 498533662 29 0
11316 498544978 13 0
6142 498551120 19 0
5655 498556775 23 0
6109 498562884 25 0
11268 498574152 37 0
6148 498580300 19 0
5655 498585955 26 0
6118 498592073 28 0
11315 498603388 30 0
6153 498609541 26 0
5658 498615199 9 0
6145 498621344 29 0
11313 498632657 35 0
6160 498638817 15 0
5657 498644474 22 0
6138 498650612 15 0
11310 498661922 26 0
6173 498668095 12 0
5645 498673740 15 0
6096 498679836 20 0
11250 498691086 33 0
6148 498697234 21 0
5650 498702884 21 0
6140 498709024 21 0
11297 498720321 34 0
915041 499635362 15760 611
6723 499642085 346 0
6668 499648753 53 0
17230 499665983 387 3
8295 499674278 42 4
6662 499680940 27 0
7788 499688728 150 1
12489 499701217 52 0
412739 412739 8935 68
5949407 6362146 94508 1696
17140081 23502227 37340 2065
19460087 42962314 22181 1492
19090092 62052406 21568 884
19791101 81843507 18398 713
19654876 101498383 18744 974
19602017 121100400 19468 1123
19134040 140234440 24569 2568
19309141 159543581 19283 579
19309690 178853271 18883 727
19495191 198348462 19854 1114
19600300 217948762 21363 2535
19670693 237619455 18808 773
19078476 256697931 23893 1348
19653406 276351337 19740 1424
19241300 295592637 20350 1269
9775863 305368500 10113 797
12566081 317934581 13508 862
19741082 337675663 20412 1241
19731986 357407649 19442 2501
19754500 377162149 19349 1313
19775694 396937843 19165 1459
19729921 416667764 20172 1371
19744257 436412021 19482 895
19752097 456164118 20177 2013
19728339 475892457 19540 2691
15342772 491235229 31495 1356
5380149 496615378 10376 39
5651 496621029 29 0
6138 496627167 17 0
11309 496638476 31 0
6173 496644649 17 0
5649 496650298 26 0
6100 496656398 26 0
11272 496667670 31 0
6160 496673830 18 0
5657 496679487 27 0
6151 496685638 18 0
11297 496696935 30 0
6134 496703069 27 0
5644 496708713 22 0
6138 496714851 18 0
11295 496726146 39 0
6173 496732319 17 0
5649 496737968 31 0
6096 496744064 27 0
11265 496755329 35 0
6142 496761471 23 0
5651 496767122 17 0
6151 496773273 19 0
11286 496784559 23 0
6124 496790683 25 1
5658 496796341 11 0
7515 496803856 96 0
11316 496815172 29 0
6179 496821351 21 0
5658 496827009 11 0
6138 496833147 15 0
11286 496844433 24 0
6160 496850593 18 0
5658 496856251 10 0
6125 496862376 23 0
11310 496873686 34 0
6173 496879859 18 0
5656 496885515 20 0
6132 496891647 20 0
11304 496902951 21 0
6166 496909117 20 0
5658 496914775 10 0
6145 496920920 21 0
11307 496932227 41 0
6141 496938368 23 0
5658 496944026 16 0
6132 496950158 21 0
11316 496961474 19 0
6173 496967647 19 0
5646 496973293 15 0
6138 496979431 17 0
11316 496990747 14 0
6160 496996907 16 0
5658 497002565 17 0
6151 497008716 16 0
11295 497020011 29 0
6160 497026171 21 0
5658 497031829 10 0
6138 497037967 17 0
11303 497049270 21 0
6141 497055411 25 0
5658 497061069 13 0
6119 497067188 21 0
11286 497078474 31 0
6118 497084592 24 0
5652 497090244 17 0
6128 497096372 35 0
11304 497107676 27 0
6173 497113849 16 0
5640 497119489 19 0
6138 497125627 18 0
11302 497136929 41 0
6687 497143616 59 0
6333 497149949 19 0
6646 497156595 28 0
11969 497168564 39 0
6623 497175187 25 0
7487 497182674 51 0
6109 497188783 19 0
12226 497201009 45 0
6116 497207125 19 0
6116 497213241 18 0
6116 497219357 16 0
12205 497231562 45 0
6116 497237678 18 0
6098 497243776 21 0
6129 497249905 17 0
12208 497262113 31 0
6116 497268229 15 0
6121 497274350 24 0
6116 497280466 16 0
11774 497292240 21 0
6151 497298391 18 0
6116 497304507 17 0
6116 497310623 14 0
11749 497322372 40 0
6132 497328504 16 0
5658 497334162 8 0
6125 497340287 20 0
11278 497351565 21 0
6173 497357738 19 0
5658 497363396 14 0
6138 497369534 17 0
11292 497380826 38 0
6153 497386979 17 0
5652 497392631 15 0
6151 497398782 16 0
11274 497410056 34 0
6160 497416216 14 0
5658 497421874 15 0
6096 497427970 21 0
11280 497439250 25 0
6173 497445423 17 0
5658 497451081 11 0
6138 497457219 15 0
11303 497468522 25 0
6141 497474663 23 0
5658 497480321 13 0
6151 497486472 15 0
11286 497497758 35 0
6160 497503918 19 0
5620 497509538 19 0
6137 497515675 18 0
11303 497526978 21 0
6154 497533132 19 0
5658 497538790 15 0
6138 497544928 13 0
11316 497556244 11 0
7537 497563781 35 0
5658 497569439 12 0
6138 497575577 16 0
11292 497586869 18 0
6186 497593055 16 0
5658 497598713 10 0
6138 497604851 14 0
11316 497616167 20 0
6160 497622327 12 0
5658 497627985 9 0
6139 497634124 19 0
11297 497645421 29 0
6128 497651549 24 0
5658 497657207 12 0
6121 497663328 20 0
11290 497674618 23 0
6167 497680785 17 0
5652 497686437 12 0
6132 497692569 13 0
11296 497703865 32 0
6151 497710016 21 0
5658 497715674 10 0
6139 497721813 22 0
11316 497733129 17 0
6148 497739277 19 0
5657 497744934 17 0
6138 497751072 16 0
11304 497762376 19 0
6173 497768549 14 0
5657 497774206 19 0
6119 497780325 19 0
11303 497791628 23 0
6153 497797781 24 0
5658 497803439 11 0
6138 497809577 15 0
11316 497820893 12 0
6154 497827047 21 0
5652 497832699 14 0
6138 497838837 15 0
11309 497850146 24 0
6153 497856299 24 0
5652 497861951 13 0
6132 497868083 23 0
11306 497879389 37 0
6154 497885543 17 0
5658 497891201 19 0
6138 497897339 16 0
11292 497908631 20 0
6167 497914798 18 0
5652 497920450 12 0
6138 497926588 20 0
12693 497939281 26 0
6160 497945441 17 0
5658 497951099 11 0
6164 497957263 17 0
11768 497969031 24 0
6132 497975163 21 0
5658 497980821 13 0
6138 497986959 15 0
11774 497998733 16 0
6151 498004884 22 0
5658 498010542 13 0
12223 498022765 36 0
5652 498028417 15 0
6137 498034554 19 0
5651 498040205 20 0
11777 498051982 27 0
5658 498057640 11 0
15236 498072876 337 0
5658 498078534 32 0
12254 498090788 40 0
5652 498096440 15 0
6130 498102570 23 0
5652 498108222 23 0
11796 498120018 37 0
5664 498125682 26 0
6159 498131841 25 0
5658 498137499 13 0
11790 498149289 31 0
5658 498154947 17 0
6173 498161120 12 0
5658 498166778 11 0
11796 498178574 21 0
5658 498184232 10 0
6152 498190384 30 0
5652 498196036 14 0
11791 498207827 26 0
5651 498213478 16 0
6160 498219638 14 0
5658 498225296 10 0
11796 498237092 28 0
5658 498242750 9 0
6167 498248917 14 0
5657 498254574 19 0
11777 498266351 24 0
5652 498272003 22 0
6112 498278115 22 0
5658 498283773 10 0
11782 498295555 37 0
5652 498301207 16 0
6172 498307379 25 0
5651 498313030 19 0
13155 498326185 48 0
5646 498331831 13 0
6147 498337978 17 0
5658 498343636 12 0
12259 498355895 42 0
5640 498361535 14 0
6137 498367672 17 0
5646 498373318 13 0
11790 498385108 25 0
5658 498390766 12 0
6169 498396935 25 0
5658 498402593 14 0
11777 498414370 34 0
5657 498420027 14 0
6160 498426187 21 0
5658 498431845 13 0
11809 498443654 22 0
5658 498449312 9 0
6160 498455472 15 0
5664 498461136 23 0
11740 498472876 30 0
5652 498478528 12 0
6167 498484695 21 0
5658 498490353 14 0
11796 498502149 32 0
5658 498507807 12 0
6160 498513967 16 0
5658 498519625 12 0
11766 498531391 25 0
5652 498537043 15 0
6172 498543215 20 0
5658 498548873 11 0
11788 498560661 42 0
5652 498566313 15 0
6136 498572449 24 0
5657 498578106 17 0
11803 498589909 24 0
5658 498595567 10 0
6154 498601721 17 0
5651 498607372 18 0
11794 498619166 34 0
5658 498624824 9 0
6153 498630977 20 0
5658 498636635 15 0
11746 498648381 40 0
5651 498654032 21 0
6142 498660174 20 0
5652 498665826 12 0
11803 498677629 30 0
5652 498683281 18 0
6160 498689441 16 0
5652 498695093 19 0
13143 498708236 35 0
5652 498713888 13 0
6199 498720087 17 0
5658 498725745 11 0
11796 498737541 22 0
5658 498743199 10 0
6160 498749359 13 0
5658 498755017 12 0
11796 498766813 20 0
5658 498772471 9 0
6172 498778643 17 0
5658 498784301 10 0
11770 498796071 32 0
5658 498801729 13 0
6160 498807889 14 0
5656 498813545 12 0
19961 498833506 280 5
5652 498839158 15 0
6112 498845270 22 0
5657 498850927 22 0
11736 498862663 36 0
5647 498868310 14 0
6161 498874471 19 0
5652 498880123 13 0
11783 498891906 38 0
5658 498897564 11 0
6160 498903724 14 0
5658 498909382 12 0
926712 499836094 15413 599
6442 499842536 44 0
6739 499849275 35 0
6397 499855672 26 0
18773 499874445 385 11
6439 499880884 29 0
6814 499887698 22 0
7986 499895684 111 1
12926 499908610 64 0
2500995 2500995 52390 216
10469415 12970410 75734 2601
19379783 32350193 19159 1328
19193462 51543655 24137 1342
19191214 70734869 17614 621
19653376 90388245 17173 658
19622222 110010467 17582 1009
18367106 128377573 24730 1922
19317570 147695143 18081 1025
19864331 167559474 17812 721
19701754 187261228 20166 652
19577498 206838726 18894 1379
19662692 226501418 18593 2202
19694836 246196254 17931 524
18240913 264437167 24373 1755
19435906 283873073 19315 859
19368106 303241179 18888 1324
19691195 322932374 19011 1238
19831990 342764364 18845 1498
19677840 362442204 18733 2273
19849998 382292202 18639 689
19651579 401943781 18587 1727
19827628 421771409 18480 683
19672303 441443712 19503 1400
19684089 461127801 18728 1953
19759224 480887025 18830 2804
12271567 493158592 29396 395
3217820 496376412 7795 49
5646 496382058 26 0
5652 496387710 21 0
6154 496393864 20 0
11775 496405639 35 0
5646 496411285 14 0
5662 496416947 21 0
6186 496423133 21 0
11796 496434929 30 0
5658 496440587 13 0
5646 496446233 14 0
6148 496452381 20 0
20866 496473247 301 0
5658 496478905 25 0
5652 496484557 20 0
6159 496490716 19 0
11796 496502512 26 0
5658 496508170 14 0
5658 496513828 11 0
6167 496519995 17 0
11790 496531785 32 0
5658 496537443 12 0
5658 496543101 20 0
6160 496549261 15 0
11796 496561057 25 0
5658 496566715 10 0
5658 496572373 8 0
6173 496578546 18 0
11784 496590330 40 0
5657 496595987 14 0
5658 496601645 10 0
6160 496607805 17 0
11808 496619613 37 0
5645 496625258 22 0
5652 496630910 16 0
6147 496637057 22 0
11796 496648853 26 0
5658 496654511 10 0
7035 496661546 90 0
6167 496667713 20 0
11724 496679437 31 0
5616 496685053 18 0
5658 496690711 11 0
6166 496696877 19 0
11797 496708674 34 0
5632 496714306 19 0
5658 496719964 12 0
6159 496726123 17 0
11795 496737918 28 0
5657 496743575 11 0
5652 496749227 15 0
6161 496755388 19 0
11796 496767184 23 0
5658 496772842 11 0
5658 496778500 10 0
6160 496784660 17 0
11789 496796449 29 0
5658 496802107 18 0
5658 496807765 8 0
11844 496819609 23 0
6126 496825735 27 0
5640 496831375 16 0
5657 496837032 14 0
11800 496848832 33 0
6145 496854977 22 0
5640 496860617 18 0
5658 496866275 13 0
11818 496878093 25 0
6138 496884231 17 0
5658 496889889 12 0
5658 496895547 13 0
12555 496908102 84 0
6974 496915076 55 0
6373 496921449 16 0
6333 496927782 15 0
12275 496940057 28 0
6151 496946208 17 0
6116 496952324 18 0
6080 496958404 24 0
12225 496970629 36 0
6110 496976739 16 0
6110 496982849 30 0
6115 496988964 21 0
12233 497001197 49 5
6109 497007306 21 0
6104 497013410 24 0
6086 497019496 18 0
12220 497031716 29 0
6110 497037826 20 0
7481 497045307 37 0
6110 497051417 19 0
11768 497063185 22 0
6138 497069323 14 0
6114 497075437 28 0
5658 497081095 11 0
11778 497092873 31 0
6133 497099006 19 0
5646 497104652 14 0
5658 497110310 11 0
11812 497122122 21 0
6138 497128260 18 0
5652 497133912 11 0
5652 497139564 14 0
11812 497151376 36 0
6138 497157514 15 0
5658 497163172 9 0
5658 497168830 10 0
11818 497180648 24 0
6177 497186825 18 0
5658 497192483 11 0
5658 497198141 11 0
11763 497209904 39 0
6138 497216042 19 0
5651 497221693 15 0
5658 497227351 11 0
11806 497239157 26 0
6138 497245295 17 0
5652 497250947 11 0
5652 497256599 14 0
11818 497268417 22 0
6138 497274555 17 0
5652 497280207 13 0
5658 497285865 15 0
11795 497297660 36 0
6132 497303792 15 0
5652 497309444 16 0
5658 497315102 11 0
11806 497326908 31 0
6151 497333059 18 0
5646 497338705 16 0
5658 497344363 10 0
11818 497356181 22 0
6138 497362319 16 0
5652 497367971 15 0
5646 497373617 13 0
11817 497385434 35 0
6138 497391572 17 0
5647 497397219 15 0
5651 497402870 20 0
11811 497414681 23 0
7528 497422209 28 0
5658 497427867 9 0
5658 497433525 11 0
11776 497445301 33 0
6138 497451439 15 0
5652 497457091 12 0
5658 497462749 10 0
12546 497475295 44 0
6624 497481919 24 0
6373 497488292 21 0
6333 497494625 14 0
12274 497506899 40 0
6116 497513015 16 0
6116 497519131 15 0
5657 497524788 18 0
11809 497536597 40 0
6119 497542716 21 0
5658 497548374 11 0
5657 497554031 17 0
11799 497565830 35 0
6139 497571969 24 0
5658 497577627 12 0
5657 497583284 16 0
11798 497595082 29 0
6120 497601202 21 0
5657 497606859 18 0
5657 497612516 18 0
11823 497624339 31 0
6138 497630477 16 0
5658 497636135 10 0
5658 497641793 14 0
11818 497653611 21 0
6145 497659756 19 0
5652 497665408 12 0
5650 497671058 19 0
11806 497682864 25 0
6132 497688996 17 0
5658 497694654 12 0
5651 497700305 13 0
11697 497712002 39 0
6138 497718140 16 0
5658 497723798 11 0
5657 497729455 14 0
11770 497741225 31 0
6138 497747363 16 0
5628 497752991 14 0
5658 497758649 13 0
11831 497770480 20 0
6132 497776612 18 0
5652 497782264 15 0
5658 497787922 12 0
13182 497801104 43 0
6139 497807243 18 0
5658 497812901 11 0
5658 497818559 11 0
12276 497830835 33 0
6127 497836962 21 0
6116 497843078 19 0
5658 497848736 9 0
11809 497860545 25 0
6138 497866683 14 0
6116 497872799 19 0
5658 497878457 11 0
11790 497890247 25 0
6109 497896356 22 0
5622 497901978 18 0
5646 497907624 15 0
11811 497919435 34 0
6138 497925573 16 0
5652 497931225 11 0
5658 497936883 12 0
11837 497948720 24 0
6120 497954840 17 0
5646 497960486 12 0
5652 497966138 15 0
11812 497977950 22 0
6138 497984088 15 0
5658 497989746 9 0
5658 497995404 11 0
11825 498007229 21 0
6138 498013367 16 0
5658 498019025 9 0
5652 498024677 14 0
11787 498036464 29 0
6151 498042615 17 0
5658 498048273 13 0
5658 498053931 14 0
11792 498065723 30 0
6120 498071843 19 0
5652 498077495 13 0
5651 498083146 12 0
11776 498094922 37 0
6132 498101054 16 0
5658 498106712 11 0
5652 498112364 15 0
11817 498124181 34 0
6133 498130314 18 0
5658 498135972 11 0
5658 498141630 10 0
11797 498153427 36 0
6138 498159565 15 0
5658 498165223 13 0
5652 498170875 13 0
13195 498184070 42 0
6138 498190208 15 0
5658 498195866 11 0
5658 498201524 9 0
11776 498213300 30 0
6138 498219438 15 0
5639 498225077 19 0
5652 498230729 13 0
11792 498242521 41 0
6125 498248646 24 0
5652 498254298 14 0
5657 498259955 18 0
11804 498271759 34 0
6157 498277916 14 0
5658 498283574 10 0
5658 498289232 13 0
11812 498301044 21 0
6138 498307182 16 0
5652 498312834 12 0
5640 498318474 19 0
11844 498330318 19 0
6138 498336456 16 0
5658 498342114 10 0
5652 498347766 14 0
11806 498359572 27 0
6151 498365723 21 0
5652 498371375 13 0
5646 498377021 19 0
11758 498388779 30 0
6132 498394911 20 0
5658 498400569 12 0
5657 498406226 17 0
11823 498418049 26 0
6138 498424187 15 0
5658 498429845 11 0
5657 498435502 16 0
11818 498447320 21 0
6138 498453458 14 0
5658 498459116 10 0
5652 498464768 15 0
11825 498476593 25 0
6137 498482730 19 0
5658 498488388 13 0
5652 498494040 13 0
11794 498505834 31 0
6145 498511979 20 0
5658 498517637 11 0
5657 498523294 15 0
11788 498535082 35 0
6138 498541220 16 0
5652 498546872 13 0
7034 498553906 28 0
11812 498565718 41 0
6132 498571850 24 0
5652 498577502 13 0
5658 498583160 12 0
11804 498594964 35 0
6145 498601109 19 0
5652 498606761 12 0
5657 498612418 16 0
11817 498624235 30 0
6137 498630372 20 0
5658 498636030 20 0
5658 498641688 12 0
903506 499545194 15573 708
6707 499551901 68 0
6703 499558604 39 0
6666 499565270 36 0
18576 499583846 414 8
6733 499590579 30 0
6748 499597327 17 0
7975 499605302 107 2
2621389 2621389 53856 228
11031012 13652401 75313 2498
19434030 33086431 18888 1306
19427270 52513701 20918 1200
19062523 71576224 21621 625
19677671 91253895 20055 891
19630343 110884238 18138 1080
18822425 129706663 25045 1816
19149734 148856397 18859 1030
19908415 168764812 19763 845
19293662 188058474 20995 538
19705655 207764129 18987 1337
19622040 227386169 19317 2013
19651044 247037213 20389 541
18795848 265833061 23836 1766
19380557 285213618 18387 682
19017543 304231161 18914 1556
19571473 323802634 19151 1208
19847092 343649726 19429 1684
19646517 363296243 18362 2201
19836172 383132415 18042 845
19660153 402792568 18982 1686
19841034 422633602 18629 504
19711918 442345520 18792 1595
19755233 462100753 18652 1614
19692809 481793562 19323 2811
11662663 493456225 28223 191
2869360 496325585 6724 49
6091 496331676 38 0
11796 496343472 29 0
5645 496349117 16 0
5652 496354769 22 0
7499 496362268 108 0
11780 496374048 48 0
5658 496379706 13 0
5658 496385364 10 0
6154 496391518 19 0
11783 496403301 39 0
5658 496408959 12 0
5646 496414605 13 0
6172 496420777 21 0
11789 496432566 34 0
5651 496438217 14 0
5628 496443845 20 0
6158 496450003 24 0
11764 496461767 37 0
5640 496467407 22 0
5650 496473057 23 0
6173 496479230 17 0
11790 496491020 29 0
5639 496496659 18 0
5658 496502317 9 0
6148 496508465 18 0
11796 496520261 28 0
5652 496525913 23 0
5651 496531564 18 0
6160 496537724 16 0
11796 496549520 22 0
5658 496555178 9 0
5652 496560830 17 0
20902 496581732 368 2
6138 496587870 23 0
5634 496593504 19 0
5652 496599156 16 1
11764 496610920 39 0
6164 496617084 17 0
5658 496622742 13 0
5655 496628397 30 0
11779 496640176 50 0
6138 496646314 15 0
5640 496651954 25 0
5658 496657612 13 0
11783 496669395 37 0
6137 496675532 22 0
5630 496681162 25 0
5652 496686814 12 0
11818 496698632 25 0
6138 496704770 19 0
5658 496710428 13 0
5651 496716079 15 0
11819 496727898 26 0
6138 496734036 19 0
5658 496739694 12 0
7035 496746729 33 0
11769 496758498 50 0
6151 496764649 19 0
5615 496770264 17 0
5657 496775921 20 0
11769 496787690 32 0
6102 496793792 22 0
5628 496799420 18 0
5658 496805078 12 0
11831 496816909 23 0
6138 496823047 17 0
5658 496828705 13 0
5658 496834363 13 0
11790 496846153 43 0
6145 496852298 19 0
5658 496857956 12 0
5658 496863614 13 0
13019 496876633 79 0
6665 496883298 22 0
6578 496889876 23 0
6310 496896186 25 0
12266 496908452 37 0
6104 496914556 23 0
6098 496920654 21 0
6092 496926746 24 0
12231 496938977 37 0
6104 496945081 20 0
6116 496951197 24 0
6121 496957318 20 0
12195 496969513 42 0
6116 496975629 20 0
6074 496981703 23 0
6116 496987819 20 0
12258 497000077 31 0
6104 497006181 19 0
6104 497012285 21 0
5658 497017943 16 0
12259 497030202 33 0
6116 497036318 17 0
6116 497042434 21 0
5658 497048092 13 0
11776 497059868 37 0
6124 497065992 25 0
5662 497071654 22 0
5652 497077306 15 0
11807 497089113 37 0
6145 497095258 16 0
5651 497100909 21 0
5651 497106560 13 0
11799 497118359 33 0
6131 497124490 18 0
7023 497131513 36 0
5658 497137171 19 0
11818 497148989 34 0
6138 497155127 16 0
5658 497160785 18 0
5658 497166443 11 0
11793 497178236 35 0
6131 497184367 17 0
5658 497190025 12 0
5652 497195677 13 0
11817 497207494 33 0
6132 497213626 25 0
5658 497219284 14 0
5656 497224940 19 0
11793 497236733 36 0
6151 497242884 20 0
5658 497248542 15 0
5658 497254200 13 0
11806 497266006 25 0
6138 497272144 17 0
5658 497277802 13 0
5662 497283464 19 0
11819 497295283 34 0
6132 497301415 21 0
5658 497307073 11 0
5658 497312731 12 0
11805 497324536 27 0
6151 497330687 17 0
5658 497336345 13 0
5658 497342003 10 0
11793 497353796 40 0
6132 497359928 20 0
5650 497365578 17 0
5652 497371230 14 0
11821 497383051 33 0
6132 497389183 23 0
5658 497394841 16 0
5658 497400499 11 0
11792 497412291 38 0
6138 497418429 18 0
5640 497424069 13 0
5658 497429727 14 0
11819 497441546 26 0
6138 497447684 14 0
5658 497453342 12 0
5658 497459000 11 0
11787 497470787 30 0
6139 497476926 20 0
5646 497482572 13 0
5657 497488229 16 0
11817 497500046 29 0
7515 497507561 33 0
5646 497513207 14 0
5652 497518859 23 0
11824 497530683 42 0
6138 497536821 18 0
5652 497542473 18 0
5645 497548118 18 0
11797 497559915 33 0
6145 497566060 21 0
5652 497571712 13 0
5656 497577368 20 0
11811 497589179 42 0
6138 497595317 17 0
5655 497600972 18 0
5658 497606630 14 0
11831 497618461 24 0
6145 497624606 14 0
5645 497630251 17 0
5652 497635903 18 0
11804 497647707 42 0
6138 497653845 16 0
5652 497659497 12 0
5658 497665155 13 0
11831 497676986 20 0
6138 497683124 17 0
5658 497688782 13 0
5658 497694440 13 0
11812 497706252 27 0
6151 497712403 17 0
5658 497718061 13 0
5651 497723712 17 0
11794 497735506 33 0
6126 497741632 20 0
5658 497747290 13 0
5658 497752948 11 0
11820 497764768 31 0
6132 497770900 18 0
5658 497776558 12 0
5658 497782216 15 0
11812 497794028 21 0
6151 497800179 18 0
5652 497805831 13 0
5657 497811488 17 0
11787 497823275 32 0
6138 497829413 18 0
5634 497835047 18 0
5658 497840705 10 0
11830 497852535 27 0
6138 497858673 16 0
5652 497864325 13 0
5651 497869976 14 0
13195 497883171 35 0
6138 497889309 19 0
5658 497894967 13 0
5651 497900618 23 0
11806 497912424 27 0
6126 497918550 26 0
5650 497924200 19 0
5658 497929858 12 0
11811 497941669 25 0
6151 497947820 14 0
5652 497953472 17 0
5651 497959123 23 0
11817 497970940 25 0
6126 497977066 21 0
5634 497982700 15 0
5658 497988358 16 0
11831 498000189 20 0
6138 498006327 19 0
5658 498011985 10 0
5663 498017648 18 0
11779 498029427 37 0
6145 498035572 19 0
5658 498041230 17 0
5658 498046888 11 0
11806 498058694 28 0
6138 498064832 18 0
5658 498070490 14 0
5658 498076148 14 0
11801 498087949 25 0
6132 498094081 23 0
5658 498099739 12 0
5658 498105397 14 0
11805 498117202 32 0
6138 498123340 20 0
5628 498128968 16 0
5658 498134626 12 0
11844 498146470 25 0
6138 498152608 18 0
5658 498158266 8 0
5658 498163924 12 0
11806 498175730 35 0
7033 498182763 91 4
5658 498188421 15 0
5658 498194079 13 0
11792 498205871 36 0
6138 498212009 18 0
5658 498217667 13 0
5658 498223325 13 0
11831 498235156 25 0
6138 498241294 15 0
5658 498246952 13 0
5658 498252610 11 0
13189 498265799 50 0
6151 498271950 17 0
5628 498277578 15 0
5645 498283223 21 0
11799 498295022 34 0
6138 498301160 19 0
5650 498306810 21 0
5657 498312467 17 0
11804 498324271 37 0
6126 498330397 18 0
5658 498336055 12 0
5658 498341713 13 0
11799 498353512 44 0
6110 498359622 22 0
5658 498365280 12 0
5658 498370938 11 0
11831 498382769 20 0
6138 498388907 17 0
5658 498394565 10 0
5658 498400223 13 0
11807 498412030 38 0
6151 498418181 17 0
5658 498423839 17 0
5658 498429497 12 0
11818 498441315 21 0
6138 498447453 18 0
5652 498453105 11 0
5658 498458763 17 0
11764 498470527 42 0
6132 498476659 19 0
5657 498482316 17 0
5645 498487961 19 0
11811 498499772 32 0
6164 498505936 16 0
5658 498511594 15 0
5658 498517252 13 0
11818 498529070 28 0
6138 498535208 18 0
5658 498540866 10 0
5658 498546524 16 0
11822 498558346 28 0
6136 498564482 21 0
5658 498570140 12 0
5658 498575798 12 0
11811 498587609 29 0
6138 498593747 16 0
5633 498599380 17 0
8997 498608377 175 1
902741 499511118 15210 597
8087 499519205 133 0
6438 499525643 26 0
18551 499544194 418 24
6665 499550859 35 0
6689 499557548 32 0
6661 499564209 31 0
14612 499578821 169 3
