160298 160298 5716 640
4571655 4731953 86187 8468
13650377 18382330 45451 15485
18989199 37371529 18819 5953
18685056 56056585 21269 6139
18916858 74973443 21704 7360
19250322 94223765 18500 6183
19029033 113252798 19468 6277
18406457 131659255 24018 8592
18634412 150293667 19581 6639
19302761 169596428 19227 6224
18744159 188340587 19704 6411
18988915 207329502 22008 7237
19235364 226564866 19347 6182
19151466 245716332 19502 6623
18235621 263951953 25880 7258
19177965 283129918 19719 6586
18712710 301842628 19449 6280
19033941 320876569 18989 6264
18791889 339668458 20493 6543
19457851 359126309 19733 6313
19343687 378469996 19636 6513
19256886 397726882 19602 6947
19168251 416895133 20419 7174
19406361 436301494 19538 6591
19343349 455644843 19299 6720
19349054 474993897 19820 6721
15532762 490526659 33118 7681
5785607 496312266 10754 884
6144 496318410 367 46
5658 496324068 26 1
11815 496335883 48 0
6133 496342016 20 0
5622 496347638 22 1
5651 496353289 19 0
11827 496365116 44 2
6138 496371254 17 1
5638 496376892 28 0
5656 496382548 28 0
11800 496394348 46 4
6132 496400480 19 0
5648 496406128 33 0
5675 496411803 32 0
11782 496423585 47 1
6126 496429711 23 0
5622 496435333 21 1
5651 496440984 20 0
11793 496452777 50 5
6138 496458915 17 0
5621 496464536 23 2
5657 496470193 20 0
11843 496482036 33 3
6138 496488174 18 0
5620 496493794 29 0
7020 496500814 114 21
11791 496512605 47 1
6129 496518734 30 0
5658 496524392 24 7
5652 496530044 15 0
11814 496541858 45 1
6118 496547976 26 0
5646 496553622 31 8
5657 496559279 19 1
11784 496571063 52 4
6153 496577216 39 0
5652 496582868 22 0
5658 496588526 15 0
11758 496600284 46 0
6132 496606416 25 0
5643 496612059 33 0
5658 496617717 11 0
11813 496629530 35 0
6114 496635644 27 4
5633 496641277 26 0
5651 496646928 18 0
11818 496658746 31 5
6119 496664865 34 0
6116 496670981 37 2
5657 496676638 31 7
11757 496688395 117 16
6135 496694530 39 1
6116 496700646 37 1
5658 496706304 41 30
20909 496727213 696 523
6138 496733351 28 1
5658 496739009 24 6
5652 496744661 17 1
11802 496756463 64 5
6132 496762595 21 0
5652 496768247 28 11
5663 496773910 19 0
11803 496785713 85 9
6138 496791851 16 0
5646 496797497 27 9
5658 496803155 10 0
11800 496814955 40 0
6151 496821106 18 0
5657 496826763 41 21
5658 496832421 11 0
11793 496844214 39 4
6138 496850352 23 0
5658 496856010 32 15
5658 496861668 13 0
11851 496873519 74 3
6126 496879645 23 0
7492 496887137 77 16
5646 496892783 23 0
12512 496905295 84 15
10832 496916127 324 113
6452 496922579 54 6
6652 496929231 45 0
13288 496942519 48 0
6578 496949097 23 0
6578 496955675 23 1
6576 496962251 43 3
13165 496975416 50 1
6577 496981993 30 1
6559 496988552 29 0
6585 496995137 42 0
13156 497008293 37 0
6566 497014859 27 0
6585 497021444 17 0
6565 497028009 25 0
13147 497041156 45 1
6564 497047720 30 0
6578 497054298 22 0
6562 497060860 33 0
13161 497074021 44 0
6585 497080606 24 0
6570 497087176 30 0
6583 497093759 33 0
13153 497106912 48 0
6578 497113490 27 0
6582 497120072 36 0
6591 497126663 26 0
12891 497139554 43 1
6600 497146154 20 0
6565 497152719 26 0
6296 497159015 23 3
12890 497171905 28 1
6601 497178506 24 0
6571 497185077 29 1
6281 497191358 26 0
12907 497204265 37 0
6600 497210865 18 0
6302 497217167 28 1
6309 497223476 16 0
12943 497236419 29 0
6603 497243022 25 0
6309 497249331 14 0
6308 497255639 23 0
12930 497268569 31 0
6598 497275167 34 0
6603 497281770 22 0
6309 497288079 15 0
12904 497300983 45 0
7977 497308960 46 1
6303 497315263 25 0
6300 497321563 27 0
12908 497334471 40 0
6607 497341078 25 0
6306 497347384 29 0
6303 497353687 19 0
12923 497366610 38 0
6594 497373204 27 0
6279 497379483 26 0
6309 497385792 14 0
12916 497398708 42 0
6587 497405295 21 0
6312 497411607 26 0
6333 497417940 31 0
12936 497430876 37 0
6613 497437489 17 0
6309 497443798 13 0
6302 497450100 20 0
12923 497463023 32 0
6600 497469623 17 0
6309 497475932 15 0
6309 497482241 26 0
12942 497495183 42 0
6755 497501938 44 12
6309 497508247 11 0
6309 497514556 15 0
12929 497527485 44 0
6600 497534085 21 0
6586 497540671 27 0
6307 497546978 26 0
12909 497559887 33 1
6600 497566487 18 0
6303 497572790 19 0
6314 497579104 23 0
12931 497592035 21 0
6613 497598648 18 0
6308 497604956 18 0
6307 497611263 28 0
12925 497624188 26 0
6592 497630780 29 0
6578 497637358 19 0
6301 497643659 32 0
12927 497656586 29 0
6564 497663150 26 0
6578 497669728 19 0
12896 497682624 36 0
6309 497688933 15 0
6626 497695559 19 0
6565 497702124 27 0
12903 497715027 37 0
7674 497722701 35 4
6595 497729296 37 0
6577 497735873 22 0
12912 497748785 37 0
6284 497755069 26 0
6602 497761671 30 0
6297 497767968 19 1
12925 497780893 38 0
6300 497787193 24 0
6600 497793793 17 0
6309 497800102 20 0
12940 497813042 40 0
6324 497819366 28 0
6595 497825961 29 0
6301 497832262 27 0
12918 497845180 33 0
6298 497851478 25 0
6613 497858091 17 0
6297 497864388 21 1
12931 497877319 33 0
6296 497883615 22 0
6604 497890219 32 0
6271 497896490 26 0
12941 497909431 37 0
6309 497915740 14 0
6593 497922333 27 0
6288 497928621 27 0
12924 497941545 30 0
6296 497947841 23 0
6603 497954444 32 1
6309 497960753 18 1
12931 497973684 26 0
6308 497979992 20 0
6600 497986592 18 0
6315 497992907 22 1
12920 498005827 33 0
6289 498012116 23 0
6582 498018698 22 0
6309 498025007 15 0
12917 498037924 36 0
6324 498044248 32 0
6592 498050840 30 0
6584 498057424 26 0
12908 498070332 27 0
6572 498076904 21 0
6577 498083481 27 0
6309 498089790 16 0
12933 498102723 46 0
6296 498109019 18 0
6623 498115642 23 0
6296 498121938 20 1
14307 498136245 59 2
6311 498142556 22 0
6593 498149149 30 0
6305 498155454 25 0
12938 498168392 39 0
6309 498174701 14 0
6592 498181293 30 0
6307 498187600 21 0
12931 498200531 26 0
6290 498206821 25 0
6613 498213434 19 0
6309 498219743 16 0
12921 498232664 42 1
6291 498238955 17 1
6585 498245540 28 0
6303 498251843 16 0
12943 498264786 38 0
6313 498271099 27 0
6600 498277699 18 0
6309 498284008 14 0
12918 498296926 34 0
6308 498303234 23 0
6600 498309834 29 0
6296 498316130 23 0
12946 498329076 39 0
6309 498335385 13 0
6586 498341971 27 0
6309 498348280 17 2
12904 498361184 46 0
6309 498367493 15 0
6607 498374100 21 0
6309 498380409 13 0
12931 498393340 28 0
6305 498399645 21 0
6609 498406254 35 0
6309 498412563 14 1
12933 498425496 41 0
6314 498431810 28 0
6604 498438414 33 0
6313 498444727 25 2
12924 498457651 37 0
6304 498463955 28 1
6613 498470568 17 0
6309 498476877 16 1
12931 498489808 33 0
6309 498496117 12 0
6585 498502702 34 0
6309 498509011 15 0
12955 498521966 39 0
6309 498528275 13 0
6563 498534838 26 0
6309 498541147 15 0
14307 498555454 56 0
6309 498561763 13 0
6599 498568362 25 0
6309 498574671 15 0
12931 498587602 45 0
6306 498593908 26 0
6597 498600505 30 0
6303 498606808 21 0
12928 498619736 43 1
6309 498626045 19 2
6610 498632655 31 0
6296 498638951 23 0
12940 498651891 43 0
6300 498658191 24 0
6600 498664791 19 0
6309 498671100 14 0
12931 498684031 28 0
6303 498690334 25 0
6607 498696941 20 0
6312 498703253 27 0
12931 498716184 29 0
6313 498722497 26 0
6601 498729098 26 0
6309 498735407 15 0
12903 498748310 43 0
6308 498754618 18 0
6600 498761218 19 0
6261 498767479 20 0
12926 498780405 35 0
6273 498786678 20 0
6581 498793259 25 0
6266 498799525 21 0
12930 498812455 31 0
6309 498818764 15 0
6592 498825356 34 0
6298 498831654 20 0
12924 498844578 44 0
6309 498850887 17 0
6596 498857483 32 0
6300 498863783 28 0
12911 498876694 33 0
6308 498883002 30 0
6597 498889599 32 0
6297 498895896 19 0
12915 498908811 43 0
6309 498915120 13 0
6592 498921712 33 0
6309 498928021 13 0
12977 498940998 31 0
6309 498947307 15 0
6587 498953894 32 0
7672 498961566 44 0
12931 498974497 26 0
6311 498980808 28 0
6617 498987425 31 0
6309 498993734 22 0
12932 499006666 47 0
9642 499016308 205 36
914288 499930596 14717 5071
8208 499938804 735 92
13560 499952364 88 19
6697 499959061 45 3
11707 499970768 389 170
6668 499977436 46 5
13401 499990837 50 1
8257 499999094 219 48
2162549 2162549 47839 4254
6296798 8459347 78474 16718
18907471 27366818 21598 6851
18375893 45742711 22339 6719
18834595 64577306 23613 7352
19043507 83620813 21012 7003
18905623 102526436 21499 6672
19005356 121531792 21361 6845
17981063 139512855 27105 8867
19025471 158538326 21660 6546
18691489 177229815 21780 6725
19092929 196322744 21439 6958
19002627 215325371 23656 7448
18834025 234159396 21709 7098
18729992 252889388 24035 6991
18419530 271308918 22699 8085
18204387 289513305 23080 7970
18751851 308265156 20791 7419
18637727 326902883 20982 7228
19088856 345991739 21289 7734
18879457 364871196 21349 7297
18982647 383853843 20807 8071
18869953 402723796 21029 7482
18924869 421648665 21164 8146
19017188 440665853 21197 7568
18993493 459659346 20618 7415
18944998 478604344 20850 7662
13409867 492014211 30373 3822
4370514 496384725 9709 1025
6116 496390841 35 0
5658 496396499 28 0
5658 496402157 15 1
11831 496413988 38 3
6138 496420126 13 0
5649 496425775 36 1
5658 496431433 9 0
11811 496443244 28 3
15217 496458461 400 255
5658 496464119 31 5
5658 496469777 8 0
11812 496481589 53 1
6138 496487727 21 0
5649 496493376 34 0
5652 496499028 16 0
11834 496510862 44 3
6138 496517000 13 1
5658 496522658 22 12
5633 496528291 22 1
11806 496540097 33 5
6116 496546213 17 0
6097 496552310 21 1
5654 496557964 26 0
11825 496569789 22 1
6131 496575920 24 0
5646 496581566 24 0
7023 496588589 101 65
11805 496600394 34 0
6103 496606497 25 0
5646 496612143 20 3
5658 496617801 10 1
11816 496629617 69 8
6138 496635755 17 0
5658 496641413 15 3
5658 496647071 14 0
11793 496658864 48 1
6119 496664983 20 0
5622 496670605 25 3
5657 496676262 14 0
11809 496688071 38 0
6164 496694235 17 0
5651 496699886 23 0
5651 496705537 12 0
11791 496717328 42 0
6138 496723466 15 0
6116 496729582 45 5
5656 496735238 23 1
11809 496747047 58 22
6132 496753179 32 0
6102 496759281 45 9
5638 496764919 50 3
12206 496777125 53 0
6117 496783242 23 1
5634 496788876 41 26
5657 496794533 19 0
11819 496806352 47 22
6138 496812490 20 0
5658 496818148 44 13
5658 496823806 10 0
11797 496835603 79 2
6151 496841754 14 0
5645 496847399 29 1
5662 496853061 27 0
11818 496864879 41 0
6138 496871017 26 0
5645 496876662 35 9
5658 496882320 12 0
11828 496894148 49 7
6138 496900286 18 0
5627 496905913 33 3
5646 496911559 17 0
11810 496923369 61 3
6151 496929520 16 0
6116 496935636 41 2
5632 496941268 26 0
11796 496953064 56 8
6665 496959729 65 1
7972 496967701 90 12
6358 496974059 38 3
13210 496987269 60 0
6099 496993368 38 0
6116 496999484 27 0
6116 497005600 16 0
12216 497017816 52 0
6103 497023919 24 0
6091 497030010 31 0
6108 497036118 27 0
12229 497048347 57 0
6111 497054458 38 0
6105 497060563 25 0
6110 497066673 24 0
12269 497078942 49 0
6116 497085058 18 0
6093 497091151 27 0
6116 497097267 20 0
12230 497109497 56 0
6088 497115585 27 0
6083 497121668 29 0
6129 497127797 21 0
12217 497140014 41 0
6116 497146130 18 0
6103 497152233 24 0
6116 497158349 20 0
12202 497170551 62 0
6137 497176688 27 0
6116 497182804 20 0
5658 497188462 12 0
12244 497200706 45 0
6110 497206816 23 0
6116 497212932 24 0
5658 497218590 16 2
11790 497230380 37 0
6114 497236494 23 0
5668 497242162 31 2
5641 497247803 27 0
11809 497259612 40 0
6132 497265744 19 0
5652 497271396 16 1
5646 497277042 23 0
11816 497288858 36 0
6132 497294990 18 0
5658 497300648 15 0
5657 497306305 22 0
11806 497318111 28 0
6151 497324262 13 0
5628 497329890 19 0
5658 497335548 20 0
11809 497347357 42 0
7515 497354872 31 0
5658 497360530 14 0
5657 497366187 21 0
11828 497378015 36 0
6120 497384135 18 0
5637 497389772 20 0
5657 497395429 15 0
11820 497407249 50 0
6151 497413400 20 0
5622 497419022 18 0
5658 497424680 12 0
11812 497436492 30 0
6138 497442630 17 0
5658 497448288 17 2
5574 497453862 12 1
11820 497465682 25 1
6126 497471808 24 0
5634 497477442 20 0
5658 497483100 12 1
11797 497494897 42 1
6138 497501035 16 0
5651 497506686 14 0
5657 497512343 23 0
11813 497524156 30 0
6114 497530270 26 0
6116 497536386 23 0
5651 497542037 14 0
11772 497553809 34 0
6137 497559946 25 0
5658 497565604 18 0
5651 497571255 20 0
11831 497583086 43 0
6138 497589224 18 0
5658 497594882 11 0
5658 497600540 11 0
11789 497612329 43 0
6138 497618467 21 0
6104 497624571 19 0
5658 497630229 12 0
11771 497642000 36 0
6150 497648150 31 0
6115 497654265 20 0
5647 497659912 26 0
11795 497671707 46 1
6138 497677845 18 0
6116 497683961 21 0
5658 497689619 15 0
11773 497701392 37 0
6138 497707530 16 0
5658 497713188 13 1
5658 497718846 12 0
13186 497732032 49 0
6132 497738164 33 0
5658 497743822 10 0
5658 497749480 11 0
11831 497761311 26 0
6138 497767449 19 0
6103 497773552 24 0
5640 497779192 26 0
11796 497790988 21 0
6126 497797114 23 0
5658 497802772 9 0
5658 497808430 9 0
11815 497820245 30 0
6132 497826377 20 0
5634 497832011 20 1
11824 497843835 39 1
5646 497849481 13 0
6138 497855619 14 0
5670 497861289 30 0
11799 497873088 38 0
5658 497878746 13 0
6144 497884890 28 0
5654 497890544 24 1
11818 497902362 37 0
5658 497908020 11 0
6131 497914151 24 0
5656 497919807 22 0
11825 497931632 36 0
5663 497937295 25 0
6138 497943433 18 0
5626 497949059 21 0
11798 497960857 43 0
5658 497966515 11 0
6138 497972653 17 0
5658 497978311 21 2
11806 497990117 42 0
6116 497996233 24 0
6114 498002347 32 0
5658 498008005 11 0
11811 498019816 40 0
5658 498025474 13 0
6133 498031607 18 0
5658 498037265 10 0
11818 498049083 36 0
5658 498054741 13 0
6132 498060873 25 0
5626 498066499 17 0
11810 498078309 36 0
5667 498083976 22 0
6095 498090071 27 0
5655 498095726 23 3
13182 498108908 52 0
5658 498114566 20 0
6145 498120711 25 0
5640 498126351 19 5
11791 498138142 34 0
5656 498143798 25 0
6138 498149936 19 0
5663 498155599 22 0
11825 498167424 30 0
5658 498173082 10 0
6126 498179208 27 0
5653 498184861 25 1
11810 498196671 65 20
5652 498202323 12 0
6138 498208461 17 0
5645 498214106 19 0
11822 498225928 41 0
5631 498231559 23 0
6138 498237697 22 0
5652 498243349 16 0
11803 498255152 32 0
5656 498260808 29 0
6152 498266960 20 0
5636 498272596 21 0
11835 498284431 37 0
5656 498290087 31 0
6138 498296225 20 0
5652 498301877 19 0
11811 498313688 41 0
5657 498319345 18 0
6124 498325469 40 0
5658 498331127 13 0
11812 498342939 37 0
5667 498348606 26 0
6153 498354759 40 0
5658 498360417 13 0
11799 498372216 36 0
5658 498377874 11 0
6138 498384012 22 0
5658 498389670 9 0
11823 498401493 31 0
5656 498407149 22 0
6134 498413283 32 0
5646 498418929 19 0
11815 498430744 54 0
5658 498436402 11 0
6161 498442563 34 0
5658 498448221 14 0
11834 498460055 48 0
5658 498465713 11 0
6138 498471851 24 0
5634 498477485 19 0
13193 498490678 52 0
5658 498496336 13 0
6151 498502487 21 0
5658 498508145 11 0
11788 498519933 36 0
5656 498525589 28 0
6108 498531697 27 0
5640 498537337 15 0
11831 498549168 31 4
5652 498554820 15 0
6129 498560949 25 0
5643 498566592 18 0
11817 498578409 34 0
5645 498584054 17 0
6140 498590194 23 0
5657 498595851 22 1
11799 498607650 40 0
5658 498613308 13 0
6101 498619409 26 0
5646 498625055 19 0
11818 498636873 35 2
5658 498642531 13 0
6126 498648657 21 0
5640 498654297 18 1
11818 498666115 49 0
5657 498671772 32 0
6131 498677903 25 0
5658 498683561 16 0
11805 498695366 36 0
5657 498701023 23 0
6138 498707161 18 0
5655 498712816 25 0
11819 498724635 45 0
5644 498730279 26 0
6151 498736430 14 0
5658 498742088 14 2
11834 498753922 44 0
5662 498759584 23 0
6138 498765722 18 0
5650 498771372 22 0
11833 498783205 46 0
5652 498788857 14 0
6129 498794986 31 0
5652 498800638 16 0
11821 498812459 50 0
5658 498818117 16 0
9481 498827598 212 44
890356 499717954 15386 5180
12477 499730431 645 68
7484 499737915 105 14
6885 499744800 42 2
6394 499751194 26 9
18746 499769940 476 217
6449 499776389 25 3
6670 499783059 29 0
1501759 1501759 33862 2426
5634311 7136070 78162 15101
16163043 23299113 32742 10464
12897168 36196281 15775 6130
18332894 54529175 22560 6788
19049519 73578694 20195 6266
18199311 91778005 23817 8109
18399879 110177884 19930 6364
18536708 128714592 20621 6431
18816539 147531131 22151 7377
19082754 166613885 20371 6449
19147152 185761037 20157 6377
18804826 204565863 21357 6516
19170002 223735865 20077 6312
18577638 242313503 19754 6289
18154212 260467715 25230 6644
18720145 279187860 20234 5820
19132594 298320454 19958 6110
19293161 317613615 19813 6196
19324190 336937805 20616 6352
19205442 356143247 20402 6316
19260509 375403756 20630 6078
19445032 394848788 19897 6001
19337725 414186513 20193 6241
19464439 433650952 20255 5697
19333874 452984826 20135 6387
19227699 472212525 20561 6629
16502156 488714681 29648 7091
8626650 497341331 19414 1844
6158 497347489 217 34
5650 497353139 41 18
5658 497358797 10 0
11809 497370606 47 1
6131 497376737 24 0
5658 497382395 32 20
5652 497388047 15 0
11795 497399842 51 0
6151 497405993 25 0
5654 497411647 29 0
5662 497417309 30 0
11818 497429127 28 2
6145 497435272 25 2
5658 497440930 12 1
5658 497446588 12 0
11837 497458425 50 1
6138 497464563 20 0
5658 497470221 18 6
5657 497475878 17 0
11812 497487690 68 5
6138 497493828 21 0
5662 497499490 31 1
5651 497505141 21 0
11829 497516970 39 3
6138 497523108 20 0
5658 497528766 19 5
5657 497534423 25 0
11796 497546219 50 2
6139 497552358 21 0
5658 497558016 11 0
5658 497563674 11 0
11782 497575456 33 1
6138 497581594 18 0
5658 497587252 18 0
7058 497594310 115 21
11827 497606137 57 0
6138 497612275 19 0
5667 497617942 35 0
5649 497623591 23 0
11792 497635383 43 0
6127 497641510 25 0
5651 497647161 18 0
5658 497652819 10 0
11800 497664619 43 0
6136 497670755 35 0
5667 497676422 86 5
5628 497682050 19 0
12243 497694293 85 39
6138 497700431 19 0
6092 497706523 37 0
5654 497712177 36 6
12262 497724439 83 0
6116 497730555 25 0
5658 497736213 28 4
5658 497741871 12 0
11831 497753702 35 3
6131 497759833 30 0
5658 497765491 31 16
5658 497771149 13 0
11806 497782955 54 21
6151 497789106 17 0
5639 497794745 37 0
5658 497800403 11 0
11800 497812203 40 1
6138 497818341 18 0
5645 497823986 28 2
5658 497829644 13 0
11829 497841473 73 11
6119 497847592 22 0
5651 497853243 45 23
5646 497858889 22 0
11818 497870707 55 16
6151 497876858 15 1
6110 497882968 58 4
5658 497888626 13 0
11760 497900386 58 3
6495 497906881 74 0
6643 497913524 55 9
6380 497919904 36 1
16794 497936698 412 101
6105 497942803 38 1
6102 497948905 33 0
6116 497955021 21 0
12226 497967247 52 0
6103 497973350 37 0
7506 497980856 59 31
6097 497986953 30 0
12224 497999177 59 1
6099 498005276 33 0
6113 498011389 33 0
6116 498017505 27 0
12232 498029737 43 0
6110 498035847 30 0
6116 498041963 20 0
6116 498048079 23 0
12225 498060304 49 0
6116 498066420 25 3
6115 498072535 29 0
6129 498078664 27 1
12219 498090883 56 0
6106 498096989 37 0
6116 498103105 22 0
6098 498109203 24 0
11748 498120951 50 0
6130 498127081 28 0
6116 498133197 20 0
6108 498139305 26 0
12216 498151521 53 0
6102 498157623 29 0
6116 498163739 28 0
5652 498169391 28 1
11809 498181200 32 2
6145 498187345 20 0
5640 498192985 22 4
5652 498198637 19 0
11811 498210448 37 0
6138 498216586 22 0
5658 498222244 13 0
5658 498227902 12 0
11817 498239719 33 0
6132 498245851 21 0
5658 498251509 14 0
5663 498257172 29 0
11794 498268966 33 0
6151 498275117 16 0
5628 498280745 18 0
5658 498286403 12 0
11781 498298184 34 0
6132 498304316 21 0
5658 498309974 19 0
5652 498315626 12 0
11811 498327437 46 0
6136 498333573 31 0
5627 498339200 24 1
5658 498344858 14 0
11814 498356672 48 0
7528 498364200 36 1
5658 498369858 15 0
5658 498375516 15 0
11806 498387322 45 0
6138 498393460 19 0
5658 498399118 12 0
5658 498404776 16 0
11810 498416586 38 0
6138 498422724 20 0
5646 498428370 16 0
5657 498434027 22 0
11811 498445838 45 0
6149 498451987 39 0
5651 498457638 21 1
5652 498463290 16 0
11816 498475106 48 0
6138 498481244 16 0
6116 498487360 20 0
5650 498493010 25 0
11795 498504805 35 1
6155 498510960 35 0
5652 498516612 17 0
5652 498522264 14 0
11815 498534079 31 0
6154 498540233 36 0
5658 498545891 13 0
5658 498551549 11 0
11829 498563378 28 0
6138 498569516 18 0
5646 498575162 19 0
5652 498580814 16 0
11792 498592606 39 0
15253 498607859 611 524
6107 498613966 51 2
5649 498619615 29 0
11795 498631410 41 0
6126 498637536 22 0
6107 498643643 29 0
5632 498649275 25 0
11808 498661083 38 0
6126 498667209 19 0
5656 498672865 18 1
5658 498678523 9 0
11792 498690315 42 0
6123 498696438 35 0
6102 498702540 25 1
5655 498708195 19 0
11823 498720018 38 0
6132 498726150 22 0
5658 498731808 12 0
5658 498737466 12 0
13195 498750661 46 1
6146 498756807 23 0
5661 498762468 29 0
5653 498768121 28 0
11813 498779934 39 0
6138 498786072 17 0
5658 498791730 15 0
5658 498797388 10 0
11835 498809223 31 0
6125 498815348 23 0
5658 498821006 19 0
5658 498826664 10 0
11793 498838457 34 0
6145 498844602 22 0
5658 498850260 13 0
5658 498855918 10 0
11792 498867710 49 0
6138 498873848 17 0
5644 498879492 18 0
5658 498885150 16 0
11818 498896968 27 0
6138 498903106 18 0
5658 498908764 12 0
5647 498914411 24 0
11794 498926205 40 0
6145 498932350 13 0
6129 498938479 17 0
6120 498944599 23 0
11786 498956385 42 0
6138 498962523 15 0
5657 498968180 19 0
5652 498973832 13 0
11818 498985650 35 0
6136 498991786 20 0
6138 498997924 21 0
5658 499003582 12 0
11788 499015370 40 0
6138 499021508 20 0
5640 499027148 16 0
5652 499032800 17 0
11834 499044634 38 0
6138 499050772 17 0
5627 499056399 21 0
5652 499062051 13 0
11818 499073869 26 0
6132 499080001 22 0
5655 499085656 27 0
5658 499091314 10 0
11809 499103123 29 0
6124 499109247 21 0
5651 499114898 21 0
13201 499128099 55 0
5655 499133754 26 0
6138 499139892 16 0
5632 499145524 20 0
11794 499157318 31 0
5658 499162976 12 0
6138 499169114 15 0
5658 499174772 12 1
11824 499186596 28 0
5643 499192239 22 0
6128 499198367 32 0
5658 499204025 11 1
11812 499215837 26 0
5663 499221500 26 0
6109 499227609 27 0
5650 499233259 21 0
11804 499245063 40 0
5646 499250709 16 0
6138 499256847 14 0
5628 499262475 22 0
11830 499274305 29 0
5658 499279963 10 0
6138 499286101 15 0
5652 499291753 15 0
11801 499303554 38 0
5640 499309194 23 0
6151 499315345 18 0
5620 499320965 21 0
11811 499332776 27 0
5658 499338434 11 0
6138 499344572 13 0
5630 499350202 20 0
11857 499362059 25 0
5646 499367705 15 0
6138 499373843 15 0
5647 499379490 27 0
11804 499391294 38 0
5658 499396952 15 0
6138 499403090 12 0
5652 499408742 18 0
11813 499420555 31 0
5645 499426200 14 0
6120 499432320 25 0
5647 499437967 17 0
11784 499449751 39 0
5652 499455403 14 0
6139 499461542 21 0
5621 499467163 20 0
11793 499478956 43 0
5646 499484602 22 2
6141 499490743 35 0
5656 499496399 26 0
14099 499510498 127 34
5633 499516131 29 0
6123 499522254 31 0
5658 499527912 12 0
11818 499539730 23 0
5654 499545384 19 0
6143 499551527 28 0
5646 499557173 15 0
11812 499568985 27 0
5658 499574643 9 0
6137 499580780 28 0
5658 499586438 12 0
11810 499598248 38 0
5658 499603906 11 0
6126 499610032 25 0
5628 499615660 23 0
11799 499627459 39 0
5658 499633117 12 0
6138 499639255 16 0
5658 499644913 14 1
11823 499656736 35 0
5655 499662391 23 0
6123 499668514 33 0
5610 499674124 22 0
11818 499685942 44 0
5643 499691585 26 0
6151 499697736 37 0
5645 499703381 17 0
11806 499715187 28 0
5658 499720845 13 0
6096 499726941 27 0
5658 499732599 13 0
11829 499744428 42 0
5658 499750086 13 0
6118 499756204 22 0
912656 500668860 14908 5042
15253 500684113 793 127
6662 500690775 54 5
11769 500702544 383 138
6786 500709330 61 5
13105 500722435 78 15
8268 500730703 194 58
6739 500737442 43 2
2181138 2181138 48874 4569
6233536 8414674 78174 17455
18878238 27292912 19625 5869
6625290 33918202 8331 2410
18746190 52664392 21043 5893
19215801 71880193 18044 6306
18081312 89961505 23733 8453
18817373 108778878 19744 6123
18651365 127430243 19002 6170
19242768 146673011 18716 6042
19251086 165924097 20546 6658
19358673 185282770 19580 6120
19118832 204401602 18789 5971
19249001 223650603 19433 6314
18515156 242165759 20368 6416
18469010 260634769 24243 6086
18642042 279276811 20092 5704
19226447 298503258 20477 6497
19364075 317867333 20324 5993
19204416 337071749 21060 6726
19283579 356355328 20460 6555
19294521 375649849 20229 6412
19389136 395038985 20076 6490
19301710 414340695 20729 6858
19266810 433607505 20226 6393
19358431 452965936 20793 6440
19327447 472293383 20344 6579
16354783 488648166 32053 9453
9295113 497943279 17318 1378
353851 498297130 2932 767
6116 498303246 30 2
11798 498315044 44 3
5645 498320689 14 0
5657 498326346 21 0
6155 498332501 21 0
11776 498344277 63 2
5642 498349919 50 1
5634 498355553 17 0
6147 498361700 23 0
11798 498373498 32 1
5661 498379159 29 0
5658 498384817 11 1
6131 498390948 26 2
11789 498402737 34 3
5636 498408373 27 0
5664 498414037 32 0
6154 498420191 22 1
20015 498440206 427 198
5658 498445864 31 11
5658 498451522 11 0
6148 498457670 24 1
11783 498469453 28 1
5658 498475111 13 2
5657 498480768 19 0
6155 498486923 27 2
11786 498498709 33 0
5651 498504360 19 0
5658 498510018 9 0
6117 498516135 30 0
11824 498527959 45 0
5644 498533603 23 0
5656 498539259 23 1
7519 498546778 104 47
11771 498558549 35 0
5658 498564207 24 10
5625 498569832 23 0
6152 498575984 25 0
11787 498587771 44 0
5658 498593429 12 0
5658 498599087 13 0
6123 498605210 25 0
11778 498616988 38 1
5646 498622634 34 12
5658 498628292 10 0
6173 498634465 18 1
11765 498646230 40 4
6108 498652338 34 2
5643 498657981 43 0
6126 498664107 44 6
12239 498676346 82 0
6117 498682463 61 0
5658 498688121 28 12
6135 498694256 35 4
11778 498706034 32 2
5658 498711692 26 0
5658 498717350 10 0
6173 498723523 20 1
11771 498735294 42 1
5657 498740951 56 32
5640 498746591 13 0
6140 498752731 33 2
11816 498764547 34 3
5674 498770221 60 6
5658 498775879 13 0
6134 498782013 36 0
11789 498793802 31 1
5646 498799448 35 7
5639 498805087 23 0
6155 498811242 31 2
11789 498823031 49 0
5658 498828689 59 45
5656 498834345 32 0
6152 498840497 44 1
11796 498852293 39 0
6128 498858421 44 1
5658 498864079 16 0
6652 498870731 103 4
15036 498885767 289 167
6571 498892338 33 0
6579 498898917 30 2
12258 498911175 41 0
6084 498917259 28 0
6116 498923375 23 0
7487 498930862 62 20
12232 498943094 49 1
6115 498949209 38 0
6110 498955319 26 0
6117 498961436 38 0
12219 498973655 51 0
6116 498979771 18 0
6087 498985858 24 0
6098 498991956 27 0
12214 499004170 43 0
6121 499010291 34 0
6095 499016386 32 0
6115 499022501 30 0
12208 499034709 52 0
6078 499040787 33 0
6107 499046894 34 0
6116 499053010 22 0
11773 499064783 44 2
6133 499070916 31 0
6116 499077032 20 0
6103 499083135 28 0
12228 499095363 40 0
6107 499101470 38 0
6129 499107599 23 0
5658 499113257 16 3
11794 499125051 38 2
6138 499131189 19 0
6104 499137293 25 0
5660 499142953 29 0
11796 499154749 27 0
6140 499160889 38 0
6110 499166999 23 0
5658 499172657 16 0
11786 499184443 49 0
6138 499190581 18 0
5658 499196239 11 0
5652 499201891 19 0
11797 499213688 40 0
6138 499219826 18 0
5658 499225484 9 0
5656 499231140 28 0
11811 499242951 33 0
17679 499260630 598 109
6090 499266720 39 0
5657 499272377 30 0
11795 499284172 43 0
6138 499290310 15 0
6116 499296426 17 0
5658 499302084 13 0
11795 499313879 42 0
7509 499321388 45 0
5658 499327046 12 0
5658 499332704 12 0
11791 499344495 46 1
6138 499350633 21 0
5632 499356265 23 0
5658 499361923 11 0
12706 499374629 96 35
6138 499380767 17 0
5658 499386425 15 0
5652 499392077 17 0
11806 499403883 28 0
6130 499410013 28 0
5658 499415671 14 0
5658 499421329 14 0
11796 499433125 28 0
6138 499439263 16 0
5646 499444909 15 0
5658 499450567 15 0
11804 499462371 41 0
6138 499468509 17 0
6119 499474628 25 0
5658 499480286 12 0
11780 499492066 43 0
6151 499498217 17 0
6116 499504333 20 0
5666 499509999 29 0
11766 499521765 28 0
6145 499527910 20 0
6116 499534026 29 0
5658 499539684 17 0
11797 499551481 39 0
6132 499557613 17 0
6110 499563723 23 0
5652 499569375 17 0
11796 499581171 27 0
6138 499587309 17 0
6119 499593428 29 0
5657 499599085 27 0
11783 499610868 43 0
6138 499617006 21 0
6103 499623109 29 0
5672 499628781 34 0
11765 499640546 33 0
6151 499646697 21 0
5646 499652343 18 0
5669 499658012 31 0
11819 499669831 46 1
6126 499675957 21 0
6123 499682080 21 0
5645 499687725 21 0
13223 499700948 77 3
6132 499707080 20 0
5658 499712738 14 0
5657 499718395 20 0
11799 499730194 48 0
6132 499736326 32 0
5658 499741984 11 0
5658 499747642 14 0
11817 499759459 37 0
6138 499765597 15 0
5652 499771249 28 0
5658 499776907 10 0
11827 499788734 51 0
6131 499794865 24 0
6116 499800981 20 0
5652 499806633 18 0
11781 499818414 32 0
6138 499824552 22 0
5620 499830172 22 0
5658 499835830 31 0
11824 499847654 38 0
6138 499853792 22 0
5657 499859449 18 1
5637 499865086 29 1
11805 499876891 48 1
6154 499883045 31 0
5658 499888703 14 1
5657 499894360 23 0
11801 499906161 50 0
6138 499912299 19 0
6103 499918402 28 0
5650 499924052 25 0
11800 499935852 44 1
6138 499941990 17 0
5658 499947648 20 6
5658 499953306 14 0
11804 499965110 47 0
6151 499971261 15 0
5658 499976919 13 0
5651 499982570 19 0
11811 499994381 38 0
6138 500000519 19 0
5645 500006164 18 0
5644 500011808 29 0
11834 500023642 36 0
6127 500029769 31 0
5645 500035414 16 0
5652 500041066 13 0
11818 500052884 29 0
6138 500059022 16 0
5654 500064676 31 0
5652 500070328 17 0
13161 500083489 56 0
6138 500089627 17 0
5646 500095273 22 0
5658 500100931 11 0
11793 500112724 35 0
6151 500118875 15 0
5658 500124533 14 0
5657 500130190 20 0
11823 500142013 56 0
6138 500148151 17 0
5650 500153801 30 1
5658 500159459 12 0
11813 500171272 44 0
6138 500177410 15 0
5640 500183050 21 0
5656 500188706 29 0
11825 500200531 47 0
6156 500206687 34 0
5651 500212338 23 0
5651 500217989 23 0
11805 500229794 45 0
6113 500235907 26 0
5653 500241560 29 0
5658 500247218 11 0
11812 500259030 47 0
6145 500265175 18 0
5645 500270820 25 0
5658 500276478 13 0
11810 500288288 38 0
6138 500294426 19 0
5616 500300042 18 0
5636 500305678 26 0
11813 500317491 29 0
6129 500323620 34 0
5661 500329281 30 0
5644 500334925 30 0
11818 500346743 25 0
6153 500352896 31 0
5652 500358548 29 0
5652 500364200 21 0
11796 500375996 45 0
6138 500382134 15 0
5634 500387768 23 0
5658 500393426 15 0
11824 500405250 26 0
6133 500411383 37 0
5658 500417041 13 0
5658 500422699 14 0
11780 500434479 39 0
6164 500440643 16 0
5647 500446290 22 0
7015 500453305 45 0
11818 500465123 24 0
6138 500471261 15 0
5652 500476913 17 0
5652 500482565 15 0
11795 500494360 33 0
6132 500500492 21 0
5621 500506113 22 0
5657 500511770 19 0
11805 500523575 49 0
6132 500529707 22 0
5646 500535353 17 0
5657 500541010 13 0
11827 500552837 40 0
6138 500558975 18 0
5663 500564638 29 0
5651 500570289 21 0
11810 500582099 57 0
6138 500588237 24 0
5646 500593883 16 0
5658 500599541 14 0
11792 500611333 40 0
6138 500617471 18 0
5658 500623129 14 0
5658 500628787 15 0
11825 500640612 47 0
6138 500646750 17 0
5634 500652384 25 0
5658 500658042 10 0
11815 500669857 35 0
14937 500684794 362 268
5646 500690440 29 0
5658 500696098 17 0
11810 500707908 43 0
6132 500714040 32 0
5652 500719692 14 0
5658 500725350 15 0
11823 500737173 36 0
6138 500743311 18 0
909151 501652462 15492 5115
6372 501658834 546 62
12824 501671658 97 3
6684 501678342 30 1
12171 501690513 422 152
6401 501696914 70 16
13393 501710307 83 4
8712 501719019 209 41
6602 501725621 47 4
1051153 1051153 23358 1491
5908298 6959451 83832 13933
16425754 23385205 34274 9361
18802668 42187873 21358 6400
18821838 61009711 18817 6216
19306401 80316112 18734 6420
19061682 99377794 20786 6625
19209440 118587234 19140 6198
19251141 137838375 18796 6370
19376110 157214485 18908 6641
19360793 176575278 19435 6376
19258787 195834065 19070 6456
19379769 215213834 18638 6362
19229825 234443659 18969 6611
18359260 252802919 25307 7280
19237225 272040144 19337 6486
19223622 291263766 19181 6437
19231621 310495387 19004 6438
19176474 329671861 20311 6506
19271098 348942959 19747 6700
19214869 368157828 19182 6615
19337301 387495129 19230 6406
19258128 406753257 19763 6568
19290940 426044197 19370 6587
19226673 445270870 19280 6835
19219324 464490194 19761 6502
18436416 482926610 25979 7135
10534051 493460661 22820 3381
2053610 495514271 5750 840
5651 495519922 40 3
11784 495531706 30 2
7036 495538742 110 38
5658 495544400 15 3
5652 495550052 14 0
11779 495561831 58 4
6130 495567961 23 1
5648 495573609 61 1
5627 495579236 23 0
11836 495591072 41 1
6118 495597190 32 0
5643 495602833 20 0
5658 495608491 11 0
11800 495620291 38 2
6138 495626429 16 0
5656 495632085 20 4
5652 495637737 17 0
11813 495649550 32 1
6138 495655688 16 0
5658 495661346 15 2
5652 495666998 16 0
11818 495678816 24 2
6139 495684955 20 0
5652 495690607 19 4
5658 495696265 9 0
11806 495708071 55 0
6145 495714216 19 0
5667 495719883 28 0
5658 495725541 16 0
11807 495737348 37 1
6138 495743486 14 0
5658 495749144 23 13
5658 495754802 13 0
11802 495766604 53 0
6150 495772754 24 0
5658 495778412 17 3
5657 495784069 19 0
11783 495795852 48 0
6138 495801990 14 0
5621 495807611 19 1
5657 495813268 18 0
11750 495825018 41 1
6138 495831156 15 0
5631 495836787 21 0
5651 495842438 19 0
13185 495855623 132 51
6110 495861733 26 0
6144 495867877 44 5
5655 495873532 35 2
12258 495885790 73 1
6116 495891906 27 0
6089 495897995 39 0
5658 495903653 17 2
11747 495915400 39 1
6138 495921538 23 0
5658 495927196 23 5
5658 495932854 12 0
11794 495944648 51 5
6138 495950786 18 0
5658 495956444 40 24
5658 495962102 12 0
11831 495973933 43 7
6122 495980055 31 0
5658 495985713 26 6
5650 495991363 26 0
11818 496003181 23 1
6144 496009325 26 0
5658 496014983 26 7
5646 496020629 17 0
11818 496032447 55 8
6138 496038585 21 0
5658 496044243 48 29
5658 496049901 11 0
11831 496061732 52 7
6125 496067857 30 0
6110 496073967 24 0
6183 496080150 70 14
13045 496093195 82 15
6606 496099801 37 3
15674 496115475 675 308
6116 496121591 45 1
12231 496133822 45 0
6110 496139932 25 0
6107 496146039 36 0
6109 496152148 27 0
12245 496164393 43 0
6116 496170509 28 0
6098 496176607 32 1
6104 496182711 30 0
12214 496194925 51 0
6092 496201017 23 0
6116 496207133 21 0
6120 496213253 31 0
12232 496225485 42 2
6109 496231594 31 0
6098 496237692 23 0
6096 496243788 29 0
13605 496257393 80 24
6117 496263510 30 0
6103 496269613 28 0
6078 496275691 28 0
12235 496287926 41 0
6114 496294040 42 1
6116 496300156 23 0
5646 496305802 24 4
12267 496318069 25 0
6102 496324171 28 0
6104 496330275 26 0
5652 496335927 27 0
11795 496347722 31 1
6138 496353860 20 0
6124 496359984 27 0
5658 496365642 14 1
11796 496377438 25 0
6137 496383575 25 0
6116 496389691 21 0
11772 496401463 35 0
5657 496407120 19 0
6114 496413234 28 0
5656 496418890 33 0
11818 496430708 26 0
5645 496436353 24 0
6129 496442482 33 0
5651 496448133 29 0
11813 496459946 42 0
5658 496465604 14 0
6145 496471749 16 0
5622 496477371 23 0
11806 496489177 35 0
5658 496494835 11 0
6067 496500902 18 0
6084 496506986 32 0
11793 496518779 43 0
5658 496524437 12 0
6119 496530556 23 0
5633 496536189 22 0
11818 496548007 32 0
5661 496553668 21 0
6138 496559806 19 0
6116 496565922 16 0
11747 496577669 37 0
5656 496583325 26 0
6132 496589457 27 0
5615 496595072 25 0
11826 496606898 51 0
5658 496612556 13 0
6138 496618694 27 0
5658 496624352 16 0
13190 496637542 55 0
5658 496643200 15 0
6145 496649345 20 0
5658 496655003 16 2
11816 496666819 43 0
5657 496672476 24 0
6130 496678606 38 0
5651 496684257 25 1
11817 496696074 42 0
5657 496701731 17 0
6138 496707869 17 0
6104 496713973 26 0
11789 496725762 36 0
5638 496731400 23 0
6145 496737545 25 0
6116 496743661 21 0
11790 496755451 34 0
5652 496761103 19 0
6138 496767241 18 0
6115 496773356 33 0
11800 496785156 41 0
5627 496790783 24 0
6138 496796921 16 0
6116 496803037 22 0
11795 496814832 42 0
5651 496820483 23 0
6126 496826609 24 0
6129 496832738 22 1
11784 496844522 32 0
5643 496850165 31 1
6138 496856303 18 0
5657 496861960 32 0
11817 496873777 25 0
5650 496879427 20 1
14351 496893778 431 119
6116 496899894 54 7
11754 496911648 41 0
5658 496917306 11 0
6138 496923444 18 0
5658 496929102 16 0
11809 496940911 42 0
5658 496946569 11 0
6132 496952701 18 0
5657 496958358 13 0
11783 496970141 42 0
5655 496975796 22 0
6124 496981920 27 0
5631 496987551 26 1
11812 496999363 35 0
5647 497005010 26 0
6138 497011148 17 0
7493 497018641 40 0
11812 497030453 29 0
5658 497036111 13 1
6131 497042242 25 0
5658 497047900 14 0
11812 497059712 34 0
5641 497065353 17 0
6126 497071479 26 0
5652 497077131 15 0
11831 497088962 29 0
5658 497094620 11 0
6138 497100758 19 0
5657 497106415 17 0
11811 497118226 32 0
6137 497124363 32 0
6116 497130479 19 0
6110 497136589 24 0
11785 497148374 49 0
5646 497154020 17 0
6138 497160158 17 0
5633 497165791 19 0
11829 497177620 37 0
5658 497183278 12 0
6138 497189416 22 0
5646 497195062 20 0
11806 497206868 33 0
5658 497212526 12 1
6146 497218672 24 0
5658 497224330 13 1
11816 497236146 38 0
5652 497241798 14 0
6147 497247945 31 0
5658 497253603 10 0
11801 497265404 37 0
5646 497271050 14 0
6138 497277188 16 0
5644 497282832 24 0
11812 497294644 26 0
5657 497300301 21 0
6138 497306439 15 0
5640 497312079 15 0
11825 497323904 35 0
5658 497329562 10 0
6108 497335670 25 0
5634 497341304 14 0
11791 497353095 41 0
5652 497358747 14 0
6142 497364889 23 0
5644 497370533 21 0
11818 497382351 22 0
5646 497387997 29 0
7515 497395512 29 0
5671 497401183 30 1
11783 497412966 31 0
5666 497418632 29 0
6128 497424760 29 0
5646 497430406 15 0
11815 497442221 43 0
5655 497447876 31 0
6151 497454027 18 0
5639 497459666 22 0
11818 497471484 21 0
5661 497477145 30 0
6138 497483283 19 0
5658 497488941 25 0
11843 497500784 40 0
5622 497506406 18 0
6129 497512535 33 0
5651 497518186 22 0
11804 497529990 33 0
5658 497535648 12 0
6138 497541786 21 0
5651 497547437 21 0
11818 497559255 35 0
5658 497564913 12 0
6138 497571051 16 0
5652 497576703 16 0
11805 497588508 34 0
5652 497594160 12 0
6151 497600311 17 0
5658 497605969 12 0
11798 497617767 34 0
5656 497623423 24 0
6126 497629549 23 0
5651 497635200 19 0
11804 497647004 44 0
5652 497652656 17 0
6138 497658794 18 0
5645 497664439 17 0
11807 497676246 45 0
5639 497681885 25 0
6151 497688036 18 0
5658 497693694 8 0
11810 497705504 37 1
5633 497711137 22 1
6130 497717267 35 0
5646 497722913 16 0
11830 497734743 36 0
5652 497740395 12 0
6148 497746543 29 0
5673 497752216 35 0
11821 497764037 31 0
7029 497771066 47 0
6125 497777191 25 0
5658 497782849 13 0
11831 497794680 36 0
5658 497800338 14 0
6126 497806464 29 0
5658 497812122 12 0
11767 497823889 48 0
5645 497829534 24 0
6151 497835685 15 0
5658 497841343 11 0
11809 497853152 41 0
5658 497858810 9 0
6132 497864942 22 0
5658 497870600 15 0
11838 497882438 36 0
5655 497888093 27 0
6120 497894213 20 0
5646 497899859 18 0
11815 497911674 42 0
5661 497917335 21 0
6115 497923450 26 0
5652 497929102 15 0
11786 497940888 35 0
889914 498830802 15547 5054
6410 498837212 92 10
6683 498843895 70 4
20862 498864757 486 135
6716 498871473 64 5
6393 498877866 33 15
8298 498886164 188 49
12963 498899127 59 9
