1147867, 1147867, 26397, 1406, 5
5910438, 7058305, 82328, 11162, 13
17142418, 24200723, 31995, 7277, 10
18986867, 43187590, 20784, 5233, 11
18964982, 62152572, 20471, 5843, 11
19544856, 81697428, 17847, 5375, 11
19305478, 101002906, 18421, 5304, 11
18705396, 119708302, 23606, 7406, 2
19007640, 138715942, 18458, 5243, 11
19402153, 158118095, 18373, 5325, 11
19043068, 177161163, 19241, 5277, 11
19451900, 196613063, 20511, 5739, 11
19465793, 216078856, 18188, 5383, 11
19410781, 235489637, 18650, 5290, 11
18694255, 254183892, 25188, 5438, 11
19348520, 273532412, 19984, 5388, 11
19017361, 292549773, 19294, 5162, 11
19173879, 311723652, 19118, 5166, 11
19156064, 330879716, 20142, 5293, 11
19626949, 350506665, 19494, 5301, 11
19431149, 369937814, 19559, 5325, 11
19646341, 389584155, 19291, 5356, 11
19640741, 409224896, 19366, 5272, 11
19602867, 428827763, 19086, 5345, 11
19609662, 448437425, 18936, 5276, 11
19620348, 468057773, 18775, 5328, 11
17495025, 485552798, 29363, 4566, 2
10151872, 495704670, 17734, 368, 12
616990, 496321660, 3289, 823, 1
5658, 496327318, 30, 1, 1
11788, 496339106, 47, 0, 1
6138, 496345244, 20, 0, 1
5658, 496350902, 13, 0, 1
5656, 496356558, 26, 0, 1
11798, 496368356, 48, 0, 1
6106, 496374462, 28, 0, 1
5658, 496380120, 16, 0, 1
5658, 496385778, 21, 0, 1
20891, 496406669, 387, 78, 1
6138, 496412807, 20, 0, 1
5658, 496418465, 17, 3, 1
5658, 496424123, 20, 0, 1
11806, 496435929, 37, 0, 1
6151, 496442080, 18, 0, 1
5646, 496447726, 19, 1, 1
5652, 496453378, 16, 0, 1
11827, 496465205, 65, 1, 1
6128, 496471333, 32, 0, 1
5658, 496476991, 18, 3, 1
5658, 496482649, 13, 0, 1
11810, 496494459, 43, 1, 1
6138, 496500597, 18, 0, 1
5640, 496506237, 18, 0, 1
5658, 496511895, 10, 0, 1
11816, 496523711, 35, 0, 1
6151, 496529862, 15, 0, 1
5633, 496535495, 25, 0, 1
5658, 496541153, 12, 0, 1
11799, 496552952, 43, 1, 1
6131, 496559083, 25, 0, 1
5658, 496564741, 13, 1, 1
5658, 496570399, 15, 0, 1
11826, 496582225, 30, 1, 1
6138, 496588363, 16, 0, 1
5636, 496593999, 28, 0, 1
5658, 496599657, 15, 0, 1
13194, 496612851, 119, 7, 1
6138, 496618989, 18, 0, 1
5646, 496624635, 18, 1, 1
5658, 496630293, 11, 0, 1
11830, 496642123, 32, 2, 1
6138, 496648261, 15, 0, 1
5639, 496653900, 19, 0, 1
5657, 496659557, 23, 0, 1
11810, 496671367, 31, 0, 1
6130, 496677497, 25, 0, 1
5658, 496683155, 18, 4, 1
5658, 496688813, 14, 0, 1
11822, 496700635, 50, 2, 1
6131, 496706766, 30, 0, 1
6115, 496712881, 20, 1, 1
5658, 496718539, 16, 0, 1
11802, 496730341, 37, 0, 1
6138, 496736479, 26, 0, 1
5658, 496742137, 15, 0, 1
5658, 496747795, 12, 0, 1
11808, 496759603, 42, 0, 1
6151, 496765754, 19, 0, 1
5651, 496771405, 23, 1, 1
5652, 496777057, 30, 0, 1
11817, 496788874, 45, 2, 1
6138, 496795012, 20, 0, 1
5657, 496800669, 23, 0, 1
5658, 496806327, 16, 0, 1
11825, 496818152, 23, 0, 1
6120, 496824272, 25, 0, 1
5658, 496829930, 14, 0, 1
5658, 496835588, 12, 0, 1
11823, 496847411, 41, 0, 1
6138, 496853549, 19, 0, 1
5658, 496859207, 17, 3, 1
5658, 496864865, 12, 0, 1
11831, 496876696, 28, 0, 1
6095, 496882791, 26, 0, 1
6116, 496888907, 21, 0, 1
6362, 496895269, 67, 2, 1
13260, 496908529, 62, 14, 1
9442, 496917971, 254, 61, 1
6567, 496924538, 40, 3, 1
6116, 496930654, 21, 0, 1
12220, 496942874, 37, 0, 1
6110, 496948984, 35, 0, 1
6116, 496955100, 19, 0, 1
6126, 496961226, 31, 0, 1
12227, 496973453, 49, 0, 1
6116, 496979569, 16, 0, 1
6111, 496985680, 24, 0, 1
6110, 496991790, 22, 0, 1
13608, 497005398, 77, 6, 1
6128, 497011526, 27, 0, 1
6116, 497017642, 16, 0, 1
6116, 497023758, 20, 0, 1
12232, 497035990, 29, 0, 1
6113, 497042103, 30, 0, 1
6115, 497048218, 21, 0, 1
6116, 497054334, 20, 0, 1
12212, 497066546, 41, 0, 1
6116, 497072662, 19, 2, 1
6111, 497078773, 31, 0, 1
6116, 497084889, 19, 0, 1
11743, 497096632, 40, 0, 1
6138, 497102770, 18, 0, 1
6140, 497108910, 28, 0, 1
5628, 497114538, 21, 0, 1
11801, 497126339, 44, 0, 1
6138, 497132477, 17, 0, 1
5651, 497138128, 24, 0, 1
5652, 497143780, 16, 0, 1
11804, 497155584, 34, 1, 1
14344, 497169928, 321, 211, 1
5616, 497175544, 34, 8, 1
5650, 497181194, 33, 0, 1
11812, 497193006, 26, 0, 1
6135, 497199141, 33, 0, 1
5657, 497204798, 24, 0, 1
5662, 497210460, 27, 0, 1
11831, 497222291, 32, 0, 1
6138, 497228429, 16, 0, 1
5646, 497234075, 26, 0, 1
5655, 497239730, 18, 0, 1
11801, 497251531, 48, 0, 1
6131, 497257662, 27, 0, 1
5661, 497263323, 28, 0, 1
5643, 497268966, 26, 0, 1
11812, 497280778, 35, 0, 1
6138, 497286916, 18, 0, 1
5652, 497292568, 19, 0, 1
5657, 497298225, 36, 0, 1
11831, 497310056, 26, 0, 1
6138, 497316194, 19, 0, 1
5656, 497321850, 20, 0, 1
5658, 497327508, 12, 0, 1
11810, 497339318, 30, 0, 1
6138, 497345456, 17, 0, 1
5645, 497351101, 20, 0, 1
5658, 497356759, 12, 0, 1
11857, 497368616, 20, 0, 1
6137, 497374753, 25, 0, 1
5658, 497380411, 11, 0, 1
7022, 497387433, 43, 1, 1
11809, 497399242, 32, 0, 1
6151, 497405393, 18, 0, 1
5646, 497411039, 24, 0, 1
5658, 497416697, 19, 0, 1
11826, 497428523, 33, 0, 1
6126, 497434649, 20, 0, 1
5658, 497440307, 11, 0, 1
11828, 497452135, 36, 0, 1
5658, 497457793, 14, 0, 1
6138, 497463931, 16, 0, 1
5650, 497469581, 22, 0, 1
11812, 497481393, 29, 0, 1
5650, 497487043, 17, 0, 1
6133, 497493176, 28, 0, 1
5650, 497498826, 23, 0, 1
11800, 497510626, 40, 0, 1
5658, 497516284, 11, 0, 1
6138, 497522422, 19, 0, 1
5632, 497528054, 22, 0, 1
11820, 497539874, 31, 0, 1
5652, 497545526, 20, 0, 1
6138, 497551664, 20, 0, 1
5649, 497557313, 21, 0, 1
11811, 497569124, 31, 0, 1
5661, 497574785, 27, 0, 1
6117, 497580902, 29, 0, 1
5644, 497586546, 19, 0, 1
11824, 497598370, 31, 0, 1
5647, 497604017, 26, 0, 1
6141, 497610158, 32, 0, 1
5658, 497615816, 12, 0, 1
11800, 497627616, 32, 0, 1
5646, 497633262, 16, 0, 1
6151, 497639413, 21, 0, 1
5632, 497645045, 26, 0, 1
11799, 497656844, 41, 0, 1
5658, 497662502, 12, 0, 1
6129, 497668631, 31, 0, 1
5658, 497674289, 14, 0, 1
11821, 497686110, 52, 0, 1
5650, 497691760, 24, 0, 1
6133, 497697893, 35, 0, 1
5652, 497703545, 16, 0, 1
11823, 497715368, 39, 0, 1
5658, 497721026, 11, 0, 1
6155, 497727181, 33, 0, 1
5656, 497732837, 26, 0, 1
11798, 497744635, 46, 0, 1
5652, 497750287, 18, 0, 1
6114, 497756401, 26, 0, 1
7035, 497763436, 39, 2, 1
11799, 497775235, 36, 0, 1
5646, 497780881, 17, 0, 1
6138, 497787019, 19, 0, 1
5651, 497792670, 21, 0, 1
11830, 497804500, 45, 0, 1
5639, 497810139, 17, 0, 1
6138, 497816277, 20, 0, 1
5645, 497821922, 26, 0, 1
11831, 497833753, 36, 0, 1
5657, 497839410, 23, 0, 1
6138, 497845548, 19, 0, 1
5651, 497851199, 21, 0, 1
11799, 497862998, 36, 0, 1
5643, 497868641, 23, 0, 1
6139, 497874780, 22, 0, 1
6116, 497880896, 17, 0, 1
11776, 497892672, 35, 0, 1
5655, 497898327, 28, 0, 1
6138, 497904465, 20, 0, 1
5639, 497910104, 16, 0, 1
11825, 497921929, 29, 0, 1
5633, 497927562, 23, 0, 1
6138, 497933700, 19, 0, 1
5656, 497939356, 24, 0, 1
11816, 497951172, 42, 0, 1
5658, 497956830, 10, 0, 1
6141, 497962971, 32, 0, 1
5656, 497968627, 20, 1, 1
11812, 497980439, 28, 0, 1
5652, 497986091, 17, 0, 1
6138, 497992229, 19, 0, 1
5658, 497997887, 14, 0, 1
11842, 498009729, 50, 0, 1
5656, 498015385, 28, 0, 1
6134, 498021519, 30, 0, 1
5645, 498027164, 22, 0, 1
11801, 498038965, 50, 0, 1
5658, 498044623, 12, 0, 1
6126, 498050749, 19, 0, 1
5657, 498056406, 24, 0, 1
12704, 498069110, 113, 58, 1
5658, 498074768, 11, 0, 1
6118, 498080886, 31, 0, 1
5638, 498086524, 24, 0, 1
11812, 498098336, 33, 0, 1
5658, 498103994, 11, 0, 1
13933, 498117927, 287, 48, 1
6107, 498124034, 33, 0, 1
11785, 498135819, 47, 0, 1
7028, 498142847, 43, 1, 1
6138, 498148985, 23, 0, 1
5658, 498154643, 12, 0, 1
11810, 498166453, 39, 0, 1
5658, 498172111, 14, 0, 1
6096, 498178207, 25, 0, 1
5643, 498183850, 23, 0, 1
11811, 498195661, 37, 0, 1
5656, 498201317, 21, 0, 1
6151, 498207468, 17, 0, 1
5634, 498213102, 18, 0, 1
11817, 498224919, 31, 0, 1
5645, 498230564, 25, 0, 1
6135, 498236699, 31, 0, 1
5656, 498242355, 19, 0, 1
11823, 498254178, 37, 0, 1
5661, 498259839, 26, 0, 1
6129, 498265968, 28, 0, 1
5634, 498271602, 17, 0, 1
11809, 498283411, 45, 1, 1
5646, 498289057, 16, 0, 1
6138, 498295195, 20, 0, 1
5658, 498300853, 12, 0, 1
11809, 498312662, 36, 0, 1
5662, 498318324, 22, 0, 1
6138, 498324462, 17, 0, 1
5616, 498330078, 20, 0, 1
11811, 498341889, 44, 0, 1
5656, 498347545, 21, 0, 1
6151, 498353696, 17, 0, 1
5674, 498359370, 30, 0, 1
11818, 498371188, 27, 0, 1
5646, 498376834, 13, 0, 1
6138, 498382972, 17, 0, 1
5652, 498388624, 12, 0, 1
11830, 498400454, 30, 0, 1
5646, 498406100, 13, 0, 1
6138, 498412238, 18, 0, 1
5639, 498417877, 27, 0, 1
11801, 498429678, 43, 0, 1
5661, 498435339, 34, 0, 1
6151, 498441490, 18, 0, 1
5658, 498447148, 16, 0, 1
11818, 498458966, 36, 0, 1
5658, 498464624, 12, 0, 1
6112, 498470736, 25, 0, 1
5639, 498476375, 19, 0, 1
11834, 498488209, 46, 0, 1
5658, 498493867, 11, 0, 1
6124, 498499991, 31, 0, 1
5655, 498505646, 26, 0, 1
13176, 498518822, 53, 0, 1
5657, 498524479, 29, 0, 1
6126, 498530605, 23, 0, 1
5651, 498536256, 21, 0, 1
11821, 498548077, 48, 0, 1
5646, 498553723, 21, 0, 1
6100, 498559823, 29, 0, 1
5655, 498565478, 26, 0, 1
11809, 498577287, 37, 0, 1
5658, 498582945, 10, 0, 1
6139, 498589084, 22, 0, 1
5652, 498594736, 17, 0, 1
11815, 498606551, 27, 0, 1
5658, 498612209, 12, 0, 1
6126, 498618335, 23, 0, 1
5658, 498623993, 13, 0, 1
11826, 498635819, 36, 0, 1
5658, 498641477, 15, 0, 1
6107, 498647584, 31, 0, 1
5658, 498653242, 13, 0, 1
11817, 498665059, 32, 0, 1
5652, 498670711, 20, 0, 1
6145, 498676856, 22, 0, 1
5652, 498682508, 17, 0, 1
11794, 498694302, 40, 0, 1
5656, 498699958, 21, 0, 1
6138, 498706096, 18, 0, 1
913217, 499619313, 15485, 4769, 9
13397, 499632710, 592, 34, 1
7455, 499640165, 261, 96, 1
6675, 499646840, 47, 5, 1
11330, 499658170, 155, 36, 1
13105, 499671275, 59, 0, 1
6662, 499677937, 20, 0, 1
8280, 499686217, 144, 20, 1
1866009, 1866009, 39410, 1774, 4
5783532, 7649541, 80667, 13276, 13
18959259, 26608800, 22104, 5373, 11
18831911, 45440711, 20000, 5164, 11
19233417, 64674128, 17516, 5193, 11
19256094, 83930222, 21608, 5996, 11
19308526, 103238748, 18430, 5282, 11
19420642, 122659390, 18433, 5312, 11
18336705, 140996095, 24212, 7299, 2
18919054, 159915149, 19798, 5241, 11
19370587, 179285736, 18916, 5377, 11
19304780, 198590516, 21441, 5667, 11
19456842, 218047358, 18777, 5382, 11
19285478, 237332836, 18862, 5247, 11
18717764, 256050600, 24873, 5467, 11
19156330, 275206930, 19303, 5228, 11
19173420, 294380350, 18643, 5273, 11
18886318, 313266668, 19175, 5100, 11
19366496, 332633164, 19159, 5328, 11
19607316, 352240480, 18567, 5332, 11
19381122, 371621602, 18939, 5337, 11
19649737, 391271339, 19253, 5328, 11
19644732, 410916071, 18456, 5380, 11
19519492, 430435563, 18367, 5294, 11
19642677, 450078240, 18505, 5367, 11
19519845, 469598085, 19478, 5316, 11
17321984, 486920069, 27363, 4236, 11
9385785, 496305854, 16908, 481, 12
98612, 496404466, 2461, 791, 1
11801, 496416267, 62, 0, 1
5655, 496421922, 33, 2, 1
6138, 496428060, 17, 0, 1
5658, 496433718, 12, 0, 1
11774, 496445492, 43, 0, 1
5668, 496451160, 21, 0, 1
6138, 496457298, 16, 0, 1
5645, 496462943, 16, 0, 1
11825, 496474768, 33, 0, 1
5637, 496480405, 23, 0, 1
6138, 496486543, 16, 0, 1
5651, 496492194, 22, 0, 1
11799, 496503993, 27, 0, 1
5658, 496509651, 12, 0, 1
6120, 496515771, 25, 0, 1
5652, 496521423, 17, 0, 1
11806, 496533229, 29, 3, 1
5672, 496538901, 30, 0, 1
6138, 496545039, 18, 0, 1
5656, 496550695, 27, 0, 1
11807, 496562502, 28, 1, 1
5658, 496568160, 9, 0, 1
6135, 496574295, 36, 0, 1
5650, 496579945, 30, 0, 1
11799, 496591744, 38, 2, 1
5662, 496597406, 18, 0, 1
6138, 496603544, 30, 0, 1
5638, 496609182, 25, 0, 1
11786, 496620968, 33, 0, 1
5658, 496626626, 21, 0, 1
6138, 496632764, 15, 0, 1
5657, 496638421, 13, 1, 1
11798, 496650219, 33, 0, 1
5645, 496655864, 19, 0, 1
6138, 496662002, 17, 0, 1
5658, 496667660, 10, 0, 1
11792, 496679452, 44, 1, 1
5640, 496685092, 19, 0, 1
6138, 496691230, 18, 0, 1
5658, 496696888, 13, 0, 1
11817, 496708705, 42, 0, 1
5658, 496714363, 9, 0, 1
6122, 496720485, 27, 0, 1
5646, 496726131, 15, 0, 1
13153, 496739284, 122, 25, 1
5652, 496744936, 17, 0, 1
6151, 496751087, 13, 0, 1
5658, 496756745, 20, 7, 1
11811, 496768556, 33, 0, 1
6103, 496774659, 38, 2, 1
6103, 496780762, 25, 1, 1
6116, 496786878, 18, 0, 1
11802, 496798680, 37, 0, 1
5651, 496804331, 21, 0, 1
6135, 496810466, 30, 0, 1
5651, 496816117, 15, 0, 1
11811, 496827928, 32, 1, 1
5674, 496833602, 26, 0, 1
6155, 496839757, 31, 0, 1
5658, 496845415, 11, 0, 1
11812, 496857227, 28, 0, 1
5652, 496862879, 18, 0, 1
6125, 496869004, 24, 0, 1
5657, 496874661, 15, 1, 1
11818, 496886479, 29, 0, 1
5648, 496892127, 26, 0, 1
6126, 496898253, 25, 3, 1
11316, 496909569, 17, 0, 1
6146, 496915715, 24, 0, 1
5657, 496921372, 15, 0, 1
6138, 496927510, 17, 0, 1
11316, 496938826, 19, 2, 1
6181, 496945007, 39, 0, 1
6116, 496951123, 17, 0, 1
6466, 496957589, 56, 0, 1
14746, 496972335, 284, 112, 1
6674, 496979009, 35, 0, 1
6806, 496985815, 62, 6, 1
6557, 496992372, 36, 0, 1
12220, 497004592, 38, 0, 1
6115, 497010707, 20, 0, 1
6131, 497016838, 33, 0, 1
6116, 497022954, 20, 0, 1
12231, 497035185, 45, 0, 1
6116, 497041301, 18, 0, 1
6115, 497047416, 24, 0, 1
6078, 497053494, 28, 0, 1
12220, 497065714, 36, 0, 1
6116, 497071830, 17, 0, 1
6116, 497077946, 20, 0, 1
7005, 497084951, 95, 55, 1
12223, 497097174, 38, 0, 1
6119, 497103293, 31, 0, 1
6109, 497109402, 25, 0, 1
6100, 497115502, 26, 0, 1
13603, 497129105, 52, 10, 1
6131, 497135236, 29, 0, 1
6116, 497141352, 18, 0, 1
6116, 497147468, 19, 0, 1
12225, 497159693, 37, 1, 1
6113, 497165806, 29, 0, 1
6116, 497171922, 17, 0, 1
6103, 497178025, 25, 0, 1
11780, 497189805, 30, 1, 1
6138, 497195943, 18, 0, 1
5661, 497201604, 20, 0, 1
6125, 497207729, 23, 0, 1
11324, 497219053, 35, 0, 1
6160, 497225213, 17, 0, 1
5642, 497230855, 23, 0, 1
6139, 497236994, 24, 0, 1
11316, 497248310, 45, 0, 1
6144, 497254454, 28, 0, 1
5628, 497260082, 24, 0, 1
6133, 497266215, 24, 0, 1
11314, 497277529, 28, 0, 1
6161, 497283690, 15, 0, 1
5651, 497289341, 20, 0, 1
6120, 497295461, 20, 0, 1
11307, 497306768, 34, 0, 1
6148, 497312916, 23, 0, 1
5646, 497318562, 15, 0, 1
6151, 497324713, 17, 0, 1
11305, 497336018, 36, 0, 1
6160, 497342178, 13, 0, 1
5666, 497347844, 30, 0, 1
6138, 497353982, 19, 0, 1
11287, 497365269, 40, 0, 1
6173, 497371442, 18, 0, 1
5658, 497377100, 14, 0, 1
6140, 497383240, 28, 0, 1
11326, 497394566, 35, 0, 1
6154, 497400720, 25, 0, 1
5651, 497406371, 21, 0, 1
6138, 497412509, 20, 0, 1
11289, 497423798, 27, 0, 1
6148, 497429946, 21, 0, 1
5658, 497435604, 12, 0, 1
6125, 497441729, 25, 0, 1
11316, 497453045, 20, 0, 1
6134, 497459179, 23, 0, 1
5652, 497464831, 16, 0, 1
6159, 497470990, 28, 0, 1
11322, 497482312, 43, 0, 1
6160, 497488472, 17, 0, 1
5645, 497494117, 18, 0, 1
6138, 497500255, 17, 0, 1
12679, 497512934, 63, 0, 1
6173, 497519107, 16, 0, 1
5645, 497524752, 17, 0, 1
6138, 497530890, 18, 0, 1
11281, 497542171, 35, 0, 1
6133, 497548304, 23, 0, 1
5657, 497553961, 18, 0, 1
6151, 497560112, 18, 0, 1
11310, 497571422, 34, 0, 1
6164, 497577586, 30, 0, 1
5642, 497583228, 25, 0, 1
6120, 497589348, 24, 0, 1
11303, 497600651, 25, 0, 1
6173, 497606824, 25, 0, 1
5650, 497612474, 18, 0, 1
6138, 497618612, 18, 0, 1
11294, 497629906, 29, 0, 1
6152, 497636058, 22, 0, 1
5651, 497641709, 16, 0, 1
6138, 497647847, 16, 0, 1
11309, 497659156, 33, 0, 1
15235, 497674391, 386, 231, 1
5625, 497680016, 43, 1, 1
6112, 497686128, 28, 0, 1
11295, 497697423, 34, 0, 1
6160, 497703583, 18, 0, 1
5653, 497709236, 24, 0, 1
6145, 497715381, 21, 0, 1
11308, 497726689, 32, 0, 1
6151, 497732840, 22, 0, 1
5632, 497738472, 22, 0, 1
6138, 497744610, 16, 0, 1
11314, 497755924, 25, 0, 1
6153, 497762077, 21, 0, 1
5651, 497767728, 17, 0, 1
6138, 497773866, 17, 0, 1
11293, 497785159, 38, 0, 1
6148, 497791307, 20, 0, 1
5622, 497796929, 20, 0, 1
6130, 497803059, 27, 0, 1
11306, 497814365, 30, 0, 1
6175, 497820540, 30, 1, 1
5658, 497826198, 12, 0, 1
6134, 497832332, 31, 0, 1
11323, 497843655, 35, 0, 1
6173, 497849828, 27, 0, 1
5649, 497855477, 24, 0, 1
6134, 497861611, 28, 0, 1
11315, 497872926, 29, 0, 1
6160, 497879086, 16, 0, 1
5657, 497884743, 27, 0, 1
7507, 497892250, 44, 0, 1
11305, 497903555, 36, 0, 1
6167, 497909722, 26, 0, 1
5671, 497915393, 29, 0, 1
6129, 497921522, 31, 0, 1
11315, 497932837, 25, 0, 1
6160, 497938997, 16, 0, 1
5638, 497944635, 27, 0, 1
6151, 497950786, 18, 0, 1
11308, 497962094, 27, 0, 1
6160, 497968254, 15, 0, 1
6120, 497974374, 30, 0, 1
6116, 497980490, 19, 0, 1
11292, 497991782, 27, 0, 1
6186, 497997968, 14, 0, 1
5646, 498003614, 27, 0, 1
6145, 498009759, 17, 0, 1
11305, 498021064, 31, 0, 1
6160, 498027224, 18, 0, 1
5663, 498032887, 18, 0, 1
6144, 498039031, 26, 0, 1
11320, 498050351, 34, 0, 1
6160, 498056511, 16, 0, 1
5631, 498062142, 23, 0, 1
6143, 498068285, 29, 0, 1
11287, 498079572, 38, 0, 1
6159, 498085731, 25, 0, 1
5651, 498091382, 16, 0, 1
6125, 498097507, 22, 0, 1
11317, 498108824, 30, 0, 1
6147, 498114971, 23, 0, 1
5658, 498120629, 21, 0, 1
6108, 498126737, 24, 0, 1
12296, 498139033, 45, 0, 1
6603, 498145636, 28, 0, 1
6373, 498152009, 16, 0, 1
6605, 498158614, 28, 0, 1
12709, 498171323, 42, 0, 1
6615, 498177938, 25, 0, 1
5650, 498183588, 26, 0, 1
6151, 498189739, 17, 0, 1
11318, 498201057, 39, 0, 1
6160, 498207217, 13, 0, 1
5660, 498212877, 28, 0, 1
6138, 498219015, 20, 0, 1
11309, 498230324, 27, 0, 1
6159, 498236483, 28, 0, 1
5662, 498242145, 23, 0, 1
6151, 498248296, 32, 0, 1
11304, 498259600, 25, 0, 1
6128, 498265728, 25, 0, 1
7035, 498272763, 24, 4, 1
6143, 498278906, 33, 0, 1
11307, 498290213, 32, 0, 1
6160, 498296373, 14, 0, 1
5645, 498302018, 22, 0, 1
6125, 498308143, 23, 0, 1
11307, 498319450, 32, 0, 1
6170, 498325620, 27, 0, 1
5628, 498331248, 22, 0, 1
6138, 498337386, 18, 0, 1
11300, 498348686, 30, 0, 1
6160, 498354846, 18, 0, 1
5653, 498360499, 27, 0, 1
6135, 498366634, 30, 0, 1
11289, 498377923, 29, 0, 1
6186, 498384109, 16, 0, 1
5645, 498389754, 16, 0, 1
6118, 498395872, 19, 0, 1
11274, 498407146, 41, 0, 1
6160, 498413306, 14, 0, 1
5625, 498418931, 20, 1, 1
14339, 498433270, 268, 127, 1
11292, 498444562, 41, 0, 1
6159, 498450721, 25, 0, 1
5662, 498456383, 23, 0, 1
6136, 498462519, 28, 0, 1
11308, 498473827, 28, 0, 1
6167, 498479994, 25, 0, 1
5654, 498485648, 24, 0, 1
6138, 498491786, 16, 0, 1
11307, 498503093, 36, 0, 1
6160, 498509253, 14, 0, 1
5622, 498514875, 20, 0, 1
6115, 498520990, 25, 0, 1
11298, 498532288, 36, 0, 1
6134, 498538422, 21, 0, 1
5657, 498544079, 19, 0, 1
6119, 498550198, 25, 0, 1
11311, 498561509, 31, 0, 1
6173, 498567682, 16, 0, 1
5659, 498573341, 27, 0, 1
6136, 498579477, 30, 0, 1
11320, 498590797, 24, 0, 1
6160, 498596957, 18, 0, 1
5645, 498602602, 17, 0, 1
6114, 498608716, 23, 0, 1
11316, 498620032, 25, 0, 1
6173, 498626205, 18, 0, 1
5655, 498631860, 29, 0, 1
6114, 498637974, 22, 0, 1
11303, 498649277, 37, 0, 1
7537, 498656814, 28, 0, 1
5621, 498662435, 22, 0, 1
6160, 498668595, 36, 0, 1
11316, 498679911, 20, 0, 1
6133, 498686044, 30, 0, 1
5658, 498691702, 14, 0, 1
6107, 498697809, 26, 0, 1
11309, 498709118, 22, 0, 1
6162, 498715280, 26, 0, 1
5658, 498720938, 12, 0, 1
6138, 498727076, 20, 0, 1
11312, 498738388, 29, 0, 1
6148, 498744536, 19, 0, 1
5658, 498750194, 16, 0, 1
6184, 498756378, 19, 0, 1
11316, 498767694, 13, 0, 1
6145, 498773839, 27, 0, 1
5650, 498779489, 26, 0, 1
11795, 498791284, 33, 0, 1
5633, 498796917, 22, 0, 1
6163, 498803080, 31, 0, 1
5658, 498808738, 17, 0, 1
11796, 498820534, 34, 0, 1
5657, 498826191, 17, 0, 1
9499, 498835690, 177, 40, 1
889505, 499725195, 15482, 4771, 9
13391, 499738586, 78, 0, 1
11588, 499750174, 380, 134, 1
6695, 499756869, 51, 1, 1
6721, 499763590, 23, 0, 1
14924, 499778514, 210, 43, 1
6598, 499785112, 30, 0, 1
6642, 499791754, 28, 0, 1
343589, 343589, 6794, 464, 1
4511429, 4855018, 86073, 4606, 16
14133578, 18988596, 42887, 12926, 20
18633735, 37622331, 19507, 5675, 11
6812918, 44435249, 9080, 1320, 6
19179120, 63614369, 18487, 5271, 11
19458451, 83072820, 18064, 5283, 11
18021649, 101094469, 24653, 7188, 2
19002421, 120096890, 19177, 5246, 11
18891524, 138988414, 18705, 5165, 11
19349669, 158338083, 19184, 5380, 11
19297279, 177635362, 21436, 5552, 11
19420793, 197056155, 18695, 5352, 11
19205533, 216261688, 19090, 5362, 11
19417429, 235679117, 19256, 5409, 11
18796019, 254475136, 20558, 5187, 11
18405079, 272880215, 24307, 5160, 11
18864715, 291744930, 19024, 5207, 11
19431894, 311176824, 18652, 5231, 11
19490942, 330667766, 19027, 5338, 11
19580434, 350248200, 19250, 5442, 11
19380993, 369629193, 18939, 5316, 11
19621849, 389251042, 18635, 5424, 11
19471111, 408722153, 19127, 5311, 11
19591473, 428313626, 18724, 5310, 11
19551881, 447865507, 18060, 5286, 11
19576182, 467441689, 19077, 5355, 11
18532935, 485974624, 28025, 5266, 2
10875741, 496850365, 19107, 468, 12
1525789, 498376154, 4676, 798, 5
5652, 498381806, 25, 0, 1
11788, 498393594, 46, 0, 1
6132, 498399726, 23, 0, 1
5651, 498405377, 19, 0, 1
5658, 498411035, 9, 0, 1
11829, 498422864, 43, 2, 1
6138, 498429002, 24, 0, 1
5658, 498434660, 11, 0, 1
5657, 498440317, 16, 0, 1
11805, 498452122, 38, 0, 1
6151, 498458273, 16, 0, 1
5622, 498463895, 19, 0, 1
5646, 498469541, 16, 0, 1
11793, 498481334, 39, 0, 1
6114, 498487448, 23, 0, 1
5658, 498493106, 10, 0, 1
5658, 498498764, 20, 0, 1
11816, 498510580, 38, 0, 1
6138, 498516718, 21, 0, 1
5652, 498522370, 18, 0, 1
5658, 498528028, 17, 0, 1
11793, 498539821, 37, 0, 1
6139, 498545960, 22, 0, 1
5646, 498551606, 15, 1, 1
5643, 498557249, 22, 0, 1
11780, 498569029, 48, 1, 1
6138, 498575167, 17, 0, 1
5628, 498580795, 19, 0, 1
5658, 498586453, 15, 0, 1
11806, 498598259, 55, 0, 1
6126, 498604385, 19, 0, 1
5646, 498610031, 14, 0, 1
5651, 498615682, 13, 0, 1
11794, 498627476, 36, 0, 1
6130, 498633606, 28, 0, 1
5645, 498639251, 22, 1, 1
5657, 498644908, 16, 0, 1
11811, 498656719, 39, 0, 1
6132, 498662851, 22, 0, 1
5652, 498668503, 14, 0, 1
5651, 498674154, 14, 0, 1
11806, 498685960, 37, 0, 1
6151, 498692111, 14, 0, 1
5658, 498697769, 13, 2, 1
5658, 498703427, 15, 0, 1
11818, 498715245, 26, 3, 1
6138, 498721383, 20, 0, 1
5658, 498727041, 19, 5, 1
5657, 498732698, 21, 0, 1
13635, 498746333, 101, 20, 1
6116, 498752449, 23, 0, 1
5658, 498758107, 16, 0, 1
5658, 498763765, 12, 0, 1
11818, 498775583, 34, 0, 1
6132, 498781715, 22, 0, 1
5652, 498787367, 18, 2, 1
5658, 498793025, 18, 0, 1
11818, 498804843, 19, 1, 1
6132, 498810975, 22, 0, 1
5658, 498816633, 13, 0, 1
5657, 498822290, 19, 0, 1
11830, 498834120, 38, 1, 1
6138, 498840258, 26, 0, 1
5652, 498845910, 16, 0, 1
5657, 498851567, 21, 0, 1
11794, 498863361, 40, 0, 1
6132, 498869493, 26, 0, 1
5658, 498875151, 15, 1, 1
5658, 498880809, 16, 0, 1
11813, 498892622, 40, 1, 1
6145, 498898767, 19, 0, 1
5658, 498904425, 15, 2, 1
5658, 498910083, 12, 0, 1
11809, 498921892, 51, 0, 1
6660, 498928552, 59, 0, 1
6602, 498935154, 39, 6, 1
6373, 498941527, 20, 0, 1
13195, 498954722, 51, 0, 1
6098, 498960820, 26, 0, 1
6103, 498966923, 36, 0, 1
5638, 498972561, 25, 0, 1
12293, 498984854, 47, 0, 1
6110, 498990964, 18, 0, 1
6116, 498997080, 20, 0, 1
6116, 499003196, 19, 0, 1
12207, 499015403, 37, 0, 1
6133, 499021536, 26, 0, 1
6091, 499027627, 25, 0, 1
6105, 499033732, 27, 2, 1
12202, 499045934, 38, 0, 1
6110, 499052044, 20, 0, 1
6115, 499058159, 32, 0, 1
6116, 499064275, 18, 0, 1
12234, 499076509, 53, 0, 1
6116, 499082625, 15, 0, 1
6116, 499088741, 20, 0, 1
6116, 499094857, 17, 0, 1
12229, 499107086, 42, 0, 1
6115, 499113201, 22, 0, 1
6128, 499119329, 29, 0, 1
5652, 499124981, 13, 0, 1
13618, 499138599, 60, 3, 1
6097, 499144696, 24, 0, 1
6104, 499150800, 31, 0, 1
5652, 499156452, 18, 0, 1
11789, 499168241, 35, 0, 1
6151, 499174392, 16, 0, 1
5658, 499180050, 14, 0, 1
5658, 499185708, 12, 0, 1
11812, 499197520, 43, 0, 1
6140, 499203660, 37, 0, 1
5643, 499209303, 25, 0, 1
5658, 499214961, 13, 0, 1
11831, 499226792, 23, 0, 1
6138, 499232930, 16, 0, 1
5658, 499238588, 12, 0, 1
5657, 499244245, 22, 0, 1
11805, 499256050, 42, 0, 1
6127, 499262177, 22, 0, 1
5657, 499267834, 18, 0, 1
5658, 499273492, 23, 0, 1
11818, 499285310, 24, 0, 1
6107, 499291417, 23, 0, 1
5640, 499297057, 18, 0, 1
5658, 499302715, 14, 0, 1
11788, 499314503, 37, 0, 1
6126, 499320629, 19, 0, 1
5657, 499326286, 19, 0, 1
5658, 499331944, 14, 0, 1
11806, 499343750, 36, 0, 1
6144, 499349894, 22, 0, 1
5658, 499355552, 14, 0, 1
5658, 499361210, 15, 0, 1
11844, 499373054, 44, 0, 1
6131, 499379185, 26, 0, 1
5658, 499384843, 14, 0, 1
5658, 499390501, 23, 0, 1
11799, 499402300, 31, 0, 1
17526, 499419826, 496, 81, 1
5658, 499425484, 27, 1, 1
5652, 499431136, 17, 0, 1
11793, 499442929, 40, 0, 1
6132, 499449061, 25, 0, 1
5646, 499454707, 20, 0, 1
5658, 499460365, 21, 0, 1
11825, 499472190, 30, 0, 1
6138, 499478328, 20, 0, 1
5657, 499483985, 20, 0, 1
5652, 499489637, 14, 0, 1
11799, 499501436, 44, 0, 1
6133, 499507569, 25, 0, 1
7035, 499514604, 43, 3, 1
5658, 499520262, 11, 0, 1
11774, 499532036, 44, 0, 1
6132, 499538168, 19, 0, 1
5646, 499543814, 17, 0, 1
5658, 499549472, 15, 0, 1
11812, 499561284, 42, 1, 1
6119, 499567403, 23, 0, 1
5658, 499573061, 14, 0, 1
5658, 499578719, 18, 0, 1
11804, 499590523, 35, 0, 1
6138, 499596661, 16, 0, 1
5658, 499602319, 12, 0, 1
5657, 499607976, 22, 0, 1
11840, 499619816, 42, 0, 1
6132, 499625948, 18, 0, 1
5658, 499631606, 11, 0, 1
5658, 499637264, 10, 0, 1
11787, 499649051, 35, 0, 1
6158, 499655209, 23, 0, 1
5658, 499660867, 10, 0, 1
5658, 499666525, 10, 0, 1
11817, 499678342, 36, 0, 1
6132, 499684474, 20, 0, 1
5638, 499690112, 23, 1, 1
5658, 499695770, 19, 0, 1
11831, 499707601, 24, 0, 1
6138, 499713739, 20, 0, 1
5657, 499719396, 22, 0, 1
5658, 499725054, 21, 0, 1
11776, 499736830, 39, 0, 1
14378, 499751208, 274, 54, 1
6096, 499757304, 37, 0, 1
5646, 499762950, 19, 0, 1
11796, 499774746, 26, 0, 1
6138, 499780884, 21, 0, 1
5631, 499786515, 23, 0, 1
5658, 499792173, 13, 0, 1
11813, 499803986, 29, 0, 1
6125, 499810111, 23, 0, 1
5651, 499815762, 18, 0, 1
5651, 499821413, 14, 0, 1
11798, 499833211, 41, 0, 1
6137, 499839348, 20, 0, 1
5633, 499844981, 18, 0, 1
5658, 499850639, 17, 0, 1
11817, 499862456, 41, 0, 1
6137, 499868593, 21, 2, 1
5634, 499874227, 17, 0, 1
5658, 499879885, 9, 0, 1
13188, 499893073, 42, 0, 1
6145, 499899218, 23, 0, 1
5658, 499904876, 12, 0, 1
5657, 499910533, 19, 0, 1
12275, 499922808, 30, 0, 1
6092, 499928900, 21, 0, 1
5663, 499934563, 15, 0, 1
5658, 499940221, 8, 0, 1
11825, 499952046, 24, 0, 1
6126, 499958172, 26, 1, 1
5651, 499963823, 14, 0, 1
11805, 499975628, 36, 0, 1
5649, 499981277, 23, 0, 1
6151, 499987428, 15, 0, 1
5658, 499993086, 14, 0, 1
11818, 500004904, 24, 0, 1
5658, 500010562, 13, 0, 1
6138, 500016700, 21, 0, 1
5658, 500022358, 15, 0, 1
11831, 500034189, 29, 0, 1
5658, 500039847, 14, 0, 1
6138, 500045985, 24, 0, 1
5658, 500051643, 13, 0, 1
11817, 500063460, 29, 0, 1
5657, 500069117, 14, 0, 1
6113, 500075230, 26, 0, 1
5651, 500080881, 19, 0, 1
11806, 500092687, 35, 0, 1
5658, 500098345, 14, 0, 1
6138, 500104483, 18, 0, 1
5652, 500110135, 14, 0, 1
11800, 500121935, 40, 0, 1
5658, 500127593, 20, 0, 1
6164, 500133757, 17, 0, 1
5638, 500139395, 19, 0, 1
11799, 500151194, 38, 0, 1
5658, 500156852, 8, 0, 1
6138, 500162990, 18, 0, 1
5651, 500168641, 24, 0, 1
11805, 500180446, 34, 0, 1
5652, 500186098, 18, 0, 1
6138, 500192236, 17, 0, 1
5658, 500197894, 13, 0, 1
11812, 500209706, 32, 0, 1
5658, 500215364, 11, 0, 1
6151, 500221515, 19, 0, 1
5657, 500227172, 22, 0, 1
11805, 500238977, 34, 0, 1
5658, 500244635, 14, 0, 1
6107, 500250742, 21, 0, 1
5634, 500256376, 19, 0, 1
13186, 500269562, 54, 0, 1
5644, 500275206, 27, 0, 1
6138, 500281344, 16, 0, 1
5658, 500287002, 11, 0, 1
11818, 500298820, 24, 0, 1
5657, 500304477, 24, 0, 1
6114, 500310591, 22, 0, 1
5652, 500316243, 16, 0, 1
11823, 500328066, 43, 0, 1
5657, 500333723, 21, 0, 1
6138, 500339861, 16, 0, 1
5645, 500345506, 25, 0, 1
11811, 500357317, 40, 0, 1
5658, 500362975, 17, 0, 1
6145, 500369120, 18, 0, 1
5653, 500374773, 17, 0, 1
11818, 500386591, 31, 0, 1
5658, 500392249, 16, 0, 1
6139, 500398388, 18, 0, 1
5651, 500404039, 21, 0, 1
11830, 500415869, 29, 0, 1
5658, 500421527, 9, 0, 1
6138, 500427665, 17, 0, 1
5640, 500433305, 16, 0, 1
11818, 500445123, 26, 0, 1
5652, 500450775, 13, 0, 1
6132, 500456907, 24, 0, 1
5654, 500462561, 23, 0, 1
11811, 500474372, 39, 0, 1
5658, 500480030, 14, 0, 1
6138, 500486168, 18, 0, 1
5658, 500491826, 14, 0, 1
11838, 500503664, 34, 0, 1
5658, 500509322, 18, 0, 1
6124, 500515446, 25, 0, 1
5640, 500521086, 17, 0, 1
11818, 500532904, 28, 0, 1
5658, 500538562, 12, 0, 1
6138, 500544700, 16, 0, 1
5652, 500550352, 16, 0, 1
11818, 500562170, 39, 0, 1
5658, 500567828, 16, 0, 1
6132, 500573960, 18, 0, 1
5652, 500579612, 17, 0, 1
11801, 500591413, 39, 0, 1
5657, 500597070, 16, 0, 1
6145, 500603215, 20, 0, 1
5628, 500608843, 23, 0, 1
11823, 500620666, 38, 0, 1
5658, 500626324, 13, 0, 1
6137, 500632461, 22, 0, 1
5658, 500638119, 11, 0, 1
13196, 500651315, 45, 0, 1
5657, 500656972, 22, 0, 1
6132, 500663104, 20, 0, 1
5658, 500668762, 12, 0, 1
11794, 500680556, 38, 0, 1
5658, 500686214, 14, 0, 1
6151, 500692365, 18, 0, 1
5646, 500698011, 19, 1, 1
11816, 500709827, 37, 0, 1
5652, 500715479, 19, 0, 1
6132, 500721611, 18, 0, 1
5658, 500727269, 19, 0, 1
11796, 500739065, 31, 0, 1
865445, 501604510, 15268, 4768, 9
6733, 501611243, 66, 1, 1
6717, 501617960, 37, 0, 1
509980, 502127940, 457, 134, 1
6401, 502134341, 29, 0, 1
6720, 502141061, 27, 0, 1
15826, 502156887, 393, 84, 1
14680, 502171567, 186, 23, 1
2465216, 2465216, 50976, 2759, 4
7965831, 10431047, 75159, 13228, 13
19343653, 29774700, 19338, 5257, 11
12635627, 42410327, 14934, 3850, 19
12426221, 54836548, 12333, 3137, 12
19482260, 74318808, 18028, 5343, 11
18723184, 93041992, 23355, 7269, 2
18890126, 111932118, 18405, 5210, 11
19016643, 130948761, 18507, 5133, 11
19328035, 150276796, 18626, 5409, 11
19532458, 169809254, 20810, 5611, 11
19516359, 189325613, 18637, 5390, 11
19242232, 208567845, 18783, 5350, 11
19512902, 228080747, 18880, 5418, 11
18961295, 247042042, 20116, 5236, 11
18710473, 265752515, 23900, 5166, 11
18873896, 284626411, 18959, 5279, 11
19423999, 304050410, 19378, 5294, 11
19501406, 323551816, 20356, 5373, 11
19620950, 343172766, 19204, 5426, 11
19569628, 362742394, 18786, 5357, 11
19633420, 382375814, 19004, 5369, 11
19567500, 401943314, 19551, 5310, 11
19588503, 421531817, 19437, 5340, 11
19577805, 441109622, 19068, 5367, 11
19731079, 460840701, 19869, 5381, 11
19590854, 480431555, 19477, 5320, 11
13715585, 494147140, 30081, 2206, 19
4324782, 498471922, 8976, 842, 6
11795, 498483717, 351, 43, 1
6138, 498489855, 22, 1, 1
5652, 498495507, 30, 0, 1
6139, 498501646, 23, 0, 1
11291, 498512937, 33, 0, 1
6136, 498519073, 22, 0, 1
5658, 498524731, 12, 0, 1
6138, 498530869, 17, 0, 1
11295, 498542164, 45, 0, 1
6173, 498548337, 16, 0, 1
5658, 498553995, 13, 0, 1
6123, 498560118, 26, 0, 1
11315, 498571433, 26, 0, 1
6142, 498577575, 21, 0, 1
5651, 498583226, 15, 0, 1
6126, 498589352, 23, 0, 1
11302, 498600654, 29, 1, 1
6186, 498606840, 14, 0, 1
7035, 498613875, 84, 10, 1
6128, 498620003, 30, 0, 1
11316, 498631319, 16, 0, 1
6154, 498637473, 19, 0, 1
5655, 498643128, 25, 0, 1
6137, 498649265, 33, 0, 1
11316, 498660581, 42, 0, 1
6160, 498666741, 17, 0, 1
5645, 498672386, 19, 0, 1
6137, 498678523, 27, 2, 1
11314, 498689837, 28, 0, 1
6173, 498696010, 14, 0, 1
5658, 498701668, 9, 0, 1
6112, 498707780, 27, 0, 1
11292, 498719072, 41, 0, 1
6136, 498725208, 18, 0, 1
5658, 498730866, 10, 0, 1
6151, 498737017, 16, 0, 1
11296, 498748313, 39, 0, 1
6160, 498754473, 15, 0, 1
5646, 498760119, 24, 0, 1
6138, 498766257, 17, 0, 1
11300, 498777557, 38, 0, 1
6173, 498783730, 17, 0, 1
5674, 498789404, 32, 0, 1
6145, 498795549, 16, 0, 1
11313, 498806862, 28, 1, 1
6123, 498812985, 28, 2, 1
5652, 498818637, 10, 0, 1
6113, 498824750, 28, 0, 1
11316, 498836066, 23, 5, 1
6173, 498842239, 21, 0, 1
6116, 498848355, 17, 0, 1
6109, 498854464, 23, 0, 1
11766, 498866230, 32, 0, 1
6138, 498872368, 16, 0, 1
5640, 498878008, 14, 0, 1
6151, 498884159, 13, 0, 1
11310, 498895469, 37, 2, 1
6160, 498901629, 18, 0, 1
5666, 498907295, 22, 0, 1
6126, 498913421, 23, 0, 1
11298, 498924719, 22, 0, 1
6155, 498930874, 20, 0, 1
5652, 498936526, 28, 0, 1
6138, 498942664, 15, 0, 1
11308, 498953972, 42, 1, 1
6160, 498960132, 15, 0, 1
5657, 498965789, 23, 0, 1
6164, 498971953, 18, 0, 1
11322, 498983275, 41, 1, 1
7537, 498990812, 52, 33, 1
5658, 498996470, 12, 0, 1
6138, 499002608, 17, 0, 1
11316, 499013924, 29, 1, 1
6178, 499020102, 28, 0, 1
5635, 499025737, 15, 0, 1
6139, 499031876, 35, 0, 1
11316, 499043192, 17, 0, 1
6680, 499049872, 59, 1, 1
6602, 499056474, 37, 0, 1
6655, 499063129, 42, 0, 1
16354, 499079483, 278, 37, 1
5648, 499085131, 31, 0, 1
6138, 499091269, 19, 0, 1
6103, 499097372, 24, 0, 1
12231, 499109603, 49, 0, 1
6091, 499115694, 27, 0, 1
6111, 499121805, 21, 0, 1
6116, 499127921, 19, 0, 1
12232, 499140153, 29, 0, 1
6111, 499146264, 33, 0, 1
6116, 499152380, 17, 0, 1
6101, 499158481, 26, 0, 1
12245, 499170726, 41, 0, 1
6103, 499176829, 31, 0, 1
6116, 499182945, 19, 0, 1
6116, 499189061, 18, 0, 1
12225, 499201286, 39, 0, 1
6086, 499207372, 22, 0, 1
5658, 499213030, 14, 0, 1
6133, 499219163, 18, 0, 1
12232, 499231395, 40, 0, 1
6092, 499237487, 21, 0, 1
5658, 499243145, 19, 0, 1
6123, 499249268, 33, 0, 1
11767, 499261035, 32, 0, 1
17665, 499278700, 488, 73, 1
5672, 499284372, 62, 12, 1
6132, 499290504, 24, 0, 1
11316, 499301820, 16, 0, 1
6160, 499307980, 16, 0, 1
5650, 499313630, 21, 0, 1
6100, 499319730, 28, 0, 1
11318, 499331048, 35, 0, 1
6159, 499337207, 29, 0, 1
5658, 499342865, 14, 0, 1
6115, 499348980, 24, 0, 1
11296, 499360276, 43, 0, 1
6147, 499366423, 28, 0, 1
5658, 499372081, 14, 0, 1
6148, 499378229, 29, 0, 1
12675, 499390904, 48, 0, 1
6142, 499397046, 23, 0, 1
5666, 499402712, 34, 0, 1
6101, 499408813, 24, 0, 1
11303, 499420116, 35, 0, 1
6164, 499426280, 21, 0, 1
5652, 499431932, 16, 0, 1
6138, 499438070, 17, 0, 1
11279, 499449349, 41, 0, 1
6157, 499455506, 25, 0, 1
5652, 499461158, 28, 0, 1
6133, 499467291, 28, 0, 1
11316, 499478607, 17, 0, 1
6130, 499484737, 28, 0, 1
5652, 499490389, 17, 0, 1
6124, 499496513, 29, 0, 1
11285, 499507798, 39, 0, 1
6173, 499513971, 17, 0, 1
5658, 499519629, 9, 0, 1
6102, 499525731, 22, 0, 1
11310, 499537041, 25, 0, 1
6142, 499543183, 19, 0, 1
5646, 499548829, 21, 0, 1
6145, 499554974, 17, 0, 1
11316, 499566290, 29, 0, 1
6173, 499572463, 14, 0, 1
5652, 499578115, 16, 0, 1
6122, 499584237, 31, 0, 1
11310, 499595547, 31, 0, 1
6160, 499601707, 13, 0, 1
5637, 499607344, 23, 0, 1
6151, 499613495, 15, 0, 1
11294, 499624789, 41, 0, 1
6148, 499630937, 22, 0, 1
5646, 499636583, 14, 0, 1
6134, 499642717, 30, 0, 1
11314, 499654031, 32, 0, 1
6167, 499660198, 24, 0, 1
5646, 499665844, 19, 0, 1
6117, 499671961, 27, 0, 1
11312, 499683273, 31, 0, 1
6134, 499689407, 27, 0, 1
5658, 499695065, 16, 0, 1
6152, 499701217, 31, 0, 1
11316, 499712533, 21, 0, 1
6148, 499718681, 22, 0, 1
5657, 499724338, 21, 0, 1
6138, 499730476, 18, 0, 1
11297, 499741773, 38, 0, 1
6186, 499747959, 17, 0, 1
5658, 499753617, 13, 0, 1
7515, 499761132, 33, 0, 1
11303, 499772435, 47, 0, 1
6160, 499778595, 17, 0, 1
5649, 499784244, 30, 0, 1
6138, 499790382, 17, 0, 1
11303, 499801685, 43, 0, 1
6161, 499807846, 25, 0, 1
5658, 499813504, 14, 0, 1
6136, 499819640, 37, 0, 1
11278, 499830918, 37, 0, 1
6160, 499837078, 14, 0, 1
5646, 499842724, 12, 0, 1
6144, 499848868, 21, 0, 1
11315, 499860183, 30, 0, 1
6142, 499866325, 24, 0, 1
5658, 499871983, 11, 0, 1
6114, 499878097, 23, 0, 1
11309, 499889406, 25, 0, 1
6166, 499895572, 23, 0, 1
5652, 499901224, 16, 0, 1
6124, 499907348, 33, 0, 1
11317, 499918665, 37, 0, 1
6160, 499924825, 13, 0, 1
5645, 499930470, 14, 0, 1
6143, 499936613, 26, 0, 1
11303, 499947916, 23, 0, 1
6148, 499954064, 23, 0, 1
5658, 499959722, 13, 0, 1
6117, 499965839, 31, 0, 1
11310, 499977149, 25, 0, 1
6149, 499983298, 22, 0, 1
5652, 499988950, 16, 0, 1
6114, 499995064, 28, 0, 1
11286, 500006350, 26, 0, 1
6128, 500012478, 27, 0, 1
5658, 500018136, 13, 0, 1
6124, 500024260, 32, 0, 1
11781, 500036041, 27, 0, 1
6138, 500042179, 19, 0, 1
5656, 500047835, 26, 0, 1
6114, 500053949, 23, 0, 1
11295, 500065244, 43, 0, 1
6160, 500071404, 16, 0, 1
5640, 500077044, 16, 0, 1
6138, 500083182, 24, 0, 1
11309, 500094491, 27, 0, 1
6160, 500100651, 16, 0, 1
5658, 500106309, 13, 0, 1
6119, 500112428, 23, 0, 1
11316, 500123744, 33, 0, 1
6179, 500129923, 25, 0, 1
7031, 500136954, 42, 0, 1
6138, 500143092, 21, 0, 1
11304, 500154396, 36, 0, 1
6160, 500160556, 16, 0, 1
5646, 500166202, 15, 0, 1
6132, 500172334, 21, 0, 1
11316, 500183650, 27, 0, 1
6160, 500189810, 15, 0, 1
5667, 500195477, 29, 0, 1
6138, 500201615, 17, 0, 1
11316, 500212931, 11, 0, 1
6167, 500219098, 21, 0, 1
5658, 500224756, 12, 0, 1
6132, 500230888, 22, 0, 1
11293, 500242181, 41, 0, 1
6160, 500248341, 19, 0, 1
5651, 500253992, 20, 0, 1
6138, 500260130, 23, 0, 1
11316, 500271446, 30, 0, 1
6155, 500277601, 24, 0, 1
5640, 500283241, 18, 0, 1
6145, 500289386, 32, 0, 1
11285, 500300671, 26, 0, 1
6142, 500306813, 20, 0, 1
5649, 500312462, 31, 0, 1
6139, 500318601, 19, 0, 1
11316, 500329917, 18, 0, 1
6160, 500336077, 16, 0, 1
5652, 500341729, 13, 0, 1
6126, 500347855, 22, 0, 1
11317, 500359172, 45, 0, 1
6167, 500365339, 18, 0, 1
5658, 500370997, 10, 0, 1
6123, 500377120, 30, 0, 1
11310, 500388430, 13, 0, 1
6134, 500394564, 25, 0, 1
5639, 500400203, 21, 0, 1
6132, 500406335, 22, 0, 1
11314, 500417649, 29, 0, 1
6156, 500423805, 26, 0, 1
5658, 500429463, 10, 0, 1
11790, 500441253, 29, 0, 1
5658, 500446911, 12, 0, 1
6153, 500453064, 32, 0, 1
5658, 500458722, 17, 0, 1
11778, 500470500, 28, 0, 1
5638, 500476138, 19, 0, 1
6160, 500482298, 18, 0, 1
5655, 500487953, 28, 0, 1
11792, 500499745, 36, 0, 1
5651, 500505396, 15, 0, 1
7576, 500512972, 31, 0, 1
5662, 500518634, 28, 0, 1
11740, 500530374, 43, 0, 1
5643, 500536017, 23, 0, 1
6148, 500542165, 19, 0, 1
5651, 500547816, 18, 0, 1
11803, 500559619, 26, 0, 1
5658, 500565277, 12, 0, 1
6163, 500571440, 25, 0, 1
5652, 500577092, 15, 0, 1
11796, 500588888, 24, 0, 1
5658, 500594546, 11, 0, 1
6173, 500600719, 16, 0, 1
5658, 500606377, 12, 0, 1
11796, 500618173, 23, 0, 1
5644, 500623817, 22, 0, 1
6130, 500629947, 23, 0, 1
5651, 500635598, 24, 0, 1
11808, 500647406, 43, 0, 1
5657, 500653063, 16, 0, 1
6159, 500659222, 25, 0, 1
5650, 500664872, 19, 0, 1
11796, 500676668, 19, 0, 1
5652, 500682320, 13, 0, 1
14984, 500697304, 280, 180, 1
5644, 500702948, 40, 0, 1
11789, 500714737, 34, 0, 1
5673, 500720410, 26, 0, 1
6160, 500726570, 19, 0, 1
5634, 500732204, 17, 0, 1
11796, 500744000, 23, 0, 1
5652, 500749652, 14, 0, 1
6169, 500755821, 26, 0, 1
5655, 500761476, 23, 0, 1
11772, 500773248, 39, 0, 1
5658, 500778906, 10, 0, 1
6141, 500785047, 24, 0, 1
5645, 500790692, 25, 0, 1
11813, 500802505, 51, 0, 1
5658, 500808163, 8, 0, 1
6152, 500814315, 29, 0, 1
5658, 500819973, 12, 0, 1
11789, 500831762, 39, 0, 1
5658, 500837420, 10, 0, 1
9511, 500846931, 189, 45, 1
883369, 501730300, 15189, 4814, 9
12348, 501742648, 80, 0, 1
6666, 501749314, 41, 1, 1
12077, 501761391, 371, 122, 1
6402, 501767793, 29, 2, 1
15690, 501783483, 214, 60, 1
8253, 501791736, 172, 19, 1
6598, 501798334, 36, 1, 1
4574731, 4574731, 88916, 5451, 15
13697726, 18272457, 46393, 13186, 20
19140320, 37412777, 17320, 5253, 11
18584979, 55997756, 23975, 5782, 2
19308651, 75306407, 18235, 5254, 11
19408184, 94714591, 18338, 5283, 11
19256371, 113970962, 18308, 5300, 11
18116311, 132087273, 24605, 7328, 2
18804228, 150891501, 18647, 5248, 11
19569417, 170460918, 19287, 5320, 11
19313742, 189774660, 20908, 5614, 11
19275911, 209050571, 19971, 5346, 11
19377849, 228428420, 19236, 5359, 11
19435080, 247863500, 18987, 5382, 11
18255374, 266118874, 25421, 5192, 2
19114380, 285233254, 19232, 5203, 11
18910882, 304144136, 18727, 5170, 11
19565474, 323709610, 18459, 5335, 11
19580666, 343290276, 18641, 5355, 11
19512037, 362802313, 18803, 5358, 11
19520730, 382323043, 18776, 5325, 11
19513274, 401836317, 18450, 5304, 11
19657749, 421494066, 18394, 5362, 11
19576426, 441070492, 18920, 5338, 11
19559693, 460630185, 18389, 5305, 11
19487731, 480117916, 19044, 5323, 11
12716093, 492834009, 28976, 1542, 19
3507496, 496341505, 8725, 770, 6
5657, 496347162, 35, 0, 1
5658, 496352820, 13, 0, 1
6160, 496358980, 29, 0, 1
13318, 496372298, 78, 5, 1
6371, 496378669, 21, 0, 1
6327, 496384996, 16, 0, 1
6636, 496391632, 29, 0, 1
11781, 496403413, 43, 0, 1
5658, 496409071, 8, 0, 1
5640, 496414711, 14, 0, 1
6136, 496420847, 20, 0, 1
11802, 496432649, 39, 0, 1
5658, 496438307, 9, 0, 1
5637, 496443944, 23, 0, 1
6135, 496450079, 20, 0, 1
11789, 496461868, 30, 0, 1
5658, 496467526, 17, 1, 1
5658, 496473184, 15, 0, 1
6167, 496479351, 24, 0, 1
11796, 496491147, 20, 0, 1
5640, 496496787, 14, 1, 1
5657, 496502444, 20, 0, 1
6147, 496508591, 26, 0, 1
11778, 496520369, 30, 0, 1
5664, 496526033, 33, 0, 1
5658, 496531691, 7, 0, 1
11818, 496543509, 36, 0, 1
6138, 496549647, 17, 0, 1
5628, 496555275, 16, 0, 1
5655, 496560930, 25, 0, 1
11818, 496572748, 31, 0, 1
6149, 496578897, 29, 0, 1
5655, 496584552, 32, 0, 1
5658, 496590210, 10, 0, 1
13182, 496603392, 118, 7, 1
6126, 496609518, 21, 0, 1
5656, 496615174, 31, 0, 1
5651, 496620825, 16, 0, 1
11813, 496632638, 36, 1, 1
6138, 496638776, 17, 0, 1
5673, 496644449, 37, 0, 1
5658, 496650107, 13, 0, 1
11806, 496661913, 38, 0, 1
6151, 496668064, 19, 0, 1
5626, 496673690, 26, 0, 1
5658, 496679348, 11, 0, 1
11785, 496691133, 42, 4, 1
6107, 496697240, 23, 0, 1
6109, 496703349, 36, 5, 1
5658, 496709007, 15, 0, 1
12292, 496721299, 39, 3, 1
6116, 496727415, 18, 1, 1
5658, 496733073, 20, 0, 1
5658, 496738731, 12, 0, 1
11787, 496750518, 37, 0, 1
6138, 496756656, 16, 0, 1
5665, 496762321, 25, 0, 1
5653, 496767974, 26, 0, 1
11818, 496779792, 35, 3, 1
6136, 496785928, 20, 0, 1
5658, 496791586, 16, 2, 1
5658, 496797244, 12, 0, 1
11810, 496809054, 36, 0, 1
6129, 496815183, 29, 0, 1
5652, 496820835, 19, 0, 1
5644, 496826479, 19, 0, 1
11787, 496838266, 45, 0, 1
6125, 496844391, 23, 0, 1
5657, 496850048, 17, 1, 1
5657, 496855705, 29, 0, 1
20903, 496876608, 465, 294, 1
6130, 496882738, 35, 0, 1
6116, 496888854, 19, 1, 1
5658, 496894512, 12, 0, 1
11802, 496906314, 49, 1, 1
6642, 496912956, 45, 0, 1
6607, 496919563, 40, 5, 1
6373, 496925936, 17, 0, 1
13203, 496939139, 40, 0, 1
6116, 496945255, 22, 0, 1
6121, 496951376, 32, 0, 1
6116, 496957492, 16, 0, 1
12227, 496969719, 40, 0, 1
6116, 496975835, 22, 0, 1
6116, 496981951, 19, 0, 1
6104, 496988055, 22, 0, 1
13590, 497001645, 91, 7, 1
6115, 497007760, 21, 0, 1
6123, 497013883, 24, 0, 1
6079, 497019962, 28, 0, 1
12214, 497032176, 37, 0, 1
6116, 497038292, 20, 0, 1
6116, 497044408, 18, 0, 1
6116, 497050524, 18, 0, 1
12235, 497062759, 50, 0, 1
6116, 497068875, 18, 0, 1
6116, 497074991, 18, 0, 1
6097, 497081088, 31, 0, 1
12214, 497093302, 32, 0, 1
6103, 497099405, 20, 0, 1
6109, 497105514, 28, 0, 1
6135, 497111649, 29, 0, 1
20026, 497131675, 232, 38, 1
6116, 497137791, 20, 0, 1
6103, 497143894, 29, 0, 1
5652, 497149546, 17, 1, 1
11788, 497161334, 39, 0, 1
6151, 497167485, 16, 0, 1
5658, 497173143, 13, 0, 1
5652, 497178795, 17, 0, 1
11800, 497190595, 40, 0, 1
6132, 497196727, 23, 0, 1
5658, 497202385, 14, 0, 1
5658, 497208043, 16, 0, 1
11827, 497219870, 44, 0, 1
6138, 497226008, 17, 0, 1
5658, 497231666, 17, 0, 1
5658, 497237324, 14, 0, 1
11730, 497249054, 42, 0, 1
6138, 497255192, 16, 0, 1
5639, 497260831, 19, 0, 1
5658, 497266489, 16, 0, 1
11805, 497278294, 37, 0, 1
6138, 497284432, 18, 0, 1
5651, 497290083, 20, 0, 1
5658, 497295741, 13, 0, 1
11818, 497307559, 26, 0, 1
6151, 497313710, 17, 0, 1
5658, 497319368, 15, 0, 1
5658, 497325026, 12, 0, 1
11798, 497336824, 42, 0, 1
6273, 497343097, 42, 15, 1
5658, 497348755, 16, 0, 1
5658, 497354413, 13, 0, 1
11812, 497366225, 35, 0, 1
6138, 497372363, 20, 0, 1
7016, 497379379, 48, 3, 1
5658, 497385037, 12, 0, 1
11818, 497396855, 34, 0, 1
6155, 497403010, 27, 0, 1
5638, 497408648, 18, 0, 1
5645, 497414293, 18, 0, 1
11792, 497426085, 37, 0, 1
6138, 497432223, 28, 0, 1
5658, 497437881, 14, 0, 1
5658, 497443539, 23, 0, 1
11812, 497455351, 48, 0, 1
6138, 497461489, 20, 0, 1
5646, 497467135, 20, 0, 1
5652, 497472787, 20, 0, 1
11781, 497484568, 37, 0, 1
6126, 497490694, 24, 0, 1
5652, 497496346, 15, 0, 1
5650, 497501996, 18, 0, 1
11843, 497513839, 35, 0, 1
6132, 497519971, 22, 0, 1
5651, 497525622, 17, 0, 1
5658, 497531280, 13, 0, 1
11818, 497543098, 24, 0, 1
6151, 497549249, 18, 0, 1
5645, 497554894, 23, 0, 1
5658, 497560552, 17, 0, 1
11805, 497572357, 34, 0, 1
6132, 497578489, 18, 0, 1
5651, 497584140, 22, 0, 1
5658, 497589798, 11, 0, 1
11818, 497601616, 37, 0, 1
6126, 497607742, 25, 0, 1
5644, 497613386, 22, 0, 1
5644, 497619030, 19, 0, 1
11804, 497630834, 44, 0, 1
6151, 497636985, 19, 0, 1
5658, 497642643, 14, 0, 1
5644, 497648287, 19, 0, 1
11805, 497660092, 35, 0, 1
6138, 497666230, 16, 0, 1
5640, 497671870, 21, 0, 1
5657, 497677527, 17, 0, 1
11831, 497689358, 24, 0, 1
6138, 497695496, 14, 0, 1
5651, 497701147, 22, 0, 1
5658, 497706805, 15, 0, 1
11810, 497718615, 30, 0, 1
6138, 497724753, 27, 0, 1
5652, 497730405, 17, 0, 1
5658, 497736063, 14, 0, 1
11818, 497747881, 38, 0, 1
7515, 497755396, 38, 0, 1
5658, 497761054, 11, 0, 1
5657, 497766711, 21, 0, 1
11781, 497778492, 44, 0, 1
7019, 497785511, 93, 46, 1
5662, 497791173, 26, 0, 1
5652, 497796825, 23, 0, 1
11809, 497808634, 40, 0, 1
6138, 497814772, 16, 0, 1
5652, 497820424, 28, 0, 1
5658, 497826082, 14, 0, 1
11818, 497837900, 37, 0, 1
6131, 497844031, 25, 0, 1
5645, 497849676, 18, 0, 1
5650, 497855326, 25, 0, 1
11817, 497867143, 44, 0, 1
6164, 497873307, 25, 0, 1
5658, 497878965, 18, 0, 1
5651, 497884616, 16, 0, 1
11810, 497896426, 44, 0, 1
6132, 497902558, 16, 0, 1
6103, 497908661, 27, 0, 1
5657, 497914318, 24, 0, 1
11799, 497926117, 47, 0, 1
6121, 497932238, 21, 0, 1
5658, 497937896, 16, 0, 1
5657, 497943553, 18, 0, 1
11827, 497955380, 46, 0, 1
6126, 497961506, 26, 0, 1
5658, 497967164, 15, 0, 1
5658, 497972822, 12, 0, 1
11805, 497984627, 44, 0, 1
6132, 497990759, 18, 0, 1
5658, 497996417, 12, 0, 1
5658, 498002075, 15, 0, 1
11806, 498013881, 37, 0, 1
6138, 498020019, 29, 0, 1
5652, 498025671, 19, 0, 1
5657, 498031328, 17, 0, 1
11816, 498043144, 44, 0, 1
6132, 498049276, 21, 0, 1
5651, 498054927, 21, 0, 1
5652, 498060579, 16, 0, 1
11806, 498072385, 39, 0, 1
6125, 498078510, 23, 0, 1
5651, 498084161, 15, 0, 1
5652, 498089813, 14, 0, 1
11798, 498101611, 37, 0, 1
6145, 498107756, 18, 0, 1
5639, 498113395, 22, 0, 1
5658, 498119053, 13, 0, 1
13157, 498132210, 61, 2, 1
6142, 498138352, 25, 0, 1
5658, 498144010, 10, 0, 1
5658, 498149668, 10, 0, 1
11806, 498161474, 36, 0, 1
6120, 498167594, 18, 0, 1
5651, 498173245, 17, 0, 1
5658, 498178903, 16, 0, 1
11806, 498190709, 26, 0, 1
6138, 498196847, 19, 0, 1
5647, 498202494, 17, 0, 1
5657, 498208151, 22, 0, 1
11831, 498219982, 26, 0, 1
6138, 498226120, 22, 0, 1
5657, 498231777, 21, 0, 1
5657, 498237434, 16, 0, 1
11805, 498249239, 46, 0, 1
6140, 498255379, 24, 0, 1
5651, 498261030, 17, 0, 1
5658, 498266688, 20, 0, 1
11815, 498278503, 41, 0, 1
6138, 498284641, 17, 0, 1
5658, 498290299, 12, 0, 1
5658, 498295957, 16, 0, 1
11824, 498307781, 32, 0, 1
6138, 498313919, 22, 0, 1
5652, 498319571, 15, 0, 1
5658, 498325229, 17, 0, 1
11786, 498337015, 31, 0, 1
6133, 498343148, 22, 0, 1
5658, 498348806, 12, 0, 1
5658, 498354464, 12, 0, 1
11817, 498366281, 35, 0, 1
6132, 498372413, 21, 0, 1
5640, 498378053, 20, 0, 1
5658, 498383711, 12, 0, 1
11825, 498395536, 25, 0, 1
6138, 498401674, 19, 0, 1
5658, 498407332, 13, 0, 1
5658, 498412990, 11, 0, 1
11794, 498424784, 40, 0, 1
6126, 498430910, 22, 0, 1
5658, 498436568, 12, 0, 1
5658, 498442226, 13, 0, 1
11828, 498454054, 47, 0, 1
6138, 498460192, 16, 0, 1
5657, 498465849, 22, 0, 1
5652, 498471501, 14, 0, 1
11811, 498483312, 30, 0, 1
6151, 498489463, 20, 0, 1
5658, 498495121, 23, 0, 1
5658, 498500779, 15, 0, 1
13195, 498513974, 38, 1, 1
6137, 498520111, 23, 0, 1
5651, 498525762, 18, 0, 1
5658, 498531420, 12, 0, 1
11830, 498543250, 22, 0, 1
6132, 498549382, 25, 0, 1
5645, 498555027, 19, 0, 1
5662, 498560689, 24, 0, 1
11818, 498572507, 20, 0, 1
6151, 498578658, 19, 0, 1
5658, 498584316, 14, 0, 1
11821, 498596137, 39, 0, 1
5658, 498601795, 18, 0, 1
6130, 498607925, 29, 0, 1
5652, 498613577, 12, 0, 1
11829, 498625406, 36, 0, 1
5658, 498631064, 12, 0, 1
6138, 498637202, 16, 0, 1
5646, 498642848, 16, 0, 1
11811, 498654659, 31, 0, 1
5658, 498660317, 15, 0, 1
6145, 498666462, 18, 0, 1
5651, 498672113, 17, 0, 1
11830, 498683943, 31, 0, 1
5658, 498689601, 12, 0, 1
6138, 498695739, 18, 0, 1
5658, 498701397, 13, 0, 1
11818, 498713215, 24, 0, 1
5658, 498718873, 11, 0, 1
6151, 498725024, 20, 0, 1
5658, 498730682, 13, 0, 1
11800, 498742482, 53, 0, 1
892874, 499635356, 15464, 4771, 9
6914, 499642270, 84, 0, 1
6434, 499648704, 36, 7, 1
18677, 499667381, 434, 145, 1
6668, 499674049, 45, 0, 1
6706, 499680755, 31, 1, 1
6393, 499687148, 17, 0, 1
14895, 499702043, 179, 30, 1
