0,1,152181737.89000002,2967176654.3650727
2,152181738.89000002,177462511.86,2644991375.7880425
6,177462512.86,219554859.7,2131834795.7711167
0,219554860.7,371344259.99,2967176654.3650727
2,371344260.99,3832735211.53,2644991375.7880425
6,3832735212.53,3852791910.4500003,2131834795.7711167
10,3852791911.4500003,3884064595.5500007,797661017.4990699
7,3884064596.5500007,3897078628.560001,542489602.1879772
1,3897078629.560001,3948504732.7100005,1404728713.4590423
10,3948504733.7100005,3976384528.4216933,797661017.4990699
1,3976384529.4216933,4030037787.755027,1404728713.4590423
6,4030037788.755027,4049662042.755027,2131834795.7711167
