1900558 1900558 42993 60
8620354 10520912 84510 1669
19389381 29910293 19174 1073
19215340 49125633 23437 1589
19143858 68269491 17704 1263
19671809 87941300 17574 679
19594300 107535600 17896 1020
19087229 126622829 24004 1950
19181638 145804467 18973 1031
19910964 165715431 18201 852
19666820 185382251 18075 313
19616173 204998424 21308 1380
19543809 224542233 18349 1382
19488165 244030398 18771 632
18748760 262779158 24963 1067
19648743 282427901 20375 985
19678077 302105978 19395 1375
19726923 321832901 19597 1419
19796094 341628995 19625 1240
19707820 361336815 20782 1583
19790399 381127214 19834 1051
19713537 400840751 19597 1047
19766358 420607109 19610 962
19788789 440395898 20030 1040
19684906 460080804 20312 1228
19750536 479831340 19967 1608
12863063 492694403 29673 432
3635497 496329900 8100 4
5642 496335542 37 0
5658 496341200 9 0
6160 496347360 18 0
11780 496359140 35 0
5647 496364787 26 0
5658 496370445 12 0
6141 496376586 27 0
11782 496388368 40 0
5628 496393996 21 0
5652 496399648 16 0
6160 496405808 17 0
11784 496417592 38 0
5616 496423208 23 0
5652 496428860 17 0
6128 496434988 27 0
11801 496446789 33 0
5616 496452405 18 0
5658 496458063 10 0
6173 496464236 16 0
11777 496476013 43 0
5651 496481664 24 0
5658 496487322 10 0
6151 496493473 29 0
11809 496505282 24 0
5620 496510902 23 0
5652 496516554 15 0
6160 496522714 18 0
11769 496534483 42 0
5631 496540114 25 0
5631 496545745 26 0
6155 496551900 22 0
11777 496563677 38 0
5646 496569323 13 0
5644 496574967 23 0
6160 496581127 15 0
13148 496594275 123 0
5645 496599920 23 0
5658 496605578 12 0
6166 496611744 22 0
11789 496623533 31 0
5621 496629154 17 0
5644 496634798 26 0
6117 496640915 26 0
11815 496652730 31 0
5651 496658381 29 0
5658 496664039 10 0
6117 496670156 27 0
11763 496681919 39 0
5651 496687570 20 0
5658 496693228 13 0
6166 496699394 28 0
11776 496711170 49 0
5639 496716809 19 0
5657 496722466 21 0
6160 496728626 18 0
20888 496749514 364 0
5622 496755136 42 0
5658 496760794 16 0
6130 496766924 25 0
11765 496778689 33 0
5622 496784311 21 0
5657 496789968 13 0
6161 496796129 27 0
11781 496807910 30 0
5658 496813568 12 0
5649 496819217 28 0
6136 496825353 25 0
11796 496837149 23 0
5664 496842813 20 0
5658 496848471 12 0
6158 496854629 26 0
16510 496871139 287 0
6372 496877511 37 0
6327 496883838 20 0
12250 496896088 39 0
7021 496903109 93 1
6092 496909201 28 0
5634 496914835 20 0
12238 496927073 45 0
6116 496933189 17 0
6084 496939273 26 0
6129 496945402 17 0
12195 496957597 35 0
6100 496963697 28 0
6103 496969800 24 0
6116 496975916 17 0
13570 496989486 67 0
6129 496995615 18 0
6103 497001718 22 0
6110 497007828 21 0
11777 497019605 48 0
6121 497025726 30 0
6116 497031842 18 0
5632 497037474 21 0
11809 497049283 49 0
6138 497055421 17 0
5620 497061041 22 0
5664 497066705 30 0
11806 497078511 31 0
6115 497084626 21 0
5639 497090265 22 0
5658 497095923 14 0
11795 497107718 41 0
6138 497113856 17 0
5658 497119514 13 0
5650 497125164 25 0
11805 497136969 41 0
6127 497143096 21 0
5658 497148754 13 0
5646 497154400 19 0
11798 497166198 34 0
6107 497172305 27 0
5643 497177948 18 0
5658 497183606 12 0
11824 497195430 29 0
6138 497201568 16 0
5649 497207217 27 0
5657 497212874 14 0
11797 497224671 36 0
6151 497230822 16 0
5628 497236450 19 0
5658 497242108 14 0
11795 497253903 49 0
6114 497260017 25 0
5658 497265675 13 0
5656 497271331 28 0
11805 497283136 32 0
6138 497289274 16 0
5649 497294923 26 0
5658 497300581 13 0
11782 497312363 26 0
6118 497318481 29 0
5658 497324139 11 0
5646 497329785 13 0
11788 497341573 39 0
6134 497347707 40 0
5658 497353365 11 0
7033 497360398 34 0
11815 497372213 42 0
6151 497378364 21 0
5648 497384012 29 0
5658 497389670 12 0
11811 497401481 39 0
6138 497407619 14 0
5628 497413247 21 0
5646 497418893 17 0
11853 497430746 40 0
6142 497436888 37 0
5658 497442546 14 0
5658 497448204 10 0
11808 497460012 48 0
6151 497466163 16 0
5638 497471801 18 0
5658 497477459 9 0
11810 497489269 37 0
6124 497495393 28 0
5646 497501039 18 0
5658 497506697 13 0
11804 497518501 48 0
6126 497524627 29 0
5638 497530265 21 0
5658 497535923 20 0
11818 497547741 36 0
6138 497553879 17 0
5658 497559537 19 0
5640 497565177 17 0
11805 497576982 37 0
6090 497583072 22 0
5658 497588730 14 0
5649 497594379 27 0
11794 497606173 34 0
6151 497612324 17 0
5627 497617951 19 0
5651 497623602 18 0
11806 497635408 35 0
6131 497641539 23 0
5637 497647176 23 0
5658 497652834 12 0
11799 497664633 30 0
6140 497670773 30 0
5651 497676424 21 0
5652 497682076 15 0
11787 497693863 37 0
6138 497700001 21 0
5643 497705644 26 0
5652 497711296 17 0
11804 497723100 41 0
6138 497729238 17 0
6993 497736231 33 0
5656 497741887 21 0
11828 497753715 41 0
6125 497759840 23 0
5636 497765476 23 0
5648 497771124 27 0
11808 497782932 57 0
6138 497789070 18 0
5658 497794728 14 0
5645 497800373 21 0
11843 497812216 30 0
6145 497818361 14 0
5639 497824000 20 0
5645 497829645 20 0
11815 497841460 40 0
6151 497847611 17 0
5635 497853246 16 0
5640 497858886 25 0
11782 497870668 26 0
6137 497876805 28 0
5658 497882463 32 0
5658 497888121 13 0
11770 497899891 34 0
6138 497906029 18 0
5652 497911681 16 0
5645 497917326 22 0
11821 497929147 40 0
6126 497935273 19 0
5640 497940913 18 0
5651 497946564 20 0
11808 497958372 38 0
6138 497964510 16 0
5643 497970153 25 0
5657 497975810 20 0
11807 497987617 46 0
6138 497993755 18 0
5610 497999365 18 0
5657 498005022 21 0
11798 498016820 44 0
6138 498022958 26 0
5658 498028616 12 0
5640 498034256 15 0
11822 498046078 43 0
6127 498052205 29 0
5646 498057851 18 0
5658 498063509 14 0
11775 498075284 42 0
6144 498081428 26 0
5655 498087083 20 0
5656 498092739 26 0
11816 498104555 42 0
7486 498112041 34 0
5625 498117666 25 0
5648 498123314 26 0
11821 498135135 48 0
6138 498141273 18 0
5640 498146913 17 0
5651 498152564 22 0
11811 498164375 36 0
6137 498170512 26 0
5645 498176157 22 0
5634 498181791 20 0
11811 498193602 29 0
6130 498199732 31 0
5657 498205389 29 0
5660 498211049 31 0
11813 498222862 34 0
6127 498228989 33 0
5658 498234647 14 0
5658 498240305 14 0
11793 498252098 43 0
6138 498258236 17 0
5638 498263874 25 0
5648 498269522 27 0
11814 498281336 54 0
6132 498287468 18 0
5627 498293095 23 0
5655 498298750 31 0
11810 498310560 42 0
6151 498316711 17 0
5634 498322345 27 0
5658 498328003 13 0
11800 498339803 29 0
6118 498345921 26 0
5658 498351579 12 0
5658 498357237 11 0
11764 498369001 37 0
6138 498375139 18 0
5643 498380782 26 0
5650 498386432 22 0
11818 498398250 26 0
6139 498404389 25 0
5658 498410047 10 0
5652 498415699 23 0
11806 498427505 26 0
6106 498433611 29 0
5631 498439242 25 0
5658 498444900 13 0
11790 498456690 39 0
6138 498462828 15 0
5658 498468486 14 0
5658 498474144 15 0
13192 498487336 59 0
6113 498493449 25 0
5658 498499107 13 0
5658 498504765 14 0
11801 498516566 36 0
6114 498522680 24 0
5627 498528307 18 0
5651 498533958 21 0
11796 498545754 48 0
6173 498551927 31 0
5658 498557585 13 0
5658 498563243 19 0
11772 498575015 53 0
6138 498581153 24 0
8991 498590144 200 1
895955 499486099 14539 397
13194 499499293 620 0
6661 499505954 36 0
12204 499518158 370 6
6671 499524829 36 0
13115 499537944 41 0
8427 499546371 180 3
6608 499552979 33 0
6373 499559352 16 0
2426732 2426732 50260 85
10222360 12649092 78721 1850
19400300 32049392 19121 1047
19345880 51395272 20345 1437
19053306 70448578 20736 1293
19581357 90029935 18477 839
19643704 109673639 17809 897
19606664 129280303 18046 1081
18686880 147967183 24663 1803
19553214 167520397 18890 874
19271321 186791718 18243 347
19680886 206472604 18239 1423
19666206 226138810 20449 1270
19588550 245727360 19319 631
19127936 264855296 23722 1126
19550695 284405991 18811 1006
18950023 303356014 20086 1325
19503841 322859855 19728 1346
19581314 342441169 19712 1338
19762011 362203180 18832 1354
19845507 382048687 18832 1057
19644752 401693439 19560 1182
19810936 421504375 18865 807
19773819 441278194 18697 1080
19643274 460921468 19155 1206
19717198 480638666 20086 1767
12462729 493101395 28938 228
3274747 496376142 7365 13
6116 496382258 26 0
11796 496394054 32 0
5658 496399712 8 0
5656 496405368 26 0
6153 496411521 21 0
11816 496423337 38 0
5640 496428977 16 0
5658 496434635 13 0
6129 496440764 26 0
11783 496452547 35 0
5610 496458157 21 0
5628 496463785 23 0
6156 496469941 22 0
11783 496481724 26 0
5640 496487364 13 0
5658 496493022 13 0
6139 496499161 26 0
11766 496510927 42 0
5640 496516567 19 0
5648 496522215 24 0
6147 496528362 29 0
11796 496540158 41 0
5628 496545786 17 0
5656 496551442 17 0
6141 496557583 27 0
11808 496569391 37 0
5658 496575049 9 0
5658 496580707 11 0
6160 496586867 15 0
11781 496598648 35 0
5633 496604281 19 0
5658 496609939 12 0
6153 496616092 29 0
11804 496627896 40 0
5658 496633554 9 0
5649 496639203 21 0
6128 496645331 26 0
11778 496657109 40 0
5650 496662759 25 0
5669 496668428 30 0
6129 496674557 20 0
13153 496687710 117 0
5640 496693350 17 0
5638 496698988 22 0
6143 496705131 25 0
11770 496716901 51 0
5616 496722517 19 0
5643 496728160 26 0
6153 496734313 20 0
11783 496746096 30 0
5633 496751729 23 0
5657 496757386 18 0
6137 496763523 23 0
11754 496775277 42 0
5639 496780916 21 0
5657 496786573 19 0
6166 496792739 20 0
11809 496804548 21 0
5658 496810206 15 0
5658 496815864 11 0
6148 496822012 18 0
11796 496833808 33 0
5664 496839472 17 0
5658 496845130 9 0
15257 496860387 312 0
11777 496872164 43 0
5658 496877822 13 0
5658 496883480 10 0
11811 496895291 34 0
6152 496901443 33 0
6374 496907817 44 0
6331 496914148 30 0
13034 496927182 48 0
6594 496933776 26 0
5657 496939433 18 0
5658 496945091 10 0
12280 496957371 39 0
6115 496963486 26 0
6116 496969602 26 0
6120 496975722 31 0
12219 496987941 37 0
6094 496994035 30 0
6129 497000164 19 0
6109 497006273 25 0
12223 497018496 39 0
6116 497024612 14 0
6110 497030722 19 0
6097 497036819 23 0
12231 497049050 37 0
6116 497055166 18 0
6116 497061282 17 0
5652 497066934 17 0
13161 497080095 49 0
6120 497086215 30 0
5634 497091849 17 0
5658 497097507 10 0
11817 497109324 37 0
6138 497115462 17 0
5658 497121120 13 0
5652 497126772 20 0
11818 497138590 24 0
6151 497144741 16 0
5652 497150393 16 0
5658 497156051 16 0
11784 497167835 35 0
6127 497173962 20 0
5658 497179620 11 0
5658 497185278 13 0
11823 497197101 32 0
6132 497203233 19 0
5658 497208891 15 0
5651 497214542 14 0
11793 497226335 37 0
6138 497232473 15 0
5652 497238125 14 0
5657 497243782 16 0
11805 497255587 36 0
6126 497261713 20 0
5658 497267371 15 0
5657 497273028 19 0
11804 497284832 27 0
6145 497290977 21 0
5658 497296635 10 0
5658 497302293 13 0
11810 497314103 31 0
6130 497320233 21 0
5657 497325890 17 0
5657 497331547 22 0
11817 497343364 34 0
6138 497349502 20 0
5658 497355160 10 0
5658 497360818 7 0
11787 497372605 34 0
6150 497378755 20 0
5639 497384394 17 0
5658 497390052 18 0
11793 497401845 31 0
6126 497407971 19 0
5646 497413617 16 0
5658 497419275 15 0
11813 497431088 36 0
6121 497437209 23 0
5658 497442867 12 0
7035 497449902 29 0
11812 497461714 27 0
6132 497467846 16 0
5652 497473498 14 0
5658 497479156 9 0
11823 497490979 24 0
6126 497497105 20 0
5652 497502757 13 0
5657 497508414 15 0
11773 497520187 37 0
6145 497526332 16 0
5657 497531989 20 0
5652 497537641 15 0
11811 497549452 42 0
6119 497555571 23 0
5652 497561223 11 0
5651 497566874 16 0
11815 497578689 36 0
6132 497584821 17 0
5657 497590478 20 0
5658 497596136 11 0
11818 497607954 24 0
6164 497614118 14 0
5657 497619775 15 0
5658 497625433 15 0
11785 497637218 32 0
6138 497643356 18 0
5646 497649002 18 0
5658 497654660 11 0
11787 497666447 38 0
6126 497672573 23 0
5648 497678221 23 0
5656 497683877 22 0
11818 497695695 25 0
6132 497701827 20 0
5646 497707473 17 0
5628 497713101 16 0
11793 497724894 38 0
6136 497731030 24 0
5634 497736664 14 0
5658 497742322 15 0
11801 497754123 37 0
6151 497760274 26 0
5658 497765932 13 0
5658 497771590 12 0
11818 497783408 22 0
6138 497789546 14 0
5646 497795192 17 0
5658 497800850 21 0
11795 497812645 30 0
6143 497818788 21 0
7004 497825792 40 0
5658 497831450 12 0
11818 497843268 23 0
6151 497849419 17 0
5640 497855059 16 0
5651 497860710 15 0
11818 497872528 25 0
6132 497878660 19 0
5658 497884318 12 0
5656 497889974 19 0
11818 497901792 36 0
6120 497907912 24 0
5657 497913569 18 0
5657 497919226 12 0
11818 497931044 24 0
6138 497937182 17 0
5651 497942833 23 0
5657 497948490 19 0
11788 497960278 39 0
6132 497966410 20 0
5658 497972068 13 0
5658 497977726 14 0
11817 497989543 31 0
6177 497995720 22 0
5657 498001377 17 0
5652 498007029 15 0
11810 498018839 28 0
6137 498024976 22 0
5652 498030628 18 0
5656 498036284 20 0
11813 498048097 32 0
6138 498054235 19 0
5645 498059880 20 0
5658 498065538 10 0
11817 498077355 25 0
6145 498083500 18 0
5645 498089145 20 0
5658 498094803 9 0
11781 498106584 27 0
6125 498112709 24 0
5652 498118361 12 0
5658 498124019 15 0
11800 498135819 35 0
6131 498141950 23 0
5658 498147608 13 0
5652 498153260 16 0
11768 498165028 34 0
6138 498171166 18 0
5627 498176793 21 0
5658 498182451 15 0
11776 498194227 34 0
7490 498201717 36 0
5627 498207344 18 0
5651 498212995 13 0
11818 498224813 28 0
6115 498230928 22 0
5646 498236574 14 0
5658 498242232 10 0
11805 498254037 40 0
6125 498260162 21 0
5658 498265820 12 0
5647 498271467 28 0
11812 498283279 31 0
6132 498289411 19 0
5657 498295068 16 0
5652 498300720 15 0
11808 498312528 37 0
6151 498318679 19 0
5658 498324337 16 0
5645 498329982 20 0
11805 498341787 31 0
6138 498347925 19 0
5640 498353565 17 0
5652 498359217 17 0
11831 498371048 42 0
6125 498377173 22 0
5652 498382825 15 0
5651 498388476 14 0
11824 498400300 28 0
6132 498406432 17 0
5622 498412054 17 0
5658 498417712 10 0
11836 498429548 39 0
6119 498435667 21 0
5658 498441325 13 0
5652 498446977 16 0
11782 498458759 32 0
6145 498464904 20 0
5652 498470556 16 0
5658 498476214 14 0
11818 498488032 23 0
6138 498494170 18 0
5646 498499816 19 0
5658 498505474 13 0
11801 498517275 30 0
6120 498523395 19 0
5657 498529052 22 0
5658 498534710 19 0
11769 498546479 38 0
6139 498552618 20 0
5658 498558276 12 0
5658 498563934 9 0
13195 498577129 40 0
6137 498583266 25 0
5652 498588918 15 0
5658 498594576 13 0
11806 498606382 38 0
9464 498615846 187 1
924372 499540218 15238 220
6433 499546651 48 0
18752 499565403 386 7
6675 499572078 42 0
6941 499579019 23 0
6656 499585675 31 0
14578 499600253 152 0
6128 499606381 31 0
2525058 2525058 52753 115
10736961 13262019 75226 1851
19237382 32499401 18822 1019
18844649 51344050 23555 1557
19209180 70553230 18592 1264
19690502 90243732 18475 871
19524149 109767881 18633 968
18639126 128407007 25572 1681
19090722 147497729 18826 1064
19866817 167364546 19379 868
19674867 187039413 21036 395
19561407 206600820 19790 1482
19669002 226269822 19295 1295
19699217 245969039 18893 786
18237252 264206291 25351 1153
19518580 283724871 20193 975
19300685 303025556 19453 1318
19731519 322757075 19202 1374
19864828 342621903 19579 1481
19727205 362349108 19789 1400
19764908 382114016 19574 1086
19640297 401754313 19355 1178
19801224 421555537 19176 913
19732282 441287819 19623 1115
19676263 460964082 19499 1248
19687510 480651592 20159 1779
12418376 493069968 29654 219
3332355 496402323 8061 6
5664 496407987 31 0
5657 496413644 17 0
6140 496419784 28 0
11764 496431548 45 0
5639 496437187 17 0
5668 496442855 15 0
6160 496449015 17 0
11798 496460813 31 0
5658 496466471 8 0
5652 496472123 17 0
6171 496478294 22 0
13188 496491482 116 0
5646 496497128 24 0
5651 496502779 12 0
6127 496508906 28 0
11790 496520696 28 0
5636 496526332 24 0
5646 496531978 16 0
6173 496538151 16 0
11757 496549908 52 0
5658 496555566 13 0
5658 496561224 9 0
6139 496567363 28 0
11790 496579153 42 0
5657 496584810 23 0
5647 496590457 26 0
6160 496596617 13 0
11797 496608414 44 0
5621 496614035 18 0
5651 496619686 18 0
6173 496625859 17 0
11764 496637623 44 0
5646 496643269 23 0
5644 496648913 23 0
6160 496655073 17 0
11802 496666875 30 0
5645 496672520 19 0
5644 496678164 29 0
6124 496684288 24 0
11784 496696072 29 0
5658 496701730 13 0
5653 496707383 16 0
6167 496713550 19 0
11786 496725336 35 0
5644 496730980 20 0
5622 496736602 19 0
6117 496742719 25 0
11764 496754483 33 0
5633 496760116 16 0
5646 496765762 12 0
6187 496771949 27 0
11796 496783745 21 0
5655 496789400 23 0
5643 496795043 24 0
6154 496801197 17 0
11812 496813009 36 0
5622 496818631 18 0
5658 496824289 9 0
6140 496830429 28 0
11788 496842217 29 0
5658 496847875 10 0
5644 496853519 21 0
6173 496859692 16 0
13173 496872865 48 0
5652 496878517 13 0
5658 496884175 8 0
6159 496890334 18 0
11779 496902113 24 0
5663 496907776 15 0
5658 496913434 13 0
6687 496920121 65 0
13116 496933237 91 0
6332 496939569 19 0
5649 496945218 12 0
6605 496951823 33 0
11796 496963619 29 0
6106 496969725 29 0
6118 496975843 35 0
6110 496981953 20 0
12232 496994185 31 0
15184 497009369 350 1
6084 497015453 52 0
6116 497021569 18 0
12197 497033766 50 0
6110 497039876 19 0
6094 497045970 25 0
6120 497052090 22 0
12245 497064335 29 0
6102 497070437 26 0
6078 497076515 28 0
6068 497082583 26 0
11776 497094359 34 0
6097 497100456 28 0
5645 497106101 18 0
11785 497117886 26 0
6123 497124009 24 0
5640 497129649 17 0
5640 497135289 24 0
11786 497147075 50 0
6164 497153239 16 0
5645 497158884 18 0
5658 497164542 12 0
11804 497176346 42 0
6138 497182484 14 0
5645 497188129 18 0
5654 497193783 25 0
11819 497205602 27 0
6138 497211740 18 0
5627 497217367 18 0
5660 497223027 31 0
11799 497234826 30 0
6102 497240928 24 0
5628 497246556 18 0
5652 497252208 16 0
13188 497265396 67 0
6138 497271534 16 0
5645 497277179 19 0
5640 497282819 22 0
11794 497294613 35 0
6151 497300764 15 0
5648 497306412 23 0
5646 497312058 24 0
11797 497323855 42 0
6138 497329993 15 0
5656 497335649 28 0
5658 497341307 9 0
11829 497353136 37 0
6145 497359281 15 0
5644 497364925 23 0
5658 497370583 20 0
11817 497382400 35 0
6144 497388544 23 0
5634 497394178 24 0
5658 497399836 11 0
11801 497411637 33 0
6138 497417775 13 0
5640 497423415 16 0
5658 497429073 8 0
11810 497440883 26 0
6120 497447003 22 0
5666 497452669 26 0
5658 497458327 5 0
11795 497470122 40 0
6131 497476253 26 0
5620 497481873 20 0
5652 497487525 15 0
11803 497499328 40 0
6114 497505442 26 0
5645 497511087 18 0
5652 497516739 15 0
11779 497528518 39 0
6164 497534682 17 0
5658 497540340 10 0
5652 497545992 14 0
11806 497557798 31 0
6120 497563918 26 0
5658 497569576 12 0
5652 497575228 15 0
11789 497587017 38 0
6132 497593149 21 0
5637 497598786 27 0
5658 497604444 10 0
11772 497616216 39 0
6131 497622347 23 0
5645 497627992 21 0
7026 497635018 46 0
11817 497646835 36 0
6138 497652973 16 0
5640 497658613 13 0
5649 497664262 24 0
11833 497676095 39 0
6126 497682221 20 0
5631 497687852 22 0
5667 497693519 23 0
11806 497705325 40 0
6138 497711463 17 0
5639 497717102 15 0
5652 497722754 14 0
11800 497734554 35 0
6138 497740692 15 0
5645 497746337 23 0
5648 497751985 27 0
11810 497763795 33 0
14345 497778140 259 9
5652 497783792 24 0
5658 497789450 10 0
11811 497801261 27 0
6138 497807399 15 0
5652 497813051 10 0
5652 497818703 14 0
11782 497830485 36 0
6138 497836623 16 0
6103 497842726 22 0
5639 497848365 17 0
11748 497860113 33 0
6149 497866262 31 0
5651 497871913 19 0
5648 497877561 27 0
11785 497889346 30 0
6114 497895460 21 0
5638 497901098 19 0
5645 497906743 17 0
11817 497918560 34 0
6138 497924698 17 0
5633 497930331 16 0
5650 497935981 25 0
11798 497947779 37 0
6138 497953917 14 0
5658 497959575 10 0
5658 497965233 9 0
11780 497977013 39 0
6138 497983151 15 0
5638 497988789 21 0
5651 497994440 18 0
11811 498006251 32 0
6151 498012402 14 0
6997 498019399 40 0
5667 498025066 32 0
12521 498037587 77 0
10178 498047765 215 0
6343 498054108 37 0
6300 498060408 29 0
12273 498072681 46 0
6138 498078819 21 0
5650 498084469 21 0
5655 498090124 24 0
11773 498101897 44 0
6122 498108019 24 0
5616 498113635 20 0
5634 498119269 21 0
11817 498131086 27 0
6138 498137224 14 0
5610 498142834 19 0
5658 498148492 11 0
11830 498160322 31 0
6138 498166460 17 0
5649 498172109 28 0
5640 498177749 15 0
11817 498189566 30 0
6117 498195683 31 0
5658 498201341 11 0
5651 498206992 19 0
11763 498218755 46 0
6138 498224893 20 0
5658 498230551 14 0
5628 498236179 21 0
11784 498247963 50 0
6138 498254101 23 0
5643 498259744 20 0
5658 498265402 10 0
11802 498277204 45 0
6138 498283342 18 0
5658 498289000 13 0
5663 498294663 20 0
11828 498306491 48 0
6131 498312622 30 0
5652 498318274 18 0
5657 498323931 16 0
11797 498335728 49 0
6151 498341879 18 0
5658 498347537 12 0
5658 498353195 8 0
11797 498364992 39 0
6138 498371130 16 0
5637 498376767 23 0
5643 498382410 25 0
11830 498394240 41 0
7508 498401748 38 0
5638 498407386 25 0
5634 498413020 17 0
11793 498424813 32 0
6132 498430945 22 0
5637 498436582 22 0
5657 498442239 25 0
11825 498454064 50 0
6132 498460196 20 0
5658 498465854 14 0
5658 498471512 9 0
11796 498483308 37 0
6145 498489453 21 0
5656 498495109 27 0
5647 498500756 26 0
11812 498512568 28 0
6132 498518700 18 0
5622 498524322 21 0
5645 498529967 19 0
11783 498541750 33 0
6138 498547888 17 0
5645 498553533 22 0
5610 498559143 19 0
11809 498570952 33 0
6151 498577103 16 0
5634 498582737 15 0
5645 498588382 17 0
11792 498600174 45 0
6138 498606312 18 0
5627 498611939 21 0
5658 498617597 15 0
11786 498629383 37 0
6117 498635500 31 0
5658 498641158 24 0
5658 498646816 13 0
15124 498661940 213 1
889792 499551732 14574 238
6850 499558582 641 0
6434 499565016 34 0
18276 499583292 383 6
6679 499589971 53 0
6718 499596689 22 0
6393 499603082 15 0
14609 499617691 169 1
4231672 4231672 81730 298
14404408 18636080 55857 2102
19561019 38197099 17453 1364
19039390 57236489 20635 959
19458242 76694731 21314 1230
19579528 96274259 19080 1042
19514530 115788789 18197 1182
18939106 134727895 24552 1628
19166359 153894254 18045 821
19707653 173601907 19979 876
19277198 192879105 19960 810
19654742 212533847 18905 1325
19671085 232204932 18671 953
19583600 251788532 19234 947
13252196 265040728 19206 870
3083538 268124266 3642 42
18865706 286989972 18971 1174
19535075 306525047 19411 1233
19687309 326212356 19033 1291
19817314 346029670 18983 1731
19543816 365573486 19191 1217
19791500 385364986 19423 1036
19583669 404948655 18462 1382
19738824 424687479 18767 694
19706264 444393743 18682 1159
19627427 464021170 19662 1628
19692289 483713459 19091 1581
10637955 494351414 27759 13
2372025 496723439 5679 7
13370 496736809 373 0
6423 496743232 25 0
6415 496749647 33 0
6732 496756379 24 0
13118 496769497 42 0
6424 496775921 26 0
6433 496782354 36 0
6757 496789111 18 0
13146 496802257 38 0
6425 496808682 20 0
6431 496815113 15 0
6702 496821815 26 0
13135 496834950 31 0
6400 496841350 23 0
6419 496847769 20 0
6757 496854526 20 0
13153 496867679 41 0
6431 496874110 18 0
6430 496880540 22 0
6737 496887277 28 0
13141 496900418 49 0
6431 496906849 11 0
6419 496913268 24 0
6880 496920148 42 0
13140 496933288 34 0
6425 496939713 18 0
6415 496946128 33 0
6715 496952843 29 0
13138 496965981 43 0
6554 496972535 26 0
6431 496978966 12 0
6708 496985674 22 0
14543 497000217 117 0
6407 497006624 25 0
6431 497013055 15 0
6708 497019763 29 0
13153 497032916 30 0
6417 497039333 28 0
6423 497045756 28 0
6757 497052513 17 0
13140 497065653 47 0
6424 497072077 24 0
6431 497078508 16 0
6732 497085240 24 0
13127 497098367 39 0
6400 497104767 26 0
6431 497111198 16 0
6870 497118068 28 0
13129 497131197 49 0
6412 497137609 27 0
6431 497144040 10 0
6732 497150772 21 0
13152 497163924 36 0
6399 497170323 22 0
6416 497176739 32 0
6744 497183483 21 0
13126 497196609 36 0
6431 497203040 16 0
6431 497209471 14 0
6757 497216228 23 0
13134 497229362 46 0
6431 497235793 12 0
6421 497242214 31 0
6744 497248958 21 0
13143 497262101 41 0
6399 497268500 26 0
6423 497274923 28 0
13163 497288086 45 0
6703 497294789 25 0
6418 497301207 26 0
6431 497307638 15 0
13391 497321029 77 0
6863 497327892 35 0
6508 497334400 20 0
6390 497340790 23 0
13253 497354043 32 0
6722 497360765 17 0
6687 497367452 29 0
6823 497374275 28 0
13354 497387629 45 0
6676 497394305 24 0
6668 497400973 28 0
6700 497407673 23 0
14766 497422439 65 0
6682 497429121 22 0
6693 497435814 28 0
6700 497442514 19 0
13392 497455906 45 0
6694 497462600 17 0
6694 497469294 32 0
6713 497476007 21 0
13130 497489137 44 0
6714 497495851 26 0
6700 497502551 18 0
6435 497508986 30 0
13152 497522138 31 0
6735 497528873 18 0
6395 497535268 19 0
6435 497541703 22 0
13175 497554878 27 0
6708 497561586 35 0
6424 497568010 23 0
6425 497574435 19 0
22197 497596632 368 1
6716 497603348 32 0
6427 497609775 29 0
6430 497616205 25 0
13153 497629358 40 0
6698 497636056 20 0
6438 497642494 35 0
6422 497648916 26 0
13178 497662094 44 0
6722 497668816 19 0
6413 497675229 21 0
6425 497681654 26 0
13167 497694821 36 0
6733 497701554 25 0
6437 497707991 34 0
6431 497714422 15 0
13131 497727553 37 0
6709 497734262 26 0
6431 497740693 9 0
6430 497747123 21 0
13167 497760290 38 0
6700 497766990 33 0
6424 497773414 18 0
6431 497779845 17 0
13144 497792989 53 0
6726 497799715 29 0
6595 497806310 35 0
6399 497812709 17 0
13175 497825884 32 0
6716 497832600 23 0
6794 497839394 43 0
6441 497845835 34 0
14524 497860359 55 0
6722 497867081 19 0
6427 497873508 25 0
6435 497879943 26 0
13173 497893116 44 0
6867 497899983 28 0
6413 497906396 13 0
6425 497912821 17 0
13175 497925996 39 0
6710 497932706 22 0
6430 497939136 22 0
6416 497945552 28 0
13172 497958724 43 0
6729 497965453 28 0
6418 497971871 18 0
6431 497978302 18 0
13164 497991466 48 0
6680 497998146 25 0
6578 498004724 34 0
6425 498011149 18 0
13170 498024319 50 0
6722 498031041 19 0
6413 498037454 18 0
6431 498043885 12 0
13146 498057031 45 0
6735 498063766 19 0
6418 498070184 21 0
6416 498076600 26 0
13173 498089773 43 0
6722 498096495 21 0
6395 498102890 23 0
6428 498109318 31 0
13150 498122468 40 0
6713 498129181 30 0
6431 498135612 18 0
6412 498142024 27 0
13150 498155174 38 0
6722 498161896 20 0
6398 498168294 24 0
6431 498174725 14 0
13187 498187912 44 0
6716 498194628 22 0
6400 498201028 25 0
6425 498207453 23 0
13156 498220609 35 0
6711 498227320 24 0
6425 498233745 14 0
6412 498240157 24 0
13138 498253295 38 0
6722 498260017 20 0
6424 498266441 20 0
7814 498274255 37 0
13201 498287456 33 0
6722 498294178 18 0
6431 498300609 15 0
6425 498307034 18 0
13176 498320210 44 0
6723 498326933 20 0
6416 498333349 25 0
6430 498339779 32 0
13164 498352943 45 0
6709 498359652 28 0
6419 498366071 16 0
6399 498372470 25 0
13166 498385636 48 0
6722 498392358 19 0
6418 498398776 20 0
6621 498405397 37 0
13167 498418564 33 0
6722 498425286 18 0
6401 498431687 20 0
6430 498438117 20 0
13182 498451299 30 0
6722 498458021 17 0
6409 498464430 23 0
6431 498470861 14 0
13161 498484022 37 0
6735 498490757 16 0
6398 498497155 25 0
6431 498503586 19 0
13167 498516753 49 0
6722 498523475 16 0
6431 498529906 15 0
6425 498536331 18 0
13175 498549506 36 0
6722 498556228 17 0
6424 498562652 23 0
6420 498569072 30 0
13147 498582219 42 0
6729 498588948 22 0
6389 498595337 22 0
6418 498601755 30 0
13142 498614897 35 0
6722 498621619 17 0
6418 498628037 19 0
6431 498634468 15 0
13170 498647638 27 0
6698 498654336 17 0
6413 498660749 17 0
6430 498667179 18 0
13160 498680339 46 0
6722 498687061 22 0
7789 498694850 41 0
6431 498701281 13 0
13162 498714443 43 0
6722 498721165 19 0
6427 498727592 28 0
6433 498734025 34 0
13161 498747186 42 0
6735 498753921 19 0
6418 498760339 19 0
6394 498766733 25 0
13175 498779908 35 0
6729 498786637 16 0
6410 498793047 47 0
6428 498799475 46 0
13311 498812786 51 0
6722 498819508 21 0
6431 498825939 14 0
6570 498832509 29 0
13131 498845640 41 0
6736 498852376 36 0
6431 498858807 16 0
6425 498865232 19 0
13168 498878400 37 0
6722 498885122 20 0
6409 498891531 23 0
6421 498897952 29 0
13181 498911133 39 0
6722 498917855 18 0
6434 498924289 29 0
6431 498930720 21 0
13296 498944016 47 0
6719 498950735 30 0
6431 498957166 18 0
6403 498963569 27 0
13146 498976715 48 0
6721 498983436 36 0
6418 498989854 29 0
6431 498996285 11 0
13175 499009460 39 0
6735 499016195 20 0
6400 499022595 24 0
6401 499028996 29 0
13309 499042305 40 0
6704 499049009 21 0
6564 499055573 30 0
6425 499061998 18 0
13118 499075116 45 0
6722 499081838 20 0
6413 499088251 18 0
6419 499094670 24 0
13175 499107845 25 0
8138 499115983 30 0
6418 499122401 21 0
6431 499128832 13 0
13153 499141985 42 0
6722 499148707 19 0
6419 499155126 22 0
6431 499161557 15 0
13192 499174749 37 0
6722 499181471 20 0
6588 499188059 33 0
6422 499194481 29 0
13276 499207757 53 0
6722 499214479 21 0
6431 499220910 15 0
6431 499227341 12 0
13157 499240498 50 0
6698 499247196 26 0
6424 499253620 24 0
895900 500149520 15016 263
14254 500163774 742 0
6875 500170649 36 0
12069 500182718 359 4
6872 500189590 39 0
13519 500203109 51 0
8413 500211522 146 1
6806 500218328 31 0
17944 500236272 434 1
3334107 3334107 63748 147
11102427 14436534 65936 2028
19446153 33882687 19051 855
19203427 53086114 20901 1537
19195751 72281865 21557 1214
19635072 91916937 20497 1009
19594472 111511409 18478 1283
19685151 131196560 18990 875
18669180 149865740 24771 1270
19605956 169471696 20275 979
19141185 188612881 19150 367
19631085 208243966 19256 1520
19580934 227824900 21665 1317
19650099 247474999 19977 853
18995166 266470165 24143 1088
19513615 285983780 18689 1237
19041389 305025169 19655 1048
19521537 324546706 19410 1374
19485933 344032639 19176 1755
19639673 363672312 18912 1278
19879896 383552208 18360 1008
19674086 403226294 19238 1185
19839994 423066288 18524 808
19795999 442862287 18627 1166
19718673 462580960 18799 1463
19670918 482251878 19748 1786
11369327 493621205 28321 47
2693016 496314221 6378 11
6116 496320337 25 0
11773 496332110 36 0
5660 496337770 28 0
5621 496343391 19 0
6142 496349533 19 0
11819 496361352 43 0
5658 496367010 12 0
5646 496372656 24 0
6160 496378816 17 0
11790 496390606 27 0
5651 496396257 15 0
5640 496401897 14 0
6166 496408063 27 0
11781 496419844 44 0
5650 496425494 21 0
5652 496431146 15 0
6141 496437287 21 0
11789 496449076 37 0
5622 496454698 16 0
5652 496460350 15 0
6118 496466468 21 0
11716 496478184 37 0
5625 496483809 22 0
5658 496489467 18 0
6163 496495630 30 0
11789 496507419 51 0
5658 496513077 11 0
5658 496518735 12 0
6156 496524891 31 0
11777 496536668 42 0
5648 496542316 24 0
5658 496547974 11 0
6131 496554105 23 0
11767 496565872 42 0
5658 496571530 13 0
5658 496577188 12 0
6150 496583338 29 0
11809 496595147 25 0
5643 496600790 22 0
5657 496606447 23 0
7519 496613966 100 0
11746 496625712 32 0
5652 496631364 11 0
5658 496637022 10 0
6148 496643170 21 0
11772 496654942 30 0
5640 496660582 19 0
5637 496666219 22 0
6118 496672337 20 0
11771 496684108 44 0
5658 496689766 10 0
5658 496695424 10 0
6133 496701557 23 0
11796 496713353 35 0
5616 496718969 19 0
5651 496724620 19 0
6186 496730806 17 0
11785 496742591 34 0
5640 496748231 26 0
5651 496753882 20 0
6160 496760042 14 0
11748 496771790 31 0
5658 496777448 12 0
5658 496783106 11 0
6173 496789279 21 0
11778 496801057 29 0
5658 496806715 14 0
5631 496812346 21 0
6160 496818506 17 0
12312 496830818 63 0
6330 496837148 37 0
5649 496842797 15 0
6686 496849483 21 0
14977 496864460 207 0
6107 496870567 42 0
5658 496876225 13 0
6132 496882357 22 0
12226 496894583 32 0
6074 496900657 21 0
6116 496906773 18 0
12220 496918993 35 0
6099 496925092 29 0
6084 496931176 31 0
6116 496937292 18 0
12199 496949491 45 0
6108 496955599 32 0
6116 496961715 19 0
6102 496967817 24 0
12227 496980044 49 0
6073 496986117 23 0
6104 496992221 21 0
7029 496999250 28 0
11772 497011022 28 0
6138 497017160 15 0
5640 497022800 23 0
5661 497028461 28 0
11800 497040261 29 0
6138 497046399 17 0
5640 497052039 17 0
5654 497057693 24 0
11800 497069493 34 0
6149 497075642 32 0
5651 497081293 19 0
5658 497086951 12 0
11815 497098766 38 0
6095 497104861 24 0
5645 497110506 21 0
5658 497116164 14 0
11845 497128009 30 0
6120 497134129 21 0
5650 497139779 18 0
5652 497145431 17 0
11791 497157222 46 0
6151 497163373 16 0
5658 497169031 16 0
5658 497174689 9 0
11799 497186488 46 0
6120 497192608 25 0
5620 497198228 22 0
5658 497203886 13 0
23214 497227100 429 2
6138 497233238 19 0
5657 497238895 30 0
5658 497244553 11 0
11797 497256350 32 0
6126 497262476 27 0
5655 497268131 17 0
5652 497273783 14 0
11816 497285599 32 0
6138 497291737 17 0
5621 497297358 20 0
5620 497302978 24 0
11791 497314769 46 0
6151 497320920 23 0
5662 497326582 31 0
5651 497332233 22 0
11818 497344051 26 0
6118 497350169 30 0
5633 497355802 16 0
5658 497361460 9 0
11831 497373291 30 0
7515 497380806 36 0
5626 497386432 24 0
5658 497392090 10 0
11814 497403904 41 0
6151 497410055 16 0
5648 497415703 26 0
5651 497421354 18 0
11802 497433156 43 0
6132 497439288 23 0
5640 497444928 19 0
5640 497450568 20 0
11800 497462368 36 0
6138 497468506 14 0
5658 497474164 22 0
5637 497479801 24 0
11797 497491598 37 0
6143 497497741 24 0
5643 497503384 23 0
5658 497509042 10 0
11834 497520876 40 0
6138 497527014 16 0
5652 497532666 15 0
5658 497538324 14 0
11807 497550131 39 0
6151 497556282 18 0
5647 497561929 26 0
5662 497567591 24 0
11786 497579377 47 0
6121 497585498 31 0
5658 497591156 10 0
5658 497596814 9 0
11790 497608604 45 0
6138 497614742 14 0
5658 497620400 12 0
5652 497626052 14 0
11784 497637836 44 0
6151 497643987 16 0
5651 497649638 19 0
5658 497655296 9 0
11833 497667129 49 0
6138 497673267 14 0
5657 497678924 19 0
5645 497684569 20 0
11793 497696362 34 0
6138 497702500 18 0
5621 497708121 22 0
5652 497713773 13 0
11780 497725553 33 0
6132 497731685 18 0
5568 497737253 13 0
5652 497742905 13 0
13152 497756057 61 0
6138 497762195 17 0
5655 497767850 28 0
5658 497773508 13 0
11810 497785318 44 0
6118 497791436 25 0
5658 497797094 11 0
5657 497802751 14 0
11769 497814520 40 0
6138 497820658 16 0
5659 497826317 28 0
5638 497831955 25 0
11810 497843765 56 0
6138 497849903 16 0
5655 497855558 24 0
5658 497861216 9 0
11828 497873044 43 0
6164 497879208 17 0
5658 497884866 12 0
5658 497890524 11 0
11769 497902293 37 0
6138 497908431 17 0
5640 497914071 18 0
5640 497919711 16 0
11806 497931517 30 0
6139 497937656 32 0
5627 497943283 22 0
5658 497948941 10 0
11800 497960741 44 0
6138 497966879 16 0
5640 497972519 15 0
5645 497978164 21 0
11771 497989935 32 0
6138 497996073 15 0
5640 498001713 25 0
5652 498007365 20 0
11810 498019175 41 0
6151 498025326 18 0
5630 498030956 23 0
5668 498036624 32 0
11811 498048435 39 0
6138 498054573 16 0
5634 498060207 20 0
5658 498065865 9 0
12719 498078584 99 1
6102 498084686 29 0
5641 498090327 20 0
5633 498095960 23 0
11812 498107772 33 0
6147 498113919 27 0
5652 498119571 23 0
5652 498125223 16 0
13189 498138412 44 0
6130 498144542 31 0
5658 498150200 15 0
5658 498155858 13 0
11819 498167677 35 0
6138 498173815 19 0
5658 498179473 14 0
5650 498185123 20 0
11746 498196869 43 0
6138 498203007 18 0
5650 498208657 20 0
5651 498214308 18 0
11804 498226112 54 0
6137 498232249 32 0
5658 498237907 17 0
5658 498243565 11 0
11791 498255356 40 0
6145 498261501 26 0
5645 498267146 18 0
5656 498272802 27 0
11809 498284611 41 0
6138 498290749 15 0
5634 498296383 16 0
5652 498302035 14 0
11765 498313800 31 0
6138 498319938 15 0
5648 498325586 26 0
5645 498331231 16 0
11811 498343042 28 0
6133 498349175 21 0
5610 498354785 18 0
5657 498360442 25 0
11825 498372267 45 0
6138 498378405 19 0
5667 498384072 27 0
5658 498389730 11 0
11809 498401539 40 0
6108 498407647 22 0
5657 498413304 18 0
5658 498418962 12 0
11815 498430777 42 0
6129 498436906 29 0
5658 498442564 12 0
5658 498448222 14 0
11794 498460016 42 0
6138 498466154 19 0
5621 498471775 22 0
5658 498477433 9 0
11806 498489239 24 0
6150 498495389 26 0
5639 498501028 18 0
7029 498508057 31 0
11805 498519862 46 0
6138 498526000 20 0
5651 498531651 17 0
5658 498537309 9 0
11782 498549091 37 0
685257 499234348 11968 274
210313 499444661 3371 26
6688 499451349 51 0
13089 499464438 80 0
11904 499476342 356 7
6668 499483010 43 0
6449 499489459 26 0
14671 499504130 161 0
6617 499510747 33 0
